<TICKER>,<PER>,<DATE>,<TIME>,<OPEN>,<HIGH>,<LOW>,<CLOSE>,<VOL>,<OPENINT>
AAPL.US,D,20180102,000000,179.77,180.31,175.02,175.56,8816149,0
AAPL.US,D,20180103,000000,175.28,175.73,173.60,173.82,10954402,0
AAPL.US,D,20180104,000000,173.19,173.31,171.31,172.12,4817682,0
AAPL.US,D,20180105,000000,171.77,174.85,171.59,173.89,4998609,0
AAPL.US,D,20180108,000000,173.57,173.87,172.99,173.38,5538308,0
AAPL.US,D,20180108,000000,173.80,177.84,171.77,175.47,7041009,0
AAPL.US,D,20180108,000000,175.86,177.47,175.27,176.98,9468381,0
AAPL.US,D,20180109,000000,176.28,179.65,176.17,178.97,11403129,0
AAPL.US,D,20180110,000000,178.25,179.52,176.27,176.97,10440366,0
AAPL.US,D,20180111,000000,177.96,178.00,177.38,177.65,7993850,0
AAPL.US,D,20180112,000000,177.99,178.03,172.91,174.49,9976110,0
AAPL.US,D,20180115,000000,172.56,177.86,171.24,176.18,10046257,0
AAPL.US,D,20180115,000000,176.92,177.57,174.20,174.87,8767107,0
AAPL.US,D,20180115,000000,173.00,175.54,172.70,175.33,11078307,0
AAPL.US,D,20180116,000000,174.96,175.00,170.51,170.62,9776736,0
AAPL.US,D,20180117,000000,170.69,172.48,161.90,164.03,10733354,0
AAPL.US,D,20180118,000000,163.75,164.45,163.66,163.99,11347947,0
AAPL.US,D,20180119,000000,164.40,165.21,162.63,162.74,5915618,0
AAPL.US,D,20180122,000000,163.56,166.05,162.34,165.24,8261649,0
AAPL.US,D,20180122,000000,165.63,168.56,165.52,167.65,11714903,0
AAPL.US,D,20180122,000000,167.16,168.02,164.69,165.64,6987364,0
AAPL.US,D,20180123,000000,165.65,166.28,163.56,163.69,8707520,0
AAPL.US,D,20180124,000000,164.06,164.11,163.95,163.97,8113248,0
AAPL.US,D,20180125,000000,162.34,169.80,161.23,167.97,5943977,0
AAPL.US,D,20180126,000000,169.15,169.39,168.09,168.56,10910693,0
AAPL.US,D,20180129,000000,168.32,170.59,167.40,170.40,4874152,0
AAPL.US,D,20180129,000000,170.88,177.96,170.40,174.96,4603079,0
AAPL.US,D,20180129,000000,176.48,176.85,167.02,167.16,4746102,0
AAPL.US,D,20180130,000000,166.00,166.88,162.70,164.20,5317096,0
AAPL.US,D,20180131,000000,166.24,166.49,162.65,164.29,9844042,0
AAPL.US,D,20180201,000000,163.43,163.51,157.37,157.94,9885897,0
AAPL.US,D,20180202,000000,159.41,159.70,159.31,159.44,4455036,0
AAPL.US,D,20180205,000000,159.84,159.98,158.85,159.09,11532769,0
AAPL.US,D,20180205,000000,159.52,159.88,156.32,157.15,6530958,0
AAPL.US,D,20180205,000000,156.82,164.33,155.40,162.34,7657796,0
AAPL.US,D,20180206,000000,164.12,164.65,157.72,158.05,8301075,0
AAPL.US,D,20180207,000000,157.78,158.01,157.65,158.00,7505476,0
AAPL.US,D,20180208,000000,160.02,160.95,156.93,157.18,8436818,0
AAPL.US,D,20180209,000000,157.83,158.45,155.70,156.47,5243583,0
AAPL.US,D,20180212,000000,155.51,160.33,154.38,159.05,6008970,0
AAPL.US,D,20180212,000000,157.57,159.32,157.40,158.39,5046557,0
AAPL.US,D,20180212,000000,156.59,158.47,156.49,158.11,11560407,0
AAPL.US,D,20180213,000000,159.24,159.98,155.63,156.01,4334630,0
AAPL.US,D,20180214,000000,156.30,163.85,154.90,162.16,9335467,0
AAPL.US,D,20180215,000000,164.10,165.65,161.91,165.64,5893898,0
AAPL.US,D,20180216,000000,166.16,173.50,163.27,171.45,10259091,0
AAPL.US,D,20180219,000000,171.37,175.24,170.29,174.20,7060333,0
AAPL.US,D,20180219,000000,175.02,176.74,173.69,175.30,10970584,0
AAPL.US,D,20180219,000000,174.51,184.71,173.41,181.15,6809169,0
AAPL.US,D,20180220,000000,181.69,182.56,180.63,180.86,6089721,0
AAPL.US,D,20180221,000000,181.92,182.96,174.89,177.15,7491151,0
AAPL.US,D,20180222,000000,177.60,177.82,176.96,177.05,8159362,0
AAPL.US,D,20180223,000000,178.42,178.87,170.84,172.80,11590995,0
AAPL.US,D,20180226,000000,172.53,173.05,170.04,170.60,9335143,0
AAPL.US,D,20180226,000000,170.03,175.61,169.17,174.84,9985076,0
AAPL.US,D,20180226,000000,173.26,179.23,172.32,178.74,10286070,0
AAPL.US,D,20180227,000000,177.40,177.84,176.99,177.03,11678656,0
AAPL.US,D,20180228,000000,176.74,177.16,171.95,172.53,11615997,0
AAPL.US,D,20180301,000000,172.71,177.90,172.17,175.19,8890191,0
AAPL.US,D,20180302,000000,176.12,176.34,170.13,171.78,7197222,0
AAPL.US,D,20180305,000000,173.36,177.80,172.28,175.96,5750729,0
AAPL.US,D,20180305,000000,174.59,174.99,170.33,170.67,5066712,0
AAPL.US,D,20180305,000000,169.90,171.58,169.44,171.56,10520052,0
AAPL.US,D,20180306,000000,172.49,173.40,167.20,169.31,7600558,0
AAPL.US,D,20180307,000000,169.01,170.35,162.64,162.84,7518980,0
AAPL.US,D,20180308,000000,161.79,162.20,160.24,160.58,7064282,0
AAPL.US,D,20180309,000000,159.82,162.85,159.76,162.49,10663129,0
AAPL.US,D,20180312,000000,162.65,166.62,162.09,165.71,7815837,0
AAPL.US,D,20180312,000000,164.14,165.33,163.54,164.79,9877072,0
AAPL.US,D,20180312,000000,163.97,165.20,157.69,157.85,9350988,0
AAPL.US,D,20180313,000000,159.10,161.49,152.18,152.62,11255430,0
AAPL.US,D,20180314,000000,153.43,153.76,149.72,150.28,6081250,0
AAPL.US,D,20180315,000000,149.39,153.76,146.49,152.98,7372518,0
AAPL.US,D,20180316,000000,152.98,153.43,149.92,150.13,4548946,0
AAPL.US,D,20180319,000000,150.79,150.95,149.55,149.93,5908359,0
AAPL.US,D,20180319,000000,150.84,150.84,149.86,150.19,8847141,0
AAPL.US,D,20180319,000000,150.30,150.52,148.21,149.03,11431097,0
AAPL.US,D,20180320,000000,147.65,147.96,144.97,146.34,10644573,0
AAPL.US,D,20180321,000000,145.95,151.71,143.77,150.52,8527460,0
AAPL.US,D,20180322,000000,150.33,151.58,150.29,151.53,7360469,0
AAPL.US,D,20180323,000000,150.37,152.35,150.27,151.75,5409095,0
AAPL.US,D,20180326,000000,150.55,151.44,149.98,151.30,10605876,0
AAPL.US,D,20180326,000000,151.35,151.49,149.13,150.29,10003810,0
AAPL.US,D,20180326,000000,149.97,150.15,148.72,149.22,6838599,0
AAPL.US,D,20180327,000000,148.35,151.76,148.08,150.64,5528451,0
AAPL.US,D,20180328,000000,150.27,153.57,150.16,152.45,7585396,0
AAPL.US,D,20180329,000000,152.08,152.81,151.91,152.66,8427783,0
AAPL.US,D,20180330,000000,152.28,157.92,152.05,156.77,5844304,0
AAPL.US,D,20180402,000000,156.72,156.86,155.03,155.56,9908837,0
AAPL.US,D,20180402,000000,155.60,158.91,155.47,157.39,6369971,0
AAPL.US,D,20180402,000000,157.34,158.32,157.32,158.21,6337093,0
AAPL.US,D,20180403,000000,158.21,158.40,157.41,157.43,7829713,0
AAPL.US,D,20180404,000000,157.42,160.38,157.24,160.06,7933972,0
AAPL.US,D,20180405,000000,160.31,160.43,159.47,159.53,5985527,0
AAPL.US,D,20180406,000000,159.25,159.28,159.19,159.26,11268035,0
AAPL.US,D,20180409,000000,158.98,161.40,158.69,160.31,4793868,0
AAPL.US,D,20180409,000000,160.30,160.32,158.68,159.17,5252260,0
AAPL.US,D,20180409,000000,159.11,159.91,158.99,159.86,10876853,0
AAPL.US,D,20180410,000000,159.82,160.80,159.57,160.21,5582553,0
AAPL.US,D,20180411,000000,160.38,160.86,160.34,160.80,10341028,0
AAPL.US,D,20180412,000000,161.03,161.24,159.93,159.99,7220068,0
AAPL.US,D,20180413,000000,159.69,161.58,159.38,161.01,8829709,0
AAPL.US,D,20180416,000000,160.73,161.24,160.70,161.17,10118083,0
AAPL.US,D,20180416,000000,161.18,161.57,159.69,159.76,6225252,0
AAPL.US,D,20180416,000000,160.24,160.72,159.62,159.76,6568466,0
AAPL.US,D,20180417,000000,159.25,160.67,158.96,160.41,10083998,0
AAPL.US,D,20180418,000000,160.40,160.68,160.13,160.62,10599417,0
AAPL.US,D,20180419,000000,160.38,160.86,160.36,160.69,7987944,0
AAPL.US,D,20180420,000000,160.65,161.14,160.25,161.00,7877694,0
AAPL.US,D,20180423,000000,161.41,161.80,161.33,161.75,7263925,0
AAPL.US,D,20180423,000000,163.38,168.05,162.79,167.39,11461224,0
AAPL.US,D,20180423,000000,166.52,173.85,166.28,171.84,5157135,0
AAPL.US,D,20180424,000000,171.82,178.16,171.11,175.87,10835299,0
AAPL.US,D,20180425,000000,175.86,180.62,174.17,180.23,8639387,0
AAPL.US,D,20180426,000000,179.39,180.06,174.11,175.88,7017680,0
AAPL.US,D,20180427,000000,176.58,177.58,171.92,173.28,7286200,0
AAPL.US,D,20180430,000000,174.03,178.02,173.95,176.38,9216152,0
AAPL.US,D,20180430,000000,178.32,184.53,177.61,183.92,10760315,0
AAPL.US,D,20180430,000000,184.65,192.34,182.71,189.58,4598625,0
AAPL.US,D,20180501,000000,188.59,189.23,185.58,186.11,9394859,0
AAPL.US,D,20180502,000000,184.55,185.28,184.21,184.29,8939675,0
AAPL.US,D,20180503,000000,184.11,194.57,182.06,189.75,10082957,0
AAPL.US,D,20180504,000000,190.21,190.80,188.02,188.18,4448953,0
AAPL.US,D,20180507,000000,188.22,191.34,187.70,190.99,5400554,0
AAPL.US,D,20180507,000000,190.54,190.93,188.74,189.08,9103237,0
AAPL.US,D,20180507,000000,189.77,190.17,189.49,190.07,4590895,0
AAPL.US,D,20180508,000000,189.22,189.80,184.28,186.48,6416973,0
AAPL.US,D,20180509,000000,187.47,187.71,186.04,186.49,9594232,0
AAPL.US,D,20180510,000000,186.34,188.39,185.90,187.81,11788822,0
AAPL.US,D,20180511,000000,189.60,189.87,180.44,182.97,10415455,0
AAPL.US,D,20180514,000000,182.96,186.88,180.53,186.48,5094233,0
AAPL.US,D,20180514,000000,189.54,192.19,189.42,191.33,5051294,0
AAPL.US,D,20180514,000000,190.22,190.50,186.50,188.30,6926860,0
AAPL.US,D,20180515,000000,190.34,194.17,186.18,188.28,6361131,0
AAPL.US,D,20180516,000000,187.53,187.56,178.09,179.80,9410589,0
AAPL.US,D,20180517,000000,181.11,182.77,172.86,174.45,6115668,0
AAPL.US,D,20180518,000000,174.44,180.61,173.17,178.57,6971789,0
AAPL.US,D,20180521,000000,175.40,176.40,169.69,172.53,9181219,0
AAPL.US,D,20180521,000000,171.79,172.14,167.39,167.87,4297697,0
AAPL.US,D,20180521,000000,168.07,168.61,167.14,167.83,11595046,0
AAPL.US,D,20180522,000000,165.58,166.99,159.58,161.43,10669544,0
AAPL.US,D,20180523,000000,161.04,161.50,150.78,154.11,5888901,0
AAPL.US,D,20180524,000000,152.41,163.35,151.67,162.49,6207051,0
AAPL.US,D,20180525,000000,162.78,163.02,158.66,160.15,11768746,0
AAPL.US,D,20180528,000000,162.84,163.00,160.79,161.62,8433662,0
AAPL.US,D,20180528,000000,161.88,162.43,153.89,157.26,6218198,0
AAPL.US,D,20180528,000000,154.43,156.82,153.80,155.68,5054425,0
AAPL.US,D,20180529,000000,155.45,162.73,154.68,162.62,7367684,0
AAPL.US,D,20180530,000000,161.18,164.90,160.74,163.92,5772398,0
AAPL.US,D,20180531,000000,165.77,166.61,154.89,158.62,4249205,0
AAPL.US,D,20180601,000000,157.92,158.65,157.66,158.56,11194134,0
AAPL.US,D,20180604,000000,160.14,162.90,159.52,161.33,7047235,0
AAPL.US,D,20180604,000000,159.66,159.68,158.71,158.84,9237703,0
AAPL.US,D,20180604,000000,159.99,161.27,152.45,154.07,10619353,0
AAPL.US,D,20180605,000000,153.58,158.97,150.03,158.80,9494568,0
AAPL.US,D,20180606,000000,160.15,160.16,158.51,159.18,5040923,0
AAPL.US,D,20180607,000000,156.84,169.17,154.85,164.43,11529038,0
AAPL.US,D,20180608,000000,165.64,170.10,165.22,169.84,8059300,0
AAPL.US,D,20180611,000000,170.74,176.09,170.51,175.17,6228545,0
AAPL.US,D,20180611,000000,172.41,184.79,170.18,181.30,8453918,0
AAPL.US,D,20180611,000000,181.16,181.44,173.29,176.14,11372300,0
AAPL.US,D,20180612,000000,177.59,180.82,176.99,178.88,11774482,0
AAPL.US,D,20180613,000000,177.53,183.85,176.45,182.79,6595063,0
AAPL.US,D,20180614,000000,183.61,183.62,179.25,179.74,4652652,0
AAPL.US,D,20180615,000000,178.31,182.37,177.02,181.95,6761382,0
AAPL.US,D,20180618,000000,179.99,188.94,178.63,188.16,11875565,0
AAPL.US,D,20180618,000000,191.46,191.51,188.85,189.76,4959874,0
AAPL.US,D,20180618,000000,191.41,191.55,188.23,189.91,9344385,0
AAPL.US,D,20180619,000000,189.81,195.95,189.64,194.95,6504485,0
AAPL.US,D,20180620,000000,193.99,201.27,192.36,197.66,5374985,0
AAPL.US,D,20180621,000000,196.96,197.36,195.08,195.33,7485412,0
AAPL.US,D,20180622,000000,197.51,197.78,194.60,196.88,4611035,0
AAPL.US,D,20180625,000000,197.98,201.44,184.30,191.35,9163543,0
AAPL.US,D,20180625,000000,191.31,194.85,190.15,193.64,4602826,0
AAPL.US,D,20180625,000000,191.14,191.47,190.60,190.87,11056385,0
AAPL.US,D,20180626,000000,188.80,190.39,172.11,177.50,7751368,0
AAPL.US,D,20180627,000000,176.33,177.64,169.99,170.98,4300857,0
AAPL.US,D,20180628,000000,168.63,177.27,167.16,173.81,7075859,0
AAPL.US,D,20180629,000000,173.79,174.94,168.00,169.11,5505915,0
AAPL.US,D,20180702,000000,170.22,170.81,164.40,166.59,11859084,0
AAPL.US,D,20180702,000000,168.36,170.12,168.34,169.46,8878443,0
AAPL.US,D,20180702,000000,168.10,175.71,167.55,175.32,9047092,0
AAPL.US,D,20180703,000000,174.37,178.02,172.73,177.99,11715280,0
AAPL.US,D,20180704,000000,179.26,179.80,176.43,176.89,9248437,0
AAPL.US,D,20180705,000000,176.79,177.30,175.20,175.50,6627812,0
AAPL.US,D,20180706,000000,178.94,179.79,178.82,179.50,9363648,0
AAPL.US,D,20180709,000000,178.56,180.90,177.12,179.50,5536041,0
AAPL.US,D,20180709,000000,178.94,180.95,178.89,179.54,9909152,0
AAPL.US,D,20180709,000000,180.50,180.81,178.45,178.78,5446767,0
AAPL.US,D,20180710,000000,179.98,181.18,174.31,174.82,9756685,0
AAPL.US,D,20180711,000000,174.84,174.90,173.09,173.95,11724773,0
AAPL.US,D,20180712,000000,174.51,176.59,164.89,166.37,10155508,0
AAPL.US,D,20180713,000000,165.83,166.17,160.76,162.32,10984015,0
AAPL.US,D,20180716,000000,160.49,164.30,158.99,163.74,4997422,0
AAPL.US,D,20180716,000000,162.38,165.17,162.13,164.96,11284039,0
AAPL.US,D,20180716,000000,166.17,167.74,155.05,156.85,7089328,0
AAPL.US,D,20180717,000000,156.61,158.54,156.14,158.38,5168394,0
AAPL.US,D,20180718,000000,155.59,161.19,154.18,161.07,8922786,0
AAPL.US,D,20180719,000000,161.26,161.81,160.22,160.54,7386038,0
AAPL.US,D,20180720,000000,161.37,162.42,154.94,156.82,4502457,0
AAPL.US,D,20180723,000000,154.66,155.77,150.74,151.59,6330175,0
AAPL.US,D,20180723,000000,150.66,151.98,150.29,151.67,6884830,0
AAPL.US,D,20180723,000000,152.13,154.47,149.18,149.63,4348275,0
AAPL.US,D,20180724,000000,149.61,154.30,149.24,153.08,9256835,0
AAPL.US,D,20180725,000000,153.12,158.82,152.21,157.80,9142364,0
AAPL.US,D,20180726,000000,159.93,160.41,147.89,149.49,9728360,0
AAPL.US,D,20180727,000000,150.45,151.31,147.82,148.95,6480607,0
AAPL.US,D,20180730,000000,148.50,156.07,147.62,155.07,10897108,0
AAPL.US,D,20180730,000000,154.59,160.23,153.91,157.79,7517893,0
AAPL.US,D,20180730,000000,158.97,160.75,153.25,156.20,6133765,0
AAPL.US,D,20180731,000000,150.15,161.30,147.98,159.79,4820783,0
AAPL.US,D,20180801,000000,156.70,166.50,154.83,164.88,7577037,0
AAPL.US,D,20180802,000000,163.20,166.81,143.24,149.74,4458864,0
AAPL.US,D,20180803,000000,146.66,146.74,144.03,144.22,10789354,0
AAPL.US,D,20180806,000000,145.11,146.04,136.82,138.63,11595736,0
AAPL.US,D,20180806,000000,137.05,139.68,136.96,139.32,5101560,0
AAPL.US,D,20180806,000000,138.56,145.14,138.32,142.97,8141962,0
AAPL.US,D,20180807,000000,143.40,143.79,138.88,141.48,9551845,0
AAPL.US,D,20180808,000000,141.94,142.14,140.90,141.47,11978099,0
AAPL.US,D,20180809,000000,144.26,145.43,119.45,126.21,6322898,0
AAPL.US,D,20180810,000000,125.56,130.37,124.23,129.34,5793932,0
AAPL.US,D,20180813,000000,129.52,130.31,126.92,128.35,7739246,0
AAPL.US,D,20180813,000000,128.86,129.27,127.56,128.02,7829320,0
AAPL.US,D,20180813,000000,127.19,131.56,126.84,131.32,7726665,0
AAPL.US,D,20180814,000000,132.41,133.80,129.73,131.01,5032263,0
AAPL.US,D,20180815,000000,131.98,132.14,130.15,130.83,11477902,0
AAPL.US,D,20180816,000000,129.48,146.84,128.53,144.22,11650813,0
AAPL.US,D,20180817,000000,143.62,155.19,141.56,152.67,8645172,0
AAPL.US,D,20180820,000000,154.14,161.53,153.92,160.88,10910249,0
AAPL.US,D,20180820,000000,161.11,171.18,158.10,170.05,8944867,0
AAPL.US,D,20180820,000000,166.41,174.23,165.14,173.58,10458794,0
AAPL.US,D,20180821,000000,173.00,181.32,172.07,178.92,6721540,0
AAPL.US,D,20180822,000000,175.39,198.89,170.24,193.62,10085319,0
AAPL.US,D,20180823,000000,193.70,194.02,193.06,193.22,4404842,0
AAPL.US,D,20180824,000000,186.06,189.10,184.63,186.07,11470012,0
AAPL.US,D,20180827,000000,191.57,202.17,176.20,179.56,7978962,0
AAPL.US,D,20180827,000000,177.38,185.78,177.10,185.06,6250850,0
AAPL.US,D,20180827,000000,183.92,185.20,174.02,174.12,5071479,0
AAPL.US,D,20180828,000000,173.42,186.80,172.58,183.00,6900190,0
AAPL.US,D,20180829,000000,179.50,195.15,175.84,192.34,8888345,0
AAPL.US,D,20180830,000000,185.98,201.25,184.58,195.74,5154138,0
AAPL.US,D,20180831,000000,196.57,197.17,185.72,189.59,8154661,0
AAPL.US,D,20180903,000000,194.17,210.00,190.13,207.21,8932003,0
AAPL.US,D,20180903,000000,203.07,205.41,194.03,194.25,7799140,0
AAPL.US,D,20180903,000000,196.95,197.76,192.16,195.34,10976792,0
AAPL.US,D,20180904,000000,194.88,199.56,183.45,184.70,5820345,0
AAPL.US,D,20180905,000000,179.62,189.09,177.63,188.63,10573290,0
AAPL.US,D,20180906,000000,187.97,208.32,186.59,202.96,7303680,0
AAPL.US,D,20180907,000000,199.86,222.40,194.35,216.51,9646201,0
AAPL.US,D,20180910,000000,220.69,222.85,211.55,214.73,7677308,0
AAPL.US,D,20180910,000000,211.59,214.17,208.14,211.77,6114897,0
AAPL.US,D,20180910,000000,211.29,220.25,209.79,214.39,10169394,0
AAPL.US,D,20180911,000000,210.87,216.05,196.19,199.30,9773315,0
AAPL.US,D,20180912,000000,193.50,215.79,191.18,211.33,10184514,0
AAPL.US,D,20180913,000000,212.51,214.42,212.27,213.72,9978707,0
AAPL.US,D,20180914,000000,213.19,233.26,210.70,232.75,9927127,0
AAPL.US,D,20180917,000000,234.76,236.50,234.40,236.44,6642348,0
AAPL.US,D,20180917,000000,241.87,243.40,238.98,239.30,9223142,0
AAPL.US,D,20180917,000000,235.96,236.46,227.45,230.58,4473300,0
AAPL.US,D,20180918,000000,231.18,232.01,213.07,214.77,11371767,0
AAPL.US,D,20180919,000000,215.48,226.17,212.82,223.77,5490493,0
AAPL.US,D,20180920,000000,223.56,225.29,195.45,203.70,11427638,0
AAPL.US,D,20180921,000000,201.67,213.87,200.66,212.07,8033701,0
AAPL.US,D,20180924,000000,209.93,235.49,203.58,228.40,4112673,0
AAPL.US,D,20180924,000000,227.54,238.71,225.62,235.26,7243922,0
AAPL.US,D,20180924,000000,234.23,241.05,234.08,239.01,11486603,0
AAPL.US,D,20180925,000000,236.76,240.25,235.83,239.48,8583018,0
AAPL.US,D,20180926,000000,239.87,251.87,239.45,249.01,9488588,0
AAPL.US,D,20180927,000000,249.66,255.87,226.91,237.99,6940351,0
AAPL.US,D,20180928,000000,234.36,274.70,233.93,265.46,9615525,0
AAPL.US,D,20181001,000000,267.82,268.39,242.48,253.99,8766515,0
AAPL.US,D,20181001,000000,250.43,251.49,238.02,238.93,10630192,0
AAPL.US,D,20181001,000000,236.79,237.23,233.41,234.27,9442361,0
AAPL.US,D,20181002,000000,237.39,239.42,219.74,220.85,7323396,0
AAPL.US,D,20181003,000000,219.57,220.79,215.30,215.56,4024123,0
AAPL.US,D,20181004,000000,211.24,220.83,211.02,219.59,11153747,0
AAPL.US,D,20181005,000000,219.10,219.86,217.25,218.54,9834315,0
AAPL.US,D,20181008,000000,221.46,223.04,214.71,216.07,4641999,0
AAPL.US,D,20181008,000000,220.95,229.92,198.13,210.54,7144469,0
AAPL.US,D,20181008,000000,213.80,246.33,212.86,235.94,9752751,0
AAPL.US,D,20181009,000000,236.53,243.64,235.10,242.20,11001665,0
AAPL.US,D,20181010,000000,239.04,242.41,236.47,238.62,5925330,0
AAPL.US,D,20181011,000000,232.44,249.51,230.51,246.72,4353893,0
AAPL.US,D,20181012,000000,246.92,265.18,237.53,253.54,5873292,0
AAPL.US,D,20181015,000000,246.46,247.03,241.53,243.40,11010066,0
AAPL.US,D,20181015,000000,240.21,243.55,239.76,241.76,9881696,0
AAPL.US,D,20181015,000000,240.39,268.54,234.83,262.91,7049237,0
AAPL.US,D,20181016,000000,259.46,259.87,257.72,259.12,5927745,0
AAPL.US,D,20181017,000000,262.46,301.04,259.87,290.78,7332062,0
AAPL.US,D,20181018,000000,290.63,292.74,285.85,287.57,6968619,0
AAPL.US,D,20181019,000000,292.10,292.72,280.06,280.79,4582274,0
AAPL.US,D,20181022,000000,279.17,281.81,245.52,260.49,6425504,0
AAPL.US,D,20181022,000000,263.28,263.42,244.65,254.81,11315530,0
AAPL.US,D,20181022,000000,252.20,253.79,228.24,233.16,7730003,0
AAPL.US,D,20181023,000000,227.92,233.02,222.38,224.04,9779308,0
AAPL.US,D,20181024,000000,225.01,231.68,209.93,212.89,9930019,0
AAPL.US,D,20181025,000000,207.64,215.23,206.12,214.57,5840149,0
AAPL.US,D,20181026,000000,206.04,213.10,203.35,210.63,7908968,0
AAPL.US,D,20181029,000000,204.89,205.96,188.87,191.02,8372370,0
AAPL.US,D,20181029,000000,199.54,220.86,198.73,212.83,4594643,0
AAPL.US,D,20181029,000000,214.90,215.20,208.76,209.23,5208237,0
AAPL.US,D,20181030,000000,214.22,230.13,212.09,222.87,9274274,0
AAPL.US,D,20181031,000000,222.22,224.81,221.48,224.61,6293508,0
AAPL.US,D,20181101,000000,216.01,228.71,209.94,224.37,8195083,0
AAPL.US,D,20181102,000000,224.31,243.82,222.37,242.97,11674382,0
AAPL.US,D,20181105,000000,241.81,246.26,241.12,245.71,11933397,0
AAPL.US,D,20181105,000000,242.27,244.72,242.08,242.84,9622761,0
AAPL.US,D,20181105,000000,240.39,274.79,238.70,257.14,11158329,0
AAPL.US,D,20181106,000000,263.16,265.89,249.73,251.55,11393274,0
AAPL.US,D,20181107,000000,249.73,259.00,248.33,253.55,7730298,0
AAPL.US,D,20181108,000000,257.13,258.23,254.67,255.37,16793061,0
AAPL.US,D,20181109,000000,260.47,262.11,255.50,257.92,10902189,0
AAPL.US,D,20181112,000000,263.77,265.00,261.16,262.76,19585607,0
AAPL.US,D,20181112,000000,257.61,271.88,256.57,267.59,14960946,0
AAPL.US,D,20181112,000000,266.53,276.76,265.59,273.92,12515555,0
AAPL.US,D,20181113,000000,277.01,284.99,271.26,277.94,8832727,0
AAPL.US,D,20181114,000000,272.01,285.59,271.19,283.96,15930432,0
AAPL.US,D,20181115,000000,283.35,294.76,282.58,289.63,23220247,0
AAPL.US,D,20181116,000000,288.42,297.56,286.30,297.18,10334957,0
AAPL.US,D,20181119,000000,305.89,312.11,301.41,302.49,18362997,0
AAPL.US,D,20181119,000000,307.63,309.38,307.33,309.09,23006015,0
AAPL.US,D,20181119,000000,302.53,319.65,297.57,316.79,16969502,0
AAPL.US,D,20181120,000000,313.36,338.05,303.94,325.26,22790655,0
AAPL.US,D,20181121,000000,320.56,334.47,318.34,333.02,23098815,0
AAPL.US,D,20181122,000000,336.35,342.40,333.83,341.24,10624295,0
AAPL.US,D,20181123,000000,338.56,351.70,337.06,348.96,16760268,0
AAPL.US,D,20181126,000000,342.69,369.75,338.68,358.23,17957880,0
AAPL.US,D,20181126,000000,346.83,380.78,342.22,366.20,23293877,0
AAPL.US,D,20181126,000000,357.20,384.74,347.65,373.88,9979160,0
AAPL.US,D,20181127,000000,376.74,382.83,376.49,381.06,11421829,0
AAPL.US,D,20181128,000000,379.61,393.62,379.56,388.45,11242108,0
AAPL.US,D,20181129,000000,378.35,403.06,377.03,397.37,12894164,0
AAPL.US,D,20181130,000000,394.86,413.51,393.67,407.28,8500717,0
AAPL.US,D,20181203,000000,391.60,427.23,387.04,417.56,16057069,0
AAPL.US,D,20181203,000000,414.36,431.25,411.12,428.04,22767945,0
AAPL.US,D,20181203,000000,428.35,441.16,427.11,438.28,20972372,0
AAPL.US,D,20181204,000000,435.02,453.01,431.50,446.94,20317404,0
AAPL.US,D,20181205,000000,451.93,459.95,450.21,457.30,25349519,0
AAPL.US,D,20181206,000000,447.24,467.86,443.32,465.39,13984175,0
AAPL.US,D,20181207,000000,472.35,479.21,468.16,476.80,33681420,0
AAPL.US,D,20181210,000000,480.19,495.53,472.89,490.96,27761367,0
AAPL.US,D,20181210,000000,491.53,512.41,488.24,505.22,25652642,0
AAPL.US,D,20181210,000000,510.98,521.11,507.55,519.58,14347254,0
AAPL.US,D,20181211,000000,507.83,549.92,499.21,538.41,21500889,0
AAPL.US,D,20181212,000000,522.87,555.54,514.49,554.75,19799822,0
AAPL.US,D,20181213,000000,548.93,574.44,548.07,572.98,16435524,0
AAPL.US,D,20181214,000000,569.09,588.34,568.62,584.54,10888389,0
AAPL.US,D,20181217,000000,577.76,587.63,548.50,557.41,8560594,0
AAPL.US,D,20181217,000000,554.96,582.89,511.83,517.80,11619178,0
AAPL.US,D,20181217,000000,516.10,522.42,455.37,455.38,4474287,0
AAPL.US,D,20181218,000000,466.08,467.99,446.27,449.29,5980437,0
AAPL.US,D,20181219,000000,443.03,473.64,438.81,463.27,4604130,0
AAPL.US,D,20181220,000000,450.83,487.22,445.01,475.30,7637565,0
AAPL.US,D,20181221,000000,476.01,489.69,411.53,443.73,9078724,0
AAPL.US,D,20181224,000000,430.60,431.61,425.91,428.77,7957719,0
AAPL.US,D,20181224,000000,433.75,434.33,414.73,420.69,11153237,0
AAPL.US,D,20181224,000000,418.76,428.00,411.18,421.27,5263868,0
AAPL.US,D,20181225,000000,426.60,455.60,305.52,357.90,6414924,0
AAPL.US,D,20181226,000000,350.38,389.00,340.30,382.84,9191289,0
AAPL.US,D,20181227,000000,385.40,420.70,383.41,408.18,4761469,0
AAPL.US,D,20181228,000000,410.58,412.02,409.75,410.13,6748593,0
AAPL.US,D,20181231,000000,418.54,447.99,418.26,439.85,10447654,0
AAPL.US,D,20181231,000000,443.74,461.73,441.11,457.06,9132609,0
AAPL.US,D,20181231,000000,454.87,456.46,451.41,453.55,5704443,0
AAPL.US,D,20190101,000000,438.62,458.16,436.59,453.10,5120105,0
AAPL.US,D,20190102,000000,461.25,487.97,460.20,480.99,9156964,0
AAPL.US,D,20190103,000000,491.08,492.92,480.73,481.48,10776560,0
AAPL.US,D,20190104,000000,477.94,496.13,473.04,493.50,10270412,0
AAPL.US,D,20190107,000000,487.89,501.55,486.98,498.87,11109796,0
AAPL.US,D,20190107,000000,499.43,531.76,496.16,523.74,8370849,0
AAPL.US,D,20190107,000000,531.71,537.96,531.39,537.86,5725943,0
AAPL.US,D,20190108,000000,528.55,608.03,522.42,596.67,7388601,0
AAPL.US,D,20190109,000000,603.65,604.94,558.73,563.76,11367398,0
AAPL.US,D,20190110,000000,563.01,588.01,562.42,579.32,9145236,0
AAPL.US,D,20190111,000000,587.09,588.24,568.50,569.14,4927892,0
AAPL.US,D,20190114,000000,567.30,571.25,561.72,562.05,5097694,0
AAPL.US,D,20190114,000000,562.75,607.18,559.91,594.80,6974955,0
AAPL.US,D,20190114,000000,577.27,597.57,574.59,594.83,7434596,0
AAPL.US,D,20190115,000000,593.85,595.61,558.87,573.25,4443512,0
AAPL.US,D,20190116,000000,569.45,595.48,563.05,583.76,4922668,0
AAPL.US,D,20190117,000000,583.19,583.83,582.84,583.76,11361812,0
AAPL.US,D,20190118,000000,602.22,617.46,599.95,613.32,5796122,0
AAPL.US,D,20190121,000000,630.98,640.27,610.35,614.09,9386605,0
AAPL.US,D,20190121,000000,615.91,632.02,609.28,631.84,10928257,0
AAPL.US,D,20190121,000000,624.55,639.78,621.78,635.58,10276057,0
AAPL.US,D,20190122,000000,629.02,653.09,617.99,634.28,9859706,0
AAPL.US,D,20190123,000000,629.75,654.36,560.09,584.31,9087534,0
AAPL.US,D,20190124,000000,583.24,586.68,578.97,583.11,6460085,0
AAPL.US,D,20190125,000000,606.60,614.62,600.54,605.87,6238602,0
AAPL.US,D,20190128,000000,607.62,633.67,602.78,626.61,9983195,0
AAPL.US,D,20190128,000000,621.48,626.83,592.77,595.94,9299551,0
AAPL.US,D,20190128,000000,601.05,628.34,592.25,611.91,6610012,0
AAPL.US,D,20190129,000000,613.84,614.99,590.41,590.96,4845262,0
AAPL.US,D,20190130,000000,593.29,597.90,565.99,567.49,7706772,0
AAPL.US,D,20190131,000000,564.75,577.72,563.70,574.45,5720166,0
AAPL.US,D,20190201,000000,571.12,598.86,570.10,583.38,6390725,0
AAPL.US,D,20190204,000000,579.08,596.42,570.71,590.26,4757802,0
AAPL.US,D,20190204,000000,598.37,628.99,597.50,626.66,5585064,0
AAPL.US,D,20190204,000000,633.64,635.06,569.08,594.48,4599897,0
AAPL.US,D,20190205,000000,594.39,622.62,585.06,610.16,10471097,0
AAPL.US,D,20190206,000000,622.80,666.18,605.71,653.76,7969011,0
AAPL.US,D,20190207,000000,659.71,675.80,629.64,632.00,5189051,0
AAPL.US,D,20190208,000000,624.23,630.21,594.33,602.42,4701772,0
AAPL.US,D,20190211,000000,607.91,619.14,582.08,582.28,8349253,0
AAPL.US,D,20190211,000000,583.33,621.11,582.21,610.71,8525208,0
AAPL.US,D,20190211,000000,617.00,618.58,581.40,600.69,6247461,0
AAPL.US,D,20190212,000000,591.43,623.09,591.00,612.72,5982856,0
AAPL.US,D,20190213,000000,624.04,628.94,613.95,614.95,8605536,0
AAPL.US,D,20190214,000000,614.05,667.23,609.46,642.40,6544034,0
AAPL.US,D,20190215,000000,633.99,647.03,629.99,640.43,5136818,0
AAPL.US,D,20190218,000000,634.78,753.52,625.54,696.56,4303709,0
AAPL.US,D,20190218,000000,701.28,741.83,693.54,739.39,10451563,0
AAPL.US,D,20190218,000000,745.29,756.92,722.11,726.93,9637570,0
AAPL.US,D,20190219,000000,731.12,739.54,724.20,738.38,9297116,0
AAPL.US,D,20190220,000000,732.98,756.35,706.82,708.51,9114127,0
AAPL.US,D,20190221,000000,709.26,718.59,665.70,677.68,6854604,0
AAPL.US,D,20190222,000000,662.09,669.76,645.56,647.32,4014383,0
AAPL.US,D,20190225,000000,635.32,639.92,632.12,635.00,6545735,0
AAPL.US,D,20190225,000000,623.01,654.11,617.22,650.62,4622453,0
AAPL.US,D,20190225,000000,657.53,676.82,625.04,634.71,9834287,0
AAPL.US,D,20190226,000000,635.86,638.54,629.74,632.55,9763308,0
AAPL.US,D,20190227,000000,635.54,667.92,622.30,664.65,6809849,0
AAPL.US,D,20190228,000000,678.25,694.67,618.55,619.26,7610299,0
AAPL.US,D,20190301,000000,616.95,622.34,614.52,621.84,11103450,0
AAPL.US,D,20190304,000000,625.03,641.86,611.42,628.63,11145809,0
AAPL.US,D,20190304,000000,617.85,622.94,617.00,618.20,6648756,0
AAPL.US,D,20190304,000000,616.48,670.60,595.25,653.60,6379205,0
AAPL.US,D,20190305,000000,659.78,688.35,659.05,683.65,4701026,0
AAPL.US,D,20190306,000000,669.35,708.44,665.78,707.66,11816461,0
AAPL.US,D,20190307,000000,708.67,714.43,682.74,687.60,9134931,0
AAPL.US,D,20190308,000000,695.01,698.98,644.67,658.80,6107206,0
AAPL.US,D,20190311,000000,646.17,705.52,632.61,684.58,10465441,0
AAPL.US,D,20190311,000000,695.19,700.14,606.27,625.77,11725021,0
AAPL.US,D,20190311,000000,600.83,602.27,589.17,591.19,10831518,0
AAPL.US,D,20190312,000000,594.35,641.64,586.64,638.82,11594038,0
AAPL.US,D,20190313,000000,648.11,661.22,542.14,545.55,4626948,0
AAPL.US,D,20190314,000000,539.16,539.91,534.55,536.14,9816824,0
AAPL.US,D,20190315,000000,532.12,545.15,527.73,541.31,11337295,0
AAPL.US,D,20190318,000000,542.50,612.69,536.06,592.35,8532751,0
AAPL.US,D,20190318,000000,578.31,582.46,503.35,510.61,10939802,0
AAPL.US,D,20190318,000000,498.13,580.73,486.14,555.08,5377597,0
AAPL.US,D,20190319,000000,562.63,571.87,494.56,519.13,9524110,0
AAPL.US,D,20190320,000000,522.35,561.93,516.37,552.70,6487594,0
AAPL.US,D,20190321,000000,535.57,644.63,533.86,590.49,9949789,0
AAPL.US,D,20190322,000000,580.58,603.12,577.20,595.63,11307462,0
AAPL.US,D,20190325,000000,603.04,604.31,526.65,558.30,4524935,0
AAPL.US,D,20190325,000000,547.31,551.03,546.65,548.90,11001444,0
AAPL.US,D,20190325,000000,552.48,552.95,551.96,552.83,6946815,0
AAPL.US,D,20190326,000000,555.32,564.27,515.41,516.53,7568827,0
AAPL.US,D,20190327,000000,513.53,561.19,508.82,556.10,10646961,0
AAPL.US,D,20190328,000000,557.55,571.26,556.47,563.76,5770808,0
AAPL.US,D,20190329,000000,571.35,574.60,559.28,567.86,9457597,0
AAPL.US,D,20190401,000000,568.78,579.75,546.88,549.20,11544039,0
AAPL.US,D,20190401,000000,532.68,542.21,531.42,536.18,5745672,0
AAPL.US,D,20190401,000000,547.96,555.61,475.23,522.94,11731883,0
AAPL.US,D,20190402,000000,512.00,552.14,507.84,545.98,6690269,0
AAPL.US,D,20190403,000000,554.87,560.03,533.66,541.11,5506880,0
AAPL.US,D,20190404,000000,540.32,547.77,510.74,516.82,6556685,0
AAPL.US,D,20190405,000000,518.43,521.43,515.75,521.36,9893856,0
AAPL.US,D,20190408,000000,506.67,519.43,428.33,436.26,9106508,0
AAPL.US,D,20190408,000000,438.86,447.46,365.90,379.76,8465984,0
AAPL.US,D,20190408,000000,386.91,391.66,363.98,373.11,11575387,0
AAPL.US,D,20190409,000000,367.71,404.47,363.17,397.86,11094748,0
AAPL.US,D,20190410,000000,404.11,404.82,365.33,377.96,8642504,0
AAPL.US,D,20190411,000000,373.06,374.40,358.59,360.78,7304858,0
AAPL.US,D,20190412,000000,358.39,368.68,350.44,368.43,11893194,0
AAPL.US,D,20190415,000000,377.58,394.58,372.67,392.70,6507312,0
AAPL.US,D,20190415,000000,395.38,429.07,392.69,416.18,10281687,0
AAPL.US,D,20190415,000000,412.46,420.89,408.81,418.60,4037353,0
AAPL.US,D,20190416,000000,416.09,424.02,378.90,379.86,4143329,0
AAPL.US,D,20190417,000000,380.13,437.50,378.80,414.60,8026691,0
AAPL.US,D,20190418,000000,417.04,421.59,400.16,411.68,8192941,0
AAPL.US,D,20190419,000000,416.08,447.75,346.91,378.70,5319068,0
AAPL.US,D,20190422,000000,372.07,413.40,365.51,412.17,4175306,0
AAPL.US,D,20190422,000000,412.07,417.95,394.87,400.06,10169997,0
AAPL.US,D,20190422,000000,393.34,393.95,376.14,377.19,4926318,0
AAPL.US,D,20190423,000000,378.37,382.16,364.96,366.49,4074436,0
AAPL.US,D,20190424,000000,367.99,368.93,354.81,357.33,11188975,0
AAPL.US,D,20190425,000000,356.68,367.95,314.18,327.68,10223671,0
AAPL.US,D,20190426,000000,313.81,364.83,307.59,353.73,11282853,0
AAPL.US,D,20190429,000000,346.73,346.81,343.92,344.25,8593222,0
AAPL.US,D,20190429,000000,344.84,349.04,285.70,291.52,9154694,0
AAPL.US,D,20190429,000000,295.30,298.44,234.72,246.34,10817989,0
AAPL.US,D,20190430,000000,251.02,251.94,225.73,233.44,4077378,0
AAPL.US,D,20190501,000000,237.41,252.11,235.39,244.66,9864543,0
AAPL.US,D,20190502,000000,247.12,249.13,228.45,236.75,9519219,0
AAPL.US,D,20190503,000000,237.28,238.55,218.82,224.04,11852553,0
AAPL.US,D,20190506,000000,222.62,229.20,220.56,227.27,8890585,0
AAPL.US,D,20190506,000000,222.34,237.94,221.37,230.36,7864637,0
AAPL.US,D,20190506,000000,230.89,231.58,206.03,206.73,10946658,0
AAPL.US,D,20190507,000000,205.95,208.24,180.69,190.25,8152797,0
AAPL.US,D,20190508,000000,186.73,187.78,182.01,185.50,9131235,0
AAPL.US,D,20190509,000000,189.54,198.28,184.53,195.49,8044540,0
AAPL.US,D,20190510,000000,196.13,200.60,182.83,184.62,6225257,0
AAPL.US,D,20190513,000000,184.47,188.98,167.88,172.95,8584279,0
AAPL.US,D,20190513,000000,174.59,191.31,174.57,181.84,7227517,0
AAPL.US,D,20190513,000000,182.62,200.05,178.63,193.26,11120887,0
AAPL.US,D,20190514,000000,191.64,192.41,176.27,180.22,10754539,0
AAPL.US,D,20190515,000000,183.99,187.03,169.63,173.14,4779496,0
AAPL.US,D,20190516,000000,173.00,173.84,172.43,172.87,6991122,0
AAPL.US,D,20190517,000000,176.03,186.74,175.86,186.27,6034314,0
AAPL.US,D,20190520,000000,187.45,188.02,187.33,187.70,6703468,0
AAPL.US,D,20190520,000000,186.95,189.49,185.46,187.85,7659103,0
AAPL.US,D,20190520,000000,186.21,186.24,178.99,179.23,7462483,0
AAPL.US,D,20190521,000000,176.52,182.61,163.12,164.05,10521953,0
AAPL.US,D,20190522,000000,165.90,173.58,164.57,172.16,8871949,0
AAPL.US,D,20190523,000000,170.67,170.99,169.88,170.32,5105440,0
AAPL.US,D,20190524,000000,167.48,167.99,153.54,157.76,9894549,0
AAPL.US,D,20190527,000000,157.28,158.95,151.80,153.23,5061373,0
AAPL.US,D,20190527,000000,148.42,150.01,147.92,149.19,10086200,0
AAPL.US,D,20190527,000000,148.35,149.46,139.51,142.42,8271222,0
AAPL.US,D,20190528,000000,141.38,146.11,141.10,146.04,4452838,0
AAPL.US,D,20190529,000000,148.64,148.86,144.67,145.14,10274859,0
AAPL.US,D,20190530,000000,146.94,147.40,146.55,146.96,8495079,0
AAPL.US,D,20190531,000000,149.00,149.47,147.68,148.09,9543488,0
AAPL.US,D,20190603,000000,148.47,154.11,147.01,152.23,4430417,0
AAPL.US,D,20190603,000000,151.47,153.57,151.03,152.16,9070307,0
AAPL.US,D,20190603,000000,151.09,152.00,150.79,151.26,5547981,0
AAPL.US,D,20190604,000000,152.43,156.51,139.40,139.65,4325073,0
AAPL.US,D,20190605,000000,140.53,141.63,138.01,139.13,11499955,0
AAPL.US,D,20190606,000000,139.79,150.77,136.92,147.65,6409238,0
AAPL.US,D,20190607,000000,146.31,149.88,143.80,148.82,8164850,0
AAPL.US,D,20190610,000000,148.21,149.56,147.52,149.32,9306675,0
AAPL.US,D,20190610,000000,150.21,150.65,145.72,147.70,10017070,0
AAPL.US,D,20190610,000000,147.21,147.40,145.89,146.54,5950617,0
AAPL.US,D,20190611,000000,147.09,156.95,146.04,153.71,9791804,0
AAPL.US,D,20190612,000000,153.92,160.03,152.83,158.35,6371471,0
AAPL.US,D,20190613,000000,157.50,157.58,155.39,156.36,8265646,0
AAPL.US,D,20190614,000000,155.79,156.01,154.07,154.55,5644636,0
AAPL.US,D,20190617,000000,152.80,159.35,152.64,157.74,9488348,0
AAPL.US,D,20190617,000000,157.97,162.93,157.60,162.78,4563536,0
AAPL.US,D,20190617,000000,160.69,167.46,159.67,166.18,7116014,0
AAPL.US,D,20190618,000000,166.26,166.55,166.26,166.51,10786009,0
AAPL.US,D,20190619,000000,167.52,168.81,163.00,163.84,11413527,0
AAPL.US,D,20190620,000000,165.14,165.29,158.53,159.18,10374163,0
AAPL.US,D,20190621,000000,158.40,161.81,156.91,161.10,10937111,0
AAPL.US,D,20190624,000000,159.07,159.25,155.73,156.08,8581748,0
AAPL.US,D,20190624,000000,156.86,157.21,152.69,152.82,5693895,0
AAPL.US,D,20190624,000000,151.92,158.22,151.24,157.33,4916980,0
AAPL.US,D,20190625,000000,156.41,156.73,154.64,155.71,9157396,0
AAPL.US,D,20190626,000000,156.23,159.86,154.92,159.26,6857106,0
AAPL.US,D,20190627,000000,158.81,158.84,158.44,158.49,6626768,0
AAPL.US,D,20190628,000000,157.46,157.91,155.76,156.33,5349116,0
AAPL.US,D,20190701,000000,157.24,157.92,154.97,155.09,9436641,0
AAPL.US,D,20190701,000000,155.73,156.14,153.41,153.92,9164412,0
AAPL.US,D,20190701,000000,154.18,156.77,153.93,155.46,9012951,0
AAPL.US,D,20190702,000000,153.81,155.39,153.61,154.71,10153602,0
AAPL.US,D,20190703,000000,154.89,154.96,154.81,154.88,5189063,0
AAPL.US,D,20190704,000000,155.73,157.01,149.95,151.39,4724432,0
AAPL.US,D,20190705,000000,151.47,151.72,150.98,151.20,10057648,0
AAPL.US,D,20190708,000000,151.51,152.39,151.36,152.09,9856035,0
AAPL.US,D,20190708,000000,152.02,152.87,152.01,152.70,9348684,0
AAPL.US,D,20190708,000000,152.56,154.34,148.08,148.47,9188197,0
AAPL.US,D,20190709,000000,149.57,154.10,149.51,153.32,8561281,0
AAPL.US,D,20190710,000000,153.72,154.51,151.26,151.97,11781392,0
AAPL.US,D,20190711,000000,152.60,152.70,152.26,152.36,4052781,0
AAPL.US,D,20190712,000000,152.04,154.12,152.01,153.55,5258858,0
AAPL.US,D,20190715,000000,152.79,155.30,152.42,155.00,14102753,0
AAPL.US,D,20190715,000000,153.86,157.51,153.57,157.01,13004465,0
AAPL.US,D,20190715,000000,158.62,161.06,158.50,159.42,20105439,0
AAPL.US,D,20190716,000000,156.78,162.58,155.56,162.11,14260025,0
AAPL.US,D,20190717,000000,163.31,166.28,161.86,166.04,15534475,0
AAPL.US,D,20190718,000000,165.05,171.33,164.86,170.39,16578689,0
AAPL.US,D,20190719,000000,171.42,174.80,169.41,173.33,18754719,0
AAPL.US,D,20190722,000000,172.56,181.58,172.48,177.21,25727886,0
AAPL.US,D,20190722,000000,174.02,181.48,172.14,180.51,26951478,0
AAPL.US,D,20190722,000000,182.89,185.66,181.88,183.97,14772668,0
AAPL.US,D,20190723,000000,185.90,187.24,185.79,186.65,10322218,0
AAPL.US,D,20190724,000000,186.37,191.28,185.99,190.50,12897874,0
AAPL.US,D,20190725,000000,190.35,199.93,189.31,196.33,32976602,0
AAPL.US,D,20190726,000000,195.60,203.12,191.56,200.77,24729258,0
AAPL.US,D,20190729,000000,203.15,206.90,202.44,205.74,30524493,0
AAPL.US,D,20190729,000000,205.56,212.67,205.40,210.27,21900027,0
AAPL.US,D,20190729,000000,211.25,216.32,210.87,215.54,19438764,0
AAPL.US,D,20190730,000000,211.11,226.06,209.36,222.23,14670079,0
AAPL.US,D,20190731,000000,221.89,232.05,219.19,229.09,27650899,0
AAPL.US,D,20190801,000000,228.83,238.66,226.76,235.34,41318085,0
AAPL.US,D,20190802,000000,236.47,244.39,235.30,241.60,4122932,0
AAPL.US,D,20190805,000000,235.50,236.63,233.70,235.55,6779800,0
AAPL.US,D,20190805,000000,233.77,238.88,233.63,238.18,5400278,0
AAPL.US,D,20190805,000000,238.04,238.09,222.37,226.55,6061547,0
AAPL.US,D,20190806,000000,225.41,228.54,207.40,210.97,5946186,0
AAPL.US,D,20190807,000000,214.82,220.93,199.40,202.92,6062558,0
AAPL.US,D,20190808,000000,205.79,210.23,191.02,192.41,6824770,0
AAPL.US,D,20190809,000000,191.66,193.38,177.20,181.41,6735943,0
AAPL.US,D,20190812,000000,180.96,181.57,176.37,177.18,9969250,0
AAPL.US,D,20190812,000000,176.61,182.38,176.57,181.31,5833660,0
AAPL.US,D,20190812,000000,177.67,194.58,176.80,188.51,11646237,0
AAPL.US,D,20190813,000000,188.52,191.28,186.48,187.65,6523335,0
AAPL.US,D,20190814,000000,184.89,201.99,182.41,200.05,8089069,0
AAPL.US,D,20190815,000000,202.62,205.72,177.55,188.64,4260501,0
AAPL.US,D,20190816,000000,192.79,195.96,175.14,178.98,6525210,0
AAPL.US,D,20190819,000000,179.18,192.84,175.65,191.54,5497219,0
AAPL.US,D,20190819,000000,193.80,194.13,190.07,190.96,7352743,0
AAPL.US,D,20190819,000000,188.14,192.55,184.44,191.13,9488095,0
AAPL.US,D,20190820,000000,186.98,201.44,185.99,197.08,10400299,0
AAPL.US,D,20190821,000000,193.86,196.49,191.76,196.35,9045215,0
AAPL.US,D,20190822,000000,195.79,195.94,187.09,187.79,4791798,0
AAPL.US,D,20190823,000000,189.50,192.44,188.95,191.28,6078152,0
AAPL.US,D,20190826,000000,194.26,196.46,180.01,183.07,9436686,0
AAPL.US,D,20190826,000000,180.68,182.97,170.16,172.92,6600722,0
AAPL.US,D,20190826,000000,172.61,173.07,152.59,156.99,11652755,0
AAPL.US,D,20190827,000000,154.40,166.90,152.17,164.94,11256584,0
AAPL.US,D,20190828,000000,166.04,174.98,165.50,171.74,7163642,0
AAPL.US,D,20190829,000000,168.93,186.52,164.55,182.75,5338544,0
AAPL.US,D,20190830,000000,181.67,186.49,181.62,185.54,5684571,0
AAPL.US,D,20190902,000000,186.21,186.90,178.78,182.62,8191862,0
AAPL.US,D,20190902,000000,182.59,187.01,181.64,186.56,5834847,0
AAPL.US,D,20190902,000000,183.85,187.37,183.71,185.90,6854729,0
AAPL.US,D,20190903,000000,183.33,203.61,177.44,200.45,5080919,0
AAPL.US,D,20190904,000000,199.39,213.79,199.35,210.98,7479818,0
AAPL.US,D,20190905,000000,208.56,209.59,204.17,204.32,6462945,0
AAPL.US,D,20190906,000000,205.09,205.25,200.12,200.20,6294097,0
AAPL.US,D,20190909,000000,199.40,199.70,185.52,188.31,10383718,0
AAPL.US,D,20190909,000000,185.82,186.28,173.60,176.43,5999168,0
AAPL.US,D,20190909,000000,173.31,174.52,172.81,174.14,8132880,0
AAPL.US,D,20190910,000000,171.18,178.99,170.12,177.37,6150576,0
AAPL.US,D,20190911,000000,178.13,178.61,177.82,178.45,9603780,0
AAPL.US,D,20190912,000000,178.55,183.86,162.15,171.94,6256916,0
AAPL.US,D,20190913,000000,173.60,177.56,172.84,177.53,7361944,0
AAPL.US,D,20190916,000000,174.92,182.44,174.23,179.54,10004556,0
AAPL.US,D,20190916,000000,180.98,184.67,179.92,183.25,6000635,0
AAPL.US,D,20190916,000000,183.53,183.93,177.45,182.29,5977297,0
AAPL.US,D,20190917,000000,182.22,189.28,181.78,188.43,7112983,0
AAPL.US,D,20190918,000000,186.86,220.40,186.63,209.53,4977132,0
AAPL.US,D,20190919,000000,209.82,210.30,197.60,201.41,5887726,0
AAPL.US,D,20190920,000000,201.59,202.36,199.57,200.10,11750679,0
AAPL.US,D,20190923,000000,198.18,199.30,188.37,188.68,7999353,0
AAPL.US,D,20190923,000000,186.72,187.19,184.05,185.94,5231347,0
AAPL.US,D,20190923,000000,185.69,185.78,179.64,182.35,6778541,0
AAPL.US,D,20190924,000000,180.06,192.44,179.69,191.84,4315908,0
AAPL.US,D,20190925,000000,189.04,189.68,188.01,189.27,6589447,0
AAPL.US,D,20190926,000000,190.13,194.99,170.80,174.95,7595073,0
AAPL.US,D,20190927,000000,172.54,180.51,168.62,178.73,11063458,0
AAPL.US,D,20190930,000000,177.32,178.03,169.49,173.74,10552397,0
AAPL.US,D,20190930,000000,176.86,178.12,176.81,177.90,6576192,0
AAPL.US,D,20190930,000000,179.88,190.67,179.52,187.48,4856441,0
AAPL.US,D,20191001,000000,188.08,188.94,187.29,188.29,8722407,0
AAPL.US,D,20191002,000000,188.83,194.29,187.46,194.04,11427229,0
AAPL.US,D,20191003,000000,191.55,200.91,191.38,198.78,10576212,0
AAPL.US,D,20191004,000000,197.99,200.83,197.80,199.56,4623482,0
AAPL.US,D,20191007,000000,202.09,202.33,201.04,201.44,9255012,0
AAPL.US,D,20191007,000000,199.15,200.83,185.06,185.29,8612509,0
AAPL.US,D,20191007,000000,182.74,182.86,180.65,180.95,8037542,0
AAPL.US,D,20191008,000000,179.23,181.21,174.97,177.22,11974802,0
AAPL.US,D,20191009,000000,175.89,183.43,175.38,180.26,8365009,0
AAPL.US,D,20191010,000000,181.74,182.96,170.66,175.36,4001565,0
AAPL.US,D,20191011,000000,175.66,179.99,175.55,179.89,11875155,0
AAPL.US,D,20191014,000000,181.36,181.95,180.65,181.02,8090171,0
AAPL.US,D,20191014,000000,180.18,181.09,174.15,175.11,11117002,0
AAPL.US,D,20191014,000000,176.30,176.83,174.74,175.15,4617612,0
AAPL.US,D,20191015,000000,176.69,176.99,171.05,172.58,4762912,0
AAPL.US,D,20191016,000000,172.30,172.52,171.72,171.87,6675117,0
AAPL.US,D,20191017,000000,171.09,174.95,170.90,174.66,10795825,0
AAPL.US,D,20191018,000000,174.10,178.93,173.27,178.58,8519303,0
AAPL.US,D,20191021,000000,179.83,180.99,172.65,176.42,10022721,0
AAPL.US,D,20191021,000000,176.24,176.73,174.75,175.29,7806837,0
AAPL.US,D,20191021,000000,174.07,175.59,173.71,175.21,10096263,0
AAPL.US,D,20191022,000000,175.29,175.94,169.06,172.96,8193982,0
AAPL.US,D,20191023,000000,173.66,174.00,172.77,173.11,7308656,0
AAPL.US,D,20191024,000000,173.53,174.21,171.83,171.90,6797731,0
AAPL.US,D,20191025,000000,170.60,175.02,170.03,174.02,9482873,0
AAPL.US,D,20191028,000000,175.06,177.17,175.02,176.38,5181416,0
AAPL.US,D,20191028,000000,174.79,179.26,173.18,178.39,9982520,0
AAPL.US,D,20191028,000000,177.62,180.53,175.85,179.80,14868771,0
AAPL.US,D,20191029,000000,178.58,185.31,178.28,184.20,16098722,0
AAPL.US,D,20191030,000000,183.99,190.02,183.03,187.78,8621005,0
AAPL.US,D,20191031,000000,184.21,199.80,183.98,193.16,20930456,0
AAPL.US,D,20191101,000000,193.77,198.07,193.67,197.48,22239132,0
AAPL.US,D,20191104,000000,197.47,203.24,196.49,202.60,13128974,0
AAPL.US,D,20191104,000000,203.36,207.96,201.12,206.87,24681609,0
AAPL.US,D,20191104,000000,205.67,213.98,203.54,211.25,18187336,0
AAPL.US,D,20191105,000000,209.20,217.10,208.17,215.72,17602773,0
AAPL.US,D,20191106,000000,212.60,222.67,211.32,222.07,22906254,0
AAPL.US,D,20191107,000000,224.54,226.16,224.36,225.42,11356280,0
AAPL.US,D,20191108,000000,227.47,231.39,227.03,230.89,16969157,0
AAPL.US,D,20191111,000000,235.69,237.97,235.66,236.46,14759302,0
AAPL.US,D,20191111,000000,240.69,244.24,240.15,243.21,24319273,0
AAPL.US,D,20191111,000000,245.84,257.65,242.16,252.03,15669279,0
AAPL.US,D,20191112,000000,253.26,267.40,250.24,260.41,33692101,0
AAPL.US,D,20191113,000000,258.32,269.84,256.12,267.92,27215628,0
AAPL.US,D,20191114,000000,270.80,274.32,268.88,273.84,33228606,0
AAPL.US,D,20191115,000000,272.07,286.33,271.74,284.33,15731438,0
AAPL.US,D,20191118,000000,286.34,304.13,284.79,294.55,14314679,0
AAPL.US,D,20191118,000000,294.00,310.87,293.43,305.52,18176907,0
AAPL.US,D,20191118,000000,302.63,331.71,300.74,319.50,16532342,0
AAPL.US,D,20191119,000000,312.83,323.36,312.06,319.53,6587687,0
AAPL.US,D,20191120,000000,326.09,326.90,320.71,321.81,6592598,0
AAPL.US,D,20191121,000000,324.92,332.12,299.20,306.17,9072579,0
AAPL.US,D,20191122,000000,304.68,320.19,302.49,316.33,8402767,0
AAPL.US,D,20191125,000000,312.18,320.73,310.54,318.63,5156858,0
AAPL.US,D,20191125,000000,316.29,318.24,313.60,314.33,5445568,0
AAPL.US,D,20191125,000000,321.81,328.78,291.46,292.26,7989137,0
AAPL.US,D,20191126,000000,289.35,291.13,270.37,274.54,7535002,0
AAPL.US,D,20191127,000000,276.87,278.58,271.02,273.71,5661100,0
AAPL.US,D,20191128,000000,272.44,281.00,271.99,277.79,8826283,0
AAPL.US,D,20191129,000000,287.49,289.05,279.01,282.75,9287396,0
AAPL.US,D,20191202,000000,273.28,273.29,262.81,266.56,4286720,0
AAPL.US,D,20191202,000000,272.08,272.55,242.31,255.72,4519406,0
AAPL.US,D,20191202,000000,257.71,258.28,256.34,256.86,5672407,0
AAPL.US,D,20191203,000000,261.36,263.58,260.98,262.65,8838224,0
AAPL.US,D,20191204,000000,255.96,256.25,236.07,243.22,8985953,0
AAPL.US,D,20191205,000000,237.18,237.81,235.65,235.66,11069309,0
AAPL.US,D,20191206,000000,236.30,252.08,235.34,245.69,9899747,0
AAPL.US,D,20191209,000000,244.68,268.90,239.06,262.81,5698703,0
AAPL.US,D,20191209,000000,262.77,264.18,240.78,247.26,10136260,0
AAPL.US,D,20191209,000000,243.32,263.91,241.77,254.83,5552124,0
AAPL.US,D,20191210,000000,250.20,252.64,227.25,228.08,5243090,0
AAPL.US,D,20191211,000000,231.10,235.46,228.37,233.71,4448178,0
AAPL.US,D,20191212,000000,231.87,234.35,231.67,231.87,6653754,0
AAPL.US,D,20191213,000000,233.70,235.04,218.31,221.44,7001926,0
AAPL.US,D,20191216,000000,219.77,221.03,219.20,220.07,6466251,0
AAPL.US,D,20191216,000000,219.88,222.09,203.07,206.29,10635659,0
AAPL.US,D,20191216,000000,207.66,221.33,207.19,218.35,4740832,0
AAPL.US,D,20191217,000000,219.82,220.29,216.60,217.70,10991032,0
AAPL.US,D,20191218,000000,217.87,229.83,217.59,226.07,11941762,0
AAPL.US,D,20191219,000000,221.28,231.65,219.63,228.87,4352239,0
AAPL.US,D,20191220,000000,225.36,232.16,202.74,210.47,9964437,0
AAPL.US,D,20191223,000000,209.02,213.64,207.93,213.11,8258206,0
AAPL.US,D,20191223,000000,212.83,220.20,186.96,196.64,8477006,0
AAPL.US,D,20191223,000000,194.21,210.71,192.72,204.72,8592663,0
AAPL.US,D,20191224,000000,208.02,214.04,207.87,213.37,11226339,0
AAPL.US,D,20191225,000000,216.50,217.82,214.96,217.15,9035765,0
AAPL.US,D,20191226,000000,215.12,216.70,197.81,204.82,10474398,0
AAPL.US,D,20191227,000000,205.26,227.51,201.12,218.12,9588795,0
AAPL.US,D,20191230,000000,213.87,239.15,212.09,224.83,5149773,0
AAPL.US,D,20191230,000000,223.06,224.35,217.10,218.20,10886332,0
AAPL.US,D,20191230,000000,220.02,239.94,219.33,232.19,6258058,0
AAPL.US,D,20191231,000000,227.90,247.80,226.08,247.17,8449198,0
AAPL.US,D,20200101,000000,241.22,253.05,239.11,252.82,5272162,0
AAPL.US,D,20200102,000000,254.68,261.12,249.04,253.50,8537689,0
AAPL.US,D,20200103,000000,256.64,273.83,248.35,273.00,10693985,0
AAPL.US,D,20200106,000000,271.96,292.65,270.84,287.95,7246349,0
AAPL.US,D,20200106,000000,280.18,282.35,266.87,273.03,4491857,0
AAPL.US,D,20200106,000000,265.90,285.92,258.88,281.75,9287051,0
AAPL.US,D,20200107,000000,277.78,288.08,272.33,285.74,6397882,0
AAPL.US,D,20200108,000000,296.02,299.96,232.73,261.53,11922314,0
AAPL.US,D,20200109,000000,253.00,253.10,251.34,251.55,11208605,0
AAPL.US,D,20200110,000000,240.60,254.90,238.72,251.48,4249477,0
AAPL.US,D,20200113,000000,246.96,264.29,244.62,259.05,5689728,0
AAPL.US,D,20200113,000000,251.41,269.75,248.35,265.93,6307766,0
AAPL.US,D,20200113,000000,272.27,275.47,254.42,260.55,9263413,0
AAPL.US,D,20200114,000000,265.72,270.15,251.34,259.36,9563124,0
AAPL.US,D,20200115,000000,254.76,255.32,248.63,250.40,5805927,0
AAPL.US,D,20200116,000000,243.29,251.72,242.04,251.27,11412515,0
AAPL.US,D,20200117,000000,256.15,257.67,247.08,249.56,11693901,0
AAPL.US,D,20200120,000000,240.67,261.47,236.90,261.45,8135596,0
AAPL.US,D,20200120,000000,261.65,263.78,253.15,258.46,9472592,0
AAPL.US,D,20200120,000000,251.40,254.45,251.31,253.90,7632278,0
AAPL.US,D,20200121,000000,251.89,254.30,242.79,243.30,5340065,0
AAPL.US,D,20200122,000000,240.88,241.37,214.63,225.80,8625128,0
AAPL.US,D,20200123,000000,224.25,227.87,217.01,217.95,5014570,0
AAPL.US,D,20200124,000000,217.88,228.82,215.00,228.13,9931433,0
AAPL.US,D,20200127,000000,227.76,229.88,208.44,211.83,10260221,0
AAPL.US,D,20200127,000000,210.95,225.58,210.52,219.06,8764352,0
AAPL.US,D,20200127,000000,219.12,225.06,190.18,198.21,9807992,0
AAPL.US,D,20200128,000000,198.83,211.79,193.72,211.10,4420185,0
AAPL.US,D,20200129,000000,202.77,216.67,201.85,214.08,9468079,0
AAPL.US,D,20200130,000000,210.48,221.17,206.84,219.81,7056032,0
AAPL.US,D,20200131,000000,221.32,236.20,220.87,232.84,10753914,0
AAPL.US,D,20200203,000000,232.44,233.19,218.74,222.01,8673414,0
AAPL.US,D,20200203,000000,222.26,226.40,219.51,225.87,9421745,0
AAPL.US,D,20200203,000000,226.30,226.46,225.40,225.51,8202114,0
AAPL.US,D,20200204,000000,225.12,228.65,215.08,216.23,4455055,0
AAPL.US,D,20200205,000000,217.05,223.80,195.10,204.84,4691090,0
AAPL.US,D,20200206,000000,205.17,205.67,197.46,199.62,4886760,0
AAPL.US,D,20200207,000000,199.06,214.61,197.41,206.37,10154873,0
AAPL.US,D,20200210,000000,206.62,207.12,190.37,194.13,4499099,0
AAPL.US,D,20200210,000000,193.93,210.99,192.38,209.86,11835375,0
AAPL.US,D,20200210,000000,209.16,220.64,208.62,217.57,8911730,0
AAPL.US,D,20200211,000000,217.53,226.54,216.55,223.44,10217897,0
AAPL.US,D,20200212,000000,223.38,225.26,223.30,224.80,5212859,0
AAPL.US,D,20200213,000000,229.18,233.16,228.28,232.99,7231302,0
AAPL.US,D,20200214,000000,234.84,239.54,209.49,215.75,10238639,0
AAPL.US,D,20200217,000000,218.24,223.86,217.88,223.67,11976126,0
AAPL.US,D,20200217,000000,225.21,227.40,211.54,216.63,6319669,0
AAPL.US,D,20200217,000000,220.60,228.61,218.96,227.84,4854144,0
AAPL.US,D,20200218,000000,230.12,230.44,216.59,217.77,4202916,0
AAPL.US,D,20200219,000000,213.96,219.64,212.29,217.66,11719630,0
AAPL.US,D,20200220,000000,220.31,224.78,183.22,194.10,7244062,0
AAPL.US,D,20200221,000000,187.87,211.85,184.20,206.67,9928411,0
AAPL.US,D,20200224,000000,206.37,216.46,205.88,210.34,8946976,0
AAPL.US,D,20200224,000000,214.42,229.15,212.22,224.32,4778337,0
AAPL.US,D,20200224,000000,229.22,233.29,207.27,212.59,8925028,0
AAPL.US,D,20200225,000000,209.80,215.37,207.19,215.08,4966419,0
AAPL.US,D,20200226,000000,211.95,212.20,202.81,204.44,5387581,0
AAPL.US,D,20200227,000000,204.52,207.99,204.04,207.31,5949156,0
AAPL.US,D,20200228,000000,208.29,209.08,203.79,204.96,11037015,0
AAPL.US,D,20200302,000000,208.74,209.61,204.66,205.53,9548028,0
AAPL.US,D,20200302,000000,206.60,206.97,191.34,195.54,5914030,0
AAPL.US,D,20200302,000000,192.01,209.78,190.91,207.83,10611868,0
AAPL.US,D,20200303,000000,206.10,227.12,205.54,217.16,8951367,0
AAPL.US,D,20200304,000000,213.59,215.55,190.40,193.40,4424552,0
AAPL.US,D,20200305,000000,196.94,198.58,196.93,197.01,11381384,0
AAPL.US,D,20200306,000000,197.59,203.29,195.78,200.28,7625181,0
AAPL.US,D,20200309,000000,198.48,204.06,198.28,202.41,4566875,0
AAPL.US,D,20200309,000000,199.50,214.12,192.20,213.92,5840505,0
AAPL.US,D,20200309,000000,214.21,221.35,209.84,219.22,4588237,0
AAPL.US,D,20200310,000000,216.98,217.56,216.83,217.29,6987880,0
AAPL.US,D,20200311,000000,215.60,219.55,215.29,219.27,8549326,0
AAPL.US,D,20200312,000000,215.82,224.83,214.40,224.69,6361292,0
AAPL.US,D,20200313,000000,232.19,247.33,230.49,242.56,5837618,0
AAPL.US,D,20200316,000000,244.26,253.78,243.90,250.59,4116030,0
AAPL.US,D,20200316,000000,250.65,263.27,242.97,261.25,11570018,0
AAPL.US,D,20200316,000000,260.20,264.98,246.09,246.49,8033730,0
AAPL.US,D,20200317,000000,248.56,255.57,246.90,252.05,4664732,0
AAPL.US,D,20200318,000000,249.86,251.67,229.49,232.84,11991613,0
AAPL.US,D,20200319,000000,234.99,236.44,233.68,234.71,11811366,0
AAPL.US,D,20200320,000000,234.04,237.98,232.84,236.25,9631216,0
AAPL.US,D,20200323,000000,231.82,239.21,231.46,236.45,10023104,0
AAPL.US,D,20200323,000000,234.15,235.94,213.82,219.99,6685557,0
AAPL.US,D,20200323,000000,222.95,225.20,212.81,213.95,7722823,0
AAPL.US,D,20200324,000000,210.50,223.79,208.68,216.98,5107246,0
AAPL.US,D,20200325,000000,213.43,230.34,203.41,230.12,9622748,0
AAPL.US,D,20200326,000000,226.56,233.03,208.01,208.23,4435679,0
AAPL.US,D,20200327,000000,201.78,222.91,201.07,217.25,10603032,0
AAPL.US,D,20200330,000000,213.52,215.64,200.80,209.33,11065042,0
AAPL.US,D,20200330,000000,212.43,240.47,201.75,232.78,4615578,0
AAPL.US,D,20200330,000000,234.18,240.12,230.63,238.55,4181522,0
AAPL.US,D,20200331,000000,242.69,252.70,241.24,248.74,4171858,0
AAPL.US,D,20200401,000000,251.30,254.98,251.01,251.53,8629636,0
AAPL.US,D,20200402,000000,245.49,249.13,230.62,231.67,7664056,0
AAPL.US,D,20200403,000000,229.52,230.02,216.43,221.49,6305170,0
AAPL.US,D,20200406,000000,219.67,221.17,214.18,216.25,8282533,0
AAPL.US,D,20200406,000000,214.37,223.57,212.10,222.59,4935338,0
AAPL.US,D,20200406,000000,219.36,222.65,217.92,222.02,9324426,0
AAPL.US,D,20200407,000000,212.52,223.19,212.23,221.11,4199401,0
AAPL.US,D,20200408,000000,229.51,236.12,197.11,211.89,8369164,0
AAPL.US,D,20200409,000000,209.78,217.74,208.93,211.15,11952525,0
AAPL.US,D,20200410,000000,210.11,211.62,189.94,193.58,7831849,0
AAPL.US,D,20200413,000000,194.12,198.42,193.70,197.72,6859148,0
AAPL.US,D,20200413,000000,199.08,212.87,192.97,211.05,5565725,0
AAPL.US,D,20200413,000000,206.91,232.15,206.00,223.18,7923722,0
AAPL.US,D,20200414,000000,228.47,232.95,209.02,214.06,7421123,0
AAPL.US,D,20200415,000000,212.31,218.01,211.68,215.35,5725561,0
AAPL.US,D,20200416,000000,211.79,214.02,196.26,201.84,11181788,0
AAPL.US,D,20200417,000000,204.29,206.55,185.42,189.72,11907059,0
AAPL.US,D,20200420,000000,193.68,193.81,188.00,188.21,9110447,0
AAPL.US,D,20200420,000000,184.17,196.92,183.34,194.80,10658269,0
AAPL.US,D,20200420,000000,196.04,211.79,194.21,207.18,9918848,0
AAPL.US,D,20200421,000000,208.87,234.02,203.81,227.79,4993415,0
AAPL.US,D,20200422,000000,231.36,232.10,217.33,218.76,10117746,0
AAPL.US,D,20200423,000000,216.20,222.30,216.02,220.09,6063292,0
AAPL.US,D,20200424,000000,221.38,221.51,191.71,193.54,6076297,0
AAPL.US,D,20200427,000000,189.42,191.24,189.25,191.04,6889307,0
AAPL.US,D,20200427,000000,193.05,194.02,173.41,175.15,5550518,0
AAPL.US,D,20200427,000000,174.06,174.77,164.03,166.18,10759959,0
AAPL.US,D,20200428,000000,165.54,166.96,160.41,160.87,5149740,0
AAPL.US,D,20200429,000000,161.26,166.40,160.84,165.22,5743009,0
AAPL.US,D,20200430,000000,165.92,166.83,161.57,164.99,10768557,0
AAPL.US,D,20200501,000000,165.64,166.80,154.27,155.28,5049857,0
AAPL.US,D,20200504,000000,154.91,158.17,154.34,155.95,8184968,0
AAPL.US,D,20200504,000000,154.86,155.87,154.47,155.23,9553953,0
AAPL.US,D,20200504,000000,156.59,161.18,146.65,150.17,4893777,0
AAPL.US,D,20200505,000000,148.99,152.39,148.81,151.09,8745409,0
AAPL.US,D,20200506,000000,152.55,153.87,152.54,153.63,4990348,0
AAPL.US,D,20200507,000000,154.42,155.45,148.83,149.12,9969584,0
AAPL.US,D,20200508,000000,147.18,157.33,143.55,156.26,8039273,0
AAPL.US,D,20200511,000000,156.46,162.54,152.16,161.13,5374187,0
AAPL.US,D,20200511,000000,160.45,164.35,159.07,160.56,7797724,0
AAPL.US,D,20200511,000000,160.14,161.50,153.25,156.72,7392734,0
AAPL.US,D,20200512,000000,156.83,157.59,155.97,156.21,7966528,0
AAPL.US,D,20200513,000000,156.09,161.32,156.05,159.86,7655566,0
AAPL.US,D,20200514,000000,160.54,165.97,145.69,151.06,7423693,0
AAPL.US,D,20200515,000000,152.41,152.79,140.66,141.29,9393271,0
AAPL.US,D,20200518,000000,138.89,139.31,135.95,136.54,9560296,0
AAPL.US,D,20200518,000000,137.35,137.62,134.79,135.27,5602107,0
AAPL.US,D,20200518,000000,135.46,138.19,130.41,130.44,10127777,0
AAPL.US,D,20200519,000000,131.61,133.78,121.49,125.64,11601110,0
AAPL.US,D,20200520,000000,126.68,127.33,124.24,125.16,5846574,0
AAPL.US,D,20200521,000000,124.93,125.18,124.72,124.73,5432765,0
AAPL.US,D,20200522,000000,124.03,124.13,119.56,121.96,8159591,0
AAPL.US,D,20200525,000000,121.51,123.53,121.49,122.25,10475852,0
AAPL.US,D,20200525,000000,122.63,123.20,121.25,122.05,7600924,0
AAPL.US,D,20200525,000000,122.94,123.95,115.51,117.88,11077601,0
AAPL.US,D,20200526,000000,117.33,122.54,115.48,122.30,7924429,0
AAPL.US,D,20200527,000000,120.51,120.54,120.31,120.37,6107127,0
AAPL.US,D,20200528,000000,119.36,119.43,117.56,118.05,8723707,0
AAPL.US,D,20200529,000000,118.71,121.40,117.24,121.19,7044587,0
AAPL.US,D,20200601,000000,120.84,126.62,119.95,126.57,6496796,0
AAPL.US,D,20200601,000000,127.02,130.76,126.18,130.07,4299020,0
AAPL.US,D,20200601,000000,128.68,129.28,126.08,126.20,4177891,0
AAPL.US,D,20200602,000000,125.95,133.97,125.81,131.18,5647266,0
AAPL.US,D,20200603,000000,130.84,131.73,130.07,131.36,5614069,0
AAPL.US,D,20200604,000000,133.12,133.48,122.14,124.48,6378562,0
AAPL.US,D,20200605,000000,122.97,123.14,120.98,122.23,8734917,0
AAPL.US,D,20200608,000000,121.39,126.05,121.08,125.73,10589911,0
AAPL.US,D,20200608,000000,125.39,125.94,125.29,125.70,8122953,0
AAPL.US,D,20200608,000000,126.45,127.04,122.93,123.02,7993629,0
AAPL.US,D,20200609,000000,123.49,124.46,117.94,119.67,10822197,0
AAPL.US,D,20200610,000000,119.63,119.88,115.24,116.40,5922991,0
AAPL.US,D,20200611,000000,116.83,118.42,109.35,112.22,9071419,0
AAPL.US,D,20200612,000000,112.12,112.25,110.19,110.64,5907867,0
AAPL.US,D,20200615,000000,110.82,112.36,110.75,111.13,7376153,0
AAPL.US,D,20200615,000000,111.11,111.16,109.88,110.18,8405648,0
AAPL.US,D,20200615,000000,109.95,110.96,109.06,109.61,6511238,0
AAPL.US,D,20200616,000000,111.15,111.43,109.73,110.50,7175160,0
AAPL.US,D,20200617,000000,110.59,111.24,106.04,106.04,9313737,0
AAPL.US,D,20200618,000000,105.23,105.53,103.82,104.11,10185527,0
AAPL.US,D,20200619,000000,104.02,108.00,101.33,107.85,5744067,0
AAPL.US,D,20200622,000000,107.74,109.03,107.62,108.87,8267759,0
AAPL.US,D,20200622,000000,108.12,108.12,107.65,107.82,10274186,0
AAPL.US,D,20200622,000000,107.39,111.39,106.22,110.03,4278475,0
AAPL.US,D,20200623,000000,111.59,112.08,104.26,105.64,7077521,0
AAPL.US,D,20200624,000000,106.45,107.07,102.89,103.10,7539222,0
AAPL.US,D,20200625,000000,104.68,105.05,101.76,103.45,10053343,0
AAPL.US,D,20200626,000000,103.88,109.47,102.05,108.24,9155436,0
AAPL.US,D,20200629,000000,109.46,110.90,106.07,106.18,11411977,0
AAPL.US,D,20200629,000000,106.48,108.78,106.18,108.49,4530937,0
AAPL.US,D,20200629,000000,107.91,110.71,107.07,110.26,9130982,0
AAPL.US,D,20200630,000000,110.22,112.85,109.81,112.65,8606474,0
AAPL.US,D,20200701,000000,112.35,114.28,112.03,113.93,8752128,0
AAPL.US,D,20200702,000000,112.67,117.25,112.25,116.67,8744163,0
AAPL.US,D,20200703,000000,117.20,118.57,117.01,118.22,10677432,0
AAPL.US,D,20200706,000000,119.01,119.14,117.89,118.06,4711812,0
AAPL.US,D,20200706,000000,118.16,118.58,118.07,118.43,5194009,0
AAPL.US,D,20200706,000000,118.33,118.43,118.10,118.12,11426278,0
AAPL.US,D,20200707,000000,118.19,119.24,115.33,115.89,6129622,0
AAPL.US,D,20200708,000000,115.49,115.65,112.73,113.81,9813664,0
AAPL.US,D,20200709,000000,113.85,115.42,113.82,115.10,7607813,0
AAPL.US,D,20200710,000000,114.93,120.06,114.66,118.01,11795193,0
AAPL.US,D,20200713,000000,117.51,119.11,117.42,118.90,8455999,0
AAPL.US,D,20200713,000000,118.17,121.93,117.63,120.89,10417988,0
AAPL.US,D,20200713,000000,121.81,124.03,113.29,116.37,9370096,0
AAPL.US,D,20200714,000000,116.89,121.48,116.04,120.78,6713413,0
AAPL.US,D,20200715,000000,120.56,121.08,120.22,121.05,11828132,0
AAPL.US,D,20200716,000000,120.93,121.79,120.71,121.10,6105731,0
AAPL.US,D,20200717,000000,120.32,121.03,114.45,116.24,7930198,0
AAPL.US,D,20200720,000000,117.23,117.57,115.02,115.23,4436537,0
AAPL.US,D,20200720,000000,115.70,119.76,114.67,118.03,7959286,0
AAPL.US,D,20200720,000000,117.38,121.56,116.68,120.33,5184429,0
AAPL.US,D,20200721,000000,120.08,121.48,118.85,121.48,8505979,0
AAPL.US,D,20200722,000000,121.53,121.55,120.10,120.33,11363305,0
AAPL.US,D,20200723,000000,120.77,123.11,119.45,122.67,4975927,0
AAPL.US,D,20200724,000000,123.01,126.27,122.90,125.36,9661653,0
AAPL.US,D,20200727,000000,125.29,125.67,125.22,125.61,8978918,0
AAPL.US,D,20200727,000000,126.09,126.15,126.08,126.15,10906230,0
AAPL.US,D,20200727,000000,126.26,126.61,125.40,125.56,4740408,0
AAPL.US,D,20200728,000000,125.59,126.36,125.57,126.16,7108023,0
AAPL.US,D,20200729,000000,126.27,126.79,126.10,126.71,9887114,0
AAPL.US,D,20200730,000000,126.46,126.65,125.40,125.60,5598970,0
AAPL.US,D,20200731,000000,125.56,126.16,125.45,125.91,6945888,0
AAPL.US,D,20200803,000000,126.22,127.87,126.15,127.26,9180884,0
AAPL.US,D,20200803,000000,126.88,127.21,124.99,125.28,4633465,0
AAPL.US,D,20200803,000000,125.71,125.76,124.28,124.55,7421854,0
AAPL.US,D,20200804,000000,124.75,124.90,124.21,124.23,7717251,0
AAPL.US,D,20200805,000000,124.07,124.08,123.06,123.13,9924129,0
AAPL.US,D,20200806,000000,123.16,123.54,123.11,123.41,6511570,0
AAPL.US,D,20200807,000000,123.09,123.30,121.93,122.41,10480048,0
AAPL.US,D,20200810,000000,122.55,122.70,122.53,122.68,4143321,0
AAPL.US,D,20200810,000000,122.57,122.94,122.49,122.77,9953974,0
AAPL.US,D,20200810,000000,122.87,123.05,121.57,122.28,9400818,0
AAPL.US,D,20200811,000000,122.36,122.42,121.84,122.04,5505768,0
AAPL.US,D,20200812,000000,122.17,122.35,122.05,122.24,8308660,0
AAPL.US,D,20200813,000000,122.48,124.10,122.06,123.40,9910249,0
AAPL.US,D,20200814,000000,123.73,123.82,123.70,123.82,10635606,0
AAPL.US,D,20200817,000000,124.22,124.50,124.17,124.33,7965625,0
AAPL.US,D,20200817,000000,124.38,124.48,123.77,123.88,9796913,0
AAPL.US,D,20200817,000000,124.04,124.09,122.92,122.95,8611226,0
AAPL.US,D,20200818,000000,122.60,123.01,122.43,122.73,9169438,0
AAPL.US,D,20200819,000000,122.90,123.16,122.88,122.99,8061087,0
AAPL.US,D,20200820,000000,123.30,123.36,122.17,122.52,11065387,0
AAPL.US,D,20200821,000000,122.14,122.20,121.82,121.95,7778598,0
AAPL.US,D,20200824,000000,122.04,122.18,121.76,121.89,5386328,0
AAPL.US,D,20200824,000000,122.06,123.18,122.05,122.79,8454644,0
AAPL.US,D,20200824,000000,122.76,123.06,122.44,122.81,8027831,0
AAPL.US,D,20200825,000000,123.01,123.33,121.60,121.79,11949302,0
AAPL.US,D,20200826,000000,121.86,122.81,118.55,119.63,10989565,0
AAPL.US,D,20200827,000000,120.46,120.71,118.15,119.32,10046114,0
AAPL.US,D,20200828,000000,118.58,119.31,118.38,118.90,8058445,0
AAPL.US,D,20200831,000000,119.03,119.73,118.60,119.64,10095717,0
AAPL.US,D,20200831,000000,119.83,119.86,119.61,119.69,5615122,0
AAPL.US,D,20200831,000000,120.59,120.83,119.14,119.20,5370094,0
AAPL.US,D,20200901,000000,118.64,121.70,117.45,121.65,8237202,0
AAPL.US,D,20200902,000000,120.68,121.37,120.41,120.83,8129242,0
AAPL.US,D,20200903,000000,120.18,120.31,116.94,117.90,4556649,0
AAPL.US,D,20200904,000000,117.95,119.05,117.89,118.95,11380150,0
AAPL.US,D,20200907,000000,120.10,120.56,119.86,120.44,11781289,0
AAPL.US,D,20200907,000000,120.26,121.54,119.90,121.44,6753258,0
AAPL.US,D,20200907,000000,121.29,121.84,118.58,119.16,11100638,0
AAPL.US,D,20200908,000000,118.91,119.00,117.92,118.25,10203202,0
AAPL.US,D,20200909,000000,117.95,118.00,117.89,117.98,8163757,0
AAPL.US,D,20200910,000000,117.75,117.88,117.72,117.85,4187373,0
AAPL.US,D,20200911,000000,117.82,117.94,116.47,117.01,8042196,0
AAPL.US,D,20200914,000000,116.99,117.59,114.17,115.07,11530744,0
AAPL.US,D,20200914,000000,115.27,115.40,115.22,115.39,8652750,0
AAPL.US,D,20200914,000000,115.21,115.24,113.58,114.01,9335378,0
AAPL.US,D,20200915,000000,114.15,114.16,113.00,113.17,8131614,0
AAPL.US,D,20200916,000000,113.03,115.03,112.88,114.58,4737988,0
AAPL.US,D,20200917,000000,114.60,114.83,114.54,114.79,8471747,0
AAPL.US,D,20200918,000000,114.48,114.98,113.11,113.13,11582560,0
AAPL.US,D,20200921,000000,113.28,113.58,112.28,112.32,11744254,0
AAPL.US,D,20200921,000000,112.26,112.34,112.25,112.29,8472213,0
AAPL.US,D,20200921,000000,112.35,112.38,112.10,112.15,8182219,0
AAPL.US,D,20200922,000000,112.01,112.78,112.00,112.64,10270340,0
AAPL.US,D,20200923,000000,112.59,113.47,112.32,113.28,4016686,0
AAPL.US,D,20200924,000000,113.47,113.50,113.15,113.24,6702585,0
AAPL.US,D,20200925,000000,113.29,114.25,113.10,114.02,10093430,0
AAPL.US,D,20200928,000000,114.01,114.08,113.65,113.76,7097880,0
AAPL.US,D,20200928,000000,114.07,114.20,113.32,113.39,4708239,0
AAPL.US,D,20200928,000000,113.12,113.70,112.87,113.56,9151313,0
AAPL.US,D,20200929,000000,112.95,116.04,112.79,115.16,10004468,0
AAPL.US,D,20200930,000000,114.92,115.39,114.89,115.18,5646439,0
AAPL.US,D,20201001,000000,115.03,115.43,112.68,112.81,8711144,0
AAPL.US,D,20201002,000000,112.72,113.10,112.70,112.94,7056087,0
AAPL.US,D,20201005,000000,112.60,115.65,111.78,115.09,5233818,0
AAPL.US,D,20201005,000000,116.35,116.73,113.10,114.33,6384194,0
AAPL.US,D,20201005,000000,114.66,115.39,114.55,114.95,4415024,0
AAPL.US,D,20201006,000000,115.01,120.17,114.96,117.51,6154300,0
AAPL.US,D,20201007,000000,117.63,120.54,116.95,119.62,4148982,0
AAPL.US,D,20201008,000000,120.25,120.37,118.70,118.96,8545965,0
AAPL.US,D,20201009,000000,118.39,120.00,118.13,119.69,5345506,0
AAPL.US,D,20201012,000000,120.11,123.84,119.87,122.49,11688915,0
AAPL.US,D,20201012,000000,122.53,122.68,121.50,121.62,6007111,0
AAPL.US,D,20201012,000000,121.69,121.89,119.09,119.56,5291330,0
AAPL.US,D,20201013,000000,119.79,119.87,119.32,119.54,11990570,0
AAPL.US,D,20201014,000000,119.15,119.27,119.12,119.22,9081359,0
AAPL.US,D,20201015,000000,119.15,119.20,118.85,119.02,11671941,0
AAPL.US,D,20201016,000000,119.40,120.72,119.38,120.68,4076628,0
AAPL.US,D,20201019,000000,120.56,121.99,120.47,121.82,11013762,0
AAPL.US,D,20201019,000000,122.17,122.33,120.93,121.01,11776312,0
AAPL.US,D,20201019,000000,120.75,122.01,120.09,121.61,4998110,0
AAPL.US,D,20201020,000000,121.91,121.92,121.90,121.92,9673582,0
AAPL.US,D,20201021,000000,121.63,123.60,120.45,123.27,11738372,0
AAPL.US,D,20201022,000000,123.15,124.55,123.12,123.58,9107488,0
AAPL.US,D,20201023,000000,123.36,124.38,123.09,124.23,9377404,0
AAPL.US,D,20201026,000000,123.77,124.12,123.58,123.85,10843831,0
AAPL.US,D,20201026,000000,123.72,125.14,122.04,122.35,9421875,0
AAPL.US,D,20201026,000000,122.36,122.66,121.06,121.28,9200240,0
AAPL.US,D,20201027,000000,121.49,121.76,120.07,120.46,7964597,0
AAPL.US,D,20201028,000000,120.44,120.50,120.42,120.44,6529935,0
AAPL.US,D,20201029,000000,120.83,121.18,120.82,121.01,9516391,0
AAPL.US,D,20201030,000000,121.15,121.56,119.91,120.17,4222982,0
AAPL.US,D,20201102,000000,120.46,120.60,119.99,120.32,7788612,0
AAPL.US,D,20201102,000000,120.62,120.63,119.18,119.44,8799717,0
AAPL.US,D,20201102,000000,119.18,120.24,119.13,119.76,7019161,0
AAPL.US,D,20201103,000000,119.81,119.86,117.55,117.78,8885909,0
AAPL.US,D,20201104,000000,117.96,118.23,117.90,118.17,8938415,0
AAPL.US,D,20201105,000000,118.32,120.61,118.16,119.81,7424845,0
AAPL.US,D,20201106,000000,119.42,119.65,119.31,119.37,8702506,0
AAPL.US,D,20201109,000000,119.23,119.99,118.76,119.54,5007853,0
AAPL.US,D,20201109,000000,119.01,119.53,118.95,119.50,4352566,0
AAPL.US,D,20201109,000000,118.85,121.47,118.40,120.93,8329149,0
AAPL.US,D,20201110,000000,120.60,123.25,120.50,122.44,9261414,0
AAPL.US,D,20201111,000000,122.74,123.99,122.62,123.51,11812086,0
AAPL.US,D,20201112,000000,123.82,124.24,122.56,122.65,7739219,0
AAPL.US,D,20201113,000000,122.27,122.42,119.20,119.88,4838783,0
AAPL.US,D,20201116,000000,118.62,118.95,116.44,117.02,7732294,0
AAPL.US,D,20201116,000000,117.14,119.53,116.47,119.15,7202500,0
AAPL.US,D,20201116,000000,119.69,119.78,118.93,118.97,7523264,0
AAPL.US,D,20201117,000000,118.16,118.33,115.66,116.45,5751560,0
AAPL.US,D,20201118,000000,116.64,117.49,116.50,117.41,6094308,0
AAPL.US,D,20201119,000000,117.95,120.11,117.63,119.56,5681899,0
AAPL.US,D,20201120,000000,119.34,120.60,119.28,120.03,8985630,0
AAPL.US,D,20201123,000000,120.66,121.10,120.54,120.93,8260437,0
AAPL.US,D,20201123,000000,120.43,120.71,119.65,119.88,8698606,0
AAPL.US,D,20201123,000000,120.07,120.24,118.69,118.96,5011668,0
AAPL.US,D,20201124,000000,118.43,118.97,118.25,118.91,8919091,0
AAPL.US,D,20201125,000000,119.36,120.31,119.14,119.98,5431988,0
AAPL.US,D,20201126,000000,119.12,119.28,118.59,118.63,9104844,0
AAPL.US,D,20201127,000000,118.84,119.28,116.73,116.93,5748749,0
AAPL.US,D,20201130,000000,117.25,117.41,117.17,117.40,10012982,0
AAPL.US,D,20201130,000000,117.41,118.84,117.40,118.51,7609209,0
AAPL.US,D,20201130,000000,118.33,118.98,118.32,118.82,6124999,0
AAPL.US,D,20201201,000000,118.71,120.25,118.66,120.02,6211399,0
AAPL.US,D,20201202,000000,119.73,121.00,119.34,120.65,6000189,0
AAPL.US,D,20201203,000000,120.79,121.01,118.35,118.60,10839993,0
AAPL.US,D,20201204,000000,118.56,118.65,116.62,117.24,11974738,0
AAPL.US,D,20201207,000000,117.25,117.60,115.54,116.32,11611910,0
AAPL.US,D,20201207,000000,116.26,116.30,114.93,115.47,8420922,0
AAPL.US,D,20201207,000000,115.38,116.05,115.25,115.92,11535438,0
AAPL.US,D,20201208,000000,115.96,116.70,115.78,116.47,6444575,0
AAPL.US,D,20201209,000000,116.32,116.36,114.93,115.35,10021009,0
AAPL.US,D,20201210,000000,115.23,115.32,113.80,113.86,5113077,0
AAPL.US,D,20201211,000000,113.03,113.34,112.93,113.11,7127087,0
AAPL.US,D,20201214,000000,113.46,115.79,113.40,115.25,11695505,0
AAPL.US,D,20201214,000000,115.51,115.80,113.60,114.50,8826911,0
AAPL.US,D,20201214,000000,114.84,114.86,114.55,114.67,8195165,0
AAPL.US,D,20201215,000000,114.97,115.01,114.97,115.00,11916760,0
AAPL.US,D,20201216,000000,114.98,116.27,114.85,115.99,10963592,0
AAPL.US,D,20201217,000000,115.89,118.52,115.70,117.97,5623782,0
AAPL.US,D,20201218,000000,118.28,119.37,116.22,116.80,8838788,0
AAPL.US,D,20201221,000000,116.45,117.93,116.43,117.80,4728821,0
AAPL.US,D,20201221,000000,117.54,117.63,115.92,116.42,10587436,0
AAPL.US,D,20201221,000000,116.59,116.85,115.49,115.67,9272640,0
AAPL.US,D,20201222,000000,115.65,115.69,115.27,115.32,11060446,0
AAPL.US,D,20201223,000000,115.58,115.80,114.91,115.15,7290225,0
AAPL.US,D,20201224,000000,114.95,115.10,114.87,114.87,7280768,0
AAPL.US,D,20201225,000000,114.92,115.40,114.83,115.28,7695231,0
AAPL.US,D,20201228,000000,115.30,115.79,115.12,115.79,5091844,0
AAPL.US,D,20201228,000000,115.72,115.81,115.05,115.25,7501789,0
AAPL.US,D,20201228,000000,115.42,115.47,115.29,115.36,4993211,0
AAPL.US,D,20201229,000000,115.34,115.35,114.92,115.03,5423521,0
AAPL.US,D,20201230,000000,114.85,115.13,113.74,113.87,8182995,0
AAPL.US,D,20201231,000000,114.08,114.37,113.01,113.18,4389317,0
AAPL.US,D,20210101,000000,113.18,113.48,113.15,113.46,4223553,0
AAPL.US,D,20210104,000000,113.42,113.70,113.41,113.65,10683080,0
AAPL.US,D,20210104,000000,113.93,114.04,112.21,112.57,9014291,0
AAPL.US,D,20210104,000000,112.43,112.44,111.54,111.67,6586942,0
AAPL.US,D,20210105,000000,111.85,111.86,111.79,111.81,6227660,0
AAPL.US,D,20210106,000000,112.01,112.02,111.44,111.66,11923794,0
AAPL.US,D,20210107,000000,111.91,111.92,110.17,110.40,6594834,0
AAPL.US,D,20210108,000000,110.67,110.75,109.88,110.00,10093730,0
AAPL.US,D,20210111,000000,109.97,110.60,108.51,108.62,7591292,0
AAPL.US,D,20210111,000000,108.36,108.59,108.36,108.58,10071528,0
AAPL.US,D,20210111,000000,108.45,109.02,108.41,108.94,7989811,0
AAPL.US,D,20210112,000000,108.84,109.77,108.25,109.63,7549809,0
AAPL.US,D,20210113,000000,109.45,109.71,109.25,109.35,7319147,0
AAPL.US,D,20210114,000000,109.41,109.58,107.53,107.91,4432591,0
AAPL.US,D,20210115,000000,108.13,108.38,103.62,105.72,8171775,0
AAPL.US,D,20210118,000000,106.23,107.97,106.20,107.79,11936100,0
AAPL.US,D,20210118,000000,108.09,108.15,107.17,107.47,8059396,0
AAPL.US,D,20210118,000000,107.63,108.63,107.50,108.25,6424805,0
AAPL.US,D,20210119,000000,108.43,109.57,106.85,107.05,6876655,0
AAPL.US,D,20210120,000000,106.75,107.91,106.69,107.72,11630060,0
AAPL.US,D,20210121,000000,107.66,107.89,107.63,107.84,8297581,0
AAPL.US,D,20210122,000000,107.74,107.77,107.70,107.75,7846754,0
AAPL.US,D,20210125,000000,107.87,109.23,107.86,108.51,9842949,0
AAPL.US,D,20210125,000000,108.37,108.94,108.24,108.93,6462486,0
AAPL.US,D,20210125,000000,109.37,109.73,108.40,108.93,5298899,0
AAPL.US,D,20210126,000000,108.98,109.39,106.40,107.27,9079837,0
AAPL.US,D,20210127,000000,107.13,107.45,107.00,107.45,11371748,0
AAPL.US,D,20210128,000000,107.68,108.24,107.57,108.11,11554121,0
AAPL.US,D,20210129,000000,107.86,108.59,107.79,108.52,4738446,0
AAPL.US,D,20210201,000000,108.39,108.84,107.60,107.98,11008049,0
AAPL.US,D,20210201,000000,107.89,109.33,107.79,108.64,8688638,0
AAPL.US,D,20210201,000000,109.00,109.35,107.11,107.55,10380271,0
AAPL.US,D,20210202,000000,107.64,107.65,107.00,107.04,5347189,0
AAPL.US,D,20210203,000000,107.07,107.14,107.04,107.07,7447596,0
AAPL.US,D,20210204,000000,107.23,107.57,107.23,107.49,8536737,0
AAPL.US,D,20210205,000000,107.49,108.34,106.87,107.99,10972924,0
AAPL.US,D,20210208,000000,108.17,108.50,108.14,108.44,4997452,0
AAPL.US,D,20210208,000000,108.46,108.52,108.45,108.52,6128646,0
AAPL.US,D,20210208,000000,108.54,108.58,107.92,108.17,7005326,0
AAPL.US,D,20210209,000000,108.15,108.16,107.84,108.02,6692401,0
AAPL.US,D,20210210,000000,107.97,108.05,107.46,107.59,8886472,0
AAPL.US,D,20210211,000000,107.60,107.65,107.24,107.31,10683369,0
AAPL.US,D,20210212,000000,107.58,107.83,107.11,107.23,5988301,0
AAPL.US,D,20210215,000000,107.40,107.57,107.39,107.56,9104586,0
AAPL.US,D,20210215,000000,107.21,107.68,107.16,107.31,9423435,0
AAPL.US,D,20210215,000000,107.28,109.14,106.55,108.36,11531820,0
AAPL.US,D,20210216,000000,108.34,108.61,108.28,108.51,9695535,0
AAPL.US,D,20210217,000000,108.61,109.09,107.05,107.19,4696719,0
AAPL.US,D,20210218,000000,107.61,109.22,101.75,103.60,7857348,0
AAPL.US,D,20210219,000000,103.96,104.01,103.20,103.42,11946891,0
AAPL.US,D,20210222,000000,103.21,104.21,102.73,104.08,9327461,0
AAPL.US,D,20210222,000000,103.45,103.75,102.78,103.28,10364323,0
AAPL.US,D,20210222,000000,102.23,105.15,102.01,104.37,11281337,0
AAPL.US,D,20210223,000000,103.85,104.59,101.36,101.60,5866939,0
AAPL.US,D,20210224,000000,101.95,103.27,101.84,103.02,11536061,0
AAPL.US,D,20210225,000000,102.83,102.85,102.43,102.67,8720478,0
AAPL.US,D,20210226,000000,101.90,104.85,100.56,104.23,5010458,0
AAPL.US,D,20210301,000000,104.28,104.48,102.07,102.47,10529183,0
AAPL.US,D,20210301,000000,102.36,103.65,101.87,103.49,10793019,0
AAPL.US,D,20210301,000000,103.26,103.31,102.95,103.15,10781354,0
AAPL.US,D,20210302,000000,103.22,103.31,102.34,102.37,10481681,0
AAPL.US,D,20210303,000000,102.96,104.48,102.09,104.27,11385262,0
AAPL.US,D,20210304,000000,104.22,104.84,99.13,101.30,5273545,0
AAPL.US,D,20210305,000000,100.79,101.75,100.59,101.55,4574585,0
AAPL.US,D,20210308,000000,102.24,102.46,100.11,100.21,6587348,0
AAPL.US,D,20210308,000000,101.37,101.88,94.67,96.83,8617259,0
AAPL.US,D,20210308,000000,97.07,97.50,96.98,97.46,9209903,0
AAPL.US,D,20210309,000000,97.99,99.73,97.68,99.35,11861604,0
AAPL.US,D,20210310,000000,99.68,100.24,98.56,98.70,4938774,0
AAPL.US,D,20210311,000000,98.54,98.64,98.51,98.63,4950420,0
AAPL.US,D,20210312,000000,98.49,99.13,98.22,99.12,11929311,0
AAPL.US,D,20210315,000000,98.65,98.91,98.58,98.80,7560946,0
AAPL.US,D,20210315,000000,99.10,99.19,98.78,98.86,8694803,0
AAPL.US,D,20210315,000000,98.80,98.85,98.73,98.77,11999633,0
AAPL.US,D,20210316,000000,98.99,99.12,97.02,97.87,8300088,0
AAPL.US,D,20210317,000000,97.49,98.78,97.09,98.66,4511453,0
AAPL.US,D,20210318,000000,98.84,98.85,97.21,97.60,9268659,0
AAPL.US,D,20210319,000000,97.59,99.79,97.48,99.34,4313145,0
AAPL.US,D,20210322,000000,99.55,99.55,98.53,98.67,4997736,0
AAPL.US,D,20210322,000000,99.02,101.27,98.64,100.91,4369330,0
AAPL.US,D,20210322,000000,100.77,101.01,99.54,99.97,6503488,0
AAPL.US,D,20210323,000000,99.43,99.83,95.13,96.58,4357884,0
AAPL.US,D,20210324,000000,96.83,96.98,96.73,96.85,8734265,0
AAPL.US,D,20210325,000000,96.22,99.98,95.01,99.86,5306554,0
AAPL.US,D,20210326,000000,99.39,101.23,99.07,100.85,9036545,0
AAPL.US,D,20210329,000000,100.42,104.27,100.04,102.91,8091419,0
AAPL.US,D,20210329,000000,102.55,108.08,100.98,105.61,5979981,0
AAPL.US,D,20210329,000000,105.40,107.89,105.17,107.70,11273963,0
AAPL.US,D,20210330,000000,107.82,108.61,105.91,106.75,5777804,0
AAPL.US,D,20210331,000000,107.30,107.77,104.98,105.68,10454385,0
AAPL.US,D,20210401,000000,105.19,106.91,105.01,106.87,4383706,0
AAPL.US,D,20210402,000000,107.35,111.13,105.94,110.09,8413373,0
AAPL.US,D,20210405,000000,109.64,109.84,107.81,108.51,9260503,0
AAPL.US,D,20210405,000000,108.33,112.05,107.53,111.04,10220225,0
AAPL.US,D,20210405,000000,110.28,110.54,108.29,108.78,6294557,0
AAPL.US,D,20210406,000000,108.43,108.56,106.39,107.87,4695538,0
AAPL.US,D,20210407,000000,108.46,112.86,108.13,111.90,4749068,0
AAPL.US,D,20210408,000000,111.51,111.54,111.32,111.44,11587173,0
AAPL.US,D,20210409,000000,111.96,112.70,104.20,106.77,8259274,0
AAPL.US,D,20210412,000000,107.22,107.66,107.02,107.05,8274598,0
AAPL.US,D,20210412,000000,106.40,117.05,106.38,111.86,9472624,0
AAPL.US,D,20210412,000000,112.58,112.67,111.06,112.49,5398513,0
AAPL.US,D,20210413,000000,112.37,113.56,112.37,113.33,11757827,0
AAPL.US,D,20210414,000000,113.88,116.33,113.42,115.78,7864997,0
AAPL.US,D,20210415,000000,115.39,116.70,115.12,115.93,11673079,0
AAPL.US,D,20210416,000000,116.77,116.84,115.51,115.66,4047128,0
AAPL.US,D,20210419,000000,115.93,115.96,115.86,115.94,4070909,0
AAPL.US,D,20210419,000000,115.24,116.98,114.94,116.28,4055283,0
AAPL.US,D,20210419,000000,115.95,116.12,115.15,115.44,8291419,0
AAPL.US,D,20210420,000000,115.25,119.81,114.28,118.60,4046481,0
AAPL.US,D,20210421,000000,118.85,119.13,116.73,117.20,6649708,0
AAPL.US,D,20210422,000000,118.41,118.54,117.69,117.71,7912542,0
AAPL.US,D,20210423,000000,118.18,118.22,117.44,117.79,9807956,0
AAPL.US,D,20210426,000000,118.46,118.58,114.73,115.38,6752964,0
AAPL.US,D,20210426,000000,116.25,116.52,115.42,115.61,4064231,0
AAPL.US,D,20210426,000000,116.01,116.15,115.58,115.78,5494881,0
AAPL.US,D,20210427,000000,115.72,116.79,115.38,116.49,7791142,0
AAPL.US,D,20210428,000000,116.42,116.65,115.00,115.85,9031263,0
AAPL.US,D,20210429,000000,115.56,116.57,115.42,116.49,4141290,0
AAPL.US,D,20210430,000000,116.05,120.82,113.73,119.69,5774201,0
AAPL.US,D,20210503,000000,119.55,120.10,119.48,119.98,11543989,0
AAPL.US,D,20210503,000000,120.22,120.72,118.83,118.83,6573116,0
AAPL.US,D,20210503,000000,118.45,120.09,117.95,120.08,6674257,0
AAPL.US,D,20210504,000000,119.69,122.56,119.19,121.86,10480281,0
AAPL.US,D,20210505,000000,121.54,121.64,118.43,119.42,4697849,0
AAPL.US,D,20210506,000000,119.28,122.58,119.10,121.26,10539273,0
AAPL.US,D,20210507,000000,122.54,123.99,122.25,123.52,7793588,0
AAPL.US,D,20210510,000000,123.72,124.67,119.96,120.76,11132693,0
AAPL.US,D,20210510,000000,120.18,120.95,115.17,116.46,4939431,0
AAPL.US,D,20210510,000000,115.06,117.46,114.76,117.34,6193189,0
AAPL.US,D,20210511,000000,117.56,117.64,116.99,117.01,10516268,0
AAPL.US,D,20210512,000000,116.80,117.22,116.77,117.11,8499988,0
AAPL.US,D,20210513,000000,117.12,119.02,116.95,118.50,4070890,0
AAPL.US,D,20210514,000000,117.61,117.62,117.51,117.56,6370909,0
AAPL.US,D,20210517,000000,117.67,118.71,117.14,118.50,11536368,0
AAPL.US,D,20210517,000000,118.62,120.43,118.54,119.47,5679779,0
AAPL.US,D,20210517,000000,118.35,123.23,116.09,121.51,11071891,0
AAPL.US,D,20210518,000000,121.94,123.19,121.90,122.66,4083265,0
AAPL.US,D,20210519,000000,122.58,126.51,122.49,125.10,10943855,0
AAPL.US,D,20210520,000000,124.92,125.30,123.82,124.02,9009837,0
AAPL.US,D,20210521,000000,123.50,123.55,122.92,123.18,10865770,0
AAPL.US,D,20210524,000000,123.11,124.91,122.68,124.44,7967689,0
AAPL.US,D,20210524,000000,124.68,125.35,124.63,125.12,6256353,0
AAPL.US,D,20210524,000000,125.36,127.75,125.04,127.55,7411160,0
AAPL.US,D,20210525,000000,127.19,128.33,126.90,127.95,4094308,0
AAPL.US,D,20210526,000000,127.99,128.86,127.71,128.62,5057432,0
AAPL.US,D,20210527,000000,129.06,129.07,127.68,127.74,10333285,0
AAPL.US,D,20210528,000000,127.80,127.90,127.25,127.43,11139122,0
AAPL.US,D,20210531,000000,127.26,127.33,126.82,126.85,8348903,0
AAPL.US,D,20210531,000000,126.73,126.96,126.70,126.91,4009683,0
AAPL.US,D,20210531,000000,126.72,127.73,126.24,127.56,9475339,0
AAPL.US,D,20210601,000000,127.76,127.97,126.50,126.52,11651731,0
AAPL.US,D,20210602,000000,126.42,126.89,126.39,126.82,4346774,0
AAPL.US,D,20210603,000000,126.73,128.19,126.53,127.58,9497285,0
AAPL.US,D,20210604,000000,127.70,127.84,127.19,127.19,6123207,0
AAPL.US,D,20210607,000000,127.35,128.13,125.98,126.14,5172712,0
AAPL.US,D,20210607,000000,126.44,127.39,126.21,127.25,7419625,0
AAPL.US,D,20210607,000000,127.16,127.18,126.35,126.59,7953651,0
AAPL.US,D,20210608,000000,126.37,127.15,126.11,126.82,11372839,0
AAPL.US,D,20210609,000000,126.60,127.56,126.57,127.38,4668941,0
AAPL.US,D,20210610,000000,127.44,127.46,126.47,126.64,6893675,0
AAPL.US,D,20210611,000000,126.47,128.31,126.33,128.12,11290895,0
AAPL.US,D,20210614,000000,128.14,129.72,128.03,129.10,8412003,0
AAPL.US,D,20210614,000000,129.14,129.15,128.63,128.73,9566245,0
AAPL.US,D,20210614,000000,128.61,130.51,128.55,130.22,8652856,0
AAPL.US,D,20210615,000000,130.30,130.45,130.26,130.41,4099821,0
AAPL.US,D,20210616,000000,130.44,130.66,129.18,129.57,11590126,0
AAPL.US,D,20210617,000000,129.31,129.88,129.30,129.79,4480006,0
AAPL.US,D,20210618,000000,129.84,129.99,128.96,129.13,11585935,0
AAPL.US,D,20210621,000000,129.12,129.50,129.01,129.44,11451601,0
AAPL.US,D,20210621,000000,129.10,129.77,128.86,129.75,4447974,0
AAPL.US,D,20210621,000000,130.01,130.77,129.93,130.53,7819330,0
AAPL.US,D,20210622,000000,130.48,130.56,129.89,130.01,6159356,0
AAPL.US,D,20210623,000000,130.05,130.54,129.95,130.53,4851716,0
AAPL.US,D,20210624,000000,130.67,130.71,130.60,130.68,5922681,0
AAPL.US,D,20210625,000000,131.65,131.69,131.46,131.47,4745687,0
AAPL.US,D,20210628,000000,131.47,134.74,131.47,133.83,7125130,0
AAPL.US,D,20210628,000000,133.73,134.42,133.62,134.20,8017416,0
AAPL.US,D,20210628,000000,134.28,134.30,134.00,134.04,5289784,0
AAPL.US,D,20210629,000000,133.63,133.80,133.52,133.78,9451677,0
AAPL.US,D,20210630,000000,134.15,135.51,134.14,135.11,8186296,0
AAPL.US,D,20210701,000000,135.29,135.87,133.10,133.94,4320103,0
AAPL.US,D,20210702,000000,134.01,135.28,130.99,132.50,8535206,0
AAPL.US,D,20210705,000000,133.06,133.16,132.15,132.51,10379064,0
AAPL.US,D,20210705,000000,132.27,132.29,131.47,131.56,8612092,0
AAPL.US,D,20210705,000000,131.46,132.99,131.40,131.98,10105170,0
AAPL.US,D,20210706,000000,132.52,132.72,132.52,132.60,6293000,0
AAPL.US,D,20210707,000000,132.50,133.51,132.48,133.12,6509163,0
AAPL.US,D,20210708,000000,132.59,133.73,132.59,133.61,11819453,0
AAPL.US,D,20210709,000000,133.45,134.63,133.31,134.48,7006573,0
AAPL.US,D,20210712,000000,134.57,134.72,133.36,133.77,7747909,0
AAPL.US,D,20210712,000000,133.87,134.05,133.30,133.52,7175559,0
AAPL.US,D,20210712,000000,133.69,133.87,133.67,133.83,9930278,0
AAPL.US,D,20210713,000000,133.20,134.70,133.03,134.50,8545652,0
AAPL.US,D,20210714,000000,135.18,135.36,133.29,134.35,5707366,0
AAPL.US,D,20210715,000000,134.37,134.66,134.25,134.66,5133903,0
AAPL.US,D,20210716,000000,134.97,135.39,134.92,135.24,11144587,0
AAPL.US,D,20210719,000000,135.59,135.83,135.57,135.69,5588842,0
AAPL.US,D,20210719,000000,134.83,135.20,134.80,135.03,11300782,0
AAPL.US,D,20210719,000000,134.30,134.38,133.75,134.08,8627914,0
AAPL.US,D,20210720,000000,134.40,136.36,133.68,135.81,4113494,0
AAPL.US,D,20210721,000000,135.29,135.47,132.05,133.03,6102421,0
AAPL.US,D,20210722,000000,134.04,135.35,125.53,127.74,8627016,0
AAPL.US,D,20210723,000000,128.12,128.70,127.59,128.57,5729098,0
AAPL.US,D,20210726,000000,127.87,130.89,127.23,129.99,6415555,0
AAPL.US,D,20210726,000000,130.51,134.81,130.50,133.59,6813831,0
AAPL.US,D,20210726,000000,134.19,134.76,131.10,131.53,6984971,0
AAPL.US,D,20210727,000000,131.06,131.25,130.95,131.15,9072857,0
AAPL.US,D,20210728,000000,131.36,132.88,125.55,126.94,4717103,0
AAPL.US,D,20210729,000000,127.90,128.18,127.13,127.54,9068201,0
AAPL.US,D,20210730,000000,126.98,127.76,126.24,127.49,8412703,0
AAPL.US,D,20210802,000000,128.11,130.80,127.52,130.55,11263948,0
AAPL.US,D,20210802,000000,129.36,129.51,126.53,127.66,6140873,0
AAPL.US,D,20210802,000000,128.70,128.73,126.20,126.28,11272472,0
AAPL.US,D,20210803,000000,126.57,127.23,126.29,126.40,6539767,0
AAPL.US,D,20210804,000000,125.66,130.10,125.00,128.87,7146541,0
AAPL.US,D,20210805,000000,127.11,132.88,126.04,130.93,7224952,0
AAPL.US,D,20210806,000000,131.08,132.78,130.83,132.41,8615469,0
AAPL.US,D,20210809,000000,133.60,135.36,133.23,135.00,4746035,0
AAPL.US,D,20210809,000000,135.05,135.29,134.93,135.09,11779199,0
AAPL.US,D,20210809,000000,134.88,135.68,133.52,134.87,5492441,0
AAPL.US,D,20210810,000000,135.34,135.54,131.46,133.55,7024855,0
AAPL.US,D,20210811,000000,133.88,134.98,133.82,134.33,10935512,0
AAPL.US,D,20210812,000000,134.66,138.51,134.11,138.45,4619051,0
AAPL.US,D,20210813,000000,138.56,138.95,130.61,132.59,7892138,0
AAPL.US,D,20210816,000000,130.97,131.56,130.69,131.18,5288829,0
AAPL.US,D,20210816,000000,130.56,137.60,129.93,136.87,6742483,0
AAPL.US,D,20210816,000000,136.82,144.66,136.68,143.19,4972748,0
AAPL.US,D,20210817,000000,142.09,142.12,141.33,141.54,11188578,0
AAPL.US,D,20210818,000000,142.46,142.64,141.54,141.80,5593900,0
AAPL.US,D,20210819,000000,141.28,144.61,140.46,144.14,11570765,0
AAPL.US,D,20210820,000000,144.68,145.13,139.94,143.13,4823156,0
AAPL.US,D,20210823,000000,143.44,143.62,137.71,139.29,7569261,0
AAPL.US,D,20210823,000000,139.13,139.29,137.86,138.08,6823324,0
AAPL.US,D,20210823,000000,136.20,136.59,134.48,134.64,7278466,0
AAPL.US,D,20210824,000000,135.56,135.92,131.00,131.41,10472323,0
AAPL.US,D,20210825,000000,131.42,132.27,131.30,132.10,6515623,0
AAPL.US,D,20210826,000000,131.98,132.71,131.88,132.38,5861189,0
AAPL.US,D,20210827,000000,132.53,134.25,132.31,133.41,11570168,0
AAPL.US,D,20210830,000000,132.18,132.55,127.76,128.99,10507155,0
AAPL.US,D,20210830,000000,128.70,129.98,128.57,129.95,7622280,0
AAPL.US,D,20210830,000000,129.97,130.86,127.56,127.71,8606069,0
AAPL.US,D,20210831,000000,129.35,130.43,127.46,127.84,8220109,0
AAPL.US,D,20210901,000000,126.14,128.94,125.90,128.34,6537517,0
AAPL.US,D,20210902,000000,128.50,130.01,128.37,129.38,11871734,0
AAPL.US,D,20210903,000000,130.68,130.89,129.43,129.56,5792114,0
AAPL.US,D,20210906,000000,131.19,131.26,127.61,128.26,4704133,0
AAPL.US,D,20210906,000000,128.65,130.67,123.43,123.53,4419927,0
AAPL.US,D,20210906,000000,124.16,124.20,122.37,123.04,10333022,0
AAPL.US,D,20210907,000000,123.85,125.96,123.57,125.51,5184011,0
AAPL.US,D,20210908,000000,126.16,126.56,122.57,123.64,5924187,0
AAPL.US,D,20210909,000000,123.48,124.16,123.46,123.93,10129615,0
AAPL.US,D,20210910,000000,124.10,124.60,121.56,122.53,9559720,0
AAPL.US,D,20210913,000000,122.72,124.12,122.64,123.51,7901164,0
AAPL.US,D,20210913,000000,123.56,126.91,122.07,125.97,9668098,0
AAPL.US,D,20210913,000000,126.14,126.56,123.49,123.86,7619455,0
AAPL.US,D,20210914,000000,123.75,123.90,123.22,123.34,11611956,0
AAPL.US,D,20210915,000000,123.19,123.19,123.12,123.13,7686774,0
AAPL.US,D,20210916,000000,122.84,124.78,122.57,124.34,6835414,0
AAPL.US,D,20210917,000000,124.06,125.88,123.95,125.45,4393075,0
AAPL.US,D,20210920,000000,125.50,126.70,125.32,126.56,8859585,0
AAPL.US,D,20210920,000000,126.70,126.71,126.53,126.55,11160467,0
AAPL.US,D,20210920,000000,126.40,126.42,126.34,126.36,7236475,0
AAPL.US,D,20210921,000000,126.49,126.78,126.49,126.67,5628603,0
AAPL.US,D,20210922,000000,126.66,126.79,125.49,125.94,8976946,0
AAPL.US,D,20210923,000000,125.90,125.96,124.52,124.74,6657242,0
AAPL.US,D,20210924,000000,124.64,125.89,124.58,125.20,11050060,0
AAPL.US,D,20210927,000000,125.44,126.47,125.43,126.46,10985748,0
AAPL.US,D,20210927,000000,126.80,126.81,126.45,126.52,8025171,0
AAPL.US,D,20210927,000000,126.86,127.11,124.59,125.21,6806248,0
AAPL.US,D,20210928,000000,125.21,125.25,124.85,124.98,6669910,0
AAPL.US,D,20210929,000000,125.21,125.34,124.88,124.90,8154471,0
AAPL.US,D,20210930,000000,124.79,124.83,124.65,124.65,4247237,0
AAPL.US,D,20211001,000000,124.53,124.69,124.08,124.22,7022226,0
AAPL.US,D,20211004,000000,124.02,125.37,123.72,124.64,11008742,0
AAPL.US,D,20211004,000000,124.48,128.25,123.82,126.67,6209977,0
AAPL.US,D,20211004,000000,126.48,129.16,125.80,128.13,8533299,0
AAPL.US,D,20211005,000000,128.16,128.28,126.96,127.05,9447384,0
AAPL.US,D,20211006,000000,126.88,126.97,126.88,126.95,6357813,0
AAPL.US,D,20211007,000000,127.01,127.16,127.01,127.15,6818044,0
AAPL.US,D,20211008,000000,127.50,127.57,126.48,126.92,11668194,0
AAPL.US,D,20211011,000000,126.90,126.92,126.14,126.36,11346078,0
AAPL.US,D,20211011,000000,126.49,126.56,126.47,126.55,7192908,0
AAPL.US,D,20211011,000000,126.93,127.12,124.72,125.28,11007459,0
AAPL.US,D,20211012,000000,125.31,125.43,124.64,124.74,6439968,0
AAPL.US,D,20211013,000000,124.56,127.08,123.70,126.81,4768338,0
AAPL.US,D,20211014,000000,126.52,126.70,126.50,126.68,7732420,0
AAPL.US,D,20211015,000000,126.73,126.73,126.42,126.46,5124684,0
AAPL.US,D,20211018,000000,126.14,126.50,124.72,125.25,11022441,0
AAPL.US,D,20211018,000000,125.79,127.11,125.67,126.37,8144066,0
AAPL.US,D,20211018,000000,126.17,126.80,125.00,125.75,10575521,0
AAPL.US,D,20211019,000000,125.90,126.16,124.67,124.90,9735611,0
AAPL.US,D,20211020,000000,123.94,124.27,122.82,123.40,9117345,0
AAPL.US,D,20211021,000000,123.19,125.71,122.21,125.18,5605598,0
AAPL.US,D,20211022,000000,125.62,125.62,125.50,125.60,4197251,0
AAPL.US,D,20211025,000000,125.92,126.00,125.56,125.57,5879422,0
AAPL.US,D,20211025,000000,125.19,125.26,124.48,124.62,5169970,0
AAPL.US,D,20211025,000000,124.61,125.13,124.59,124.77,5602808,0
AAPL.US,D,20211026,000000,125.24,125.34,124.79,124.94,7086566,0
AAPL.US,D,20211027,000000,125.05,125.09,123.02,123.33,7115435,0
AAPL.US,D,20211028,000000,122.95,123.84,122.79,123.17,6837814,0
AAPL.US,D,20211029,000000,123.10,126.61,122.51,126.04,10888177,0
AAPL.US,D,20211101,000000,125.34,130.57,124.83,130.17,9247467,0
AAPL.US,D,20211101,000000,130.35,130.44,128.89,129.44,11387815,0
AAPL.US,D,20211101,000000,127.76,131.78,127.47,131.22,9668001,0
AAPL.US,D,20211102,000000,131.17,131.50,130.82,131.13,8675945,0
AAPL.US,D,20211103,000000,132.03,132.09,129.74,130.53,7995471,0
AAPL.US,D,20211104,000000,130.64,131.57,128.33,129.13,4843454,0
AAPL.US,D,20211105,000000,127.88,128.06,126.73,126.88,6003870,0
AAPL.US,D,20211108,000000,126.21,127.96,126.14,127.85,5392537,0
AAPL.US,D,20211108,000000,128.62,130.18,128.51,129.71,7928824,0
AAPL.US,D,20211108,000000,129.67,130.73,127.75,128.04,4688146,0
AAPL.US,D,20211109,000000,128.25,129.34,128.22,129.31,10195085,0
AAPL.US,D,20211110,000000,128.62,129.69,126.56,127.00,8225236,0
AAPL.US,D,20211111,000000,127.47,129.94,126.52,128.82,10827372,0
AAPL.US,D,20211112,000000,127.54,127.91,125.58,125.83,8137974,0
AAPL.US,D,20211115,000000,126.94,128.98,126.85,128.03,6319171,0
AAPL.US,D,20211115,000000,126.77,127.15,124.29,125.16,8275390,0
AAPL.US,D,20211115,000000,124.52,130.62,123.59,129.10,11134467,0
AAPL.US,D,20211116,000000,130.32,131.28,125.54,125.83,5604090,0
AAPL.US,D,20211117,000000,126.27,126.84,123.65,125.22,11298556,0
AAPL.US,D,20211118,000000,125.63,127.86,124.94,126.61,10459899,0
AAPL.US,D,20211119,000000,125.32,129.60,124.68,127.60,7830171,0
AAPL.US,D,20211122,000000,128.54,131.71,127.77,131.53,7820740,0
AAPL.US,D,20211122,000000,131.88,135.85,123.42,124.42,5569394,0
AAPL.US,D,20211122,000000,124.34,124.76,122.42,122.49,7017822,0
AAPL.US,D,20211123,000000,122.01,127.64,121.17,126.26,11228410,0
AAPL.US,D,20211124,000000,126.90,128.85,126.87,128.76,7304523,0
AAPL.US,D,20211125,000000,128.45,129.23,119.05,122.54,5999379,0
AAPL.US,D,20211126,000000,121.78,123.23,121.35,122.96,11123397,0
AAPL.US,D,20211129,000000,121.73,123.15,121.55,122.96,11506961,0
AAPL.US,D,20211129,000000,123.86,130.06,122.50,128.40,6421751,0
AAPL.US,D,20211129,000000,128.94,132.53,128.53,131.75,8331353,0
AAPL.US,D,20211130,000000,129.37,134.78,129.32,133.93,11296393,0
AAPL.US,D,20211201,000000,133.41,134.79,127.79,129.82,10303520,0
AAPL.US,D,20211202,000000,127.86,130.75,127.81,130.52,10690601,0
AAPL.US,D,20211203,000000,129.52,142.26,127.87,135.97,7071490,0
AAPL.US,D,20211206,000000,135.05,137.17,134.65,136.52,8259935,0
AAPL.US,D,20211206,000000,136.78,138.62,133.83,135.58,6689746,0
AAPL.US,D,20211206,000000,135.60,137.11,132.06,132.45,8972244,0
AAPL.US,D,20211207,000000,134.61,135.52,122.61,126.22,11619788,0
AAPL.US,D,20211208,000000,127.98,128.98,123.86,124.64,10152098,0
AAPL.US,D,20211209,000000,120.35,137.32,112.69,136.47,6245601,0
AAPL.US,D,20211210,000000,139.05,139.51,130.50,132.84,4308849,0
AAPL.US,D,20211213,000000,132.83,136.70,132.60,136.65,6455161,0
AAPL.US,D,20211213,000000,137.53,137.81,129.05,129.10,4296030,0
AAPL.US,D,20211213,000000,127.88,134.49,127.62,133.78,11176354,0
AAPL.US,D,20211214,000000,132.97,133.07,130.27,130.87,7959431,0
AAPL.US,D,20211215,000000,131.98,133.30,131.08,133.15,5474043,0
AAPL.US,D,20211216,000000,132.61,133.27,131.43,133.02,11935769,0
AAPL.US,D,20211217,000000,134.17,134.40,132.86,132.95,5877574,0
AAPL.US,D,20211220,000000,133.29,136.13,132.54,135.80,10633102,0
AAPL.US,D,20211220,000000,134.97,135.28,134.43,134.50,6882295,0
AAPL.US,D,20211220,000000,132.32,133.19,132.11,133.10,6946415,0
AAPL.US,D,20211221,000000,132.59,135.67,132.02,135.45,9726143,0
AAPL.US,D,20211222,000000,134.75,136.99,124.81,128.01,9256474,0
AAPL.US,D,20211223,000000,126.10,144.92,124.15,133.93,8523219,0
AAPL.US,D,20211224,000000,133.75,135.26,132.86,133.86,10385644,0
AAPL.US,D,20211227,000000,132.68,132.96,128.53,129.71,11288556,0
