<TICKER>,<PER>,<DATE>,<TIME>,<OPEN>,<HIGH>,<LOW>,<CLOSE>,<VOL>,<OPENINT>
ABNB.US,D,20180102,000000,140.76,140.88,139.79,140.02,4230717,0
ABNB.US,D,20180103,000000,140.09,140.11,140.02,140.10,5149467,0
ABNB.US,D,20180104,000000,140.01,140.05,139.25,139.45,2095889,0
ABNB.US,D,20180105,000000,140.28,141.70,135.85,136.89,4018748,0
ABNB.US,D,20180108,000000,137.74,137.95,135.20,135.66,4225948,0
ABNB.US,D,20180108,000000,136.40,137.11,136.31,136.77,3215401,0
ABNB.US,D,20180108,000000,135.82,137.96,134.88,137.10,3446851,0
ABNB.US,D,20180109,000000,137.49,142.02,136.33,140.26,5730966,0
ABNB.US,D,20180110,000000,140.19,140.94,138.18,138.42,2418711,0
ABNB.US,D,20180111,000000,136.44,137.46,136.24,137.22,2911732,0
ABNB.US,D,20180112,000000,138.34,138.41,137.68,137.81,4845219,0
ABNB.US,D,20180115,000000,137.16,138.37,135.57,135.76,5030076,0
ABNB.US,D,20180115,000000,134.66,136.25,133.88,134.95,5283100,0
ABNB.US,D,20180115,000000,134.94,136.59,134.20,136.21,3385710,0
ABNB.US,D,20180116,000000,135.32,137.24,134.67,136.92,4859329,0
ABNB.US,D,20180117,000000,137.45,140.82,137.25,139.57,3497883,0
ABNB.US,D,20180118,000000,140.50,143.43,139.53,142.94,5091916,0
ABNB.US,D,20180119,000000,142.74,144.44,142.44,144.33,4046031,0
ABNB.US,D,20180122,000000,143.50,143.53,143.05,143.19,2007252,0
ABNB.US,D,20180122,000000,142.66,143.50,142.38,143.37,3786215,0
ABNB.US,D,20180122,000000,143.66,143.78,138.69,138.72,3439292,0
ABNB.US,D,20180123,000000,140.32,141.82,140.08,141.25,5947276,0
ABNB.US,D,20180124,000000,140.80,141.43,137.57,139.05,3016564,0
ABNB.US,D,20180125,000000,138.62,142.44,136.50,142.06,4869292,0
ABNB.US,D,20180126,000000,139.08,139.28,135.99,136.82,2066980,0
ABNB.US,D,20180129,000000,136.30,139.76,135.93,139.68,5279545,0
ABNB.US,D,20180129,000000,138.08,138.65,136.26,136.91,2615421,0
ABNB.US,D,20180129,000000,138.63,138.95,138.58,138.64,4314245,0
ABNB.US,D,20180130,000000,137.93,143.40,137.34,142.89,2915390,0
ABNB.US,D,20180131,000000,143.81,143.82,142.50,142.64,3083170,0
ABNB.US,D,20180201,000000,140.10,147.30,138.32,145.89,3180202,0
ABNB.US,D,20180202,000000,145.52,159.64,142.19,155.87,5615936,0
ABNB.US,D,20180205,000000,157.11,158.23,155.40,156.75,3001712,0
ABNB.US,D,20180205,000000,155.94,156.98,155.56,156.70,4137405,0
ABNB.US,D,20180205,000000,155.94,156.70,155.85,156.69,3305859,0
ABNB.US,D,20180206,000000,155.77,157.29,153.23,153.56,5868951,0
ABNB.US,D,20180207,000000,152.77,153.72,152.46,153.32,4636468,0
ABNB.US,D,20180208,000000,154.07,154.35,151.31,151.98,5843468,0
ABNB.US,D,20180209,000000,151.61,152.14,148.37,150.36,3488981,0
ABNB.US,D,20180212,000000,149.96,150.54,144.24,145.67,2929739,0
ABNB.US,D,20180212,000000,148.57,150.11,142.37,143.69,3612099,0
ABNB.US,D,20180212,000000,140.68,151.29,139.94,149.04,3649931,0
ABNB.US,D,20180213,000000,148.56,151.95,148.04,151.62,3345870,0
ABNB.US,D,20180214,000000,150.43,156.68,149.65,156.54,2009941,0
ABNB.US,D,20180215,000000,157.56,162.24,157.06,160.17,2403230,0
ABNB.US,D,20180216,000000,162.01,162.02,153.62,155.76,4134142,0
ABNB.US,D,20180219,000000,153.88,154.93,147.23,148.79,3503680,0
ABNB.US,D,20180219,000000,147.45,155.29,146.43,154.13,5907322,0
ABNB.US,D,20180219,000000,154.32,157.11,145.66,148.85,3158317,0
ABNB.US,D,20180220,000000,145.99,146.19,143.24,144.39,3897119,0
ABNB.US,D,20180221,000000,146.95,150.17,139.38,140.55,3883584,0
ABNB.US,D,20180222,000000,139.72,147.31,139.71,146.72,4046148,0
ABNB.US,D,20180223,000000,146.49,150.54,140.37,140.95,3613544,0
ABNB.US,D,20180226,000000,139.92,144.93,138.82,144.29,5372716,0
ABNB.US,D,20180226,000000,146.89,147.18,143.26,143.28,3611645,0
ABNB.US,D,20180226,000000,143.79,152.45,143.66,148.81,2184832,0
ABNB.US,D,20180227,000000,149.42,149.80,143.04,145.04,4702659,0
ABNB.US,D,20180228,000000,145.56,145.57,142.94,143.97,5712897,0
ABNB.US,D,20180301,000000,141.81,151.19,138.13,150.81,2314167,0
ABNB.US,D,20180302,000000,153.42,154.65,153.30,154.16,2000287,0
ABNB.US,D,20180305,000000,153.46,154.51,146.29,147.93,3872705,0
ABNB.US,D,20180305,000000,144.68,154.72,144.62,154.32,5071062,0
ABNB.US,D,20180305,000000,154.51,154.54,150.18,151.03,3964283,0
ABNB.US,D,20180306,000000,149.94,154.42,149.39,153.70,4234124,0
ABNB.US,D,20180307,000000,153.97,155.39,146.67,149.91,2342289,0
ABNB.US,D,20180308,000000,148.76,148.84,148.51,148.56,3151308,0
ABNB.US,D,20180309,000000,148.90,150.38,145.09,145.67,4584643,0
ABNB.US,D,20180312,000000,145.87,148.92,135.15,138.94,5520320,0
ABNB.US,D,20180312,000000,140.15,141.45,132.40,132.64,4435791,0
ABNB.US,D,20180312,000000,134.66,134.84,128.87,129.47,4099095,0
ABNB.US,D,20180313,000000,129.52,135.15,129.20,132.59,4177545,0
ABNB.US,D,20180314,000000,133.67,137.89,133.57,137.04,5398685,0
ABNB.US,D,20180315,000000,136.99,137.07,134.80,135.98,3937630,0
ABNB.US,D,20180316,000000,134.68,134.78,134.14,134.20,5984041,0
ABNB.US,D,20180319,000000,133.21,133.39,132.01,132.31,3346976,0
ABNB.US,D,20180319,000000,134.21,135.64,133.96,135.18,3435792,0
ABNB.US,D,20180319,000000,137.27,138.16,132.48,134.32,2769016,0
ABNB.US,D,20180320,000000,133.27,134.38,133.12,133.73,5063169,0
ABNB.US,D,20180321,000000,132.91,135.84,132.53,135.36,5779774,0
ABNB.US,D,20180322,000000,136.26,137.84,135.87,137.54,2186205,0
ABNB.US,D,20180323,000000,137.81,141.79,137.55,140.42,5191825,0
ABNB.US,D,20180326,000000,142.19,142.98,138.78,139.31,4558824,0
ABNB.US,D,20180326,000000,139.21,139.23,136.69,137.15,5773962,0
ABNB.US,D,20180326,000000,138.43,138.53,137.70,138.04,2477321,0
ABNB.US,D,20180327,000000,138.73,139.25,137.62,138.53,2933618,0
ABNB.US,D,20180328,000000,138.29,138.90,135.87,135.90,2254587,0
ABNB.US,D,20180329,000000,135.85,136.18,134.92,134.95,4351491,0
ABNB.US,D,20180330,000000,134.87,135.30,133.75,134.40,2090294,0
ABNB.US,D,20180402,000000,133.24,135.65,132.83,135.40,3214455,0
ABNB.US,D,20180402,000000,135.30,135.43,133.31,133.54,3798360,0
ABNB.US,D,20180402,000000,132.58,133.35,132.42,132.97,4805136,0
ABNB.US,D,20180403,000000,131.26,133.63,131.16,132.61,3061018,0
ABNB.US,D,20180404,000000,132.67,134.73,130.45,130.76,3041444,0
ABNB.US,D,20180405,000000,130.95,133.15,126.52,126.86,3506650,0
ABNB.US,D,20180406,000000,126.44,130.25,125.38,130.08,5503500,0
ABNB.US,D,20180409,000000,131.58,135.69,130.83,135.64,5277729,0
ABNB.US,D,20180409,000000,135.00,144.77,133.89,141.47,5603839,0
ABNB.US,D,20180409,000000,140.14,140.46,139.11,139.55,2924371,0
ABNB.US,D,20180410,000000,138.64,138.94,137.47,137.80,2658284,0
ABNB.US,D,20180411,000000,137.17,139.23,136.86,138.99,5165087,0
ABNB.US,D,20180412,000000,138.57,140.05,138.55,139.85,4573869,0
ABNB.US,D,20180413,000000,140.69,144.24,140.51,143.67,2934327,0
ABNB.US,D,20180416,000000,142.72,142.93,142.43,142.44,3989538,0
ABNB.US,D,20180416,000000,142.91,143.45,136.53,139.05,5626673,0
ABNB.US,D,20180416,000000,139.27,143.16,139.13,141.70,3957279,0
ABNB.US,D,20180417,000000,141.32,144.57,141.09,144.31,3866617,0
ABNB.US,D,20180418,000000,145.48,145.85,140.39,140.90,4370516,0
ABNB.US,D,20180419,000000,140.39,145.90,138.68,145.25,2250851,0
ABNB.US,D,20180420,000000,144.15,150.63,143.71,149.67,2221082,0
ABNB.US,D,20180423,000000,147.50,153.15,147.17,150.76,2870613,0
ABNB.US,D,20180423,000000,150.82,157.48,150.18,156.80,5084642,0
ABNB.US,D,20180423,000000,155.65,158.63,155.31,158.47,4424637,0
ABNB.US,D,20180424,000000,159.80,160.77,154.85,155.67,2368095,0
ABNB.US,D,20180425,000000,156.26,156.37,153.48,154.16,5790587,0
ABNB.US,D,20180426,000000,155.61,158.67,150.74,151.58,2998559,0
ABNB.US,D,20180427,000000,150.47,150.66,143.97,147.40,3702205,0
ABNB.US,D,20180430,000000,147.69,150.35,146.58,150.12,2704198,0
ABNB.US,D,20180430,000000,150.34,151.74,144.60,145.88,4641755,0
ABNB.US,D,20180430,000000,146.93,150.09,140.23,141.96,3986562,0
ABNB.US,D,20180501,000000,142.16,142.83,140.78,141.78,2625469,0
ABNB.US,D,20180502,000000,141.13,142.70,135.82,136.27,3563962,0
ABNB.US,D,20180503,000000,133.48,141.98,129.22,139.57,4328590,0
ABNB.US,D,20180504,000000,140.02,140.50,139.64,139.90,2055541,0
ABNB.US,D,20180507,000000,141.74,142.20,141.58,142.00,2041735,0
ABNB.US,D,20180507,000000,142.17,142.40,141.28,141.29,3294901,0
ABNB.US,D,20180507,000000,140.99,144.38,140.80,143.21,2956674,0
ABNB.US,D,20180508,000000,143.51,150.74,142.82,149.04,5265787,0
ABNB.US,D,20180509,000000,150.57,151.16,148.97,149.46,4937264,0
ABNB.US,D,20180510,000000,149.15,149.61,144.31,145.71,4997306,0
ABNB.US,D,20180511,000000,146.07,148.75,138.85,140.04,4907756,0
ABNB.US,D,20180514,000000,139.27,140.13,138.70,140.01,3129110,0
ABNB.US,D,20180514,000000,137.36,137.38,134.60,134.85,2573604,0
ABNB.US,D,20180514,000000,135.05,137.33,135.01,137.19,5271398,0
ABNB.US,D,20180515,000000,136.15,142.11,133.22,141.06,3383892,0
ABNB.US,D,20180516,000000,139.58,143.97,139.12,142.31,4370400,0
ABNB.US,D,20180517,000000,141.88,142.70,141.78,142.42,4150706,0
ABNB.US,D,20180518,000000,142.64,145.42,137.58,138.80,2392579,0
ABNB.US,D,20180521,000000,137.53,142.11,137.39,140.62,4745976,0
ABNB.US,D,20180521,000000,141.00,142.68,137.45,138.18,4691656,0
ABNB.US,D,20180521,000000,137.40,137.89,136.62,137.43,3973717,0
ABNB.US,D,20180522,000000,136.39,140.12,136.12,138.86,4486714,0
ABNB.US,D,20180523,000000,138.74,138.91,138.45,138.51,4147525,0
ABNB.US,D,20180524,000000,135.67,149.11,135.48,145.03,3859190,0
ABNB.US,D,20180525,000000,143.84,144.10,142.95,142.95,5621858,0
ABNB.US,D,20180528,000000,143.44,143.92,142.15,142.36,2011234,0
ABNB.US,D,20180528,000000,143.60,145.10,134.77,139.06,2376173,0
ABNB.US,D,20180528,000000,138.30,140.96,137.55,139.86,5560905,0
ABNB.US,D,20180529,000000,139.23,139.53,136.52,137.39,4394576,0
ABNB.US,D,20180530,000000,136.99,137.76,134.76,135.57,2004192,0
ABNB.US,D,20180531,000000,134.41,134.91,134.24,134.84,2768634,0
ABNB.US,D,20180601,000000,135.01,135.09,134.87,134.87,3117641,0
ABNB.US,D,20180604,000000,134.77,136.67,134.38,136.41,3082987,0
ABNB.US,D,20180604,000000,136.37,139.50,136.15,139.48,4750224,0
ABNB.US,D,20180604,000000,139.57,140.03,138.87,139.01,5812125,0
ABNB.US,D,20180605,000000,138.79,139.01,135.71,136.07,5785978,0
ABNB.US,D,20180606,000000,137.09,137.14,133.74,134.39,5936269,0
ABNB.US,D,20180607,000000,134.31,138.77,134.03,137.78,5251269,0
ABNB.US,D,20180608,000000,137.99,138.14,137.68,137.70,3205786,0
ABNB.US,D,20180611,000000,138.16,138.18,137.07,137.42,4371459,0
ABNB.US,D,20180611,000000,137.70,137.81,137.38,137.40,3528748,0
ABNB.US,D,20180611,000000,137.01,139.64,136.60,139.03,2981220,0
ABNB.US,D,20180612,000000,139.13,139.48,136.13,136.67,4418259,0
ABNB.US,D,20180613,000000,137.74,139.66,137.31,139.59,5484535,0
ABNB.US,D,20180614,000000,139.17,139.18,139.08,139.11,2610031,0
ABNB.US,D,20180615,000000,139.68,140.19,139.56,139.95,2413252,0
ABNB.US,D,20180618,000000,140.12,140.45,140.04,140.41,5738855,0
ABNB.US,D,20180618,000000,140.69,140.82,140.65,140.78,3839303,0
ABNB.US,D,20180618,000000,140.28,141.75,132.10,135.46,3727205,0
ABNB.US,D,20180619,000000,135.03,135.17,134.32,134.47,4524725,0
ABNB.US,D,20180620,000000,132.85,133.93,132.67,133.91,3532350,0
ABNB.US,D,20180621,000000,132.60,135.75,131.66,135.73,3037269,0
ABNB.US,D,20180622,000000,133.74,133.89,131.82,132.51,3641587,0
ABNB.US,D,20180625,000000,131.55,131.70,127.76,129.19,2063780,0
ABNB.US,D,20180625,000000,129.47,129.99,128.41,128.96,2513210,0
ABNB.US,D,20180625,000000,128.87,129.80,127.69,129.63,2262223,0
ABNB.US,D,20180626,000000,129.11,134.37,128.54,133.51,2532787,0
ABNB.US,D,20180627,000000,134.59,135.19,130.36,132.14,5832361,0
ABNB.US,D,20180628,000000,132.43,134.13,132.23,133.53,2800092,0
ABNB.US,D,20180629,000000,133.24,134.84,133.18,134.68,4734708,0
ABNB.US,D,20180702,000000,133.69,134.08,133.58,134.06,3297284,0
ABNB.US,D,20180702,000000,135.95,136.40,129.95,132.66,4975095,0
ABNB.US,D,20180702,000000,132.10,135.69,131.41,134.78,5911409,0
ABNB.US,D,20180703,000000,134.65,134.80,133.71,133.90,5066284,0
ABNB.US,D,20180704,000000,134.13,136.18,133.67,135.41,4399990,0
ABNB.US,D,20180705,000000,134.87,135.35,131.85,132.23,5193983,0
ABNB.US,D,20180706,000000,131.88,133.18,126.92,127.36,2237858,0
ABNB.US,D,20180709,000000,126.65,126.70,123.81,124.65,3468785,0
ABNB.US,D,20180709,000000,124.69,124.83,120.14,121.41,4244142,0
ABNB.US,D,20180709,000000,122.22,123.88,113.18,114.58,3065739,0
ABNB.US,D,20180710,000000,114.75,115.85,114.59,115.82,5476862,0
ABNB.US,D,20180711,000000,115.47,123.35,114.97,120.29,2497065,0
ABNB.US,D,20180712,000000,119.14,125.03,116.13,124.00,4277687,0
ABNB.US,D,20180713,000000,124.78,124.82,124.65,124.68,4783685,0
ABNB.US,D,20180716,000000,124.33,125.97,116.14,117.54,2167440,0
ABNB.US,D,20180716,000000,116.92,117.61,114.70,115.43,3564528,0
ABNB.US,D,20180716,000000,114.71,115.05,114.08,114.14,4414131,0
ABNB.US,D,20180717,000000,113.67,117.36,112.82,116.56,4968403,0
ABNB.US,D,20180718,000000,117.47,117.69,116.80,117.10,5919951,0
ABNB.US,D,20180719,000000,117.25,117.65,116.55,117.46,3695640,0
ABNB.US,D,20180720,000000,116.38,120.29,116.08,118.81,2646905,0
ABNB.US,D,20180723,000000,116.97,118.82,114.61,118.76,4438051,0
ABNB.US,D,20180723,000000,118.88,130.58,118.86,126.86,2382425,0
ABNB.US,D,20180723,000000,128.49,137.25,126.96,134.30,3871271,0
ABNB.US,D,20180724,000000,135.20,135.66,133.12,133.52,5945850,0
ABNB.US,D,20180725,000000,134.10,134.46,126.32,130.90,5050420,0
ABNB.US,D,20180726,000000,131.87,132.97,126.75,128.99,4461137,0
ABNB.US,D,20180727,000000,132.25,140.49,129.77,139.65,5389034,0
ABNB.US,D,20180730,000000,139.55,145.63,139.51,142.62,5947698,0
ABNB.US,D,20180730,000000,144.59,144.84,139.87,141.98,5982307,0
ABNB.US,D,20180730,000000,139.84,140.14,136.43,138.10,2158657,0
ABNB.US,D,20180731,000000,140.22,146.83,139.48,143.72,2064656,0
ABNB.US,D,20180801,000000,142.36,150.87,141.49,149.63,5979833,0
ABNB.US,D,20180802,000000,149.22,153.22,148.89,152.71,5125176,0
ABNB.US,D,20180803,000000,153.03,162.40,152.28,158.84,5690534,0
ABNB.US,D,20180806,000000,156.12,163.09,155.39,161.87,5796645,0
ABNB.US,D,20180806,000000,164.53,167.60,154.92,157.01,4398089,0
ABNB.US,D,20180806,000000,156.95,161.77,156.19,160.99,2559658,0
ABNB.US,D,20180807,000000,162.94,163.07,153.08,156.88,2518109,0
ABNB.US,D,20180808,000000,157.53,160.04,152.24,152.83,4742329,0
ABNB.US,D,20180809,000000,155.22,157.19,146.87,150.19,4946957,0
ABNB.US,D,20180810,000000,155.56,157.07,138.92,142.40,4148900,0
ABNB.US,D,20180813,000000,140.59,145.61,140.17,143.99,3928533,0
ABNB.US,D,20180813,000000,145.60,149.84,142.19,149.50,5568237,0
ABNB.US,D,20180813,000000,146.25,155.38,145.38,152.22,4487850,0
ABNB.US,D,20180814,000000,151.31,158.97,150.34,157.09,3765399,0
ABNB.US,D,20180815,000000,157.27,157.79,146.10,150.29,4722007,0
ABNB.US,D,20180816,000000,149.17,150.26,149.03,149.87,2624559,0
ABNB.US,D,20180817,000000,148.03,150.50,147.87,150.27,2730382,0
ABNB.US,D,20180820,000000,149.07,159.41,148.01,158.98,2157737,0
ABNB.US,D,20180820,000000,156.46,165.60,154.61,164.99,5878912,0
ABNB.US,D,20180820,000000,166.09,168.80,165.89,167.04,2507179,0
ABNB.US,D,20180821,000000,166.43,169.08,160.65,163.50,4348581,0
ABNB.US,D,20180822,000000,161.46,172.13,160.95,170.39,4540423,0
ABNB.US,D,20180823,000000,167.84,173.43,164.64,171.56,5804390,0
ABNB.US,D,20180824,000000,173.99,174.42,168.26,168.35,3105218,0
ABNB.US,D,20180827,000000,167.35,167.56,158.70,160.87,4752609,0
ABNB.US,D,20180827,000000,158.31,167.66,157.56,164.86,3007049,0
ABNB.US,D,20180827,000000,168.43,171.54,167.81,171.35,5978516,0
ABNB.US,D,20180828,000000,168.66,176.71,165.88,173.24,3656200,0
ABNB.US,D,20180829,000000,175.80,178.80,175.02,177.64,3613558,0
ABNB.US,D,20180830,000000,178.51,178.83,178.45,178.55,3163677,0
ABNB.US,D,20180831,000000,175.69,182.56,173.84,181.55,2599030,0
ABNB.US,D,20180903,000000,184.35,185.40,183.74,185.17,3003429,0
ABNB.US,D,20180903,000000,188.58,192.40,175.59,176.72,5246701,0
ABNB.US,D,20180903,000000,175.00,182.47,172.40,181.20,5538036,0
ABNB.US,D,20180904,000000,180.25,184.83,178.89,181.39,3761880,0
ABNB.US,D,20180905,000000,183.04,184.54,169.86,174.68,4792446,0
ABNB.US,D,20180906,000000,173.84,183.86,170.09,183.80,5679050,0
ABNB.US,D,20180907,000000,187.61,189.13,173.73,177.34,2600165,0
ABNB.US,D,20180910,000000,175.75,175.94,169.80,171.75,4448992,0
ABNB.US,D,20180910,000000,172.50,183.23,170.87,181.49,3081588,0
ABNB.US,D,20180910,000000,181.85,182.17,172.31,174.02,4205673,0
ABNB.US,D,20180911,000000,172.44,172.88,170.27,170.43,3964828,0
ABNB.US,D,20180912,000000,167.92,175.53,167.85,171.83,4148476,0
ABNB.US,D,20180913,000000,171.79,176.25,170.78,176.00,5276105,0
ABNB.US,D,20180914,000000,177.41,178.49,164.38,167.31,3620540,0
ABNB.US,D,20180917,000000,164.84,179.72,162.47,174.71,4292330,0
ABNB.US,D,20180917,000000,173.39,174.53,173.29,174.45,4353182,0
ABNB.US,D,20180917,000000,175.98,176.67,169.95,170.40,5311977,0
ABNB.US,D,20180918,000000,169.19,170.51,160.98,163.57,5141118,0
ABNB.US,D,20180919,000000,164.79,165.14,164.39,165.12,4459409,0
ABNB.US,D,20180920,000000,161.69,163.51,153.91,154.47,3062026,0
ABNB.US,D,20180921,000000,152.65,159.86,151.18,157.43,2702269,0
ABNB.US,D,20180924,000000,156.52,156.62,155.38,155.51,4285770,0
ABNB.US,D,20180924,000000,151.52,151.58,138.81,139.91,3658424,0
ABNB.US,D,20180924,000000,140.44,141.37,133.62,136.77,5194103,0
ABNB.US,D,20180925,000000,136.70,138.25,133.36,134.43,5640611,0
ABNB.US,D,20180926,000000,133.27,140.78,132.37,138.69,4316924,0
ABNB.US,D,20180927,000000,134.09,151.20,132.31,146.88,4651031,0
ABNB.US,D,20180928,000000,149.24,149.59,148.46,148.91,2415249,0
ABNB.US,D,20181001,000000,150.45,152.10,149.11,151.99,3847284,0
ABNB.US,D,20181001,000000,151.62,155.41,151.20,154.42,2302464,0
ABNB.US,D,20181001,000000,153.33,154.95,144.19,146.02,3815379,0
ABNB.US,D,20181002,000000,145.30,148.67,144.64,147.88,4289784,0
ABNB.US,D,20181003,000000,147.06,150.92,145.99,149.67,5800878,0
ABNB.US,D,20181004,000000,150.31,151.44,138.00,142.41,3964115,0
ABNB.US,D,20181005,000000,139.64,157.55,138.50,152.84,4715454,0
ABNB.US,D,20181008,000000,151.05,153.30,139.72,143.01,2818575,0
ABNB.US,D,20181008,000000,142.49,163.97,137.73,159.01,5279413,0
ABNB.US,D,20181008,000000,154.85,172.73,151.53,169.46,4882275,0
ABNB.US,D,20181009,000000,171.29,190.98,168.58,188.44,2039686,0
ABNB.US,D,20181010,000000,187.08,193.69,186.70,190.38,5470044,0
ABNB.US,D,20181011,000000,192.41,199.98,190.05,196.74,5513919,0
ABNB.US,D,20181012,000000,194.56,195.51,184.19,188.15,4951590,0
ABNB.US,D,20181015,000000,189.30,194.12,186.64,191.49,5779600,0
ABNB.US,D,20181015,000000,196.05,196.07,187.17,189.02,5636822,0
ABNB.US,D,20181015,000000,196.14,197.26,172.27,175.79,5134287,0
ABNB.US,D,20181016,000000,179.00,179.66,169.15,169.84,5855467,0
ABNB.US,D,20181017,000000,170.87,172.55,166.98,168.24,2963598,0
ABNB.US,D,20181018,000000,169.28,171.02,166.14,167.29,3018766,0
ABNB.US,D,20181019,000000,165.75,167.39,155.91,158.32,3992820,0
ABNB.US,D,20181022,000000,156.30,156.57,148.64,151.08,3599920,0
ABNB.US,D,20181022,000000,148.98,150.74,143.55,144.25,2795171,0
ABNB.US,D,20181022,000000,145.70,146.73,140.13,140.32,3238469,0
ABNB.US,D,20181023,000000,145.65,146.27,138.21,140.60,5860814,0
ABNB.US,D,20181024,000000,140.89,141.03,139.43,140.06,2815584,0
ABNB.US,D,20181025,000000,137.78,139.53,131.36,133.66,3163864,0
ABNB.US,D,20181026,000000,135.35,137.48,128.06,130.47,5361403,0
ABNB.US,D,20181029,000000,131.78,137.24,130.22,136.65,3349393,0
ABNB.US,D,20181029,000000,131.20,134.80,131.04,132.18,4072713,0
ABNB.US,D,20181029,000000,132.31,142.06,131.28,140.34,2412707,0
ABNB.US,D,20181030,000000,139.46,140.90,134.60,136.82,5274799,0
ABNB.US,D,20181031,000000,136.24,138.07,134.29,134.61,5012540,0
ABNB.US,D,20181101,000000,136.16,136.75,135.68,135.84,2371177,0
ABNB.US,D,20181102,000000,136.76,143.07,136.50,141.84,5573136,0
ABNB.US,D,20181105,000000,144.24,144.55,137.18,137.95,2345470,0
ABNB.US,D,20181105,000000,140.12,141.70,124.11,128.51,3186965,0
ABNB.US,D,20181105,000000,128.89,129.61,123.48,126.72,3299618,0
ABNB.US,D,20181106,000000,127.18,129.21,118.38,122.14,5390009,0
ABNB.US,D,20181107,000000,118.54,125.34,116.75,121.69,4849369,0
ABNB.US,D,20181108,000000,123.33,123.48,119.24,119.53,4500166,0
ABNB.US,D,20181109,000000,118.06,118.06,116.54,116.82,3900583,0
ABNB.US,D,20181112,000000,117.52,118.48,115.31,115.99,3783078,0
ABNB.US,D,20181112,000000,114.16,122.24,112.59,121.82,2644021,0
ABNB.US,D,20181112,000000,124.93,126.34,117.23,119.27,5231877,0
ABNB.US,D,20181113,000000,117.84,132.41,115.33,126.91,4312646,0
ABNB.US,D,20181114,000000,126.46,128.06,102.92,115.29,5692056,0
ABNB.US,D,20181115,000000,115.50,117.73,114.96,116.93,3234065,0
ABNB.US,D,20181116,000000,116.68,125.02,113.62,124.77,2725518,0
ABNB.US,D,20181119,000000,123.50,127.86,123.43,126.48,4506344,0
ABNB.US,D,20181119,000000,128.99,129.18,124.95,125.07,5073482,0
ABNB.US,D,20181119,000000,125.72,130.15,124.48,128.92,5819046,0
ABNB.US,D,20181120,000000,129.76,131.84,118.37,120.71,5987578,0
ABNB.US,D,20181121,000000,121.43,122.68,121.25,122.33,2924671,0
ABNB.US,D,20181122,000000,119.37,121.67,118.66,120.72,5348127,0
ABNB.US,D,20181123,000000,124.08,124.72,113.92,117.42,3408512,0
ABNB.US,D,20181126,000000,115.50,129.21,113.18,128.35,2207276,0
ABNB.US,D,20181126,000000,127.04,133.60,126.69,133.50,3352149,0
ABNB.US,D,20181126,000000,133.23,134.02,124.18,128.77,5041401,0
ABNB.US,D,20181127,000000,126.87,129.72,125.85,129.06,5341144,0
ABNB.US,D,20181128,000000,129.76,137.38,127.14,133.19,4905843,0
ABNB.US,D,20181129,000000,131.70,138.44,130.41,136.59,4333211,0
ABNB.US,D,20181130,000000,134.59,135.82,131.24,131.55,2683482,0
ABNB.US,D,20181203,000000,130.10,130.70,129.63,130.09,2284864,0
ABNB.US,D,20181203,000000,128.78,136.89,128.62,132.73,2962551,0
ABNB.US,D,20181203,000000,130.80,144.61,128.26,143.40,4477903,0
ABNB.US,D,20181204,000000,144.58,147.95,144.16,146.04,3337393,0
ABNB.US,D,20181205,000000,146.37,146.74,144.93,146.14,4707179,0
ABNB.US,D,20181206,000000,143.19,146.04,138.51,139.83,2579943,0
ABNB.US,D,20181207,000000,137.02,150.54,136.06,146.36,3850861,0
ABNB.US,D,20181210,000000,143.17,145.77,142.08,144.60,3928400,0
ABNB.US,D,20181210,000000,143.07,143.41,140.89,140.96,5103003,0
ABNB.US,D,20181210,000000,139.98,140.98,139.78,140.83,3142731,0
ABNB.US,D,20181211,000000,142.61,144.41,142.25,143.92,5276390,0
ABNB.US,D,20181212,000000,141.67,143.49,140.66,141.20,3171448,0
ABNB.US,D,20181213,000000,139.32,145.72,136.46,145.54,3320152,0
ABNB.US,D,20181214,000000,143.31,144.66,137.42,139.25,2827842,0
ABNB.US,D,20181217,000000,137.30,137.62,132.32,134.73,2129219,0
ABNB.US,D,20181217,000000,133.24,134.32,132.97,133.84,4153753,0
ABNB.US,D,20181217,000000,133.15,135.75,124.90,127.33,2873374,0
ABNB.US,D,20181218,000000,127.73,128.01,123.83,124.53,7605754,0
ABNB.US,D,20181219,000000,124.50,125.98,120.24,120.56,9863964,0
ABNB.US,D,20181220,000000,114.96,119.15,114.72,115.11,7638102,0
ABNB.US,D,20181221,000000,119.29,119.83,111.63,112.70,8033421,0
ABNB.US,D,20181224,000000,112.43,112.90,106.09,107.79,6821713,0
ABNB.US,D,20181224,000000,105.43,107.82,100.31,100.99,4923251,0
ABNB.US,D,20181224,000000,100.60,102.87,94.67,95.49,10382245,0
ABNB.US,D,20181225,000000,94.30,96.04,88.41,88.90,5337519,0
ABNB.US,D,20181226,000000,89.09,91.07,80.60,82.64,12289240,0
ABNB.US,D,20181227,000000,83.46,84.08,77.54,78.28,12100723,0
ABNB.US,D,20181228,000000,78.06,78.58,74.25,75.48,14948228,0
ABNB.US,D,20181231,000000,74.92,77.07,67.58,70.21,8181032,0
ABNB.US,D,20181231,000000,71.05,72.37,65.30,66.86,19609562,0
ABNB.US,D,20181231,000000,63.60,70.44,62.64,68.85,9623385,0
ABNB.US,D,20190101,000000,68.46,70.86,68.41,70.79,8752817,0
ABNB.US,D,20190102,000000,70.49,72.82,70.22,72.55,14065157,0
ABNB.US,D,20190103,000000,72.94,74.61,72.84,73.93,5717055,0
ABNB.US,D,20190104,000000,74.25,78.34,73.82,76.40,15367647,0
ABNB.US,D,20190107,000000,75.42,81.01,74.59,79.16,15205262,0
ABNB.US,D,20190107,000000,79.54,81.87,79.46,81.30,9707338,0
ABNB.US,D,20190107,000000,84.41,84.45,83.70,84.00,9442751,0
ABNB.US,D,20190108,000000,83.90,87.83,82.61,86.38,14951681,0
ABNB.US,D,20190109,000000,87.61,88.89,86.63,88.72,15360096,0
ABNB.US,D,20190110,000000,87.22,94.46,85.77,91.89,17573263,0
ABNB.US,D,20190111,000000,91.53,96.13,90.25,94.96,14703616,0
ABNB.US,D,20190114,000000,95.92,98.53,95.64,98.15,8020807,0
ABNB.US,D,20190114,000000,97.76,100.97,97.08,100.84,15526986,0
ABNB.US,D,20190114,000000,99.20,105.31,98.03,104.18,11020182,0
ABNB.US,D,20190115,000000,102.77,109.88,102.05,107.75,16337919,0
ABNB.US,D,20190116,000000,107.47,113.64,106.89,112.42,7544794,0
ABNB.US,D,20190117,000000,111.21,118.59,109.54,116.59,13963805,0
ABNB.US,D,20190118,000000,113.41,122.48,112.91,120.73,17519570,0
ABNB.US,D,20190121,000000,121.91,122.17,120.62,121.35,2133710,0
ABNB.US,D,20190121,000000,121.11,132.97,118.92,128.49,5048095,0
ABNB.US,D,20190121,000000,128.28,135.75,127.51,133.40,5334731,0
ABNB.US,D,20190122,000000,131.42,134.08,116.48,119.14,5625766,0
ABNB.US,D,20190123,000000,119.38,127.15,118.49,126.69,5050569,0
ABNB.US,D,20190124,000000,129.64,129.78,118.23,120.34,2071588,0
ABNB.US,D,20190125,000000,119.33,119.74,118.87,119.58,2773487,0
ABNB.US,D,20190128,000000,118.15,124.94,116.81,123.64,5588134,0
ABNB.US,D,20190128,000000,123.06,133.76,121.79,132.06,2494414,0
ABNB.US,D,20190128,000000,133.43,133.43,124.99,127.99,5208203,0
ABNB.US,D,20190129,000000,128.36,128.49,124.22,125.62,3188160,0
ABNB.US,D,20190130,000000,125.26,126.09,122.31,122.64,5946034,0
ABNB.US,D,20190131,000000,122.32,127.83,119.51,127.01,4545884,0
ABNB.US,D,20190201,000000,128.26,129.06,124.47,125.00,3536541,0
ABNB.US,D,20190204,000000,125.59,135.63,125.49,133.96,4097306,0
ABNB.US,D,20190204,000000,133.55,140.63,133.52,137.62,5104700,0
ABNB.US,D,20190204,000000,136.71,142.84,135.67,142.19,3426871,0
ABNB.US,D,20190205,000000,140.55,141.50,136.52,138.80,2129100,0
ABNB.US,D,20190206,000000,137.95,137.97,137.33,137.58,4919509,0
ABNB.US,D,20190207,000000,136.36,137.44,135.87,136.60,4449346,0
ABNB.US,D,20190208,000000,137.02,137.30,134.16,134.69,2120363,0
ABNB.US,D,20190211,000000,132.33,135.93,131.92,134.97,3959570,0
ABNB.US,D,20190211,000000,134.01,138.12,125.00,127.01,5645727,0
ABNB.US,D,20190211,000000,128.29,128.43,127.98,128.00,4413495,0
ABNB.US,D,20190212,000000,129.29,129.60,128.29,128.45,4863714,0
ABNB.US,D,20190213,000000,128.43,129.68,121.57,124.52,5950681,0
ABNB.US,D,20190214,000000,125.20,125.23,122.59,122.81,3823782,0
ABNB.US,D,20190215,000000,124.25,126.78,123.83,126.32,2365360,0
ABNB.US,D,20190218,000000,126.84,135.70,126.63,131.67,3158979,0
ABNB.US,D,20190218,000000,132.83,135.03,119.54,125.60,4574119,0
ABNB.US,D,20190218,000000,126.09,126.44,119.27,119.91,5517195,0
ABNB.US,D,20190219,000000,119.87,120.54,109.83,112.44,5819034,0
ABNB.US,D,20190220,000000,115.26,117.55,114.89,117.05,2385230,0
ABNB.US,D,20190221,000000,116.88,117.57,114.42,116.57,5171767,0
ABNB.US,D,20190222,000000,116.49,117.12,108.23,110.66,4341381,0
ABNB.US,D,20190225,000000,111.86,114.51,111.66,113.92,2133489,0
ABNB.US,D,20190225,000000,112.93,116.00,112.14,114.69,5939812,0
ABNB.US,D,20190225,000000,115.61,116.72,110.90,112.01,2117141,0
ABNB.US,D,20190226,000000,112.13,113.24,103.94,104.71,5672644,0
ABNB.US,D,20190227,000000,103.94,106.33,103.83,104.96,4684321,0
ABNB.US,D,20190228,000000,103.74,104.42,103.45,104.32,2984326,0
ABNB.US,D,20190301,000000,104.58,108.08,104.35,106.72,3796623,0
ABNB.US,D,20190304,000000,107.34,110.28,107.06,109.83,5717529,0
ABNB.US,D,20190304,000000,110.80,114.57,110.40,114.17,2656314,0
ABNB.US,D,20190304,000000,114.00,115.17,111.08,111.26,5622208,0
ABNB.US,D,20190305,000000,111.36,112.19,110.92,111.38,4478655,0
ABNB.US,D,20190306,000000,110.90,111.30,101.84,103.28,4928759,0
ABNB.US,D,20190307,000000,103.28,103.41,99.64,100.85,4853330,0
ABNB.US,D,20190308,000000,100.67,106.11,99.45,104.19,2848912,0
ABNB.US,D,20190311,000000,103.84,108.20,103.28,107.99,5502406,0
ABNB.US,D,20190311,000000,107.82,108.07,103.65,104.78,2844576,0
ABNB.US,D,20190311,000000,103.17,103.51,101.02,101.53,2983666,0
ABNB.US,D,20190312,000000,100.71,102.23,96.54,96.88,4636939,0
ABNB.US,D,20190313,000000,98.22,99.41,95.92,96.47,3723898,0
ABNB.US,D,20190314,000000,97.04,97.72,95.05,95.23,5287427,0
ABNB.US,D,20190315,000000,94.59,97.81,82.79,84.32,5871363,0
ABNB.US,D,20190318,000000,84.24,86.09,83.80,85.75,5269048,0
ABNB.US,D,20190318,000000,86.25,87.26,79.54,81.35,2712299,0
ABNB.US,D,20190318,000000,81.99,82.05,79.76,79.92,3062448,0
ABNB.US,D,20190319,000000,80.99,82.21,76.95,77.94,4914803,0
ABNB.US,D,20190320,000000,78.36,82.87,77.63,81.75,2324959,0
ABNB.US,D,20190321,000000,82.39,83.77,75.86,77.87,2248889,0
ABNB.US,D,20190322,000000,76.82,78.96,75.91,77.77,5118500,0
ABNB.US,D,20190325,000000,77.13,77.22,74.32,75.13,4081208,0
ABNB.US,D,20190325,000000,74.82,75.92,74.80,75.72,3540118,0
ABNB.US,D,20190325,000000,75.40,75.48,73.79,74.26,4696153,0
ABNB.US,D,20190326,000000,74.98,75.15,73.40,73.57,3258741,0
ABNB.US,D,20190327,000000,74.12,74.22,73.58,73.61,5722714,0
ABNB.US,D,20190328,000000,72.04,73.77,66.24,67.40,5238821,0
ABNB.US,D,20190329,000000,67.37,71.16,66.81,70.96,4188931,0
ABNB.US,D,20190401,000000,69.60,78.99,67.52,75.39,3706821,0
ABNB.US,D,20190401,000000,76.20,77.30,73.86,74.24,5515857,0
ABNB.US,D,20190401,000000,72.91,78.23,72.81,75.99,5980539,0
ABNB.US,D,20190402,000000,76.62,77.20,73.60,73.80,5894544,0
ABNB.US,D,20190403,000000,73.66,74.62,70.13,71.15,4244520,0
ABNB.US,D,20190404,000000,70.78,73.10,70.74,72.23,4232392,0
ABNB.US,D,20190405,000000,72.32,72.39,70.86,71.49,4527697,0
ABNB.US,D,20190408,000000,70.85,71.40,70.83,71.02,2477550,0
ABNB.US,D,20190408,000000,71.44,74.00,71.41,73.63,4339013,0
ABNB.US,D,20190408,000000,72.78,75.16,72.13,74.48,4228045,0
ABNB.US,D,20190409,000000,74.23,74.51,70.91,71.79,2559550,0
ABNB.US,D,20190410,000000,72.23,72.31,67.30,69.37,5469971,0
ABNB.US,D,20190411,000000,69.98,70.39,67.39,67.72,5605715,0
ABNB.US,D,20190412,000000,68.01,68.16,67.93,68.01,3682354,0
ABNB.US,D,20190415,000000,67.75,71.29,66.82,71.25,4936426,0
ABNB.US,D,20190415,000000,72.00,72.95,71.88,72.36,5724071,0
ABNB.US,D,20190415,000000,72.21,72.24,72.08,72.21,5630540,0
ABNB.US,D,20190416,000000,72.41,73.59,71.92,73.59,4088038,0
ABNB.US,D,20190417,000000,73.31,73.83,73.16,73.82,3777783,0
ABNB.US,D,20190418,000000,73.59,73.98,72.11,72.38,4533796,0
ABNB.US,D,20190419,000000,71.96,74.79,71.58,73.94,2518309,0
ABNB.US,D,20190422,000000,73.63,76.83,73.58,76.47,5308808,0
ABNB.US,D,20190422,000000,77.99,78.75,77.52,77.83,2417224,0
ABNB.US,D,20190422,000000,79.77,79.94,78.56,78.72,8874245,0
ABNB.US,D,20190423,000000,78.19,79.82,78.05,79.56,8029578,0
ABNB.US,D,20190424,000000,79.68,80.70,79.58,80.48,4141386,0
ABNB.US,D,20190425,000000,79.72,82.06,79.47,81.84,3669708,0
ABNB.US,D,20190426,000000,80.58,83.74,79.72,83.15,5089406,0
ABNB.US,D,20190429,000000,85.21,85.44,83.68,84.18,5299065,0
ABNB.US,D,20190429,000000,84.69,86.11,83.99,85.89,4137159,0
ABNB.US,D,20190429,000000,87.10,87.30,87.09,87.24,4746552,0
ABNB.US,D,20190430,000000,86.77,90.10,86.38,89.53,11547445,0
ABNB.US,D,20190501,000000,89.87,92.87,89.26,91.66,9419401,0
ABNB.US,D,20190502,000000,90.72,95.07,89.91,94.30,5418283,0
ABNB.US,D,20190503,000000,95.23,96.32,94.97,96.11,10709847,0
ABNB.US,D,20190506,000000,95.57,98.77,94.46,98.16,6885452,0
ABNB.US,D,20190506,000000,96.36,100.87,96.22,99.94,6396391,0
ABNB.US,D,20190506,000000,100.57,102.58,100.26,102.36,14762608,0
ABNB.US,D,20190507,000000,103.33,105.78,102.87,105.58,8475548,0
ABNB.US,D,20190508,000000,105.69,110.12,105.55,108.40,15173797,0
ABNB.US,D,20190509,000000,108.24,112.74,106.46,111.92,8020780,0
ABNB.US,D,20190510,000000,111.80,116.02,111.50,115.25,14377760,0
ABNB.US,D,20190513,000000,114.53,120.80,112.91,119.19,16254931,0
ABNB.US,D,20190513,000000,119.50,126.63,119.05,122.77,14217477,0
ABNB.US,D,20190513,000000,121.39,128.93,120.07,126.22,15635041,0
ABNB.US,D,20190514,000000,124.83,131.65,123.98,130.02,7545384,0
ABNB.US,D,20190515,000000,129.73,133.51,129.39,132.78,16026579,0
ABNB.US,D,20190516,000000,133.68,138.45,133.66,137.69,18876197,0
ABNB.US,D,20190517,000000,139.20,145.32,138.59,144.38,9949382,0
ABNB.US,D,20190520,000000,144.51,152.86,143.27,149.41,15812725,0
ABNB.US,D,20190520,000000,148.71,154.14,147.87,154.07,18422434,0
ABNB.US,D,20190520,000000,154.09,159.15,153.31,158.51,18251495,0
ABNB.US,D,20190521,000000,161.74,163.40,161.57,163.33,17692913,0
ABNB.US,D,20190522,000000,162.69,179.88,160.12,173.79,2980756,0
ABNB.US,D,20190523,000000,173.84,188.59,170.76,184.99,5580414,0
ABNB.US,D,20190524,000000,186.16,186.78,176.43,180.96,4621749,0
ABNB.US,D,20190527,000000,181.63,182.82,181.60,182.03,3981258,0
ABNB.US,D,20190527,000000,185.04,192.84,183.69,190.87,2033080,0
ABNB.US,D,20190527,000000,187.04,190.92,170.73,174.83,3954574,0
ABNB.US,D,20190528,000000,175.25,177.60,174.30,177.48,2088889,0
ABNB.US,D,20190529,000000,177.41,178.45,165.74,169.52,5508233,0
ABNB.US,D,20190530,000000,167.98,184.30,166.20,179.42,4972800,0
ABNB.US,D,20190531,000000,177.29,187.64,176.17,182.85,3335899,0
ABNB.US,D,20190603,000000,185.78,192.76,184.37,191.67,3839982,0
ABNB.US,D,20190603,000000,188.09,193.77,186.87,192.28,2114018,0
ABNB.US,D,20190603,000000,195.76,196.03,191.22,191.62,4268025,0
ABNB.US,D,20190604,000000,190.82,191.56,179.73,181.56,2824697,0
ABNB.US,D,20190605,000000,179.20,183.82,177.09,178.16,2279263,0
ABNB.US,D,20190606,000000,179.03,179.15,177.35,178.17,4665298,0
ABNB.US,D,20190607,000000,179.85,181.20,175.50,177.04,2792296,0
ABNB.US,D,20190610,000000,174.61,175.57,173.10,175.11,3723705,0
ABNB.US,D,20190610,000000,174.70,178.98,172.96,178.09,5110276,0
ABNB.US,D,20190610,000000,178.31,186.94,174.57,184.93,5082627,0
ABNB.US,D,20190611,000000,184.85,188.45,169.59,172.69,5612874,0
ABNB.US,D,20190612,000000,173.27,174.61,159.68,162.72,5575187,0
ABNB.US,D,20190613,000000,160.69,161.86,160.56,161.68,4070316,0
ABNB.US,D,20190614,000000,166.24,176.78,163.51,174.22,3057530,0
ABNB.US,D,20190617,000000,174.17,175.57,164.82,167.82,4393273,0
ABNB.US,D,20190617,000000,170.57,172.90,146.56,154.02,2904170,0
ABNB.US,D,20190617,000000,151.67,158.80,148.34,157.49,5113133,0
ABNB.US,D,20190618,000000,156.79,158.29,146.90,148.96,4483567,0
ABNB.US,D,20190619,000000,150.63,152.83,150.47,151.97,3926720,0
ABNB.US,D,20190620,000000,156.06,163.54,154.66,160.83,3182630,0
ABNB.US,D,20190621,000000,162.27,163.68,161.49,162.93,5571617,0
ABNB.US,D,20190624,000000,158.59,159.24,153.40,153.44,3572908,0
ABNB.US,D,20190624,000000,154.60,157.93,152.09,157.82,4171591,0
ABNB.US,D,20190624,000000,158.36,158.40,156.86,157.32,5096735,0
ABNB.US,D,20190625,000000,161.11,162.99,155.23,157.07,4302827,0
ABNB.US,D,20190626,000000,158.18,168.61,129.62,135.33,3939157,0
ABNB.US,D,20190627,000000,131.96,132.67,118.50,119.90,5976015,0
ABNB.US,D,20190628,000000,124.35,124.45,119.94,120.54,4889142,0
ABNB.US,D,20190701,000000,117.98,123.23,117.74,123.00,3907413,0
ABNB.US,D,20190701,000000,121.15,133.58,119.08,132.21,2920132,0
ABNB.US,D,20190701,000000,137.01,157.77,132.69,152.13,5291251,0
ABNB.US,D,20190702,000000,152.39,164.38,150.29,160.70,4177982,0
ABNB.US,D,20190703,000000,157.03,157.22,135.05,140.00,4798128,0
ABNB.US,D,20190704,000000,140.31,147.49,139.42,144.89,3382072,0
ABNB.US,D,20190705,000000,144.96,147.67,143.87,147.27,4972064,0
ABNB.US,D,20190708,000000,147.31,148.05,147.14,147.58,3670654,0
ABNB.US,D,20190708,000000,150.78,155.28,143.96,144.30,2100315,0
ABNB.US,D,20190708,000000,148.22,150.97,122.80,126.80,5203045,0
ABNB.US,D,20190709,000000,127.28,133.91,127.05,132.37,3174208,0
ABNB.US,D,20190710,000000,134.05,140.82,133.13,139.64,3253640,0
ABNB.US,D,20190711,000000,141.02,152.48,139.75,149.75,5383420,0
ABNB.US,D,20190712,000000,149.85,164.48,143.34,163.49,2163292,0
ABNB.US,D,20190715,000000,165.92,174.40,164.05,166.54,2428971,0
ABNB.US,D,20190715,000000,170.22,179.98,168.73,178.48,4434279,0
ABNB.US,D,20190715,000000,174.89,198.09,171.97,197.96,3476202,0
ABNB.US,D,20190716,000000,195.19,196.08,176.94,182.65,2338581,0
ABNB.US,D,20190717,000000,182.66,182.75,177.38,178.88,2399443,0
ABNB.US,D,20190718,000000,179.04,203.01,174.51,202.74,2437305,0
ABNB.US,D,20190719,000000,204.99,209.71,204.69,207.21,3209194,0
ABNB.US,D,20190722,000000,211.60,217.09,210.45,216.56,4979074,0
ABNB.US,D,20190722,000000,222.56,243.20,213.19,234.43,5317808,0
ABNB.US,D,20190722,000000,237.73,237.97,199.58,213.08,4843172,0
ABNB.US,D,20190723,000000,207.66,208.01,201.24,203.13,5570291,0
ABNB.US,D,20190724,000000,198.83,204.28,198.59,201.17,3090518,0
ABNB.US,D,20190725,000000,203.95,210.38,177.71,183.62,2373877,0
ABNB.US,D,20190726,000000,182.85,184.57,149.44,152.59,5314711,0
ABNB.US,D,20190729,000000,156.92,177.05,153.44,170.62,2819081,0
ABNB.US,D,20190729,000000,166.36,172.96,162.74,172.27,2515544,0
ABNB.US,D,20190729,000000,171.02,172.40,163.00,164.37,5970505,0
ABNB.US,D,20190730,000000,164.83,165.49,158.65,160.48,5577873,0
ABNB.US,D,20190731,000000,159.20,169.68,156.79,165.07,2392175,0
ABNB.US,D,20190801,000000,169.13,172.43,160.39,161.02,5365357,0
ABNB.US,D,20190802,000000,160.88,183.39,159.45,175.89,3342822,0
ABNB.US,D,20190805,000000,172.82,182.55,172.39,181.67,3776799,0
ABNB.US,D,20190805,000000,182.93,189.57,165.80,168.15,2062527,0
ABNB.US,D,20190805,000000,168.29,192.87,165.23,183.52,2220851,0
ABNB.US,D,20190806,000000,185.06,188.49,184.89,187.08,5369511,0
ABNB.US,D,20190807,000000,184.99,209.50,182.46,206.50,5410833,0
ABNB.US,D,20190808,000000,204.48,216.23,201.67,215.15,4948330,0
ABNB.US,D,20190809,000000,218.48,218.90,215.51,216.36,3778278,0
ABNB.US,D,20190812,000000,210.16,219.03,209.35,217.89,2943258,0
ABNB.US,D,20190812,000000,211.76,237.51,202.58,235.78,3553483,0
ABNB.US,D,20190812,000000,233.12,269.40,231.93,251.23,5936953,0
ABNB.US,D,20190813,000000,254.58,285.93,253.34,275.13,2027314,0
ABNB.US,D,20190814,000000,271.09,283.86,269.01,277.76,3936484,0
ABNB.US,D,20190815,000000,277.48,280.14,256.20,257.93,4197819,0
ABNB.US,D,20190816,000000,262.54,267.15,229.42,231.21,5171281,0
ABNB.US,D,20190819,000000,233.32,239.16,223.82,223.96,4038242,0
ABNB.US,D,20190819,000000,224.82,242.86,220.20,239.59,4341541,0
ABNB.US,D,20190819,000000,234.39,244.31,233.86,241.70,4854549,0
ABNB.US,D,20190820,000000,239.72,243.25,239.17,243.24,5493321,0
ABNB.US,D,20190821,000000,245.41,247.84,218.13,232.21,4416823,0
ABNB.US,D,20190822,000000,232.19,265.39,230.25,253.88,2036543,0
ABNB.US,D,20190823,000000,252.96,267.69,252.63,259.45,4555713,0
ABNB.US,D,20190826,000000,252.52,276.08,251.43,273.91,5509021,0
ABNB.US,D,20190826,000000,279.12,282.84,277.80,281.76,3423606,0
ABNB.US,D,20190826,000000,283.19,285.39,260.24,265.79,3521891,0
ABNB.US,D,20190827,000000,259.76,261.26,257.75,260.93,2028512,0
ABNB.US,D,20190828,000000,266.83,268.84,257.47,259.38,2307816,0
ABNB.US,D,20190829,000000,265.06,267.15,226.76,238.26,4598526,0
ABNB.US,D,20190830,000000,236.82,245.37,235.48,242.30,5736138,0
ABNB.US,D,20190902,000000,241.68,249.20,238.93,249.07,3046071,0
ABNB.US,D,20190902,000000,254.11,266.50,236.68,240.67,2304473,0
ABNB.US,D,20190902,000000,236.11,262.47,233.55,261.87,2266383,0
ABNB.US,D,20190903,000000,258.72,266.62,234.91,237.50,3918305,0
ABNB.US,D,20190904,000000,247.36,248.37,246.37,247.35,4347695,0
ABNB.US,D,20190905,000000,250.25,250.55,241.88,245.62,5183784,0
ABNB.US,D,20190906,000000,249.95,251.54,240.29,242.22,3096926,0
ABNB.US,D,20190909,000000,234.45,234.91,231.86,232.28,2497885,0
ABNB.US,D,20190909,000000,231.34,233.39,224.00,230.71,5299483,0
ABNB.US,D,20190909,000000,231.81,240.96,228.81,239.29,2320061,0
ABNB.US,D,20190910,000000,231.33,239.43,231.22,238.99,3449895,0
ABNB.US,D,20190911,000000,237.61,239.25,227.32,228.61,4056868,0
ABNB.US,D,20190912,000000,231.46,239.84,203.81,210.75,3499867,0
ABNB.US,D,20190913,000000,212.58,223.70,210.06,223.61,3296271,0
ABNB.US,D,20190916,000000,219.09,229.68,218.95,228.57,5918108,0
ABNB.US,D,20190916,000000,232.25,232.56,220.78,226.33,3875146,0
ABNB.US,D,20190916,000000,226.20,226.93,215.89,216.82,2551601,0
ABNB.US,D,20190917,000000,213.83,228.71,213.15,224.90,4100102,0
ABNB.US,D,20190918,000000,224.37,231.04,224.06,230.88,3928699,0
ABNB.US,D,20190919,000000,226.37,226.49,225.33,226.32,3417512,0
ABNB.US,D,20190920,000000,231.67,240.11,229.79,239.55,4431117,0
ABNB.US,D,20190923,000000,243.09,246.89,242.89,245.96,3893005,0
ABNB.US,D,20190923,000000,247.98,253.34,229.90,235.96,4054184,0
ABNB.US,D,20190923,000000,234.14,261.32,226.53,254.10,3828858,0
ABNB.US,D,20190924,000000,249.57,269.07,245.65,258.24,5139343,0
ABNB.US,D,20190925,000000,252.61,254.89,236.29,237.83,4096895,0
ABNB.US,D,20190926,000000,237.58,239.06,210.71,218.66,4709579,0
ABNB.US,D,20190927,000000,218.01,219.78,213.81,214.21,3177407,0
ABNB.US,D,20190930,000000,216.03,241.21,213.32,234.13,5848905,0
ABNB.US,D,20190930,000000,237.89,242.91,237.07,242.25,2179035,0
ABNB.US,D,20190930,000000,249.49,251.38,215.64,228.46,2231370,0
ABNB.US,D,20191001,000000,233.31,236.21,233.16,236.11,2758809,0
ABNB.US,D,20191002,000000,235.17,237.66,231.32,231.90,4640765,0
ABNB.US,D,20191003,000000,228.35,242.20,228.22,240.98,3312113,0
ABNB.US,D,20191004,000000,236.00,240.26,233.18,239.18,4372677,0
ABNB.US,D,20191007,000000,242.23,246.83,222.40,228.50,5371179,0
ABNB.US,D,20191007,000000,230.56,244.67,227.19,237.23,4669427,0
ABNB.US,D,20191007,000000,232.79,244.73,231.49,242.21,3219549,0
ABNB.US,D,20191008,000000,236.15,239.27,224.29,225.44,5113586,0
ABNB.US,D,20191009,000000,221.54,227.83,209.15,211.92,2389791,0
ABNB.US,D,20191010,000000,213.87,215.18,194.23,196.37,3683286,0
ABNB.US,D,20191011,000000,195.96,196.33,195.86,196.27,3836917,0
ABNB.US,D,20191014,000000,194.41,200.36,193.95,199.44,2463174,0
ABNB.US,D,20191014,000000,196.65,208.98,195.63,203.70,2963978,0
ABNB.US,D,20191014,000000,205.09,213.31,201.29,208.38,2500450,0
ABNB.US,D,20191015,000000,209.41,229.82,207.59,222.18,3750070,0
ABNB.US,D,20191016,000000,220.61,221.81,211.37,212.46,3726898,0
ABNB.US,D,20191017,000000,214.04,214.44,210.23,211.74,2640395,0
ABNB.US,D,20191018,000000,208.06,214.45,207.38,213.65,5801231,0
ABNB.US,D,20191021,000000,212.81,230.13,212.59,227.96,5161169,0
ABNB.US,D,20191021,000000,228.73,239.30,226.59,238.72,3063575,0
ABNB.US,D,20191021,000000,240.92,251.36,237.50,250.08,3912388,0
ABNB.US,D,20191022,000000,247.81,268.11,245.17,264.68,3954286,0
ABNB.US,D,20191023,000000,266.36,272.96,250.06,253.61,3039353,0
ABNB.US,D,20191024,000000,255.69,261.60,254.63,257.24,4110767,0
ABNB.US,D,20191025,000000,249.87,284.72,244.52,272.85,2355967,0
ABNB.US,D,20191028,000000,279.49,280.20,275.05,276.71,4415714,0
ABNB.US,D,20191028,000000,277.47,277.50,260.98,263.06,3336916,0
ABNB.US,D,20191028,000000,277.11,279.40,263.23,264.03,3761742,0
ABNB.US,D,20191029,000000,270.59,275.32,268.43,275.03,5652692,0
ABNB.US,D,20191030,000000,272.24,272.57,238.76,248.73,4089000,0
ABNB.US,D,20191031,000000,245.95,266.85,243.68,258.87,2866221,0
ABNB.US,D,20191101,000000,253.42,276.40,252.07,269.74,4080667,0
ABNB.US,D,20191104,000000,273.26,286.74,243.07,243.87,3628010,0
ABNB.US,D,20191104,000000,243.69,254.17,241.60,253.43,5877596,0
ABNB.US,D,20191104,000000,252.73,253.21,248.25,249.24,3831213,0
ABNB.US,D,20191105,000000,245.82,252.58,244.84,250.76,5480556,0
ABNB.US,D,20191106,000000,252.83,253.70,245.47,247.14,5268879,0
ABNB.US,D,20191107,000000,244.82,256.67,236.53,238.83,2565134,0
ABNB.US,D,20191108,000000,236.81,237.15,232.49,232.76,2381042,0
ABNB.US,D,20191111,000000,232.45,241.77,230.27,238.93,3654780,0
ABNB.US,D,20191111,000000,239.23,251.53,236.36,247.73,3114888,0
ABNB.US,D,20191111,000000,255.00,258.32,247.49,251.53,3131293,0
ABNB.US,D,20191112,000000,247.99,258.07,247.15,251.16,4496224,0
ABNB.US,D,20191113,000000,256.16,275.72,254.00,270.26,4321864,0
ABNB.US,D,20191114,000000,263.94,265.22,258.22,260.81,4012198,0
ABNB.US,D,20191115,000000,262.98,292.22,253.10,283.18,4354975,0
ABNB.US,D,20191118,000000,285.70,291.94,266.20,272.27,2725890,0
ABNB.US,D,20191118,000000,263.45,277.35,261.24,275.56,5262960,0
ABNB.US,D,20191118,000000,268.17,288.49,267.30,282.42,3843729,0
ABNB.US,D,20191119,000000,274.23,327.92,260.20,314.22,5062753,0
ABNB.US,D,20191120,000000,324.05,325.30,313.47,316.42,3989513,0
ABNB.US,D,20191121,000000,307.36,335.88,298.93,333.08,4808078,0
ABNB.US,D,20191122,000000,333.41,354.86,332.39,349.63,4206936,0
ABNB.US,D,20191125,000000,346.50,352.31,343.82,350.12,2541845,0
ABNB.US,D,20191125,000000,340.86,351.74,338.71,350.19,3775038,0
ABNB.US,D,20191125,000000,345.77,378.82,341.66,373.96,3597775,0
ABNB.US,D,20191126,000000,377.25,390.87,338.33,342.58,2340590,0
ABNB.US,D,20191127,000000,346.06,359.55,345.20,355.33,5677798,0
ABNB.US,D,20191128,000000,349.11,351.04,348.51,350.64,4488054,0
ABNB.US,D,20191129,000000,334.15,349.53,332.55,347.92,3887197,0
ABNB.US,D,20191202,000000,348.83,352.93,344.89,346.62,5119830,0
ABNB.US,D,20191202,000000,333.63,336.83,327.84,328.37,2857365,0
ABNB.US,D,20191202,000000,330.95,374.01,318.65,369.35,4108696,0
ABNB.US,D,20191203,000000,350.33,361.96,339.45,360.81,4734986,0
ABNB.US,D,20191204,000000,359.97,365.91,358.95,360.88,5558980,0
ABNB.US,D,20191205,000000,365.21,371.46,363.22,367.95,2617994,0
ABNB.US,D,20191206,000000,359.25,412.58,345.52,406.98,2771984,0
ABNB.US,D,20191209,000000,411.20,430.21,411.19,421.29,4816622,0
ABNB.US,D,20191209,000000,412.26,428.28,327.77,363.93,2725641,0
ABNB.US,D,20191209,000000,355.59,372.13,353.21,368.98,4406409,0
ABNB.US,D,20191210,000000,380.42,388.17,330.00,342.31,3301697,0
ABNB.US,D,20191211,000000,339.04,350.52,305.02,305.53,2865272,0
ABNB.US,D,20191212,000000,314.24,321.15,313.90,318.72,2769213,0
ABNB.US,D,20191213,000000,311.61,324.21,306.86,316.05,5490252,0
ABNB.US,D,20191216,000000,317.16,320.38,310.89,311.33,5028909,0
ABNB.US,D,20191216,000000,316.95,317.06,311.19,314.71,4371868,0
ABNB.US,D,20191216,000000,317.81,334.15,251.46,259.19,3968545,0
ABNB.US,D,20191217,000000,251.73,284.51,240.22,271.02,2098157,0
ABNB.US,D,20191218,000000,265.01,283.88,264.57,282.04,5842718,0
ABNB.US,D,20191219,000000,288.05,297.74,287.94,294.52,2466858,0
ABNB.US,D,20191220,000000,284.88,315.58,277.12,308.12,5440663,0
ABNB.US,D,20191223,000000,311.33,351.93,295.42,345.39,2407491,0
ABNB.US,D,20191223,000000,342.34,380.71,338.75,377.59,3188915,0
ABNB.US,D,20191223,000000,381.46,383.66,379.18,379.93,4857064,0
ABNB.US,D,20191224,000000,374.87,381.19,331.07,341.90,2536400,0
ABNB.US,D,20191225,000000,338.70,347.28,336.77,343.03,2379455,0
ABNB.US,D,20191226,000000,342.47,348.40,330.37,331.72,2871242,0
ABNB.US,D,20191227,000000,325.83,406.90,315.91,389.74,3375676,0
ABNB.US,D,20191230,000000,380.88,386.77,349.64,350.50,3576791,0
ABNB.US,D,20191230,000000,355.69,371.60,352.79,369.66,5317036,0
ABNB.US,D,20191230,000000,363.45,432.31,359.06,420.60,2275256,0
ABNB.US,D,20191231,000000,428.05,428.86,385.84,397.36,2392828,0
ABNB.US,D,20200101,000000,399.67,402.69,398.02,400.81,5525498,0
ABNB.US,D,20200102,000000,416.65,444.65,309.69,343.91,2250673,0
ABNB.US,D,20200103,000000,332.77,336.05,315.94,318.59,5937635,0
ABNB.US,D,20200106,000000,325.17,326.45,308.23,319.55,2341842,0
ABNB.US,D,20200106,000000,320.99,327.92,287.64,299.67,2393535,0
ABNB.US,D,20200106,000000,311.11,344.68,308.31,334.74,2589400,0
ABNB.US,D,20200107,000000,335.20,350.01,297.92,306.14,3334622,0
ABNB.US,D,20200108,000000,303.02,343.39,295.81,327.82,4707738,0
ABNB.US,D,20200109,000000,334.61,336.94,295.40,309.64,3800809,0
ABNB.US,D,20200110,000000,311.71,311.99,300.04,305.38,4023016,0
ABNB.US,D,20200113,000000,298.94,300.90,285.62,287.73,3339934,0
ABNB.US,D,20200113,000000,291.63,292.08,279.94,285.29,4549565,0
ABNB.US,D,20200113,000000,287.23,312.60,284.85,303.78,2918519,0
ABNB.US,D,20200114,000000,296.43,298.81,250.40,267.43,3703428,0
ABNB.US,D,20200115,000000,275.31,277.92,273.17,275.33,3504544,0
ABNB.US,D,20200116,000000,280.41,314.76,278.13,301.26,5985382,0
ABNB.US,D,20200117,000000,300.09,327.20,293.19,315.57,3407698,0
ABNB.US,D,20200120,000000,318.61,326.72,317.73,325.35,5195526,0
ABNB.US,D,20200120,000000,317.26,399.90,305.88,385.09,4936543,0
ABNB.US,D,20200120,000000,380.13,402.11,376.52,394.96,3937248,0
ABNB.US,D,20200121,000000,395.84,429.95,393.45,421.11,4043918,0
ABNB.US,D,20200122,000000,423.48,442.61,415.80,430.42,4376792,0
ABNB.US,D,20200123,000000,421.11,443.31,417.20,443.30,5176053,0
ABNB.US,D,20200124,000000,446.64,450.27,437.35,440.04,4979625,0
ABNB.US,D,20200127,000000,446.16,511.23,432.85,492.21,3030778,0
ABNB.US,D,20200127,000000,509.52,513.21,472.67,489.47,2162280,0
ABNB.US,D,20200127,000000,500.16,507.61,497.76,503.34,2638009,0
ABNB.US,D,20200128,000000,522.70,534.87,520.56,533.97,5042286,0
ABNB.US,D,20200129,000000,506.36,592.80,503.89,592.73,2373863,0
ABNB.US,D,20200130,000000,606.19,671.10,604.93,658.32,5052269,0
ABNB.US,D,20200131,000000,650.55,652.36,634.99,650.10,2087683,0
ABNB.US,D,20200203,000000,674.42,680.03,652.07,654.27,5695384,0
ABNB.US,D,20200203,000000,684.28,708.45,623.12,629.76,3928588,0
ABNB.US,D,20200203,000000,637.55,654.46,527.46,566.32,5736667,0
ABNB.US,D,20200204,000000,569.63,580.35,442.96,487.63,3959700,0
ABNB.US,D,20200205,000000,483.23,500.44,480.29,495.06,3311314,0
ABNB.US,D,20200206,000000,523.07,525.79,518.88,519.93,2154684,0
ABNB.US,D,20200207,000000,512.38,518.35,417.43,434.93,3776674,0
ABNB.US,D,20200210,000000,443.59,447.67,422.83,423.41,5622031,0
ABNB.US,D,20200210,000000,425.23,488.29,398.82,466.46,4410689,0
ABNB.US,D,20200210,000000,460.82,496.75,459.70,496.32,5857337,0
ABNB.US,D,20200211,000000,501.59,502.09,475.58,480.35,5861312,0
ABNB.US,D,20200212,000000,478.88,548.96,473.65,540.85,4510063,0
ABNB.US,D,20200213,000000,530.03,534.52,480.84,492.09,4462656,0
ABNB.US,D,20200214,000000,483.93,534.31,480.98,524.51,5288450,0
ABNB.US,D,20200217,000000,506.80,551.88,489.84,544.49,2939148,0
ABNB.US,D,20200217,000000,555.82,572.58,500.53,502.75,5802692,0
ABNB.US,D,20200217,000000,502.62,527.39,501.84,525.94,2119405,0
ABNB.US,D,20200218,000000,527.71,549.30,524.56,534.39,3369777,0
ABNB.US,D,20200219,000000,536.80,666.84,512.46,629.58,3804942,0
ABNB.US,D,20200220,000000,635.80,663.69,628.77,663.32,4549572,0
ABNB.US,D,20200221,000000,650.95,770.36,634.41,755.60,3553610,0
ABNB.US,D,20200224,000000,740.38,768.97,726.25,763.72,4560994,0
ABNB.US,D,20200224,000000,785.29,838.10,775.15,827.37,5533829,0
ABNB.US,D,20200224,000000,849.58,925.90,840.95,881.15,2462694,0
ABNB.US,D,20200225,000000,895.04,1164.30,879.86,1090.53,3726747,0
ABNB.US,D,20200226,000000,1125.96,1138.67,1024.42,1071.66,4958617,0
ABNB.US,D,20200227,000000,1089.14,1099.54,1050.88,1062.21,3509443,0
ABNB.US,D,20200228,000000,1066.41,1076.55,1040.32,1044.13,3540760,0
ABNB.US,D,20200302,000000,1058.95,1060.18,983.40,995.99,2831565,0
ABNB.US,D,20200302,000000,997.18,1016.33,855.23,877.78,4194149,0
ABNB.US,D,20200302,000000,827.28,962.28,818.23,916.74,5108042,0
ABNB.US,D,20200303,000000,906.26,906.32,905.18,905.26,5569753,0
ABNB.US,D,20200304,000000,919.24,928.52,729.90,763.31,5642212,0
ABNB.US,D,20200305,000000,804.95,806.21,765.02,782.23,4504385,0
ABNB.US,D,20200306,000000,758.64,765.04,668.41,672.79,3202653,0
ABNB.US,D,20200309,000000,655.92,667.57,648.26,660.29,5702875,0
ABNB.US,D,20200309,000000,654.68,705.57,653.15,686.50,2828963,0
ABNB.US,D,20200309,000000,664.11,812.42,655.19,784.49,2324351,0
ABNB.US,D,20200310,000000,777.64,791.57,770.82,790.44,4183085,0
ABNB.US,D,20200311,000000,787.90,811.57,774.97,811.44,4716437,0
ABNB.US,D,20200312,000000,779.10,790.72,753.70,755.51,5269011,0
ABNB.US,D,20200313,000000,777.56,780.81,620.19,658.06,5680121,0
ABNB.US,D,20200316,000000,655.11,659.45,640.84,650.31,4584812,0
ABNB.US,D,20200316,000000,620.14,627.96,616.36,624.91,3320583,0
ABNB.US,D,20200316,000000,655.91,661.85,655.35,659.71,3480415,0
ABNB.US,D,20200317,000000,644.44,819.69,581.20,785.99,2237081,0
ABNB.US,D,20200318,000000,786.99,808.23,781.93,796.83,4550550,0
ABNB.US,D,20200319,000000,764.80,767.05,655.89,705.21,2594609,0
ABNB.US,D,20200320,000000,678.27,680.83,654.86,657.32,3099179,0
ABNB.US,D,20200323,000000,659.37,674.49,524.93,580.77,3437157,0
ABNB.US,D,20200323,000000,578.31,591.39,510.99,525.87,5098635,0
ABNB.US,D,20200323,000000,527.00,534.76,517.53,529.09,4318464,0
ABNB.US,D,20200324,000000,522.05,535.53,483.15,490.49,4924720,0
ABNB.US,D,20200325,000000,506.83,555.18,496.96,546.65,5121612,0
ABNB.US,D,20200326,000000,550.67,552.95,539.33,544.41,3016111,0
ABNB.US,D,20200327,000000,558.04,569.82,521.41,529.36,3027667,0
ABNB.US,D,20200330,000000,532.61,534.61,509.11,519.03,5159136,0
ABNB.US,D,20200330,000000,518.26,528.34,487.55,496.40,5964529,0
ABNB.US,D,20200330,000000,502.69,505.72,462.18,469.22,2400705,0
ABNB.US,D,20200331,000000,457.27,462.85,456.52,460.33,2246287,0
ABNB.US,D,20200401,000000,461.26,461.90,447.37,459.09,2481978,0
ABNB.US,D,20200402,000000,464.55,503.74,336.02,381.05,5571056,0
ABNB.US,D,20200403,000000,381.17,383.90,347.97,359.04,2406370,0
ABNB.US,D,20200406,000000,362.10,370.36,305.50,331.76,4872232,0
ABNB.US,D,20200406,000000,330.55,332.53,300.68,310.48,3160654,0
ABNB.US,D,20200406,000000,313.80,314.27,295.32,296.05,3488344,0
ABNB.US,D,20200407,000000,299.22,309.24,246.28,247.12,3274000,0
ABNB.US,D,20200408,000000,241.56,260.38,233.57,256.57,4406869,0
ABNB.US,D,20200409,000000,249.49,270.17,249.05,267.76,3401248,0
ABNB.US,D,20200410,000000,270.58,295.82,269.00,295.74,4466738,0
ABNB.US,D,20200413,000000,298.71,306.78,257.36,258.49,2617060,0
ABNB.US,D,20200413,000000,258.67,280.31,255.70,271.33,3229257,0
ABNB.US,D,20200413,000000,281.37,302.70,254.09,262.46,4110539,0
ABNB.US,D,20200414,000000,261.61,287.48,261.43,285.05,4144069,0
ABNB.US,D,20200415,000000,289.09,299.51,262.65,263.06,3958527,0
ABNB.US,D,20200416,000000,265.51,272.94,265.05,269.48,5115635,0
ABNB.US,D,20200417,000000,272.75,278.97,271.94,277.65,3788863,0
ABNB.US,D,20200420,000000,275.61,295.04,274.79,292.86,2024773,0
ABNB.US,D,20200420,000000,285.30,363.16,278.16,342.20,4977592,0
ABNB.US,D,20200420,000000,339.82,385.21,335.80,378.46,5033334,0
ABNB.US,D,20200421,000000,378.78,466.64,373.64,441.33,5027461,0
ABNB.US,D,20200422,000000,441.56,495.65,439.81,486.12,4582288,0
ABNB.US,D,20200423,000000,509.88,532.99,441.77,466.48,3147532,0
ABNB.US,D,20200424,000000,463.43,469.33,409.60,419.98,3707197,0
ABNB.US,D,20200427,000000,411.84,424.18,407.59,421.07,4947303,0
ABNB.US,D,20200427,000000,414.57,429.72,413.14,424.83,3334711,0
ABNB.US,D,20200427,000000,419.60,454.68,416.77,447.63,2628417,0
ABNB.US,D,20200428,000000,450.80,462.39,449.83,455.69,4399522,0
ABNB.US,D,20200429,000000,445.69,469.82,443.18,462.75,3622901,0
ABNB.US,D,20200430,000000,465.31,473.97,431.52,448.05,2795662,0
ABNB.US,D,20200501,000000,450.23,488.88,447.53,487.85,5874209,0
ABNB.US,D,20200504,000000,498.25,540.80,494.25,525.91,3544394,0
ABNB.US,D,20200504,000000,540.76,541.36,476.84,495.79,5037548,0
ABNB.US,D,20200504,000000,499.20,541.47,499.04,520.74,4231095,0
ABNB.US,D,20200505,000000,523.29,528.54,486.90,498.49,2947617,0
ABNB.US,D,20200506,000000,497.19,503.74,472.93,483.10,5269007,0
ABNB.US,D,20200507,000000,483.65,489.30,482.08,486.24,2246588,0
ABNB.US,D,20200508,000000,498.41,502.31,424.78,447.35,3241968,0
ABNB.US,D,20200511,000000,442.50,444.70,416.51,419.11,2128725,0
ABNB.US,D,20200511,000000,413.44,485.41,398.27,456.13,2988537,0
ABNB.US,D,20200511,000000,454.14,463.55,453.63,458.69,2504031,0
ABNB.US,D,20200512,000000,465.92,498.13,457.48,488.40,2168599,0
ABNB.US,D,20200513,000000,488.17,496.10,487.24,492.36,4513099,0
ABNB.US,D,20200514,000000,496.62,499.87,491.71,493.28,2798395,0
ABNB.US,D,20200515,000000,483.55,524.89,480.11,504.82,4538433,0
ABNB.US,D,20200518,000000,514.01,516.34,464.24,467.54,5524986,0
ABNB.US,D,20200518,000000,471.02,474.69,440.26,443.02,5344960,0
ABNB.US,D,20200518,000000,447.44,480.01,442.35,471.30,2721152,0
ABNB.US,D,20200519,000000,470.98,471.04,464.36,464.47,3639770,0
ABNB.US,D,20200520,000000,448.44,473.00,447.28,472.17,5818451,0
ABNB.US,D,20200521,000000,472.44,484.11,376.62,393.71,2993208,0
ABNB.US,D,20200522,000000,397.23,400.67,382.86,393.23,2869078,0
ABNB.US,D,20200525,000000,383.93,403.40,377.03,399.86,4649608,0
ABNB.US,D,20200525,000000,397.81,424.72,395.83,421.99,4073714,0
ABNB.US,D,20200525,000000,431.09,450.11,430.93,446.81,3098370,0
ABNB.US,D,20200526,000000,441.17,472.55,439.81,458.75,3344795,0
ABNB.US,D,20200527,000000,465.71,555.31,450.65,525.68,5324043,0
ABNB.US,D,20200528,000000,533.84,540.14,420.05,460.83,5720252,0
ABNB.US,D,20200529,000000,456.69,503.28,448.47,502.15,2792528,0
ABNB.US,D,20200601,000000,514.14,526.26,512.98,524.04,2324610,0
ABNB.US,D,20200601,000000,514.20,540.81,510.54,533.46,4409079,0
ABNB.US,D,20200601,000000,522.26,523.85,500.94,504.02,2634259,0
ABNB.US,D,20200602,000000,501.48,543.30,498.24,526.40,5192309,0
ABNB.US,D,20200603,000000,531.08,545.84,525.85,538.12,5205661,0
ABNB.US,D,20200604,000000,538.27,599.38,537.06,579.38,2335879,0
ABNB.US,D,20200605,000000,588.12,589.69,569.97,577.06,5016242,0
ABNB.US,D,20200608,000000,581.74,582.86,538.57,540.16,5558588,0
ABNB.US,D,20200608,000000,540.21,540.36,496.97,515.06,4831855,0
ABNB.US,D,20200608,000000,521.54,535.52,520.95,534.89,2771367,0
ABNB.US,D,20200609,000000,521.95,542.68,515.16,542.29,5783731,0
ABNB.US,D,20200610,000000,542.48,545.50,537.52,544.26,5613932,0
ABNB.US,D,20200611,000000,536.27,539.89,488.80,496.47,5869231,0
ABNB.US,D,20200612,000000,486.32,530.97,482.89,523.85,4203570,0
ABNB.US,D,20200615,000000,527.47,546.07,527.10,544.63,2859071,0
ABNB.US,D,20200615,000000,537.40,559.04,533.37,557.81,2623321,0
ABNB.US,D,20200615,000000,543.95,559.54,541.32,553.12,3019686,0
ABNB.US,D,20200616,000000,570.88,577.05,513.28,532.26,5076409,0
ABNB.US,D,20200617,000000,523.02,615.75,499.55,598.79,5323655,0
ABNB.US,D,20200618,000000,589.56,592.99,552.48,563.98,4253470,0
ABNB.US,D,20200619,000000,560.04,563.23,551.73,552.58,2446675,0
ABNB.US,D,20200622,000000,557.73,566.02,488.95,505.18,2335352,0
ABNB.US,D,20200622,000000,495.70,543.31,481.83,535.19,5429254,0
ABNB.US,D,20200622,000000,543.14,619.44,529.94,596.61,3713994,0
ABNB.US,D,20200623,000000,596.79,597.13,585.82,589.32,2563781,0
ABNB.US,D,20200624,000000,576.90,593.38,551.07,551.59,2576473,0
ABNB.US,D,20200625,000000,558.31,567.56,517.63,529.54,5447621,0
ABNB.US,D,20200626,000000,537.37,589.32,528.25,576.65,5670899,0
ABNB.US,D,20200629,000000,569.85,583.73,567.85,583.10,4553958,0
ABNB.US,D,20200629,000000,584.64,585.09,566.30,576.04,5824546,0
ABNB.US,D,20200629,000000,568.73,601.81,568.56,594.41,5916261,0
ABNB.US,D,20200630,000000,613.80,614.25,594.99,605.70,2423248,0
ABNB.US,D,20200701,000000,593.69,598.17,586.02,589.33,3978738,0
ABNB.US,D,20200702,000000,589.90,591.58,575.75,576.93,2734260,0
ABNB.US,D,20200703,000000,575.44,603.61,571.23,595.69,5021144,0
ABNB.US,D,20200706,000000,588.28,589.10,558.95,568.91,2651016,0
ABNB.US,D,20200706,000000,579.76,596.98,579.19,591.80,4735148,0
ABNB.US,D,20200706,000000,591.78,595.29,511.41,565.73,3822033,0
ABNB.US,D,20200707,000000,571.14,581.56,570.96,579.83,5397682,0
ABNB.US,D,20200708,000000,591.29,597.05,586.57,589.11,2535431,0
ABNB.US,D,20200709,000000,601.81,613.84,600.33,611.32,2938658,0
ABNB.US,D,20200710,000000,614.65,635.83,611.34,633.86,4812426,0
ABNB.US,D,20200713,000000,615.13,626.74,611.49,623.78,5765302,0
ABNB.US,D,20200713,000000,605.59,606.13,596.93,597.34,2562703,0
ABNB.US,D,20200713,000000,596.19,612.71,511.69,544.86,5601154,0
ABNB.US,D,20200714,000000,545.22,546.08,519.63,522.72,2646039,0
ABNB.US,D,20200715,000000,515.36,524.51,478.03,490.23,3499817,0
ABNB.US,D,20200716,000000,484.89,486.04,475.63,480.06,2969057,0
ABNB.US,D,20200717,000000,483.78,485.02,483.38,484.01,3056176,0
ABNB.US,D,20200720,000000,483.81,519.65,476.50,517.47,5179626,0
ABNB.US,D,20200720,000000,528.23,529.76,502.89,514.04,5683981,0
ABNB.US,D,20200720,000000,533.08,539.84,475.72,498.26,4538074,0
ABNB.US,D,20200721,000000,511.63,519.00,481.79,482.32,5225027,0
ABNB.US,D,20200722,000000,470.69,528.83,466.04,508.92,4614922,0
ABNB.US,D,20200723,000000,507.97,524.45,504.68,521.29,3217307,0
ABNB.US,D,20200724,000000,506.35,551.75,503.68,544.00,3646718,0
ABNB.US,D,20200727,000000,563.98,564.47,539.00,540.36,5765665,0
ABNB.US,D,20200727,000000,551.71,552.25,549.29,549.88,3597834,0
ABNB.US,D,20200727,000000,548.44,552.84,491.93,522.29,4388735,0
ABNB.US,D,20200728,000000,511.71,517.59,433.73,467.36,4986914,0
ABNB.US,D,20200729,000000,468.62,517.48,465.75,509.00,4436344,0
ABNB.US,D,20200730,000000,511.62,512.39,506.66,508.02,5791849,0
ABNB.US,D,20200731,000000,507.63,578.65,506.73,557.17,4977736,0
ABNB.US,D,20200803,000000,547.69,576.75,547.57,564.55,5435071,0
ABNB.US,D,20200803,000000,563.31,580.46,503.01,516.53,3839798,0
ABNB.US,D,20200803,000000,522.40,530.16,519.83,528.34,3177038,0
ABNB.US,D,20200804,000000,529.57,532.94,508.91,510.37,3863298,0
ABNB.US,D,20200805,000000,510.82,515.11,480.33,488.22,2560984,0
ABNB.US,D,20200806,000000,483.76,485.29,477.98,478.86,5465324,0
ABNB.US,D,20200807,000000,476.39,538.75,468.76,521.20,3076729,0
ABNB.US,D,20200810,000000,521.37,528.08,415.33,473.56,5356813,0
ABNB.US,D,20200810,000000,470.68,480.59,470.54,474.62,3140194,0
ABNB.US,D,20200810,000000,474.27,495.79,465.63,494.97,5300000,0
ABNB.US,D,20200811,000000,492.41,496.71,468.95,473.52,4352312,0
ABNB.US,D,20200812,000000,465.63,477.36,430.83,436.63,3320254,0
ABNB.US,D,20200813,000000,443.06,464.75,433.58,460.18,5545202,0
ABNB.US,D,20200814,000000,470.98,478.75,470.58,473.08,3972528,0
ABNB.US,D,20200817,000000,493.73,496.23,423.23,427.77,4998731,0
ABNB.US,D,20200817,000000,426.19,448.48,426.13,445.82,3085952,0
ABNB.US,D,20200817,000000,459.48,463.75,401.34,410.63,2255694,0
ABNB.US,D,20200818,000000,404.31,435.84,348.94,373.02,4922999,0
ABNB.US,D,20200819,000000,384.76,417.25,381.57,413.60,5892175,0
ABNB.US,D,20200820,000000,410.25,410.94,410.09,410.52,4565099,0
ABNB.US,D,20200821,000000,412.75,415.18,387.91,391.56,4873941,0
ABNB.US,D,20200824,000000,387.12,392.13,354.44,361.38,2429733,0
ABNB.US,D,20200824,000000,368.16,403.53,362.00,399.64,4814877,0
ABNB.US,D,20200824,000000,392.94,394.42,391.93,392.12,4153672,0
ABNB.US,D,20200825,000000,388.07,407.08,331.75,353.55,4303027,0
ABNB.US,D,20200826,000000,352.77,354.61,338.72,339.38,3438491,0
ABNB.US,D,20200827,000000,333.66,369.82,324.10,355.88,4915825,0
ABNB.US,D,20200828,000000,359.69,360.61,353.01,353.81,2035942,0
ABNB.US,D,20200831,000000,348.32,373.70,340.18,367.70,2946898,0
ABNB.US,D,20200831,000000,371.91,377.34,347.03,355.27,5314873,0
ABNB.US,D,20200831,000000,345.06,345.50,320.84,333.95,5812850,0
ABNB.US,D,20200901,000000,331.15,413.31,310.28,390.43,5084866,0
ABNB.US,D,20200902,000000,367.14,377.23,365.89,377.10,3976551,0
ABNB.US,D,20200903,000000,376.68,379.25,336.51,345.58,5088417,0
ABNB.US,D,20200904,000000,341.12,353.97,243.06,287.23,3477002,0
ABNB.US,D,20200907,000000,284.12,313.19,278.30,297.38,5407814,0
ABNB.US,D,20200907,000000,302.11,308.84,300.30,303.50,5668164,0
ABNB.US,D,20200907,000000,295.46,297.80,285.86,288.50,2324695,0
ABNB.US,D,20200908,000000,282.67,293.21,282.05,288.35,3761237,0
ABNB.US,D,20200909,000000,271.91,298.75,270.11,290.78,5099087,0
ABNB.US,D,20200910,000000,295.46,301.87,266.41,273.19,4589230,0
ABNB.US,D,20200911,000000,279.87,313.30,277.11,303.02,4988616,0
ABNB.US,D,20200914,000000,293.24,317.91,291.96,303.38,2647118,0
ABNB.US,D,20200914,000000,310.15,314.26,283.11,284.36,5834112,0
ABNB.US,D,20200914,000000,291.04,307.90,289.33,307.21,4062667,0
ABNB.US,D,20200915,000000,311.97,313.13,293.47,296.43,4806953,0
ABNB.US,D,20200916,000000,284.94,360.22,271.46,345.36,4819149,0
ABNB.US,D,20200917,000000,347.57,353.92,308.89,319.34,4766831,0
ABNB.US,D,20200918,000000,325.42,329.82,312.35,315.26,3225360,0
ABNB.US,D,20200921,000000,318.17,328.85,291.42,292.05,5234738,0
ABNB.US,D,20200921,000000,298.39,326.95,289.47,322.30,3182718,0
ABNB.US,D,20200921,000000,337.28,343.35,303.67,316.68,4190920,0
ABNB.US,D,20200922,000000,315.12,322.74,220.21,251.45,3929920,0
ABNB.US,D,20200923,000000,264.82,269.63,257.89,258.43,2509785,0
ABNB.US,D,20200924,000000,271.58,300.99,270.90,282.39,5019552,0
ABNB.US,D,20200925,000000,286.69,297.44,285.13,293.11,5820363,0
ABNB.US,D,20200928,000000,290.76,299.23,288.33,297.65,2785225,0
ABNB.US,D,20200928,000000,297.84,303.80,277.04,279.76,4923799,0
ABNB.US,D,20200928,000000,285.36,291.60,242.61,256.47,3086650,0
ABNB.US,D,20200929,000000,256.71,260.83,238.40,245.98,2392559,0
ABNB.US,D,20200930,000000,254.66,265.59,208.60,228.73,4343523,0
ABNB.US,D,20201001,000000,230.61,241.92,227.76,237.19,2121113,0
ABNB.US,D,20201002,000000,240.79,248.55,215.69,215.92,2417932,0
ABNB.US,D,20201005,000000,220.19,222.99,210.08,212.25,2304446,0
ABNB.US,D,20201005,000000,207.59,229.21,206.07,217.42,4159824,0
ABNB.US,D,20201005,000000,219.99,226.74,219.64,225.39,5021097,0
ABNB.US,D,20201006,000000,218.11,229.54,215.73,226.04,4092789,0
ABNB.US,D,20201007,000000,228.65,232.90,202.45,209.02,4029230,0
ABNB.US,D,20201008,000000,197.75,198.16,182.72,188.39,5336494,0
ABNB.US,D,20201009,000000,193.70,231.46,191.57,227.79,5938833,0
ABNB.US,D,20201012,000000,227.33,229.61,227.23,228.85,2673161,0
ABNB.US,D,20201012,000000,240.89,244.96,233.99,235.97,4256284,0
ABNB.US,D,20201012,000000,234.24,270.85,227.36,260.30,4585772,0
ABNB.US,D,20201013,000000,256.56,262.02,253.46,258.93,2418083,0
ABNB.US,D,20201014,000000,261.20,295.91,260.29,277.08,2745797,0
ABNB.US,D,20201015,000000,289.77,291.45,253.53,263.84,2502019,0
ABNB.US,D,20201016,000000,265.52,269.77,247.55,253.46,2419994,0
ABNB.US,D,20201019,000000,251.76,256.41,240.05,242.37,5578534,0
ABNB.US,D,20201019,000000,251.59,265.12,250.52,264.99,4179096,0
ABNB.US,D,20201019,000000,277.94,282.80,275.66,280.17,4385457,0
ABNB.US,D,20201020,000000,282.53,290.36,273.57,289.32,2913634,0
ABNB.US,D,20201021,000000,286.94,304.81,285.34,301.48,2608394,0
ABNB.US,D,20201022,000000,299.69,310.19,280.48,285.82,2619258,0
ABNB.US,D,20201023,000000,297.31,298.98,295.72,298.90,3075610,0
ABNB.US,D,20201026,000000,298.44,303.26,276.40,281.23,2627063,0
ABNB.US,D,20201026,000000,272.99,278.93,268.38,274.13,5605783,0
ABNB.US,D,20201026,000000,266.14,269.80,263.98,269.60,10405157,0
ABNB.US,D,20201027,000000,260.85,261.00,251.06,253.44,10230062,0
ABNB.US,D,20201028,000000,258.46,259.59,232.96,241.07,6831921,0
ABNB.US,D,20201029,000000,244.06,245.87,218.74,229.16,7454493,0
ABNB.US,D,20201030,000000,227.80,228.28,220.19,220.76,13635904,0
ABNB.US,D,20201102,000000,227.16,231.48,212.13,212.58,8912817,0
ABNB.US,D,20201102,000000,220.26,227.94,188.70,199.02,16503773,0
ABNB.US,D,20201102,000000,194.08,194.92,188.25,188.27,19295093,0
ABNB.US,D,20201103,000000,187.89,190.11,175.90,179.82,17917012,0
ABNB.US,D,20201104,000000,179.93,183.05,163.13,167.85,18875973,0
ABNB.US,D,20201105,000000,164.75,165.97,150.93,157.18,14865954,0
ABNB.US,D,20201106,000000,154.30,154.55,145.80,147.09,11682829,0
ABNB.US,D,20201109,000000,149.46,149.64,134.81,137.12,26890821,0
ABNB.US,D,20201109,000000,139.84,146.95,137.88,146.83,2164056,0
ABNB.US,D,20201109,000000,148.20,150.34,140.93,142.13,4437315,0
ABNB.US,D,20201110,000000,140.48,145.36,130.94,136.38,4143478,0
ABNB.US,D,20201111,000000,138.17,140.14,136.16,138.45,5685165,0
ABNB.US,D,20201112,000000,133.59,144.00,133.22,143.26,2146342,0
ABNB.US,D,20201113,000000,143.61,154.12,139.26,151.80,3756576,0
ABNB.US,D,20201116,000000,151.30,151.52,139.67,143.68,5809571,0
ABNB.US,D,20201116,000000,145.47,145.93,128.39,136.98,2932282,0
ABNB.US,D,20201116,000000,131.75,143.43,130.33,142.43,4134762,0
ABNB.US,D,20201117,000000,140.67,141.87,134.54,135.02,2255627,0
ABNB.US,D,20201118,000000,134.40,134.91,134.18,134.74,5837280,0
ABNB.US,D,20201119,000000,135.59,135.82,133.92,134.90,4624621,0
ABNB.US,D,20201120,000000,134.35,134.57,129.64,132.26,2606768,0
ABNB.US,D,20201123,000000,131.78,145.30,131.54,143.16,4044773,0
ABNB.US,D,20201123,000000,149.11,150.25,143.99,145.55,5025909,0
ABNB.US,D,20201123,000000,144.77,144.99,144.21,144.42,5661773,0
ABNB.US,D,20201124,000000,144.60,151.09,141.95,150.83,4993941,0
ABNB.US,D,20201125,000000,150.21,150.37,147.34,149.59,2826200,0
ABNB.US,D,20201126,000000,151.08,153.64,127.87,135.87,2327271,0
ABNB.US,D,20201127,000000,136.69,138.08,126.68,130.85,4514760,0
ABNB.US,D,20201130,000000,131.59,140.42,128.73,139.30,3439510,0
ABNB.US,D,20201130,000000,136.96,137.20,132.71,133.18,3093454,0
ABNB.US,D,20201130,000000,131.78,131.79,131.00,131.14,3466963,0
ABNB.US,D,20201201,000000,128.74,129.03,125.10,125.94,4394653,0
ABNB.US,D,20201202,000000,123.87,129.65,123.76,129.09,5935337,0
ABNB.US,D,20201203,000000,130.39,133.30,111.64,113.91,3029773,0
ABNB.US,D,20201204,000000,113.08,128.04,106.15,125.59,2082801,0
ABNB.US,D,20201207,000000,125.28,133.56,123.80,130.78,3306838,0
ABNB.US,D,20201207,000000,129.53,133.35,128.07,132.96,4134238,0
ABNB.US,D,20201207,000000,132.57,134.85,130.28,134.31,2946316,0
ABNB.US,D,20201208,000000,135.29,148.75,134.62,144.68,3098609,0
ABNB.US,D,20201209,000000,145.07,148.91,144.55,148.37,2714343,0
ABNB.US,D,20201210,000000,149.07,149.36,137.80,140.29,4768504,0
ABNB.US,D,20201211,000000,141.45,143.58,140.93,142.23,3146660,0
ABNB.US,D,20201214,000000,146.00,149.50,129.17,131.09,4915553,0
ABNB.US,D,20201214,000000,130.24,135.84,129.30,134.58,5859118,0
ABNB.US,D,20201214,000000,134.39,140.33,133.69,138.50,3041634,0
ABNB.US,D,20201215,000000,139.45,148.56,138.97,144.49,5386930,0
ABNB.US,D,20201216,000000,141.02,141.12,134.09,136.92,4788995,0
ABNB.US,D,20201217,000000,133.58,137.37,132.97,135.69,2491849,0
ABNB.US,D,20201218,000000,138.63,139.86,130.06,130.37,2998090,0
ABNB.US,D,20201221,000000,129.46,131.19,126.62,127.01,5474734,0
ABNB.US,D,20201221,000000,127.14,128.95,126.14,128.07,5543786,0
ABNB.US,D,20201221,000000,125.78,130.20,125.01,129.57,7754074,0
ABNB.US,D,20201222,000000,127.46,133.14,125.34,131.29,8151961,0
ABNB.US,D,20201223,000000,132.75,135.84,132.20,134.05,4984713,0
ABNB.US,D,20201224,000000,132.02,142.41,130.85,136.59,6980782,0
ABNB.US,D,20201225,000000,136.34,140.01,133.63,138.31,6988372,0
ABNB.US,D,20201228,000000,137.83,146.32,137.21,140.65,9434525,0
ABNB.US,D,20201228,000000,139.15,145.03,135.68,143.63,4182685,0
ABNB.US,D,20201228,000000,141.86,149.47,141.79,146.70,6569663,0
ABNB.US,D,20201229,000000,145.95,151.03,145.84,150.06,4587432,0
ABNB.US,D,20201230,000000,150.14,156.95,148.54,154.18,11957480,0
ABNB.US,D,20201231,000000,153.83,157.88,153.45,156.33,6308769,0
ABNB.US,D,20210101,000000,158.72,160.33,156.43,159.90,5012406,0
ABNB.US,D,20210104,000000,163.89,164.89,163.82,164.35,12895895,0
ABNB.US,D,20210104,000000,164.87,175.15,157.49,168.98,7139663,0
ABNB.US,D,20210104,000000,174.57,175.63,171.26,172.55,9785253,0
ABNB.US,D,20210105,000000,174.17,178.85,171.23,177.96,10396361,0
ABNB.US,D,20210106,000000,179.10,182.91,178.06,182.17,8589555,0
ABNB.US,D,20210107,000000,183.25,187.94,182.58,186.16,8217153,0
ABNB.US,D,20210108,000000,186.75,192.05,186.15,190.88,10981234,0
ABNB.US,D,20210111,000000,190.38,197.83,189.32,194.76,8849066,0
ABNB.US,D,20210111,000000,194.47,202.14,193.11,200.10,16334758,0
ABNB.US,D,20210111,000000,204.22,207.52,200.60,204.99,9973909,0
ABNB.US,D,20210112,000000,203.90,216.89,202.24,211.44,10013454,0
ABNB.US,D,20210113,000000,218.67,219.67,217.92,219.37,10956525,0
ABNB.US,D,20210114,000000,228.52,228.83,224.72,225.99,12934698,0
ABNB.US,D,20210115,000000,221.32,240.32,220.35,232.41,8786931,0
ABNB.US,D,20210118,000000,234.56,242.82,231.49,242.15,14516504,0
ABNB.US,D,20210118,000000,249.79,251.22,248.39,249.41,9440538,0
ABNB.US,D,20210118,000000,242.76,262.37,239.45,258.38,10085277,0
ABNB.US,D,20210119,000000,251.18,271.38,237.14,266.73,10420514,0
ABNB.US,D,20210120,000000,270.37,275.43,269.15,275.35,13991233,0
ABNB.US,D,20210121,000000,274.78,290.76,271.17,282.58,13511940,0
ABNB.US,D,20210122,000000,278.61,294.89,269.15,290.97,11662625,0
ABNB.US,D,20210125,000000,288.85,291.57,285.68,285.84,3007105,0
ABNB.US,D,20210125,000000,279.91,285.67,277.69,284.74,5375012,0
ABNB.US,D,20210125,000000,297.82,323.72,296.40,317.16,3532178,0
ABNB.US,D,20210126,000000,317.93,370.09,305.70,352.21,4221760,0
ABNB.US,D,20210127,000000,355.63,358.69,286.23,307.64,2405516,0
ABNB.US,D,20210128,000000,306.65,339.58,303.69,322.27,5604757,0
ABNB.US,D,20210129,000000,332.17,371.11,329.00,356.46,3843312,0
ABNB.US,D,20210201,000000,364.35,364.50,339.51,344.04,5019892,0
ABNB.US,D,20210201,000000,344.08,366.04,342.90,353.92,5536532,0
ABNB.US,D,20210201,000000,357.35,367.77,306.59,311.47,2566195,0
ABNB.US,D,20210202,000000,317.15,321.37,275.57,279.87,5568154,0
ABNB.US,D,20210203,000000,278.82,279.19,263.09,269.52,5578918,0
ABNB.US,D,20210204,000000,275.53,276.19,271.27,272.92,2909974,0
ABNB.US,D,20210205,000000,283.72,284.76,267.42,277.71,3524615,0
ABNB.US,D,20210208,000000,284.00,288.04,257.34,261.92,3109924,0
ABNB.US,D,20210208,000000,280.43,280.98,270.95,273.58,3526315,0
ABNB.US,D,20210208,000000,269.78,279.37,224.71,237.45,4042444,0
ABNB.US,D,20210209,000000,232.82,236.28,231.89,235.02,3908516,0
ABNB.US,D,20210210,000000,238.70,243.76,238.61,239.94,4691865,0
ABNB.US,D,20210211,000000,236.03,240.67,229.32,230.50,3185313,0
ABNB.US,D,20210212,000000,226.78,255.71,226.33,241.05,2226128,0
ABNB.US,D,20210215,000000,246.83,247.09,236.04,242.04,3754483,0
ABNB.US,D,20210215,000000,245.36,250.81,173.28,203.06,5714425,0
ABNB.US,D,20210215,000000,204.41,215.02,191.23,209.14,2538991,0
ABNB.US,D,20210216,000000,198.54,205.51,196.28,204.02,4571958,0
ABNB.US,D,20210217,000000,195.67,200.28,192.98,197.78,3485324,0
ABNB.US,D,20210218,000000,203.23,206.71,202.77,205.08,5328869,0
ABNB.US,D,20210219,000000,215.67,217.62,194.86,202.13,4195574,0
ABNB.US,D,20210222,000000,201.76,210.57,198.68,208.62,5572722,0
ABNB.US,D,20210222,000000,210.15,220.31,157.72,183.77,3239116,0
ABNB.US,D,20210222,000000,182.78,185.22,182.68,183.56,5725854,0
ABNB.US,D,20210223,000000,190.77,192.19,167.55,177.47,4412090,0
ABNB.US,D,20210224,000000,175.13,180.11,174.47,179.10,5082931,0
ABNB.US,D,20210225,000000,185.62,187.88,177.55,178.50,4385606,0
ABNB.US,D,20210226,000000,182.89,187.93,167.18,167.61,4854150,0
ABNB.US,D,20210301,000000,168.16,183.74,162.81,181.01,2865948,0
ABNB.US,D,20210301,000000,172.81,180.15,171.05,180.13,4076094,0
ABNB.US,D,20210301,000000,186.11,212.15,183.06,209.30,2581783,0
ABNB.US,D,20210302,000000,206.48,210.54,190.51,196.01,3644862,0
ABNB.US,D,20210303,000000,191.95,192.91,184.74,185.17,2215718,0
ABNB.US,D,20210304,000000,190.26,191.40,186.18,187.40,3895047,0
ABNB.US,D,20210305,000000,190.39,190.59,165.93,174.87,3623152,0
ABNB.US,D,20210308,000000,175.91,181.58,146.72,147.96,5513008,0
ABNB.US,D,20210308,000000,153.13,162.13,152.32,158.12,3657065,0
ABNB.US,D,20210308,000000,156.12,160.51,155.82,160.12,5192902,0
ABNB.US,D,20210309,000000,155.79,185.59,150.22,174.61,4336697,0
ABNB.US,D,20210310,000000,175.51,175.83,170.68,170.90,5299335,0
ABNB.US,D,20210311,000000,172.34,180.44,172.15,178.87,4683713,0
ABNB.US,D,20210312,000000,180.56,181.08,172.45,176.13,3974999,0
ABNB.US,D,20210315,000000,174.45,178.13,173.66,176.11,4215551,0
ABNB.US,D,20210315,000000,179.26,181.19,162.40,170.93,4753651,0
ABNB.US,D,20210315,000000,173.10,176.07,172.46,173.85,3529913,0
ABNB.US,D,20210316,000000,174.52,184.21,158.25,161.22,4190303,0
ABNB.US,D,20210317,000000,161.10,163.66,146.57,151.56,2369880,0
ABNB.US,D,20210318,000000,147.73,151.20,145.10,148.40,2029359,0
ABNB.US,D,20210319,000000,147.90,160.23,146.01,155.18,4689912,0
ABNB.US,D,20210322,000000,159.37,162.92,152.17,154.00,4751484,0
ABNB.US,D,20210322,000000,159.21,161.90,150.04,156.79,2136254,0
ABNB.US,D,20210322,000000,155.22,155.87,153.72,154.02,2023410,0
ABNB.US,D,20210323,000000,153.16,153.52,148.28,150.68,3379791,0
ABNB.US,D,20210324,000000,152.94,154.56,132.79,145.34,2237010,0
ABNB.US,D,20210325,000000,143.47,149.18,125.41,128.93,4564646,0
ABNB.US,D,20210326,000000,131.05,148.49,127.62,144.44,4294188,0
ABNB.US,D,20210329,000000,144.91,146.91,137.51,138.89,5808488,0
ABNB.US,D,20210329,000000,138.05,138.84,126.02,129.22,3495292,0
ABNB.US,D,20210329,000000,128.14,129.32,127.51,127.83,4062298,0
ABNB.US,D,20210330,000000,127.51,130.21,125.24,126.90,4863205,0
ABNB.US,D,20210331,000000,126.32,128.63,121.80,123.39,2482333,0
ABNB.US,D,20210401,000000,122.12,143.29,114.77,137.57,2223988,0
ABNB.US,D,20210402,000000,136.60,138.64,123.38,127.23,3607764,0
ABNB.US,D,20210405,000000,125.59,127.18,118.96,122.69,2425384,0
ABNB.US,D,20210405,000000,124.51,128.42,113.09,115.10,2303483,0
ABNB.US,D,20210405,000000,111.97,116.78,111.02,115.20,5756320,0
ABNB.US,D,20210406,000000,114.32,115.45,113.94,114.59,3915980,0
ABNB.US,D,20210407,000000,113.25,113.56,111.82,112.33,5899589,0
ABNB.US,D,20210408,000000,113.35,114.07,107.46,108.30,3824415,0
ABNB.US,D,20210409,000000,107.63,107.92,103.37,104.80,2194381,0
ABNB.US,D,20210412,000000,106.58,108.67,93.12,98.23,2096446,0
ABNB.US,D,20210412,000000,98.97,99.27,97.28,98.66,4191377,0
ABNB.US,D,20210412,000000,94.89,100.34,94.24,98.98,5283217,0
ABNB.US,D,20210413,000000,99.21,100.47,99.10,99.41,5566370,0
ABNB.US,D,20210414,000000,101.08,104.13,99.21,101.93,5798044,0
ABNB.US,D,20210415,000000,102.03,104.98,94.83,98.21,3518367,0
ABNB.US,D,20210416,000000,98.82,110.64,98.69,110.29,2007831,0
ABNB.US,D,20210419,000000,107.73,116.13,106.67,113.45,2838214,0
ABNB.US,D,20210419,000000,114.76,114.87,113.41,113.50,2968740,0
ABNB.US,D,20210419,000000,113.31,114.34,105.43,107.35,5717428,0
ABNB.US,D,20210420,000000,107.58,121.26,107.08,118.69,2741176,0
ABNB.US,D,20210421,000000,119.18,125.87,116.82,124.32,5442753,0
ABNB.US,D,20210422,000000,122.90,123.30,122.87,123.15,2451471,0
ABNB.US,D,20210423,000000,124.01,126.41,122.98,124.28,3082233,0
ABNB.US,D,20210426,000000,124.23,124.85,124.18,124.80,5268888,0
ABNB.US,D,20210426,000000,120.98,142.75,120.84,132.59,2215843,0
ABNB.US,D,20210426,000000,134.51,134.84,129.88,129.91,2883950,0
ABNB.US,D,20210427,000000,127.48,142.44,126.89,137.86,4306470,0
ABNB.US,D,20210428,000000,140.12,141.02,140.00,140.15,4347296,0
ABNB.US,D,20210429,000000,139.52,140.22,136.69,137.78,4089796,0
ABNB.US,D,20210430,000000,135.78,138.43,135.62,137.49,2088851,0
ABNB.US,D,20210503,000000,135.64,135.92,130.96,130.97,3435482,0
ABNB.US,D,20210503,000000,133.30,141.84,133.15,134.82,5692328,0
ABNB.US,D,20210503,000000,134.29,142.37,133.98,138.73,5620628,0
ABNB.US,D,20210504,000000,138.21,139.20,136.75,137.97,4001999,0
ABNB.US,D,20210505,000000,143.38,144.12,138.48,138.52,2055324,0
ABNB.US,D,20210506,000000,139.19,140.72,139.14,140.23,5335176,0
ABNB.US,D,20210507,000000,139.08,141.35,139.02,141.17,3108180,0
ABNB.US,D,20210510,000000,136.56,141.98,134.72,140.76,3173587,0
ABNB.US,D,20210510,000000,142.27,147.13,139.89,146.53,3428660,0
ABNB.US,D,20210510,000000,143.43,150.92,141.48,148.64,5881493,0
ABNB.US,D,20210511,000000,147.41,151.94,147.15,150.29,3481500,0
ABNB.US,D,20210512,000000,148.75,151.31,128.54,137.28,5588272,0
ABNB.US,D,20210513,000000,137.55,140.87,129.53,132.87,2106646,0
ABNB.US,D,20210514,000000,133.69,133.97,125.28,127.05,5385853,0
ABNB.US,D,20210517,000000,126.50,131.23,124.71,129.44,4431509,0
ABNB.US,D,20210517,000000,128.00,128.24,125.22,125.47,5003438,0
ABNB.US,D,20210517,000000,123.34,125.41,122.86,124.49,3780456,0
ABNB.US,D,20210518,000000,121.89,121.90,121.05,121.60,4434970,0
ABNB.US,D,20210519,000000,123.62,133.90,108.07,108.83,4062351,0
ABNB.US,D,20210520,000000,110.13,120.37,108.95,116.81,2916108,0
ABNB.US,D,20210521,000000,122.29,124.65,112.85,114.59,3848764,0
ABNB.US,D,20210524,000000,113.35,114.62,109.41,110.49,5248474,0
ABNB.US,D,20210524,000000,111.89,113.06,107.53,107.86,3025584,0
ABNB.US,D,20210524,000000,107.92,126.94,104.48,118.93,4589247,0
ABNB.US,D,20210525,000000,119.50,120.85,108.77,112.31,3299891,0
ABNB.US,D,20210526,000000,109.44,120.04,107.83,119.30,4822625,0
ABNB.US,D,20210527,000000,119.00,125.45,118.48,123.61,5536900,0
ABNB.US,D,20210528,000000,119.93,136.51,116.26,134.37,5096281,0
ABNB.US,D,20210531,000000,135.94,140.45,123.40,124.06,2641626,0
ABNB.US,D,20210531,000000,124.78,139.87,123.21,135.40,3257811,0
ABNB.US,D,20210531,000000,132.96,134.21,128.52,129.99,5262643,0
ABNB.US,D,20210601,000000,132.60,142.91,132.39,141.25,4564175,0
ABNB.US,D,20210602,000000,145.98,157.55,144.64,156.79,2882028,0
ABNB.US,D,20210603,000000,155.15,157.80,145.81,148.76,4859014,0
ABNB.US,D,20210604,000000,145.99,146.92,145.97,146.08,5578151,0
ABNB.US,D,20210607,000000,141.04,146.69,129.65,131.05,5717022,0
ABNB.US,D,20210607,000000,133.27,133.46,132.26,132.49,2226021,0
ABNB.US,D,20210607,000000,129.57,137.50,127.24,134.09,5982222,0
ABNB.US,D,20210608,000000,133.92,146.26,131.36,142.09,3397407,0
ABNB.US,D,20210609,000000,142.87,159.88,139.17,155.76,3398162,0
ABNB.US,D,20210610,000000,154.93,157.17,141.89,146.42,5082124,0
ABNB.US,D,20210611,000000,144.64,146.51,142.72,143.86,5627465,0
ABNB.US,D,20210614,000000,142.66,145.46,132.06,132.64,4379747,0
ABNB.US,D,20210614,000000,132.29,133.25,131.66,131.73,5582552,0
ABNB.US,D,20210614,000000,130.90,132.97,126.78,127.26,5411697,0
ABNB.US,D,20210615,000000,126.66,128.12,119.65,120.38,4878631,0
ABNB.US,D,20210616,000000,119.85,121.13,119.50,120.77,4550257,0
ABNB.US,D,20210617,000000,119.11,120.87,118.72,119.98,3549525,0
ABNB.US,D,20210618,000000,120.17,125.78,119.53,124.77,2372586,0
ABNB.US,D,20210621,000000,123.62,135.89,120.09,134.31,2291598,0
ABNB.US,D,20210621,000000,135.64,141.64,133.36,139.34,3783408,0
ABNB.US,D,20210621,000000,137.50,137.91,131.91,134.65,4159553,0
ABNB.US,D,20210622,000000,133.68,142.36,132.72,139.96,3730826,0
ABNB.US,D,20210623,000000,141.17,142.33,136.79,137.56,5811975,0
ABNB.US,D,20210624,000000,133.86,142.82,132.11,140.56,5748729,0
ABNB.US,D,20210625,000000,139.09,145.93,125.96,129.46,2288592,0
ABNB.US,D,20210628,000000,127.95,129.67,120.30,123.08,2482544,0
ABNB.US,D,20210628,000000,122.15,123.38,122.01,122.63,4205028,0
ABNB.US,D,20210628,000000,121.91,124.21,120.65,123.98,2379613,0
ABNB.US,D,20210629,000000,123.87,130.54,122.75,128.66,5894082,0
ABNB.US,D,20210630,000000,125.70,130.53,122.09,130.37,2172478,0
ABNB.US,D,20210701,000000,132.16,139.80,130.17,137.70,4932056,0
ABNB.US,D,20210702,000000,134.75,135.26,124.31,124.41,5497103,0
ABNB.US,D,20210705,000000,126.30,127.44,119.16,120.58,5616977,0
ABNB.US,D,20210705,000000,118.34,120.68,116.00,118.18,5728079,0
ABNB.US,D,20210705,000000,119.31,122.55,118.53,122.51,5133765,0
ABNB.US,D,20210706,000000,121.95,122.79,116.47,116.87,3584869,0
ABNB.US,D,20210707,000000,116.59,118.87,107.62,109.18,5213085,0
ABNB.US,D,20210708,000000,110.20,110.25,109.38,110.17,5274112,0
ABNB.US,D,20210709,000000,114.45,118.60,111.51,111.89,5447011,0
ABNB.US,D,20210712,000000,112.78,113.84,104.87,105.67,5670275,0
ABNB.US,D,20210712,000000,105.61,110.98,103.76,108.44,5085419,0
ABNB.US,D,20210712,000000,108.86,110.27,96.41,99.59,3589396,0
ABNB.US,D,20210713,000000,99.17,104.16,97.49,102.15,5523477,0
ABNB.US,D,20210714,000000,102.93,107.94,102.25,107.07,2415116,0
ABNB.US,D,20210715,000000,103.00,103.34,101.33,101.99,3426230,0
ABNB.US,D,20210716,000000,102.68,102.97,98.95,101.92,2546280,0
ABNB.US,D,20210719,000000,101.79,103.00,101.35,102.55,5924433,0
ABNB.US,D,20210719,000000,100.65,108.28,100.06,107.38,2245723,0
ABNB.US,D,20210719,000000,106.64,124.91,100.75,119.65,5272634,0
ABNB.US,D,20210720,000000,118.52,128.79,118.22,124.05,2202533,0
ABNB.US,D,20210721,000000,120.34,128.44,118.44,127.39,3352932,0
ABNB.US,D,20210722,000000,129.68,129.69,129.61,129.68,5335936,0
ABNB.US,D,20210723,000000,134.14,134.96,133.71,134.96,5275400,0
ABNB.US,D,20210726,000000,135.31,135.81,129.47,131.20,2597808,0
ABNB.US,D,20210726,000000,131.47,134.95,130.61,134.64,3889407,0
ABNB.US,D,20210726,000000,131.94,132.01,130.67,131.03,4008551,0
ABNB.US,D,20210727,000000,130.62,131.44,130.53,131.07,4597823,0
ABNB.US,D,20210728,000000,129.67,132.94,128.02,131.97,4335489,0
ABNB.US,D,20210729,000000,131.60,135.68,131.37,134.47,3252857,0
ABNB.US,D,20210730,000000,135.23,137.23,133.02,133.38,2991675,0
ABNB.US,D,20210802,000000,136.16,136.76,134.12,135.00,2828732,0
ABNB.US,D,20210802,000000,132.84,135.95,132.33,133.95,2346850,0
ABNB.US,D,20210802,000000,136.87,138.58,122.12,123.97,4383013,0
ABNB.US,D,20210803,000000,123.03,131.78,122.75,129.13,4249131,0
ABNB.US,D,20210804,000000,125.49,128.23,125.46,127.02,4592663,0
ABNB.US,D,20210805,000000,127.11,127.59,124.13,125.92,5762027,0
ABNB.US,D,20210806,000000,125.67,129.36,124.97,129.33,4415543,0
ABNB.US,D,20210809,000000,130.92,131.27,125.37,126.84,3880783,0
ABNB.US,D,20210809,000000,123.29,129.95,108.26,119.53,2686736,0
ABNB.US,D,20210809,000000,122.37,123.06,122.03,122.58,4179025,0
ABNB.US,D,20210810,000000,121.61,135.89,119.76,135.21,4912714,0
ABNB.US,D,20210811,000000,134.37,143.03,133.82,141.84,2687815,0
ABNB.US,D,20210812,000000,139.38,140.22,134.53,135.37,4237530,0
ABNB.US,D,20210813,000000,136.31,136.69,131.93,132.00,4340455,0
ABNB.US,D,20210816,000000,132.22,132.50,119.31,120.69,4727694,0
ABNB.US,D,20210816,000000,116.96,117.32,110.64,111.70,3629476,0
ABNB.US,D,20210816,000000,110.80,115.97,109.07,113.61,5398262,0
ABNB.US,D,20210817,000000,113.79,117.70,112.26,117.24,2271674,0
ABNB.US,D,20210818,000000,119.73,124.53,109.61,111.06,2146009,0
ABNB.US,D,20210819,000000,109.80,112.46,102.04,102.58,2563522,0
ABNB.US,D,20210820,000000,103.76,104.07,103.43,103.77,3684989,0
ABNB.US,D,20210823,000000,105.78,121.10,104.26,119.39,3081495,0
ABNB.US,D,20210823,000000,115.87,121.34,114.83,120.55,5662033,0
ABNB.US,D,20210823,000000,120.95,121.43,116.85,118.15,5797602,0
ABNB.US,D,20210824,000000,118.09,124.71,117.00,124.65,3063504,0
ABNB.US,D,20210825,000000,122.03,127.86,122.01,125.69,2131441,0
ABNB.US,D,20210826,000000,125.19,134.28,124.44,131.08,3205678,0
ABNB.US,D,20210827,000000,134.53,134.77,128.83,131.72,3101728,0
ABNB.US,D,20210830,000000,131.35,135.02,127.85,128.63,4035718,0
ABNB.US,D,20210830,000000,125.87,126.21,121.06,122.85,4971893,0
ABNB.US,D,20210830,000000,126.73,126.83,123.49,123.72,3837311,0
ABNB.US,D,20210831,000000,125.15,126.59,117.81,120.51,4857113,0
ABNB.US,D,20210901,000000,117.63,119.31,117.24,118.90,4843537,0
ABNB.US,D,20210902,000000,117.40,126.51,116.77,126.30,5710146,0
ABNB.US,D,20210903,000000,128.78,130.13,122.96,124.15,2530180,0
ABNB.US,D,20210906,000000,126.13,130.30,123.86,129.50,4867158,0
ABNB.US,D,20210906,000000,130.01,151.38,126.63,145.39,2795479,0
ABNB.US,D,20210906,000000,146.03,159.12,145.10,156.68,5079401,0
ABNB.US,D,20210907,000000,155.35,162.41,154.70,157.29,4726180,0
ABNB.US,D,20210908,000000,159.34,179.38,154.09,170.10,2884833,0
ABNB.US,D,20210909,000000,172.84,177.22,131.55,146.29,2841656,0
ABNB.US,D,20210910,000000,148.28,154.63,134.87,136.91,5022936,0
ABNB.US,D,20210913,000000,136.23,143.53,136.22,140.49,5344289,0
ABNB.US,D,20210913,000000,139.44,140.20,134.30,135.19,5962569,0
ABNB.US,D,20210913,000000,137.12,139.91,108.22,121.78,5665689,0
ABNB.US,D,20210914,000000,123.13,123.14,122.76,122.90,3659597,0
ABNB.US,D,20210915,000000,124.20,127.28,123.49,127.26,3296617,0
ABNB.US,D,20210916,000000,126.32,148.14,121.10,143.92,5543019,0
ABNB.US,D,20210917,000000,142.87,144.17,130.28,133.86,3819779,0
ABNB.US,D,20210920,000000,130.80,137.93,129.83,137.40,2700892,0
ABNB.US,D,20210920,000000,135.92,136.37,120.08,127.03,3443063,0
ABNB.US,D,20210920,000000,126.17,126.54,124.32,125.25,3453360,0
ABNB.US,D,20210921,000000,123.24,131.66,122.77,130.98,4801608,0
ABNB.US,D,20210922,000000,129.72,136.18,128.98,134.45,4469173,0
ABNB.US,D,20210923,000000,135.08,137.89,133.36,136.93,5509684,0
ABNB.US,D,20210924,000000,136.26,136.33,133.58,134.10,4644088,0
ABNB.US,D,20210927,000000,132.17,132.87,131.80,131.98,4667838,0
ABNB.US,D,20210927,000000,132.88,141.72,131.51,139.92,5244743,0
ABNB.US,D,20210927,000000,141.93,142.33,137.93,140.35,2313640,0
ABNB.US,D,20210928,000000,140.43,148.32,140.06,145.61,2247653,0
ABNB.US,D,20210929,000000,144.60,145.43,143.27,143.60,3202698,0
ABNB.US,D,20210930,000000,143.61,144.30,136.47,137.81,2362167,0
ABNB.US,D,20211001,000000,135.98,137.03,131.34,132.25,3040650,0
ABNB.US,D,20211004,000000,134.83,139.63,134.68,139.41,2617907,0
ABNB.US,D,20211004,000000,140.94,148.63,140.62,146.71,5970897,0
ABNB.US,D,20211004,000000,147.02,151.41,145.43,147.78,4837526,0
ABNB.US,D,20211005,000000,148.83,149.87,145.21,146.36,4359840,0
ABNB.US,D,20211006,000000,145.08,159.36,145.03,153.39,5067216,0
ABNB.US,D,20211007,000000,151.89,153.29,150.77,152.72,5414357,0
ABNB.US,D,20211008,000000,153.56,153.77,151.56,152.19,5102557,0
ABNB.US,D,20211011,000000,151.46,154.08,151.38,152.85,2913208,0
ABNB.US,D,20211011,000000,154.13,154.49,150.68,150.81,4251426,0
ABNB.US,D,20211011,000000,149.89,150.62,149.86,150.35,4450289,0
ABNB.US,D,20211012,000000,149.97,153.19,149.80,151.63,5030181,0
ABNB.US,D,20211013,000000,151.80,152.00,151.05,151.24,4883984,0
ABNB.US,D,20211014,000000,151.12,156.92,150.77,154.89,2723611,0
ABNB.US,D,20211015,000000,155.28,155.58,153.37,154.47,4047238,0
ABNB.US,D,20211018,000000,155.48,157.66,154.86,156.46,5011909,0
ABNB.US,D,20211018,000000,158.04,158.65,157.83,158.06,2812916,0
ABNB.US,D,20211018,000000,158.24,160.62,158.01,159.93,4353913,0
ABNB.US,D,20211019,000000,160.06,164.11,159.41,164.03,2034258,0
ABNB.US,D,20211020,000000,163.99,166.21,159.37,161.03,3472269,0
ABNB.US,D,20211021,000000,159.88,160.19,158.95,159.28,2657202,0
ABNB.US,D,20211022,000000,158.84,161.91,158.27,160.55,4535489,0
ABNB.US,D,20211025,000000,160.77,161.91,160.49,161.68,2977800,0
ABNB.US,D,20211025,000000,161.53,162.24,161.33,162.02,4568700,0
ABNB.US,D,20211025,000000,161.81,162.20,154.84,156.44,2021840,0
ABNB.US,D,20211026,000000,156.94,157.74,156.77,157.46,2190073,0
ABNB.US,D,20211027,000000,157.08,157.72,153.78,154.96,5134108,0
ABNB.US,D,20211028,000000,155.66,155.76,155.56,155.70,2627751,0
ABNB.US,D,20211029,000000,155.16,155.53,152.96,154.09,3745166,0
ABNB.US,D,20211101,000000,154.67,155.16,154.25,154.44,2906831,0
