<TICKER>,<PER>,<DATE>,<TIME>,<OPEN>,<HIGH>,<LOW>,<CLOSE>,<VOL>,<OPENINT>
ADBE.US,D,20180102,000000,500.57,501.20,483.97,492.06,2956566,0
ADBE.US,D,20180103,000000,486.21,500.85,485.87,499.19,1680215,0
ADBE.US,D,20180104,000000,497.79,515.73,492.85,510.03,2968443,0
ADBE.US,D,20180105,000000,508.68,510.18,508.59,508.60,1340172,0
ADBE.US,D,20180108,000000,502.10,504.52,493.85,494.44,1760939,0
ADBE.US,D,20180108,000000,494.62,511.45,490.44,506.70,2626409,0
ADBE.US,D,20180108,000000,499.15,512.18,497.28,503.75,1948058,0
ADBE.US,D,20180109,000000,504.85,506.01,494.05,501.36,2312031,0
ADBE.US,D,20180110,000000,509.31,509.83,502.26,506.73,2004281,0
ADBE.US,D,20180111,000000,514.02,530.17,513.48,527.36,1638800,0
ADBE.US,D,20180112,000000,524.31,541.06,522.61,535.05,2575507,0
ADBE.US,D,20180115,000000,525.51,549.06,513.12,548.93,1264070,0
ADBE.US,D,20180115,000000,552.26,569.81,545.04,566.54,1587231,0
ADBE.US,D,20180115,000000,569.71,585.90,567.71,581.32,2788247,0
ADBE.US,D,20180116,000000,583.46,594.88,580.70,592.51,1357059,0
ADBE.US,D,20180117,000000,599.42,600.25,599.38,600.04,2585273,0
ADBE.US,D,20180118,000000,603.15,614.68,601.27,613.33,2782951,0
ADBE.US,D,20180119,000000,614.07,629.01,608.81,628.35,1779490,0
ADBE.US,D,20180122,000000,628.31,628.91,623.64,624.83,1813598,0
ADBE.US,D,20180122,000000,625.92,632.14,625.43,630.03,1776799,0
ADBE.US,D,20180122,000000,631.23,631.39,627.54,628.93,2811339,0
ADBE.US,D,20180123,000000,631.14,635.13,611.82,614.82,2513910,0
ADBE.US,D,20180124,000000,611.59,621.29,609.20,618.22,2547228,0
ADBE.US,D,20180125,000000,614.26,620.21,609.33,616.52,2408728,0
ADBE.US,D,20180126,000000,615.83,623.25,615.54,621.21,2814434,0
ADBE.US,D,20180129,000000,622.25,624.18,605.81,610.13,1585669,0
ADBE.US,D,20180129,000000,605.28,628.94,604.85,622.27,1633120,0
ADBE.US,D,20180129,000000,625.10,632.00,623.32,631.59,2966848,0
ADBE.US,D,20180130,000000,630.32,650.92,625.46,639.74,1214333,0
ADBE.US,D,20180131,000000,643.98,647.00,637.85,638.22,2484222,0
ADBE.US,D,20180201,000000,640.62,641.77,633.18,633.97,2590888,0
ADBE.US,D,20180202,000000,634.23,635.14,623.63,626.86,1076293,0
ADBE.US,D,20180205,000000,631.68,643.20,631.18,637.15,1307353,0
ADBE.US,D,20180205,000000,638.91,639.21,636.31,637.52,2337046,0
ADBE.US,D,20180205,000000,634.53,636.92,620.61,626.30,2904015,0
ADBE.US,D,20180206,000000,625.89,628.03,621.84,622.27,1786041,0
ADBE.US,D,20180207,000000,618.75,654.40,615.24,641.62,2110773,0
ADBE.US,D,20180208,000000,647.74,659.22,647.71,656.87,2496860,0
ADBE.US,D,20180209,000000,654.90,672.95,646.07,670.48,2837985,0
ADBE.US,D,20180212,000000,665.33,687.43,664.93,680.62,1474311,0
ADBE.US,D,20180212,000000,677.26,722.25,670.15,712.02,1824094,0
ADBE.US,D,20180212,000000,713.90,715.33,713.62,715.18,1369289,0
ADBE.US,D,20180213,000000,714.37,714.94,680.75,692.51,1480218,0
ADBE.US,D,20180214,000000,692.88,710.27,692.67,710.12,1517748,0
ADBE.US,D,20180215,000000,714.99,734.20,707.92,725.36,2133081,0
ADBE.US,D,20180216,000000,722.41,726.05,709.75,714.63,1275644,0
ADBE.US,D,20180219,000000,713.54,728.97,710.16,722.57,1012950,0
ADBE.US,D,20180219,000000,718.05,736.31,716.33,734.82,1189744,0
ADBE.US,D,20180219,000000,740.48,751.20,740.25,746.83,2911379,0
ADBE.US,D,20180220,000000,752.13,754.18,736.95,739.49,2146161,0
ADBE.US,D,20180221,000000,747.23,749.44,734.63,737.02,2179937,0
ADBE.US,D,20180222,000000,732.55,753.44,730.37,752.09,2090201,0
ADBE.US,D,20180223,000000,763.94,764.08,736.40,740.71,1585270,0
ADBE.US,D,20180226,000000,736.40,744.82,734.40,743.90,2643740,0
ADBE.US,D,20180226,000000,738.43,740.55,721.62,726.45,1673656,0
ADBE.US,D,20180226,000000,730.86,735.72,715.16,721.72,2321072,0
ADBE.US,D,20180227,000000,720.15,721.62,681.49,700.62,2861233,0
ADBE.US,D,20180228,000000,711.28,711.35,699.49,700.49,2020459,0
ADBE.US,D,20180301,000000,699.10,700.58,658.92,674.20,2381268,0
ADBE.US,D,20180302,000000,682.88,683.46,627.96,637.94,2556562,0
ADBE.US,D,20180305,000000,634.09,643.12,632.91,641.17,1881959,0
ADBE.US,D,20180305,000000,641.10,643.77,624.64,629.76,2446393,0
ADBE.US,D,20180305,000000,624.21,650.19,623.96,643.23,2567931,0
ADBE.US,D,20180306,000000,642.09,711.75,632.63,687.82,2902462,0
ADBE.US,D,20180307,000000,693.99,698.23,669.73,674.20,1695816,0
ADBE.US,D,20180308,000000,676.62,694.04,638.88,652.90,2514605,0
ADBE.US,D,20180309,000000,658.08,685.86,653.36,675.22,1583515,0
ADBE.US,D,20180312,000000,679.55,691.43,661.44,664.61,1700091,0
ADBE.US,D,20180312,000000,674.42,675.38,632.29,644.15,2035211,0
ADBE.US,D,20180312,000000,642.65,649.27,627.77,630.27,1892766,0
ADBE.US,D,20180313,000000,626.17,683.89,624.96,662.56,2847993,0
ADBE.US,D,20180314,000000,676.16,687.29,655.01,657.10,2080360,0
ADBE.US,D,20180315,000000,660.49,661.51,634.26,643.45,1038588,0
ADBE.US,D,20180316,000000,646.39,661.16,642.87,661.00,1160442,0
ADBE.US,D,20180319,000000,670.76,671.38,601.49,616.73,2277913,0
ADBE.US,D,20180319,000000,615.10,626.01,587.25,598.84,2972557,0
ADBE.US,D,20180319,000000,583.94,596.82,583.41,594.04,2191639,0
ADBE.US,D,20180320,000000,598.25,605.21,596.10,604.91,2903223,0
ADBE.US,D,20180321,000000,598.22,610.87,594.18,608.56,2496935,0
ADBE.US,D,20180322,000000,594.42,594.91,567.35,568.52,1834730,0
ADBE.US,D,20180323,000000,565.25,574.12,551.04,552.41,2228465,0
ADBE.US,D,20180326,000000,548.39,574.83,530.50,566.42,1652031,0
ADBE.US,D,20180326,000000,560.22,586.93,555.81,586.91,2326981,0
ADBE.US,D,20180326,000000,582.23,583.13,572.69,576.00,1155085,0
ADBE.US,D,20180327,000000,584.25,592.72,525.06,546.47,2550024,0
ADBE.US,D,20180328,000000,550.53,591.33,546.85,573.17,1105049,0
ADBE.US,D,20180329,000000,574.50,613.55,565.57,609.12,2497785,0
ADBE.US,D,20180330,000000,596.53,689.45,583.06,678.73,1441205,0
ADBE.US,D,20180402,000000,665.42,694.41,653.91,690.84,2757249,0
ADBE.US,D,20180402,000000,683.94,690.09,647.16,658.27,1703255,0
ADBE.US,D,20180402,000000,679.63,690.30,624.23,636.80,1197909,0
ADBE.US,D,20180403,000000,634.14,651.32,632.66,651.13,1826454,0
ADBE.US,D,20180404,000000,649.48,701.97,637.88,686.59,2375747,0
ADBE.US,D,20180405,000000,678.91,701.82,677.64,697.02,2163189,0
ADBE.US,D,20180406,000000,686.82,687.72,665.24,665.86,2557641,0
ADBE.US,D,20180409,000000,650.60,661.52,648.14,659.63,1802662,0
ADBE.US,D,20180409,000000,655.96,666.41,637.15,651.05,2777159,0
ADBE.US,D,20180409,000000,644.48,679.83,643.61,672.52,2519477,0
ADBE.US,D,20180410,000000,672.61,680.96,672.10,680.31,2113177,0
ADBE.US,D,20180411,000000,678.01,681.65,670.76,677.82,2341885,0
ADBE.US,D,20180412,000000,704.06,706.20,690.96,696.99,1901393,0
ADBE.US,D,20180413,000000,690.20,717.37,687.56,709.07,2533449,0
ADBE.US,D,20180416,000000,715.82,727.79,593.66,646.43,2860081,0
ADBE.US,D,20180416,000000,650.70,675.02,646.12,670.88,2255065,0
ADBE.US,D,20180416,000000,669.88,681.79,669.64,680.59,1333194,0
ADBE.US,D,20180417,000000,692.52,693.18,660.66,663.69,2955844,0
ADBE.US,D,20180418,000000,661.55,718.82,657.88,715.63,1895373,0
ADBE.US,D,20180419,000000,721.37,727.32,701.51,707.75,2625863,0
ADBE.US,D,20180420,000000,707.08,708.51,688.71,691.36,1325558,0
ADBE.US,D,20180423,000000,695.95,696.77,691.54,692.85,2130400,0
ADBE.US,D,20180423,000000,674.80,675.09,631.61,640.61,2042225,0
ADBE.US,D,20180423,000000,652.48,657.31,635.22,638.50,1221675,0
ADBE.US,D,20180424,000000,644.86,671.99,643.70,665.63,1008134,0
ADBE.US,D,20180425,000000,669.70,684.30,667.37,677.32,2296325,0
ADBE.US,D,20180426,000000,678.08,717.58,658.89,703.94,2577027,0
ADBE.US,D,20180427,000000,699.01,735.95,694.01,727.85,2266615,0
ADBE.US,D,20180430,000000,729.20,759.24,720.19,753.02,2302076,0
ADBE.US,D,20180430,000000,745.38,785.67,745.02,782.56,1811654,0
ADBE.US,D,20180430,000000,786.47,848.58,776.43,830.36,2169635,0
ADBE.US,D,20180501,000000,834.84,848.02,834.71,838.32,1348389,0
ADBE.US,D,20180502,000000,841.57,851.48,840.00,847.77,2220367,0
ADBE.US,D,20180503,000000,859.28,884.42,855.44,883.90,1270558,0
ADBE.US,D,20180504,000000,876.16,899.42,874.15,888.41,2197616,0
ADBE.US,D,20180507,000000,879.99,884.83,846.44,855.24,1340857,0
ADBE.US,D,20180507,000000,847.18,911.43,827.67,896.12,1862912,0
ADBE.US,D,20180507,000000,892.19,893.18,886.84,887.63,2015021,0
ADBE.US,D,20180508,000000,886.38,886.93,865.45,868.23,2892871,0
ADBE.US,D,20180509,000000,871.40,873.21,842.65,848.31,1325666,0
ADBE.US,D,20180510,000000,847.25,847.78,839.98,843.84,2451916,0
ADBE.US,D,20180511,000000,849.77,852.47,818.29,826.85,2111016,0
ADBE.US,D,20180514,000000,828.24,838.75,824.88,837.28,2538509,0
ADBE.US,D,20180514,000000,826.93,829.01,805.65,813.71,1577516,0
ADBE.US,D,20180514,000000,820.44,833.44,779.01,797.14,2629567,0
ADBE.US,D,20180515,000000,801.58,812.78,801.45,812.11,2759060,0
ADBE.US,D,20180516,000000,810.79,826.91,807.22,822.94,1853514,0
ADBE.US,D,20180517,000000,831.66,836.96,794.23,804.27,2381379,0
ADBE.US,D,20180518,000000,818.60,820.81,810.04,812.28,1885946,0
ADBE.US,D,20180521,000000,806.76,829.00,780.03,786.72,2169123,0
ADBE.US,D,20180521,000000,785.87,787.05,763.10,765.48,2053775,0
ADBE.US,D,20180521,000000,756.80,758.82,733.64,740.64,2940702,0
ADBE.US,D,20180522,000000,737.91,741.78,698.12,718.42,1752471,0
ADBE.US,D,20180523,000000,711.96,756.16,709.83,744.22,1302145,0
ADBE.US,D,20180524,000000,743.29,770.51,737.04,764.62,1713524,0
ADBE.US,D,20180525,000000,761.20,805.12,759.20,783.87,1749371,0
ADBE.US,D,20180528,000000,784.63,785.14,745.54,761.16,1641791,0
ADBE.US,D,20180528,000000,747.50,748.85,727.71,732.88,2065160,0
ADBE.US,D,20180528,000000,724.25,744.02,714.99,740.47,1920615,0
ADBE.US,D,20180529,000000,734.96,737.23,717.03,719.22,1602682,0
ADBE.US,D,20180530,000000,716.30,721.95,713.23,719.11,2664698,0
ADBE.US,D,20180531,000000,704.27,751.94,701.39,741.01,1187317,0
ADBE.US,D,20180601,000000,743.46,760.32,743.38,758.68,1603020,0
ADBE.US,D,20180604,000000,755.00,757.54,744.84,746.57,1188878,0
ADBE.US,D,20180604,000000,750.51,754.18,731.09,738.68,1654578,0
ADBE.US,D,20180604,000000,752.81,755.69,730.85,741.11,2371732,0
ADBE.US,D,20180605,000000,749.47,751.22,699.03,720.34,1221445,0
ADBE.US,D,20180606,000000,708.12,709.47,705.03,707.12,2984654,0
ADBE.US,D,20180607,000000,708.81,736.67,705.53,729.70,2810022,0
ADBE.US,D,20180608,000000,728.45,735.53,728.35,734.25,2838600,0
ADBE.US,D,20180611,000000,738.45,739.75,736.16,736.53,2011757,0
ADBE.US,D,20180611,000000,739.22,755.32,739.10,752.74,1773785,0
ADBE.US,D,20180611,000000,757.79,759.63,749.62,753.98,1551915,0
ADBE.US,D,20180612,000000,748.86,750.29,735.09,742.26,2173321,0
ADBE.US,D,20180613,000000,742.49,751.86,740.92,747.76,2767433,0
ADBE.US,D,20180614,000000,752.36,757.03,750.52,756.44,2811349,0
ADBE.US,D,20180615,000000,761.65,764.88,761.28,764.39,1695694,0
ADBE.US,D,20180618,000000,763.39,787.75,759.57,784.09,1747379,0
ADBE.US,D,20180618,000000,791.92,792.58,780.57,781.54,2300395,0
ADBE.US,D,20180618,000000,783.82,785.48,777.15,779.98,2507576,0
ADBE.US,D,20180619,000000,779.58,784.81,778.20,784.45,2637541,0
ADBE.US,D,20180620,000000,785.67,805.02,785.55,804.02,2186153,0
ADBE.US,D,20180621,000000,805.48,815.28,805.46,810.45,1438869,0
ADBE.US,D,20180622,000000,801.05,802.16,781.06,783.17,1423961,0
ADBE.US,D,20180625,000000,778.95,817.48,772.26,801.31,2259775,0
ADBE.US,D,20180625,000000,811.69,820.55,810.24,817.94,2974701,0
ADBE.US,D,20180625,000000,824.55,859.68,819.39,850.36,2729246,0
ADBE.US,D,20180626,000000,846.28,891.55,844.55,878.99,2114558,0
ADBE.US,D,20180627,000000,878.75,888.00,876.90,885.76,1985798,0
ADBE.US,D,20180628,000000,885.87,886.25,858.77,865.55,2013995,0
ADBE.US,D,20180629,000000,868.46,877.82,812.43,833.40,2929118,0
ADBE.US,D,20180702,000000,836.14,853.00,835.22,851.72,2197083,0
ADBE.US,D,20180702,000000,842.83,881.85,840.16,872.96,2278199,0
ADBE.US,D,20180702,000000,863.17,884.79,855.34,884.00,2240798,0
ADBE.US,D,20180703,000000,883.84,905.98,876.33,899.60,2737511,0
ADBE.US,D,20180704,000000,895.69,899.14,886.43,887.82,2059746,0
ADBE.US,D,20180705,000000,887.12,890.14,883.76,887.09,2247231,0
ADBE.US,D,20180706,000000,894.81,912.87,882.73,910.03,1368973,0
ADBE.US,D,20180709,000000,914.95,917.40,896.90,900.09,2473427,0
ADBE.US,D,20180709,000000,901.92,913.29,900.10,910.93,1579923,0
ADBE.US,D,20180709,000000,912.14,914.77,905.42,907.74,2386917,0
ADBE.US,D,20180710,000000,914.05,914.54,902.68,903.13,1898171,0
ADBE.US,D,20180711,000000,895.23,897.18,868.16,876.25,1017646,0
ADBE.US,D,20180712,000000,870.39,871.25,865.41,866.75,2514307,0
ADBE.US,D,20180713,000000,871.94,873.67,869.29,870.92,2927405,0
ADBE.US,D,20180716,000000,873.74,874.17,868.59,873.31,1250984,0
ADBE.US,D,20180716,000000,875.72,880.11,851.90,854.61,2451825,0
ADBE.US,D,20180716,000000,858.09,868.83,853.73,863.30,2694690,0
ADBE.US,D,20180717,000000,866.23,870.42,865.88,869.80,1705800,0
ADBE.US,D,20180718,000000,864.49,870.88,863.83,868.51,1093206,0
ADBE.US,D,20180719,000000,864.37,910.15,851.64,894.68,2884239,0
ADBE.US,D,20180720,000000,891.35,922.63,885.89,916.33,1631429,0
ADBE.US,D,20180723,000000,914.39,921.68,911.54,920.48,2696797,0
ADBE.US,D,20180723,000000,920.03,922.10,901.38,907.23,2581706,0
ADBE.US,D,20180723,000000,910.10,911.50,895.73,902.23,2263875,0
ADBE.US,D,20180724,000000,907.61,911.10,907.14,909.23,2624070,0
ADBE.US,D,20180725,000000,908.06,920.36,875.19,877.92,1727674,0
ADBE.US,D,20180726,000000,871.86,880.79,853.36,857.83,1324064,0
ADBE.US,D,20180727,000000,855.26,873.82,850.99,869.73,1435297,0
ADBE.US,D,20180730,000000,867.85,883.21,863.63,881.74,2362947,0
ADBE.US,D,20180730,000000,880.99,909.98,875.61,898.91,2512387,0
ADBE.US,D,20180730,000000,895.29,897.35,884.74,886.33,2956147,0
ADBE.US,D,20180731,000000,887.73,887.98,885.94,886.21,2958033,0
ADBE.US,D,20180801,000000,903.92,913.78,863.50,876.24,2897302,0
ADBE.US,D,20180802,000000,871.84,872.01,869.37,869.45,2678696,0
ADBE.US,D,20180803,000000,865.94,894.05,862.34,890.39,1930469,0
ADBE.US,D,20180806,000000,886.09,905.93,883.74,902.18,2372248,0
ADBE.US,D,20180806,000000,901.37,904.75,869.79,880.51,2506301,0
ADBE.US,D,20180806,000000,886.27,888.23,842.64,867.00,2566653,0
ADBE.US,D,20180807,000000,868.84,887.19,867.04,882.81,2605084,0
ADBE.US,D,20180808,000000,876.51,891.55,871.92,885.51,2094077,0
ADBE.US,D,20180809,000000,887.51,897.38,852.78,858.37,1892587,0
ADBE.US,D,20180810,000000,858.87,862.97,809.91,828.61,2921895,0
ADBE.US,D,20180813,000000,828.74,830.82,821.41,823.81,2037627,0
ADBE.US,D,20180813,000000,829.99,835.58,810.14,810.88,1526460,0
ADBE.US,D,20180813,000000,811.70,814.82,795.78,796.24,2399771,0
ADBE.US,D,20180814,000000,792.62,798.52,792.44,796.96,2435998,0
ADBE.US,D,20180815,000000,796.10,801.38,757.93,767.81,1140884,0
ADBE.US,D,20180816,000000,773.64,774.26,773.36,774.13,1274129,0
ADBE.US,D,20180817,000000,775.22,782.01,773.78,777.60,1243002,0
ADBE.US,D,20180820,000000,775.46,776.23,771.46,771.90,2249325,0
ADBE.US,D,20180820,000000,769.90,792.50,762.82,787.51,1878087,0
ADBE.US,D,20180820,000000,789.91,790.50,789.42,789.43,2234554,0
ADBE.US,D,20180821,000000,792.93,796.61,776.78,779.86,2852941,0
ADBE.US,D,20180822,000000,776.93,790.85,775.99,789.98,1459665,0
ADBE.US,D,20180823,000000,797.48,798.27,775.59,778.70,2948004,0
ADBE.US,D,20180824,000000,776.14,781.25,772.79,776.83,2661195,0
ADBE.US,D,20180827,000000,771.58,811.29,768.49,797.92,1659688,0
ADBE.US,D,20180827,000000,795.27,796.76,788.40,790.61,1227113,0
ADBE.US,D,20180827,000000,791.28,795.48,772.04,773.14,2120517,0
ADBE.US,D,20180828,000000,770.89,773.37,769.67,772.42,1022834,0
ADBE.US,D,20180829,000000,771.61,774.46,756.46,762.24,2241537,0
ADBE.US,D,20180830,000000,761.92,762.12,760.70,761.01,1288508,0
ADBE.US,D,20180831,000000,757.71,757.96,754.97,755.48,2590098,0
ADBE.US,D,20180903,000000,747.84,748.35,747.35,748.30,2872855,0
ADBE.US,D,20180903,000000,747.13,747.15,729.14,735.81,2202708,0
ADBE.US,D,20180903,000000,731.91,758.22,731.43,748.87,1219514,0
ADBE.US,D,20180904,000000,749.09,750.42,746.50,746.59,2357555,0
ADBE.US,D,20180905,000000,746.52,746.69,734.93,738.60,2990349,0
ADBE.US,D,20180906,000000,737.81,746.93,735.76,745.44,1988660,0
ADBE.US,D,20180907,000000,743.02,759.24,742.17,756.70,2980597,0
ADBE.US,D,20180910,000000,753.10,755.11,751.25,751.70,1269358,0
ADBE.US,D,20180910,000000,754.45,754.51,743.76,746.49,1759313,0
ADBE.US,D,20180910,000000,749.98,758.07,748.65,754.57,2609127,0
ADBE.US,D,20180911,000000,754.33,759.08,751.96,757.62,2089173,0
ADBE.US,D,20180912,000000,757.68,774.80,754.94,768.16,1306820,0
ADBE.US,D,20180913,000000,770.38,777.38,769.91,776.30,1709760,0
ADBE.US,D,20180914,000000,775.70,776.56,775.13,775.31,2914410,0
ADBE.US,D,20180917,000000,775.19,778.39,775.12,777.23,1235212,0
ADBE.US,D,20180917,000000,774.09,774.13,771.76,771.94,1210337,0
ADBE.US,D,20180917,000000,771.51,783.05,767.40,779.57,1065776,0
ADBE.US,D,20180918,000000,781.30,788.00,779.42,787.29,2976447,0
ADBE.US,D,20180919,000000,787.47,788.59,782.25,787.38,2726376,0
ADBE.US,D,20180920,000000,780.80,788.84,779.64,786.87,1832469,0
ADBE.US,D,20180921,000000,788.88,803.81,787.05,799.41,1754338,0
ADBE.US,D,20180924,000000,800.32,801.54,796.10,796.69,2236270,0
ADBE.US,D,20180924,000000,794.82,795.47,794.17,795.11,1373386,0
ADBE.US,D,20180924,000000,797.43,800.32,796.75,799.49,2562226,0
ADBE.US,D,20180925,000000,799.85,800.06,787.14,791.16,2145060,0
ADBE.US,D,20180926,000000,790.83,791.34,789.30,789.76,1948667,0
ADBE.US,D,20180927,000000,791.45,792.00,787.19,788.79,1752622,0
ADBE.US,D,20180928,000000,788.27,788.30,785.37,786.18,2967977,0
ADBE.US,D,20181001,000000,785.01,787.52,773.33,775.15,2714606,0
ADBE.US,D,20181001,000000,780.29,784.82,760.23,763.40,1742715,0
ADBE.US,D,20181001,000000,761.20,761.73,759.77,759.84,1623923,0
ADBE.US,D,20181002,000000,760.15,760.41,759.80,759.96,2338274,0
ADBE.US,D,20181003,000000,761.26,761.29,758.29,758.65,2408706,0
ADBE.US,D,20181004,000000,758.73,762.49,758.04,762.10,2688366,0
ADBE.US,D,20181005,000000,763.10,765.62,761.87,765.36,1830841,0
ADBE.US,D,20181008,000000,765.17,765.23,764.94,764.99,1803363,0
ADBE.US,D,20181008,000000,765.72,766.04,764.11,764.18,1501008,0
ADBE.US,D,20181008,000000,763.35,763.56,761.39,762.24,1445245,0
ADBE.US,D,20181009,000000,760.98,778.93,760.72,774.05,2309369,0
ADBE.US,D,20181010,000000,774.11,774.58,760.07,766.88,1531360,0
ADBE.US,D,20181011,000000,771.57,771.61,767.70,767.92,2350943,0
ADBE.US,D,20181012,000000,763.39,766.28,763.04,764.50,2472696,0
ADBE.US,D,20181015,000000,762.47,788.63,756.34,778.45,2256445,0
ADBE.US,D,20181015,000000,778.92,789.34,778.43,785.98,1861374,0
ADBE.US,D,20181015,000000,791.46,792.18,787.60,787.82,1004712,0
ADBE.US,D,20181016,000000,796.52,802.45,784.17,786.12,1715725,0
ADBE.US,D,20181017,000000,785.23,799.47,784.17,792.39,2182043,0
ADBE.US,D,20181018,000000,796.04,809.35,735.24,750.72,1578465,0
ADBE.US,D,20181019,000000,748.43,758.42,740.38,755.21,1759489,0
ADBE.US,D,20181022,000000,758.35,768.52,756.57,761.05,1206956,0
ADBE.US,D,20181022,000000,763.97,765.83,763.96,765.01,1058495,0
ADBE.US,D,20181022,000000,768.66,772.86,737.84,742.03,1360303,0
ADBE.US,D,20181023,000000,740.19,741.79,739.59,740.55,2738560,0
ADBE.US,D,20181024,000000,738.43,748.34,735.09,748.28,2926035,0
ADBE.US,D,20181025,000000,750.36,752.14,747.18,748.10,1611882,0
ADBE.US,D,20181026,000000,748.88,749.06,743.36,744.96,1045686,0
ADBE.US,D,20181029,000000,743.74,743.75,743.62,743.67,1022230,0
ADBE.US,D,20181029,000000,741.59,741.63,740.16,740.97,2758035,0
ADBE.US,D,20181029,000000,741.05,744.47,730.70,735.29,2218712,0
ADBE.US,D,20181030,000000,735.61,736.56,733.49,734.34,2858668,0
ADBE.US,D,20181031,000000,733.83,734.15,723.29,726.82,1694094,0
ADBE.US,D,20181101,000000,724.65,740.87,720.58,737.09,2499200,0
ADBE.US,D,20181102,000000,737.49,742.95,736.71,739.83,1898029,0
ADBE.US,D,20181105,000000,738.86,752.85,738.34,750.01,1090519,0
ADBE.US,D,20181105,000000,746.44,761.33,741.64,759.75,2587330,0
ADBE.US,D,20181105,000000,758.86,759.60,757.81,757.88,2381369,0
ADBE.US,D,20181106,000000,758.58,758.66,756.78,756.98,2759531,0
ADBE.US,D,20181107,000000,757.56,760.77,756.18,758.94,2450223,0
ADBE.US,D,20181108,000000,758.28,762.79,757.19,761.42,2434653,0
ADBE.US,D,20181109,000000,761.66,761.87,759.63,759.76,2512362,0
ADBE.US,D,20181112,000000,760.04,761.04,755.81,757.89,2795311,0
ADBE.US,D,20181112,000000,758.96,766.62,758.27,764.59,2123657,0
ADBE.US,D,20181112,000000,761.01,772.30,759.37,770.70,1727097,0
ADBE.US,D,20181113,000000,772.71,772.82,772.17,772.52,2383444,0
ADBE.US,D,20181114,000000,783.91,785.24,780.06,781.89,2632859,0
ADBE.US,D,20181115,000000,790.99,791.85,766.94,775.39,2105182,0
ADBE.US,D,20181116,000000,777.25,777.33,775.50,775.64,2865163,0
ADBE.US,D,20181119,000000,774.80,786.00,772.77,784.39,1580194,0
ADBE.US,D,20181119,000000,780.69,805.29,773.48,798.34,1541285,0
ADBE.US,D,20181119,000000,799.31,802.06,776.21,781.92,1677077,0
ADBE.US,D,20181120,000000,779.17,788.99,777.33,787.75,2617275,0
ADBE.US,D,20181121,000000,781.36,817.24,780.18,806.09,2526699,0
ADBE.US,D,20181122,000000,802.34,803.39,800.73,801.28,1318758,0
ADBE.US,D,20181123,000000,799.08,801.14,798.92,800.88,2210663,0
ADBE.US,D,20181126,000000,801.68,824.26,795.11,820.81,1098998,0
ADBE.US,D,20181126,000000,821.22,826.25,806.80,811.06,2930063,0
ADBE.US,D,20181126,000000,806.75,807.93,798.83,803.07,1665340,0
ADBE.US,D,20181127,000000,798.64,800.50,797.09,799.25,1373602,0
ADBE.US,D,20181128,000000,797.74,808.59,793.02,806.64,2427527,0
ADBE.US,D,20181129,000000,811.70,820.01,797.97,798.15,2925965,0
ADBE.US,D,20181130,000000,799.31,806.95,779.29,783.78,2568945,0
ADBE.US,D,20181203,000000,775.98,789.98,773.76,788.47,1713993,0
ADBE.US,D,20181203,000000,793.01,823.82,792.28,813.75,1160795,0
ADBE.US,D,20181203,000000,811.30,852.14,806.24,836.52,2953030,0
ADBE.US,D,20181204,000000,829.89,831.82,823.25,823.30,2170804,0
ADBE.US,D,20181205,000000,828.48,844.51,825.57,834.64,1878361,0
ADBE.US,D,20181206,000000,828.91,858.72,822.59,858.62,1126209,0
ADBE.US,D,20181207,000000,860.36,862.31,859.90,861.18,1802533,0
ADBE.US,D,20181210,000000,850.74,893.95,843.67,891.21,2661599,0
ADBE.US,D,20181210,000000,893.02,903.05,852.74,863.03,2639299,0
ADBE.US,D,20181210,000000,855.43,856.17,812.49,821.71,1795477,0
ADBE.US,D,20181211,000000,819.23,831.37,819.14,824.80,2539206,0
ADBE.US,D,20181212,000000,829.62,841.69,829.10,837.56,1237003,0
ADBE.US,D,20181213,000000,830.03,856.87,827.55,856.33,2108571,0
ADBE.US,D,20181214,000000,845.75,930.15,836.26,904.72,2480105,0
ADBE.US,D,20181217,000000,898.81,911.08,896.02,903.92,1720189,0
ADBE.US,D,20181217,000000,899.62,921.59,891.57,921.45,1888918,0
ADBE.US,D,20181217,000000,906.93,944.48,903.84,940.08,1189433,0
ADBE.US,D,20181218,000000,944.15,946.04,942.58,945.00,2274650,0
ADBE.US,D,20181219,000000,943.83,946.80,943.62,946.38,1112140,0
ADBE.US,D,20181220,000000,950.17,951.75,942.66,944.66,1850987,0
ADBE.US,D,20181221,000000,944.03,968.36,938.72,962.04,2926330,0
ADBE.US,D,20181224,000000,971.90,994.78,965.04,987.01,1992788,0
ADBE.US,D,20181224,000000,984.03,1008.85,983.88,1002.70,2034921,0
ADBE.US,D,20181224,000000,1007.90,1056.00,1006.67,1042.51,2776718,0
ADBE.US,D,20181225,000000,1032.91,1083.71,1032.31,1077.10,2224740,0
ADBE.US,D,20181226,000000,1066.81,1075.70,1040.46,1050.62,1154756,0
ADBE.US,D,20181227,000000,1037.67,1049.41,1034.31,1049.29,1285356,0
ADBE.US,D,20181228,000000,1052.59,1076.73,985.58,1006.02,2939825,0
ADBE.US,D,20181231,000000,1009.74,1013.40,962.11,963.67,2881611,0
ADBE.US,D,20181231,000000,945.64,983.18,938.64,981.17,1522127,0
ADBE.US,D,20181231,000000,974.12,986.95,970.03,979.07,1924685,0
ADBE.US,D,20190101,000000,991.80,995.74,964.74,973.84,1407753,0
ADBE.US,D,20190102,000000,978.49,1022.25,972.93,1018.11,1787254,0
ADBE.US,D,20190103,000000,1010.70,1019.62,1008.44,1008.65,2526600,0
ADBE.US,D,20190104,000000,1015.88,1018.08,984.80,998.13,2954544,0
ADBE.US,D,20190107,000000,993.68,996.37,980.64,988.42,2596681,0
ADBE.US,D,20190107,000000,992.84,994.28,949.88,968.19,2307214,0
ADBE.US,D,20190107,000000,970.16,971.09,968.38,968.42,1212728,0
ADBE.US,D,20190108,000000,960.95,1041.59,943.45,1020.66,2346958,0
ADBE.US,D,20190109,000000,1018.97,1020.17,1004.88,1014.45,2346652,0
ADBE.US,D,20190110,000000,1022.09,1022.30,1015.04,1017.77,2932260,0
ADBE.US,D,20190111,000000,1022.76,1024.85,1010.72,1011.84,1295161,0
ADBE.US,D,20190114,000000,1015.11,1016.39,983.81,990.02,1195050,0
ADBE.US,D,20190114,000000,990.57,1036.56,986.71,1022.33,2212237,0
ADBE.US,D,20190114,000000,1014.98,1020.89,997.78,998.78,1387998,0
ADBE.US,D,20190115,000000,996.23,1033.49,994.37,1014.97,2005901,0
ADBE.US,D,20190116,000000,1021.73,1028.40,988.69,991.98,1816733,0
ADBE.US,D,20190117,000000,992.41,1006.49,967.50,967.51,1205060,0
ADBE.US,D,20190118,000000,958.20,962.66,956.43,962.57,1365193,0
ADBE.US,D,20190121,000000,973.49,976.30,957.04,964.50,1601493,0
ADBE.US,D,20190121,000000,955.08,973.96,954.90,972.95,1532839,0
ADBE.US,D,20190121,000000,976.71,986.16,948.22,950.47,1023874,0
ADBE.US,D,20190122,000000,943.51,945.14,936.09,936.54,1330429,0
ADBE.US,D,20190123,000000,933.43,967.28,928.46,955.70,1115455,0
ADBE.US,D,20190124,000000,972.26,994.21,860.78,898.60,2127149,0
ADBE.US,D,20190125,000000,900.47,908.42,885.70,892.54,1231363,0
ADBE.US,D,20190128,000000,890.68,899.02,860.34,868.97,1171135,0
ADBE.US,D,20190128,000000,874.85,876.09,871.12,871.71,2096836,0
ADBE.US,D,20190128,000000,866.94,938.13,856.99,924.44,2941772,0
ADBE.US,D,20190129,000000,919.60,962.50,912.15,958.59,1744547,0
ADBE.US,D,20190130,000000,964.25,1003.39,950.93,1000.35,2679348,0
ADBE.US,D,20190131,000000,1003.40,1045.18,994.58,1024.77,2908727,0
ADBE.US,D,20190201,000000,1031.51,1031.80,937.64,972.89,2779358,0
ADBE.US,D,20190204,000000,980.13,982.12,967.95,972.64,2245088,0
ADBE.US,D,20190204,000000,956.38,961.36,940.76,944.34,2569962,0
ADBE.US,D,20190204,000000,944.40,960.73,870.40,888.67,2625747,0
ADBE.US,D,20190205,000000,886.73,931.38,879.30,928.10,2772213,0
ADBE.US,D,20190206,000000,929.19,934.71,916.37,929.00,2912345,0
ADBE.US,D,20190207,000000,922.22,992.68,911.07,972.15,1236726,0
ADBE.US,D,20190208,000000,972.08,977.38,932.62,941.02,1127653,0
ADBE.US,D,20190211,000000,949.41,979.03,938.70,978.02,2421149,0
ADBE.US,D,20190211,000000,973.41,979.89,936.41,948.52,2042123,0
ADBE.US,D,20190211,000000,955.09,969.15,951.98,963.20,1537296,0
ADBE.US,D,20190212,000000,976.67,977.28,970.18,971.18,3813627,0
ADBE.US,D,20190213,000000,967.81,994.17,959.07,990.65,1882915,0
ADBE.US,D,20190214,000000,983.87,1026.85,980.83,1008.30,3259160,0
ADBE.US,D,20190215,000000,987.96,1017.72,979.06,1017.69,3524395,0
ADBE.US,D,20190218,000000,1024.61,1024.64,1023.64,1024.01,5251576,0
ADBE.US,D,20190218,000000,1030.76,1053.43,1029.92,1049.62,5014919,0
ADBE.US,D,20190218,000000,1058.04,1075.41,1056.44,1070.13,3941813,0
ADBE.US,D,20190219,000000,1067.19,1104.70,1065.00,1086.27,2454592,0
ADBE.US,D,20190220,000000,1065.10,1126.63,1039.64,1121.18,5486710,0
ADBE.US,D,20190221,000000,1102.73,1154.80,1094.65,1142.69,2387906,0
ADBE.US,D,20190222,000000,1136.64,1192.80,1132.40,1171.33,5874004,0
ADBE.US,D,20190225,000000,1172.49,1229.34,1158.98,1208.22,3879646,0
ADBE.US,D,20190225,000000,1205.32,1252.41,1197.99,1243.09,4991179,0
ADBE.US,D,20190225,000000,1232.99,1287.99,1232.95,1283.08,4055003,0
ADBE.US,D,20190226,000000,1291.65,1303.85,1289.71,1301.90,4701120,0
ADBE.US,D,20190227,000000,1305.14,1363.58,1285.92,1338.22,3676462,0
ADBE.US,D,20190228,000000,1305.93,1370.72,1297.65,1369.54,4890115,0
ADBE.US,D,20190301,000000,1347.79,1434.51,1336.32,1408.94,7532168,0
ADBE.US,D,20190304,000000,1397.54,1472.95,1388.40,1450.06,5080046,0
ADBE.US,D,20190304,000000,1453.92,1491.60,1445.19,1484.97,8420876,0
ADBE.US,D,20190304,000000,1481.42,1552.28,1467.92,1536.70,5313467,0
ADBE.US,D,20190305,000000,1548.95,1601.38,1540.16,1596.79,6767470,0
ADBE.US,D,20190306,000000,1576.08,1657.57,1563.78,1650.85,3195705,0
ADBE.US,D,20190307,000000,1658.55,1701.30,1648.93,1701.18,4100568,0
ADBE.US,D,20190308,000000,1681.04,1798.87,1672.71,1761.59,5284092,0
ADBE.US,D,20190311,000000,1749.92,1865.72,1745.11,1818.06,6456085,0
ADBE.US,D,20190311,000000,1840.40,1933.23,1829.07,1884.63,9753178,0
ADBE.US,D,20190311,000000,1890.52,1976.55,1869.19,1945.41,8274169,0
ADBE.US,D,20190312,000000,1941.34,2057.60,1927.73,2019.16,9871969,0
ADBE.US,D,20190313,000000,2013.56,2090.41,1992.84,2071.95,8241517,0
ADBE.US,D,20190314,000000,2070.89,2080.08,2070.05,2074.52,2432284,0
ADBE.US,D,20190315,000000,2121.75,2131.30,2038.82,2075.86,1611367,0
ADBE.US,D,20190318,000000,2073.84,2166.35,2065.95,2142.10,2102630,0
ADBE.US,D,20190318,000000,2121.59,2199.67,2112.11,2169.49,2527680,0
ADBE.US,D,20190318,000000,2172.34,2197.78,2034.76,2068.44,2648753,0
ADBE.US,D,20190319,000000,2095.88,2104.65,2078.34,2081.99,1735071,0
ADBE.US,D,20190320,000000,2106.17,2118.63,1959.23,1996.51,1597186,0
ADBE.US,D,20190321,000000,1998.37,2033.57,1903.99,1922.69,2960550,0
ADBE.US,D,20190322,000000,1915.72,2018.66,1894.72,1991.85,1554846,0
ADBE.US,D,20190325,000000,1972.21,2070.85,1941.19,2054.25,1915665,0
ADBE.US,D,20190325,000000,2032.05,2041.80,1978.71,1988.02,2690267,0
ADBE.US,D,20190325,000000,1983.30,1991.94,1978.62,1989.33,1507881,0
ADBE.US,D,20190326,000000,1981.83,2056.68,1952.76,2035.18,2072289,0
ADBE.US,D,20190327,000000,2030.43,2034.33,1922.02,1935.55,2686516,0
ADBE.US,D,20190328,000000,1925.56,1933.60,1883.44,1892.62,1200919,0
ADBE.US,D,20190329,000000,1860.52,1945.73,1854.02,1923.66,2644563,0
ADBE.US,D,20190401,000000,1900.92,1984.46,1874.06,1972.13,2963511,0
ADBE.US,D,20190401,000000,1976.23,1995.41,1895.99,1896.06,1287847,0
ADBE.US,D,20190401,000000,1924.10,1924.45,1899.27,1916.94,1937198,0
ADBE.US,D,20190402,000000,1896.41,1897.82,1841.92,1848.36,1093184,0
ADBE.US,D,20190403,000000,1861.55,1908.66,1824.19,1903.14,2768772,0
ADBE.US,D,20190404,000000,1936.27,1968.40,1933.19,1965.99,2893435,0
ADBE.US,D,20190405,000000,1951.32,2018.39,1940.83,2010.00,1212930,0
ADBE.US,D,20190408,000000,2018.36,2030.62,1938.82,1951.38,2264186,0
ADBE.US,D,20190408,000000,1949.64,1950.37,1940.21,1941.84,1261529,0
ADBE.US,D,20190408,000000,1941.80,1951.18,1874.41,1886.09,1873323,0
ADBE.US,D,20190409,000000,1892.97,1905.02,1891.86,1902.54,2401727,0
ADBE.US,D,20190410,000000,1905.73,1916.08,1709.82,1774.32,1442032,0
ADBE.US,D,20190411,000000,1787.90,1795.82,1760.58,1767.22,2787477,0
ADBE.US,D,20190412,000000,1766.39,1900.34,1737.17,1860.67,1685621,0
ADBE.US,D,20190415,000000,1841.21,1845.52,1789.70,1825.57,1907272,0
ADBE.US,D,20190415,000000,1835.59,1841.99,1816.12,1818.92,2379626,0
ADBE.US,D,20190415,000000,1742.97,1902.21,1715.06,1815.02,2392402,0
ADBE.US,D,20190416,000000,1831.27,1840.11,1691.74,1728.09,1303451,0
ADBE.US,D,20190417,000000,1676.35,1796.19,1675.53,1761.48,1398773,0
ADBE.US,D,20190418,000000,1788.05,1791.72,1704.61,1714.68,1394983,0
ADBE.US,D,20190419,000000,1690.31,1734.94,1688.61,1706.03,2966140,0
ADBE.US,D,20190422,000000,1711.28,1733.17,1577.20,1617.35,2862828,0
ADBE.US,D,20190422,000000,1615.62,1617.16,1581.42,1590.01,2178893,0
ADBE.US,D,20190422,000000,1592.87,1615.41,1538.25,1551.13,2831572,0
ADBE.US,D,20190423,000000,1556.64,1646.49,1500.57,1637.29,1835366,0
ADBE.US,D,20190424,000000,1635.03,1640.34,1617.02,1621.12,2308187,0
ADBE.US,D,20190425,000000,1610.87,1612.67,1574.86,1582.39,1723750,0
ADBE.US,D,20190426,000000,1571.11,1586.16,1564.78,1575.79,2868744,0
ADBE.US,D,20190429,000000,1560.93,1607.43,1555.20,1601.36,2777795,0
ADBE.US,D,20190429,000000,1583.10,1593.33,1524.79,1540.43,1573258,0
ADBE.US,D,20190429,000000,1510.99,1560.00,1507.98,1553.84,1053205,0
ADBE.US,D,20190430,000000,1552.79,1579.15,1542.65,1572.09,1669413,0
ADBE.US,D,20190501,000000,1579.71,1594.23,1536.06,1536.11,1232720,0
ADBE.US,D,20190502,000000,1560.03,1563.21,1531.60,1537.84,2849121,0
ADBE.US,D,20190503,000000,1523.76,1528.94,1500.57,1509.19,2835668,0
ADBE.US,D,20190506,000000,1498.64,1499.80,1404.05,1407.45,1776347,0
ADBE.US,D,20190506,000000,1402.89,1409.38,1385.45,1394.40,2122857,0
ADBE.US,D,20190506,000000,1399.60,1434.42,1383.89,1418.89,1770192,0
ADBE.US,D,20190507,000000,1453.89,1492.26,1440.83,1490.51,1210703,0
ADBE.US,D,20190508,000000,1496.31,1504.01,1468.46,1468.82,2204476,0
ADBE.US,D,20190509,000000,1448.48,1498.27,1425.83,1494.79,1014696,0
ADBE.US,D,20190510,000000,1488.11,1598.27,1484.20,1580.81,1372471,0
ADBE.US,D,20190513,000000,1585.16,1586.98,1540.65,1540.72,1136224,0
ADBE.US,D,20190513,000000,1547.57,1608.88,1547.25,1596.92,1885948,0
ADBE.US,D,20190513,000000,1594.21,1618.95,1593.85,1614.38,1608409,0
ADBE.US,D,20190514,000000,1613.89,1746.15,1573.87,1709.99,1440591,0
ADBE.US,D,20190515,000000,1716.67,1821.21,1693.08,1805.31,1522092,0
ADBE.US,D,20190516,000000,1819.77,1827.58,1770.70,1782.05,1496745,0
ADBE.US,D,20190517,000000,1809.22,1850.19,1793.92,1850.11,1286011,0
ADBE.US,D,20190520,000000,1859.10,1892.64,1798.52,1826.00,1543505,0
ADBE.US,D,20190520,000000,1861.38,1898.93,1630.44,1685.27,1785796,0
ADBE.US,D,20190520,000000,1689.69,1706.10,1687.49,1703.84,1516419,0
ADBE.US,D,20190521,000000,1709.15,1758.75,1548.08,1597.84,2157248,0
ADBE.US,D,20190522,000000,1612.05,1641.39,1505.99,1512.37,2923049,0
ADBE.US,D,20190523,000000,1505.39,1518.67,1483.23,1495.15,2432801,0
ADBE.US,D,20190524,000000,1507.02,1519.05,1506.08,1515.89,2931480,0
ADBE.US,D,20190527,000000,1521.85,1522.87,1490.70,1494.85,2520942,0
ADBE.US,D,20190527,000000,1490.92,1534.41,1474.61,1520.73,2302616,0
ADBE.US,D,20190527,000000,1529.45,1530.44,1526.13,1529.07,2948726,0
ADBE.US,D,20190528,000000,1526.43,1620.04,1488.91,1605.53,2867670,0
ADBE.US,D,20190529,000000,1611.96,1642.59,1605.95,1640.46,2246749,0
ADBE.US,D,20190530,000000,1645.75,1657.47,1588.99,1600.04,2214434,0
ADBE.US,D,20190531,000000,1600.79,1617.06,1583.44,1585.02,2624653,0
ADBE.US,D,20190603,000000,1587.75,1596.54,1576.61,1592.27,2504471,0
ADBE.US,D,20190603,000000,1594.64,1612.01,1591.06,1607.88,1253071,0
ADBE.US,D,20190603,000000,1607.53,1614.10,1578.43,1587.52,2022998,0
ADBE.US,D,20190604,000000,1586.48,1621.21,1582.14,1607.10,1754755,0
ADBE.US,D,20190605,000000,1610.25,1612.21,1557.70,1561.06,2314356,0
ADBE.US,D,20190606,000000,1580.20,1591.31,1579.23,1587.23,1248824,0
ADBE.US,D,20190607,000000,1606.94,1611.81,1606.23,1609.49,2753933,0
ADBE.US,D,20190610,000000,1610.13,1659.20,1603.43,1647.69,2600939,0
ADBE.US,D,20190610,000000,1642.99,1644.21,1615.47,1624.50,2875785,0
ADBE.US,D,20190610,000000,1623.60,1627.06,1525.39,1550.75,2620653,0
ADBE.US,D,20190611,000000,1549.43,1556.48,1502.68,1505.67,1741510,0
ADBE.US,D,20190612,000000,1500.64,1501.43,1496.85,1501.12,1625185,0
ADBE.US,D,20190613,000000,1484.97,1505.08,1479.74,1495.68,2162516,0
ADBE.US,D,20190614,000000,1460.32,1482.28,1454.02,1474.29,2286290,0
ADBE.US,D,20190617,000000,1475.49,1476.92,1468.42,1468.49,1103619,0
ADBE.US,D,20190617,000000,1482.84,1514.43,1480.31,1513.60,1020817,0
ADBE.US,D,20190617,000000,1500.32,1502.82,1483.23,1487.46,1992323,0
ADBE.US,D,20190618,000000,1509.03,1654.87,1506.42,1619.47,2909806,0
ADBE.US,D,20190619,000000,1609.75,1666.90,1595.63,1666.15,2890876,0
ADBE.US,D,20190620,000000,1653.43,1661.13,1565.98,1576.81,2279188,0
ADBE.US,D,20190621,000000,1601.67,1618.72,1449.65,1510.70,1368462,0
ADBE.US,D,20190624,000000,1503.08,1527.02,1445.66,1483.76,2428144,0
ADBE.US,D,20190624,000000,1473.27,1492.22,1406.94,1420.42,1774259,0
ADBE.US,D,20190624,000000,1420.76,1423.93,1414.80,1417.57,1099871,0
ADBE.US,D,20190625,000000,1426.89,1428.34,1382.74,1388.72,2102426,0
ADBE.US,D,20190626,000000,1380.87,1384.65,1361.16,1364.97,2959762,0
ADBE.US,D,20190627,000000,1368.13,1420.35,1365.28,1414.20,2632349,0
ADBE.US,D,20190628,000000,1435.47,1453.89,1372.34,1381.45,2695669,0
ADBE.US,D,20190701,000000,1377.64,1396.77,1342.59,1346.27,1912792,0
ADBE.US,D,20190701,000000,1365.55,1432.84,1358.74,1408.77,1561684,0
ADBE.US,D,20190701,000000,1397.02,1397.49,1339.04,1357.67,1997765,0
ADBE.US,D,20190702,000000,1345.07,1358.22,1343.35,1357.93,1264779,0
ADBE.US,D,20190703,000000,1343.92,1386.56,1339.61,1375.60,1889534,0
ADBE.US,D,20190704,000000,1373.99,1383.51,1324.69,1349.80,1379191,0
ADBE.US,D,20190705,000000,1353.57,1371.98,1343.36,1367.81,1932063,0
ADBE.US,D,20190708,000000,1334.70,1425.21,1327.71,1399.35,2898127,0
ADBE.US,D,20190708,000000,1398.21,1420.83,1388.22,1414.26,1726325,0
ADBE.US,D,20190708,000000,1386.16,1489.25,1379.10,1443.55,3505082,0
ADBE.US,D,20190709,000000,1455.63,1491.57,1454.54,1473.42,3217334,0
ADBE.US,D,20190710,000000,1485.85,1532.90,1485.61,1512.70,2019897,0
ADBE.US,D,20190711,000000,1531.39,1533.66,1506.47,1529.86,3550697,0
ADBE.US,D,20190712,000000,1554.31,1584.98,1528.52,1559.47,2858311,0
ADBE.US,D,20190715,000000,1571.94,1650.85,1567.52,1604.39,5775501,0
ADBE.US,D,20190715,000000,1603.10,1650.60,1582.83,1646.69,4946817,0
ADBE.US,D,20190715,000000,1623.50,1684.41,1622.98,1681.06,5572725,0
ADBE.US,D,20190716,000000,1674.56,1728.47,1654.39,1718.83,3133777,0
ADBE.US,D,20190717,000000,1696.96,1759.84,1690.52,1753.56,4565884,0
ADBE.US,D,20190718,000000,1765.26,1773.29,1764.85,1773.11,6910678,0
ADBE.US,D,20190719,000000,1766.00,1817.49,1750.75,1811.67,6667129,0
ADBE.US,D,20190722,000000,1811.63,1881.73,1809.46,1862.75,3922291,0
ADBE.US,D,20190722,000000,1852.27,1922.17,1822.79,1916.71,2976015,0
ADBE.US,D,20190722,000000,1957.88,2000.48,1956.98,1984.97,4387932,0
ADBE.US,D,20190723,000000,1978.38,2063.85,1946.45,2046.40,4052346,0
ADBE.US,D,20190724,000000,2072.83,2104.48,2053.47,2098.75,6948346,0
ADBE.US,D,20190725,000000,2062.61,2166.15,2034.34,2156.35,7119426,0
ADBE.US,D,20190726,000000,2151.20,2269.68,2131.27,2221.63,7840370,0
ADBE.US,D,20190729,000000,2214.85,2304.53,2206.82,2277.37,6173191,0
ADBE.US,D,20190729,000000,2299.49,2350.25,2291.96,2333.46,8586284,0
ADBE.US,D,20190729,000000,2348.76,2424.12,2340.45,2402.44,3155437,0
ADBE.US,D,20190730,000000,2392.74,2532.68,2373.07,2472.51,5514039,0
ADBE.US,D,20190731,000000,2477.81,2662.24,2463.24,2561.52,6395338,0
ADBE.US,D,20190801,000000,2565.38,2662.27,2557.85,2637.98,3209465,0
ADBE.US,D,20190802,000000,2599.84,2743.33,2595.34,2727.27,9470749,0
ADBE.US,D,20190805,000000,2772.72,2846.33,2769.44,2834.17,7262374,0
ADBE.US,D,20190805,000000,2809.74,3016.49,2721.65,2923.44,4017852,0
ADBE.US,D,20190805,000000,2908.98,3027.89,2906.03,3025.88,9837885,0
ADBE.US,D,20190806,000000,3063.54,3092.53,3059.98,3091.39,9698495,0
ADBE.US,D,20190807,000000,3122.81,3155.88,2940.29,2971.37,2431172,0
ADBE.US,D,20190808,000000,3078.51,3085.13,3072.09,3081.80,2339859,0
ADBE.US,D,20190809,000000,3003.20,3134.44,2992.78,3113.34,1324402,0
ADBE.US,D,20190812,000000,3106.90,3138.64,2611.47,2794.41,2673480,0
ADBE.US,D,20190812,000000,2828.63,2842.86,2697.18,2712.82,2760294,0
ADBE.US,D,20190812,000000,2691.73,2803.04,2664.01,2774.05,1115983,0
ADBE.US,D,20190813,000000,2776.67,2879.59,2766.92,2859.94,2374662,0
ADBE.US,D,20190814,000000,2896.45,2918.85,2823.02,2840.26,2065378,0
ADBE.US,D,20190815,000000,2883.23,2960.98,2881.27,2914.37,2397169,0
ADBE.US,D,20190816,000000,2945.96,3033.80,2943.79,3005.35,2712500,0
ADBE.US,D,20190819,000000,2973.09,3037.94,2929.03,2937.85,1132162,0
ADBE.US,D,20190819,000000,2917.98,3017.35,2901.10,3015.89,1148384,0
ADBE.US,D,20190819,000000,2985.77,3035.08,2979.73,3012.07,2170685,0
ADBE.US,D,20190820,000000,3001.54,3085.30,2962.23,3059.76,2894009,0
ADBE.US,D,20190821,000000,3114.74,3246.77,2507.98,2685.96,1391157,0
ADBE.US,D,20190822,000000,2695.53,2774.76,2173.59,2370.39,2775149,0
ADBE.US,D,20190823,000000,2370.51,2395.67,2242.10,2260.88,1659621,0
ADBE.US,D,20190826,000000,2252.09,2406.54,2239.03,2371.37,1392182,0
ADBE.US,D,20190826,000000,2374.86,2511.41,2367.84,2475.53,1312307,0
ADBE.US,D,20190826,000000,2450.07,2560.21,2439.94,2558.42,1362874,0
ADBE.US,D,20190827,000000,2565.92,2658.33,2537.56,2632.61,2516954,0
ADBE.US,D,20190828,000000,2537.27,2749.95,2496.24,2723.66,1822289,0
ADBE.US,D,20190829,000000,2668.10,2699.57,2578.05,2624.81,2703148,0
ADBE.US,D,20190830,000000,2600.47,2663.64,2348.05,2398.99,2573442,0
ADBE.US,D,20190902,000000,2346.54,2348.64,2166.05,2185.20,1512082,0
ADBE.US,D,20190902,000000,2171.55,2348.23,2154.57,2322.12,1960690,0
ADBE.US,D,20190902,000000,2364.98,2374.76,2312.20,2313.83,2095673,0
ADBE.US,D,20190903,000000,2355.24,2523.59,2333.25,2482.18,1215718,0
ADBE.US,D,20190904,000000,2451.86,2476.17,2150.12,2184.81,1603315,0
ADBE.US,D,20190905,000000,2193.70,2343.13,2153.38,2322.89,2637960,0
ADBE.US,D,20190906,000000,2315.79,2335.30,2188.41,2236.02,1135525,0
ADBE.US,D,20190909,000000,2225.12,2250.58,1988.26,2012.79,1191850,0
ADBE.US,D,20190909,000000,2002.40,2045.82,1885.26,1909.53,1862378,0
ADBE.US,D,20190909,000000,1934.05,1937.88,1798.46,1828.52,1236186,0
ADBE.US,D,20190910,000000,1844.54,1978.59,1834.15,1960.18,2117568,0
ADBE.US,D,20190911,000000,1940.59,2003.27,1591.93,1672.99,2112517,0
ADBE.US,D,20190912,000000,1698.46,1710.03,1604.60,1609.08,2253139,0
ADBE.US,D,20190913,000000,1613.42,1692.31,1612.50,1680.09,1600312,0
ADBE.US,D,20190916,000000,1668.87,1710.29,1666.17,1706.61,2128126,0
ADBE.US,D,20190916,000000,1713.21,1786.51,1701.66,1775.07,2393104,0
ADBE.US,D,20190916,000000,1779.67,1845.14,1563.91,1590.07,1847113,0
ADBE.US,D,20190917,000000,1582.01,1599.70,1430.56,1451.30,2323340,0
ADBE.US,D,20190918,000000,1406.13,1413.10,1366.73,1382.48,1917852,0
ADBE.US,D,20190919,000000,1378.69,1420.98,1164.76,1174.55,2998515,0
ADBE.US,D,20190920,000000,1183.58,1198.75,1147.35,1152.84,2639765,0
ADBE.US,D,20190923,000000,1172.09,1191.11,1042.59,1055.18,2026210,0
ADBE.US,D,20190923,000000,1045.43,1052.19,996.27,1018.80,1768655,0
ADBE.US,D,20190923,000000,1003.74,1056.05,992.82,1037.20,2812949,0
ADBE.US,D,20190924,000000,1041.59,1042.68,925.99,962.86,1804976,0
ADBE.US,D,20190925,000000,973.99,980.28,949.66,957.64,2366918,0
ADBE.US,D,20190926,000000,930.91,1018.94,922.30,993.83,2146265,0
ADBE.US,D,20190927,000000,1024.71,1038.61,958.78,969.30,1801252,0
ADBE.US,D,20190930,000000,959.08,970.51,890.13,903.04,2349099,0
ADBE.US,D,20190930,000000,883.20,994.22,860.67,950.64,1264480,0
ADBE.US,D,20190930,000000,946.49,964.75,946.17,956.92,2719499,0
ADBE.US,D,20191001,000000,986.77,994.94,905.16,906.52,1938237,0
ADBE.US,D,20191002,000000,902.67,903.03,897.67,900.64,2657666,0
ADBE.US,D,20191003,000000,940.47,1034.81,931.61,1012.16,1806961,0
ADBE.US,D,20191004,000000,980.81,1033.26,974.03,1029.73,2537506,0
ADBE.US,D,20191007,000000,1024.94,1027.02,1016.15,1016.40,2193369,0
ADBE.US,D,20191007,000000,978.36,982.29,957.11,960.02,2958993,0
ADBE.US,D,20191007,000000,930.74,955.93,876.41,884.20,1789662,0
ADBE.US,D,20191008,000000,886.90,911.03,883.88,910.43,2586296,0
ADBE.US,D,20191009,000000,901.12,928.23,893.47,926.37,1559362,0
ADBE.US,D,20191010,000000,911.68,991.31,899.12,972.61,2480827,0
ADBE.US,D,20191011,000000,991.33,1019.57,886.63,893.36,1402252,0
ADBE.US,D,20191014,000000,902.90,961.76,897.67,945.38,1012100,0
ADBE.US,D,20191014,000000,974.37,978.36,885.71,920.81,2141861,0
ADBE.US,D,20191014,000000,919.41,943.01,883.87,908.68,2431035,0
ADBE.US,D,20191015,000000,924.93,938.29,924.65,928.95,2560546,0
ADBE.US,D,20191016,000000,935.20,982.78,924.02,959.81,2129514,0
ADBE.US,D,20191017,000000,952.56,961.74,928.71,933.83,1875966,0
ADBE.US,D,20191018,000000,943.21,980.20,916.27,978.29,1158803,0
ADBE.US,D,20191021,000000,983.33,987.45,951.51,965.91,2265284,0
ADBE.US,D,20191021,000000,976.76,1033.83,970.83,1009.88,2129838,0
ADBE.US,D,20191021,000000,1006.85,1009.12,976.02,977.82,1296625,0
ADBE.US,D,20191022,000000,971.44,978.48,940.42,944.29,2577402,0
ADBE.US,D,20191023,000000,948.65,965.40,913.25,924.87,1016144,0
ADBE.US,D,20191024,000000,924.49,926.02,915.19,922.82,1079225,0
ADBE.US,D,20191025,000000,916.62,1064.85,889.89,1034.55,2836604,0
ADBE.US,D,20191028,000000,1028.78,1048.64,1022.54,1046.37,1848041,0
ADBE.US,D,20191028,000000,1012.02,1045.28,1001.37,1029.96,2235756,0
ADBE.US,D,20191028,000000,1023.29,1080.46,986.86,1058.88,2469026,0
ADBE.US,D,20191029,000000,1046.59,1099.01,1037.94,1086.97,2299991,0
ADBE.US,D,20191030,000000,1085.77,1169.60,1080.30,1167.17,1895849,0
ADBE.US,D,20191031,000000,1185.64,1253.66,1179.62,1227.34,1481827,0
ADBE.US,D,20191101,000000,1229.86,1262.77,1226.86,1256.33,2094891,0
ADBE.US,D,20191104,000000,1246.95,1262.41,1242.19,1258.50,2837881,0
ADBE.US,D,20191104,000000,1251.69,1297.76,1249.82,1293.97,1880200,0
ADBE.US,D,20191104,000000,1304.63,1324.46,1177.99,1205.29,1160631,0
ADBE.US,D,20191105,000000,1234.01,1238.77,1179.66,1191.42,2830537,0
ADBE.US,D,20191106,000000,1185.40,1194.85,1083.99,1127.06,1178627,0
ADBE.US,D,20191107,000000,1138.37,1139.73,1003.99,1050.91,2763340,0
ADBE.US,D,20191108,000000,1082.17,1116.24,925.50,989.12,2105526,0
ADBE.US,D,20191111,000000,977.97,984.37,972.20,976.86,1726137,0
ADBE.US,D,20191111,000000,949.86,965.58,949.71,964.14,2695777,0
ADBE.US,D,20191111,000000,950.06,1019.79,942.76,999.10,1263558,0
ADBE.US,D,20191112,000000,1020.31,1057.61,828.33,857.13,1242748,0
ADBE.US,D,20191113,000000,854.04,978.19,842.07,932.33,1980903,0
ADBE.US,D,20191114,000000,958.22,1017.07,880.23,882.29,2252230,0
ADBE.US,D,20191115,000000,910.62,922.54,818.16,824.33,1353103,0
ADBE.US,D,20191118,000000,833.39,853.12,738.75,753.98,2883584,0
ADBE.US,D,20191118,000000,741.84,760.38,685.03,694.21,1158753,0
ADBE.US,D,20191118,000000,697.26,703.34,696.34,700.44,1033542,0
ADBE.US,D,20191119,000000,720.36,731.86,690.70,695.41,2707102,0
ADBE.US,D,20191120,000000,704.10,717.04,699.64,710.75,2632431,0
ADBE.US,D,20191121,000000,724.71,734.30,702.71,717.25,2808871,0
ADBE.US,D,20191122,000000,727.10,753.22,726.71,743.96,1392215,0
ADBE.US,D,20191125,000000,756.60,769.26,724.30,726.28,1940877,0
ADBE.US,D,20191125,000000,736.38,793.02,723.79,784.66,1309684,0
ADBE.US,D,20191125,000000,799.28,822.89,696.34,715.81,1512246,0
ADBE.US,D,20191126,000000,721.72,729.92,702.95,707.97,2736091,0
ADBE.US,D,20191127,000000,727.00,747.26,673.29,688.42,1466688,0
ADBE.US,D,20191128,000000,680.82,696.00,668.62,675.49,1790988,0
ADBE.US,D,20191129,000000,676.33,733.29,653.06,718.11,2682646,0
ADBE.US,D,20191202,000000,727.91,751.33,711.11,748.12,1035702,0
ADBE.US,D,20191202,000000,737.81,767.44,722.78,760.70,2963362,0
ADBE.US,D,20191202,000000,764.96,801.78,763.37,789.60,2653475,0
ADBE.US,D,20191203,000000,773.74,807.59,773.50,798.36,2116012,0
ADBE.US,D,20191204,000000,780.52,835.41,763.82,819.77,1475711,0
ADBE.US,D,20191205,000000,835.95,869.08,721.21,740.23,2465913,0
ADBE.US,D,20191206,000000,748.13,798.57,736.09,787.23,2234630,0
ADBE.US,D,20191209,000000,789.60,854.15,772.25,837.14,2879861,0
ADBE.US,D,20191209,000000,850.17,866.84,833.29,863.11,1821736,0
ADBE.US,D,20191209,000000,869.92,938.32,866.42,915.25,1746841,0
ADBE.US,D,20191210,000000,937.10,941.31,936.00,939.97,1061153,0
ADBE.US,D,20191211,000000,914.23,1046.17,902.77,990.72,2355980,0
ADBE.US,D,20191212,000000,1020.70,1033.24,958.43,960.66,1932924,0
ADBE.US,D,20191213,000000,968.06,972.23,947.64,951.10,2887024,0
ADBE.US,D,20191216,000000,934.26,989.66,930.19,978.87,1075316,0
ADBE.US,D,20191216,000000,992.70,998.03,989.36,993.42,2742941,0
ADBE.US,D,20191216,000000,980.97,982.83,962.75,971.54,1183397,0
ADBE.US,D,20191217,000000,982.72,1021.64,906.90,919.31,1853036,0
ADBE.US,D,20191218,000000,934.26,956.87,792.90,844.45,2554208,0
ADBE.US,D,20191219,000000,846.57,865.88,776.14,795.39,2003493,0
ADBE.US,D,20191220,000000,795.65,798.43,775.52,785.18,2808469,0
ADBE.US,D,20191223,000000,789.09,798.83,786.92,791.30,2449165,0
ADBE.US,D,20191223,000000,791.15,808.00,741.63,745.89,1335930,0
ADBE.US,D,20191223,000000,736.63,737.92,676.18,700.31,1398340,0
ADBE.US,D,20191224,000000,702.51,722.04,629.19,633.94,1915465,0
ADBE.US,D,20191225,000000,639.23,639.28,518.43,545.38,2631642,0
ADBE.US,D,20191226,000000,530.15,585.19,518.39,571.30,2635588,0
ADBE.US,D,20191227,000000,574.90,597.04,572.97,592.72,1752791,0
ADBE.US,D,20191230,000000,582.48,594.35,578.92,592.93,2619793,0
ADBE.US,D,20191230,000000,590.41,602.88,587.99,599.23,1430655,0
ADBE.US,D,20191230,000000,588.52,682.49,576.32,661.23,2532101,0
ADBE.US,D,20191231,000000,657.01,666.43,652.44,653.23,1965913,0
ADBE.US,D,20200101,000000,647.64,687.99,641.90,683.20,2744629,0
ADBE.US,D,20200102,000000,674.55,739.25,636.62,738.88,1123872,0
ADBE.US,D,20200103,000000,734.85,738.75,731.70,735.95,1019433,0
ADBE.US,D,20200106,000000,751.13,767.57,750.83,759.15,1024576,0
ADBE.US,D,20200106,000000,756.44,843.24,739.74,806.80,2992766,0
ADBE.US,D,20200106,000000,789.34,859.09,782.15,857.35,2633655,0
ADBE.US,D,20200107,000000,846.39,976.85,840.76,945.15,2297377,0
ADBE.US,D,20200108,000000,931.35,1051.46,916.51,1041.26,1509209,0
ADBE.US,D,20200109,000000,1057.18,1058.04,1030.88,1037.93,1710718,0
ADBE.US,D,20200110,000000,1014.92,1022.99,923.13,960.86,2818555,0
ADBE.US,D,20200113,000000,943.50,1071.50,910.40,1047.32,1813346,0
ADBE.US,D,20200113,000000,1021.34,1057.10,895.42,934.06,1730221,0
ADBE.US,D,20200113,000000,941.72,947.28,911.97,918.45,1872736,0
ADBE.US,D,20200114,000000,927.96,938.32,864.13,879.21,2996849,0
ADBE.US,D,20200115,000000,885.77,896.17,883.11,887.59,1784518,0
ADBE.US,D,20200116,000000,890.81,893.97,884.76,885.37,2021676,0
ADBE.US,D,20200117,000000,874.97,944.88,859.47,926.67,2032161,0
ADBE.US,D,20200120,000000,934.15,940.94,905.26,911.03,1261688,0
ADBE.US,D,20200120,000000,932.24,996.97,908.12,989.74,2176659,0
ADBE.US,D,20200120,000000,959.89,997.84,958.35,997.30,1994596,0
ADBE.US,D,20200121,000000,1008.40,1087.87,999.24,1058.45,2638421,0
ADBE.US,D,20200122,000000,1047.09,1050.87,1023.36,1027.98,2102830,0
ADBE.US,D,20200123,000000,990.41,1147.81,985.79,1101.64,1956598,0
ADBE.US,D,20200124,000000,1095.49,1151.05,1072.60,1141.53,1899416,0
ADBE.US,D,20200127,000000,1101.44,1187.59,1071.41,1169.90,1212005,0
ADBE.US,D,20200127,000000,1155.32,1251.08,1134.19,1226.12,2856866,0
ADBE.US,D,20200127,000000,1232.20,1260.61,1172.36,1190.23,1414547,0
ADBE.US,D,20200128,000000,1176.45,1295.97,1163.66,1237.09,2160950,0
ADBE.US,D,20200129,000000,1226.18,1267.11,1164.27,1176.23,2534649,0
ADBE.US,D,20200130,000000,1162.43,1167.29,1148.41,1157.76,2273813,0
ADBE.US,D,20200131,000000,1153.15,1181.17,1147.26,1180.22,1128229,0
ADBE.US,D,20200203,000000,1144.62,1145.38,1130.11,1134.92,2687211,0
ADBE.US,D,20200203,000000,1137.48,1150.88,1047.49,1076.14,1347838,0
ADBE.US,D,20200203,000000,1074.97,1078.87,1024.22,1041.62,2285202,0
ADBE.US,D,20200204,000000,1022.01,1058.35,1013.71,1052.66,1100118,0
ADBE.US,D,20200205,000000,1033.07,1036.90,1021.12,1025.29,1392714,0
ADBE.US,D,20200206,000000,1048.57,1085.12,1047.14,1084.18,2090251,0
ADBE.US,D,20200207,000000,1093.81,1095.00,1088.21,1088.56,2799443,0
ADBE.US,D,20200210,000000,1120.64,1122.01,1117.11,1121.00,1010075,0
ADBE.US,D,20200210,000000,1060.49,1308.49,1046.92,1221.59,1950139,0
ADBE.US,D,20200210,000000,1216.13,1217.52,1190.44,1191.25,1195621,0
ADBE.US,D,20200211,000000,1211.63,1257.70,1205.81,1234.39,1078284,0
ADBE.US,D,20200212,000000,1236.00,1292.63,1231.02,1285.35,2097671,0
ADBE.US,D,20200213,000000,1261.03,1328.72,1259.31,1295.08,2551956,0
ADBE.US,D,20200214,000000,1282.39,1296.08,1226.36,1228.00,1072844,0
ADBE.US,D,20200217,000000,1228.97,1430.69,1219.79,1345.97,2934503,0
ADBE.US,D,20200217,000000,1321.68,1463.36,1313.09,1422.48,2477126,0
ADBE.US,D,20200217,000000,1417.79,1476.87,1409.84,1465.95,1477383,0
ADBE.US,D,20200218,000000,1480.61,1734.35,1476.44,1629.66,2778017,0
ADBE.US,D,20200219,000000,1637.03,1750.04,1622.47,1713.66,1847929,0
ADBE.US,D,20200220,000000,1704.79,1719.83,1640.46,1661.13,1449402,0
ADBE.US,D,20200221,000000,1651.29,1678.65,1587.96,1594.57,2575218,0
ADBE.US,D,20200224,000000,1578.82,1586.86,1550.08,1559.24,1399205,0
ADBE.US,D,20200224,000000,1588.14,1645.56,1432.05,1475.44,1663669,0
ADBE.US,D,20200224,000000,1462.26,1465.79,1411.21,1419.57,2103744,0
ADBE.US,D,20200225,000000,1414.32,1468.70,1341.78,1368.69,2839918,0
ADBE.US,D,20200226,000000,1383.89,1436.69,1379.57,1418.08,2538613,0
ADBE.US,D,20200227,000000,1407.37,1414.99,1298.47,1332.56,1599539,0
ADBE.US,D,20200228,000000,1297.55,1409.16,1270.38,1381.65,2954499,0
ADBE.US,D,20200302,000000,1432.95,1454.00,1430.46,1448.57,2019170,0
ADBE.US,D,20200302,000000,1407.71,1655.18,1368.34,1599.75,1660363,0
ADBE.US,D,20200302,000000,1627.94,1638.09,1545.72,1560.18,1659250,0
ADBE.US,D,20200303,000000,1551.86,1629.11,1545.55,1622.06,2980020,0
ADBE.US,D,20200304,000000,1588.38,1611.04,1466.74,1508.06,2319298,0
ADBE.US,D,20200305,000000,1493.97,1498.02,1403.56,1409.25,1719867,0
ADBE.US,D,20200306,000000,1403.69,1411.90,1358.41,1369.23,2082319,0
ADBE.US,D,20200309,000000,1327.62,1352.76,1317.04,1339.87,1885136,0
ADBE.US,D,20200309,000000,1370.01,1384.52,1248.11,1249.98,1613647,0
ADBE.US,D,20200309,000000,1244.34,1279.63,1241.41,1270.81,2012031,0
ADBE.US,D,20200310,000000,1294.26,1351.75,1275.05,1341.78,1666274,0
ADBE.US,D,20200311,000000,1349.16,1360.98,1258.23,1290.95,2175981,0
ADBE.US,D,20200312,000000,1304.69,1385.81,1287.53,1379.54,1329007,0
ADBE.US,D,20200313,000000,1354.68,1375.62,1325.66,1339.24,1513381,0
ADBE.US,D,20200316,000000,1311.90,1373.22,1304.17,1368.58,1981581,0
ADBE.US,D,20200316,000000,1393.06,1397.16,1284.72,1310.93,1270178,0
ADBE.US,D,20200316,000000,1300.79,1305.60,1215.81,1247.78,2003434,0
ADBE.US,D,20200317,000000,1236.35,1239.95,1205.96,1206.59,2088290,0
ADBE.US,D,20200318,000000,1228.55,1251.65,1219.17,1243.81,1514047,0
ADBE.US,D,20200319,000000,1239.03,1250.85,1164.58,1211.51,1027936,0
ADBE.US,D,20200320,000000,1209.41,1253.74,1209.08,1228.68,1342657,0
ADBE.US,D,20200323,000000,1242.62,1252.81,1205.57,1210.54,1609732,0
ADBE.US,D,20200323,000000,1188.59,1207.98,1126.55,1140.42,2811749,0
ADBE.US,D,20200323,000000,1127.05,1235.90,1124.96,1196.27,1932924,0
ADBE.US,D,20200324,000000,1174.24,1191.71,1173.04,1190.78,1603105,0
ADBE.US,D,20200325,000000,1164.66,1165.01,1148.67,1154.36,1753885,0
ADBE.US,D,20200326,000000,1162.99,1177.80,1040.06,1101.21,2394148,0
ADBE.US,D,20200327,000000,1100.07,1104.39,1097.69,1102.39,1420306,0
ADBE.US,D,20200330,000000,1091.55,1160.03,1069.52,1148.52,1852981,0
ADBE.US,D,20200330,000000,1143.82,1144.70,1129.21,1138.52,1269076,0
ADBE.US,D,20200330,000000,1133.52,1135.91,1080.26,1096.33,2701827,0
ADBE.US,D,20200331,000000,1091.54,1177.42,1082.65,1148.36,1169813,0
ADBE.US,D,20200401,000000,1169.17,1271.84,1126.66,1267.25,1978739,0
ADBE.US,D,20200402,000000,1236.16,1332.36,1230.09,1316.17,1645472,0
ADBE.US,D,20200403,000000,1304.33,1313.68,1260.31,1278.45,2192108,0
ADBE.US,D,20200406,000000,1263.69,1325.22,1257.91,1315.49,2633409,0
ADBE.US,D,20200406,000000,1351.81,1357.66,1226.74,1249.15,2755973,0
ADBE.US,D,20200406,000000,1222.45,1255.18,1118.06,1139.09,2737899,0
ADBE.US,D,20200407,000000,1144.58,1158.60,1136.92,1154.77,1841663,0
ADBE.US,D,20200408,000000,1161.47,1168.10,1085.03,1117.14,2143961,0
ADBE.US,D,20200409,000000,1106.91,1127.51,1103.51,1123.14,1915492,0
ADBE.US,D,20200410,000000,1134.94,1136.07,977.40,1043.63,2063238,0
ADBE.US,D,20200413,000000,1046.21,1169.94,1040.40,1138.51,1787709,0
ADBE.US,D,20200413,000000,1136.49,1217.51,1135.93,1167.04,1733292,0
ADBE.US,D,20200413,000000,1153.31,1265.92,1133.03,1226.98,1402643,0
ADBE.US,D,20200414,000000,1194.84,1203.08,1152.75,1166.62,2222739,0
ADBE.US,D,20200415,000000,1132.67,1206.05,1095.51,1201.44,1537738,0
ADBE.US,D,20200416,000000,1217.59,1244.11,1208.30,1231.87,1265294,0
ADBE.US,D,20200417,000000,1225.45,1253.95,1211.33,1251.43,2955270,0
ADBE.US,D,20200420,000000,1261.82,1270.74,1205.93,1211.64,1135795,0
ADBE.US,D,20200420,000000,1242.13,1253.70,1239.69,1244.81,2394207,0
ADBE.US,D,20200420,000000,1235.31,1238.18,1230.65,1237.29,2066549,0
ADBE.US,D,20200421,000000,1233.03,1262.96,1229.59,1262.30,1652711,0
ADBE.US,D,20200422,000000,1245.52,1311.30,1063.08,1132.32,1260321,0
ADBE.US,D,20200423,000000,1127.26,1208.79,1119.46,1182.14,1862600,0
ADBE.US,D,20200424,000000,1184.65,1265.92,1173.96,1227.96,2153177,0
ADBE.US,D,20200427,000000,1206.43,1223.97,1193.35,1223.09,1865282,0
ADBE.US,D,20200427,000000,1216.47,1217.39,1185.69,1190.81,1890795,0
ADBE.US,D,20200427,000000,1189.70,1228.16,1184.44,1199.59,2083961,0
ADBE.US,D,20200428,000000,1200.51,1284.60,1173.17,1281.12,2924805,0
ADBE.US,D,20200429,000000,1299.43,1319.39,1255.94,1266.74,2698060,0
ADBE.US,D,20200430,000000,1246.31,1286.10,1240.69,1271.58,1019090,0
ADBE.US,D,20200501,000000,1311.88,1336.63,1218.96,1234.37,2969543,0
ADBE.US,D,20200504,000000,1243.16,1245.49,1178.64,1211.74,1204060,0
ADBE.US,D,20200504,000000,1209.61,1236.31,1207.30,1215.45,1595110,0
ADBE.US,D,20200504,000000,1215.56,1252.32,1214.35,1251.56,2716517,0
ADBE.US,D,20200505,000000,1231.85,1247.68,1227.39,1243.25,2473476,0
ADBE.US,D,20200506,000000,1212.31,1279.13,1205.38,1275.55,2565803,0
ADBE.US,D,20200507,000000,1284.64,1287.28,1184.34,1205.30,2282224,0
ADBE.US,D,20200508,000000,1193.70,1202.13,1192.23,1194.87,1990746,0
ADBE.US,D,20200511,000000,1180.51,1188.89,1152.85,1163.82,2619683,0
ADBE.US,D,20200511,000000,1195.66,1201.67,1180.28,1182.82,2498259,0
ADBE.US,D,20200511,000000,1197.82,1236.44,1025.18,1068.78,2999763,0
ADBE.US,D,20200512,000000,1071.81,1139.25,1064.56,1117.99,1414628,0
ADBE.US,D,20200513,000000,1115.56,1121.63,1043.08,1045.87,2042292,0
ADBE.US,D,20200514,000000,1062.13,1088.89,945.37,954.50,2669474,0
ADBE.US,D,20200515,000000,937.05,949.36,934.87,942.02,2635844,0
ADBE.US,D,20200518,000000,929.15,947.03,887.96,908.46,2954397,0
ADBE.US,D,20200518,000000,947.82,990.83,814.01,830.00,1042274,0
ADBE.US,D,20200518,000000,822.20,823.64,770.46,770.93,1790278,0
ADBE.US,D,20200519,000000,767.29,793.64,761.72,784.10,1591649,0
ADBE.US,D,20200520,000000,796.47,798.17,796.23,796.67,2429923,0
ADBE.US,D,20200521,000000,802.08,804.09,782.20,784.38,2900315,0
ADBE.US,D,20200522,000000,780.42,786.82,689.37,711.78,2121462,0
ADBE.US,D,20200525,000000,701.38,701.57,699.66,699.91,2010447,0
ADBE.US,D,20200525,000000,694.37,737.67,692.63,726.30,2012140,0
ADBE.US,D,20200525,000000,750.52,845.67,724.22,832.89,1624058,0
ADBE.US,D,20200526,000000,819.83,943.25,813.17,918.54,2612320,0
ADBE.US,D,20200527,000000,904.14,932.18,901.87,931.97,2207357,0
ADBE.US,D,20200528,000000,929.15,998.87,922.05,971.81,2284067,0
ADBE.US,D,20200529,000000,958.65,1116.41,946.58,1064.66,2011231,0
ADBE.US,D,20200601,000000,1049.37,1049.48,1017.84,1042.98,2550280,0
ADBE.US,D,20200601,000000,1066.16,1143.26,1048.59,1134.44,2238894,0
ADBE.US,D,20200601,000000,1125.28,1130.98,1097.39,1102.19,1238387,0
ADBE.US,D,20200602,000000,1092.10,1160.80,1070.86,1136.18,2314275,0
ADBE.US,D,20200603,000000,1114.66,1193.61,1099.79,1180.81,2907675,0
ADBE.US,D,20200604,000000,1180.97,1198.92,1045.18,1068.64,2785271,0
ADBE.US,D,20200605,000000,1097.77,1141.36,1095.96,1134.16,2370539,0
ADBE.US,D,20200608,000000,1143.42,1145.26,1121.30,1129.93,2006023,0
ADBE.US,D,20200608,000000,1120.08,1184.83,1112.58,1177.12,2378325,0
ADBE.US,D,20200608,000000,1197.12,1201.70,1065.05,1123.98,1205783,0
ADBE.US,D,20200609,000000,1119.13,1121.56,1031.55,1067.49,1819330,0
ADBE.US,D,20200610,000000,1085.75,1156.89,1074.89,1133.62,2018210,0
ADBE.US,D,20200611,000000,1149.00,1251.10,1123.88,1238.40,2899365,0
ADBE.US,D,20200612,000000,1252.94,1259.73,1223.62,1238.61,1989683,0
ADBE.US,D,20200615,000000,1246.39,1351.52,1244.26,1322.49,1767949,0
ADBE.US,D,20200615,000000,1324.33,1328.30,1302.27,1306.05,1220373,0
ADBE.US,D,20200615,000000,1309.59,1374.03,1304.87,1333.39,2283780,0
ADBE.US,D,20200616,000000,1317.67,1332.74,1299.54,1313.91,1634406,0
ADBE.US,D,20200617,000000,1309.84,1461.19,1297.04,1432.38,2107885,0
ADBE.US,D,20200618,000000,1409.83,1445.46,1405.00,1441.84,1248670,0
ADBE.US,D,20200619,000000,1469.59,1510.65,1469.22,1500.84,1045951,0
ADBE.US,D,20200622,000000,1486.03,1492.21,1468.34,1474.78,2925318,0
ADBE.US,D,20200622,000000,1498.49,1580.08,1467.54,1561.85,2290315,0
ADBE.US,D,20200622,000000,1524.65,1585.57,1505.59,1585.47,2365862,0
ADBE.US,D,20200623,000000,1581.24,1593.88,1510.23,1544.07,2096541,0
ADBE.US,D,20200624,000000,1554.60,1590.46,1550.63,1575.41,2663855,0
ADBE.US,D,20200625,000000,1564.45,1583.90,1559.53,1580.66,1117966,0
ADBE.US,D,20200626,000000,1569.55,1662.18,1548.75,1610.97,1443279,0
ADBE.US,D,20200629,000000,1608.84,1616.59,1588.54,1595.14,2565394,0
ADBE.US,D,20200629,000000,1556.64,1574.88,1443.10,1458.90,2745567,0
ADBE.US,D,20200629,000000,1465.15,1481.68,1368.34,1380.50,1576817,0
ADBE.US,D,20200630,000000,1395.06,1400.26,1339.44,1342.71,2346506,0
ADBE.US,D,20200701,000000,1324.43,1359.10,1317.49,1358.14,2887082,0
ADBE.US,D,20200702,000000,1325.36,1325.60,1319.27,1319.92,2946062,0
ADBE.US,D,20200703,000000,1310.23,1324.19,1294.38,1300.51,2734363,0
ADBE.US,D,20200706,000000,1296.73,1398.26,1290.90,1373.81,1530295,0
ADBE.US,D,20200706,000000,1385.78,1419.95,1299.38,1324.25,1689729,0
ADBE.US,D,20200706,000000,1295.33,1372.86,1292.09,1371.22,2124245,0
ADBE.US,D,20200707,000000,1372.92,1468.23,1369.42,1442.93,1210159,0
ADBE.US,D,20200708,000000,1423.85,1736.15,1353.07,1669.31,2320702,0
ADBE.US,D,20200709,000000,1632.44,1736.71,1575.70,1723.62,1493960,0
ADBE.US,D,20200710,000000,1704.15,1778.83,1703.82,1760.89,2718288,0
ADBE.US,D,20200713,000000,1744.78,1746.18,1544.20,1598.17,2897678,0
ADBE.US,D,20200713,000000,1646.87,1665.07,1588.71,1625.34,2153646,0
ADBE.US,D,20200713,000000,1634.34,1657.06,1615.73,1647.09,1135974,0
ADBE.US,D,20200714,000000,1572.64,1636.01,1344.26,1368.98,1459216,0
ADBE.US,D,20200715,000000,1391.31,1484.44,1385.76,1461.77,2162360,0
ADBE.US,D,20200716,000000,1468.54,1472.36,1452.54,1454.93,1070897,0
ADBE.US,D,20200717,000000,1467.27,1469.16,1407.81,1415.07,2837793,0
ADBE.US,D,20200720,000000,1442.21,1460.89,1344.14,1371.69,2005369,0
ADBE.US,D,20200720,000000,1367.20,1376.93,1351.87,1375.28,1588964,0
ADBE.US,D,20200720,000000,1378.89,1379.13,1143.39,1217.85,2038935,0
ADBE.US,D,20200721,000000,1202.46,1244.03,980.21,997.38,2011498,0
ADBE.US,D,20200722,000000,968.92,974.69,966.41,970.11,2432107,0
ADBE.US,D,20200723,000000,994.72,1077.89,975.53,1067.65,2204909,0
ADBE.US,D,20200724,000000,1017.94,1046.33,1008.12,1042.48,1849882,0
ADBE.US,D,20200727,000000,1087.88,1098.14,945.48,985.55,1828532,0
ADBE.US,D,20200727,000000,989.56,993.31,866.89,924.79,2177438,0
ADBE.US,D,20200727,000000,931.38,933.10,924.50,930.17,2472144,0
ADBE.US,D,20200728,000000,963.30,983.28,857.76,920.72,2306588,0
ADBE.US,D,20200729,000000,913.50,924.32,833.83,873.00,1745463,0
ADBE.US,D,20200730,000000,884.39,921.53,879.25,911.64,2466827,0
ADBE.US,D,20200731,000000,906.13,906.24,892.70,896.08,2368647,0
ADBE.US,D,20200803,000000,881.26,971.52,842.07,970.29,1846263,0
ADBE.US,D,20200803,000000,968.83,1041.57,965.65,1031.99,2319744,0
ADBE.US,D,20200803,000000,1032.00,1042.39,940.56,976.63,1526377,0
ADBE.US,D,20200804,000000,1007.37,1037.26,911.88,937.09,1161162,0
ADBE.US,D,20200805,000000,937.70,945.68,900.00,907.38,1951580,0
ADBE.US,D,20200806,000000,933.97,942.83,931.33,941.02,1333528,0
ADBE.US,D,20200807,000000,925.38,1028.86,899.28,990.75,1242069,0
ADBE.US,D,20200810,000000,1031.82,1136.13,1018.24,1103.71,1456823,0
ADBE.US,D,20200810,000000,1115.63,1117.62,1099.95,1102.51,2573262,0
ADBE.US,D,20200810,000000,1127.30,1203.06,1127.06,1180.31,2182463,0
ADBE.US,D,20200811,000000,1192.79,1213.91,1115.71,1150.06,2869294,0
ADBE.US,D,20200812,000000,1132.45,1161.73,1043.37,1052.72,1388820,0
ADBE.US,D,20200813,000000,1029.19,1084.40,1018.05,1054.84,1645001,0
ADBE.US,D,20200814,000000,996.74,1017.90,985.96,1014.11,1758566,0
ADBE.US,D,20200817,000000,1038.20,1107.87,1034.89,1089.77,2916169,0
ADBE.US,D,20200817,000000,1107.96,1126.21,1059.69,1080.49,1898401,0
ADBE.US,D,20200817,000000,1063.66,1074.85,957.38,960.69,1855417,0
ADBE.US,D,20200818,000000,977.74,987.55,835.91,881.28,1553795,0
ADBE.US,D,20200819,000000,829.78,976.28,824.72,975.99,2864043,0
ADBE.US,D,20200820,000000,947.99,980.71,935.51,972.83,2679019,0
ADBE.US,D,20200821,000000,963.40,969.25,961.30,968.04,2230452,0
ADBE.US,D,20200824,000000,948.73,953.60,939.08,951.34,1866426,0
ADBE.US,D,20200824,000000,947.97,965.35,882.82,916.94,2921093,0
ADBE.US,D,20200824,000000,907.74,922.39,907.01,918.71,1834119,0
ADBE.US,D,20200825,000000,913.80,972.33,906.08,956.53,1291168,0
ADBE.US,D,20200826,000000,952.54,1003.09,942.46,980.24,1973665,0
ADBE.US,D,20200827,000000,977.82,1019.44,911.93,913.89,1347875,0
ADBE.US,D,20200828,000000,910.07,947.98,758.63,785.95,2447336,0
ADBE.US,D,20200831,000000,787.28,877.90,770.21,858.61,1826836,0
ADBE.US,D,20200831,000000,844.20,848.08,804.88,818.48,2122544,0
ADBE.US,D,20200831,000000,814.13,826.29,755.41,777.00,2575366,0
ADBE.US,D,20200901,000000,778.87,911.22,767.53,878.92,1087791,0
ADBE.US,D,20200902,000000,880.87,949.69,866.92,937.11,2877051,0
ADBE.US,D,20200903,000000,912.67,919.57,841.08,860.71,2839254,0
ADBE.US,D,20200904,000000,836.84,1052.13,771.15,977.86,2203900,0
ADBE.US,D,20200907,000000,959.41,1061.33,930.09,1048.96,2661914,0
ADBE.US,D,20200907,000000,1042.90,1048.27,1015.99,1031.76,2380376,0
ADBE.US,D,20200907,000000,1028.12,1094.99,1015.63,1082.19,2773586,0
ADBE.US,D,20200908,000000,1039.51,1058.59,979.10,990.10,2963102,0
ADBE.US,D,20200909,000000,980.76,1042.35,973.51,1008.48,2613662,0
ADBE.US,D,20200910,000000,982.17,1083.97,957.40,1083.82,1402073,0
ADBE.US,D,20200911,000000,1052.39,1153.64,1045.18,1130.65,1409608,0
ADBE.US,D,20200914,000000,1118.39,1194.73,1113.89,1164.20,2118749,0
ADBE.US,D,20200914,000000,1188.08,1193.22,1113.70,1125.73,2485275,0
ADBE.US,D,20200914,000000,1123.13,1126.29,1053.90,1081.53,2660119,0
ADBE.US,D,20200915,000000,1080.29,1170.91,1075.72,1140.68,2085535,0
ADBE.US,D,20200916,000000,1153.75,1249.29,1143.32,1211.34,1267936,0
ADBE.US,D,20200917,000000,1199.87,1248.59,1189.25,1238.48,1230484,0
ADBE.US,D,20200918,000000,1245.55,1270.87,1241.70,1252.50,2345411,0
ADBE.US,D,20200921,000000,1255.78,1264.47,1172.89,1205.94,2821079,0
ADBE.US,D,20200921,000000,1215.09,1280.20,1214.59,1246.78,2448772,0
ADBE.US,D,20200921,000000,1259.12,1261.88,1254.90,1255.39,2304567,0
ADBE.US,D,20200922,000000,1271.79,1299.44,1268.94,1293.21,2231036,0
ADBE.US,D,20200923,000000,1325.28,1331.15,1293.19,1308.74,2701863,0
ADBE.US,D,20200924,000000,1299.15,1301.94,1272.32,1280.54,1199187,0
ADBE.US,D,20200925,000000,1287.24,1292.67,1232.57,1249.02,1918583,0
ADBE.US,D,20200928,000000,1262.54,1327.15,1261.63,1326.40,1961241,0
ADBE.US,D,20200928,000000,1344.15,1345.03,1325.35,1325.98,2149390,0
ADBE.US,D,20200928,000000,1333.51,1342.72,1278.84,1295.10,1848356,0
ADBE.US,D,20200929,000000,1297.91,1313.61,1294.93,1300.49,2261999,0
ADBE.US,D,20200930,000000,1307.74,1311.05,1228.35,1239.55,2982446,0
ADBE.US,D,20201001,000000,1240.49,1246.13,1239.08,1243.03,1401114,0
ADBE.US,D,20201002,000000,1250.67,1256.89,1243.12,1244.44,1556115,0
ADBE.US,D,20201005,000000,1241.90,1264.49,1238.63,1262.25,2879283,0
ADBE.US,D,20201005,000000,1245.43,1256.80,1237.59,1248.50,2188220,0
ADBE.US,D,20201005,000000,1263.40,1270.85,1259.49,1265.92,1247013,0
ADBE.US,D,20201006,000000,1282.82,1289.76,1276.03,1278.65,2520325,0
ADBE.US,D,20201007,000000,1268.85,1325.15,1237.91,1322.15,1982614,0
ADBE.US,D,20201008,000000,1301.80,1303.81,1300.65,1301.84,1371644,0
ADBE.US,D,20201009,000000,1302.36,1418.88,1300.50,1374.96,2336665,0
ADBE.US,D,20201012,000000,1422.29,1426.65,1422.24,1425.08,2671531,0
ADBE.US,D,20201012,000000,1421.98,1463.53,1410.34,1445.66,1445732,0
ADBE.US,D,20201012,000000,1441.47,1511.47,1433.76,1509.27,2395625,0
ADBE.US,D,20201013,000000,1499.94,1525.31,1493.20,1514.90,1009190,0
ADBE.US,D,20201014,000000,1510.95,1568.78,1501.64,1548.05,1098933,0
ADBE.US,D,20201015,000000,1561.44,1564.30,1557.45,1558.10,2796938,0
ADBE.US,D,20201016,000000,1534.95,1540.12,1516.89,1521.99,1500984,0
ADBE.US,D,20201019,000000,1540.29,1573.51,1399.85,1446.03,1040910,0
ADBE.US,D,20201019,000000,1449.10,1497.06,1428.71,1474.18,2239859,0
ADBE.US,D,20201019,000000,1504.44,1508.12,1490.04,1493.65,1781460,0
ADBE.US,D,20201020,000000,1508.31,1516.21,1504.36,1513.99,1788715,0
ADBE.US,D,20201021,000000,1498.00,1513.88,1493.75,1505.15,2807275,0
ADBE.US,D,20201022,000000,1514.69,1623.27,1501.56,1596.02,1800572,0
ADBE.US,D,20201023,000000,1592.85,1600.57,1587.22,1593.63,2084361,0
ADBE.US,D,20201026,000000,1581.70,1585.65,1555.34,1555.60,2176367,0
ADBE.US,D,20201026,000000,1569.79,1576.09,1565.46,1572.28,2865584,0
ADBE.US,D,20201026,000000,1575.96,1705.69,1562.49,1672.53,2340077,0
ADBE.US,D,20201027,000000,1704.14,1724.22,1698.67,1716.42,1015351,0
ADBE.US,D,20201028,000000,1726.40,1733.52,1724.87,1726.42,2886307,0
ADBE.US,D,20201029,000000,1717.53,1813.23,1706.53,1798.37,2861890,0
ADBE.US,D,20201030,000000,1784.27,1841.07,1783.52,1836.43,1465834,0
ADBE.US,D,20201102,000000,1852.80,1853.34,1761.83,1767.46,1175965,0
ADBE.US,D,20201102,000000,1778.85,1781.46,1778.02,1779.21,2031052,0
ADBE.US,D,20201102,000000,1778.74,1780.00,1776.67,1778.70,2036279,0
ADBE.US,D,20201103,000000,1765.49,1780.42,1759.92,1770.03,1012180,0
ADBE.US,D,20201104,000000,1773.54,1850.54,1766.53,1816.81,1224604,0
ADBE.US,D,20201105,000000,1788.00,1901.53,1776.19,1849.85,1354103,0
ADBE.US,D,20201106,000000,1853.99,1857.33,1837.87,1843.26,1497634,0
ADBE.US,D,20201109,000000,1832.39,2020.68,1827.99,1939.82,2475459,0
ADBE.US,D,20201109,000000,1935.11,1991.76,1928.47,1970.21,1020716,0
ADBE.US,D,20201109,000000,1938.84,1988.75,1934.91,1971.06,1090505,0
ADBE.US,D,20201110,000000,1998.20,2031.74,1858.10,1870.02,1681814,0
ADBE.US,D,20201111,000000,1836.64,1840.44,1793.93,1816.92,1609865,0
ADBE.US,D,20201112,000000,1818.91,1820.83,1728.86,1752.51,2377152,0
ADBE.US,D,20201113,000000,1770.14,1770.18,1751.74,1754.31,1872432,0
ADBE.US,D,20201116,000000,1747.26,1786.99,1743.40,1770.64,1248250,0
ADBE.US,D,20201116,000000,1755.78,1764.64,1688.50,1692.62,1689140,0
ADBE.US,D,20201116,000000,1693.22,1719.23,1630.58,1651.53,2382751,0
ADBE.US,D,20201117,000000,1653.20,1725.24,1636.92,1708.05,2445132,0
ADBE.US,D,20201118,000000,1714.84,1722.80,1668.86,1676.12,1531093,0
ADBE.US,D,20201119,000000,1675.88,1676.45,1634.34,1640.88,1213004,0
ADBE.US,D,20201120,000000,1639.40,1657.12,1543.75,1578.54,2230950,0
ADBE.US,D,20201123,000000,1563.71,1567.67,1504.83,1527.20,1186571,0
ADBE.US,D,20201123,000000,1532.43,1535.89,1507.74,1511.37,1083099,0
ADBE.US,D,20201123,000000,1521.41,1524.90,1486.53,1492.54,1211482,0
ADBE.US,D,20201124,000000,1488.09,1515.56,1481.18,1512.92,1100146,0
ADBE.US,D,20201125,000000,1508.64,1520.09,1491.19,1493.24,2326216,0
ADBE.US,D,20201126,000000,1490.81,1537.38,1486.98,1532.83,2564495,0
ADBE.US,D,20201127,000000,1538.87,1580.10,1533.71,1571.70,1787018,0
ADBE.US,D,20201130,000000,1562.15,1564.47,1531.49,1535.13,2828269,0
ADBE.US,D,20201130,000000,1531.16,1597.60,1513.18,1585.08,2687084,0
ADBE.US,D,20201130,000000,1586.17,1669.56,1560.21,1652.82,2478559,0
ADBE.US,D,20201201,000000,1639.64,1773.05,1628.65,1759.51,2725037,0
ADBE.US,D,20201202,000000,1771.22,1794.84,1647.83,1699.64,2289999,0
ADBE.US,D,20201203,000000,1685.74,1762.14,1672.60,1752.58,2280863,0
ADBE.US,D,20201204,000000,1782.67,1833.85,1759.76,1825.58,1097774,0
ADBE.US,D,20201207,000000,1843.27,1873.68,1842.56,1860.63,2684416,0
ADBE.US,D,20201207,000000,1857.12,1863.59,1785.58,1800.13,2760049,0
ADBE.US,D,20201207,000000,1838.39,1843.86,1778.60,1784.14,1516690,0
ADBE.US,D,20201208,000000,1764.24,1892.15,1758.38,1826.20,1933980,0
ADBE.US,D,20201209,000000,1837.07,1894.22,1799.79,1876.88,2999041,0
ADBE.US,D,20201210,000000,1886.02,1890.89,1838.84,1849.89,1349880,0
ADBE.US,D,20201211,000000,1867.27,1908.52,1866.23,1907.74,1957511,0
ADBE.US,D,20201214,000000,1897.51,2014.34,1871.20,1985.96,2250789,0
ADBE.US,D,20201214,000000,1983.81,2004.21,1979.87,2002.47,2708544,0
ADBE.US,D,20201214,000000,1998.10,2027.64,1974.60,2024.33,1380400,0
ADBE.US,D,20201215,000000,2024.11,2106.32,2015.71,2082.68,2893061,0
ADBE.US,D,20201216,000000,2074.41,2095.21,1993.03,1996.59,2382669,0
ADBE.US,D,20201217,000000,1986.34,2011.34,1984.19,1998.27,1405323,0
ADBE.US,D,20201218,000000,2010.09,2038.83,1936.43,1953.47,1131027,0
ADBE.US,D,20201221,000000,1959.03,1980.66,1949.55,1964.58,1948195,0
ADBE.US,D,20201221,000000,1947.86,2070.21,1929.61,2058.13,2159695,0
ADBE.US,D,20201221,000000,2091.22,2118.45,2008.00,2020.14,1161927,0
ADBE.US,D,20201222,000000,2013.64,2015.35,1985.34,1994.61,2353000,0
ADBE.US,D,20201223,000000,2004.24,2005.00,1945.72,1954.88,2564276,0
ADBE.US,D,20201224,000000,1939.06,2024.98,1904.45,1988.14,2296411,0
ADBE.US,D,20201225,000000,2000.69,2022.96,1999.49,2022.58,1787198,0
ADBE.US,D,20201228,000000,2024.70,2072.84,2004.15,2060.20,2669047,0
ADBE.US,D,20201228,000000,2081.45,2082.44,2074.72,2076.25,1316709,0
ADBE.US,D,20201228,000000,2077.65,2094.05,1998.93,2034.75,2533609,0
ADBE.US,D,20201229,000000,2044.54,2051.52,1999.80,2002.63,2503932,0
ADBE.US,D,20201230,000000,1992.59,2006.87,1857.34,1874.82,2461084,0
ADBE.US,D,20201231,000000,1891.09,1912.82,1829.29,1838.60,2941226,0
ADBE.US,D,20210101,000000,1829.94,1831.54,1751.40,1766.08,2988373,0
ADBE.US,D,20210104,000000,1772.84,1776.88,1771.41,1772.15,2632483,0
ADBE.US,D,20210104,000000,1763.71,1822.98,1754.62,1811.58,2884243,0
ADBE.US,D,20210104,000000,1819.08,1828.69,1809.44,1815.04,2640547,0
ADBE.US,D,20210105,000000,1823.25,1829.29,1805.83,1826.39,1617193,0
ADBE.US,D,20210106,000000,1819.68,1823.22,1781.57,1787.43,1806733,0
ADBE.US,D,20210107,000000,1759.60,1787.25,1751.22,1768.74,2171399,0
ADBE.US,D,20210108,000000,1760.77,1834.80,1759.98,1809.32,2125130,0
ADBE.US,D,20210111,000000,1794.63,1798.68,1756.23,1780.14,1468701,0
ADBE.US,D,20210111,000000,1793.53,1821.39,1793.51,1805.37,2121550,0
ADBE.US,D,20210111,000000,1804.75,1807.43,1770.86,1785.31,1627244,0
ADBE.US,D,20210112,000000,1776.36,1782.69,1727.90,1752.80,1160358,0
ADBE.US,D,20210113,000000,1777.92,1789.33,1747.77,1752.74,1988581,0
ADBE.US,D,20210114,000000,1742.51,1754.18,1736.76,1751.49,2278770,0
ADBE.US,D,20210115,000000,1770.23,1770.39,1705.81,1715.13,2561274,0
ADBE.US,D,20210118,000000,1709.18,1780.55,1689.78,1771.27,2882617,0
ADBE.US,D,20210118,000000,1761.17,1807.26,1759.48,1790.39,1367730,0
ADBE.US,D,20210118,000000,1763.30,1791.41,1758.56,1789.61,2690208,0
ADBE.US,D,20210119,000000,1784.90,1823.46,1784.53,1814.90,1612851,0
ADBE.US,D,20210120,000000,1801.36,1917.32,1792.26,1893.81,1410412,0
ADBE.US,D,20210121,000000,1883.07,1883.68,1849.48,1859.01,2603405,0
ADBE.US,D,20210122,000000,1874.94,1905.32,1873.90,1895.33,2706619,0
ADBE.US,D,20210125,000000,1904.75,2015.72,1902.05,1961.39,1337937,0
ADBE.US,D,20210125,000000,1978.56,2020.04,1815.03,1865.59,1261697,0
ADBE.US,D,20210125,000000,1840.06,1933.99,1839.74,1933.93,1961469,0
ADBE.US,D,20210126,000000,1938.14,1976.27,1932.62,1971.77,1710395,0
ADBE.US,D,20210127,000000,1957.63,1996.89,1953.80,1990.01,1667181,0
ADBE.US,D,20210128,000000,2005.20,2058.95,2002.54,2028.27,1990492,0
ADBE.US,D,20210129,000000,2013.69,2136.80,2006.51,2130.27,1771277,0
ADBE.US,D,20210201,000000,2144.43,2156.01,2116.20,2130.63,2147646,0
ADBE.US,D,20210201,000000,2119.74,2148.51,2113.86,2144.39,1139520,0
ADBE.US,D,20210201,000000,2113.65,2119.61,2088.88,2111.01,1389428,0
ADBE.US,D,20210202,000000,2142.99,2182.31,2136.58,2167.81,2591252,0
ADBE.US,D,20210203,000000,2134.90,2239.94,2115.52,2195.69,2989364,0
ADBE.US,D,20210204,000000,2190.81,2331.62,2170.12,2276.34,1548631,0
ADBE.US,D,20210205,000000,2248.67,2252.76,2226.39,2227.50,1655078,0
ADBE.US,D,20210208,000000,2214.84,2348.57,2205.74,2345.85,2952076,0
ADBE.US,D,20210208,000000,2327.50,2501.38,2301.46,2477.69,2879153,0
ADBE.US,D,20210208,000000,2495.39,2498.63,2427.34,2452.33,2387165,0
ADBE.US,D,20210209,000000,2460.10,2477.19,2458.12,2474.21,1222352,0
ADBE.US,D,20210210,000000,2441.46,2531.32,2439.45,2509.62,2625004,0
ADBE.US,D,20210211,000000,2520.90,2522.62,2471.25,2474.22,2357722,0
ADBE.US,D,20210212,000000,2474.72,2491.39,2470.14,2489.24,2530651,0
ADBE.US,D,20210215,000000,2478.18,2485.40,2467.20,2471.65,2538902,0
ADBE.US,D,20210215,000000,2449.61,2516.41,2443.49,2508.54,1184180,0
ADBE.US,D,20210215,000000,2529.33,2586.01,2376.31,2407.30,1058500,0
ADBE.US,D,20210216,000000,2396.05,2434.04,2380.56,2416.12,1171112,0
ADBE.US,D,20210217,000000,2420.09,2444.17,2405.72,2442.23,1805370,0
ADBE.US,D,20210218,000000,2446.33,2465.63,2373.97,2375.05,1460286,0
ADBE.US,D,20210219,000000,2379.41,2384.26,2333.29,2342.35,1766313,0
ADBE.US,D,20210222,000000,2358.82,2365.04,2287.16,2296.96,1733274,0
ADBE.US,D,20210222,000000,2282.56,2284.09,2279.74,2283.54,2865799,0
ADBE.US,D,20210222,000000,2299.95,2301.22,2281.84,2287.50,1542246,0
ADBE.US,D,20210223,000000,2283.58,2296.13,2192.43,2202.91,1628525,0
ADBE.US,D,20210224,000000,2217.13,2246.51,2209.38,2244.41,1684064,0
ADBE.US,D,20210225,000000,2227.52,2273.07,2206.19,2263.10,2435637,0
ADBE.US,D,20210226,000000,2254.81,2279.65,2243.34,2275.70,1328893,0
ADBE.US,D,20210301,000000,2260.67,2265.37,2240.73,2243.95,1906547,0
ADBE.US,D,20210301,000000,2234.42,2246.52,2180.04,2195.74,1483443,0
ADBE.US,D,20210301,000000,2213.94,2215.54,2174.57,2183.46,1685286,0
ADBE.US,D,20210302,000000,2162.61,2173.52,2162.29,2171.56,1713839,0
ADBE.US,D,20210303,000000,2167.53,2192.27,2057.19,2068.54,1503453,0
ADBE.US,D,20210304,000000,2071.91,2074.08,2055.21,2058.37,1562676,0
ADBE.US,D,20210305,000000,2066.90,2092.75,2066.84,2077.28,2268403,0
ADBE.US,D,20210308,000000,2090.45,2091.37,1994.58,2020.72,2441671,0
ADBE.US,D,20210308,000000,2014.00,2018.54,1999.86,2018.47,1100153,0
ADBE.US,D,20210308,000000,1993.54,1994.27,1924.76,1953.32,2489431,0
ADBE.US,D,20210309,000000,1951.21,1956.46,1927.22,1938.00,2789915,0
ADBE.US,D,20210310,000000,1935.51,1954.07,1933.81,1953.85,1758416,0
ADBE.US,D,20210311,000000,1942.87,1999.32,1914.02,1976.75,2713165,0
ADBE.US,D,20210312,000000,1970.95,1972.58,1969.64,1971.68,1166801,0
ADBE.US,D,20210315,000000,1958.34,2071.94,1956.92,2058.99,2098506,0
ADBE.US,D,20210315,000000,2044.32,2044.71,2028.77,2034.59,1876801,0
ADBE.US,D,20210315,000000,2031.85,2032.82,2021.32,2023.19,1750499,0
ADBE.US,D,20210316,000000,2025.01,2039.82,2018.07,2037.05,1502503,0
ADBE.US,D,20210317,000000,2042.74,2048.12,2012.49,2021.04,1695234,0
ADBE.US,D,20210318,000000,2026.40,2027.31,2010.36,2010.50,2932278,0
ADBE.US,D,20210319,000000,2018.09,2018.47,2009.64,2011.25,2035340,0
ADBE.US,D,20210322,000000,2013.91,2020.16,2013.34,2019.08,2052597,0
ADBE.US,D,20210322,000000,2015.73,2016.10,2015.64,2015.87,1658314,0
ADBE.US,D,20210322,000000,2021.35,2023.53,1997.04,2004.38,1594111,0
ADBE.US,D,20210323,000000,1999.96,2025.57,1994.61,2012.83,2400011,0
ADBE.US,D,20210324,000000,2014.66,2036.08,2010.62,2030.63,1046305,0
ADBE.US,D,20210325,000000,2032.54,2032.68,2020.49,2025.51,2203438,0
ADBE.US,D,20210326,000000,2029.56,2035.99,2026.96,2029.57,2208009,0
ADBE.US,D,20210329,000000,2025.52,2029.12,2025.41,2028.74,2813104,0
ADBE.US,D,20210329,000000,2029.12,2032.71,2003.24,2005.53,2735753,0
ADBE.US,D,20210329,000000,2005.04,2010.63,2003.88,2010.05,2854962,0
ADBE.US,D,20210330,000000,2008.80,2011.12,1982.21,1994.04,1310502,0
ADBE.US,D,20210331,000000,1998.79,2000.77,1981.59,1987.36,2257736,0
ADBE.US,D,20210401,000000,1988.46,1992.73,1987.79,1991.26,1412094,0
ADBE.US,D,20210402,000000,1986.08,2006.25,1981.36,2005.19,2369081,0
ADBE.US,D,20210405,000000,2005.95,2017.81,2005.20,2015.34,2734247,0
ADBE.US,D,20210405,000000,2011.13,2029.66,2008.32,2019.41,1382054,0
ADBE.US,D,20210405,000000,2016.86,2022.77,2007.56,2011.80,2964614,0
ADBE.US,D,20210406,000000,2017.42,2018.43,2017.21,2017.70,1751876,0
ADBE.US,D,20210407,000000,2018.01,2018.93,2006.38,2010.22,2824103,0
ADBE.US,D,20210408,000000,2011.12,2014.01,2010.08,2013.33,1866077,0
ADBE.US,D,20210409,000000,2011.16,2012.66,2010.59,2012.15,2000821,0
ADBE.US,D,20210412,000000,2006.70,2012.91,2005.34,2011.99,2572468,0
ADBE.US,D,20210412,000000,2007.18,2012.76,2004.61,2010.48,2582253,0
ADBE.US,D,20210412,000000,2008.00,2012.53,1990.53,1992.30,1442429,0
ADBE.US,D,20210413,000000,1997.72,1997.99,1986.99,1990.31,1108337,0
ADBE.US,D,20210414,000000,1993.86,1995.01,1987.53,1988.39,1230274,0
ADBE.US,D,20210415,000000,1990.04,1999.42,1989.59,1996.55,2339254,0
ADBE.US,D,20210416,000000,2002.23,2003.30,1991.92,1992.90,2787408,0
ADBE.US,D,20210419,000000,1995.75,2001.63,1992.37,2000.76,2629233,0
ADBE.US,D,20210419,000000,1997.43,1999.31,1988.60,1990.67,1852745,0
ADBE.US,D,20210419,000000,1988.05,2000.95,1987.53,1999.28,1272668,0
ADBE.US,D,20210420,000000,2008.49,2011.90,2008.16,2011.26,1213004,0
ADBE.US,D,20210421,000000,2012.94,2014.41,2002.86,2003.27,1778845,0
ADBE.US,D,20210422,000000,2003.21,2005.60,1982.28,1986.55,2530814,0
ADBE.US,D,20210423,000000,1987.50,1989.54,1986.92,1988.85,2152960,0
ADBE.US,D,20210426,000000,1993.22,1999.73,1966.49,1972.17,2156789,0
ADBE.US,D,20210426,000000,1972.70,1976.58,1965.27,1966.76,1411289,0
ADBE.US,D,20210426,000000,1966.98,1967.95,1959.41,1959.76,2078532,0
ADBE.US,D,20210427,000000,1959.62,1962.23,1958.79,1961.72,1559990,0
ADBE.US,D,20210428,000000,1957.97,1978.43,1952.78,1978.19,2971429,0
ADBE.US,D,20210429,000000,1972.70,1974.19,1956.28,1958.45,2224225,0
ADBE.US,D,20210430,000000,1961.38,1961.74,1957.02,1959.89,2630046,0
ADBE.US,D,20210503,000000,1959.19,1959.46,1957.60,1958.42,1417028,0
ADBE.US,D,20210503,000000,1956.51,1959.23,1953.07,1953.32,2215904,0
ADBE.US,D,20210503,000000,1951.93,1953.63,1930.65,1932.70,2711649,0
ADBE.US,D,20210504,000000,1937.46,1939.01,1926.91,1931.85,2296232,0
ADBE.US,D,20210505,000000,1941.43,1947.43,1940.06,1946.06,1448323,0
ADBE.US,D,20210506,000000,1941.17,1968.74,1934.42,1959.35,1631072,0
ADBE.US,D,20210507,000000,1963.48,1966.15,1949.25,1954.32,1008789,0
ADBE.US,D,20210510,000000,1949.83,1973.17,1949.74,1966.07,1915033,0
ADBE.US,D,20210510,000000,1971.12,1974.20,1963.22,1965.56,1783443,0
ADBE.US,D,20210510,000000,1967.60,1982.62,1966.18,1978.38,2834032,0
ADBE.US,D,20210511,000000,1972.40,1989.44,1968.44,1982.58,1117140,0
ADBE.US,D,20210512,000000,1980.65,1982.93,1947.34,1958.13,1518205,0
ADBE.US,D,20210513,000000,1955.20,1970.33,1953.02,1963.90,1362493,0
ADBE.US,D,20210514,000000,1964.55,1991.15,1963.16,1982.38,1372774,0
ADBE.US,D,20210517,000000,1980.64,1985.28,1975.87,1983.64,2817557,0
ADBE.US,D,20210517,000000,1988.99,1996.25,1988.36,1993.39,1787069,0
ADBE.US,D,20210517,000000,1996.99,2001.29,1984.68,1985.86,1552549,0
ADBE.US,D,20210518,000000,1990.25,1991.13,1967.43,1971.57,1499329,0
ADBE.US,D,20210519,000000,1973.36,1980.00,1950.12,1962.29,2168585,0
ADBE.US,D,20210520,000000,1970.27,1970.97,1962.52,1964.91,2939715,0
ADBE.US,D,20210521,000000,1965.69,1985.49,1961.61,1983.61,1029173,0
ADBE.US,D,20210524,000000,1987.53,1988.70,1965.91,1969.71,1536105,0
ADBE.US,D,20210524,000000,1993.01,2009.22,1896.54,1928.46,1763986,0
ADBE.US,D,20210524,000000,1904.86,1976.20,1891.24,1971.17,1917293,0
ADBE.US,D,20210525,000000,1975.68,1994.68,1960.87,1988.26,1381901,0
ADBE.US,D,20210526,000000,2003.38,2004.05,1966.23,1977.61,2975549,0
ADBE.US,D,20210527,000000,1977.14,1979.59,1935.00,1942.07,2347271,0
ADBE.US,D,20210528,000000,1952.69,1954.42,1944.66,1946.83,2970206,0
ADBE.US,D,20210531,000000,1949.00,1973.89,1946.40,1966.72,2309281,0
ADBE.US,D,20210531,000000,1975.16,1976.19,1956.71,1964.91,1235814,0
ADBE.US,D,20210531,000000,1957.14,1959.17,1941.71,1950.37,2010133,0
ADBE.US,D,20210601,000000,1952.42,1964.81,1950.46,1962.62,1481459,0
ADBE.US,D,20210602,000000,1953.51,1954.54,1945.69,1946.99,2703855,0
ADBE.US,D,20210603,000000,1941.02,1941.23,1928.04,1932.08,2128468,0
ADBE.US,D,20210604,000000,1932.75,2013.45,1930.32,2002.88,1592161,0
ADBE.US,D,20210607,000000,1993.59,2016.47,1986.59,2000.12,1406501,0
ADBE.US,D,20210607,000000,2006.87,2013.95,2005.30,2006.66,1393779,0
ADBE.US,D,20210607,000000,1995.13,1996.00,1951.86,1958.56,2864577,0
ADBE.US,D,20210608,000000,1958.39,1960.79,1958.34,1959.61,2747617,0
ADBE.US,D,20210609,000000,1954.49,1966.24,1954.20,1966.18,2380188,0
ADBE.US,D,20210610,000000,1961.12,1995.64,1955.48,1984.19,1073842,0
ADBE.US,D,20210611,000000,1993.04,1996.59,1949.24,1961.34,1463059,0
ADBE.US,D,20210614,000000,1963.23,1972.33,1960.63,1967.07,1375454,0
ADBE.US,D,20210614,000000,1961.85,1962.90,1954.98,1961.33,2249442,0
ADBE.US,D,20210614,000000,1969.88,1985.44,1890.53,1919.33,2955929,0
ADBE.US,D,20210615,000000,1923.56,1925.67,1912.67,1915.34,1570409,0
ADBE.US,D,20210616,000000,1906.69,1968.67,1895.91,1956.12,1237287,0
ADBE.US,D,20210617,000000,1968.75,1980.97,1967.45,1978.01,2449257,0
ADBE.US,D,20210618,000000,1981.54,2042.23,1981.39,2034.28,2913521,0
ADBE.US,D,20210621,000000,2020.09,2044.99,2004.12,2037.01,1929558,0
ADBE.US,D,20210621,000000,2025.51,2028.73,2013.20,2017.35,1623018,0
ADBE.US,D,20210621,000000,2015.44,2030.06,2013.70,2024.97,1810232,0
ADBE.US,D,20210622,000000,2022.73,2039.36,2020.67,2036.75,2138702,0
ADBE.US,D,20210623,000000,2035.25,2038.56,2035.03,2037.34,1873309,0
ADBE.US,D,20210624,000000,2037.32,2042.99,2034.64,2039.25,1328382,0
