<TICKER>,<PER>,<DATE>,<TIME>,<OPEN>,<HIGH>,<LOW>,<CLOSE>,<VOL>,<OPENINT>
AFRM.US,D,20180102,000000,35.02,35.09,33.98,34.25,5163452,0
AFRM.US,D,20180103,000000,34.58,34.65,34.20,34.30,5211046,0
AFRM.US,D,20180104,000000,34.43,34.51,34.33,34.50,5736636,0
AFRM.US,D,20180105,000000,34.05,34.07,33.78,33.79,3547273,0
AFRM.US,D,20180108,000000,33.95,34.26,32.69,32.88,5221144,0
AFRM.US,D,20180108,000000,32.73,33.06,32.60,33.00,5444859,0
AFRM.US,D,20180108,000000,32.73,33.26,32.73,33.21,5195301,0
AFRM.US,D,20180109,000000,33.38,33.48,33.00,33.12,3100834,0
AFRM.US,D,20180110,000000,33.32,35.07,33.20,35.04,6056217,0
AFRM.US,D,20180111,000000,34.70,34.99,32.92,33.69,6541887,0
AFRM.US,D,20180112,000000,34.03,35.51,33.69,34.82,3114828,0
AFRM.US,D,20180115,000000,34.97,36.59,34.68,36.33,6470884,0
AFRM.US,D,20180115,000000,36.36,36.65,36.26,36.59,4924055,0
AFRM.US,D,20180115,000000,36.41,37.34,35.94,37.10,6702265,0
AFRM.US,D,20180116,000000,36.98,37.28,36.83,37.10,6082588,0
AFRM.US,D,20180117,000000,37.23,37.30,36.80,36.95,2985454,0
AFRM.US,D,20180118,000000,37.12,37.90,36.99,37.34,5559932,0
AFRM.US,D,20180119,000000,37.12,40.12,36.98,38.73,6193171,0
AFRM.US,D,20180122,000000,38.83,38.90,38.59,38.82,3701845,0
AFRM.US,D,20180122,000000,38.54,38.93,38.50,38.80,4025882,0
AFRM.US,D,20180122,000000,38.72,38.94,38.65,38.85,6750355,0
AFRM.US,D,20180123,000000,38.55,40.14,38.51,39.84,2690629,0
AFRM.US,D,20180124,000000,39.99,40.19,39.18,39.44,5122049,0
AFRM.US,D,20180125,000000,39.66,39.67,39.11,39.17,6372462,0
AFRM.US,D,20180126,000000,39.56,39.65,38.59,39.12,5101069,0
AFRM.US,D,20180129,000000,39.49,41.32,39.49,40.69,5685035,0
AFRM.US,D,20180129,000000,40.61,43.04,40.21,41.84,7367737,0
AFRM.US,D,20180129,000000,42.13,42.91,41.79,42.78,3836381,0
AFRM.US,D,20180130,000000,42.91,43.42,42.10,42.38,2893624,0
AFRM.US,D,20180131,000000,42.63,42.72,41.95,42.29,5270392,0
AFRM.US,D,20180201,000000,42.71,43.52,40.94,41.14,6888327,0
AFRM.US,D,20180202,000000,41.82,43.89,40.90,43.15,7198036,0
AFRM.US,D,20180205,000000,42.91,44.74,42.31,44.15,5017158,0
AFRM.US,D,20180205,000000,43.54,43.72,43.36,43.71,5520722,0
AFRM.US,D,20180205,000000,43.48,43.75,42.21,42.71,3327921,0
AFRM.US,D,20180206,000000,42.95,43.31,41.71,42.14,4883935,0
AFRM.US,D,20180207,000000,41.94,43.22,41.80,42.79,4158205,0
AFRM.US,D,20180208,000000,42.51,42.82,42.44,42.76,6523621,0
AFRM.US,D,20180209,000000,43.06,43.56,40.36,40.72,6007283,0
AFRM.US,D,20180212,000000,40.29,40.32,39.36,39.45,3648290,0
AFRM.US,D,20180212,000000,39.01,39.10,38.76,38.85,6842727,0
AFRM.US,D,20180212,000000,39.31,39.61,38.31,38.39,3113862,0
AFRM.US,D,20180213,000000,38.57,38.83,36.45,37.36,4178438,0
AFRM.US,D,20180214,000000,37.55,37.87,35.45,36.08,3757160,0
AFRM.US,D,20180215,000000,36.25,36.68,34.14,34.83,3827238,0
AFRM.US,D,20180216,000000,34.34,35.72,34.30,35.35,5582511,0
AFRM.US,D,20180219,000000,35.18,35.55,34.99,35.23,6091495,0
AFRM.US,D,20180219,000000,35.00,35.03,34.92,34.93,5512308,0
AFRM.US,D,20180219,000000,35.14,36.85,34.99,36.29,6201321,0
AFRM.US,D,20180220,000000,36.16,36.87,36.15,36.36,4359563,0
AFRM.US,D,20180221,000000,36.34,36.54,34.66,35.24,5923788,0
AFRM.US,D,20180222,000000,35.06,35.19,34.78,34.99,7362267,0
AFRM.US,D,20180223,000000,35.17,38.48,34.68,37.48,5454841,0
AFRM.US,D,20180226,000000,37.19,37.40,35.30,35.86,7410034,0
AFRM.US,D,20180226,000000,35.84,36.98,35.39,36.77,3909927,0
AFRM.US,D,20180226,000000,36.71,36.99,34.60,35.14,7485002,0
AFRM.US,D,20180227,000000,35.27,35.48,33.67,34.50,7283976,0
AFRM.US,D,20180228,000000,34.26,34.26,34.12,34.17,6258600,0
AFRM.US,D,20180301,000000,33.86,34.03,32.75,32.93,5524244,0
AFRM.US,D,20180302,000000,32.95,33.61,32.76,33.58,6433005,0
AFRM.US,D,20180305,000000,33.26,33.29,33.17,33.28,3190129,0
AFRM.US,D,20180305,000000,33.38,33.56,31.00,31.00,6920334,0
AFRM.US,D,20180305,000000,30.72,30.74,30.40,30.44,5908421,0
AFRM.US,D,20180306,000000,30.29,30.50,28.76,28.86,5112655,0
AFRM.US,D,20180307,000000,28.83,28.84,28.71,28.82,5123745,0
AFRM.US,D,20180308,000000,28.72,29.12,28.55,28.91,2740346,0
AFRM.US,D,20180309,000000,28.73,29.22,28.68,29.11,3042863,0
AFRM.US,D,20180312,000000,29.17,29.20,27.76,27.97,3192931,0
AFRM.US,D,20180312,000000,27.88,28.27,27.83,28.09,3231741,0
AFRM.US,D,20180312,000000,27.58,30.13,27.20,29.26,5753574,0
AFRM.US,D,20180313,000000,28.97,29.07,28.51,28.65,4528084,0
AFRM.US,D,20180314,000000,28.76,28.86,28.63,28.70,3343671,0
AFRM.US,D,20180315,000000,28.79,29.09,28.61,29.08,4105032,0
AFRM.US,D,20180316,000000,29.37,30.20,29.10,29.97,3266577,0
AFRM.US,D,20180319,000000,30.11,30.25,30.07,30.16,6243037,0
AFRM.US,D,20180319,000000,29.83,29.93,29.33,29.45,3546567,0
AFRM.US,D,20180319,000000,29.69,29.75,29.18,29.19,3814114,0
AFRM.US,D,20180320,000000,29.49,30.60,29.23,30.38,6605506,0
AFRM.US,D,20180321,000000,30.29,30.30,29.77,29.85,5058890,0
AFRM.US,D,20180322,000000,30.00,30.48,29.93,30.23,3198599,0
AFRM.US,D,20180323,000000,29.98,30.24,29.87,30.15,3200881,0
AFRM.US,D,20180326,000000,29.68,32.04,28.41,31.01,5034034,0
AFRM.US,D,20180326,000000,31.28,31.33,29.98,30.14,5021359,0
AFRM.US,D,20180326,000000,30.76,31.05,29.01,29.99,7184520,0
AFRM.US,D,20180327,000000,30.37,30.52,30.25,30.27,7167512,0
AFRM.US,D,20180328,000000,29.96,30.65,27.80,28.40,2844596,0
AFRM.US,D,20180329,000000,28.23,32.26,27.64,31.70,5212908,0
AFRM.US,D,20180330,000000,31.83,33.11,28.97,29.36,7020368,0
AFRM.US,D,20180402,000000,29.81,30.31,28.80,28.93,5974708,0
AFRM.US,D,20180402,000000,28.88,29.10,26.01,27.20,6578093,0
AFRM.US,D,20180402,000000,27.44,27.85,26.67,27.12,7170703,0
AFRM.US,D,20180403,000000,27.47,27.54,27.01,27.10,3655367,0
AFRM.US,D,20180404,000000,26.92,29.16,26.76,28.87,4371709,0
AFRM.US,D,20180405,000000,29.17,29.33,28.90,29.08,5417484,0
AFRM.US,D,20180406,000000,29.07,29.25,29.01,29.19,3139068,0
AFRM.US,D,20180409,000000,29.33,31.17,29.08,30.59,6275152,0
AFRM.US,D,20180409,000000,30.54,30.76,29.59,29.83,3446988,0
AFRM.US,D,20180409,000000,31.03,32.16,26.10,28.24,3098633,0
AFRM.US,D,20180410,000000,28.97,29.08,27.54,28.30,6091900,0
AFRM.US,D,20180411,000000,28.84,29.08,27.87,27.90,6134720,0
AFRM.US,D,20180412,000000,27.91,28.03,27.23,27.46,4955133,0
AFRM.US,D,20180413,000000,27.12,27.43,27.03,27.40,3915952,0
AFRM.US,D,20180416,000000,27.50,28.02,24.86,25.60,5970504,0
AFRM.US,D,20180416,000000,24.85,24.91,24.33,24.40,6769937,0
AFRM.US,D,20180416,000000,24.37,24.98,24.32,24.88,3198921,0
AFRM.US,D,20180417,000000,25.03,25.57,22.20,22.49,7117014,0
AFRM.US,D,20180418,000000,22.71,22.78,22.10,22.20,4611467,0
AFRM.US,D,20180419,000000,22.57,22.63,21.88,21.95,5862693,0
AFRM.US,D,20180420,000000,21.68,23.06,21.28,22.38,6055313,0
AFRM.US,D,20180423,000000,22.00,22.81,19.02,20.03,2989261,0
AFRM.US,D,20180423,000000,20.39,20.42,19.45,19.54,5621262,0
AFRM.US,D,20180423,000000,19.28,19.44,18.47,18.78,7402513,0
AFRM.US,D,20180424,000000,18.85,19.20,17.73,18.33,5829061,0
AFRM.US,D,20180425,000000,18.51,18.68,17.95,18.04,4346531,0
AFRM.US,D,20180426,000000,17.86,20.12,17.73,19.99,6452310,0
AFRM.US,D,20180427,000000,20.14,22.55,20.12,21.46,5764199,0
AFRM.US,D,20180430,000000,21.11,21.21,19.82,20.30,4508703,0
AFRM.US,D,20180430,000000,20.09,21.04,16.64,17.83,4130929,0
AFRM.US,D,20180430,000000,17.25,17.67,16.32,16.70,6250516,0
AFRM.US,D,20180501,000000,16.60,16.73,16.31,16.37,4192044,0
AFRM.US,D,20180502,000000,16.27,16.80,16.07,16.64,6137141,0
AFRM.US,D,20180503,000000,16.70,16.82,15.63,15.66,4665433,0
AFRM.US,D,20180504,000000,15.86,16.66,15.65,16.50,6478332,0
AFRM.US,D,20180507,000000,16.17,17.81,16.08,17.74,4836469,0
AFRM.US,D,20180507,000000,17.74,18.00,17.23,17.34,2504317,0
AFRM.US,D,20180507,000000,17.73,17.79,16.38,16.55,3564054,0
AFRM.US,D,20180508,000000,16.10,17.00,15.84,16.84,4561840,0
AFRM.US,D,20180509,000000,16.73,16.93,16.27,16.67,7167345,0
AFRM.US,D,20180510,000000,16.17,16.18,15.79,15.83,4876746,0
AFRM.US,D,20180511,000000,15.99,16.08,15.91,15.95,7009753,0
AFRM.US,D,20180514,000000,15.59,15.67,15.33,15.39,2645735,0
AFRM.US,D,20180514,000000,15.13,15.43,15.00,15.34,6034996,0
AFRM.US,D,20180514,000000,15.76,15.79,13.36,13.95,6160385,0
AFRM.US,D,20180515,000000,13.94,14.00,13.92,13.98,4942180,0
AFRM.US,D,20180516,000000,14.12,14.41,13.95,14.40,6368606,0
AFRM.US,D,20180517,000000,14.65,14.67,13.47,13.89,5017686,0
AFRM.US,D,20180518,000000,13.68,13.72,13.54,13.58,5697674,0
AFRM.US,D,20180521,000000,13.57,13.67,13.55,13.59,5896172,0
AFRM.US,D,20180521,000000,13.38,14.86,13.30,14.70,3051939,0
AFRM.US,D,20180521,000000,14.54,14.57,14.53,14.57,4904132,0
AFRM.US,D,20180522,000000,14.45,14.79,12.50,13.03,3340723,0
AFRM.US,D,20180523,000000,12.96,13.40,12.87,13.24,4127560,0
AFRM.US,D,20180524,000000,13.06,13.36,12.99,13.29,3747829,0
AFRM.US,D,20180525,000000,13.50,13.73,11.66,12.08,2766079,0
AFRM.US,D,20180528,000000,11.81,11.83,11.72,11.73,3937751,0
AFRM.US,D,20180528,000000,11.67,12.30,11.60,11.98,6690712,0
AFRM.US,D,20180528,000000,12.16,12.67,12.03,12.67,4826496,0
AFRM.US,D,20180529,000000,12.42,12.48,11.93,12.13,6610418,0
AFRM.US,D,20180530,000000,12.50,12.68,10.88,11.61,5762474,0
AFRM.US,D,20180531,000000,11.67,11.92,10.83,10.97,2844194,0
AFRM.US,D,20180601,000000,11.08,11.13,10.43,10.53,7374442,0
AFRM.US,D,20180604,000000,10.58,10.59,10.52,10.52,7335510,0
AFRM.US,D,20180604,000000,10.45,10.56,9.61,9.79,2774225,0
AFRM.US,D,20180604,000000,9.48,9.89,9.34,9.77,5939531,0
AFRM.US,D,20180605,000000,9.80,10.06,9.78,9.90,5564106,0
AFRM.US,D,20180606,000000,9.43,10.09,9.38,10.05,8491655,0
AFRM.US,D,20180607,000000,10.16,10.38,10.11,10.28,9412057,0
AFRM.US,D,20180608,000000,10.28,10.41,10.24,10.39,11820656,0
AFRM.US,D,20180611,000000,10.28,10.90,10.03,10.65,13185116,0
AFRM.US,D,20180611,000000,10.81,10.93,10.78,10.86,10101797,0
AFRM.US,D,20180611,000000,11.16,11.16,11.10,11.10,6472993,0
AFRM.US,D,20180612,000000,11.08,11.42,10.91,11.31,13044400,0
AFRM.US,D,20180613,000000,11.31,11.69,11.26,11.65,9921116,0
AFRM.US,D,20180614,000000,11.47,11.89,11.22,11.89,6704037,0
AFRM.US,D,20180615,000000,12.22,12.24,12.05,12.16,7247384,0
AFRM.US,D,20180618,000000,12.05,12.69,11.95,12.38,10366304,0
AFRM.US,D,20180618,000000,12.36,13.20,12.02,12.71,8296791,0
AFRM.US,D,20180618,000000,12.69,13.13,12.66,12.98,12045898,0
AFRM.US,D,20180619,000000,13.03,13.41,12.92,13.27,9087397,0
AFRM.US,D,20180620,000000,13.42,13.73,13.40,13.65,13887938,0
AFRM.US,D,20180621,000000,13.26,14.20,13.20,13.86,15989549,0
AFRM.US,D,20180622,000000,13.48,14.71,13.33,14.30,8178052,0
AFRM.US,D,20180625,000000,14.25,14.79,13.91,14.67,7807922,0
AFRM.US,D,20180625,000000,14.73,15.20,14.58,15.02,15714050,0
AFRM.US,D,20180625,000000,14.88,15.40,14.82,15.39,13615576,0
AFRM.US,D,20180626,000000,15.19,16.03,14.82,15.88,13102870,0
AFRM.US,D,20180627,000000,16.01,16.47,15.94,16.43,14866452,0
AFRM.US,D,20180628,000000,16.03,16.97,15.74,16.85,8417690,0
AFRM.US,D,20180629,000000,17.00,17.56,16.90,17.44,16653621,0
AFRM.US,D,20180702,000000,17.34,18.38,16.90,18.07,21081057,0
AFRM.US,D,20180702,000000,17.82,18.67,17.66,18.56,13686529,0
AFRM.US,D,20180702,000000,18.57,19.43,18.56,19.22,21747294,0
AFRM.US,D,20180703,000000,19.58,20.06,19.47,19.97,12579643,0
AFRM.US,D,20180704,000000,20.10,20.14,19.49,19.51,4466507,0
AFRM.US,D,20180705,000000,19.85,21.45,19.16,21.23,7396180,0
AFRM.US,D,20180706,000000,21.49,21.51,21.44,21.45,5492986,0
AFRM.US,D,20180709,000000,21.38,21.58,20.62,21.19,3096073,0
AFRM.US,D,20180709,000000,21.58,22.71,21.55,22.41,3447777,0
AFRM.US,D,20180709,000000,22.65,22.73,21.98,22.04,2781513,0
AFRM.US,D,20180710,000000,22.08,22.28,21.98,22.25,6853258,0
AFRM.US,D,20180711,000000,22.33,22.48,21.62,21.72,5720325,0
AFRM.US,D,20180712,000000,22.51,22.92,21.81,21.98,3634829,0
AFRM.US,D,20180713,000000,22.53,22.57,22.19,22.35,6759540,0
AFRM.US,D,20180716,000000,22.35,22.38,22.32,22.38,6654476,0
AFRM.US,D,20180716,000000,22.48,22.70,22.02,22.04,2958487,0
AFRM.US,D,20180716,000000,22.11,22.48,20.97,21.00,7305355,0
AFRM.US,D,20180717,000000,21.00,21.35,20.74,20.75,3029828,0
AFRM.US,D,20180718,000000,21.02,21.05,20.26,20.60,3013899,0
AFRM.US,D,20180719,000000,20.49,20.54,20.10,20.14,4904164,0
AFRM.US,D,20180720,000000,20.84,21.03,20.83,20.97,4464444,0
AFRM.US,D,20180723,000000,21.02,22.34,20.97,21.93,2938132,0
AFRM.US,D,20180723,000000,21.78,21.85,21.66,21.82,6045847,0
AFRM.US,D,20180723,000000,21.56,21.63,21.10,21.12,5900452,0
AFRM.US,D,20180724,000000,21.30,22.56,20.98,22.29,3371046,0
AFRM.US,D,20180725,000000,23.11,23.35,22.04,22.34,6448248,0
AFRM.US,D,20180726,000000,22.35,22.56,21.33,21.70,3534996,0
AFRM.US,D,20180727,000000,21.66,21.94,21.02,21.06,3697220,0
AFRM.US,D,20180730,000000,20.84,21.53,19.83,19.90,2558728,0
AFRM.US,D,20180730,000000,19.93,20.37,19.92,20.07,5338853,0
AFRM.US,D,20180730,000000,19.65,19.67,19.49,19.51,2702801,0
AFRM.US,D,20180731,000000,19.89,19.89,18.43,18.54,2959038,0
AFRM.US,D,20180801,000000,18.65,19.83,18.53,19.49,4302488,0
AFRM.US,D,20180802,000000,19.15,19.54,19.13,19.43,6102878,0
AFRM.US,D,20180803,000000,19.20,19.62,19.10,19.45,4471589,0
AFRM.US,D,20180806,000000,19.93,19.98,19.63,19.82,5373232,0
AFRM.US,D,20180806,000000,19.78,20.23,17.75,18.31,5659579,0
AFRM.US,D,20180806,000000,18.44,18.58,17.32,17.70,3728171,0
AFRM.US,D,20180807,000000,17.73,17.80,17.58,17.59,3954771,0
AFRM.US,D,20180808,000000,17.45,17.94,17.05,17.76,5380852,0
AFRM.US,D,20180809,000000,17.59,19.33,17.45,18.66,4628726,0
AFRM.US,D,20180810,000000,18.62,18.96,18.38,18.90,6145265,0
AFRM.US,D,20180813,000000,18.78,18.83,18.60,18.66,5273003,0
AFRM.US,D,20180813,000000,18.63,19.22,18.54,18.81,2961295,0
AFRM.US,D,20180813,000000,18.84,18.88,18.18,18.44,5822057,0
AFRM.US,D,20180814,000000,18.50,18.53,18.41,18.42,6609275,0
AFRM.US,D,20180815,000000,18.61,18.66,18.31,18.40,4677046,0
AFRM.US,D,20180816,000000,18.50,18.95,18.39,18.88,5912273,0
AFRM.US,D,20180817,000000,19.13,19.28,18.76,18.81,3005612,0
AFRM.US,D,20180820,000000,18.88,19.33,18.74,19.13,4347382,0
AFRM.US,D,20180820,000000,19.25,19.31,18.69,18.78,3591381,0
AFRM.US,D,20180820,000000,18.86,19.18,18.77,19.13,3654957,0
AFRM.US,D,20180821,000000,18.94,19.11,18.31,18.54,4054865,0
AFRM.US,D,20180822,000000,18.52,18.65,18.52,18.65,5240902,0
AFRM.US,D,20180823,000000,18.71,18.87,18.53,18.58,3945600,0
AFRM.US,D,20180824,000000,18.55,18.59,18.39,18.42,4867427,0
AFRM.US,D,20180827,000000,18.36,19.70,18.33,19.39,5157822,0
AFRM.US,D,20180827,000000,19.39,19.69,18.47,18.83,6345884,0
AFRM.US,D,20180827,000000,18.56,20.52,18.43,19.92,6900827,0
AFRM.US,D,20180828,000000,19.98,20.86,19.83,20.50,2852644,0
AFRM.US,D,20180829,000000,20.27,20.66,20.21,20.52,4745257,0
AFRM.US,D,20180830,000000,20.42,20.45,20.32,20.37,5191419,0
AFRM.US,D,20180831,000000,20.09,20.29,20.05,20.16,3998819,0
AFRM.US,D,20180903,000000,20.06,20.44,19.82,20.44,2694364,0
AFRM.US,D,20180903,000000,20.41,22.00,20.31,21.77,3343991,0
AFRM.US,D,20180903,000000,22.09,22.15,21.70,21.78,4707956,0
AFRM.US,D,20180904,000000,21.59,21.78,21.57,21.77,7198528,0
AFRM.US,D,20180905,000000,21.54,21.56,21.46,21.49,6611887,0
AFRM.US,D,20180906,000000,21.48,21.86,21.20,21.70,6261604,0
AFRM.US,D,20180907,000000,21.65,22.92,21.38,22.51,2545127,0
AFRM.US,D,20180910,000000,22.31,22.34,22.05,22.13,4085294,0
AFRM.US,D,20180910,000000,22.32,22.36,21.99,22.04,7006307,0
AFRM.US,D,20180910,000000,21.84,21.98,21.84,21.97,4065511,0
AFRM.US,D,20180911,000000,22.05,22.57,21.89,22.28,5804814,0
AFRM.US,D,20180912,000000,22.25,22.26,22.11,22.13,7291073,0
AFRM.US,D,20180913,000000,22.14,22.23,21.98,21.99,2749908,0
AFRM.US,D,20180914,000000,22.00,22.88,21.97,22.56,7146875,0
AFRM.US,D,20180917,000000,22.52,22.84,22.44,22.75,4035770,0
AFRM.US,D,20180917,000000,22.73,23.16,22.71,23.09,6970945,0
AFRM.US,D,20180917,000000,22.99,23.27,22.96,23.16,5953638,0
AFRM.US,D,20180918,000000,23.03,23.31,23.00,23.21,6275434,0
AFRM.US,D,20180919,000000,23.33,23.47,22.80,22.89,3438819,0
AFRM.US,D,20180920,000000,22.70,22.90,22.67,22.85,4433851,0
AFRM.US,D,20180921,000000,22.82,22.92,22.51,22.56,4803627,0
AFRM.US,D,20180924,000000,22.66,22.67,22.45,22.51,4047002,0
AFRM.US,D,20180924,000000,22.54,23.12,22.54,23.09,5959587,0
AFRM.US,D,20180924,000000,23.21,23.29,22.90,22.94,4098029,0
AFRM.US,D,20180925,000000,23.03,23.09,22.72,22.77,6874899,0
AFRM.US,D,20180926,000000,22.77,22.80,22.58,22.62,6526073,0
AFRM.US,D,20180927,000000,22.38,22.92,22.26,22.87,6931980,0
AFRM.US,D,20180928,000000,22.87,23.09,22.87,23.02,3341117,0
AFRM.US,D,20181001,000000,23.00,23.08,22.68,22.78,5781127,0
AFRM.US,D,20181001,000000,22.86,22.97,22.42,22.56,3228462,0
AFRM.US,D,20181001,000000,22.51,23.15,22.37,22.91,4685183,0
AFRM.US,D,20181002,000000,22.88,22.94,22.50,22.53,5543597,0
AFRM.US,D,20181003,000000,22.37,22.40,21.88,21.94,5120253,0
AFRM.US,D,20181004,000000,21.97,22.01,21.57,21.69,4018772,0
AFRM.US,D,20181005,000000,21.67,22.11,21.53,22.07,7126428,0
AFRM.US,D,20181008,000000,22.05,22.25,21.96,22.25,6251295,0
AFRM.US,D,20181008,000000,22.13,23.13,21.80,22.78,5152988,0
AFRM.US,D,20181008,000000,22.82,22.84,22.81,22.83,7429954,0
AFRM.US,D,20181009,000000,22.99,23.49,22.80,23.43,2595846,0
AFRM.US,D,20181010,000000,23.41,23.48,23.20,23.32,5128978,0
AFRM.US,D,20181011,000000,23.38,23.60,22.89,22.92,3717799,0
AFRM.US,D,20181012,000000,22.97,23.05,22.68,22.69,7055864,0
AFRM.US,D,20181015,000000,22.58,22.62,22.42,22.46,7237280,0
AFRM.US,D,20181015,000000,22.56,22.62,22.37,22.40,5768442,0
AFRM.US,D,20181015,000000,22.43,22.73,22.39,22.63,6770906,0
AFRM.US,D,20181016,000000,22.65,22.76,22.10,22.30,3904510,0
AFRM.US,D,20181017,000000,22.24,22.28,22.01,22.03,2990245,0
AFRM.US,D,20181018,000000,22.07,22.15,22.00,22.13,6688719,0
AFRM.US,D,20181019,000000,22.06,22.08,22.06,22.07,3916693,0
AFRM.US,D,20181022,000000,21.96,22.43,21.89,22.37,6653566,0
AFRM.US,D,20181022,000000,22.21,22.27,22.20,22.26,6375131,0
AFRM.US,D,20181022,000000,22.46,22.56,22.04,22.13,7334712,0
AFRM.US,D,20181023,000000,22.03,22.08,21.84,21.88,6192758,0
AFRM.US,D,20181024,000000,21.93,21.95,21.68,21.70,5954147,0
AFRM.US,D,20181025,000000,21.63,21.73,21.63,21.70,6579266,0
AFRM.US,D,20181026,000000,21.77,22.31,21.67,22.11,3387825,0
AFRM.US,D,20181029,000000,22.06,22.19,22.02,22.13,3678545,0
AFRM.US,D,20181029,000000,22.11,22.20,21.82,21.87,6416735,0
AFRM.US,D,20181029,000000,21.75,21.75,21.49,21.55,3170495,0
AFRM.US,D,20181030,000000,21.24,21.53,21.17,21.48,7416565,0
AFRM.US,D,20181031,000000,21.48,22.36,21.05,22.27,6822907,0
AFRM.US,D,20181101,000000,22.33,22.40,21.80,21.83,3657094,0
AFRM.US,D,20181102,000000,21.92,22.21,21.89,22.15,6556077,0
AFRM.US,D,20181105,000000,22.50,22.58,22.26,22.36,9094433,0
AFRM.US,D,20181105,000000,22.73,22.81,22.55,22.58,9758682,0
AFRM.US,D,20181105,000000,22.80,23.05,22.61,22.90,8544995,0
AFRM.US,D,20181106,000000,23.00,23.46,22.80,23.31,11024702,0
AFRM.US,D,20181107,000000,23.01,24.25,22.67,23.89,7205093,0
AFRM.US,D,20181108,000000,23.93,24.68,23.87,24.60,8050688,0
AFRM.US,D,20181109,000000,24.41,25.09,24.30,25.02,11859077,0
AFRM.US,D,20181112,000000,25.41,25.78,25.35,25.63,12994584,0
AFRM.US,D,20181112,000000,25.39,26.30,25.08,26.26,14823337,0
AFRM.US,D,20181112,000000,26.61,27.12,26.51,26.95,7974439,0
AFRM.US,D,20181113,000000,26.71,27.94,26.61,27.67,12724071,0
AFRM.US,D,20181114,000000,27.82,28.61,27.55,28.32,6708896,0
AFRM.US,D,20181115,000000,28.61,29.19,28.28,29.01,19052988,0
AFRM.US,D,20181116,000000,29.24,30.26,29.12,29.75,10973540,0
AFRM.US,D,20181119,000000,29.29,30.90,29.02,30.60,10168478,0
AFRM.US,D,20181119,000000,30.79,31.39,30.53,31.29,18175048,0
AFRM.US,D,20181119,000000,31.49,32.54,31.41,32.31,11322577,0
AFRM.US,D,20181120,000000,32.41,33.44,32.07,33.36,11071304,0
AFRM.US,D,20181121,000000,33.34,34.46,33.32,34.06,11633508,0
AFRM.US,D,20181122,000000,33.61,35.46,33.15,35.44,15548124,0
AFRM.US,D,20181123,000000,36.01,38.13,35.72,36.91,10385616,0
AFRM.US,D,20181126,000000,37.37,38.58,37.37,38.27,12394799,0
AFRM.US,D,20181126,000000,38.90,40.21,38.83,39.57,18535015,0
AFRM.US,D,20181126,000000,39.99,42.36,39.41,41.54,26209181,0
AFRM.US,D,20181127,000000,41.91,42.47,39.80,40.55,4743489,0
AFRM.US,D,20181128,000000,40.86,41.04,40.35,40.44,4846969,0
AFRM.US,D,20181129,000000,40.55,43.29,39.30,42.66,4285579,0
AFRM.US,D,20181130,000000,42.98,45.04,42.97,44.34,2686412,0
AFRM.US,D,20181203,000000,44.34,47.44,43.60,46.20,4596487,0
AFRM.US,D,20181203,000000,46.12,46.58,43.10,44.01,2754664,0
AFRM.US,D,20181203,000000,44.54,44.62,43.94,43.97,3802848,0
AFRM.US,D,20181204,000000,45.08,45.20,43.97,44.16,5835535,0
AFRM.US,D,20181205,000000,43.90,44.19,42.28,42.61,6033462,0
AFRM.US,D,20181206,000000,42.63,42.90,42.59,42.86,6834474,0
AFRM.US,D,20181207,000000,43.35,44.07,43.25,44.05,3549719,0
AFRM.US,D,20181210,000000,43.19,43.23,41.95,42.56,4400825,0
AFRM.US,D,20181210,000000,42.37,43.48,39.68,40.19,3487101,0
AFRM.US,D,20181210,000000,40.63,41.11,37.93,38.30,5507746,0
AFRM.US,D,20181211,000000,37.98,38.61,34.26,36.30,6014854,0
AFRM.US,D,20181212,000000,36.55,36.71,35.56,35.77,5028167,0
AFRM.US,D,20181213,000000,35.97,36.75,35.48,36.56,2839174,0
AFRM.US,D,20181214,000000,36.50,38.97,35.43,38.73,5718849,0
AFRM.US,D,20181217,000000,38.91,39.29,36.63,37.38,6804991,0
AFRM.US,D,20181217,000000,36.44,36.91,36.40,36.83,3001206,0
AFRM.US,D,20181217,000000,37.08,37.45,35.60,36.08,6956146,0
AFRM.US,D,20181218,000000,36.61,41.21,35.76,40.03,5183566,0
AFRM.US,D,20181219,000000,40.81,43.84,40.67,42.82,3632390,0
AFRM.US,D,20181220,000000,43.12,43.43,40.56,41.05,4674110,0
AFRM.US,D,20181221,000000,40.76,43.37,39.59,43.36,6806831,0
AFRM.US,D,20181224,000000,44.23,46.20,44.09,45.34,5821438,0
AFRM.US,D,20181224,000000,45.58,48.28,45.48,47.67,3264430,0
AFRM.US,D,20181224,000000,48.42,49.79,37.40,40.29,2669468,0
AFRM.US,D,20181225,000000,40.55,40.81,37.76,38.63,4610601,0
AFRM.US,D,20181226,000000,37.96,39.18,37.90,38.80,5326852,0
AFRM.US,D,20181227,000000,39.06,39.40,38.04,38.43,6348104,0
AFRM.US,D,20181228,000000,38.12,39.36,37.17,38.86,2638696,0
AFRM.US,D,20181231,000000,39.33,39.85,39.02,39.74,3645237,0
AFRM.US,D,20181231,000000,38.77,39.69,38.71,39.64,5469666,0
AFRM.US,D,20181231,000000,39.65,40.34,39.36,40.26,6650398,0
AFRM.US,D,20190101,000000,39.88,42.92,39.01,42.44,4683532,0
AFRM.US,D,20190102,000000,42.08,45.20,40.89,45.12,5059413,0
AFRM.US,D,20190103,000000,46.41,46.84,44.71,44.90,3547015,0
AFRM.US,D,20190104,000000,45.48,45.95,45.04,45.35,6684096,0
AFRM.US,D,20190107,000000,44.43,51.64,42.19,49.01,3826038,0
AFRM.US,D,20190107,000000,49.34,49.44,47.63,47.93,5649387,0
AFRM.US,D,20190107,000000,47.42,50.20,47.15,49.55,6861110,0
AFRM.US,D,20190108,000000,50.62,50.63,47.18,47.30,3392188,0
AFRM.US,D,20190109,000000,46.09,46.46,43.15,43.31,6216599,0
AFRM.US,D,20190110,000000,43.56,43.62,34.45,35.71,6639048,0
AFRM.US,D,20190111,000000,35.51,38.35,35.37,38.23,5712506,0
AFRM.US,D,20190114,000000,37.91,38.26,29.85,33.02,3050415,0
AFRM.US,D,20190114,000000,34.01,34.49,33.99,34.45,6532672,0
AFRM.US,D,20190114,000000,34.96,38.41,34.81,36.02,6309270,0
AFRM.US,D,20190115,000000,36.21,39.01,36.00,38.74,3322048,0
AFRM.US,D,20190116,000000,38.34,39.57,38.19,39.57,3532844,0
AFRM.US,D,20190117,000000,39.77,40.45,36.47,37.43,6708775,0
AFRM.US,D,20190118,000000,38.21,38.37,37.33,37.66,4425277,0
AFRM.US,D,20190121,000000,36.66,37.02,36.58,36.95,4447371,0
AFRM.US,D,20190121,000000,37.44,38.97,37.08,38.31,2756813,0
AFRM.US,D,20190121,000000,38.00,39.64,37.50,39.16,5182665,0
AFRM.US,D,20190122,000000,38.53,40.63,37.18,39.40,4525946,0
AFRM.US,D,20190123,000000,39.55,46.72,38.82,46.55,5503088,0
AFRM.US,D,20190124,000000,47.34,47.45,43.85,45.09,5442515,0
AFRM.US,D,20190125,000000,43.49,46.82,43.30,46.14,5064458,0
AFRM.US,D,20190128,000000,46.13,51.38,45.67,48.96,5615979,0
AFRM.US,D,20190128,000000,49.50,49.68,46.71,47.81,6537537,0
AFRM.US,D,20190128,000000,47.37,48.14,44.71,44.82,6409366,0
AFRM.US,D,20190129,000000,45.54,48.41,45.42,48.35,5151375,0
AFRM.US,D,20190130,000000,47.23,55.96,45.11,53.60,6561325,0
AFRM.US,D,20190131,000000,53.65,54.16,47.80,48.41,6072899,0
AFRM.US,D,20190201,000000,47.61,61.22,47.46,57.08,4825454,0
AFRM.US,D,20190204,000000,56.23,63.45,56.07,59.59,3714145,0
AFRM.US,D,20190204,000000,62.59,63.32,59.90,60.08,3711426,0
AFRM.US,D,20190204,000000,60.74,61.70,58.97,59.08,2961641,0
AFRM.US,D,20190205,000000,59.80,60.44,46.44,52.05,6283110,0
AFRM.US,D,20190206,000000,52.23,54.52,50.63,54.21,4598598,0
AFRM.US,D,20190207,000000,54.62,57.52,54.59,55.38,5340375,0
AFRM.US,D,20190208,000000,55.14,59.95,55.04,59.54,3943165,0
AFRM.US,D,20190211,000000,60.03,61.15,54.27,55.10,5185816,0
AFRM.US,D,20190211,000000,54.63,54.73,53.67,54.08,6123987,0
AFRM.US,D,20190211,000000,54.71,54.79,53.27,53.70,5750479,0
AFRM.US,D,20190212,000000,53.15,59.00,53.04,58.17,6038782,0
AFRM.US,D,20190213,000000,58.46,58.96,56.62,57.29,2802579,0
AFRM.US,D,20190214,000000,58.46,58.46,58.31,58.38,4822271,0
AFRM.US,D,20190215,000000,57.07,66.35,55.61,64.85,2952152,0
AFRM.US,D,20190218,000000,63.71,72.57,61.90,71.50,7175648,0
AFRM.US,D,20190218,000000,70.06,70.12,68.93,69.46,5127064,0
AFRM.US,D,20190218,000000,67.23,67.61,62.02,64.28,3109712,0
AFRM.US,D,20190219,000000,64.34,70.30,63.94,68.81,5131471,0
AFRM.US,D,20190220,000000,70.64,71.30,66.50,67.59,2944718,0
AFRM.US,D,20190221,000000,68.18,80.76,65.24,75.40,7220755,0
AFRM.US,D,20190222,000000,75.94,79.95,75.82,78.70,2916483,0
AFRM.US,D,20190225,000000,77.73,78.30,75.20,75.74,3418599,0
AFRM.US,D,20190225,000000,75.86,76.57,71.63,73.51,7066216,0
AFRM.US,D,20190225,000000,74.05,74.49,67.42,70.70,5313144,0
AFRM.US,D,20190226,000000,69.66,71.40,69.33,70.05,7053483,0
AFRM.US,D,20190227,000000,71.76,71.99,68.75,68.78,5327752,0
AFRM.US,D,20190228,000000,67.75,68.02,66.77,67.14,3288158,0
AFRM.US,D,20190301,000000,68.10,69.05,67.60,68.96,6108827,0
AFRM.US,D,20190304,000000,68.05,69.24,68.02,68.22,3342258,0
AFRM.US,D,20190304,000000,68.77,71.78,68.48,71.42,7499977,0
AFRM.US,D,20190304,000000,70.68,78.75,67.02,78.23,2586487,0
AFRM.US,D,20190305,000000,78.21,80.29,78.15,80.24,3629659,0
AFRM.US,D,20190306,000000,80.29,81.29,76.25,76.56,6922108,0
AFRM.US,D,20190307,000000,74.82,79.70,74.24,79.09,4200684,0
AFRM.US,D,20190308,000000,76.89,79.42,75.91,78.33,4797857,0
AFRM.US,D,20190311,000000,76.78,80.11,76.17,78.87,4722935,0
AFRM.US,D,20190311,000000,79.60,79.69,78.81,79.51,3366809,0
AFRM.US,D,20190311,000000,79.52,80.02,77.46,78.43,2741351,0
AFRM.US,D,20190312,000000,75.92,83.75,75.34,81.85,4195149,0
AFRM.US,D,20190313,000000,84.16,84.51,80.42,80.64,5384515,0
AFRM.US,D,20190314,000000,80.18,83.55,79.88,81.62,2848191,0
AFRM.US,D,20190315,000000,83.30,84.36,78.76,80.50,6677256,0
AFRM.US,D,20190318,000000,81.27,81.97,70.11,74.27,7030817,0
AFRM.US,D,20190318,000000,75.55,75.72,65.99,69.17,3423814,0
AFRM.US,D,20190318,000000,69.54,70.01,65.36,67.82,2714369,0
AFRM.US,D,20190319,000000,66.51,67.43,60.45,63.16,4455889,0
AFRM.US,D,20190320,000000,63.18,63.46,59.79,61.51,6352558,0
AFRM.US,D,20190321,000000,62.49,74.64,61.79,70.16,4669465,0
AFRM.US,D,20190322,000000,68.22,68.51,68.13,68.33,6717289,0
AFRM.US,D,20190325,000000,67.70,67.86,67.49,67.72,3219552,0
AFRM.US,D,20190325,000000,69.27,69.45,66.66,67.50,4136711,0
AFRM.US,D,20190325,000000,66.45,77.24,66.06,75.97,4620479,0
AFRM.US,D,20190326,000000,76.87,78.44,67.87,68.15,6157848,0
AFRM.US,D,20190327,000000,68.66,68.74,67.81,68.28,6723539,0
AFRM.US,D,20190328,000000,69.18,71.77,63.73,64.85,2959962,0
AFRM.US,D,20190329,000000,64.21,64.56,62.13,62.14,2923169,0
AFRM.US,D,20190401,000000,61.53,63.95,61.43,62.92,2657511,0
AFRM.US,D,20190401,000000,62.63,67.67,62.03,65.26,3061259,0
AFRM.US,D,20190401,000000,63.78,63.92,61.63,62.51,4423548,0
AFRM.US,D,20190402,000000,63.96,64.02,61.61,61.70,2779369,0
AFRM.US,D,20190403,000000,61.86,62.26,58.94,59.32,3999751,0
AFRM.US,D,20190404,000000,60.19,61.43,60.12,60.88,2842876,0
AFRM.US,D,20190405,000000,60.32,61.31,60.30,60.89,2830989,0
AFRM.US,D,20190408,000000,61.19,63.00,56.55,58.19,7097749,0
AFRM.US,D,20190408,000000,58.59,59.75,58.40,59.68,5351026,0
AFRM.US,D,20190408,000000,60.57,63.55,59.88,63.34,5450171,0
AFRM.US,D,20190409,000000,63.26,66.98,63.10,66.64,4563343,0
AFRM.US,D,20190410,000000,66.95,67.02,66.79,66.84,4371478,0
AFRM.US,D,20190411,000000,67.23,68.54,65.27,66.34,3226123,0
AFRM.US,D,20190412,000000,66.37,66.78,65.52,65.65,6257869,0
AFRM.US,D,20190415,000000,66.49,66.56,65.54,66.02,6008285,0
AFRM.US,D,20190415,000000,65.55,65.82,63.73,64.18,2938544,0
AFRM.US,D,20190415,000000,64.68,64.75,63.22,63.53,2603850,0
AFRM.US,D,20190416,000000,64.31,64.95,59.17,60.30,3009594,0
AFRM.US,D,20190417,000000,59.56,59.97,57.15,57.73,4718315,0
AFRM.US,D,20190418,000000,58.00,58.79,56.67,57.78,3968107,0
AFRM.US,D,20190419,000000,57.70,58.41,55.26,56.43,5256328,0
AFRM.US,D,20190422,000000,56.73,56.77,55.59,55.61,2683655,0
AFRM.US,D,20190422,000000,55.38,58.57,55.33,57.47,2564792,0
AFRM.US,D,20190422,000000,57.71,58.26,55.09,55.55,6733270,0
AFRM.US,D,20190423,000000,55.12,55.19,53.86,53.96,4324775,0
AFRM.US,D,20190424,000000,53.95,54.18,52.71,53.14,4371540,0
AFRM.US,D,20190425,000000,53.11,53.64,53.04,53.63,6640249,0
AFRM.US,D,20190426,000000,53.55,53.61,52.44,52.92,7487097,0
AFRM.US,D,20190429,000000,52.96,53.03,51.79,52.41,2780861,0
AFRM.US,D,20190429,000000,51.85,53.27,51.10,53.06,2563776,0
AFRM.US,D,20190429,000000,52.95,53.01,51.22,51.43,4956488,0
AFRM.US,D,20190430,000000,52.00,52.30,48.19,49.34,3736743,0
AFRM.US,D,20190501,000000,49.25,50.39,49.10,50.29,6080323,0
AFRM.US,D,20190502,000000,50.61,50.84,50.04,50.51,5769915,0
AFRM.US,D,20190503,000000,49.52,51.94,49.29,51.71,5758624,0
AFRM.US,D,20190506,000000,52.02,52.57,50.47,50.97,6709101,0
AFRM.US,D,20190506,000000,51.03,51.31,49.08,49.20,5452195,0
AFRM.US,D,20190506,000000,50.13,50.51,47.49,47.86,14601998,0
AFRM.US,D,20190507,000000,48.19,49.01,45.02,45.56,8645183,0
AFRM.US,D,20190508,000000,45.10,45.27,43.65,43.71,10868714,0
AFRM.US,D,20190509,000000,44.87,45.14,39.86,41.46,23321089,0
AFRM.US,D,20190510,000000,41.30,41.77,38.13,38.21,18433743,0
AFRM.US,D,20190513,000000,37.77,38.25,35.67,35.77,29760526,0
AFRM.US,D,20190513,000000,36.12,36.38,32.71,33.84,22688173,0
AFRM.US,D,20190513,000000,34.29,34.92,31.56,31.73,23124223,0
AFRM.US,D,20190514,000000,31.66,31.93,29.04,29.46,15197450,0
AFRM.US,D,20190515,000000,29.64,29.71,28.74,29.15,2851398,0
AFRM.US,D,20190516,000000,29.92,30.36,26.81,28.07,6561013,0
AFRM.US,D,20190517,000000,27.86,29.29,27.27,29.06,5914297,0
AFRM.US,D,20190520,000000,29.72,30.27,27.77,28.21,2589184,0
AFRM.US,D,20190520,000000,28.53,29.06,26.62,26.68,3622086,0
AFRM.US,D,20190520,000000,26.59,26.77,25.70,25.84,5261765,0
AFRM.US,D,20190521,000000,25.68,26.16,23.12,23.60,7136444,0
AFRM.US,D,20190522,000000,23.90,24.37,22.09,22.33,6091454,0
AFRM.US,D,20190523,000000,22.62,22.62,21.94,22.08,6929154,0
AFRM.US,D,20190524,000000,22.23,22.45,22.02,22.35,4781130,0
AFRM.US,D,20190527,000000,22.26,22.35,21.35,21.70,6245785,0
AFRM.US,D,20190527,000000,21.99,22.03,21.73,21.85,2735764,0
AFRM.US,D,20190527,000000,21.95,22.11,21.89,22.03,4835374,0
AFRM.US,D,20190528,000000,22.07,22.19,22.00,22.18,3613609,0
AFRM.US,D,20190529,000000,22.42,23.04,21.38,21.63,3494836,0
AFRM.US,D,20190530,000000,21.94,22.14,20.87,21.40,5636909,0
AFRM.US,D,20190531,000000,21.16,21.21,20.72,20.83,6116022,0
AFRM.US,D,20190603,000000,20.83,21.22,20.77,21.15,7035099,0
AFRM.US,D,20190603,000000,21.32,21.49,20.21,20.42,2629068,0
AFRM.US,D,20190603,000000,20.61,21.87,20.40,21.42,3026619,0
AFRM.US,D,20190604,000000,21.42,22.30,21.29,21.84,3268131,0
AFRM.US,D,20190605,000000,22.24,22.27,21.37,21.38,7188247,0
AFRM.US,D,20190606,000000,21.31,22.01,21.15,21.72,5629669,0
AFRM.US,D,20190607,000000,21.60,22.25,21.47,21.86,3411207,0
AFRM.US,D,20190610,000000,21.66,22.59,21.51,22.22,3824492,0
AFRM.US,D,20190610,000000,21.98,22.15,21.23,21.57,6740769,0
AFRM.US,D,20190610,000000,21.73,21.76,21.60,21.60,5062112,0
AFRM.US,D,20190611,000000,21.77,22.34,20.47,20.60,4124713,0
AFRM.US,D,20190612,000000,20.44,21.60,20.12,21.34,4713679,0
AFRM.US,D,20190613,000000,21.54,21.61,20.96,21.06,5720880,0
AFRM.US,D,20190614,000000,21.22,21.23,19.75,20.19,3599095,0
AFRM.US,D,20190617,000000,20.66,21.34,20.53,21.23,5984340,0
AFRM.US,D,20190617,000000,21.21,23.62,20.69,22.82,3029612,0
AFRM.US,D,20190617,000000,22.97,23.09,21.40,21.91,4896376,0
AFRM.US,D,20190618,000000,22.01,22.23,21.41,21.45,5644907,0
AFRM.US,D,20190619,000000,21.67,22.80,21.60,22.34,6980647,0
AFRM.US,D,20190620,000000,22.61,23.93,22.53,23.83,6156387,0
AFRM.US,D,20190621,000000,23.57,23.58,23.53,23.57,4211508,0
AFRM.US,D,20190624,000000,23.39,25.47,22.90,24.92,3480815,0
AFRM.US,D,20190624,000000,25.04,28.20,25.02,26.83,4061857,0
AFRM.US,D,20190624,000000,27.56,27.86,25.03,26.06,4150887,0
AFRM.US,D,20190625,000000,26.16,26.50,25.90,26.49,3799371,0
AFRM.US,D,20190626,000000,26.24,27.81,26.06,27.12,4910795,0
AFRM.US,D,20190627,000000,27.32,27.57,24.99,26.28,5947737,0
AFRM.US,D,20190628,000000,26.28,26.57,25.33,25.54,6546045,0
AFRM.US,D,20190701,000000,24.85,25.17,24.63,25.15,5901851,0
AFRM.US,D,20190701,000000,25.18,25.42,25.08,25.34,4979723,0
AFRM.US,D,20190701,000000,25.44,25.88,24.45,24.60,6999613,0
AFRM.US,D,20190702,000000,25.17,25.25,24.95,25.05,3025825,0
AFRM.US,D,20190703,000000,24.90,25.10,24.38,24.53,7280910,0
AFRM.US,D,20190704,000000,24.54,25.05,24.48,25.00,7256499,0
AFRM.US,D,20190705,000000,25.68,26.06,22.69,23.65,5525819,0
AFRM.US,D,20190708,000000,23.41,23.87,23.29,23.67,4621082,0
AFRM.US,D,20190708,000000,24.22,24.55,24.12,24.53,6208025,0
AFRM.US,D,20190708,000000,24.58,24.61,23.77,23.79,6012806,0
AFRM.US,D,20190709,000000,23.80,23.81,23.24,23.55,5775236,0
AFRM.US,D,20190710,000000,23.74,24.11,22.41,22.84,3614433,0
AFRM.US,D,20190711,000000,23.06,23.07,22.54,22.64,7286991,0
AFRM.US,D,20190712,000000,22.35,22.53,21.86,22.19,5374006,0
AFRM.US,D,20190715,000000,22.60,24.48,22.23,24.07,5777668,0
AFRM.US,D,20190715,000000,23.99,24.51,23.97,24.42,2716845,0
AFRM.US,D,20190715,000000,24.01,24.59,22.09,22.58,4427719,0
AFRM.US,D,20190716,000000,22.60,22.98,19.87,20.78,4991857,0
AFRM.US,D,20190717,000000,20.51,22.08,19.95,21.75,6066206,0
AFRM.US,D,20190718,000000,21.56,21.90,20.90,21.19,6074583,0
AFRM.US,D,20190719,000000,20.89,22.19,20.62,21.73,4286366,0
AFRM.US,D,20190722,000000,21.98,22.17,21.36,21.64,4671479,0
AFRM.US,D,20190722,000000,22.00,22.27,21.05,21.59,3886747,0
AFRM.US,D,20190722,000000,21.39,21.40,21.36,21.36,5775726,0
AFRM.US,D,20190723,000000,21.08,22.61,20.98,22.23,5102139,0
AFRM.US,D,20190724,000000,22.63,22.63,22.29,22.38,4954627,0
AFRM.US,D,20190725,000000,22.39,22.43,22.01,22.13,2610762,0
AFRM.US,D,20190726,000000,22.66,22.76,21.53,21.94,5528835,0
AFRM.US,D,20190729,000000,22.22,22.35,20.96,20.98,2803034,0
AFRM.US,D,20190729,000000,20.98,22.34,20.62,21.84,3444550,0
AFRM.US,D,20190729,000000,22.30,23.12,22.26,22.68,3192323,0
AFRM.US,D,20190730,000000,22.58,23.20,22.42,23.07,8190453,0
AFRM.US,D,20190731,000000,23.12,23.54,23.04,23.49,8650929,0
AFRM.US,D,20190801,000000,23.34,23.92,23.30,23.86,5041266,0
AFRM.US,D,20190802,000000,24.37,24.46,24.04,24.13,4429208,0
AFRM.US,D,20190805,000000,23.95,24.85,23.85,24.69,7214649,0
AFRM.US,D,20190805,000000,24.98,24.99,24.84,24.90,10490609,0
AFRM.US,D,20190805,000000,24.40,25.55,24.30,25.22,6294593,0
AFRM.US,D,20190806,000000,24.71,26.03,24.61,25.73,13262440,0
AFRM.US,D,20190807,000000,25.76,26.27,25.68,26.20,7902393,0
AFRM.US,D,20190808,000000,25.70,27.04,25.52,26.98,13822613,0
AFRM.US,D,20190809,000000,26.87,27.92,26.63,27.72,16070701,0
AFRM.US,D,20190812,000000,27.69,28.71,27.30,28.19,13885820,0
AFRM.US,D,20190812,000000,27.65,29.67,27.15,29.10,11638283,0
AFRM.US,D,20190812,000000,29.20,30.32,28.99,29.94,18034911,0
AFRM.US,D,20190813,000000,29.96,30.84,29.87,30.64,16777714,0
AFRM.US,D,20190814,000000,30.76,31.50,30.54,31.49,14568467,0
AFRM.US,D,20190815,000000,31.42,32.26,31.19,32.10,8314782,0
AFRM.US,D,20190816,000000,31.85,33.43,31.79,33.31,17074026,0
AFRM.US,D,20190819,000000,33.39,34.46,33.19,34.44,10768698,0
AFRM.US,D,20190819,000000,34.17,36.27,33.34,35.20,15567245,0
AFRM.US,D,20190819,000000,35.07,36.99,35.06,36.40,22050830,0
AFRM.US,D,20190820,000000,36.86,37.42,36.71,37.32,19638945,0
AFRM.US,D,20190821,000000,36.91,39.28,36.85,38.61,10987134,0
AFRM.US,D,20190822,000000,39.55,40.61,39.45,40.09,15056763,0
AFRM.US,D,20190823,000000,40.73,41.64,40.61,41.39,17987888,0
AFRM.US,D,20190826,000000,41.19,43.46,41.16,42.90,19297474,0
AFRM.US,D,20190826,000000,42.28,44.78,42.07,44.44,9512769,0
AFRM.US,D,20190826,000000,43.82,47.39,43.74,46.31,19644066,0
AFRM.US,D,20190827,000000,46.08,47.19,45.80,46.91,4161561,0
AFRM.US,D,20190828,000000,47.60,47.83,47.05,47.26,5896248,0
AFRM.US,D,20190829,000000,46.81,47.15,44.64,45.25,6316000,0
AFRM.US,D,20190830,000000,44.42,44.47,44.25,44.30,3171262,0
AFRM.US,D,20190902,000000,45.30,45.81,44.27,44.99,4491313,0
AFRM.US,D,20190902,000000,45.83,46.65,41.93,42.60,2567747,0
AFRM.US,D,20190902,000000,41.45,45.65,39.53,44.83,2764804,0
AFRM.US,D,20190903,000000,45.76,46.64,42.90,44.45,3789388,0
AFRM.US,D,20190904,000000,42.96,50.67,41.08,49.11,7324524,0
AFRM.US,D,20190905,000000,50.16,50.93,43.05,45.05,3130670,0
AFRM.US,D,20190906,000000,45.96,46.29,43.41,43.85,5697031,0
AFRM.US,D,20190909,000000,42.96,48.80,42.19,48.52,6717610,0
AFRM.US,D,20190909,000000,48.55,56.17,47.89,53.69,4465326,0
AFRM.US,D,20190909,000000,54.73,59.75,54.59,58.34,3628555,0
AFRM.US,D,20190910,000000,58.64,65.12,58.30,63.75,2523483,0
AFRM.US,D,20190911,000000,63.22,63.26,62.68,62.73,6765662,0
AFRM.US,D,20190912,000000,64.25,66.70,58.28,58.33,4662397,0
AFRM.US,D,20190913,000000,59.55,63.42,58.93,61.91,7475297,0
AFRM.US,D,20190916,000000,61.08,61.84,60.30,60.84,3401712,0
AFRM.US,D,20190916,000000,59.29,60.88,48.37,52.17,4325509,0
AFRM.US,D,20190916,000000,52.15,52.70,52.02,52.55,5706591,0
AFRM.US,D,20190917,000000,53.35,55.76,47.70,48.70,6872692,0
AFRM.US,D,20190918,000000,47.81,52.84,46.33,52.73,2665082,0
AFRM.US,D,20190919,000000,51.43,53.28,48.10,49.10,6931313,0
AFRM.US,D,20190920,000000,49.71,50.24,45.68,47.30,5305477,0
AFRM.US,D,20190923,000000,46.81,47.53,41.98,42.10,5130756,0
AFRM.US,D,20190923,000000,42.30,44.75,42.05,43.44,4902593,0
AFRM.US,D,20190923,000000,42.81,43.52,38.54,39.34,3915144,0
AFRM.US,D,20190924,000000,38.59,40.35,38.53,39.51,4923154,0
AFRM.US,D,20190925,000000,39.79,41.35,37.98,38.05,2531625,0
AFRM.US,D,20190926,000000,36.76,42.67,36.27,41.19,7358733,0
AFRM.US,D,20190927,000000,41.32,41.61,38.93,39.30,7213532,0
AFRM.US,D,20190930,000000,38.24,38.54,37.06,37.15,5795569,0
AFRM.US,D,20190930,000000,36.68,38.38,35.90,38.06,6824030,0
AFRM.US,D,20190930,000000,37.43,48.52,36.96,44.30,5789081,0
AFRM.US,D,20191001,000000,43.52,50.16,42.46,46.69,7228815,0
AFRM.US,D,20191002,000000,45.00,51.14,44.29,48.21,5075966,0
AFRM.US,D,20191003,000000,48.66,48.99,47.96,48.10,4682019,0
AFRM.US,D,20191004,000000,47.18,47.18,46.41,46.83,4272511,0
AFRM.US,D,20191007,000000,47.40,53.52,47.21,52.62,2826990,0
AFRM.US,D,20191007,000000,52.46,52.78,48.41,50.01,5090013,0
AFRM.US,D,20191007,000000,50.95,57.48,50.50,56.33,3692793,0
AFRM.US,D,20191008,000000,57.06,59.53,53.32,53.92,5327503,0
AFRM.US,D,20191009,000000,54.55,54.81,54.04,54.24,6303312,0
AFRM.US,D,20191010,000000,54.40,55.18,49.07,51.17,3855344,0
AFRM.US,D,20191011,000000,52.01,52.34,47.47,49.11,4514860,0
AFRM.US,D,20191014,000000,49.99,50.12,48.61,49.22,6267036,0
AFRM.US,D,20191014,000000,48.81,49.99,45.96,46.53,5894492,0
AFRM.US,D,20191014,000000,48.17,51.48,48.17,51.14,6203465,0
AFRM.US,D,20191015,000000,53.09,53.28,52.33,52.81,6383476,0
AFRM.US,D,20191016,000000,53.14,53.60,50.71,52.64,5754585,0
AFRM.US,D,20191017,000000,54.70,56.92,54.61,56.51,5454748,0
AFRM.US,D,20191018,000000,56.10,56.27,54.59,55.38,6435365,0
AFRM.US,D,20191021,000000,53.47,58.86,52.00,56.53,4241350,0
AFRM.US,D,20191021,000000,56.55,59.09,47.72,51.83,3970802,0
AFRM.US,D,20191021,000000,51.10,53.13,50.94,53.09,6519735,0
AFRM.US,D,20191022,000000,51.31,61.00,47.19,56.77,4690240,0
AFRM.US,D,20191023,000000,56.09,63.01,55.73,61.78,7155996,0
AFRM.US,D,20191024,000000,62.84,68.85,61.80,66.73,4813595,0
AFRM.US,D,20191025,000000,67.78,69.28,54.49,58.63,4616181,0
AFRM.US,D,20191028,000000,59.29,59.33,56.41,57.43,3085910,0
AFRM.US,D,20191028,000000,58.09,59.17,57.76,59.01,3013101,0
AFRM.US,D,20191028,000000,58.95,59.90,54.71,55.32,3090453,0
AFRM.US,D,20191029,000000,55.75,57.51,45.12,49.33,4322375,0
AFRM.US,D,20191030,000000,50.37,54.03,49.73,53.83,7065000,0
AFRM.US,D,20191031,000000,53.74,56.31,52.85,56.31,4912913,0
AFRM.US,D,20191101,000000,56.34,57.39,50.43,50.43,6154330,0
AFRM.US,D,20191104,000000,52.10,54.24,45.66,47.17,2629682,0
AFRM.US,D,20191104,000000,47.68,47.78,47.08,47.53,4273246,0
AFRM.US,D,20191104,000000,49.03,49.85,49.01,49.61,2712880,0
AFRM.US,D,20191105,000000,48.45,48.69,45.51,45.88,5225535,0
AFRM.US,D,20191106,000000,46.50,46.61,46.02,46.10,6221178,0
AFRM.US,D,20191107,000000,45.43,48.99,44.65,48.13,4889886,0
AFRM.US,D,20191108,000000,48.12,51.70,46.66,51.50,5109151,0
AFRM.US,D,20191111,000000,51.98,52.68,50.71,51.40,6755505,0
AFRM.US,D,20191111,000000,51.19,55.76,49.37,54.54,2989512,0
AFRM.US,D,20191111,000000,53.89,55.15,52.79,54.50,4365401,0
AFRM.US,D,20191112,000000,57.13,58.98,49.78,50.03,5226075,0
AFRM.US,D,20191113,000000,49.15,51.61,48.25,50.89,5246895,0
AFRM.US,D,20191114,000000,52.36,52.43,48.41,49.06,6644486,0
AFRM.US,D,20191115,000000,49.23,50.75,40.36,43.20,6999920,0
AFRM.US,D,20191118,000000,43.39,46.12,43.14,45.26,5438102,0
AFRM.US,D,20191118,000000,45.62,45.95,43.83,44.45,2702553,0
AFRM.US,D,20191118,000000,46.12,46.27,40.39,40.72,3835569,0
AFRM.US,D,20191119,000000,41.40,42.79,41.35,42.56,2594570,0
AFRM.US,D,20191120,000000,44.23,45.60,44.01,45.53,5921738,0
AFRM.US,D,20191121,000000,45.49,46.22,44.82,44.85,6532634,0
AFRM.US,D,20191122,000000,44.62,52.56,43.32,49.74,7417571,0
AFRM.US,D,20191125,000000,48.96,50.84,48.87,50.02,4767997,0
AFRM.US,D,20191125,000000,50.68,51.27,29.41,36.48,6281347,0
AFRM.US,D,20191125,000000,37.02,37.49,30.92,30.95,6695472,0
AFRM.US,D,20191126,000000,30.71,36.20,30.55,36.09,6367059,0
AFRM.US,D,20191127,000000,36.39,39.17,35.68,39.10,6953961,0
AFRM.US,D,20191128,000000,38.75,42.45,38.14,40.80,3822469,0
AFRM.US,D,20191129,000000,41.00,41.06,37.08,38.42,3949426,0
AFRM.US,D,20191202,000000,37.78,38.58,34.99,35.87,5040155,0
AFRM.US,D,20191202,000000,35.90,37.27,32.99,33.45,5523873,0
AFRM.US,D,20191202,000000,33.26,34.71,32.53,34.36,4982391,0
AFRM.US,D,20191203,000000,34.57,35.00,30.72,32.15,6467042,0
AFRM.US,D,20191204,000000,32.20,33.86,31.63,33.76,4963076,0
AFRM.US,D,20191205,000000,33.09,35.07,32.38,34.99,5807774,0
AFRM.US,D,20191206,000000,35.64,36.27,33.52,34.20,3604397,0
AFRM.US,D,20191209,000000,34.03,36.34,33.78,35.47,6805018,0
AFRM.US,D,20191209,000000,35.20,35.40,34.34,34.61,4913107,0
AFRM.US,D,20191209,000000,34.93,34.97,34.35,34.52,3885027,0
AFRM.US,D,20191210,000000,34.21,34.36,33.54,33.66,4520448,0
AFRM.US,D,20191211,000000,34.22,40.35,33.78,40.05,6059279,0
AFRM.US,D,20191212,000000,40.68,41.99,38.84,41.30,2843988,0
AFRM.US,D,20191213,000000,41.36,43.55,41.21,42.36,4694403,0
AFRM.US,D,20191216,000000,42.75,43.04,41.37,41.52,4107487,0
AFRM.US,D,20191216,000000,42.24,45.88,41.58,45.01,6277622,0
AFRM.US,D,20191216,000000,45.46,45.60,45.43,45.57,3878661,0
AFRM.US,D,20191217,000000,46.07,46.08,43.59,43.68,2673332,0
AFRM.US,D,20191218,000000,43.16,45.03,42.59,44.78,6599896,0
AFRM.US,D,20191219,000000,45.61,46.18,43.03,43.31,5799987,0
AFRM.US,D,20191220,000000,43.53,45.16,43.13,44.79,7097471,0
AFRM.US,D,20191223,000000,44.25,44.56,44.14,44.41,4614337,0
AFRM.US,D,20191223,000000,43.70,44.39,43.32,44.29,7254716,0
AFRM.US,D,20191223,000000,44.46,44.57,44.02,44.08,5106714,0
AFRM.US,D,20191224,000000,43.20,44.30,42.95,44.03,6936701,0
AFRM.US,D,20191225,000000,43.79,43.91,43.09,43.50,3725099,0
AFRM.US,D,20191226,000000,43.90,45.26,43.69,45.12,7157419,0
AFRM.US,D,20191227,000000,46.17,46.68,44.30,44.88,4115742,0
AFRM.US,D,20191230,000000,44.66,44.81,44.00,44.36,6770627,0
AFRM.US,D,20191230,000000,44.33,45.89,44.22,45.79,5737067,0
AFRM.US,D,20191230,000000,45.32,48.38,44.81,47.77,5355821,0
AFRM.US,D,20191231,000000,47.07,51.66,46.86,51.29,4249250,0
AFRM.US,D,20200101,000000,51.82,52.39,48.74,48.82,5362619,0
AFRM.US,D,20200102,000000,49.27,49.55,47.92,48.20,4783532,0
AFRM.US,D,20200103,000000,48.02,48.37,45.93,46.97,2589031,0
AFRM.US,D,20200106,000000,47.21,47.73,44.61,44.82,4654482,0
AFRM.US,D,20200106,000000,45.34,45.52,42.37,42.47,5326538,0
AFRM.US,D,20200106,000000,42.03,45.26,41.09,44.31,7178543,0
AFRM.US,D,20200107,000000,44.34,44.75,42.33,42.58,3541708,0
AFRM.US,D,20200108,000000,43.01,43.46,42.86,43.34,4147303,0
AFRM.US,D,20200109,000000,43.07,43.35,43.03,43.29,5241586,0
AFRM.US,D,20200110,000000,44.53,46.93,44.33,45.52,5154611,0
AFRM.US,D,20200113,000000,46.08,46.15,45.03,45.54,7276800,0
AFRM.US,D,20200113,000000,45.49,46.44,40.70,41.83,2960827,0
AFRM.US,D,20200113,000000,40.91,41.62,40.89,41.49,6743330,0
AFRM.US,D,20200114,000000,41.01,41.32,40.82,41.18,5200347,0
AFRM.US,D,20200115,000000,41.32,42.10,38.08,39.32,3167753,0
AFRM.US,D,20200116,000000,39.11,39.88,39.00,39.81,5394010,0
AFRM.US,D,20200117,000000,39.95,40.01,39.32,39.51,4219765,0
AFRM.US,D,20200120,000000,37.93,38.18,33.55,34.52,4531677,0
AFRM.US,D,20200120,000000,34.09,34.84,27.08,28.54,3698598,0
AFRM.US,D,20200120,000000,28.65,32.71,28.13,31.59,4949437,0
AFRM.US,D,20200121,000000,31.39,33.11,31.29,32.51,6732463,0
AFRM.US,D,20200122,000000,32.38,33.94,32.20,33.61,4681263,0
AFRM.US,D,20200123,000000,33.76,34.78,33.62,34.63,2864572,0
AFRM.US,D,20200124,000000,34.32,35.64,33.90,35.16,3132248,0
AFRM.US,D,20200127,000000,35.47,36.10,33.71,34.05,3322154,0
AFRM.US,D,20200127,000000,33.70,34.00,30.55,31.47,3340782,0
AFRM.US,D,20200127,000000,31.77,32.17,29.97,30.48,5517912,0
AFRM.US,D,20200128,000000,31.31,31.87,29.79,29.99,6372974,0
AFRM.US,D,20200129,000000,29.38,30.14,29.33,29.93,2512314,0
AFRM.US,D,20200130,000000,29.76,32.93,28.08,32.39,3903531,0
AFRM.US,D,20200131,000000,31.48,33.11,31.08,32.52,3868897,0
AFRM.US,D,20200203,000000,32.71,35.58,32.24,35.35,3497869,0
AFRM.US,D,20200203,000000,34.83,35.50,28.85,31.93,2930655,0
AFRM.US,D,20200203,000000,31.50,36.82,30.05,33.93,4769217,0
AFRM.US,D,20200204,000000,33.48,34.10,32.03,32.31,6119163,0
AFRM.US,D,20200205,000000,30.92,33.92,29.76,33.90,6814830,0
AFRM.US,D,20200206,000000,34.31,35.52,33.06,34.67,3546960,0
AFRM.US,D,20200207,000000,35.00,37.25,34.08,36.67,6897576,0
AFRM.US,D,20200210,000000,37.04,37.33,34.83,34.95,4947257,0
AFRM.US,D,20200210,000000,34.93,35.79,32.29,33.07,3893986,0
AFRM.US,D,20200210,000000,33.08,34.46,32.62,33.83,6041009,0
AFRM.US,D,20200211,000000,34.25,36.57,34.08,35.82,6314719,0
AFRM.US,D,20200212,000000,33.99,37.77,33.73,37.25,4520187,0
AFRM.US,D,20200213,000000,37.69,37.94,35.70,35.85,4534704,0
AFRM.US,D,20200214,000000,35.57,38.68,34.87,38.53,4958481,0
AFRM.US,D,20200217,000000,38.33,39.22,34.33,34.95,3620668,0
AFRM.US,D,20200217,000000,34.84,34.90,32.35,33.49,6672491,0
AFRM.US,D,20200217,000000,33.04,35.34,32.61,34.82,3616753,0
AFRM.US,D,20200218,000000,34.66,41.40,33.64,38.78,2729525,0
AFRM.US,D,20200219,000000,38.28,39.58,38.06,39.27,3257999,0
AFRM.US,D,20200220,000000,39.93,44.13,39.26,43.99,3068437,0
AFRM.US,D,20200221,000000,43.57,44.60,43.37,44.55,2890819,0
AFRM.US,D,20200224,000000,45.62,47.19,44.69,46.47,6897217,0
AFRM.US,D,20200224,000000,46.47,48.38,40.86,41.60,6343285,0
AFRM.US,D,20200224,000000,41.90,42.69,36.68,37.16,5020515,0
AFRM.US,D,20200225,000000,38.34,38.82,34.49,35.68,6780447,0
AFRM.US,D,20200226,000000,35.90,37.09,28.81,31.11,4680469,0
AFRM.US,D,20200227,000000,30.43,30.81,29.03,29.86,7469114,0
AFRM.US,D,20200228,000000,29.92,29.93,29.86,29.87,5124425,0
AFRM.US,D,20200302,000000,30.51,30.61,29.63,29.76,5565443,0
AFRM.US,D,20200302,000000,30.05,30.16,27.92,28.17,6339870,0
AFRM.US,D,20200302,000000,28.57,28.83,27.44,28.05,6655450,0
AFRM.US,D,20200303,000000,27.84,28.36,23.31,24.39,6461989,0
AFRM.US,D,20200304,000000,25.30,26.53,25.01,26.38,4798894,0
AFRM.US,D,20200305,000000,25.98,27.19,25.83,26.42,3522774,0
AFRM.US,D,20200306,000000,26.01,26.31,23.91,24.08,6886817,0
AFRM.US,D,20200309,000000,23.39,26.75,23.18,26.46,5904608,0
AFRM.US,D,20200309,000000,26.73,28.06,26.49,27.65,3279988,0
AFRM.US,D,20200309,000000,28.01,29.66,27.95,29.37,4533581,0
AFRM.US,D,20200310,000000,30.17,32.01,30.10,31.95,6069707,0
AFRM.US,D,20200311,000000,31.83,34.20,31.38,33.21,4453863,0
AFRM.US,D,20200312,000000,32.85,35.84,32.72,34.49,4046411,0
AFRM.US,D,20200313,000000,35.95,36.85,33.76,34.01,5044443,0
AFRM.US,D,20200316,000000,33.40,40.27,33.01,38.12,5403098,0
AFRM.US,D,20200316,000000,37.87,38.08,34.87,35.20,6912716,0
AFRM.US,D,20200316,000000,33.89,39.27,33.67,38.83,3169437,0
AFRM.US,D,20200317,000000,39.68,41.63,39.14,40.88,6958129,0
AFRM.US,D,20200318,000000,41.38,41.82,40.33,40.68,4395841,0
AFRM.US,D,20200319,000000,40.14,40.55,40.13,40.44,5724884,0
AFRM.US,D,20200320,000000,42.92,46.04,42.67,44.88,4509340,0
AFRM.US,D,20200323,000000,45.25,46.32,41.05,42.45,6376555,0
AFRM.US,D,20200323,000000,41.57,41.72,41.51,41.67,3645532,0
AFRM.US,D,20200323,000000,43.58,45.36,38.68,39.84,3333112,0
AFRM.US,D,20200324,000000,40.45,40.83,40.37,40.77,5015371,0
AFRM.US,D,20200325,000000,40.68,42.73,39.32,42.07,4450824,0
AFRM.US,D,20200326,000000,43.29,43.80,42.99,43.40,4773279,0
AFRM.US,D,20200327,000000,42.87,44.39,42.71,44.01,6152880,0
AFRM.US,D,20200330,000000,43.41,43.64,42.59,42.92,5246287,0
AFRM.US,D,20200330,000000,42.40,47.80,42.08,45.06,5926156,0
AFRM.US,D,20200330,000000,43.54,44.25,38.64,39.77,5459750,0
AFRM.US,D,20200331,000000,39.98,40.36,39.21,39.92,3437474,0
AFRM.US,D,20200401,000000,40.33,42.89,39.67,42.25,7180389,0
AFRM.US,D,20200402,000000,42.92,42.99,39.60,39.97,6197303,0
AFRM.US,D,20200403,000000,40.67,40.87,38.64,38.98,7214406,0
AFRM.US,D,20200406,000000,37.63,37.81,35.66,36.36,3977048,0
AFRM.US,D,20200406,000000,35.38,42.04,34.84,40.71,4389943,0
AFRM.US,D,20200406,000000,40.16,42.42,40.00,41.36,4152374,0
AFRM.US,D,20200407,000000,41.28,43.05,41.18,42.57,6147315,0
AFRM.US,D,20200408,000000,42.69,42.75,40.62,41.21,7169228,0
AFRM.US,D,20200409,000000,42.96,42.97,38.34,40.51,5369082,0
AFRM.US,D,20200410,000000,40.08,40.18,39.40,39.47,7272753,0
AFRM.US,D,20200413,000000,40.22,40.47,37.59,37.80,4143685,0
AFRM.US,D,20200413,000000,38.10,39.22,37.99,38.76,4723135,0
AFRM.US,D,20200413,000000,39.14,39.21,38.51,38.82,5865985,0
AFRM.US,D,20200414,000000,37.12,38.83,36.51,38.57,6576402,0
AFRM.US,D,20200415,000000,40.19,41.30,30.72,31.46,2523477,0
AFRM.US,D,20200416,000000,30.00,32.77,29.88,32.03,6051104,0
AFRM.US,D,20200417,000000,31.29,35.64,30.65,34.10,4757670,0
AFRM.US,D,20200420,000000,33.52,33.82,29.87,30.63,6125074,0
AFRM.US,D,20200420,000000,31.34,31.36,25.93,26.67,5215891,0
AFRM.US,D,20200420,000000,26.88,26.96,22.89,24.42,6251629,0
AFRM.US,D,20200421,000000,24.93,25.02,24.36,24.43,3624756,0
AFRM.US,D,20200422,000000,24.73,24.94,19.64,21.53,6733774,0
AFRM.US,D,20200423,000000,21.37,21.44,19.96,20.62,6267009,0
AFRM.US,D,20200424,000000,19.09,19.58,19.01,19.47,3146788,0
AFRM.US,D,20200427,000000,20.05,21.75,19.82,21.14,4648390,0
AFRM.US,D,20200427,000000,21.25,21.46,19.29,20.28,5763652,0
AFRM.US,D,20200427,000000,20.25,24.31,19.51,22.61,5751672,0
AFRM.US,D,20200428,000000,23.09,23.79,22.98,23.67,6458212,0
AFRM.US,D,20200429,000000,22.58,23.55,22.49,23.22,3519787,0
AFRM.US,D,20200430,000000,22.91,23.42,21.35,21.59,5967918,0
AFRM.US,D,20200501,000000,21.73,22.14,21.71,22.03,5925269,0
AFRM.US,D,20200504,000000,22.94,23.62,22.75,23.62,7307522,0
AFRM.US,D,20200504,000000,23.49,24.12,21.41,21.45,6918679,0
AFRM.US,D,20200504,000000,21.41,22.41,20.07,20.12,5524402,0
AFRM.US,D,20200505,000000,20.09,20.12,17.42,18.23,6744227,0
AFRM.US,D,20200506,000000,18.41,18.46,17.53,17.54,4664879,0
AFRM.US,D,20200507,000000,17.65,19.44,17.09,18.89,6417937,0
AFRM.US,D,20200508,000000,19.29,19.78,18.31,18.36,4399759,0
AFRM.US,D,20200511,000000,17.99,19.15,17.81,18.74,2637930,0
AFRM.US,D,20200511,000000,18.69,18.95,18.69,18.92,7058416,0
AFRM.US,D,20200511,000000,19.17,20.41,18.78,20.12,6628917,0
AFRM.US,D,20200512,000000,20.27,20.44,19.26,19.77,5257296,0
AFRM.US,D,20200513,000000,19.29,19.69,19.22,19.45,6348412,0
AFRM.US,D,20200514,000000,19.84,20.02,19.49,19.97,5938564,0
AFRM.US,D,20200515,000000,19.94,21.47,19.53,21.15,4251722,0
AFRM.US,D,20200518,000000,21.44,21.77,21.15,21.74,3245882,0
AFRM.US,D,20200518,000000,21.86,22.39,19.65,20.31,3393533,0
AFRM.US,D,20200518,000000,20.24,20.29,19.52,19.79,7014093,0
AFRM.US,D,20200519,000000,20.80,21.12,20.79,21.09,4699048,0
AFRM.US,D,20200520,000000,20.96,21.60,17.77,18.45,4259565,0
AFRM.US,D,20200521,000000,17.95,18.31,16.19,16.92,3782242,0
AFRM.US,D,20200522,000000,16.76,17.58,16.64,17.11,4053638,0
AFRM.US,D,20200525,000000,17.21,18.46,16.84,18.28,4212561,0
AFRM.US,D,20200525,000000,18.89,20.08,16.43,16.93,5590839,0
AFRM.US,D,20200525,000000,17.14,17.29,14.61,15.34,2812955,0
AFRM.US,D,20200526,000000,14.98,15.80,14.92,15.64,6097266,0
AFRM.US,D,20200527,000000,15.69,16.16,14.32,14.85,6254685,0
AFRM.US,D,20200528,000000,14.61,14.94,14.50,14.64,4510923,0
AFRM.US,D,20200529,000000,14.81,14.84,14.62,14.70,6231344,0
AFRM.US,D,20200601,000000,14.56,16.02,14.30,15.91,3284951,0
AFRM.US,D,20200601,000000,16.06,16.12,15.80,15.83,3793391,0
AFRM.US,D,20200601,000000,16.07,16.70,15.96,16.56,5568860,0
AFRM.US,D,20200602,000000,16.35,18.39,15.64,18.20,2546403,0
AFRM.US,D,20200603,000000,18.46,21.20,18.25,20.10,3985292,0
AFRM.US,D,20200604,000000,20.31,21.60,20.14,21.39,6093469,0
AFRM.US,D,20200605,000000,21.22,21.44,20.52,20.72,7190102,0
AFRM.US,D,20200608,000000,20.62,21.56,20.23,21.20,4223202,0
AFRM.US,D,20200608,000000,21.19,21.74,21.09,21.56,4830662,0
AFRM.US,D,20200608,000000,21.63,21.74,21.30,21.36,3826100,0
AFRM.US,D,20200609,000000,21.45,23.31,21.34,22.59,4740208,0
AFRM.US,D,20200610,000000,22.49,25.16,22.36,24.12,3478115,0
AFRM.US,D,20200611,000000,24.35,25.85,24.31,25.45,7470030,0
AFRM.US,D,20200612,000000,26.41,26.74,26.36,26.65,4620797,0
AFRM.US,D,20200615,000000,25.81,31.98,25.38,29.72,7329515,0
AFRM.US,D,20200615,000000,30.63,31.01,29.56,29.90,3824157,0
AFRM.US,D,20200615,000000,29.37,32.14,29.31,31.60,2972229,0
AFRM.US,D,20200616,000000,32.18,32.25,31.74,31.77,5000091,0
AFRM.US,D,20200617,000000,30.90,37.63,29.52,35.19,5644151,0
AFRM.US,D,20200618,000000,35.48,37.35,35.02,37.06,4082209,0
AFRM.US,D,20200619,000000,36.85,40.00,36.61,38.82,4414954,0
AFRM.US,D,20200622,000000,39.57,39.76,31.11,33.20,3986969,0
AFRM.US,D,20200622,000000,33.14,33.42,30.61,31.30,3600469,0
AFRM.US,D,20200622,000000,32.04,33.55,28.20,29.30,3800330,0
AFRM.US,D,20200623,000000,29.00,29.66,25.73,25.83,3812162,0
AFRM.US,D,20200624,000000,24.81,30.63,24.50,28.83,6746928,0
AFRM.US,D,20200625,000000,27.90,32.51,27.28,31.58,4927315,0
AFRM.US,D,20200626,000000,31.43,32.32,29.87,30.63,4567637,0
AFRM.US,D,20200629,000000,30.76,31.29,30.76,31.13,4150970,0
AFRM.US,D,20200629,000000,31.57,31.76,31.00,31.26,7147261,0
AFRM.US,D,20200629,000000,29.97,30.18,29.52,29.67,4657875,0
AFRM.US,D,20200630,000000,29.27,30.37,23.65,25.56,4254610,0
AFRM.US,D,20200701,000000,24.65,26.37,24.41,25.76,4712954,0
