<TICKER>,<PER>,<DATE>,<TIME>,<OPEN>,<HIGH>,<LOW>,<CLOSE>,<VOL>,<OPENINT>
AMAT.US,D,20180102,000000,159.74,163.87,158.66,162.39,4755254,0
AMAT.US,D,20180103,000000,161.96,162.00,160.05,160.49,3167073,0
AMAT.US,D,20180104,000000,161.77,161.81,159.39,160.18,2714740,0
AMAT.US,D,20180105,000000,159.78,160.19,157.69,157.93,2056349,0
AMAT.US,D,20180108,000000,158.72,161.76,158.44,161.22,2255071,0
AMAT.US,D,20180108,000000,161.07,166.17,161.00,164.90,3591465,0
AMAT.US,D,20180108,000000,165.98,167.78,165.41,167.15,3629976,0
AMAT.US,D,20180109,000000,167.42,167.69,166.09,166.33,5054681,0
AMAT.US,D,20180110,000000,165.09,165.53,162.79,163.49,5227239,0
AMAT.US,D,20180111,000000,163.42,169.47,161.01,168.47,4272570,0
AMAT.US,D,20180112,000000,168.43,171.79,167.95,170.87,2586854,0
AMAT.US,D,20180115,000000,170.37,171.02,163.34,164.04,3486144,0
AMAT.US,D,20180115,000000,165.04,168.12,164.20,167.99,5721951,0
AMAT.US,D,20180115,000000,167.75,168.11,164.27,164.52,2537936,0
AMAT.US,D,20180116,000000,165.21,165.52,163.70,164.19,4427149,0
AMAT.US,D,20180117,000000,162.03,165.99,160.13,165.46,4143147,0
AMAT.US,D,20180118,000000,165.28,165.70,162.47,163.57,4466320,0
AMAT.US,D,20180119,000000,162.73,163.14,162.35,162.66,5774389,0
AMAT.US,D,20180122,000000,160.18,164.78,160.15,163.86,5069754,0
AMAT.US,D,20180122,000000,162.48,170.61,162.42,168.49,2821671,0
AMAT.US,D,20180122,000000,168.03,168.11,161.96,163.06,3833149,0
AMAT.US,D,20180123,000000,166.12,173.07,165.56,170.94,4148524,0
AMAT.US,D,20180124,000000,171.73,179.95,170.50,177.26,3296879,0
AMAT.US,D,20180125,000000,177.28,178.10,170.78,170.79,5277002,0
AMAT.US,D,20180126,000000,169.39,169.77,166.07,168.12,2225529,0
AMAT.US,D,20180129,000000,169.07,169.57,168.81,169.12,5879007,0
AMAT.US,D,20180129,000000,170.96,179.82,170.30,179.45,5734074,0
AMAT.US,D,20180129,000000,180.76,181.17,180.72,181.08,5195600,0
AMAT.US,D,20180130,000000,183.51,189.65,183.26,187.76,5181922,0
AMAT.US,D,20180131,000000,181.94,187.23,181.56,185.37,4195153,0
AMAT.US,D,20180201,000000,187.63,187.65,186.62,186.93,4539903,0
AMAT.US,D,20180202,000000,187.19,187.99,179.22,179.27,3242250,0
AMAT.US,D,20180205,000000,180.15,181.84,180.01,180.68,4027226,0
AMAT.US,D,20180205,000000,181.93,206.74,178.83,197.24,4622565,0
AMAT.US,D,20180205,000000,196.88,207.80,194.88,205.25,5312015,0
AMAT.US,D,20180206,000000,206.59,209.93,189.16,189.79,3017291,0
AMAT.US,D,20180207,000000,191.86,199.60,190.04,199.56,3409470,0
AMAT.US,D,20180208,000000,197.85,198.72,196.95,197.07,5461453,0
AMAT.US,D,20180209,000000,200.19,201.57,185.46,185.79,4095315,0
AMAT.US,D,20180212,000000,183.12,192.97,179.65,192.43,2871803,0
AMAT.US,D,20180212,000000,189.15,189.31,187.84,188.88,3535466,0
AMAT.US,D,20180212,000000,188.83,194.74,188.44,193.94,3775749,0
AMAT.US,D,20180213,000000,193.80,195.08,185.82,191.21,2285939,0
AMAT.US,D,20180214,000000,192.58,194.90,184.89,185.97,5691639,0
AMAT.US,D,20180215,000000,188.18,188.65,177.33,182.86,5092650,0
AMAT.US,D,20180216,000000,174.22,197.66,172.06,194.36,2470696,0
AMAT.US,D,20180219,000000,197.80,198.34,194.00,194.21,5710797,0
AMAT.US,D,20180219,000000,194.65,194.67,194.09,194.11,2871973,0
AMAT.US,D,20180219,000000,190.49,192.85,179.79,183.86,3002514,0
AMAT.US,D,20180220,000000,183.78,184.32,182.48,183.14,2393037,0
AMAT.US,D,20180221,000000,182.28,187.20,173.74,175.76,2958407,0
AMAT.US,D,20180222,000000,175.46,177.86,175.14,177.47,5873382,0
AMAT.US,D,20180223,000000,176.66,183.57,157.89,163.81,2984825,0
AMAT.US,D,20180226,000000,159.89,166.33,157.38,164.95,3533328,0
AMAT.US,D,20180226,000000,166.57,168.69,166.24,168.22,5692135,0
AMAT.US,D,20180226,000000,168.24,208.10,151.94,196.74,2313312,0
AMAT.US,D,20180227,000000,193.16,224.52,190.83,212.43,2597867,0
AMAT.US,D,20180228,000000,208.67,209.71,208.58,209.50,2050494,0
AMAT.US,D,20180301,000000,208.02,238.01,203.35,229.23,2751204,0
AMAT.US,D,20180302,000000,232.73,237.95,215.42,222.94,5668555,0
AMAT.US,D,20180305,000000,215.11,247.68,207.81,242.29,4316066,0
AMAT.US,D,20180305,000000,245.02,245.30,243.75,243.88,5855358,0
AMAT.US,D,20180305,000000,246.18,246.20,243.98,244.03,4433353,0
AMAT.US,D,20180306,000000,248.55,250.93,227.59,233.71,2750365,0
AMAT.US,D,20180307,000000,234.28,246.46,228.50,242.11,3863081,0
AMAT.US,D,20180308,000000,231.80,248.72,227.33,245.21,2994911,0
AMAT.US,D,20180309,000000,242.58,245.58,242.34,243.86,5240098,0
AMAT.US,D,20180312,000000,241.64,249.96,239.66,249.72,5310240,0
AMAT.US,D,20180312,000000,256.66,258.03,256.23,257.15,2943475,0
AMAT.US,D,20180312,000000,257.65,273.42,257.30,270.82,4076495,0
AMAT.US,D,20180313,000000,274.30,304.17,273.25,300.67,2080237,0
AMAT.US,D,20180314,000000,309.00,315.95,306.20,314.28,5078539,0
AMAT.US,D,20180315,000000,316.78,317.51,297.68,300.09,2900786,0
AMAT.US,D,20180316,000000,297.72,298.85,284.49,288.30,2520921,0
AMAT.US,D,20180319,000000,284.94,286.03,279.76,283.48,5204525,0
AMAT.US,D,20180319,000000,284.84,290.42,283.19,287.74,3192218,0
AMAT.US,D,20180319,000000,286.61,287.12,282.65,284.85,4496074,0
AMAT.US,D,20180320,000000,283.94,314.30,274.37,313.78,3207358,0
AMAT.US,D,20180321,000000,313.10,316.30,311.61,314.50,5277080,0
AMAT.US,D,20180322,000000,320.87,339.68,319.72,331.46,4403181,0
AMAT.US,D,20180323,000000,332.45,338.60,295.51,298.54,3165642,0
AMAT.US,D,20180326,000000,297.28,299.96,288.24,288.63,2292715,0
AMAT.US,D,20180326,000000,282.98,298.90,280.79,293.19,5429900,0
AMAT.US,D,20180326,000000,289.75,295.57,287.75,292.48,3624909,0
AMAT.US,D,20180327,000000,290.02,294.19,275.55,275.96,2783418,0
AMAT.US,D,20180328,000000,277.65,278.82,269.15,273.42,3727938,0
AMAT.US,D,20180329,000000,269.29,272.41,269.15,271.52,2197765,0
AMAT.US,D,20180330,000000,271.54,276.69,270.14,273.58,3952667,0
AMAT.US,D,20180402,000000,274.44,275.71,259.99,260.80,4958616,0
AMAT.US,D,20180402,000000,264.99,265.36,262.97,263.50,3088274,0
AMAT.US,D,20180402,000000,267.31,268.78,264.24,267.08,3600085,0
AMAT.US,D,20180403,000000,262.67,280.06,260.47,276.97,5349618,0
AMAT.US,D,20180404,000000,274.47,274.48,272.75,273.37,2926047,0
AMAT.US,D,20180405,000000,273.13,273.38,271.75,272.40,5352247,0
AMAT.US,D,20180406,000000,276.66,278.03,276.30,276.71,2374346,0
AMAT.US,D,20180409,000000,279.75,281.72,268.96,271.18,5283045,0
AMAT.US,D,20180409,000000,268.56,271.32,267.28,269.68,4776347,0
AMAT.US,D,20180409,000000,267.84,287.86,266.47,285.31,4280629,0
AMAT.US,D,20180410,000000,278.48,279.47,278.14,278.63,2506883,0
AMAT.US,D,20180411,000000,282.52,293.54,281.82,292.18,3138133,0
AMAT.US,D,20180412,000000,290.45,296.76,290.11,295.44,4897321,0
AMAT.US,D,20180413,000000,294.70,295.37,289.91,290.23,4229373,0
AMAT.US,D,20180416,000000,299.20,301.39,272.65,275.59,3900044,0
AMAT.US,D,20180416,000000,274.34,279.71,270.07,270.68,4468264,0
AMAT.US,D,20180416,000000,270.59,271.15,257.80,263.37,5386707,0
AMAT.US,D,20180417,000000,269.48,272.27,269.22,271.80,5085039,0
AMAT.US,D,20180418,000000,271.31,273.43,264.63,268.73,3017208,0
AMAT.US,D,20180419,000000,265.51,267.20,264.97,266.76,5271048,0
AMAT.US,D,20180420,000000,264.35,264.76,249.77,253.79,4341136,0
AMAT.US,D,20180423,000000,247.61,260.74,242.09,257.91,5460404,0
AMAT.US,D,20180423,000000,268.75,272.09,244.29,247.46,5022919,0
AMAT.US,D,20180423,000000,244.12,251.61,232.66,241.16,2422672,0
AMAT.US,D,20180424,000000,244.42,245.14,237.20,238.11,4148868,0
AMAT.US,D,20180425,000000,235.31,252.47,233.45,241.63,2731298,0
AMAT.US,D,20180426,000000,239.26,244.02,227.76,229.63,5144353,0
AMAT.US,D,20180427,000000,230.76,231.65,225.99,227.02,3583864,0
AMAT.US,D,20180430,000000,226.52,227.05,223.69,224.54,3037049,0
AMAT.US,D,20180430,000000,226.12,239.72,222.41,235.62,3493974,0
AMAT.US,D,20180430,000000,232.61,233.68,216.48,225.34,2596627,0
AMAT.US,D,20180501,000000,225.46,240.28,224.32,237.62,2586823,0
AMAT.US,D,20180502,000000,235.47,237.21,232.76,235.09,5885188,0
AMAT.US,D,20180503,000000,235.56,235.61,226.30,228.09,5119995,0
AMAT.US,D,20180504,000000,229.94,230.79,225.37,226.09,4596441,0
AMAT.US,D,20180507,000000,227.63,228.24,215.85,220.86,3255696,0
AMAT.US,D,20180507,000000,220.22,237.24,219.80,233.10,2375849,0
AMAT.US,D,20180507,000000,235.73,242.95,211.97,214.42,4518967,0
AMAT.US,D,20180508,000000,213.94,214.28,210.17,210.46,3078203,0
AMAT.US,D,20180509,000000,208.24,216.57,206.34,215.74,2784637,0
AMAT.US,D,20180510,000000,215.94,219.63,215.34,218.47,5008185,0
AMAT.US,D,20180511,000000,218.97,232.39,216.54,229.29,4995951,0
AMAT.US,D,20180514,000000,228.74,229.31,226.23,227.35,2659998,0
AMAT.US,D,20180514,000000,223.06,236.76,221.90,230.55,3258468,0
AMAT.US,D,20180514,000000,232.26,233.22,223.89,225.90,4639730,0
AMAT.US,D,20180515,000000,226.02,227.99,216.97,220.18,5869950,0
AMAT.US,D,20180516,000000,222.03,226.79,221.72,225.09,4184671,0
AMAT.US,D,20180517,000000,228.12,236.21,204.95,208.70,3552738,0
AMAT.US,D,20180518,000000,209.35,222.47,207.73,217.27,3864464,0
AMAT.US,D,20180521,000000,219.49,219.77,217.02,217.34,4702627,0
AMAT.US,D,20180521,000000,218.35,219.31,214.62,214.69,4861956,0
AMAT.US,D,20180521,000000,217.86,220.79,216.56,220.49,2430913,0
AMAT.US,D,20180522,000000,222.62,223.32,212.52,216.72,2210214,0
AMAT.US,D,20180523,000000,217.58,218.06,206.39,208.53,2955964,0
AMAT.US,D,20180524,000000,211.01,212.01,205.06,208.09,3122094,0
AMAT.US,D,20180525,000000,206.37,218.09,205.27,216.02,3641095,0
AMAT.US,D,20180528,000000,216.12,218.18,200.19,206.14,5347190,0
AMAT.US,D,20180528,000000,206.04,207.83,193.82,196.48,3905808,0
AMAT.US,D,20180528,000000,196.67,205.79,196.00,202.92,3797638,0
AMAT.US,D,20180529,000000,200.80,202.19,200.63,202.17,3953958,0
AMAT.US,D,20180530,000000,202.38,202.57,200.38,200.55,4989737,0
AMAT.US,D,20180531,000000,201.37,211.12,201.27,210.01,4963847,0
AMAT.US,D,20180601,000000,211.24,211.39,208.35,208.82,4478599,0
AMAT.US,D,20180604,000000,208.42,209.19,208.34,209.02,5494573,0
AMAT.US,D,20180604,000000,210.38,210.44,197.63,198.56,4500989,0
AMAT.US,D,20180604,000000,199.51,200.90,189.00,193.05,2890916,0
AMAT.US,D,20180605,000000,192.84,193.82,190.77,191.38,2754140,0
AMAT.US,D,20180606,000000,192.45,193.90,182.63,185.96,5125542,0
AMAT.US,D,20180607,000000,185.16,186.18,185.03,185.57,3530834,0
AMAT.US,D,20180608,000000,186.03,187.34,185.50,187.11,3911071,0
AMAT.US,D,20180611,000000,186.96,187.00,178.35,179.68,5963871,0
AMAT.US,D,20180611,000000,181.97,182.31,178.60,181.66,5084850,0
AMAT.US,D,20180611,000000,182.29,188.48,180.76,185.28,4700231,0
AMAT.US,D,20180612,000000,186.29,189.54,169.59,177.71,5853510,0
AMAT.US,D,20180613,000000,178.69,179.35,178.69,179.23,2738214,0
AMAT.US,D,20180614,000000,178.29,179.72,155.45,160.72,3031904,0
AMAT.US,D,20180615,000000,160.17,164.23,141.06,150.65,3729991,0
AMAT.US,D,20180618,000000,150.46,157.15,148.13,154.67,4146634,0
AMAT.US,D,20180618,000000,157.73,158.20,150.55,152.94,5661079,0
AMAT.US,D,20180618,000000,153.52,154.42,152.15,152.16,5367844,0
AMAT.US,D,20180619,000000,150.71,155.38,150.21,153.13,2517891,0
AMAT.US,D,20180620,000000,151.33,153.91,151.18,153.11,2091912,0
AMAT.US,D,20180621,000000,155.36,156.52,144.19,148.41,3513476,0
AMAT.US,D,20180622,000000,148.22,161.55,146.38,156.78,4436607,0
AMAT.US,D,20180625,000000,155.15,159.40,141.58,144.04,4101889,0
AMAT.US,D,20180625,000000,145.21,147.77,140.33,141.91,3989263,0
AMAT.US,D,20180625,000000,138.14,152.05,137.67,150.71,2055896,0
AMAT.US,D,20180626,000000,150.67,152.19,139.61,142.27,2484926,0
AMAT.US,D,20180627,000000,144.17,147.64,131.25,131.75,2851896,0
AMAT.US,D,20180628,000000,130.14,141.54,129.62,139.86,3698561,0
AMAT.US,D,20180629,000000,137.79,143.64,134.37,143.15,2008290,0
AMAT.US,D,20180702,000000,142.28,161.82,141.41,158.46,5962518,0
AMAT.US,D,20180702,000000,160.73,167.14,160.40,165.45,3031936,0
AMAT.US,D,20180702,000000,167.28,167.73,165.39,166.03,5286576,0
AMAT.US,D,20180703,000000,163.85,184.86,162.42,177.66,4799817,0
AMAT.US,D,20180704,000000,176.59,182.58,143.18,161.77,3863116,0
AMAT.US,D,20180705,000000,162.10,170.06,161.27,167.04,4122118,0
AMAT.US,D,20180706,000000,163.48,168.89,155.04,155.75,2834843,0
AMAT.US,D,20180709,000000,156.57,157.05,153.26,154.10,3891134,0
AMAT.US,D,20180709,000000,154.02,154.11,153.29,153.95,4302923,0
AMAT.US,D,20180709,000000,151.65,156.47,129.69,135.94,5079516,0
AMAT.US,D,20180710,000000,135.71,137.54,134.62,136.81,5658834,0
AMAT.US,D,20180711,000000,137.68,145.21,137.11,145.13,3976268,0
AMAT.US,D,20180712,000000,146.35,146.59,129.73,132.65,4140085,0
AMAT.US,D,20180713,000000,134.71,137.83,117.26,119.48,2149853,0
AMAT.US,D,20180716,000000,120.97,122.89,110.25,110.26,5076594,0
AMAT.US,D,20180716,000000,111.82,121.19,111.44,120.19,3897799,0
AMAT.US,D,20180716,000000,120.20,120.70,119.26,120.41,2748075,0
AMAT.US,D,20180717,000000,120.36,127.99,119.92,125.86,5523753,0
AMAT.US,D,20180718,000000,129.51,129.75,126.62,126.83,4494359,0
AMAT.US,D,20180719,000000,127.46,132.61,126.82,130.27,2887999,0
AMAT.US,D,20180720,000000,131.71,132.18,130.44,130.81,2678832,0
AMAT.US,D,20180723,000000,128.68,129.94,128.48,128.92,3468133,0
AMAT.US,D,20180723,000000,130.27,131.35,127.59,128.49,4568050,0
AMAT.US,D,20180723,000000,128.53,130.37,125.53,125.89,4282054,0
AMAT.US,D,20180724,000000,126.01,126.11,125.18,125.18,5780513,0
AMAT.US,D,20180725,000000,125.37,125.55,124.57,124.93,3813548,0
AMAT.US,D,20180726,000000,123.62,124.00,123.37,123.37,3787388,0
AMAT.US,D,20180727,000000,124.45,126.09,122.66,123.02,3768354,0
AMAT.US,D,20180730,000000,123.28,124.17,123.12,123.98,5329746,0
AMAT.US,D,20180730,000000,125.92,126.89,123.41,123.49,4856461,0
AMAT.US,D,20180730,000000,125.03,127.13,124.89,126.23,3913924,0
AMAT.US,D,20180731,000000,126.96,132.65,126.65,131.40,3632917,0
AMAT.US,D,20180801,000000,132.45,134.50,120.73,126.61,5942730,0
AMAT.US,D,20180802,000000,127.23,129.35,120.36,123.36,4069588,0
AMAT.US,D,20180803,000000,121.08,127.10,118.72,126.07,4652573,0
AMAT.US,D,20180806,000000,126.67,127.45,121.08,121.96,4835933,0
AMAT.US,D,20180806,000000,121.03,125.37,120.21,122.99,3169050,0
AMAT.US,D,20180806,000000,121.55,121.59,120.32,121.32,5199406,0
AMAT.US,D,20180807,000000,122.55,123.49,120.11,120.79,3755677,0
AMAT.US,D,20180808,000000,119.41,121.99,112.11,113.87,3426952,0
AMAT.US,D,20180809,000000,113.65,113.75,112.29,112.38,3746077,0
AMAT.US,D,20180810,000000,113.09,116.18,104.39,106.51,2603953,0
AMAT.US,D,20180813,000000,108.45,109.23,99.55,102.15,4540862,0
AMAT.US,D,20180813,000000,103.36,104.17,101.78,101.95,4482864,0
AMAT.US,D,20180813,000000,99.99,108.51,99.81,107.98,5100216,0
AMAT.US,D,20180814,000000,107.80,108.98,96.98,100.59,4751694,0
AMAT.US,D,20180815,000000,101.11,101.15,88.76,91.16,5551111,0
AMAT.US,D,20180816,000000,92.31,94.26,91.21,93.64,3592536,0
AMAT.US,D,20180817,000000,90.61,111.18,90.05,105.18,5016068,0
AMAT.US,D,20180820,000000,103.22,106.35,102.80,106.11,2710431,0
AMAT.US,D,20180820,000000,105.88,106.95,105.62,106.93,5362851,0
AMAT.US,D,20180820,000000,106.78,111.13,106.44,111.01,3582324,0
AMAT.US,D,20180821,000000,111.02,111.15,106.86,110.04,5162730,0
AMAT.US,D,20180822,000000,112.04,112.81,101.14,104.37,3137224,0
AMAT.US,D,20180823,000000,104.59,104.74,102.99,103.52,2287705,0
AMAT.US,D,20180824,000000,103.25,104.39,98.94,99.35,5047921,0
AMAT.US,D,20180827,000000,99.87,114.71,99.04,108.19,4371836,0
AMAT.US,D,20180827,000000,108.76,110.65,103.51,105.02,4439763,0
AMAT.US,D,20180827,000000,106.39,119.92,105.06,115.92,4053634,0
AMAT.US,D,20180828,000000,115.38,119.86,113.39,118.69,5546726,0
AMAT.US,D,20180829,000000,119.83,120.53,114.91,114.98,5915293,0
AMAT.US,D,20180830,000000,116.04,117.19,115.94,116.48,5108830,0
AMAT.US,D,20180831,000000,116.21,116.48,114.35,115.46,5618937,0
AMAT.US,D,20180903,000000,115.46,116.15,110.53,112.07,4205939,0
AMAT.US,D,20180903,000000,115.45,116.73,115.39,116.17,2789883,0
AMAT.US,D,20180903,000000,116.38,116.92,115.45,116.55,5073430,0
AMAT.US,D,20180904,000000,117.68,120.60,117.61,120.09,2798805,0
AMAT.US,D,20180905,000000,120.37,126.44,113.99,115.53,2122660,0
AMAT.US,D,20180906,000000,114.56,118.51,114.23,117.66,2675252,0
AMAT.US,D,20180907,000000,116.62,116.72,108.21,109.98,4928426,0
AMAT.US,D,20180910,000000,110.21,112.12,107.18,109.29,3296447,0
AMAT.US,D,20180910,000000,108.51,114.45,106.00,113.19,2760576,0
AMAT.US,D,20180910,000000,112.81,118.80,110.96,115.11,4353570,0
AMAT.US,D,20180911,000000,116.22,117.24,111.58,112.09,4176587,0
AMAT.US,D,20180912,000000,111.94,113.99,111.72,113.68,3887314,0
AMAT.US,D,20180913,000000,114.10,115.11,108.02,110.96,3595789,0
AMAT.US,D,20180914,000000,111.75,111.90,108.13,108.84,3505327,0
AMAT.US,D,20180917,000000,108.49,114.05,106.83,114.01,3830374,0
AMAT.US,D,20180917,000000,114.36,117.12,113.21,116.14,2445686,0
AMAT.US,D,20180917,000000,116.91,118.02,111.76,111.81,2829369,0
AMAT.US,D,20180918,000000,110.43,117.53,109.71,115.04,4202336,0
AMAT.US,D,20180919,000000,115.74,115.76,113.11,113.78,4558079,0
AMAT.US,D,20180920,000000,115.35,115.55,115.25,115.49,2334433,0
AMAT.US,D,20180921,000000,115.44,115.69,114.82,114.87,2150681,0
AMAT.US,D,20180924,000000,114.02,114.21,112.09,112.52,4489058,0
AMAT.US,D,20180924,000000,111.51,111.72,110.27,110.51,4194786,0
AMAT.US,D,20180924,000000,109.81,116.79,107.33,114.19,2099918,0
AMAT.US,D,20180925,000000,116.88,117.39,116.72,117.18,3360608,0
AMAT.US,D,20180926,000000,114.23,115.20,108.31,109.85,3726157,0
AMAT.US,D,20180927,000000,111.04,111.42,108.44,109.01,2720434,0
AMAT.US,D,20180928,000000,109.57,110.55,109.28,110.23,3136277,0
AMAT.US,D,20181001,000000,112.03,112.15,111.08,111.27,4219673,0
AMAT.US,D,20181001,000000,111.26,113.48,110.51,111.70,2744797,0
AMAT.US,D,20181001,000000,111.01,116.62,109.27,115.12,5529569,0
AMAT.US,D,20181002,000000,113.48,124.77,109.11,124.71,3851022,0
AMAT.US,D,20181003,000000,123.95,130.53,122.12,127.17,2527538,0
AMAT.US,D,20181004,000000,126.37,137.87,121.52,136.66,3220012,0
AMAT.US,D,20181005,000000,136.83,149.37,133.34,147.62,5533884,0
AMAT.US,D,20181008,000000,147.53,149.50,145.96,149.39,3663167,0
AMAT.US,D,20181008,000000,150.81,151.25,140.98,141.85,3174402,0
AMAT.US,D,20181008,000000,143.61,155.45,141.17,151.52,4588646,0
AMAT.US,D,20181009,000000,155.38,156.06,152.91,153.18,5469581,0
AMAT.US,D,20181010,000000,153.87,162.71,150.81,159.67,4887909,0
AMAT.US,D,20181011,000000,157.43,157.43,153.36,153.43,2337733,0
AMAT.US,D,20181012,000000,158.23,159.88,144.60,148.81,5687641,0
AMAT.US,D,20181015,000000,147.84,155.87,145.59,155.19,4804369,0
AMAT.US,D,20181015,000000,157.70,179.83,154.68,174.93,2316751,0
AMAT.US,D,20181015,000000,176.60,176.77,175.40,176.41,5749637,0
AMAT.US,D,20181016,000000,177.17,180.99,176.96,180.12,5763106,0
AMAT.US,D,20181017,000000,181.83,189.29,181.03,185.25,9562766,0
AMAT.US,D,20181018,000000,184.61,189.61,184.35,189.23,8335644,0
AMAT.US,D,20181019,000000,190.64,194.74,189.14,191.65,4632553,0
AMAT.US,D,20181022,000000,192.27,198.36,191.58,195.58,9173350,0
AMAT.US,D,20181022,000000,195.74,199.60,194.86,198.92,4466191,0
AMAT.US,D,20181022,000000,200.31,203.80,199.30,202.90,10415550,0
AMAT.US,D,20181023,000000,200.37,208.33,199.84,207.64,7769532,0
AMAT.US,D,20181024,000000,206.46,211.82,206.06,210.65,9934086,0
AMAT.US,D,20181025,000000,210.54,215.63,209.52,215.54,6968144,0
AMAT.US,D,20181026,000000,214.40,222.05,213.89,219.73,7231697,0
AMAT.US,D,20181029,000000,216.89,225.81,213.54,224.81,12190804,0
AMAT.US,D,20181029,000000,221.57,228.84,220.84,228.82,7183706,0
AMAT.US,D,20181029,000000,231.32,238.70,228.61,235.15,6618015,0
AMAT.US,D,20181030,000000,230.02,246.80,226.87,241.35,5897101,0
AMAT.US,D,20181031,000000,240.73,250.73,239.88,248.40,8819595,0
AMAT.US,D,20181101,000000,250.96,257.28,249.26,255.41,10733692,0
AMAT.US,D,20181102,000000,254.25,266.44,253.45,263.28,7353833,0
AMAT.US,D,20181105,000000,260.55,267.98,260.00,267.45,6027730,0
AMAT.US,D,20181105,000000,267.90,282.92,264.61,275.98,7474498,0
AMAT.US,D,20181105,000000,264.66,286.78,263.75,282.36,16068346,0
AMAT.US,D,20181106,000000,287.37,290.69,286.05,289.55,16797299,0
AMAT.US,D,20181107,000000,286.03,299.17,282.59,297.75,7206671,0
AMAT.US,D,20181108,000000,299.67,311.17,297.70,308.91,15901602,0
AMAT.US,D,20181109,000000,311.31,317.24,311.11,316.19,11189531,0
AMAT.US,D,20181112,000000,315.94,330.37,314.38,324.68,16860122,0
AMAT.US,D,20181112,000000,323.70,340.90,322.20,334.03,14816409,0
AMAT.US,D,20181112,000000,334.54,346.56,331.12,343.89,10100533,0
AMAT.US,D,20181113,000000,341.53,364.57,337.03,354.10,16391096,0
AMAT.US,D,20181114,000000,353.27,368.64,348.18,364.39,17834200,0
AMAT.US,D,20181115,000000,362.49,382.15,361.19,380.02,12068043,0
AMAT.US,D,20181116,000000,385.03,395.57,383.95,392.46,17046952,0
AMAT.US,D,20181119,000000,388.58,389.71,365.15,369.20,4002971,0
AMAT.US,D,20181119,000000,370.36,372.80,364.48,365.28,5480983,0
AMAT.US,D,20181119,000000,371.13,371.24,369.11,369.99,3936212,0
AMAT.US,D,20181120,000000,377.93,379.04,368.61,374.87,3343727,0
AMAT.US,D,20181121,000000,365.63,381.56,363.35,381.14,5764597,0
AMAT.US,D,20181122,000000,382.06,390.48,379.49,388.01,4909200,0
AMAT.US,D,20181123,000000,387.16,396.78,384.36,391.81,4028871,0
AMAT.US,D,20181126,000000,390.00,404.00,388.74,399.96,8337185,0
AMAT.US,D,20181126,000000,403.49,409.43,402.55,409.40,8996192,0
AMAT.US,D,20181126,000000,401.49,423.51,400.70,417.08,4924994,0
AMAT.US,D,20181127,000000,425.59,426.62,419.98,424.73,9579212,0
AMAT.US,D,20181128,000000,421.07,440.30,419.91,433.82,8338558,0
AMAT.US,D,20181129,000000,439.66,456.30,436.29,445.60,6022622,0
AMAT.US,D,20181130,000000,446.84,453.05,446.16,453.03,8672286,0
AMAT.US,D,20181203,000000,442.79,468.07,441.64,459.85,9706725,0
AMAT.US,D,20181203,000000,460.47,495.27,459.67,472.68,7256234,0
AMAT.US,D,20181203,000000,469.19,484.93,465.17,482.62,5591009,0
AMAT.US,D,20181204,000000,480.90,501.52,478.92,495.31,9390482,0
AMAT.US,D,20181205,000000,501.32,524.10,494.01,512.24,5739500,0
AMAT.US,D,20181206,000000,515.41,524.82,514.37,523.06,6970678,0
AMAT.US,D,20181207,000000,517.69,554.20,513.48,536.71,9046256,0
AMAT.US,D,20181210,000000,538.87,546.15,538.52,545.39,12344687,0
AMAT.US,D,20181210,000000,538.08,570.68,531.57,559.91,7650485,0
AMAT.US,D,20181210,000000,569.30,572.89,568.98,572.47,14199612,0
AMAT.US,D,20181211,000000,569.70,590.80,565.91,585.55,13078860,0
AMAT.US,D,20181212,000000,585.66,617.91,584.20,604.18,6985035,0
AMAT.US,D,20181213,000000,610.88,613.90,610.55,612.92,7619143,0
AMAT.US,D,20181214,000000,595.20,640.94,591.25,622.82,7669066,0
AMAT.US,D,20181217,000000,616.13,645.92,611.11,641.98,9131106,0
AMAT.US,D,20181217,000000,638.94,654.99,634.79,650.15,14972832,0
AMAT.US,D,20181217,000000,653.12,681.12,644.07,675.09,5953843,0
AMAT.US,D,20181218,000000,664.92,699.42,663.34,698.56,9317781,0
AMAT.US,D,20181219,000000,697.97,739.22,692.34,718.77,12050239,0
AMAT.US,D,20181220,000000,703.94,760.59,696.67,737.68,14188911,0
AMAT.US,D,20181221,000000,736.51,757.16,730.71,756.41,16349766,0
AMAT.US,D,20181224,000000,763.68,781.26,760.96,778.16,18010897,0
AMAT.US,D,20181224,000000,768.95,816.42,758.41,801.59,17957683,0
AMAT.US,D,20181224,000000,786.95,834.95,781.63,826.53,18501810,0
AMAT.US,D,20181225,000000,843.26,848.24,842.31,845.82,17947734,0
AMAT.US,D,20181226,000000,865.80,877.97,860.85,877.43,10573229,0
AMAT.US,D,20181227,000000,895.99,906.10,895.37,902.48,14166333,0
AMAT.US,D,20181228,000000,919.73,941.46,917.83,933.92,11678333,0
AMAT.US,D,20181231,000000,903.96,977.79,892.63,968.88,10942409,0
AMAT.US,D,20181231,000000,963.73,975.30,963.51,972.76,2078830,0
AMAT.US,D,20181231,000000,940.41,982.88,937.18,968.15,4333983,0
AMAT.US,D,20190101,000000,984.23,997.42,885.01,902.06,5773283,0
AMAT.US,D,20190102,000000,909.35,950.31,756.87,811.42,3055839,0
AMAT.US,D,20190103,000000,790.43,876.68,787.46,864.82,4546568,0
AMAT.US,D,20190104,000000,841.63,846.81,835.11,842.14,5463501,0
AMAT.US,D,20190107,000000,851.37,877.13,828.32,835.12,2858044,0
AMAT.US,D,20190107,000000,824.62,827.57,822.53,825.96,3657537,0
AMAT.US,D,20190107,000000,802.79,839.92,799.76,813.11,4703981,0
AMAT.US,D,20190108,000000,831.10,858.50,818.03,854.50,3728008,0
AMAT.US,D,20190109,000000,865.94,875.13,815.34,837.12,5035326,0
AMAT.US,D,20190110,000000,835.90,842.06,769.26,773.04,4207692,0
AMAT.US,D,20190111,000000,773.00,841.77,770.90,833.02,2608610,0
AMAT.US,D,20190114,000000,820.79,842.47,809.20,837.46,3202347,0
AMAT.US,D,20190114,000000,836.94,889.16,826.71,880.65,3869800,0
AMAT.US,D,20190114,000000,879.38,880.39,815.24,834.91,4356982,0
AMAT.US,D,20190115,000000,850.72,864.87,740.52,767.70,2807961,0
AMAT.US,D,20190116,000000,782.83,784.84,769.54,773.47,2088872,0
AMAT.US,D,20190117,000000,798.92,808.07,758.12,764.82,3978742,0
AMAT.US,D,20190118,000000,745.13,774.87,735.24,767.60,4938115,0
AMAT.US,D,20190121,000000,772.57,791.55,722.62,739.84,4497950,0
AMAT.US,D,20190121,000000,735.68,741.12,734.86,739.94,2124975,0
AMAT.US,D,20190121,000000,756.95,765.92,726.91,729.83,2880814,0
AMAT.US,D,20190122,000000,735.36,746.20,730.78,744.96,5658610,0
AMAT.US,D,20190123,000000,725.00,784.28,706.51,777.37,5428567,0
AMAT.US,D,20190124,000000,805.79,824.10,737.80,745.78,2981709,0
AMAT.US,D,20190125,000000,751.77,766.66,717.61,720.56,3371562,0
AMAT.US,D,20190128,000000,709.07,731.88,671.89,674.19,5953665,0
AMAT.US,D,20190128,000000,682.53,690.84,680.58,684.89,3271141,0
AMAT.US,D,20190128,000000,700.83,718.15,579.58,621.23,2276977,0
AMAT.US,D,20190129,000000,630.26,645.63,563.16,566.67,4185277,0
AMAT.US,D,20190130,000000,552.77,554.93,547.15,551.00,4716761,0
AMAT.US,D,20190131,000000,554.48,561.51,505.37,513.30,5341170,0
AMAT.US,D,20190201,000000,519.17,534.76,515.29,533.87,5998842,0
AMAT.US,D,20190204,000000,524.64,529.41,456.79,464.63,2396955,0
AMAT.US,D,20190204,000000,466.56,475.14,466.37,473.02,5030617,0
AMAT.US,D,20190204,000000,474.95,534.07,466.87,527.00,3187363,0
AMAT.US,D,20190205,000000,514.62,518.30,478.93,487.59,5090541,0
AMAT.US,D,20190206,000000,481.74,563.42,476.38,546.74,4993678,0
AMAT.US,D,20190207,000000,546.32,553.90,529.56,534.19,4572447,0
AMAT.US,D,20190208,000000,532.08,538.06,481.88,496.81,5416358,0
AMAT.US,D,20190211,000000,498.54,516.46,496.96,512.90,2913144,0
AMAT.US,D,20190211,000000,512.47,514.10,498.83,500.03,2835517,0
AMAT.US,D,20190211,000000,513.40,551.37,512.02,544.92,4396111,0
AMAT.US,D,20190212,000000,536.96,557.90,535.49,557.33,4415040,0
AMAT.US,D,20190213,000000,536.90,572.80,524.47,567.80,2061518,0
AMAT.US,D,20190214,000000,569.08,600.65,566.36,594.80,5316537,0
AMAT.US,D,20190215,000000,594.62,603.67,590.30,602.92,5831921,0
AMAT.US,D,20190218,000000,609.03,635.84,605.75,635.82,3184727,0
AMAT.US,D,20190218,000000,626.59,721.47,622.36,686.97,4679458,0
AMAT.US,D,20190218,000000,681.09,717.46,680.03,700.40,4207409,0
AMAT.US,D,20190219,000000,712.97,718.31,661.76,666.91,3674960,0
AMAT.US,D,20190220,000000,671.93,689.62,671.21,686.30,3356625,0
AMAT.US,D,20190221,000000,676.26,729.03,674.97,728.35,2681285,0
AMAT.US,D,20190222,000000,728.88,741.53,699.29,710.33,4810346,0
AMAT.US,D,20190225,000000,697.11,761.79,683.94,745.87,2733983,0
AMAT.US,D,20190225,000000,739.81,782.69,733.65,769.35,2054288,0
AMAT.US,D,20190225,000000,761.45,768.34,701.75,725.31,4858172,0
AMAT.US,D,20190226,000000,727.63,749.27,724.56,748.66,4866592,0
AMAT.US,D,20190227,000000,755.21,764.12,724.36,734.65,3084019,0
AMAT.US,D,20190228,000000,744.88,751.55,702.90,706.60,2292983,0
AMAT.US,D,20190301,000000,716.62,718.40,655.87,662.92,2823982,0
AMAT.US,D,20190304,000000,670.26,672.41,650.45,655.75,2481988,0
AMAT.US,D,20190304,000000,664.14,664.90,638.85,643.07,3621675,0
AMAT.US,D,20190304,000000,635.76,671.90,626.25,665.81,4981262,0
AMAT.US,D,20190305,000000,673.70,680.19,588.45,609.56,5497710,0
AMAT.US,D,20190306,000000,623.50,632.29,614.10,615.45,6552823,0
AMAT.US,D,20190307,000000,611.53,624.74,608.93,620.80,5093452,0
AMAT.US,D,20190308,000000,634.23,635.89,633.97,635.43,5478891,0
AMAT.US,D,20190311,000000,640.16,648.26,636.71,646.63,7950813,0
AMAT.US,D,20190311,000000,643.72,670.59,639.92,663.97,5048320,0
AMAT.US,D,20190311,000000,665.16,687.82,660.38,683.30,9688767,0
AMAT.US,D,20190312,000000,681.39,698.96,674.08,693.15,5912766,0
AMAT.US,D,20190313,000000,698.03,710.01,695.39,708.57,6842039,0
AMAT.US,D,20190314,000000,703.40,727.33,698.70,724.20,8625919,0
AMAT.US,D,20190315,000000,711.40,747.61,707.54,740.94,7497328,0
AMAT.US,D,20190318,000000,756.71,762.83,751.00,754.02,5548482,0
AMAT.US,D,20190318,000000,754.04,774.02,752.37,770.57,9041282,0
AMAT.US,D,20190318,000000,754.06,819.38,748.06,793.77,13324764,0
AMAT.US,D,20190319,000000,780.66,813.75,775.76,811.17,8285874,0
AMAT.US,D,20190320,000000,809.10,834.84,799.23,827.29,15927855,0
AMAT.US,D,20190321,000000,817.45,857.54,815.54,850.69,8875478,0
AMAT.US,D,20190322,000000,846.46,887.36,841.05,877.21,6987456,0
AMAT.US,D,20190325,000000,887.26,913.31,885.21,900.13,7069027,0
AMAT.US,D,20190325,000000,883.44,935.92,880.17,932.09,17267628,0
AMAT.US,D,20190325,000000,929.74,968.83,928.92,966.38,10482112,0
AMAT.US,D,20190326,000000,980.78,998.83,978.39,993.83,8581985,0
AMAT.US,D,20190327,000000,1011.76,1044.36,1005.07,1030.97,11439666,0
AMAT.US,D,20190328,000000,1036.56,1077.48,1028.77,1068.10,9893567,0
AMAT.US,D,20190329,000000,1072.26,1105.97,1070.58,1105.17,16248350,0
AMAT.US,D,20190401,000000,1121.64,1152.82,1116.40,1146.49,8898783,0
AMAT.US,D,20190401,000000,1151.06,1176.02,1107.85,1108.22,4190595,0
AMAT.US,D,20190401,000000,1119.81,1120.45,1102.08,1105.31,3220423,0
AMAT.US,D,20190402,000000,1081.36,1137.73,1079.97,1129.91,5218117,0
AMAT.US,D,20190403,000000,1140.30,1241.20,1136.26,1194.86,3354484,0
AMAT.US,D,20190404,000000,1182.44,1187.14,1093.60,1128.29,5266865,0
AMAT.US,D,20190405,000000,1142.38,1150.89,1114.09,1116.26,5020979,0
AMAT.US,D,20190408,000000,1114.14,1159.58,1100.95,1142.99,3527456,0
AMAT.US,D,20190408,000000,1143.24,1151.44,1086.32,1108.99,4915968,0
AMAT.US,D,20190408,000000,1105.01,1106.86,1076.02,1088.68,3074641,0
AMAT.US,D,20190409,000000,1081.42,1121.77,1071.53,1108.03,4785693,0
AMAT.US,D,20190410,000000,1099.56,1110.53,1095.70,1109.06,5134676,0
AMAT.US,D,20190411,000000,1107.25,1217.79,1090.19,1185.83,3206904,0
AMAT.US,D,20190412,000000,1198.20,1213.64,1157.09,1170.27,4959407,0
AMAT.US,D,20190415,000000,1150.75,1159.15,1150.72,1152.52,3696245,0
AMAT.US,D,20190415,000000,1157.05,1208.05,1138.40,1188.05,2954832,0
AMAT.US,D,20190415,000000,1186.89,1193.95,1081.08,1108.89,3463535,0
AMAT.US,D,20190416,000000,1113.15,1123.45,1103.12,1121.25,2480265,0
AMAT.US,D,20190417,000000,1108.59,1117.83,1047.25,1066.00,3697329,0
AMAT.US,D,20190418,000000,1074.84,1081.26,1046.00,1051.75,5941436,0
AMAT.US,D,20190419,000000,1047.82,1068.31,1040.02,1065.97,2417560,0
AMAT.US,D,20190422,000000,1067.78,1068.94,1043.11,1053.96,2248816,0
AMAT.US,D,20190422,000000,1055.16,1055.23,1052.39,1053.01,5883846,0
AMAT.US,D,20190422,000000,1045.34,1045.96,1013.01,1020.14,3709936,0
AMAT.US,D,20190423,000000,1027.96,1039.64,982.05,988.70,5728726,0
AMAT.US,D,20190424,000000,981.29,982.30,963.97,967.79,2799660,0
AMAT.US,D,20190425,000000,965.89,967.40,956.62,957.22,2934730,0
AMAT.US,D,20190426,000000,973.12,1052.05,965.94,1046.07,2727321,0
AMAT.US,D,20190429,000000,1056.55,1063.31,1039.30,1044.02,2186728,0
AMAT.US,D,20190429,000000,1042.36,1043.39,1027.44,1032.69,3182220,0
AMAT.US,D,20190429,000000,1041.10,1050.34,982.15,985.61,5097453,0
AMAT.US,D,20190430,000000,992.73,999.10,944.12,958.57,4375468,0
AMAT.US,D,20190501,000000,958.48,1017.28,940.95,1005.74,4553600,0
AMAT.US,D,20190502,000000,1015.22,1056.15,1007.69,1048.67,3179264,0
AMAT.US,D,20190503,000000,1055.86,1059.80,1053.14,1053.26,4282097,0
AMAT.US,D,20190506,000000,1050.23,1063.60,904.50,967.05,3054286,0
AMAT.US,D,20190506,000000,985.50,988.47,921.30,928.70,5737250,0
AMAT.US,D,20190506,000000,933.53,940.23,892.20,911.63,4324187,0
AMAT.US,D,20190507,000000,939.30,953.68,893.38,898.63,4497225,0
AMAT.US,D,20190508,000000,902.24,904.43,893.77,898.19,3996436,0
AMAT.US,D,20190509,000000,900.40,1013.04,883.10,992.14,4585500,0
AMAT.US,D,20190510,000000,979.88,981.68,966.41,972.29,4534472,0
AMAT.US,D,20190513,000000,977.14,1026.03,973.02,1006.66,4659470,0
AMAT.US,D,20190513,000000,1020.21,1068.23,1006.12,1050.97,5758073,0
AMAT.US,D,20190513,000000,1064.22,1067.53,1055.63,1057.66,3715121,0
AMAT.US,D,20190514,000000,1083.66,1083.69,1048.74,1060.68,2744874,0
AMAT.US,D,20190515,000000,1032.55,1104.84,1027.14,1081.46,2926777,0
AMAT.US,D,20190516,000000,1079.46,1149.03,1069.40,1138.94,2613117,0
AMAT.US,D,20190517,000000,1136.29,1145.45,1112.40,1113.09,3890908,0
AMAT.US,D,20190520,000000,1092.33,1203.49,1086.92,1183.54,3002418,0
AMAT.US,D,20190520,000000,1181.88,1211.25,1146.96,1153.73,5826379,0
AMAT.US,D,20190520,000000,1136.70,1137.68,1120.04,1121.68,4468739,0
AMAT.US,D,20190521,000000,1106.65,1188.38,1095.82,1139.87,2810229,0
AMAT.US,D,20190522,000000,1140.03,1153.73,1013.53,1039.13,3076852,0
AMAT.US,D,20190523,000000,1042.42,1044.89,987.81,1003.96,5980767,0
AMAT.US,D,20190524,000000,1022.90,1098.82,1010.04,1073.41,5358592,0
AMAT.US,D,20190527,000000,1072.86,1086.16,990.74,1023.43,5200854,0
AMAT.US,D,20190527,000000,1011.02,1020.39,997.71,1009.04,4082643,0
AMAT.US,D,20190527,000000,1012.73,1012.92,940.48,943.68,3713359,0
AMAT.US,D,20190528,000000,935.04,964.15,932.77,944.40,3943592,0
AMAT.US,D,20190529,000000,949.52,951.56,919.19,919.30,2844463,0
AMAT.US,D,20190530,000000,904.59,958.66,852.67,940.36,2249367,0
AMAT.US,D,20190531,000000,922.22,1022.01,895.59,1007.67,3755974,0
AMAT.US,D,20190603,000000,1010.75,1037.55,950.23,952.74,5693515,0
AMAT.US,D,20190603,000000,955.20,959.96,924.71,935.67,4398083,0
AMAT.US,D,20190603,000000,934.67,1034.31,917.16,995.85,5542934,0
AMAT.US,D,20190604,000000,978.58,993.08,977.68,989.00,4837965,0
AMAT.US,D,20190605,000000,993.00,1001.48,980.46,990.80,2879446,0
AMAT.US,D,20190606,000000,996.85,1019.50,996.34,1014.78,5591936,0
AMAT.US,D,20190607,000000,1006.81,1011.59,984.81,993.40,2363946,0
AMAT.US,D,20190610,000000,993.44,995.14,987.83,990.11,3206763,0
AMAT.US,D,20190610,000000,975.62,978.73,973.42,973.66,5419041,0
AMAT.US,D,20190610,000000,958.05,961.13,951.54,954.17,4863670,0
AMAT.US,D,20190611,000000,943.99,950.86,936.90,940.47,3193067,0
AMAT.US,D,20190612,000000,949.50,949.60,947.25,947.69,2937360,0
AMAT.US,D,20190613,000000,949.86,951.31,946.32,947.47,4366408,0
AMAT.US,D,20190614,000000,956.63,964.88,917.55,925.55,4116977,0
AMAT.US,D,20190617,000000,922.73,923.42,921.68,922.07,2215731,0
AMAT.US,D,20190617,000000,919.76,920.48,901.39,905.72,2549207,0
AMAT.US,D,20190617,000000,900.80,948.92,885.05,926.47,2112480,0
AMAT.US,D,20190618,000000,928.39,928.43,925.68,927.97,2689317,0
AMAT.US,D,20190619,000000,927.85,967.22,927.41,943.31,2579468,0
AMAT.US,D,20190620,000000,947.06,947.83,928.32,938.19,3854977,0
AMAT.US,D,20190621,000000,937.60,937.91,935.10,936.12,4687781,0
AMAT.US,D,20190624,000000,948.77,952.86,948.76,952.05,4463064,0
AMAT.US,D,20190624,000000,954.11,969.70,951.37,969.57,4071630,0
AMAT.US,D,20190624,000000,961.41,1028.89,958.13,1002.03,5987214,0
AMAT.US,D,20190625,000000,1006.03,1008.19,985.09,994.09,2639617,0
AMAT.US,D,20190626,000000,995.50,1022.90,989.84,1018.29,5196775,0
AMAT.US,D,20190627,000000,1015.42,1015.91,1013.18,1013.53,2070433,0
AMAT.US,D,20190628,000000,1011.82,1014.91,1009.45,1012.78,3584707,0
AMAT.US,D,20190701,000000,1014.27,1016.60,998.23,999.24,3540292,0
AMAT.US,D,20190701,000000,1000.57,1002.59,1000.50,1002.57,5907739,0
AMAT.US,D,20190701,000000,1005.50,1006.73,983.84,987.32,4221629,0
AMAT.US,D,20190702,000000,987.26,1004.79,984.16,997.30,5306713,0
AMAT.US,D,20190703,000000,992.41,1005.01,985.91,1000.93,3857482,0
AMAT.US,D,20190704,000000,999.50,1012.15,997.34,1007.93,5112338,0
AMAT.US,D,20190705,000000,1002.99,1015.32,945.75,961.60,4424853,0
AMAT.US,D,20190708,000000,966.54,968.02,952.17,957.67,5084287,0
AMAT.US,D,20190708,000000,951.85,957.72,950.15,956.46,3393741,0
AMAT.US,D,20190708,000000,964.57,968.91,944.81,947.56,4126000,0
AMAT.US,D,20190709,000000,947.28,951.57,920.33,925.17,4950579,0
AMAT.US,D,20190710,000000,921.07,932.99,919.67,931.91,5821399,0
AMAT.US,D,20190711,000000,929.16,935.51,924.22,934.96,4351534,0
AMAT.US,D,20190712,000000,934.47,934.73,913.71,919.29,3493077,0
AMAT.US,D,20190715,000000,919.58,920.58,898.29,912.92,2919142,0
AMAT.US,D,20190715,000000,915.21,925.03,897.90,898.69,2151944,0
AMAT.US,D,20190715,000000,899.32,901.01,883.36,884.31,3744446,0
AMAT.US,D,20190716,000000,886.75,911.80,882.55,908.76,4684150,0
AMAT.US,D,20190717,000000,910.15,928.56,909.73,923.20,2485980,0
AMAT.US,D,20190718,000000,924.54,946.23,922.10,941.81,2283623,0
AMAT.US,D,20190719,000000,938.64,939.28,930.47,934.54,4258374,0
AMAT.US,D,20190722,000000,942.14,947.50,938.33,945.69,4376464,0
AMAT.US,D,20190722,000000,945.76,947.48,935.23,937.44,2370373,0
AMAT.US,D,20190722,000000,938.32,939.61,936.60,939.34,4922060,0
AMAT.US,D,20190723,000000,932.08,932.89,924.08,925.90,3897655,0
AMAT.US,D,20190724,000000,931.77,939.34,930.70,938.39,3149962,0
AMAT.US,D,20190725,000000,940.10,940.11,936.12,936.42,4736301,0
AMAT.US,D,20190726,000000,943.68,943.74,938.46,939.23,5549632,0
AMAT.US,D,20190729,000000,948.10,960.55,922.82,926.47,2710009,0
AMAT.US,D,20190729,000000,923.88,959.74,922.17,954.52,4315517,0
AMAT.US,D,20190729,000000,958.92,972.69,958.74,967.54,5965907,0
AMAT.US,D,20190730,000000,962.13,980.39,957.31,979.64,5397336,0
AMAT.US,D,20190731,000000,977.30,982.33,962.18,965.34,3172562,0
AMAT.US,D,20190801,000000,962.21,984.08,961.65,971.54,3469899,0
AMAT.US,D,20190802,000000,975.98,1050.76,973.17,1040.03,4260282,0
AMAT.US,D,20190805,000000,1053.35,1097.26,1046.29,1090.66,4856528,0
AMAT.US,D,20190805,000000,1091.75,1093.80,1047.21,1054.69,4256631,0
AMAT.US,D,20190805,000000,1052.19,1071.15,1050.79,1059.96,4049613,0
AMAT.US,D,20190806,000000,1047.19,1053.85,1029.36,1032.38,4950990,0
AMAT.US,D,20190807,000000,1043.77,1056.82,1023.27,1024.13,4042843,0
AMAT.US,D,20190808,000000,1024.48,1043.72,1015.68,1040.34,3558414,0
AMAT.US,D,20190809,000000,1028.29,1031.71,1006.38,1013.37,3706958,0
AMAT.US,D,20190812,000000,1005.63,1007.19,994.09,998.01,4970185,0
AMAT.US,D,20190812,000000,992.00,1013.41,990.35,1008.78,5084272,0
AMAT.US,D,20190812,000000,1004.90,1011.86,979.95,986.66,5513222,0
AMAT.US,D,20190813,000000,980.34,994.27,974.23,986.46,4796495,0
AMAT.US,D,20190814,000000,982.95,985.61,948.03,958.77,4163611,0
AMAT.US,D,20190815,000000,961.88,1018.82,959.07,1010.32,5826922,0
AMAT.US,D,20190816,000000,1014.80,1015.95,1001.20,1003.77,3096758,0
AMAT.US,D,20190819,000000,996.48,999.01,994.43,998.64,3720562,0
AMAT.US,D,20190819,000000,988.19,990.67,915.72,935.63,5357217,0
AMAT.US,D,20190819,000000,933.49,934.40,896.97,910.63,2307210,0
AMAT.US,D,20190820,000000,916.77,921.72,870.59,885.70,5259461,0
AMAT.US,D,20190821,000000,898.04,900.94,890.76,892.86,2160248,0
AMAT.US,D,20190822,000000,892.07,897.46,875.04,878.42,5637310,0
AMAT.US,D,20190823,000000,875.64,909.84,865.51,909.81,4377841,0
AMAT.US,D,20190826,000000,903.95,953.33,901.98,950.80,4795559,0
AMAT.US,D,20190826,000000,957.02,963.15,920.51,927.16,3716614,0
AMAT.US,D,20190826,000000,932.15,934.31,904.51,912.44,5467650,0
AMAT.US,D,20190827,000000,893.77,903.91,826.79,846.91,4209331,0
AMAT.US,D,20190828,000000,836.31,838.67,832.05,832.89,4584992,0
AMAT.US,D,20190829,000000,820.55,826.92,814.57,822.56,5990964,0
AMAT.US,D,20190830,000000,824.09,859.05,820.50,854.29,4863850,0
AMAT.US,D,20190902,000000,859.43,861.83,842.23,845.10,5629610,0
AMAT.US,D,20190902,000000,828.91,842.64,819.39,841.93,3299424,0
AMAT.US,D,20190902,000000,836.45,843.34,836.36,841.77,3026261,0
AMAT.US,D,20190903,000000,828.85,946.71,794.25,936.08,4692762,0
AMAT.US,D,20190904,000000,930.72,936.73,874.84,893.65,4491405,0
AMAT.US,D,20190905,000000,889.07,894.43,887.65,892.93,4846590,0
AMAT.US,D,20190906,000000,878.93,900.26,869.10,898.74,5169128,0
AMAT.US,D,20190909,000000,915.16,918.05,859.34,870.83,3446766,0
AMAT.US,D,20190909,000000,849.50,855.62,848.27,855.17,5161595,0
AMAT.US,D,20190909,000000,855.87,869.25,759.75,798.95,4279238,0
AMAT.US,D,20190910,000000,796.14,813.67,792.46,811.84,4277729,0
AMAT.US,D,20190911,000000,811.62,875.84,787.49,870.84,4214261,0
AMAT.US,D,20190912,000000,851.73,930.05,848.26,906.40,3785124,0
AMAT.US,D,20190913,000000,887.20,957.03,882.33,927.08,3709886,0
AMAT.US,D,20190916,000000,951.00,963.52,909.55,910.20,5684873,0
AMAT.US,D,20190916,000000,894.93,920.59,893.30,914.77,3532900,0
AMAT.US,D,20190916,000000,924.55,1007.77,917.55,971.56,4588169,0
AMAT.US,D,20190917,000000,964.84,984.05,953.48,983.73,4486462,0
AMAT.US,D,20190918,000000,980.75,993.73,936.91,947.78,2118002,0
AMAT.US,D,20190919,000000,940.45,970.17,937.56,964.08,5706727,0
AMAT.US,D,20190920,000000,965.37,974.91,890.99,901.99,4894115,0
AMAT.US,D,20190923,000000,897.90,955.51,897.26,948.37,5376446,0
AMAT.US,D,20190923,000000,950.91,951.60,870.58,880.52,3247405,0
AMAT.US,D,20190923,000000,879.19,925.63,797.26,801.37,2357596,0
AMAT.US,D,20190924,000000,804.55,831.11,748.51,751.90,5234082,0
AMAT.US,D,20190925,000000,753.87,779.98,698.35,711.06,5161142,0
AMAT.US,D,20190926,000000,705.98,727.41,695.57,716.21,3817989,0
AMAT.US,D,20190927,000000,717.59,728.52,691.01,698.61,2811666,0
AMAT.US,D,20190930,000000,698.52,700.77,677.55,682.12,4973011,0
AMAT.US,D,20190930,000000,674.55,679.22,669.53,676.71,3259383,0
AMAT.US,D,20190930,000000,674.62,730.18,673.02,704.70,4203027,0
AMAT.US,D,20191001,000000,720.41,721.95,708.30,711.41,4657101,0
AMAT.US,D,20191002,000000,700.29,705.03,671.79,674.69,5810320,0
AMAT.US,D,20191003,000000,678.96,684.80,645.94,656.84,5720322,0
AMAT.US,D,20191004,000000,653.11,655.97,652.55,655.83,4218957,0
AMAT.US,D,20191007,000000,664.14,674.23,660.86,673.62,4254893,0
AMAT.US,D,20191007,000000,672.25,683.10,633.56,650.28,2518825,0
AMAT.US,D,20191007,000000,651.99,653.36,647.06,653.06,5634177,0
AMAT.US,D,20191008,000000,643.58,702.93,635.87,688.05,4164390,0
AMAT.US,D,20191009,000000,679.24,722.68,676.62,707.55,3882146,0
AMAT.US,D,20191010,000000,693.88,747.83,689.78,740.43,2372203,0
AMAT.US,D,20191011,000000,751.80,775.15,750.30,773.74,5693958,0
AMAT.US,D,20191014,000000,771.57,777.34,768.92,775.66,3353520,0
AMAT.US,D,20191014,000000,769.54,784.33,767.69,781.00,3182914,0
AMAT.US,D,20191014,000000,796.97,808.99,659.32,727.04,4542696,0
AMAT.US,D,20191015,000000,728.89,730.81,723.48,726.89,5881050,0
AMAT.US,D,20191016,000000,714.28,743.14,710.75,740.45,5621091,0
AMAT.US,D,20191017,000000,743.47,744.24,741.45,743.71,4648481,0
AMAT.US,D,20191018,000000,752.93,764.04,749.35,761.08,3807866,0
AMAT.US,D,20191021,000000,773.50,779.15,754.88,756.19,5226054,0
AMAT.US,D,20191021,000000,746.40,752.28,703.25,711.36,5333599,0
AMAT.US,D,20191021,000000,707.40,721.68,706.24,721.65,3070047,0
AMAT.US,D,20191022,000000,731.21,738.00,724.47,724.52,4420641,0
AMAT.US,D,20191023,000000,729.61,738.71,674.09,697.06,4243566,0
AMAT.US,D,20191024,000000,699.74,700.59,670.32,684.51,4000580,0
AMAT.US,D,20191025,000000,691.24,701.67,687.23,697.87,2794441,0
AMAT.US,D,20191028,000000,694.23,698.64,692.24,697.62,5839420,0
AMAT.US,D,20191028,000000,689.97,695.21,687.27,693.63,4144127,0
AMAT.US,D,20191028,000000,686.71,702.57,685.37,696.08,4933653,0
AMAT.US,D,20191029,000000,690.73,697.16,686.32,693.15,4038844,0
AMAT.US,D,20191030,000000,688.21,723.96,675.05,720.62,4728633,0
AMAT.US,D,20191031,000000,709.45,713.36,694.65,699.05,3779907,0
AMAT.US,D,20191101,000000,697.13,701.31,669.82,676.69,2132617,0
AMAT.US,D,20191104,000000,675.66,678.58,660.71,661.86,3295643,0
AMAT.US,D,20191104,000000,669.79,674.12,661.54,663.15,5752936,0
AMAT.US,D,20191104,000000,676.02,686.13,589.49,616.47,3799064,0
AMAT.US,D,20191105,000000,610.12,611.59,605.69,607.76,3369379,0
AMAT.US,D,20191106,000000,601.78,632.56,590.45,623.57,3115890,0
AMAT.US,D,20191107,000000,626.41,636.96,624.84,635.78,2874755,0
AMAT.US,D,20191108,000000,640.70,651.28,631.50,646.35,2545499,0
AMAT.US,D,20191111,000000,648.20,719.54,631.98,701.86,5579682,0
AMAT.US,D,20191111,000000,710.14,728.72,696.15,722.03,3587431,0
AMAT.US,D,20191111,000000,712.81,758.71,707.24,752.11,2397718,0
AMAT.US,D,20191112,000000,762.36,808.38,759.00,796.13,3839987,0
AMAT.US,D,20191113,000000,791.78,800.40,734.51,745.09,5471705,0
AMAT.US,D,20191114,000000,742.15,748.48,741.88,746.97,2142614,0
AMAT.US,D,20191115,000000,746.46,768.54,744.90,762.56,5976186,0
AMAT.US,D,20191118,000000,749.90,832.57,724.03,807.33,4446082,0
AMAT.US,D,20191118,000000,826.06,830.09,807.96,811.54,4931689,0
AMAT.US,D,20191118,000000,821.53,865.90,818.10,847.82,2873356,0
AMAT.US,D,20191119,000000,846.01,847.23,796.98,802.83,4866216,0
AMAT.US,D,20191120,000000,816.75,830.96,759.35,764.06,5219387,0
AMAT.US,D,20191121,000000,770.71,781.63,662.88,694.10,4296646,0
AMAT.US,D,20191122,000000,691.01,695.56,654.86,665.88,3491652,0
AMAT.US,D,20191125,000000,665.18,665.57,663.38,664.85,5745397,0
AMAT.US,D,20191125,000000,658.21,684.42,650.51,683.32,4001258,0
AMAT.US,D,20191125,000000,698.27,705.26,646.05,661.54,5219878,0
AMAT.US,D,20191126,000000,659.86,668.61,618.68,621.74,3474373,0
AMAT.US,D,20191127,000000,647.28,649.51,612.47,619.40,2410668,0
AMAT.US,D,20191128,000000,618.20,619.17,568.51,589.05,5256441,0
AMAT.US,D,20191129,000000,587.23,591.21,552.44,554.28,2888777,0
AMAT.US,D,20191202,000000,543.33,547.32,532.72,536.26,4324865,0
AMAT.US,D,20191202,000000,537.70,541.13,514.77,516.48,10301377,0
AMAT.US,D,20191202,000000,520.79,524.49,500.90,502.18,9079013,0
AMAT.US,D,20191203,000000,507.40,513.50,461.77,478.14,12991157,0
AMAT.US,D,20191204,000000,474.25,479.37,437.38,447.70,16203989,0
AMAT.US,D,20191205,000000,451.22,460.61,422.65,428.28,9342112,0
AMAT.US,D,20191206,000000,429.95,432.29,388.71,404.01,15192574,0
AMAT.US,D,20191209,000000,400.95,404.70,378.75,386.44,20148418,0
AMAT.US,D,20191209,000000,386.90,396.25,358.18,359.27,17295200,0
AMAT.US,D,20191209,000000,359.18,366.47,331.82,335.37,13827673,0
AMAT.US,D,20191210,000000,332.02,332.48,305.80,311.69,28714695,0
AMAT.US,D,20191211,000000,310.20,310.32,298.69,301.68,4158852,0
AMAT.US,D,20191212,000000,299.03,304.67,296.57,304.15,2581104,0
AMAT.US,D,20191213,000000,302.75,303.15,302.32,302.81,2377110,0
AMAT.US,D,20191216,000000,304.65,305.29,301.76,303.37,4834165,0
AMAT.US,D,20191216,000000,297.33,314.61,296.99,307.82,4403344,0
AMAT.US,D,20191216,000000,306.92,307.74,294.88,296.02,4314592,0
AMAT.US,D,20191217,000000,296.63,298.91,283.07,286.80,4268290,0
AMAT.US,D,20191218,000000,278.30,310.82,274.60,303.41,2232776,0
AMAT.US,D,20191219,000000,302.44,302.49,294.52,299.06,4168062,0
AMAT.US,D,20191220,000000,296.56,307.32,293.32,305.59,4270725,0
AMAT.US,D,20191223,000000,302.83,305.58,302.60,303.80,2122123,0
AMAT.US,D,20191223,000000,314.53,317.22,293.28,293.57,3008135,0
AMAT.US,D,20191223,000000,301.24,302.47,279.38,280.97,5788005,0
AMAT.US,D,20191224,000000,285.14,285.48,282.07,282.69,2745067,0
AMAT.US,D,20191225,000000,286.54,309.55,281.68,303.29,4756328,0
AMAT.US,D,20191226,000000,297.74,343.61,291.21,328.58,3735269,0
AMAT.US,D,20191227,000000,323.33,325.11,312.02,317.04,2714644,0
AMAT.US,D,20191230,000000,316.43,317.83,306.27,310.88,2870552,0
AMAT.US,D,20191230,000000,308.94,317.78,308.00,311.77,3429953,0
AMAT.US,D,20191230,000000,312.20,312.29,305.36,305.38,3241254,0
AMAT.US,D,20191231,000000,308.66,308.81,307.74,308.42,3652577,0
AMAT.US,D,20200101,000000,309.39,318.73,307.80,316.65,2630790,0
AMAT.US,D,20200102,000000,314.71,322.11,304.13,306.92,3754444,0
AMAT.US,D,20200103,000000,309.70,315.81,307.50,312.41,2000846,0
AMAT.US,D,20200106,000000,312.85,331.97,311.05,324.19,5370990,0
AMAT.US,D,20200106,000000,324.39,346.47,322.42,342.31,3881097,0
AMAT.US,D,20200106,000000,343.33,345.65,328.25,333.49,5969617,0
AMAT.US,D,20200107,000000,339.44,351.85,339.09,345.77,4785062,0
AMAT.US,D,20200108,000000,345.48,349.35,319.48,328.13,5474556,0
AMAT.US,D,20200109,000000,332.37,341.01,332.22,339.96,5069353,0
AMAT.US,D,20200110,000000,339.34,370.71,328.94,362.73,4698755,0
AMAT.US,D,20200113,000000,364.13,369.39,347.88,350.42,5676490,0
AMAT.US,D,20200113,000000,356.27,369.06,327.79,332.99,3198786,0
AMAT.US,D,20200113,000000,335.11,335.77,329.92,330.66,3440562,0
AMAT.US,D,20200114,000000,329.38,333.34,308.62,310.89,5733230,0
AMAT.US,D,20200115,000000,309.54,325.90,306.07,318.61,5141833,0
AMAT.US,D,20200116,000000,314.66,317.02,302.11,303.10,4518955,0
AMAT.US,D,20200117,000000,302.63,308.15,288.02,292.05,4693960,0
AMAT.US,D,20200120,000000,296.11,296.82,279.40,281.50,4877016,0
AMAT.US,D,20200120,000000,283.43,284.44,272.76,278.04,4888450,0
AMAT.US,D,20200120,000000,276.35,292.61,270.89,290.73,2838405,0
AMAT.US,D,20200121,000000,288.82,318.83,281.76,318.37,2335410,0
AMAT.US,D,20200122,000000,318.71,318.77,316.16,316.58,5701618,0
AMAT.US,D,20200123,000000,313.17,314.01,312.80,313.98,5325808,0
AMAT.US,D,20200124,000000,321.71,337.16,268.58,284.41,2838242,0
AMAT.US,D,20200127,000000,289.10,293.88,268.71,269.87,4400020,0
AMAT.US,D,20200127,000000,264.85,289.89,258.47,288.85,4327716,0
AMAT.US,D,20200127,000000,294.48,296.53,279.65,282.63,2568306,0
AMAT.US,D,20200128,000000,283.51,286.15,264.16,273.40,3242986,0
AMAT.US,D,20200129,000000,270.68,272.63,262.53,265.95,2982077,0
AMAT.US,D,20200130,000000,260.24,305.32,250.35,301.28,3076585,0
AMAT.US,D,20200131,000000,299.44,302.87,296.08,300.53,4156134,0
AMAT.US,D,20200203,000000,299.14,303.04,290.82,296.86,4349470,0
AMAT.US,D,20200203,000000,298.35,300.84,297.66,300.77,4256221,0
AMAT.US,D,20200203,000000,290.32,294.95,285.09,285.29,4404020,0
AMAT.US,D,20200204,000000,283.30,286.22,259.38,268.03,2824827,0
AMAT.US,D,20200205,000000,265.09,284.56,262.29,280.21,5323225,0
AMAT.US,D,20200206,000000,282.01,285.84,278.43,279.73,2882281,0
AMAT.US,D,20200207,000000,277.53,288.66,273.16,285.77,3999522,0
AMAT.US,D,20200210,000000,289.44,292.98,279.22,282.12,2794719,0
AMAT.US,D,20200210,000000,280.04,284.65,278.70,281.33,4963393,0
AMAT.US,D,20200210,000000,282.03,282.49,278.01,279.37,5427936,0
AMAT.US,D,20200211,000000,274.82,284.55,272.48,282.08,3406961,0
AMAT.US,D,20200212,000000,285.36,285.53,280.03,282.82,2382662,0
AMAT.US,D,20200213,000000,287.16,287.33,283.87,285.53,2170904,0
AMAT.US,D,20200214,000000,280.72,280.91,267.33,272.74,2139133,0
AMAT.US,D,20200217,000000,272.71,274.50,261.82,261.91,2420818,0
AMAT.US,D,20200217,000000,267.03,276.77,266.28,273.54,3915897,0
AMAT.US,D,20200217,000000,274.19,276.56,239.94,248.34,2685082,0
AMAT.US,D,20200218,000000,243.98,245.15,243.08,244.65,4506444,0
AMAT.US,D,20200219,000000,248.47,261.31,239.07,257.82,5283315,0
AMAT.US,D,20200220,000000,261.14,263.29,255.94,258.65,5246227,0
AMAT.US,D,20200221,000000,256.34,258.96,255.30,258.67,4625545,0
AMAT.US,D,20200224,000000,260.23,261.03,255.60,257.09,5012790,0
AMAT.US,D,20200224,000000,258.34,259.19,255.07,256.98,4290432,0
AMAT.US,D,20200224,000000,259.05,263.23,258.50,261.21,3226583,0
AMAT.US,D,20200225,000000,260.34,274.03,257.43,272.51,5118606,0
AMAT.US,D,20200226,000000,267.97,272.68,267.91,272.28,2731682,0
AMAT.US,D,20200227,000000,276.22,279.13,223.77,243.56,5917834,0
AMAT.US,D,20200228,000000,246.14,254.95,244.37,252.53,5711769,0
AMAT.US,D,20200302,000000,252.16,260.62,251.74,258.90,2194713,0
AMAT.US,D,20200302,000000,259.57,259.65,244.48,245.69,2172149,0
AMAT.US,D,20200302,000000,244.24,261.72,240.48,257.85,2611958,0
AMAT.US,D,20200303,000000,258.69,260.18,241.44,246.06,5979458,0
AMAT.US,D,20200304,000000,242.89,245.92,242.84,245.73,3582803,0
AMAT.US,D,20200305,000000,246.68,246.92,233.13,239.62,5712985,0
AMAT.US,D,20200306,000000,240.03,246.28,239.70,244.95,2484539,0
AMAT.US,D,20200309,000000,242.82,261.15,240.52,255.65,2118783,0
AMAT.US,D,20200309,000000,256.27,280.27,245.21,279.57,4251217,0
AMAT.US,D,20200309,000000,275.03,285.11,274.49,283.02,4667693,0
AMAT.US,D,20200310,000000,283.68,288.67,283.03,288.18,3520341,0
AMAT.US,D,20200311,000000,291.96,296.96,283.09,283.74,2717560,0
AMAT.US,D,20200312,000000,285.26,285.93,246.17,259.57,2799982,0
AMAT.US,D,20200313,000000,261.25,261.61,261.19,261.55,2924774,0
AMAT.US,D,20200316,000000,260.51,261.83,257.50,258.27,4076945,0
AMAT.US,D,20200316,000000,255.79,257.53,250.56,251.03,5776562,0
AMAT.US,D,20200316,000000,251.69,252.85,223.85,225.42,2283517,0
AMAT.US,D,20200317,000000,222.65,225.05,211.70,212.61,4061003,0
AMAT.US,D,20200318,000000,208.18,227.10,207.75,224.25,2705416,0
AMAT.US,D,20200319,000000,222.11,234.48,218.93,230.35,5836909,0
AMAT.US,D,20200320,000000,229.28,230.18,213.93,214.46,3166946,0
AMAT.US,D,20200323,000000,215.62,216.89,203.34,204.93,3362556,0
AMAT.US,D,20200323,000000,201.85,202.18,190.27,190.77,5896671,0
AMAT.US,D,20200323,000000,192.23,192.74,188.23,189.10,4615653,0
AMAT.US,D,20200324,000000,186.02,197.73,184.15,195.51,5822270,0
AMAT.US,D,20200325,000000,196.46,197.68,185.77,186.76,3249781,0
AMAT.US,D,20200326,000000,188.25,196.33,186.95,195.41,4485957,0
AMAT.US,D,20200327,000000,193.01,193.42,182.76,184.52,3626897,0
AMAT.US,D,20200330,000000,184.58,184.81,175.14,178.96,5209561,0
AMAT.US,D,20200330,000000,176.00,185.07,171.63,184.15,3448149,0
AMAT.US,D,20200330,000000,185.02,193.33,184.25,191.63,5020805,0
AMAT.US,D,20200331,000000,189.53,189.83,181.42,182.26,5560187,0
AMAT.US,D,20200401,000000,178.78,182.76,177.01,182.68,2871061,0
AMAT.US,D,20200402,000000,178.94,187.46,178.43,187.19,2560477,0
AMAT.US,D,20200403,000000,189.88,191.29,185.66,186.62,5285399,0
AMAT.US,D,20200406,000000,180.46,190.35,179.31,189.42,5754779,0
AMAT.US,D,20200406,000000,187.98,188.40,185.84,185.96,3961561,0
AMAT.US,D,20200406,000000,188.93,189.20,187.15,187.25,3077500,0
AMAT.US,D,20200407,000000,185.70,194.51,185.58,192.02,5067999,0
AMAT.US,D,20200408,000000,192.68,192.80,192.11,192.37,2745451,0
AMAT.US,D,20200409,000000,195.16,195.20,195.15,195.20,4453233,0
AMAT.US,D,20200410,000000,192.75,198.99,192.40,198.56,2642197,0
AMAT.US,D,20200413,000000,201.56,210.40,171.38,176.47,5728944,0
AMAT.US,D,20200413,000000,174.68,180.27,174.21,180.14,5596083,0
AMAT.US,D,20200413,000000,179.05,179.19,173.51,174.77,3417282,0
AMAT.US,D,20200414,000000,174.31,192.33,172.94,190.30,5709246,0
AMAT.US,D,20200415,000000,191.89,194.21,191.51,192.91,2890029,0
AMAT.US,D,20200416,000000,187.90,192.74,161.64,166.81,3033519,0
AMAT.US,D,20200417,000000,169.81,189.73,167.68,183.77,4347626,0
AMAT.US,D,20200420,000000,182.34,186.70,179.39,184.95,5620152,0
AMAT.US,D,20200420,000000,183.59,186.20,182.72,186.12,5193546,0
AMAT.US,D,20200420,000000,186.23,187.13,183.60,183.93,3994903,0
AMAT.US,D,20200421,000000,181.53,192.24,181.51,187.10,5015944,0
AMAT.US,D,20200422,000000,186.43,189.79,181.35,182.99,5245696,0
AMAT.US,D,20200423,000000,187.50,187.50,185.84,186.71,4880066,0
AMAT.US,D,20200424,000000,185.19,195.18,183.34,193.13,3395268,0
AMAT.US,D,20200427,000000,193.57,202.40,193.39,199.54,2182054,0
AMAT.US,D,20200427,000000,199.55,200.71,192.78,194.67,2053544,0
AMAT.US,D,20200427,000000,194.51,194.72,186.75,189.45,5289797,0
AMAT.US,D,20200428,000000,187.17,201.45,186.98,197.65,2475230,0
AMAT.US,D,20200429,000000,196.94,199.67,196.37,199.44,5752550,0
AMAT.US,D,20200430,000000,198.16,200.68,189.31,192.29,3524947,0
AMAT.US,D,20200501,000000,189.18,203.12,187.63,202.49,5670904,0
AMAT.US,D,20200504,000000,204.74,206.02,198.91,202.64,2721126,0
AMAT.US,D,20200504,000000,199.00,203.14,198.53,202.12,4349804,0
AMAT.US,D,20200504,000000,208.68,210.98,199.31,203.44,2003009,0
AMAT.US,D,20200505,000000,198.77,201.85,192.41,192.99,2777504,0
AMAT.US,D,20200506,000000,191.57,192.09,172.40,175.50,4263689,0
AMAT.US,D,20200507,000000,174.55,177.36,173.83,176.79,5353082,0
AMAT.US,D,20200508,000000,180.39,180.72,157.56,163.66,3778852,0
AMAT.US,D,20200511,000000,163.90,164.35,163.34,163.67,5176243,0
AMAT.US,D,20200511,000000,163.59,168.01,163.24,164.80,4372532,0
AMAT.US,D,20200511,000000,165.73,168.84,146.74,155.70,3754766,0
AMAT.US,D,20200512,000000,154.98,159.24,146.99,152.42,4075908,0
AMAT.US,D,20200513,000000,148.70,164.64,147.36,158.65,2299427,0
AMAT.US,D,20200514,000000,153.30,170.06,151.07,165.19,2905387,0
AMAT.US,D,20200515,000000,161.86,176.78,157.87,173.88,5888378,0
AMAT.US,D,20200518,000000,175.84,188.84,173.88,187.77,4039389,0
AMAT.US,D,20200518,000000,180.91,182.54,180.26,182.30,4151838,0
AMAT.US,D,20200518,000000,188.24,189.40,187.77,189.27,4089598,0
AMAT.US,D,20200519,000000,185.76,186.82,185.49,186.58,4646322,0
AMAT.US,D,20200520,000000,187.00,187.80,184.58,186.11,2551542,0
AMAT.US,D,20200521,000000,188.49,189.34,157.33,167.50,4953674,0
AMAT.US,D,20200522,000000,170.79,176.84,167.56,174.84,5245446,0
AMAT.US,D,20200525,000000,175.32,177.13,155.58,164.39,3956986,0
AMAT.US,D,20200525,000000,164.67,165.76,145.15,152.83,3899452,0
AMAT.US,D,20200525,000000,153.73,154.05,150.61,152.55,4401816,0
AMAT.US,D,20200526,000000,148.38,148.45,143.30,145.25,3712578,0
AMAT.US,D,20200527,000000,143.07,160.02,138.69,158.10,2454736,0
AMAT.US,D,20200528,000000,162.65,164.79,143.97,149.14,3791015,0
AMAT.US,D,20200529,000000,148.92,150.90,127.47,135.41,3790863,0
AMAT.US,D,20200601,000000,138.85,140.04,130.49,135.09,5173182,0
AMAT.US,D,20200601,000000,137.01,146.99,135.53,145.70,4217844,0
AMAT.US,D,20200601,000000,148.46,159.38,146.73,157.87,2250936,0
AMAT.US,D,20200602,000000,157.48,165.96,156.84,163.88,5657146,0
AMAT.US,D,20200603,000000,164.78,165.24,164.30,164.53,4762362,0
AMAT.US,D,20200604,000000,171.42,172.23,154.11,159.50,5368767,0
AMAT.US,D,20200605,000000,154.05,204.38,152.41,189.14,3661289,0
AMAT.US,D,20200608,000000,185.56,186.70,178.42,179.10,5928461,0
AMAT.US,D,20200608,000000,180.74,181.31,173.09,179.71,5929286,0
AMAT.US,D,20200608,000000,180.21,182.75,175.92,179.53,4956664,0
AMAT.US,D,20200609,000000,177.95,183.01,176.10,181.89,3877073,0
AMAT.US,D,20200610,000000,183.75,217.39,181.16,209.96,3947372,0
AMAT.US,D,20200611,000000,215.08,216.15,179.68,184.22,3327790,0
AMAT.US,D,20200612,000000,187.64,193.54,173.01,175.00,2492441,0
AMAT.US,D,20200615,000000,178.10,182.07,177.11,182.01,3783532,0
AMAT.US,D,20200615,000000,180.23,185.24,179.57,183.37,4429896,0
AMAT.US,D,20200615,000000,185.55,196.35,184.22,193.09,3107871,0
AMAT.US,D,20200616,000000,189.62,190.58,184.45,185.34,2211028,0
AMAT.US,D,20200617,000000,187.26,196.14,185.95,194.75,4363529,0
AMAT.US,D,20200618,000000,198.03,204.60,197.82,201.67,4378615,0
AMAT.US,D,20200619,000000,205.64,210.77,194.47,198.61,5013104,0
AMAT.US,D,20200622,000000,198.14,199.44,185.95,193.36,3931387,0
AMAT.US,D,20200622,000000,185.77,198.54,183.10,194.12,3547807,0
AMAT.US,D,20200622,000000,195.57,200.21,190.23,190.53,4092061,0
AMAT.US,D,20200623,000000,191.21,200.76,173.15,180.59,5684817,0
AMAT.US,D,20200624,000000,179.99,183.58,179.91,183.43,4772111,0
AMAT.US,D,20200625,000000,185.23,196.60,184.45,193.53,2631658,0
AMAT.US,D,20200626,000000,189.98,215.46,187.98,209.72,5747261,0
AMAT.US,D,20200629,000000,202.69,206.21,202.09,206.05,3407819,0
AMAT.US,D,20200629,000000,210.34,211.39,202.42,206.66,4989917,0
AMAT.US,D,20200629,000000,204.03,205.06,203.65,204.70,2102663,0
AMAT.US,D,20200630,000000,205.55,220.85,202.05,220.48,4186782,0
AMAT.US,D,20200701,000000,222.51,222.62,206.85,209.36,4996169,0
AMAT.US,D,20200702,000000,212.32,214.66,185.29,195.17,5994531,0
AMAT.US,D,20200703,000000,191.82,194.42,191.45,193.89,4499332,0
AMAT.US,D,20200706,000000,192.36,213.61,184.97,210.79,3975656,0
AMAT.US,D,20200706,000000,207.56,229.77,205.12,225.11,4030281,0
AMAT.US,D,20200706,000000,221.49,223.51,211.68,213.05,3945943,0
AMAT.US,D,20200707,000000,213.29,215.06,194.01,199.30,3286187,0
AMAT.US,D,20200708,000000,197.26,197.36,197.16,197.16,4248697,0
AMAT.US,D,20200709,000000,194.61,195.87,186.10,190.00,5777720,0
AMAT.US,D,20200710,000000,195.41,200.81,183.05,188.65,5570378,0
AMAT.US,D,20200713,000000,185.79,187.35,164.95,168.95,5970408,0
AMAT.US,D,20200713,000000,166.31,173.95,166.23,172.15,5139072,0
AMAT.US,D,20200713,000000,172.75,173.85,170.48,170.81,2282381,0
AMAT.US,D,20200714,000000,170.79,173.11,153.93,154.42,2694572,0
AMAT.US,D,20200715,000000,153.58,173.83,150.96,166.09,4322404,0
AMAT.US,D,20200716,000000,167.85,170.74,165.88,169.11,2508114,0
AMAT.US,D,20200717,000000,167.11,170.93,146.44,149.67,2204071,0
AMAT.US,D,20200720,000000,150.10,156.09,147.10,154.27,5607536,0
AMAT.US,D,20200720,000000,153.58,154.18,147.99,148.91,2640511,0
AMAT.US,D,20200720,000000,146.91,146.94,143.07,144.78,2374770,0
AMAT.US,D,20200721,000000,142.42,142.97,129.04,131.22,4439183,0
AMAT.US,D,20200722,000000,129.29,138.40,127.55,135.60,4696470,0
AMAT.US,D,20200723,000000,135.13,135.91,132.56,133.00,3348293,0
AMAT.US,D,20200724,000000,132.00,132.15,127.99,129.63,4687045,0
AMAT.US,D,20200727,000000,129.57,131.19,127.99,128.42,3133736,0
AMAT.US,D,20200727,000000,129.86,132.97,123.18,123.24,4802309,0
AMAT.US,D,20200727,000000,125.53,130.71,124.79,130.18,5061570,0
AMAT.US,D,20200728,000000,135.28,135.63,132.86,133.15,5783955,0
AMAT.US,D,20200729,000000,130.15,137.88,129.49,136.72,2467604,0
AMAT.US,D,20200730,000000,135.70,136.83,125.89,127.34,5342996,0
AMAT.US,D,20200731,000000,127.08,128.03,126.64,128.01,4674644,0
AMAT.US,D,20200803,000000,126.56,127.72,124.36,125.10,4995877,0
AMAT.US,D,20200803,000000,125.86,126.06,124.19,125.57,5246582,0
AMAT.US,D,20200803,000000,126.70,127.38,119.42,121.54,5263149,0
AMAT.US,D,20200804,000000,119.06,119.44,114.65,115.96,4495209,0
AMAT.US,D,20200805,000000,117.01,119.41,99.70,100.96,5405232,0
AMAT.US,D,20200806,000000,100.23,102.83,99.67,102.44,3697320,0
AMAT.US,D,20200807,000000,101.53,101.99,97.72,98.66,4681354,0
AMAT.US,D,20200810,000000,100.22,100.45,93.56,94.77,4513787,0
AMAT.US,D,20200810,000000,93.45,97.00,91.40,96.98,3107906,0
AMAT.US,D,20200810,000000,96.92,100.85,96.68,99.42,5999047,0
AMAT.US,D,20200811,000000,99.38,107.96,98.32,107.71,4924126,0
AMAT.US,D,20200812,000000,108.27,108.38,105.49,105.54,5814910,0
AMAT.US,D,20200813,000000,105.67,109.99,105.61,108.94,3339992,0
AMAT.US,D,20200814,000000,107.26,109.88,97.30,98.94,3211780,0
AMAT.US,D,20200817,000000,98.07,100.36,90.24,92.22,2437221,0
AMAT.US,D,20200817,000000,93.31,94.07,88.02,88.27,2409367,0
AMAT.US,D,20200817,000000,89.39,89.49,83.45,85.19,4526705,0
AMAT.US,D,20200818,000000,86.05,86.10,84.21,85.01,3809333,0
AMAT.US,D,20200819,000000,85.21,88.37,84.76,87.42,5571404,0
AMAT.US,D,20200820,000000,86.68,91.80,86.20,90.09,5579505,0
AMAT.US,D,20200821,000000,89.85,91.04,89.81,90.86,2647697,0
AMAT.US,D,20200824,000000,90.72,91.67,88.18,88.43,5747541,0
AMAT.US,D,20200824,000000,89.82,91.11,79.88,81.18,5347400,0
AMAT.US,D,20200824,000000,79.84,86.47,79.49,85.86,2229927,0
AMAT.US,D,20200825,000000,85.82,86.17,85.46,85.72,4978706,0
AMAT.US,D,20200826,000000,86.63,87.27,83.58,84.84,4920337,0
AMAT.US,D,20200827,000000,86.16,86.29,80.59,81.81,3407213,0
AMAT.US,D,20200828,000000,82.47,84.40,82.36,83.53,5394891,0
AMAT.US,D,20200831,000000,82.60,84.99,74.85,76.95,2644470,0
AMAT.US,D,20200831,000000,75.03,80.01,74.67,76.48,4630431,0
AMAT.US,D,20200831,000000,76.80,90.67,75.76,87.62,3712212,0
AMAT.US,D,20200901,000000,90.20,90.68,88.75,88.86,3383066,0
AMAT.US,D,20200902,000000,86.85,88.50,86.59,88.16,5749091,0
AMAT.US,D,20200903,000000,87.42,94.77,86.92,94.30,3641786,0
AMAT.US,D,20200904,000000,94.10,95.17,88.71,89.88,3473492,0
AMAT.US,D,20200907,000000,88.86,94.29,86.28,93.18,2045974,0
AMAT.US,D,20200907,000000,95.55,104.48,93.52,99.97,4554035,0
AMAT.US,D,20200907,000000,99.23,99.52,97.95,98.78,5149435,0
AMAT.US,D,20200908,000000,98.67,107.43,97.76,104.34,5086894,0
AMAT.US,D,20200909,000000,106.10,114.75,105.74,111.05,4852525,0
AMAT.US,D,20200910,000000,111.41,114.77,111.18,114.44,5098271,0
AMAT.US,D,20200911,000000,112.16,112.37,109.74,109.84,5969219,0
AMAT.US,D,20200914,000000,108.20,108.33,106.84,107.79,5499918,0
AMAT.US,D,20200914,000000,107.81,111.35,106.48,110.67,3705888,0
AMAT.US,D,20200914,000000,108.58,120.35,106.81,116.03,2849626,0
AMAT.US,D,20200915,000000,113.66,114.04,110.37,110.83,5583856,0
AMAT.US,D,20200916,000000,113.20,113.44,106.16,107.47,4621163,0
AMAT.US,D,20200917,000000,108.87,111.23,108.84,111.13,3954363,0
AMAT.US,D,20200918,000000,111.70,113.49,108.53,108.94,3465458,0
AMAT.US,D,20200921,000000,107.01,107.25,105.41,105.70,4481935,0
AMAT.US,D,20200921,000000,105.38,111.12,104.88,110.07,3273283,0
AMAT.US,D,20200921,000000,109.46,111.08,104.83,105.12,5802889,0
AMAT.US,D,20200922,000000,106.51,107.84,102.14,104.11,2728651,0
AMAT.US,D,20200923,000000,103.27,105.54,93.68,95.42,3592518,0
AMAT.US,D,20200924,000000,96.94,97.39,93.44,94.20,5638064,0
AMAT.US,D,20200925,000000,90.76,91.55,89.52,89.81,3086726,0
AMAT.US,D,20200928,000000,87.51,95.85,86.67,93.93,3983045,0
AMAT.US,D,20200928,000000,92.39,93.20,82.96,84.31,2580073,0
AMAT.US,D,20200928,000000,86.31,88.36,71.61,75.00,4843654,0
AMAT.US,D,20200929,000000,74.53,77.42,74.24,77.29,4589164,0
AMAT.US,D,20200930,000000,75.61,78.70,75.29,78.57,2985482,0
AMAT.US,D,20201001,000000,76.98,78.89,76.58,78.38,4673355,0
AMAT.US,D,20201002,000000,79.56,79.72,67.26,70.86,5898300,0
AMAT.US,D,20201005,000000,70.40,77.32,69.53,75.84,3410747,0
AMAT.US,D,20201005,000000,73.56,75.73,73.39,74.88,5261415,0
AMAT.US,D,20201005,000000,74.75,82.64,73.99,79.59,3512606,0
AMAT.US,D,20201006,000000,80.75,81.35,77.37,78.63,3451032,0
AMAT.US,D,20201007,000000,79.41,80.39,76.46,77.69,5964258,0
AMAT.US,D,20201008,000000,77.33,79.47,69.19,70.01,5788826,0
AMAT.US,D,20201009,000000,67.99,68.96,67.75,68.50,4184486,0
AMAT.US,D,20201012,000000,69.18,70.30,61.72,63.71,3694815,0
AMAT.US,D,20201012,000000,63.74,64.08,60.94,61.02,5555875,0
AMAT.US,D,20201012,000000,61.71,62.13,59.80,60.44,4929610,0
AMAT.US,D,20201013,000000,61.88,62.10,53.12,55.89,5996335,0
AMAT.US,D,20201014,000000,55.74,60.14,54.67,58.85,3678497,0
AMAT.US,D,20201015,000000,59.27,59.77,56.98,57.60,5689689,0
AMAT.US,D,20201016,000000,57.15,57.20,55.89,56.21,2386555,0
AMAT.US,D,20201019,000000,56.27,56.33,54.87,55.31,3907036,0
AMAT.US,D,20201019,000000,55.04,55.77,52.60,52.80,5453264,0
AMAT.US,D,20201019,000000,53.37,53.96,49.72,50.96,3483623,0
AMAT.US,D,20201020,000000,49.90,50.30,46.75,47.65,3471181,0
AMAT.US,D,20201021,000000,48.44,48.91,43.70,46.17,8548425,0
AMAT.US,D,20201022,000000,47.57,48.06,44.40,45.01,12601704,0
AMAT.US,D,20201023,000000,45.13,45.30,40.92,42.78,8386701,0
AMAT.US,D,20201026,000000,42.97,43.03,40.28,41.21,12142010,0
AMAT.US,D,20201026,000000,40.07,40.74,38.38,38.97,11427081,0
AMAT.US,D,20201026,000000,39.25,39.50,36.27,36.31,20432368,0
AMAT.US,D,20201027,000000,36.88,37.74,32.45,33.94,4723672,0
AMAT.US,D,20201028,000000,33.32,35.56,32.17,35.55,3913457,0
AMAT.US,D,20201029,000000,34.71,39.10,34.06,37.26,5790601,0
AMAT.US,D,20201030,000000,36.43,39.81,36.38,39.69,4073032,0
AMAT.US,D,20201102,000000,39.90,40.54,39.77,40.46,3688918,0
AMAT.US,D,20201102,000000,40.28,40.61,36.26,37.92,3133881,0
AMAT.US,D,20201102,000000,37.61,38.21,34.05,34.69,5969830,0
AMAT.US,D,20201103,000000,34.42,36.80,34.08,36.30,4208223,0
AMAT.US,D,20201104,000000,36.09,36.13,35.94,35.95,5926420,0
AMAT.US,D,20201105,000000,35.67,35.77,35.07,35.14,4344613,0
AMAT.US,D,20201106,000000,34.75,35.00,34.14,34.36,3092136,0
AMAT.US,D,20201109,000000,34.59,37.64,33.80,37.36,3502172,0
AMAT.US,D,20201109,000000,38.67,38.88,33.31,33.43,4143724,0
AMAT.US,D,20201109,000000,33.93,37.31,33.31,36.34,2913110,0
AMAT.US,D,20201110,000000,36.62,37.67,36.53,37.00,2642507,0
AMAT.US,D,20201111,000000,36.97,37.03,36.68,36.89,2919939,0
AMAT.US,D,20201112,000000,37.34,38.93,37.00,38.75,2447160,0
AMAT.US,D,20201113,000000,38.76,39.06,38.76,39.03,3238335,0
AMAT.US,D,20201116,000000,39.35,41.04,39.11,40.21,2457383,0
AMAT.US,D,20201116,000000,39.58,39.65,38.10,38.73,2075449,0
AMAT.US,D,20201116,000000,38.50,40.88,38.46,40.17,4442801,0
AMAT.US,D,20201117,000000,39.96,40.25,37.67,38.20,5112818,0
AMAT.US,D,20201118,000000,39.07,39.13,37.01,37.98,2181461,0
AMAT.US,D,20201119,000000,37.98,39.64,37.76,39.04,4912535,0
AMAT.US,D,20201120,000000,39.17,39.17,38.56,38.66,2163703,0
AMAT.US,D,20201123,000000,38.24,38.91,35.75,36.27,5777687,0
AMAT.US,D,20201123,000000,35.71,35.72,34.02,34.73,4081803,0
AMAT.US,D,20201123,000000,35.14,35.39,34.97,35.25,5879018,0
AMAT.US,D,20201124,000000,35.09,35.33,33.83,34.45,2566521,0
AMAT.US,D,20201125,000000,34.49,35.85,33.95,35.12,5696509,0
AMAT.US,D,20201126,000000,34.64,34.85,33.23,33.75,5281284,0
AMAT.US,D,20201127,000000,33.12,33.36,31.15,31.25,2807602,0
AMAT.US,D,20201130,000000,31.35,33.57,31.34,32.60,5951666,0
AMAT.US,D,20201130,000000,32.05,32.94,32.02,32.77,3868790,0
AMAT.US,D,20201130,000000,32.54,33.23,32.41,32.64,4454597,0
AMAT.US,D,20201201,000000,33.01,33.69,32.92,33.55,5608616,0
AMAT.US,D,20201202,000000,34.06,35.81,33.60,35.39,3175298,0
AMAT.US,D,20201203,000000,35.12,35.88,34.95,35.57,3294366,0
AMAT.US,D,20201204,000000,36.77,37.72,36.48,37.32,4820263,0
AMAT.US,D,20201207,000000,37.35,41.90,37.05,40.16,5393407,0
AMAT.US,D,20201207,000000,40.71,44.34,40.04,43.38,3464146,0
AMAT.US,D,20201207,000000,42.77,43.44,38.68,38.74,4948749,0
AMAT.US,D,20201208,000000,38.12,39.32,38.09,38.39,5397607,0
AMAT.US,D,20201209,000000,38.19,38.73,38.17,38.53,3775946,0
AMAT.US,D,20201210,000000,39.30,39.41,37.01,37.07,5770580,0
AMAT.US,D,20201211,000000,36.44,38.18,36.41,37.83,2056119,0
AMAT.US,D,20201214,000000,37.49,37.93,34.91,36.12,5096245,0
AMAT.US,D,20201214,000000,36.28,36.31,35.96,36.09,4999535,0
AMAT.US,D,20201214,000000,36.74,36.81,36.58,36.59,3174846,0
AMAT.US,D,20201215,000000,36.85,37.42,33.40,34.01,5148279,0
AMAT.US,D,20201216,000000,34.83,35.03,33.82,34.14,5928135,0
AMAT.US,D,20201217,000000,34.00,35.12,33.63,34.98,5843844,0
AMAT.US,D,20201218,000000,34.74,35.91,34.56,35.61,5074778,0
AMAT.US,D,20201221,000000,36.50,36.54,33.87,33.90,5397399,0
AMAT.US,D,20201221,000000,33.84,34.19,31.07,31.81,3554643,0
AMAT.US,D,20201221,000000,32.04,32.47,28.32,29.72,5121650,0
AMAT.US,D,20201222,000000,29.95,30.08,29.90,29.99,4451807,0
AMAT.US,D,20201223,000000,30.57,33.93,30.57,33.71,2225902,0
AMAT.US,D,20201224,000000,34.60,35.72,30.77,31.65,3215146,0
AMAT.US,D,20201225,000000,32.04,35.33,31.24,34.05,4174559,0
AMAT.US,D,20201228,000000,33.78,36.85,32.83,36.79,5654096,0
AMAT.US,D,20201228,000000,36.97,37.24,35.48,36.00,2786638,0
AMAT.US,D,20201228,000000,34.99,35.08,33.46,33.76,2949395,0
AMAT.US,D,20201229,000000,33.70,34.71,33.58,34.65,4533757,0
AMAT.US,D,20201230,000000,33.80,42.62,31.32,39.66,3097138,0
AMAT.US,D,20201231,000000,39.11,40.16,35.54,36.30,5600968,0
AMAT.US,D,20210101,000000,35.67,39.08,35.62,38.95,5330066,0
AMAT.US,D,20210104,000000,39.17,39.88,32.35,34.59,3883581,0
AMAT.US,D,20210104,000000,33.01,37.71,32.41,37.06,2904776,0
AMAT.US,D,20210104,000000,37.18,37.65,36.72,36.74,5550630,0
AMAT.US,D,20210105,000000,36.23,38.66,35.53,37.76,4377850,0
AMAT.US,D,20210106,000000,38.05,38.83,34.89,35.26,4711156,0
AMAT.US,D,20210107,000000,35.05,35.81,33.23,33.24,4411104,0
AMAT.US,D,20210108,000000,34.35,34.57,32.98,33.56,5246633,0
AMAT.US,D,20210111,000000,33.73,36.86,32.81,36.16,2081802,0
AMAT.US,D,20210111,000000,36.53,36.94,34.86,35.04,4294693,0
AMAT.US,D,20210111,000000,34.64,36.38,28.53,29.79,4442416,0
AMAT.US,D,20210112,000000,28.84,30.01,28.80,29.86,2402158,0
AMAT.US,D,20210113,000000,30.17,31.52,30.00,30.95,4443126,0
AMAT.US,D,20210114,000000,30.81,36.97,29.88,34.85,5357670,0
AMAT.US,D,20210115,000000,34.57,38.93,34.16,38.39,2458179,0
AMAT.US,D,20210118,000000,38.64,40.15,38.51,39.91,5871498,0
AMAT.US,D,20210118,000000,40.96,48.11,37.97,45.46,4613680,0
AMAT.US,D,20210118,000000,45.26,45.55,42.48,43.45,2855722,0
AMAT.US,D,20210119,000000,42.38,46.52,41.71,44.78,3249662,0
AMAT.US,D,20210120,000000,44.51,45.09,43.72,43.91,2573686,0
AMAT.US,D,20210121,000000,43.13,45.54,42.96,45.38,3413142,0
AMAT.US,D,20210122,000000,46.90,50.39,46.74,48.58,5776811,0
AMAT.US,D,20210125,000000,48.81,48.96,44.05,45.21,3156007,0
AMAT.US,D,20210125,000000,44.95,45.89,44.90,45.72,4140398,0
AMAT.US,D,20210125,000000,44.98,45.63,44.87,45.54,4386011,0
AMAT.US,D,20210126,000000,46.10,48.85,46.01,47.31,3968624,0
AMAT.US,D,20210127,000000,47.60,48.34,44.98,45.44,3801280,0
AMAT.US,D,20210128,000000,46.22,47.24,44.19,44.35,2955245,0
AMAT.US,D,20210129,000000,46.11,46.33,44.22,45.21,5050889,0
AMAT.US,D,20210201,000000,43.77,46.66,43.53,45.38,4791865,0
AMAT.US,D,20210201,000000,45.37,46.52,45.10,46.17,3150056,0
AMAT.US,D,20210201,000000,46.94,56.27,45.93,53.57,5312811,0
AMAT.US,D,20210202,000000,51.91,57.56,50.24,57.21,3448825,0
AMAT.US,D,20210203,000000,57.67,62.72,57.22,61.77,3339339,0
AMAT.US,D,20210204,000000,60.46,60.92,59.04,59.38,5305150,0
AMAT.US,D,20210205,000000,59.37,62.50,59.09,61.68,3138238,0
AMAT.US,D,20210208,000000,61.63,63.36,56.74,58.07,4462672,0
AMAT.US,D,20210208,000000,58.34,58.98,58.09,58.80,2829618,0
AMAT.US,D,20210208,000000,59.78,60.87,58.37,59.01,3506216,0
AMAT.US,D,20210209,000000,58.24,59.84,52.20,54.10,5223592,0
AMAT.US,D,20210210,000000,52.81,59.80,51.45,58.99,3361266,0
AMAT.US,D,20210211,000000,58.40,60.05,57.57,59.74,4321857,0
AMAT.US,D,20210212,000000,61.17,61.40,60.86,61.34,2429521,0
AMAT.US,D,20210215,000000,59.89,61.64,58.89,61.43,3699810,0
AMAT.US,D,20210215,000000,61.35,64.04,61.21,63.83,2487943,0
AMAT.US,D,20210215,000000,64.86,65.01,59.72,60.65,2362328,0
AMAT.US,D,20210216,000000,60.39,65.81,59.92,65.08,4435790,0
AMAT.US,D,20210217,000000,64.96,64.97,63.68,64.23,2504621,0
AMAT.US,D,20210218,000000,63.22,65.80,62.41,65.15,5088180,0
AMAT.US,D,20210219,000000,65.84,65.94,64.45,65.00,3389734,0
AMAT.US,D,20210222,000000,65.04,65.06,64.21,64.45,2430129,0
AMAT.US,D,20210222,000000,63.15,64.21,63.12,63.59,4518621,0
AMAT.US,D,20210222,000000,65.08,66.01,60.35,61.59,4406319,0
AMAT.US,D,20210223,000000,61.37,62.98,56.93,57.42,5506154,0
AMAT.US,D,20210224,000000,58.47,58.57,53.86,55.15,5483262,0
AMAT.US,D,20210225,000000,54.50,54.64,53.25,53.39,4605810,0
AMAT.US,D,20210226,000000,53.81,58.40,53.29,58.37,3869286,0
AMAT.US,D,20210301,000000,59.08,59.35,52.25,54.45,5674915,0
AMAT.US,D,20210301,000000,53.65,53.75,52.52,53.13,4289232,0
AMAT.US,D,20210301,000000,52.61,53.17,50.47,51.30,3207743,0
AMAT.US,D,20210302,000000,51.34,52.52,46.90,48.60,3427292,0
AMAT.US,D,20210303,000000,46.83,47.38,46.10,46.57,4494584,0
AMAT.US,D,20210304,000000,47.41,47.87,36.47,38.63,5628230,0
AMAT.US,D,20210305,000000,38.81,39.41,36.71,37.22,4038830,0
AMAT.US,D,20210308,000000,37.84,39.17,36.39,38.88,2529842,0
AMAT.US,D,20210308,000000,39.49,43.85,39.04,42.03,2262789,0
AMAT.US,D,20210308,000000,42.79,42.96,36.63,36.74,3204326,0
AMAT.US,D,20210309,000000,36.90,37.29,33.92,35.47,4223269,0
AMAT.US,D,20210310,000000,35.49,35.54,34.81,34.97,2063886,0
AMAT.US,D,20210311,000000,35.47,36.16,34.74,35.66,4742320,0
AMAT.US,D,20210312,000000,36.66,40.25,36.26,39.96,2322128,0
AMAT.US,D,20210315,000000,39.86,41.08,35.45,36.04,5381665,0
AMAT.US,D,20210315,000000,37.35,38.33,37.10,38.17,2072175,0
AMAT.US,D,20210315,000000,39.85,39.87,39.43,39.67,3696479,0
AMAT.US,D,20210316,000000,39.70,42.36,39.64,41.45,4847223,0
AMAT.US,D,20210317,000000,40.79,40.89,39.13,40.10,5405186,0
AMAT.US,D,20210318,000000,40.74,42.49,40.05,42.05,3647397,0
AMAT.US,D,20210319,000000,41.77,42.36,41.48,42.15,5717304,0
