<TICKER>,<PER>,<DATE>,<TIME>,<OPEN>,<HIGH>,<LOW>,<CLOSE>,<VOL>,<OPENINT>
AMC.US,D,20180102,000000,8.00,8.23,7.96,8.20,26148192,0
AMC.US,D,20180103,000000,8.23,8.28,8.08,8.09,33533434,0
AMC.US,D,20180104,000000,8.12,8.39,8.09,8.38,16103596,0
AMC.US,D,20180105,000000,8.41,8.68,8.40,8.64,25006779,0
AMC.US,D,20180108,000000,8.76,9.00,8.00,8.21,12539294,0
AMC.US,D,20180108,000000,8.19,8.28,8.17,8.25,29248276,0
AMC.US,D,20180108,000000,8.22,8.29,8.17,8.27,25100879,0
AMC.US,D,20180109,000000,8.12,8.26,8.12,8.22,30507450,0
AMC.US,D,20180110,000000,8.25,8.34,8.20,8.21,15646828,0
AMC.US,D,20180111,000000,8.16,8.34,8.16,8.32,26979107,0
AMC.US,D,20180112,000000,8.35,8.51,8.26,8.47,28895005,0
AMC.US,D,20180115,000000,8.55,8.57,7.94,8.26,12670406,0
AMC.US,D,20180115,000000,8.26,8.43,8.24,8.37,26008081,0
AMC.US,D,20180115,000000,8.29,8.30,8.11,8.13,35613047,0
AMC.US,D,20180116,000000,8.05,8.39,7.97,8.30,24788666,0
AMC.US,D,20180117,000000,8.23,8.24,7.84,7.90,29134288,0
AMC.US,D,20180118,000000,7.90,8.05,7.45,7.46,26517189,0
AMC.US,D,20180119,000000,7.52,7.90,7.45,7.80,26473352,0
AMC.US,D,20180122,000000,7.94,7.98,7.83,7.84,15631684,0
AMC.US,D,20180122,000000,7.78,8.12,7.69,8.06,18058568,0
AMC.US,D,20180122,000000,8.04,8.05,7.90,7.91,37255743,0
AMC.US,D,20180123,000000,7.87,7.89,7.81,7.83,27423983,0
AMC.US,D,20180124,000000,7.74,8.01,7.73,8.01,18630984,0
AMC.US,D,20180125,000000,8.09,8.18,7.79,7.86,24579754,0
AMC.US,D,20180126,000000,7.81,7.82,7.71,7.73,21661598,0
AMC.US,D,20180129,000000,7.74,8.21,7.65,8.12,33634234,0
AMC.US,D,20180129,000000,8.13,8.21,8.12,8.18,15789215,0
AMC.US,D,20180129,000000,8.17,8.79,8.13,8.61,26462112,0
AMC.US,D,20180130,000000,8.60,8.74,8.07,8.20,34613323,0
AMC.US,D,20180131,000000,8.25,8.26,8.11,8.13,31798779,0
AMC.US,D,20180201,000000,8.28,8.33,7.99,8.06,24287266,0
AMC.US,D,20180202,000000,8.05,8.34,7.99,8.28,20728250,0
AMC.US,D,20180205,000000,8.33,8.52,8.31,8.48,29912320,0
AMC.US,D,20180205,000000,8.46,8.53,8.42,8.48,14685461,0
AMC.US,D,20180205,000000,8.43,9.06,8.39,8.92,25772551,0
AMC.US,D,20180206,000000,8.92,9.04,8.90,8.98,24107172,0
AMC.US,D,20180207,000000,8.99,9.04,8.98,9.01,36813743,0
AMC.US,D,20180208,000000,8.96,9.41,8.94,9.33,16620613,0
AMC.US,D,20180209,000000,9.38,9.42,9.23,9.25,23166258,0
AMC.US,D,20180212,000000,9.19,9.21,9.18,9.21,16733162,0
AMC.US,D,20180212,000000,9.25,9.53,9.21,9.46,16508713,0
AMC.US,D,20180212,000000,9.45,9.45,9.41,9.45,20037080,0
AMC.US,D,20180213,000000,9.51,9.55,9.33,9.39,16656869,0
AMC.US,D,20180214,000000,9.40,9.40,9.32,9.32,16651431,0
AMC.US,D,20180215,000000,9.37,9.42,9.33,9.39,17373857,0
AMC.US,D,20180216,000000,9.49,9.67,9.48,9.61,28552212,0
AMC.US,D,20180219,000000,9.67,10.04,9.66,10.03,37155275,0
AMC.US,D,20180219,000000,9.99,10.05,9.91,9.93,24677105,0
AMC.US,D,20180219,000000,9.92,9.93,9.75,9.75,37315495,0
AMC.US,D,20180220,000000,9.74,9.80,9.67,9.72,32585280,0
AMC.US,D,20180221,000000,9.83,9.90,9.42,9.53,23479210,0
AMC.US,D,20180222,000000,9.60,10.17,9.56,9.99,12986748,0
AMC.US,D,20180223,000000,9.85,9.89,9.70,9.71,31317413,0
AMC.US,D,20180226,000000,9.72,9.93,9.70,9.88,25506314,0
AMC.US,D,20180226,000000,9.84,9.86,9.79,9.80,34426257,0
AMC.US,D,20180226,000000,9.78,9.81,9.69,9.76,27915623,0
AMC.US,D,20180227,000000,9.77,9.80,9.76,9.79,21133068,0
AMC.US,D,20180228,000000,9.78,9.79,9.63,9.66,31323368,0
AMC.US,D,20180301,000000,9.64,9.64,9.14,9.25,33309335,0
AMC.US,D,20180302,000000,9.23,9.85,9.12,9.57,28326175,0
AMC.US,D,20180305,000000,9.55,9.58,9.40,9.47,17545674,0
AMC.US,D,20180305,000000,9.52,9.54,9.24,9.33,34448214,0
AMC.US,D,20180305,000000,9.28,9.29,9.01,9.02,36932553,0
AMC.US,D,20180306,000000,9.05,9.07,8.99,9.02,23330393,0
AMC.US,D,20180307,000000,9.03,9.42,8.96,9.36,16818864,0
AMC.US,D,20180308,000000,9.29,9.29,9.13,9.22,20385736,0
AMC.US,D,20180309,000000,9.21,9.30,9.20,9.26,19200269,0
AMC.US,D,20180312,000000,9.28,9.41,9.25,9.40,35694611,0
AMC.US,D,20180312,000000,9.38,9.39,9.14,9.17,25383526,0
AMC.US,D,20180312,000000,9.22,9.33,8.99,9.05,37332963,0
AMC.US,D,20180313,000000,9.17,9.20,8.92,8.93,31356497,0
AMC.US,D,20180314,000000,8.88,9.08,8.86,9.02,18535072,0
AMC.US,D,20180315,000000,9.09,9.12,8.74,8.88,23997433,0
AMC.US,D,20180316,000000,8.86,8.87,8.83,8.84,22454994,0
AMC.US,D,20180319,000000,8.73,8.78,8.62,8.63,12684135,0
AMC.US,D,20180319,000000,8.60,8.83,8.44,8.81,35612646,0
AMC.US,D,20180319,000000,8.86,8.88,8.86,8.88,17153240,0
AMC.US,D,20180320,000000,8.93,9.63,8.80,9.48,35612555,0
AMC.US,D,20180321,000000,9.45,9.55,8.79,8.91,28528608,0
AMC.US,D,20180322,000000,8.93,8.95,8.85,8.88,15032586,0
AMC.US,D,20180323,000000,8.88,9.19,8.87,9.12,19702105,0
AMC.US,D,20180326,000000,9.11,9.13,8.84,8.94,14817976,0
AMC.US,D,20180326,000000,8.97,9.00,8.75,8.82,29140864,0
AMC.US,D,20180326,000000,8.73,8.76,8.26,8.44,30034878,0
AMC.US,D,20180327,000000,8.50,8.50,8.35,8.40,36148164,0
AMC.US,D,20180328,000000,8.35,8.41,8.35,8.39,24424156,0
AMC.US,D,20180329,000000,8.34,8.90,8.26,8.90,13080165,0
AMC.US,D,20180330,000000,8.92,9.09,8.88,9.02,14240427,0
AMC.US,D,20180402,000000,9.01,9.15,8.96,9.11,20616129,0
AMC.US,D,20180402,000000,9.13,9.65,9.04,9.50,27771128,0
AMC.US,D,20180402,000000,9.46,9.64,9.46,9.59,18759488,0
AMC.US,D,20180403,000000,9.50,9.53,9.32,9.44,23256434,0
AMC.US,D,20180404,000000,9.44,9.48,9.37,9.37,20874152,0
AMC.US,D,20180405,000000,9.40,9.54,9.37,9.50,19013723,0
AMC.US,D,20180406,000000,9.61,9.78,9.06,9.12,22030450,0
AMC.US,D,20180409,000000,9.28,9.30,8.86,9.10,28262333,0
AMC.US,D,20180409,000000,9.13,9.15,8.88,8.90,35241606,0
AMC.US,D,20180409,000000,9.00,9.12,8.51,8.64,21793546,0
AMC.US,D,20180410,000000,8.69,8.79,8.67,8.72,23031292,0
AMC.US,D,20180411,000000,8.60,8.61,8.39,8.40,25321647,0
AMC.US,D,20180412,000000,8.42,8.48,8.41,8.43,20106410,0
AMC.US,D,20180413,000000,8.48,8.72,8.47,8.70,12773448,0
AMC.US,D,20180416,000000,8.54,8.75,8.51,8.69,36468509,0
AMC.US,D,20180416,000000,8.88,8.90,8.43,8.50,36656949,0
AMC.US,D,20180416,000000,8.46,8.47,8.45,8.47,14864827,0
AMC.US,D,20180417,000000,8.40,8.42,8.20,8.21,26477170,0
AMC.US,D,20180418,000000,8.21,8.59,8.17,8.56,19350728,0
AMC.US,D,20180419,000000,8.58,8.64,8.33,8.40,13690044,0
AMC.US,D,20180420,000000,8.37,8.41,7.86,8.00,13070139,0
AMC.US,D,20180423,000000,7.99,8.31,7.77,8.31,13787375,0
AMC.US,D,20180423,000000,8.28,8.30,8.22,8.23,37229156,0
AMC.US,D,20180423,000000,8.18,8.21,8.11,8.13,20245151,0
AMC.US,D,20180424,000000,8.02,8.27,7.20,7.43,36955935,0
AMC.US,D,20180425,000000,7.46,7.50,7.23,7.30,26673262,0
AMC.US,D,20180426,000000,7.18,7.41,7.17,7.33,27478063,0
AMC.US,D,20180427,000000,7.30,7.30,7.15,7.24,33527379,0
AMC.US,D,20180430,000000,7.19,7.46,7.00,7.45,33206746,0
AMC.US,D,20180430,000000,7.52,7.64,7.52,7.62,30645095,0
AMC.US,D,20180430,000000,7.62,7.87,7.60,7.75,20978996,0
AMC.US,D,20180501,000000,7.79,7.83,7.57,7.62,14350768,0
AMC.US,D,20180502,000000,7.61,8.00,7.52,7.95,30417351,0
AMC.US,D,20180503,000000,7.79,8.60,7.71,8.39,16352674,0
AMC.US,D,20180504,000000,8.37,8.50,7.82,8.07,20419947,0
AMC.US,D,20180507,000000,8.05,8.06,8.02,8.03,32041216,0
AMC.US,D,20180507,000000,7.98,8.02,7.81,7.84,20921614,0
AMC.US,D,20180507,000000,7.89,7.96,7.70,7.77,26973892,0
AMC.US,D,20180508,000000,7.72,7.80,7.68,7.78,23284719,0
AMC.US,D,20180509,000000,7.81,7.88,7.40,7.44,23867773,0
AMC.US,D,20180510,000000,7.51,7.58,7.28,7.36,37107220,0
AMC.US,D,20180511,000000,7.35,7.97,7.20,7.74,22856281,0
AMC.US,D,20180514,000000,7.79,7.92,7.79,7.89,27298839,0
AMC.US,D,20180514,000000,7.85,8.30,7.85,8.25,30498785,0
AMC.US,D,20180514,000000,8.17,8.80,8.14,8.76,34753299,0
AMC.US,D,20180515,000000,8.70,8.70,8.69,8.69,18255262,0
AMC.US,D,20180516,000000,8.74,8.81,8.74,8.79,12717797,0
AMC.US,D,20180517,000000,8.70,9.11,8.60,9.01,31124631,0
AMC.US,D,20180518,000000,8.93,9.34,8.88,9.33,24797040,0
AMC.US,D,20180521,000000,9.34,9.39,9.31,9.36,24575964,0
AMC.US,D,20180521,000000,9.32,9.33,9.25,9.28,28464624,0
AMC.US,D,20180521,000000,9.35,9.40,9.34,9.39,15417674,0
AMC.US,D,20180522,000000,9.40,9.54,9.09,9.10,34344877,0
AMC.US,D,20180523,000000,9.19,9.22,9.07,9.10,15695186,0
AMC.US,D,20180524,000000,9.17,9.20,8.94,9.05,30056708,0
AMC.US,D,20180525,000000,9.08,9.32,9.07,9.26,33738351,0
AMC.US,D,20180528,000000,9.18,9.60,9.03,9.51,31170118,0
AMC.US,D,20180528,000000,9.64,9.74,9.29,9.46,30469370,0
AMC.US,D,20180528,000000,9.39,9.59,9.37,9.48,17798269,0
AMC.US,D,20180529,000000,9.54,9.58,8.57,8.94,27680856,0
AMC.US,D,20180530,000000,8.98,8.99,8.87,8.92,21837533,0
AMC.US,D,20180531,000000,8.99,9.29,8.92,9.23,16617356,0
AMC.US,D,20180601,000000,9.14,9.19,9.10,9.17,14482662,0
AMC.US,D,20180604,000000,9.20,9.21,9.10,9.16,19510184,0
AMC.US,D,20180604,000000,9.01,9.30,8.99,9.18,19391291,0
AMC.US,D,20180604,000000,9.36,9.37,9.26,9.28,26352037,0
AMC.US,D,20180605,000000,9.34,9.59,9.29,9.49,14873685,0
AMC.US,D,20180606,000000,9.43,9.71,9.43,9.70,13913498,0
AMC.US,D,20180607,000000,9.63,9.83,9.59,9.77,23828181,0
AMC.US,D,20180608,000000,9.66,9.79,9.65,9.73,27437691,0
AMC.US,D,20180611,000000,9.76,9.80,9.67,9.69,18511153,0
AMC.US,D,20180611,000000,9.76,10.11,9.68,10.02,29720769,0
AMC.US,D,20180611,000000,9.91,9.95,9.84,9.85,22610451,0
AMC.US,D,20180612,000000,9.93,10.02,9.52,9.58,17593241,0
AMC.US,D,20180613,000000,9.68,9.82,9.26,9.27,14740354,0
AMC.US,D,20180614,000000,9.21,9.65,9.20,9.63,16239358,0
AMC.US,D,20180615,000000,9.64,9.78,9.14,9.26,23846897,0
AMC.US,D,20180618,000000,9.25,9.32,9.24,9.31,18598599,0
AMC.US,D,20180618,000000,9.28,9.32,9.12,9.21,14669446,0
AMC.US,D,20180618,000000,9.10,9.97,9.01,9.75,18925224,0
AMC.US,D,20180619,000000,9.68,9.73,9.43,9.47,24712164,0
AMC.US,D,20180620,000000,9.47,9.50,9.23,9.27,16470031,0
AMC.US,D,20180621,000000,9.39,9.44,8.86,9.00,34989223,0
AMC.US,D,20180622,000000,9.04,9.29,9.03,9.18,13766252,0
AMC.US,D,20180625,000000,9.22,9.23,9.02,9.10,15831400,0
AMC.US,D,20180625,000000,9.23,9.47,9.11,9.42,25204965,0
AMC.US,D,20180625,000000,9.57,9.59,9.55,9.57,27791586,0
AMC.US,D,20180626,000000,9.76,10.00,9.75,9.87,37418136,0
AMC.US,D,20180627,000000,9.84,10.25,9.77,10.17,19977987,0
AMC.US,D,20180628,000000,10.06,10.41,9.91,10.30,32615297,0
AMC.US,D,20180629,000000,10.12,10.43,10.09,10.41,15616022,0
AMC.US,D,20180702,000000,10.39,10.52,10.36,10.47,17731607,0
AMC.US,D,20180702,000000,10.67,10.68,10.27,10.37,32834372,0
AMC.US,D,20180702,000000,10.33,10.41,10.29,10.39,22093134,0
AMC.US,D,20180703,000000,10.45,10.64,9.96,10.18,13983427,0
AMC.US,D,20180704,000000,10.29,10.34,10.18,10.20,33843582,0
AMC.US,D,20180705,000000,10.21,11.31,9.95,10.97,18104761,0
AMC.US,D,20180706,000000,11.07,11.10,10.85,10.87,16753642,0
AMC.US,D,20180709,000000,10.84,11.00,10.84,10.98,19131386,0
AMC.US,D,20180709,000000,10.93,10.95,10.81,10.83,12980065,0
AMC.US,D,20180709,000000,10.77,10.83,10.28,10.47,26478550,0
AMC.US,D,20180710,000000,10.39,11.13,10.32,11.10,14609782,0
AMC.US,D,20180711,000000,11.19,11.65,11.13,11.50,12872201,0
AMC.US,D,20180712,000000,11.48,12.26,11.42,12.08,27463592,0
AMC.US,D,20180713,000000,12.09,12.54,11.96,12.53,24114536,0
AMC.US,D,20180716,000000,12.60,12.67,12.10,12.12,35570918,0
AMC.US,D,20180716,000000,12.16,12.37,11.36,11.70,33285937,0
AMC.US,D,20180716,000000,11.64,12.00,11.49,11.88,20578708,0
AMC.US,D,20180717,000000,11.90,12.08,11.41,11.56,32715932,0
AMC.US,D,20180718,000000,11.60,11.75,10.35,10.98,12845990,0
AMC.US,D,20180719,000000,10.98,11.26,10.97,11.22,56126575,0
AMC.US,D,20180720,000000,11.21,11.54,11.14,11.42,51723766,0
AMC.US,D,20180723,000000,11.40,11.60,11.33,11.51,59282819,0
AMC.US,D,20180723,000000,11.78,11.78,11.78,11.78,48959684,0
AMC.US,D,20180723,000000,11.74,12.08,11.73,12.06,34916988,0
AMC.US,D,20180724,000000,12.19,12.38,12.12,12.28,71128960,0
AMC.US,D,20180725,000000,12.29,12.49,12.27,12.48,33316326,0
AMC.US,D,20180726,000000,12.61,12.68,12.60,12.67,78005850,0
AMC.US,D,20180727,000000,12.62,13.19,12.45,12.95,75896712,0
AMC.US,D,20180730,000000,12.98,13.36,12.95,13.22,38042135,0
AMC.US,D,20180730,000000,13.25,13.86,13.23,13.63,40858981,0
AMC.US,D,20180730,000000,13.74,14.09,13.60,14.04,37132011,0
AMC.US,D,20180731,000000,14.14,14.49,14.14,14.39,81677870,0
AMC.US,D,20180801,000000,14.20,14.84,14.00,14.74,58953840,0
AMC.US,D,20180802,000000,14.57,15.23,14.53,15.09,93838319,0
AMC.US,D,20180803,000000,15.17,15.64,15.12,15.47,100622073,0
AMC.US,D,20180806,000000,15.37,16.04,15.23,15.91,105667690,0
AMC.US,D,20180806,000000,16.07,16.35,16.06,16.26,66760000,0
AMC.US,D,20180806,000000,16.30,16.98,16.18,16.74,80003752,0
AMC.US,D,20180807,000000,16.72,17.28,16.60,17.26,78290840,0
AMC.US,D,20180808,000000,17.11,17.95,16.76,17.73,66149133,0
AMC.US,D,20180809,000000,17.76,18.64,17.60,18.37,51085554,0
AMC.US,D,20180810,000000,18.17,19.64,18.07,19.28,47731734,0
AMC.US,D,20180813,000000,19.43,20.07,19.33,19.91,45228434,0
AMC.US,D,20180813,000000,20.01,20.96,19.78,20.64,88326211,0
AMC.US,D,20180813,000000,20.56,20.75,19.90,20.04,18476741,0
AMC.US,D,20180814,000000,20.00,20.85,19.99,20.59,26871891,0
AMC.US,D,20180815,000000,20.45,20.86,20.26,20.71,28830101,0
AMC.US,D,20180816,000000,20.73,21.13,19.46,19.62,23660370,0
AMC.US,D,20180817,000000,19.62,19.95,19.42,19.84,21285731,0
AMC.US,D,20180820,000000,19.94,20.43,19.81,20.29,21564554,0
AMC.US,D,20180820,000000,20.16,21.20,20.14,21.02,18386094,0
AMC.US,D,20180820,000000,21.06,21.18,20.62,20.65,17502570,0
AMC.US,D,20180821,000000,20.73,21.16,19.76,19.89,26772260,0
AMC.US,D,20180822,000000,19.91,19.92,19.66,19.68,34198350,0
AMC.US,D,20180823,000000,19.74,19.78,19.72,19.74,13682765,0
AMC.US,D,20180824,000000,19.64,19.79,19.03,19.14,26275005,0
AMC.US,D,20180827,000000,18.83,19.08,18.75,19.05,72873849,0
AMC.US,D,20180827,000000,19.18,19.18,18.01,18.40,43893749,0
AMC.US,D,20180827,000000,18.25,18.38,17.14,17.60,97074555,0
AMC.US,D,20180828,000000,18.19,18.37,17.02,17.15,76093717,0
AMC.US,D,20180829,000000,17.05,17.31,16.07,16.10,103393154,0
AMC.US,D,20180830,000000,15.75,15.93,14.98,15.12,114796960,0
AMC.US,D,20180831,000000,15.47,15.65,14.04,14.53,70191277,0
AMC.US,D,20180903,000000,14.41,14.61,13.35,13.77,110465237,0
AMC.US,D,20180903,000000,13.57,13.75,12.81,13.08,115165909,0
AMC.US,D,20180903,000000,13.32,13.36,11.69,12.20,142457668,0
AMC.US,D,20180904,000000,12.53,12.56,11.57,11.73,155612485,0
AMC.US,D,20180905,000000,11.66,11.82,10.79,10.92,75091967,0
AMC.US,D,20180906,000000,10.95,11.00,10.04,10.29,115985052,0
AMC.US,D,20180907,000000,10.29,10.55,9.23,9.50,150848797,0
AMC.US,D,20180910,000000,9.45,9.61,8.72,8.89,78251997,0
AMC.US,D,20180910,000000,8.82,9.04,8.82,8.96,20639317,0
AMC.US,D,20180910,000000,8.75,8.84,8.53,8.61,12908159,0
AMC.US,D,20180911,000000,8.48,9.14,8.42,8.98,14585384,0
AMC.US,D,20180912,000000,8.87,8.88,7.90,8.16,25986891,0
AMC.US,D,20180913,000000,8.07,8.26,7.52,7.76,14770198,0
AMC.US,D,20180914,000000,7.70,7.78,7.70,7.76,18018629,0
AMC.US,D,20180917,000000,7.64,8.39,7.53,8.10,34020590,0
AMC.US,D,20180917,000000,8.15,8.40,7.73,7.78,28056402,0
AMC.US,D,20180917,000000,7.88,7.96,7.60,7.64,28867241,0
AMC.US,D,20180918,000000,7.55,8.58,7.41,8.22,25931405,0
AMC.US,D,20180919,000000,8.22,8.44,8.12,8.31,33217710,0
AMC.US,D,20180920,000000,8.38,8.56,8.13,8.18,31434702,0
AMC.US,D,20180921,000000,8.25,8.28,8.02,8.05,29198415,0
AMC.US,D,20180924,000000,8.00,8.05,7.99,8.04,14743063,0
AMC.US,D,20180924,000000,7.93,8.66,7.79,8.43,21022738,0
AMC.US,D,20180924,000000,8.45,8.50,8.26,8.29,37037714,0
AMC.US,D,20180925,000000,8.26,8.33,8.26,8.33,15697113,0
AMC.US,D,20180926,000000,8.18,8.62,8.09,8.51,21159060,0
AMC.US,D,20180927,000000,8.57,8.67,8.34,8.37,17881376,0
AMC.US,D,20180928,000000,8.32,8.80,8.26,8.80,35319824,0
AMC.US,D,20181001,000000,8.81,8.85,8.80,8.80,33585580,0
AMC.US,D,20181001,000000,8.88,8.89,8.68,8.79,18269148,0
AMC.US,D,20181001,000000,8.76,8.82,8.65,8.66,28068803,0
AMC.US,D,20181002,000000,8.75,8.81,8.73,8.77,31028940,0
AMC.US,D,20181003,000000,8.75,9.07,8.60,8.98,17968140,0
AMC.US,D,20181004,000000,8.98,9.26,8.65,8.80,33662130,0
AMC.US,D,20181005,000000,8.86,9.28,8.77,9.28,30524380,0
AMC.US,D,20181008,000000,9.20,9.58,9.18,9.56,26264374,0
AMC.US,D,20181008,000000,9.53,9.70,9.47,9.65,32230129,0
AMC.US,D,20181008,000000,9.73,10.21,9.72,9.99,33335916,0
AMC.US,D,20181009,000000,10.07,10.30,9.49,9.52,25851135,0
AMC.US,D,20181010,000000,9.56,10.67,9.40,10.32,22587450,0
AMC.US,D,20181011,000000,10.30,10.45,9.53,9.85,34503025,0
AMC.US,D,20181012,000000,9.91,10.10,8.36,8.69,28470014,0
AMC.US,D,20181015,000000,8.69,8.79,8.36,8.50,33439326,0
AMC.US,D,20181015,000000,8.75,8.76,8.18,8.38,24348763,0
AMC.US,D,20181015,000000,8.47,8.55,8.00,8.16,26954315,0
AMC.US,D,20181016,000000,8.13,8.26,8.10,8.25,18501197,0
AMC.US,D,20181017,000000,8.22,8.26,8.02,8.07,19343415,0
AMC.US,D,20181018,000000,8.02,8.04,7.92,7.96,13300070,0
AMC.US,D,20181019,000000,7.85,7.88,7.49,7.73,24161581,0
AMC.US,D,20181022,000000,7.61,7.80,7.59,7.75,16503141,0
AMC.US,D,20181022,000000,7.83,7.86,7.58,7.62,17588835,0
AMC.US,D,20181022,000000,7.64,7.88,7.57,7.76,28864695,0
AMC.US,D,20181023,000000,7.76,8.07,7.72,8.04,14997768,0
AMC.US,D,20181024,000000,7.93,7.98,7.92,7.94,28864337,0
AMC.US,D,20181025,000000,7.98,8.01,7.56,7.81,25286514,0
AMC.US,D,20181026,000000,7.77,8.41,7.72,8.03,15506505,0
AMC.US,D,20181029,000000,7.93,8.09,7.69,7.70,20377074,0
AMC.US,D,20181029,000000,7.70,7.93,7.28,7.33,20202544,0
AMC.US,D,20181029,000000,7.37,7.60,7.36,7.51,15645269,0
AMC.US,D,20181030,000000,7.53,7.60,6.88,7.13,26905349,0
AMC.US,D,20181031,000000,7.14,7.15,7.00,7.04,37358154,0
AMC.US,D,20181101,000000,7.13,7.18,6.89,7.03,34793786,0
AMC.US,D,20181102,000000,7.02,7.04,6.84,6.91,15574526,0
AMC.US,D,20181105,000000,6.78,6.83,6.30,6.46,37175857,0
AMC.US,D,20181105,000000,6.51,6.58,6.50,6.56,25701376,0
AMC.US,D,20181105,000000,6.57,6.85,6.56,6.74,20805758,0
AMC.US,D,20181106,000000,6.59,6.94,6.46,6.91,14921414,0
AMC.US,D,20181107,000000,6.95,7.01,6.92,7.00,25456291,0
AMC.US,D,20181108,000000,7.06,7.12,6.77,6.81,24059220,0
AMC.US,D,20181109,000000,6.77,6.82,6.76,6.78,37415897,0
AMC.US,D,20181112,000000,6.81,6.81,6.78,6.78,30075548,0
AMC.US,D,20181112,000000,6.74,7.21,6.61,7.10,17381402,0
AMC.US,D,20181112,000000,6.91,7.19,6.90,7.17,36250786,0
AMC.US,D,20181113,000000,7.11,7.12,7.05,7.05,23980646,0
AMC.US,D,20181114,000000,7.17,7.18,7.14,7.17,31304850,0
AMC.US,D,20181115,000000,7.14,7.15,7.03,7.06,24708867,0
AMC.US,D,20181116,000000,7.07,7.18,6.07,6.47,12634057,0
AMC.US,D,20181119,000000,6.61,6.91,6.48,6.88,25149349,0
AMC.US,D,20181119,000000,6.98,6.99,6.94,6.95,23026826,0
AMC.US,D,20181119,000000,6.77,6.80,6.24,6.46,13978372,0
AMC.US,D,20181120,000000,6.37,6.56,6.36,6.51,29459226,0
AMC.US,D,20181121,000000,6.54,6.55,6.29,6.33,20590155,0
AMC.US,D,20181122,000000,6.26,6.29,5.88,5.91,27250949,0
AMC.US,D,20181123,000000,6.01,6.02,5.80,5.81,33584382,0
AMC.US,D,20181126,000000,5.82,5.93,5.82,5.89,33585846,0
AMC.US,D,20181126,000000,5.83,6.03,5.81,6.01,25503008,0
AMC.US,D,20181126,000000,6.11,6.16,5.68,5.72,30764747,0
AMC.US,D,20181127,000000,5.65,6.57,5.62,6.26,16157420,0
AMC.US,D,20181128,000000,6.14,6.58,6.09,6.48,23591687,0
AMC.US,D,20181129,000000,6.48,6.49,6.42,6.45,30887594,0
AMC.US,D,20181130,000000,6.59,6.60,5.94,6.07,24032245,0
AMC.US,D,20181203,000000,6.10,6.13,6.10,6.12,26913152,0
AMC.US,D,20181203,000000,6.27,6.32,6.25,6.30,25356611,0
AMC.US,D,20181203,000000,6.10,6.59,6.09,6.39,33610676,0
AMC.US,D,20181204,000000,6.44,6.65,5.33,5.70,30462413,0
AMC.US,D,20181205,000000,5.69,5.70,5.58,5.59,14049886,0
AMC.US,D,20181206,000000,5.73,6.05,5.52,6.04,19599376,0
AMC.US,D,20181207,000000,5.96,6.43,5.94,6.27,30622410,0
AMC.US,D,20181210,000000,6.11,6.37,6.04,6.35,32510129,0
AMC.US,D,20181210,000000,6.50,6.54,6.49,6.52,19327399,0
AMC.US,D,20181210,000000,6.43,6.50,6.38,6.50,35895988,0
AMC.US,D,20181211,000000,6.50,6.56,6.49,6.52,31645346,0
AMC.US,D,20181212,000000,6.55,6.68,6.52,6.59,14182612,0
AMC.US,D,20181213,000000,6.34,6.76,6.25,6.63,31637001,0
AMC.US,D,20181214,000000,6.79,6.83,6.20,6.29,35777293,0
AMC.US,D,20181217,000000,6.32,7.28,6.20,6.82,13816298,0
AMC.US,D,20181217,000000,6.87,6.95,6.86,6.87,26146486,0
AMC.US,D,20181217,000000,6.74,7.01,6.63,6.84,22459552,0
AMC.US,D,20181218,000000,6.77,7.74,6.64,7.53,20766796,0
AMC.US,D,20181219,000000,7.81,7.85,7.51,7.63,16861108,0
AMC.US,D,20181220,000000,7.44,8.14,7.43,7.70,13067692,0
AMC.US,D,20181221,000000,7.70,7.70,7.45,7.49,33305800,0
AMC.US,D,20181224,000000,7.37,7.53,7.36,7.49,36650342,0
AMC.US,D,20181224,000000,7.62,7.62,7.56,7.57,27183074,0
AMC.US,D,20181224,000000,7.47,7.63,6.84,6.86,29056074,0
AMC.US,D,20181225,000000,6.82,7.16,6.74,7.04,14308773,0
AMC.US,D,20181226,000000,7.00,7.03,6.89,6.91,29351533,0
AMC.US,D,20181227,000000,6.84,6.84,6.62,6.62,23304256,0
AMC.US,D,20181228,000000,6.78,6.90,6.10,6.51,14832362,0
AMC.US,D,20181231,000000,6.29,6.35,6.26,6.33,13817317,0
AMC.US,D,20181231,000000,6.46,6.65,5.37,5.46,15503089,0
AMC.US,D,20181231,000000,5.31,5.38,5.30,5.36,35356697,0
AMC.US,D,20190101,000000,5.29,5.34,5.03,5.09,35369349,0
AMC.US,D,20190102,000000,5.04,5.28,4.95,5.14,35200247,0
AMC.US,D,20190103,000000,5.10,5.43,5.04,5.38,23082215,0
AMC.US,D,20190104,000000,5.41,5.59,4.47,4.52,21346435,0
AMC.US,D,20190107,000000,4.46,5.10,4.34,5.02,33431584,0
AMC.US,D,20190107,000000,5.16,5.32,5.09,5.23,13377109,0
AMC.US,D,20190107,000000,5.30,5.58,5.29,5.55,16387991,0
AMC.US,D,20190108,000000,5.44,6.18,5.20,6.18,17623944,0
AMC.US,D,20190109,000000,5.97,6.00,5.80,5.88,36213279,0
AMC.US,D,20190110,000000,5.99,6.19,5.08,5.18,22871394,0
AMC.US,D,20190111,000000,5.05,5.06,4.87,4.92,19977911,0
AMC.US,D,20190114,000000,4.85,5.07,4.82,5.01,17224127,0
AMC.US,D,20190114,000000,5.12,5.13,4.78,4.78,36918865,0
AMC.US,D,20190114,000000,4.81,4.85,4.24,4.59,28910256,0
AMC.US,D,20190115,000000,4.53,4.65,4.48,4.64,29522521,0
AMC.US,D,20190116,000000,4.65,4.67,4.64,4.66,26340514,0
AMC.US,D,20190117,000000,4.47,4.49,4.23,4.30,32227539,0
AMC.US,D,20190118,000000,4.33,4.36,4.30,4.34,34582000,0
AMC.US,D,20190121,000000,4.30,4.34,4.18,4.18,23074935,0
AMC.US,D,20190121,000000,4.31,4.34,4.09,4.13,25511834,0
AMC.US,D,20190121,000000,4.15,4.19,4.06,4.07,26596851,0
AMC.US,D,20190122,000000,4.09,4.12,4.08,4.12,28789402,0
AMC.US,D,20190123,000000,4.08,4.09,4.03,4.04,33002170,0
AMC.US,D,20190124,000000,3.90,4.26,3.86,4.14,29489731,0
AMC.US,D,20190125,000000,4.12,4.16,3.77,3.85,25663821,0
AMC.US,D,20190128,000000,3.89,3.91,3.55,3.63,34222674,0
AMC.US,D,20190128,000000,3.59,3.77,3.56,3.76,37353469,0
AMC.US,D,20190128,000000,3.86,3.88,3.75,3.75,31674112,0
AMC.US,D,20190129,000000,3.74,4.30,3.67,4.10,20997449,0
AMC.US,D,20190130,000000,4.09,4.12,4.08,4.11,35777261,0
AMC.US,D,20190131,000000,4.04,4.18,4.03,4.17,32102446,0
AMC.US,D,20190201,000000,4.24,4.26,4.03,4.10,26266935,0
AMC.US,D,20190204,000000,4.17,4.33,3.71,3.88,30147106,0
AMC.US,D,20190204,000000,3.74,3.89,3.70,3.89,30521064,0
AMC.US,D,20190204,000000,3.95,3.98,3.83,3.86,27160062,0
AMC.US,D,20190205,000000,3.88,3.90,3.77,3.77,15793092,0
AMC.US,D,20190206,000000,3.85,4.13,3.74,4.11,16381739,0
AMC.US,D,20190207,000000,4.16,4.21,3.78,3.90,32147258,0
AMC.US,D,20190208,000000,3.85,3.86,3.84,3.84,22968225,0
AMC.US,D,20190211,000000,3.80,3.82,3.64,3.69,14687115,0
AMC.US,D,20190211,000000,3.66,3.85,3.00,3.33,12653995,0
AMC.US,D,20190211,000000,3.43,3.46,3.12,3.13,20381495,0
AMC.US,D,20190212,000000,3.04,3.16,3.02,3.09,18153022,0
AMC.US,D,20190213,000000,3.01,3.03,2.80,2.88,34702794,0
AMC.US,D,20190214,000000,2.86,2.96,2.85,2.92,23946744,0
AMC.US,D,20190215,000000,2.90,3.04,2.90,2.98,22829936,0
AMC.US,D,20190218,000000,3.09,3.10,2.86,2.95,26395502,0
AMC.US,D,20190218,000000,2.92,2.93,2.77,2.85,14736238,0
AMC.US,D,20190218,000000,2.88,2.91,2.65,2.76,26619961,0
AMC.US,D,20190219,000000,2.71,2.99,2.69,2.97,19609898,0
AMC.US,D,20190220,000000,2.90,3.24,2.86,3.20,37289206,0
AMC.US,D,20190221,000000,3.18,3.23,3.08,3.09,25209810,0
AMC.US,D,20190222,000000,3.15,3.22,2.91,2.91,17840713,0
AMC.US,D,20190225,000000,2.97,3.08,2.96,3.05,15126200,0
AMC.US,D,20190225,000000,3.02,3.39,2.98,3.26,15967548,0
AMC.US,D,20190225,000000,3.25,3.27,3.15,3.17,13170647,0
AMC.US,D,20190226,000000,3.26,3.26,3.23,3.23,20941790,0
AMC.US,D,20190227,000000,3.32,3.36,3.22,3.28,16818663,0
AMC.US,D,20190228,000000,3.37,3.37,3.17,3.19,18114242,0
AMC.US,D,20190301,000000,3.18,3.21,2.80,2.99,20075241,0
AMC.US,D,20190304,000000,3.05,3.10,3.04,3.09,18909217,0
AMC.US,D,20190304,000000,3.10,3.97,3.06,3.59,16168810,0
AMC.US,D,20190304,000000,3.63,3.68,3.26,3.27,30998128,0
AMC.US,D,20190305,000000,3.33,3.36,3.06,3.18,15543598,0
AMC.US,D,20190306,000000,3.13,3.30,2.62,2.89,18328572,0
AMC.US,D,20190307,000000,2.83,3.05,2.79,3.01,26079767,0
AMC.US,D,20190308,000000,3.09,3.14,2.75,2.78,32408416,0
AMC.US,D,20190311,000000,2.81,2.82,2.28,2.45,19929570,0
AMC.US,D,20190311,000000,2.45,2.57,2.42,2.54,31453084,0
AMC.US,D,20190311,000000,2.57,2.60,2.57,2.59,23285041,0
AMC.US,D,20190312,000000,2.54,2.89,2.43,2.78,20830520,0
AMC.US,D,20190313,000000,2.82,2.85,2.81,2.83,18877233,0
AMC.US,D,20190314,000000,2.77,2.87,2.73,2.84,26121641,0
AMC.US,D,20190315,000000,2.81,3.04,2.79,2.93,31167586,0
AMC.US,D,20190318,000000,2.91,3.00,2.43,2.52,14120199,0
AMC.US,D,20190318,000000,2.55,2.68,2.52,2.66,23745896,0
AMC.US,D,20190318,000000,2.68,2.73,2.56,2.58,19083425,0
AMC.US,D,20190319,000000,2.56,2.58,2.37,2.42,34311312,0
AMC.US,D,20190320,000000,2.47,2.54,2.34,2.34,18453190,0
AMC.US,D,20190321,000000,2.26,2.27,2.07,2.10,18477234,0
AMC.US,D,20190322,000000,2.13,2.16,1.97,2.05,37447669,0
AMC.US,D,20190325,000000,2.05,2.34,2.04,2.27,15918042,0
AMC.US,D,20190325,000000,2.23,2.23,1.94,2.02,32345938,0
AMC.US,D,20190325,000000,1.99,2.00,1.94,1.95,17323725,0
AMC.US,D,20190326,000000,1.91,2.18,1.88,2.14,33012315,0
AMC.US,D,20190327,000000,2.17,2.18,2.02,2.06,15598449,0
AMC.US,D,20190328,000000,2.06,2.18,2.02,2.16,32344388,0
AMC.US,D,20190329,000000,2.19,2.22,2.10,2.16,29411693,0
AMC.US,D,20190401,000000,2.10,2.17,2.08,2.15,25902242,0
AMC.US,D,20190401,000000,2.12,2.14,1.97,2.05,32034737,0
AMC.US,D,20190401,000000,2.07,2.07,2.06,2.06,34986071,0
AMC.US,D,20190402,000000,2.02,2.02,1.96,1.96,32975801,0
AMC.US,D,20190403,000000,1.96,2.10,1.95,2.08,18528994,0
AMC.US,D,20190404,000000,2.16,2.17,1.94,1.95,35858954,0
AMC.US,D,20190405,000000,1.96,1.98,1.74,1.85,30057104,0
AMC.US,D,20190408,000000,1.87,1.92,1.87,1.89,34031480,0
AMC.US,D,20190408,000000,1.91,1.95,1.74,1.77,14360681,0
AMC.US,D,20190408,000000,1.84,1.86,1.76,1.77,19203264,0
AMC.US,D,20190409,000000,1.77,2.01,1.71,2.00,20918283,0
AMC.US,D,20190410,000000,2.05,2.08,1.86,1.96,22171295,0
AMC.US,D,20190411,000000,1.95,1.99,1.94,1.98,14165375,0
AMC.US,D,20190412,000000,1.95,2.15,1.92,2.12,32803181,0
AMC.US,D,20190415,000000,2.07,2.24,2.04,2.21,32998393,0
AMC.US,D,20190415,000000,2.16,2.31,2.14,2.27,30335721,0
AMC.US,D,20190415,000000,2.33,2.41,2.06,2.14,35923527,0
AMC.US,D,20190416,000000,2.17,2.24,2.15,2.24,15456684,0
AMC.US,D,20190417,000000,2.26,2.27,2.14,2.15,34111212,0
AMC.US,D,20190418,000000,2.15,2.37,2.15,2.32,30412259,0
AMC.US,D,20190419,000000,2.37,2.38,2.25,2.28,22071176,0
AMC.US,D,20190422,000000,2.27,2.28,2.27,2.28,18451095,0
AMC.US,D,20190422,000000,2.30,2.40,2.11,2.11,37052226,0
AMC.US,D,20190422,000000,2.09,2.11,1.78,1.83,22538545,0
AMC.US,D,20190423,000000,1.86,1.86,1.75,1.76,28341333,0
AMC.US,D,20190424,000000,1.77,1.86,1.57,1.64,31401457,0
AMC.US,D,20190425,000000,1.63,1.71,1.60,1.69,24603920,0
AMC.US,D,20190426,000000,1.68,1.72,1.67,1.70,32183239,0
AMC.US,D,20190429,000000,1.75,1.83,1.61,1.66,14054847,0
AMC.US,D,20190429,000000,1.70,1.80,1.70,1.80,17022290,0
AMC.US,D,20190429,000000,1.81,1.83,1.58,1.70,17876163,0
AMC.US,D,20190430,000000,1.73,1.73,1.62,1.64,34729250,0
AMC.US,D,20190501,000000,1.62,1.63,1.58,1.61,26060745,0
AMC.US,D,20190502,000000,1.63,1.63,1.59,1.60,18415565,0
AMC.US,D,20190503,000000,1.58,1.61,1.58,1.60,33851272,0
AMC.US,D,20190506,000000,1.60,1.74,1.55,1.71,24411260,0
AMC.US,D,20190506,000000,1.72,2.00,1.67,1.90,32099238,0
AMC.US,D,20190506,000000,1.95,1.97,1.95,1.96,27913182,0
AMC.US,D,20190507,000000,1.96,2.15,1.94,2.08,35931915,0
AMC.US,D,20190508,000000,2.06,2.09,1.98,2.04,29312932,0
AMC.US,D,20190509,000000,2.03,2.04,1.94,1.97,34619874,0
AMC.US,D,20190510,000000,1.97,1.98,1.77,1.80,14398261,0
AMC.US,D,20190513,000000,1.79,1.83,1.61,1.68,27354052,0
AMC.US,D,20190513,000000,1.68,1.69,1.65,1.65,31777575,0
AMC.US,D,20190513,000000,1.62,1.64,1.60,1.60,28852957,0
AMC.US,D,20190514,000000,1.60,1.78,1.60,1.76,18354478,0
AMC.US,D,20190515,000000,1.77,1.84,1.75,1.83,17839062,0
AMC.US,D,20190516,000000,1.78,1.78,1.76,1.76,35732107,0
AMC.US,D,20190517,000000,1.76,1.82,1.58,1.59,34336799,0
AMC.US,D,20190520,000000,1.57,1.67,1.56,1.65,25406804,0
AMC.US,D,20190520,000000,1.68,1.85,1.65,1.78,17418874,0
AMC.US,D,20190520,000000,1.76,1.91,1.75,1.85,34009742,0
AMC.US,D,20190521,000000,1.85,1.85,1.78,1.80,21623678,0
AMC.US,D,20190522,000000,1.81,1.82,1.66,1.69,33291042,0
AMC.US,D,20190523,000000,1.75,1.75,1.65,1.65,36786377,0
AMC.US,D,20190524,000000,1.73,1.73,1.66,1.67,22387980,0
AMC.US,D,20190527,000000,1.66,1.66,1.62,1.66,28025639,0
AMC.US,D,20190527,000000,1.64,1.66,1.64,1.64,21158714,0
AMC.US,D,20190527,000000,1.60,1.64,1.59,1.63,13144959,0
AMC.US,D,20190528,000000,1.60,1.87,1.60,1.78,19221955,0
AMC.US,D,20190529,000000,1.80,1.83,1.79,1.82,27115229,0
AMC.US,D,20190530,000000,1.75,1.83,1.73,1.81,29309848,0
AMC.US,D,20190531,000000,1.81,1.81,1.76,1.78,17857027,0
AMC.US,D,20190603,000000,1.78,1.79,1.77,1.79,21073473,0
AMC.US,D,20190603,000000,1.75,1.79,1.66,1.68,36887892,0
AMC.US,D,20190603,000000,1.71,1.79,1.70,1.77,30415910,0
AMC.US,D,20190604,000000,1.80,1.81,1.72,1.74,18274607,0
AMC.US,D,20190605,000000,1.73,1.88,1.73,1.84,35496189,0
AMC.US,D,20190606,000000,1.86,1.88,1.69,1.77,30592430,0
AMC.US,D,20190607,000000,1.79,1.84,1.68,1.72,15149421,0
AMC.US,D,20190610,000000,1.75,1.77,1.69,1.71,12611571,0
AMC.US,D,20190610,000000,1.72,1.73,1.71,1.71,36278129,0
AMC.US,D,20190610,000000,1.67,1.72,1.66,1.71,28207466,0
AMC.US,D,20190611,000000,1.74,1.75,1.64,1.66,32647895,0
AMC.US,D,20190612,000000,1.66,1.76,1.64,1.68,36815532,0
AMC.US,D,20190613,000000,1.65,1.67,1.57,1.59,22181646,0
AMC.US,D,20190614,000000,1.60,1.62,1.60,1.61,26525073,0
AMC.US,D,20190617,000000,1.62,1.65,1.61,1.64,34946952,0
AMC.US,D,20190617,000000,1.64,1.64,1.60,1.61,35750025,0
AMC.US,D,20190617,000000,1.60,1.62,1.56,1.60,12740017,0
AMC.US,D,20190618,000000,1.63,1.67,1.62,1.67,31030498,0
AMC.US,D,20190619,000000,1.63,1.73,1.62,1.70,14390254,0
AMC.US,D,20190620,000000,1.73,1.76,1.65,1.66,18120924,0
AMC.US,D,20190621,000000,1.67,1.67,1.61,1.61,22730622,0
AMC.US,D,20190624,000000,1.62,1.66,1.61,1.64,24728756,0
AMC.US,D,20190624,000000,1.63,1.73,1.61,1.70,23922512,0
AMC.US,D,20190624,000000,1.71,1.75,1.62,1.63,22368152,0
AMC.US,D,20190625,000000,1.63,1.63,1.58,1.58,26918639,0
AMC.US,D,20190626,000000,1.59,1.60,1.57,1.59,21942638,0
AMC.US,D,20190627,000000,1.60,1.62,1.52,1.53,34225892,0
AMC.US,D,20190628,000000,1.52,1.54,1.45,1.46,33610110,0
AMC.US,D,20190701,000000,1.47,1.62,1.45,1.58,19993939,0
AMC.US,D,20190701,000000,1.60,1.61,1.56,1.57,32399661,0
AMC.US,D,20190701,000000,1.56,1.59,1.56,1.58,13062530,0
AMC.US,D,20190702,000000,1.58,1.64,1.56,1.62,22280141,0
AMC.US,D,20190703,000000,1.65,1.65,1.52,1.57,34630117,0
AMC.US,D,20190704,000000,1.58,1.68,1.57,1.62,23593688,0
AMC.US,D,20190705,000000,1.61,1.62,1.60,1.60,19840990,0
AMC.US,D,20190708,000000,1.62,1.63,1.57,1.58,19649151,0
AMC.US,D,20190708,000000,1.58,1.59,1.53,1.54,30283594,0
AMC.US,D,20190708,000000,1.54,1.55,1.45,1.46,32667019,0
AMC.US,D,20190709,000000,1.45,1.46,1.44,1.45,22079225,0
AMC.US,D,20190710,000000,1.44,1.45,1.40,1.43,21458315,0
AMC.US,D,20190711,000000,1.44,1.49,1.43,1.47,29312380,0
AMC.US,D,20190712,000000,1.49,1.49,1.48,1.49,29087137,0
AMC.US,D,20190715,000000,1.47,1.48,1.43,1.44,17708819,0
AMC.US,D,20190715,000000,1.43,1.45,1.35,1.37,36209945,0
AMC.US,D,20190715,000000,1.36,1.36,1.36,1.36,19624635,0
AMC.US,D,20190716,000000,1.38,1.39,1.25,1.26,22314937,0
AMC.US,D,20190717,000000,1.24,1.29,1.23,1.28,30741208,0
AMC.US,D,20190718,000000,1.28,1.31,1.28,1.30,18275604,0
AMC.US,D,20190719,000000,1.31,1.39,1.31,1.36,20658039,0
AMC.US,D,20190722,000000,1.37,1.49,1.33,1.47,30084083,0
AMC.US,D,20190722,000000,1.46,1.49,1.43,1.48,35635022,0
AMC.US,D,20190722,000000,1.46,1.56,1.45,1.52,31369934,0
AMC.US,D,20190723,000000,1.53,1.54,1.53,1.54,28101843,0
AMC.US,D,20190724,000000,1.53,1.54,1.53,1.54,25163749,0
AMC.US,D,20190725,000000,1.53,1.56,1.52,1.55,15901205,0
AMC.US,D,20190726,000000,1.56,1.57,1.49,1.51,14289081,0
AMC.US,D,20190729,000000,1.51,1.53,1.51,1.52,19825794,0
AMC.US,D,20190729,000000,1.52,1.54,1.52,1.53,20929169,0
AMC.US,D,20190729,000000,1.54,1.55,1.51,1.51,13337564,0
AMC.US,D,20190730,000000,1.50,1.50,1.37,1.43,22018425,0
AMC.US,D,20190731,000000,1.43,1.44,1.40,1.40,23027990,0
AMC.US,D,20190801,000000,1.40,1.45,1.39,1.45,22552181,0
AMC.US,D,20190802,000000,1.45,1.46,1.37,1.39,22979365,0
AMC.US,D,20190805,000000,1.38,1.40,1.32,1.33,29948271,0
AMC.US,D,20190805,000000,1.33,1.34,1.25,1.28,13288107,0
AMC.US,D,20190805,000000,1.28,1.31,1.27,1.30,27554850,0
AMC.US,D,20190806,000000,1.30,1.33,1.29,1.33,29577726,0
AMC.US,D,20190807,000000,1.34,1.36,1.33,1.35,25969392,0
AMC.US,D,20190808,000000,1.35,1.37,1.29,1.30,35038007,0
AMC.US,D,20190809,000000,1.30,1.31,1.26,1.27,13068773,0
AMC.US,D,20190812,000000,1.27,1.27,1.25,1.26,35480210,0
AMC.US,D,20190812,000000,1.24,1.25,1.21,1.22,32666170,0
AMC.US,D,20190812,000000,1.24,1.27,1.24,1.26,26318263,0
AMC.US,D,20190813,000000,1.26,1.31,1.26,1.30,24468051,0
AMC.US,D,20190814,000000,1.29,1.35,1.29,1.34,22024363,0
AMC.US,D,20190815,000000,1.36,1.36,1.32,1.34,33963845,0
AMC.US,D,20190816,000000,1.33,1.33,1.28,1.28,20427915,0
AMC.US,D,20190819,000000,1.30,1.30,1.24,1.27,32720154,0
AMC.US,D,20190819,000000,1.27,1.28,1.22,1.23,26165959,0
AMC.US,D,20190819,000000,1.22,1.24,1.22,1.23,33207823,0
AMC.US,D,20190820,000000,1.22,1.25,1.22,1.24,18373712,0
AMC.US,D,20190821,000000,1.23,1.24,1.22,1.23,20590577,0
AMC.US,D,20190822,000000,1.25,1.27,1.24,1.27,26148252,0
AMC.US,D,20190823,000000,1.26,1.31,1.26,1.30,30009195,0
AMC.US,D,20190826,000000,1.30,1.30,1.29,1.29,13385666,0
AMC.US,D,20190826,000000,1.29,1.31,1.28,1.31,23332396,0
AMC.US,D,20190826,000000,1.32,1.32,1.31,1.31,26109710,0
AMC.US,D,20190827,000000,1.32,1.37,1.31,1.35,19078547,0
AMC.US,D,20190828,000000,1.35,1.35,1.35,1.35,16161524,0
AMC.US,D,20190829,000000,1.34,1.40,1.33,1.38,22607806,0
AMC.US,D,20190830,000000,1.38,1.49,1.37,1.42,18237229,0
AMC.US,D,20190902,000000,1.41,1.41,1.38,1.39,22588308,0
AMC.US,D,20190902,000000,1.38,1.39,1.38,1.39,37386189,0
AMC.US,D,20190902,000000,1.38,1.40,1.36,1.37,30455878,0
AMC.US,D,20190903,000000,1.37,1.38,1.35,1.35,13121169,0
AMC.US,D,20190904,000000,1.36,1.37,1.27,1.29,20154893,0
AMC.US,D,20190905,000000,1.28,1.30,1.24,1.25,31841643,0
AMC.US,D,20190906,000000,1.24,1.24,1.21,1.22,16657056,0
AMC.US,D,20190909,000000,1.22,1.23,1.17,1.19,28278971,0
AMC.US,D,20190909,000000,1.18,1.19,1.10,1.11,33395267,0
AMC.US,D,20190909,000000,1.11,1.11,1.10,1.11,15450254,0
AMC.US,D,20190910,000000,1.12,1.13,1.10,1.11,20725794,0
AMC.US,D,20190911,000000,1.14,1.14,1.12,1.13,33065029,0
AMC.US,D,20190912,000000,1.15,1.25,1.15,1.22,31124257,0
AMC.US,D,20190913,000000,1.23,1.32,1.23,1.30,21425159,0
AMC.US,D,20190916,000000,1.30,1.47,1.30,1.42,28589497,0
AMC.US,D,20190916,000000,1.42,1.42,1.37,1.37,31623245,0
AMC.US,D,20190916,000000,1.38,1.38,1.37,1.37,16809171,0
AMC.US,D,20190917,000000,1.39,1.47,1.39,1.45,14499800,0
AMC.US,D,20190918,000000,1.42,1.54,1.41,1.50,22949287,0
AMC.US,D,20190919,000000,1.47,1.48,1.47,1.47,24195667,0
AMC.US,D,20190920,000000,1.48,1.49,1.46,1.49,26857358,0
AMC.US,D,20190923,000000,1.46,1.48,1.42,1.43,21383232,0
AMC.US,D,20190923,000000,1.42,1.43,1.37,1.37,35080048,0
AMC.US,D,20190923,000000,1.36,1.37,1.35,1.37,21723458,0
AMC.US,D,20190924,000000,1.39,1.39,1.36,1.37,22173457,0
AMC.US,D,20190925,000000,1.40,1.41,1.31,1.34,31155333,0
AMC.US,D,20190926,000000,1.34,1.34,1.28,1.29,21410535,0
AMC.US,D,20190927,000000,1.27,1.32,1.26,1.29,23284949,0
AMC.US,D,20190930,000000,1.24,1.30,1.23,1.28,22080283,0
AMC.US,D,20190930,000000,1.27,1.30,1.27,1.29,36468322,0
AMC.US,D,20190930,000000,1.27,1.41,1.25,1.38,23051320,0
AMC.US,D,20191001,000000,1.40,1.48,1.39,1.46,17969684,0
AMC.US,D,20191002,000000,1.50,1.50,1.48,1.48,26914318,0
AMC.US,D,20191003,000000,1.50,1.54,1.35,1.40,19122801,0
AMC.US,D,20191004,000000,1.40,1.40,1.29,1.31,22520629,0
AMC.US,D,20191007,000000,1.31,1.42,1.27,1.36,29699686,0
AMC.US,D,20191007,000000,1.36,1.38,1.35,1.37,24488953,0
AMC.US,D,20191007,000000,1.37,1.42,1.23,1.26,19606874,0
AMC.US,D,20191008,000000,1.23,1.23,1.16,1.17,30410851,0
AMC.US,D,20191009,000000,1.18,1.34,1.17,1.32,22001859,0
AMC.US,D,20191010,000000,1.35,1.36,1.29,1.31,27461100,0
AMC.US,D,20191011,000000,1.30,1.30,1.29,1.29,23110117,0
AMC.US,D,20191014,000000,1.32,1.34,1.31,1.34,24912966,0
AMC.US,D,20191014,000000,1.35,1.35,1.29,1.31,20944434,0
AMC.US,D,20191014,000000,1.27,1.28,1.14,1.16,16358127,0
AMC.US,D,20191015,000000,1.18,1.29,1.17,1.25,31876021,0
AMC.US,D,20191016,000000,1.28,1.31,1.28,1.30,20037633,0
AMC.US,D,20191017,000000,1.28,1.41,1.25,1.36,28268032,0
AMC.US,D,20191018,000000,1.35,1.42,1.35,1.41,36707083,0
AMC.US,D,20191021,000000,1.39,1.40,1.33,1.35,16359387,0
AMC.US,D,20191021,000000,1.34,1.48,1.30,1.45,16641186,0
AMC.US,D,20191021,000000,1.44,1.52,1.42,1.52,37213603,0
AMC.US,D,20191022,000000,1.55,1.56,1.53,1.54,15134564,0
AMC.US,D,20191023,000000,1.52,1.53,1.43,1.44,29421738,0
AMC.US,D,20191024,000000,1.51,1.55,1.40,1.41,15938648,0
AMC.US,D,20191025,000000,1.43,1.68,1.37,1.57,14231025,0
AMC.US,D,20191028,000000,1.55,1.63,1.50,1.62,24487089,0
AMC.US,D,20191028,000000,1.56,1.57,1.53,1.53,19035541,0
AMC.US,D,20191028,000000,1.48,1.62,1.41,1.61,30337953,0
AMC.US,D,20191029,000000,1.61,1.75,1.58,1.71,29817497,0
AMC.US,D,20191030,000000,1.70,1.75,1.69,1.74,31568119,0
AMC.US,D,20191031,000000,1.77,1.79,1.66,1.70,31339667,0
AMC.US,D,20191101,000000,1.74,1.75,1.73,1.74,30278958,0
AMC.US,D,20191104,000000,1.75,1.77,1.74,1.74,27920345,0
AMC.US,D,20191104,000000,1.74,1.84,1.50,1.56,25950217,0
AMC.US,D,20191104,000000,1.63,1.64,1.45,1.49,30563519,0
AMC.US,D,20191105,000000,1.44,1.54,1.41,1.51,29245273,0
AMC.US,D,20191106,000000,1.54,1.62,1.53,1.59,37211046,0
AMC.US,D,20191107,000000,1.56,1.71,1.55,1.64,34226978,0
AMC.US,D,20191108,000000,1.71,1.73,1.70,1.73,18752912,0
AMC.US,D,20191111,000000,1.78,1.81,1.75,1.76,27715633,0
AMC.US,D,20191111,000000,1.77,1.80,1.68,1.71,35288873,0
AMC.US,D,20191111,000000,1.65,1.66,1.64,1.65,21178873,0
AMC.US,D,20191112,000000,1.58,1.82,1.57,1.73,28283856,0
AMC.US,D,20191113,000000,1.74,1.77,1.71,1.71,34653663,0
AMC.US,D,20191114,000000,1.72,1.79,1.72,1.78,27567112,0
AMC.US,D,20191115,000000,1.81,1.89,1.77,1.87,25991070,0
AMC.US,D,20191118,000000,1.82,2.12,1.73,2.11,22414111,0
AMC.US,D,20191118,000000,2.04,2.16,2.04,2.16,22483179,0
AMC.US,D,20191118,000000,2.17,2.30,2.15,2.27,14818383,0
AMC.US,D,20191119,000000,2.25,2.25,1.99,2.04,28720538,0
AMC.US,D,20191120,000000,2.07,2.07,2.05,2.06,12503867,0
AMC.US,D,20191121,000000,2.06,2.11,1.97,2.02,34603507,0
AMC.US,D,20191122,000000,2.04,2.04,1.92,1.95,34652285,0
AMC.US,D,20191125,000000,1.94,2.01,1.92,1.99,14317688,0
AMC.US,D,20191125,000000,1.94,2.17,1.89,2.08,34564559,0
AMC.US,D,20191125,000000,2.19,2.21,1.77,1.82,19623686,0
AMC.US,D,20191126,000000,1.83,2.05,1.81,2.00,14747284,0
AMC.US,D,20191127,000000,1.92,2.11,1.92,2.09,34379845,0
AMC.US,D,20191128,000000,2.11,2.12,1.87,1.94,16768867,0
AMC.US,D,20191129,000000,1.87,1.90,1.79,1.80,33900162,0
AMC.US,D,20191202,000000,1.79,1.80,1.75,1.76,24346994,0
AMC.US,D,20191202,000000,1.76,1.78,1.38,1.59,25638923,0
AMC.US,D,20191202,000000,1.58,1.70,1.56,1.67,13195840,0
AMC.US,D,20191203,000000,1.63,1.74,1.59,1.72,23987295,0
AMC.US,D,20191204,000000,1.72,1.72,1.69,1.71,22706106,0
AMC.US,D,20191205,000000,1.71,1.72,1.53,1.56,15429405,0
AMC.US,D,20191206,000000,1.53,1.57,1.52,1.55,28871343,0
AMC.US,D,20191209,000000,1.52,1.56,1.52,1.55,15647602,0
AMC.US,D,20191209,000000,1.57,1.57,1.51,1.51,28357210,0
AMC.US,D,20191209,000000,1.49,1.55,1.49,1.55,17954098,0
AMC.US,D,20191210,000000,1.52,1.61,1.50,1.59,20949145,0
AMC.US,D,20191211,000000,1.60,1.73,1.59,1.73,35259788,0
AMC.US,D,20191212,000000,1.72,1.73,1.69,1.71,34096484,0
AMC.US,D,20191213,000000,1.71,1.92,1.65,1.91,28576124,0
AMC.US,D,20191216,000000,1.88,1.89,1.84,1.84,35578396,0
AMC.US,D,20191216,000000,1.81,1.81,1.68,1.69,28173417,0
AMC.US,D,20191216,000000,1.68,1.69,1.67,1.68,19354750,0
AMC.US,D,20191217,000000,1.68,1.87,1.67,1.78,24946530,0
AMC.US,D,20191218,000000,1.77,1.77,1.70,1.73,34658500,0
AMC.US,D,20191219,000000,1.72,1.84,1.69,1.80,18466348,0
AMC.US,D,20191220,000000,1.78,1.80,1.73,1.74,32913814,0
AMC.US,D,20191223,000000,1.78,1.80,1.78,1.78,20480123,0
AMC.US,D,20191223,000000,1.78,1.83,1.77,1.83,23182586,0
AMC.US,D,20191223,000000,1.85,1.99,1.84,1.97,15499373,0
AMC.US,D,20191224,000000,1.95,2.12,1.92,2.08,33631625,0
AMC.US,D,20191225,000000,2.03,2.04,1.94,1.96,34249946,0
AMC.US,D,20191226,000000,1.98,2.05,1.98,2.02,31172497,0
AMC.US,D,20191227,000000,2.06,2.13,1.69,1.79,34832692,0
AMC.US,D,20191230,000000,1.78,1.79,1.76,1.78,30227186,0
AMC.US,D,20191230,000000,1.80,1.88,1.80,1.84,20343716,0
AMC.US,D,20191230,000000,1.81,1.90,1.77,1.88,25365364,0
AMC.US,D,20191231,000000,1.91,1.97,1.83,1.88,36852535,0
AMC.US,D,20200101,000000,1.90,1.91,1.71,1.76,15283093,0
AMC.US,D,20200102,000000,1.71,1.89,1.69,1.82,23182133,0
AMC.US,D,20200103,000000,1.80,1.94,1.79,1.92,13462438,0
AMC.US,D,20200106,000000,1.87,2.31,1.82,2.19,17895855,0
AMC.US,D,20200106,000000,2.24,2.26,2.15,2.15,36124640,0
AMC.US,D,20200106,000000,2.15,2.17,2.00,2.00,31648935,0
AMC.US,D,20200107,000000,2.04,2.06,1.98,1.98,36677284,0
AMC.US,D,20200108,000000,1.98,2.01,1.97,1.99,28452293,0
AMC.US,D,20200109,000000,2.02,2.06,1.76,1.79,22430403,0
AMC.US,D,20200110,000000,1.81,1.84,1.64,1.68,34091973,0
AMC.US,D,20200113,000000,1.66,1.82,1.62,1.81,28801928,0
AMC.US,D,20200113,000000,1.80,1.96,1.77,1.96,28996421,0
AMC.US,D,20200113,000000,1.94,1.95,1.72,1.78,20121618,0
AMC.US,D,20200114,000000,1.72,1.99,1.65,1.92,25535612,0
AMC.US,D,20200115,000000,1.96,1.99,1.87,1.91,27252283,0
AMC.US,D,20200116,000000,1.97,1.98,1.89,1.91,21313446,0
AMC.US,D,20200117,000000,1.89,1.97,1.88,1.96,35263058,0
AMC.US,D,20200120,000000,1.97,1.98,1.86,1.89,20374214,0
AMC.US,D,20200120,000000,1.93,1.97,1.69,1.75,34058367,0
AMC.US,D,20200120,000000,1.72,1.80,1.71,1.76,15658844,0
AMC.US,D,20200121,000000,1.74,1.77,1.64,1.66,35323715,0
AMC.US,D,20200122,000000,1.65,1.79,1.63,1.78,15260614,0
AMC.US,D,20200123,000000,1.78,1.94,1.76,1.90,19988629,0
AMC.US,D,20200124,000000,1.92,2.11,1.88,2.04,21953661,0
AMC.US,D,20200127,000000,1.99,2.22,1.98,2.17,15899653,0
AMC.US,D,20200127,000000,2.22,2.23,2.01,2.03,15026800,0
AMC.US,D,20200127,000000,2.01,2.26,1.96,2.22,19528909,0
AMC.US,D,20200128,000000,2.20,2.34,2.19,2.30,22083073,0
AMC.US,D,20200129,000000,2.20,2.58,2.16,2.44,15639912,0
AMC.US,D,20200130,000000,2.51,2.53,2.31,2.39,16726108,0
AMC.US,D,20200131,000000,2.33,2.40,2.29,2.39,21657490,0
AMC.US,D,20200203,000000,2.34,2.34,2.31,2.32,15935625,0
AMC.US,D,20200203,000000,2.32,2.44,2.31,2.42,25379799,0
AMC.US,D,20200203,000000,2.34,2.59,2.29,2.55,13906939,0
AMC.US,D,20200204,000000,2.49,2.85,2.45,2.79,33441031,0
AMC.US,D,20200205,000000,2.67,2.70,2.28,2.37,34415315,0
AMC.US,D,20200206,000000,2.37,2.43,2.21,2.21,30335777,0
AMC.US,D,20200207,000000,2.20,2.27,2.12,2.14,18682713,0
AMC.US,D,20200210,000000,2.07,2.28,1.95,2.15,21287962,0
AMC.US,D,20200210,000000,2.22,2.23,2.07,2.15,13594956,0
AMC.US,D,20200210,000000,2.09,2.18,2.09,2.10,20430873,0
AMC.US,D,20200211,000000,2.15,2.15,2.05,2.06,29511775,0
AMC.US,D,20200212,000000,2.10,2.10,2.08,2.08,19010393,0
AMC.US,D,20200213,000000,2.03,2.27,2.03,2.24,37403617,0
AMC.US,D,20200214,000000,2.29,2.33,1.94,1.99,28535277,0
AMC.US,D,20200217,000000,1.93,2.05,1.89,2.03,36400992,0
AMC.US,D,20200217,000000,2.01,2.07,2.01,2.07,25627948,0
AMC.US,D,20200217,000000,2.03,2.22,1.99,2.18,23989797,0
AMC.US,D,20200218,000000,2.11,2.33,2.09,2.30,34296428,0
AMC.US,D,20200219,000000,2.30,2.31,2.25,2.26,20764009,0
AMC.US,D,20200220,000000,2.27,2.53,2.09,2.49,15712341,0
AMC.US,D,20200221,000000,2.44,2.67,2.42,2.53,33209142,0
AMC.US,D,20200224,000000,2.59,2.61,2.57,2.59,45463482,0
AMC.US,D,20200224,000000,2.61,2.64,2.60,2.63,35125686,0
AMC.US,D,20200224,000000,2.55,2.72,2.53,2.69,45548102,0
AMC.US,D,20200225,000000,2.75,2.76,2.69,2.72,31145944,0
AMC.US,D,20200226,000000,2.71,2.77,2.70,2.76,47647033,0
AMC.US,D,20200227,000000,2.76,2.85,2.75,2.81,44237188,0
AMC.US,D,20200228,000000,2.84,2.92,2.77,2.85,36859896,0
AMC.US,D,20200302,000000,2.78,2.99,2.78,2.92,52695273,0
AMC.US,D,20200302,000000,2.92,3.02,2.90,3.00,31528699,0
AMC.US,D,20200302,000000,2.99,3.09,2.98,3.07,29585121,0
AMC.US,D,20200303,000000,2.95,3.14,2.93,3.12,44598969,0
AMC.US,D,20200304,000000,3.14,3.23,3.13,3.20,33645280,0
AMC.US,D,20200305,000000,3.20,3.28,3.19,3.26,66201581,0
AMC.US,D,20200306,000000,3.22,3.32,3.21,3.32,77839938,0
AMC.US,D,20200309,000000,3.26,3.46,3.23,3.43,70720688,0
AMC.US,D,20200309,000000,3.54,3.54,3.51,3.52,50887698,0
AMC.US,D,20200309,000000,3.54,3.68,3.54,3.61,44089638,0
AMC.US,D,20200310,000000,3.63,3.76,3.59,3.71,50132548,0
AMC.US,D,20200311,000000,3.83,3.87,3.74,3.79,69224716,0
AMC.US,D,20200312,000000,3.72,3.91,3.65,3.88,78497756,0
AMC.US,D,20200313,000000,3.76,3.98,3.75,3.97,67090592,0
AMC.US,D,20200316,000000,3.99,4.18,3.94,4.11,35906905,0
AMC.US,D,20200316,000000,4.09,4.25,4.06,4.21,85803311,0
AMC.US,D,20200316,000000,4.21,4.45,4.20,4.34,36232554,0
AMC.US,D,20200317,000000,4.39,4.48,4.38,4.46,67663854,0
AMC.US,D,20200318,000000,4.35,4.84,4.25,4.62,38517794,0
AMC.US,D,20200319,000000,4.60,4.90,4.60,4.77,86249113,0
AMC.US,D,20200320,000000,4.87,4.94,4.87,4.89,76959195,0
AMC.US,D,20200323,000000,4.79,5.26,4.78,5.13,89399637,0
AMC.US,D,20200323,000000,5.27,5.43,5.20,5.32,92784121,0
AMC.US,D,20200323,000000,5.38,5.50,5.36,5.47,99339836,0
AMC.US,D,20200324,000000,5.40,5.84,5.27,5.65,105933116,0
AMC.US,D,20200325,000000,5.64,5.94,5.62,5.85,55745127,0
AMC.US,D,20200326,000000,5.86,6.16,5.82,6.08,122600738,0
AMC.US,D,20200327,000000,6.26,6.34,6.24,6.28,54838678,0
AMC.US,D,20200330,000000,6.24,6.72,6.22,6.49,87486000,0
AMC.US,D,20200330,000000,6.48,6.76,6.42,6.74,48585917,0
AMC.US,D,20200330,000000,6.72,7.15,6.67,6.99,73075470,0
AMC.US,D,20200331,000000,6.71,7.53,6.69,7.50,26686073,0
AMC.US,D,20200401,000000,7.67,8.86,7.51,8.22,17557898,0
AMC.US,D,20200402,000000,8.30,8.60,8.11,8.49,35276285,0
AMC.US,D,20200403,000000,8.65,8.73,7.58,7.75,35019473,0
AMC.US,D,20200406,000000,7.70,7.97,6.73,6.93,35085152,0
AMC.US,D,20200406,000000,6.80,6.82,6.71,6.71,32733765,0
AMC.US,D,20200406,000000,6.61,7.43,6.56,7.22,19037661,0
AMC.US,D,20200407,000000,7.31,7.53,7.29,7.46,24528425,0
AMC.US,D,20200408,000000,7.24,8.03,7.11,8.01,20168939,0
AMC.US,D,20200409,000000,7.89,7.92,6.98,7.10,34164043,0
AMC.US,D,20200410,000000,6.68,6.70,6.63,6.66,22306344,0
AMC.US,D,20200413,000000,6.43,6.49,5.53,5.89,37393251,0
AMC.US,D,20200413,000000,5.74,5.81,5.67,5.79,15498270,0
AMC.US,D,20200413,000000,5.86,5.88,5.84,5.86,24029961,0
AMC.US,D,20200414,000000,5.70,5.79,5.66,5.74,31030769,0
AMC.US,D,20200415,000000,5.88,6.23,5.87,6.18,13214119,0
AMC.US,D,20200416,000000,6.49,7.07,5.28,5.45,32932364,0
AMC.US,D,20200417,000000,5.40,5.65,5.00,5.02,12875840,0
AMC.US,D,20200420,000000,5.15,5.16,4.81,4.85,22198827,0
AMC.US,D,20200420,000000,4.79,4.82,4.44,4.59,27117107,0
AMC.US,D,20200420,000000,4.55,4.83,4.53,4.78,30217103,0
AMC.US,D,20200421,000000,4.68,5.22,4.64,5.06,12773482,0
AMC.US,D,20200422,000000,5.12,5.29,4.77,4.94,28313200,0
AMC.US,D,20200423,000000,5.02,5.12,4.49,4.53,19995528,0
AMC.US,D,20200424,000000,4.61,5.01,4.39,4.93,23765210,0
AMC.US,D,20200427,000000,5.08,5.65,5.07,5.39,23942989,0
AMC.US,D,20200427,000000,5.19,5.69,4.99,5.64,22650715,0
AMC.US,D,20200427,000000,5.51,5.69,5.45,5.59,18569812,0
AMC.US,D,20200428,000000,5.67,6.90,5.47,6.54,33972883,0
AMC.US,D,20200429,000000,6.48,7.15,6.44,7.04,29928737,0
AMC.US,D,20200430,000000,7.06,7.10,6.64,6.78,37427568,0
AMC.US,D,20200501,000000,6.65,6.82,6.62,6.77,21149061,0
AMC.US,D,20200504,000000,6.75,6.80,6.44,6.46,30249690,0
AMC.US,D,20200504,000000,6.36,6.36,5.41,5.61,14789273,0
AMC.US,D,20200504,000000,5.63,5.73,5.61,5.72,26152508,0
AMC.US,D,20200505,000000,5.63,5.89,5.48,5.85,19318932,0
AMC.US,D,20200506,000000,5.81,6.71,5.80,6.53,17260365,0
AMC.US,D,20200507,000000,6.31,6.35,6.00,6.17,19283444,0
AMC.US,D,20200508,000000,6.12,6.24,6.07,6.23,27046220,0
AMC.US,D,20200511,000000,6.07,6.19,5.78,5.83,26044580,0
AMC.US,D,20200511,000000,5.87,6.11,4.70,4.87,18779633,0
AMC.US,D,20200511,000000,5.00,5.04,4.88,4.90,24527261,0
AMC.US,D,20200512,000000,4.97,5.07,4.60,4.68,15313462,0
AMC.US,D,20200513,000000,4.70,4.71,4.66,4.70,18064105,0
AMC.US,D,20200514,000000,4.57,4.71,4.41,4.51,13953067,0
AMC.US,D,20200515,000000,4.61,4.77,4.30,4.33,26938150,0
AMC.US,D,20200518,000000,4.37,4.43,3.89,3.90,21724048,0
AMC.US,D,20200518,000000,3.91,3.97,3.83,3.96,27360676,0
AMC.US,D,20200518,000000,3.78,4.33,3.66,4.17,36408902,0
AMC.US,D,20200519,000000,4.18,4.19,4.04,4.05,35273734,0
AMC.US,D,20200520,000000,4.05,4.65,3.92,4.38,36322954,0
AMC.US,D,20200521,000000,4.30,4.36,4.03,4.03,13051570,0
AMC.US,D,20200522,000000,4.00,4.25,3.88,4.11,31585337,0
AMC.US,D,20200525,000000,4.05,5.00,3.85,4.59,17565201,0
AMC.US,D,20200525,000000,4.70,4.76,3.94,3.99,28837116,0
AMC.US,D,20200525,000000,3.87,4.56,3.86,4.37,23422256,0
AMC.US,D,20200526,000000,4.57,4.67,3.94,4.27,35524394,0
AMC.US,D,20200527,000000,4.29,4.38,4.28,4.35,33336182,0
AMC.US,D,20200528,000000,4.36,4.80,4.27,4.77,17781037,0
AMC.US,D,20200529,000000,4.79,5.19,4.75,5.03,23755947,0
AMC.US,D,20200601,000000,5.01,5.69,5.00,5.55,28500208,0
AMC.US,D,20200601,000000,5.55,6.57,4.95,6.48,36382404,0
AMC.US,D,20200601,000000,6.46,7.21,6.40,7.09,21020656,0
AMC.US,D,20200602,000000,7.67,7.94,6.14,6.57,23178653,0
AMC.US,D,20200603,000000,6.50,6.55,6.44,6.49,18666111,0
AMC.US,D,20200604,000000,6.43,6.64,6.33,6.55,25329063,0
AMC.US,D,20200605,000000,6.54,6.77,6.31,6.62,18931966,0
AMC.US,D,20200608,000000,6.77,6.77,6.22,6.39,22514445,0
AMC.US,D,20200608,000000,6.41,6.54,6.40,6.49,33026994,0
AMC.US,D,20200608,000000,6.74,7.11,6.56,7.03,18202497,0
AMC.US,D,20200609,000000,6.70,8.32,6.46,7.54,34628985,0
AMC.US,D,20200610,000000,7.39,8.64,7.29,8.42,14669514,0
AMC.US,D,20200611,000000,8.58,8.68,8.39,8.50,14119907,0
AMC.US,D,20200612,000000,8.55,9.31,8.32,9.29,22288185,0
AMC.US,D,20200615,000000,9.23,9.46,8.86,8.87,16234779,0
AMC.US,D,20200615,000000,8.94,8.98,8.11,8.29,27098185,0
AMC.US,D,20200615,000000,8.49,8.60,7.94,8.07,35315032,0
AMC.US,D,20200616,000000,8.19,8.32,7.50,7.62,19008439,0
AMC.US,D,20200617,000000,7.23,7.61,7.16,7.55,30374224,0
AMC.US,D,20200618,000000,7.64,7.68,6.93,7.12,27004884,0
AMC.US,D,20200619,000000,7.14,7.15,6.17,6.42,24872538,0
AMC.US,D,20200622,000000,6.64,6.71,6.57,6.63,18653624,0
AMC.US,D,20200622,000000,6.70,6.72,6.21,6.38,22964560,0
AMC.US,D,20200622,000000,6.42,6.45,5.99,6.11,18720297,0
AMC.US,D,20200623,000000,6.09,6.33,6.06,6.27,15708099,0
AMC.US,D,20200624,000000,6.27,6.36,5.82,6.04,12910668,0
AMC.US,D,20200625,000000,5.96,6.01,4.90,4.98,25341186,0
AMC.US,D,20200626,000000,4.81,4.85,4.68,4.78,34807715,0
AMC.US,D,20200629,000000,4.92,5.19,3.44,3.90,25603891,0
AMC.US,D,20200629,000000,3.90,4.62,3.90,4.35,13229741,0
AMC.US,D,20200629,000000,4.31,4.37,4.29,4.33,13466660,0
AMC.US,D,20200630,000000,4.40,4.53,3.83,3.85,19996930,0
AMC.US,D,20200701,000000,3.73,4.17,3.73,4.12,35455693,0
AMC.US,D,20200702,000000,4.05,4.06,4.05,4.05,33728592,0
AMC.US,D,20200703,000000,4.04,4.05,3.41,3.57,21864359,0
AMC.US,D,20200706,000000,3.58,3.62,3.31,3.31,30632584,0
AMC.US,D,20200706,000000,3.24,3.31,2.89,2.99,17068064,0
AMC.US,D,20200706,000000,3.01,3.02,2.61,2.82,26721482,0
AMC.US,D,20200707,000000,2.94,2.94,2.94,2.94,24406188,0
AMC.US,D,20200708,000000,2.89,3.07,2.86,3.00,27487677,0
AMC.US,D,20200709,000000,2.90,3.18,2.86,3.11,30280096,0
AMC.US,D,20200710,000000,3.02,3.05,2.93,2.95,18370685,0
AMC.US,D,20200713,000000,3.07,3.08,2.78,2.83,24072972,0
AMC.US,D,20200713,000000,2.70,2.83,2.63,2.78,26722096,0
AMC.US,D,20200713,000000,2.75,2.76,2.53,2.66,36437103,0
AMC.US,D,20200714,000000,2.61,2.65,2.60,2.65,13484333,0
AMC.US,D,20200715,000000,2.59,2.85,2.57,2.77,16443651,0
AMC.US,D,20200716,000000,2.82,2.83,2.65,2.71,25901511,0
AMC.US,D,20200717,000000,2.76,2.80,2.68,2.70,16423315,0
AMC.US,D,20200720,000000,2.66,2.70,2.35,2.43,29171194,0
AMC.US,D,20200720,000000,2.46,2.49,2.03,2.09,31256779,0
AMC.US,D,20200720,000000,1.98,2.04,1.98,2.02,19174979,0
AMC.US,D,20200721,000000,2.06,2.11,1.75,1.82,15456329,0
AMC.US,D,20200722,000000,1.81,1.82,1.65,1.67,22375594,0
AMC.US,D,20200723,000000,1.72,1.73,1.48,1.50,34091975,0
AMC.US,D,20200724,000000,1.46,1.48,1.38,1.39,13858804,0
AMC.US,D,20200727,000000,1.32,1.33,1.21,1.23,13648121,0
AMC.US,D,20200727,000000,1.19,1.23,1.10,1.14,36281703,0
AMC.US,D,20200727,000000,1.14,1.19,0.94,1.01,31680129,0
AMC.US,D,20200728,000000,1.01,1.21,0.97,1.17,13429781,0
AMC.US,D,20200729,000000,1.18,1.47,1.16,1.37,14000792,0
AMC.US,D,20200730,000000,1.38,1.38,1.29,1.30,17345924,0
AMC.US,D,20200731,000000,1.32,1.44,1.26,1.42,24367692,0
AMC.US,D,20200803,000000,1.36,1.63,1.32,1.57,18234716,0
AMC.US,D,20200803,000000,1.58,1.59,1.56,1.57,20670461,0
AMC.US,D,20200803,000000,1.50,1.72,1.12,1.15,18584910,0
AMC.US,D,20200804,000000,1.14,1.43,1.03,1.32,23494706,0
AMC.US,D,20200805,000000,1.28,1.40,1.27,1.39,14266242,0
AMC.US,D,20200806,000000,1.41,1.43,1.22,1.31,34050650,0
AMC.US,D,20200807,000000,1.27,1.51,1.22,1.40,20754076,0
AMC.US,D,20200810,000000,1.42,1.62,1.38,1.57,37270469,0
AMC.US,D,20200810,000000,1.53,1.72,1.49,1.67,36022959,0
AMC.US,D,20200810,000000,1.69,1.85,1.69,1.83,17588863,0
AMC.US,D,20200811,000000,1.84,1.91,1.81,1.88,16584929,0
AMC.US,D,20200812,000000,1.88,1.91,1.80,1.81,13420588,0
AMC.US,D,20200813,000000,1.87,2.02,1.81,2.00,32191771,0
AMC.US,D,20200814,000000,2.02,2.32,1.94,2.27,34942014,0
AMC.US,D,20200817,000000,2.28,2.30,1.90,2.03,24990579,0
AMC.US,D,20200817,000000,2.07,2.08,2.01,2.05,17057646,0
AMC.US,D,20200817,000000,2.04,2.08,1.89,1.95,29803103,0
AMC.US,D,20200818,000000,1.93,1.99,1.67,1.78,30333360,0
AMC.US,D,20200819,000000,1.69,1.71,1.67,1.70,12679401,0
AMC.US,D,20200820,000000,1.74,1.76,1.63,1.65,36085002,0
AMC.US,D,20200821,000000,1.66,1.67,1.56,1.58,55356253,0
AMC.US,D,20200824,000000,1.59,1.60,1.57,1.57,37341214,0
AMC.US,D,20200824,000000,1.60,1.61,1.47,1.53,77747104,0
AMC.US,D,20200824,000000,1.51,1.52,1.41,1.46,56948946,0
AMC.US,D,20200825,000000,1.49,1.49,1.38,1.40,70266988,0
AMC.US,D,20200826,000000,1.38,1.39,1.30,1.31,80204661,0
AMC.US,D,20200827,000000,1.31,1.33,1.18,1.23,69305163,0
AMC.US,D,20200828,000000,1.20,1.21,1.17,1.18,109965412,0
AMC.US,D,20200831,000000,1.13,1.14,1.09,1.10,111189108,0
AMC.US,D,20200831,000000,1.12,1.12,0.95,1.02,121748886,0
AMC.US,D,20200831,000000,1.00,1.03,0.99,1.00,164432778,0
AMC.US,D,20200901,000000,1.01,1.12,0.98,1.07,28322253,0
AMC.US,D,20200902,000000,1.07,1.11,1.06,1.11,31359618,0
AMC.US,D,20200903,000000,1.09,1.16,1.09,1.15,36537414,0
AMC.US,D,20200904,000000,1.17,1.19,1.13,1.14,20078967,0
AMC.US,D,20200907,000000,1.17,1.19,1.10,1.10,22644366,0
AMC.US,D,20200907,000000,1.12,1.12,1.09,1.10,13458182,0
AMC.US,D,20200907,000000,1.06,1.34,1.03,1.28,25340797,0
AMC.US,D,20200908,000000,1.23,1.23,1.11,1.12,32312738,0
AMC.US,D,20200909,000000,1.13,1.14,1.13,1.14,12880969,0
AMC.US,D,20200910,000000,1.10,1.11,0.94,1.00,22696648,0
AMC.US,D,20200911,000000,1.01,1.17,1.01,1.13,34958813,0
AMC.US,D,20200914,000000,1.12,1.13,1.06,1.07,28760086,0
AMC.US,D,20200914,000000,1.09,1.09,1.01,1.05,19237065,0
AMC.US,D,20200914,000000,1.06,1.08,1.03,1.04,12662118,0
AMC.US,D,20200915,000000,1.04,1.07,0.99,1.00,32070589,0
AMC.US,D,20200916,000000,1.01,1.02,1.00,1.00,35294858,0
AMC.US,D,20200917,000000,1.00,1.00,1.00,1.00,22162770,0
AMC.US,D,20200918,000000,1.00,1.02,0.98,1.00,18472212,0
AMC.US,D,20200921,000000,1.02,1.02,0.99,1.00,26096027,0
AMC.US,D,20200921,000000,1.00,1.01,0.98,1.00,22364911,0
AMC.US,D,20200921,000000,1.04,1.04,0.99,1.00,12581593,0
AMC.US,D,20200922,000000,1.00,1.01,1.00,1.00,36890698,0
AMC.US,D,20200923,000000,1.01,1.01,1.00,1.00,17867354,0
AMC.US,D,20200924,000000,1.03,1.04,1.00,1.00,26714976,0
AMC.US,D,20200925,000000,1.02,1.03,1.02,1.03,33118270,0
AMC.US,D,20200928,000000,1.03,1.06,1.02,1.05,18460698,0
AMC.US,D,20200928,000000,1.06,1.07,1.04,1.05,12983500,0
AMC.US,D,20200928,000000,1.03,1.16,1.02,1.13,33951413,0
AMC.US,D,20200929,000000,1.18,1.23,1.04,1.07,26717088,0
AMC.US,D,20200930,000000,1.08,1.08,1.03,1.04,16423470,0
AMC.US,D,20201001,000000,1.05,1.05,1.04,1.04,15317447,0
AMC.US,D,20201002,000000,1.08,1.10,1.00,1.00,31759708,0
AMC.US,D,20201005,000000,1.01,1.01,0.99,1.00,12889284,0
AMC.US,D,20201005,000000,1.01,1.02,0.98,1.00,25699700,0
AMC.US,D,20201005,000000,1.00,1.00,0.99,1.00,33184359,0
AMC.US,D,20201006,000000,1.00,1.02,0.99,1.01,37253440,0
AMC.US,D,20201007,000000,1.00,1.01,1.00,1.00,21398179,0
AMC.US,D,20201008,000000,1.00,1.02,1.00,1.00,27939462,0
AMC.US,D,20201009,000000,1.00,1.00,1.00,1.00,32748772,0
AMC.US,D,20201012,000000,1.01,1.03,1.00,1.00,14594160,0
AMC.US,D,20201012,000000,1.04,1.04,0.99,1.00,23307467,0
AMC.US,D,20201012,000000,1.00,1.03,1.00,1.01,15382026,0
AMC.US,D,20201013,000000,1.01,1.01,1.00,1.00,30697613,0
AMC.US,D,20201014,000000,1.00,1.00,1.00,1.00,29833810,0
AMC.US,D,20201015,000000,1.02,1.04,0.99,1.00,25258077,0
AMC.US,D,20201016,000000,1.00,1.01,1.00,1.00,13584403,0
AMC.US,D,20201019,000000,1.00,1.03,0.98,1.00,29847280,0
AMC.US,D,20201019,000000,1.01,1.10,0.98,1.08,33744070,0
AMC.US,D,20201019,000000,1.09,1.09,1.07,1.07,35943334,0
AMC.US,D,20201020,000000,1.07,1.13,1.06,1.11,23176665,0
AMC.US,D,20201021,000000,1.11,1.11,1.09,1.10,23440639,0
AMC.US,D,20201022,000000,1.08,1.09,1.00,1.02,14010843,0
AMC.US,D,20201023,000000,1.01,1.05,1.01,1.05,17483750,0
AMC.US,D,20201026,000000,1.05,1.12,1.05,1.11,22439865,0
AMC.US,D,20201026,000000,1.10,1.11,1.08,1.08,21508988,0
AMC.US,D,20201026,000000,1.10,1.20,1.09,1.20,19872237,0
AMC.US,D,20201027,000000,1.16,1.23,1.16,1.21,37100620,0
AMC.US,D,20201028,000000,1.16,1.23,1.12,1.18,23680516,0
AMC.US,D,20201029,000000,1.17,1.41,1.17,1.37,29314223,0
AMC.US,D,20201030,000000,1.44,1.46,1.22,1.31,30562893,0
AMC.US,D,20201102,000000,1.33,1.37,1.24,1.25,20560033,0
AMC.US,D,20201102,000000,1.24,1.48,1.17,1.44,37414498,0
AMC.US,D,20201102,000000,1.46,1.64,1.43,1.61,28725089,0
AMC.US,D,20201103,000000,1.63,1.65,1.62,1.65,18063190,0
AMC.US,D,20201104,000000,1.58,1.86,1.57,1.80,32606850,0
AMC.US,D,20201105,000000,1.84,1.99,1.82,1.94,30087815,0
AMC.US,D,20201106,000000,1.96,1.99,1.94,1.98,28095012,0
AMC.US,D,20201109,000000,1.98,1.99,1.78,1.82,30142334,0
AMC.US,D,20201109,000000,1.77,1.96,1.72,1.94,33588968,0
AMC.US,D,20201109,000000,1.94,1.98,1.92,1.97,32148723,0
AMC.US,D,20201110,000000,1.94,1.94,1.63,1.72,21511083,0
AMC.US,D,20201111,000000,1.74,1.83,1.72,1.81,15938250,0
AMC.US,D,20201112,000000,1.78,1.79,1.60,1.66,22438038,0
AMC.US,D,20201113,000000,1.68,1.69,1.65,1.68,29487651,0
AMC.US,D,20201116,000000,1.67,1.69,1.63,1.64,31948256,0
AMC.US,D,20201116,000000,1.60,1.61,1.56,1.57,21178986,0
AMC.US,D,20201116,000000,1.59,1.61,1.52,1.54,23486579,0
AMC.US,D,20201117,000000,1.53,1.71,1.51,1.70,16399551,0
AMC.US,D,20201118,000000,1.74,1.78,1.57,1.64,25171370,0
AMC.US,D,20201119,000000,1.62,1.63,1.60,1.61,16788875,0
AMC.US,D,20201120,000000,1.61,1.79,1.56,1.74,29411395,0
AMC.US,D,20201123,000000,1.75,1.77,1.74,1.77,29369587,0
AMC.US,D,20201123,000000,1.71,1.88,1.69,1.86,24356183,0
AMC.US,D,20201123,000000,1.87,1.89,1.86,1.88,28954708,0
AMC.US,D,20201124,000000,1.88,1.91,1.74,1.75,37309982,0
AMC.US,D,20201125,000000,1.70,1.72,1.69,1.72,32862497,0
AMC.US,D,20201126,000000,1.71,1.74,1.36,1.50,24950482,0
AMC.US,D,20201127,000000,1.49,1.74,1.49,1.70,26837710,0
AMC.US,D,20201130,000000,1.67,1.74,1.67,1.71,13175863,0
AMC.US,D,20201130,000000,1.70,1.73,1.54,1.58,35967801,0
AMC.US,D,20201130,000000,1.64,1.80,1.62,1.77,30075388,0
AMC.US,D,20201201,000000,1.76,2.11,1.75,2.03,16469483,0
AMC.US,D,20201202,000000,2.04,2.09,2.03,2.05,26472727,0
AMC.US,D,20201203,000000,2.06,2.19,1.90,1.90,30167328,0
AMC.US,D,20201204,000000,1.91,1.92,1.85,1.87,20281401,0
AMC.US,D,20201207,000000,1.87,2.08,1.85,1.99,18310350,0
AMC.US,D,20201207,000000,1.96,1.97,1.89,1.92,21368752,0
AMC.US,D,20201207,000000,1.88,1.94,1.87,1.93,36060980,0
AMC.US,D,20201208,000000,1.96,1.96,1.95,1.95,32217003,0
AMC.US,D,20201209,000000,1.92,1.96,1.86,1.87,18081277,0
AMC.US,D,20201210,000000,1.84,1.97,1.82,1.92,34546385,0
AMC.US,D,20201211,000000,1.88,2.13,1.83,2.01,14794929,0
AMC.US,D,20201214,000000,2.05,2.06,1.97,2.00,24998081,0
AMC.US,D,20201214,000000,1.96,2.17,1.95,2.09,34449998,0
AMC.US,D,20201214,000000,2.07,2.12,2.07,2.08,36335575,0
AMC.US,D,20201215,000000,2.12,2.21,2.09,2.16,18696583,0
AMC.US,D,20201216,000000,2.23,2.23,2.08,2.13,30156344,0
AMC.US,D,20201217,000000,2.12,2.12,2.10,2.11,25964189,0
AMC.US,D,20201218,000000,2.15,2.16,1.88,1.97,25915391,0
AMC.US,D,20201221,000000,2.01,2.05,1.75,1.82,31181798,0
AMC.US,D,20201221,000000,1.79,1.88,1.77,1.82,26329548,0
AMC.US,D,20201221,000000,1.85,1.96,1.74,1.74,31984890,0
AMC.US,D,20201222,000000,1.73,1.88,1.69,1.87,26775849,0
AMC.US,D,20201223,000000,1.88,1.89,1.84,1.84,23459388,0
AMC.US,D,20201224,000000,1.90,1.91,1.79,1.79,27234174,0
AMC.US,D,20201225,000000,1.75,1.77,1.64,1.68,24903044,0
AMC.US,D,20201228,000000,1.71,1.72,1.51,1.52,25081583,0
AMC.US,D,20201228,000000,1.50,1.61,1.49,1.61,18306923,0
AMC.US,D,20201228,000000,1.63,1.64,1.49,1.52,33967171,0
AMC.US,D,20201229,000000,1.52,1.55,1.47,1.47,16763036,0
AMC.US,D,20201230,000000,1.52,1.60,1.32,1.38,34407575,0
AMC.US,D,20201231,000000,1.37,1.39,1.22,1.28,23234220,0
AMC.US,D,20210101,000000,1.28,1.30,1.15,1.18,25225660,0
AMC.US,D,20210104,000000,1.18,1.19,1.14,1.15,17751873,0
AMC.US,D,20210104,000000,1.13,1.23,1.12,1.21,36265523,0
AMC.US,D,20210104,000000,1.21,1.30,1.21,1.25,12545128,0
AMC.US,D,20210105,000000,1.24,1.26,1.23,1.25,21034978,0
AMC.US,D,20210106,000000,1.24,1.26,1.17,1.19,18799786,0
AMC.US,D,20210107,000000,1.21,1.22,1.09,1.13,19565456,0
AMC.US,D,20210108,000000,1.11,1.18,1.10,1.18,19968572,0
AMC.US,D,20210111,000000,1.18,1.21,1.15,1.17,14978103,0
AMC.US,D,20210111,000000,1.17,1.18,1.12,1.13,37434586,0
AMC.US,D,20210111,000000,1.12,1.18,1.11,1.18,28587577,0
AMC.US,D,20210112,000000,1.17,1.28,1.16,1.24,32449308,0
AMC.US,D,20210113,000000,1.27,1.29,1.19,1.19,20300372,0
AMC.US,D,20210114,000000,1.17,1.18,1.17,1.18,19069220,0
AMC.US,D,20210115,000000,1.17,1.25,1.14,1.23,21321292,0
AMC.US,D,20210118,000000,1.23,1.24,1.21,1.21,20861022,0
AMC.US,D,20210118,000000,1.24,1.25,1.22,1.22,22672637,0
AMC.US,D,20210118,000000,1.22,1.25,1.22,1.23,33835858,0
AMC.US,D,20210119,000000,1.22,1.28,1.21,1.27,32742987,0
AMC.US,D,20210120,000000,1.26,1.30,1.25,1.30,25988499,0
AMC.US,D,20210121,000000,1.31,1.35,1.31,1.35,15341976,0
AMC.US,D,20210122,000000,1.33,1.43,1.32,1.42,22352636,0
AMC.US,D,20210125,000000,1.41,1.46,1.40,1.45,19551487,0
AMC.US,D,20210125,000000,1.49,1.57,1.45,1.53,18658612,0
AMC.US,D,20210125,000000,1.55,1.56,1.46,1.49,13679906,0
AMC.US,D,20210126,000000,1.48,1.50,1.41,1.44,14685513,0
AMC.US,D,20210127,000000,1.47,1.48,1.45,1.48,13584296,0
AMC.US,D,20210128,000000,1.46,1.49,1.38,1.41,33515515,0
AMC.US,D,20210129,000000,1.41,1.41,1.40,1.40,25129191,0
AMC.US,D,20210201,000000,1.40,1.57,1.35,1.55,31591055,0
AMC.US,D,20210201,000000,1.54,1.55,1.44,1.49,13560081,0
AMC.US,D,20210201,000000,1.51,1.57,1.50,1.55,18523754,0
AMC.US,D,20210202,000000,1.53,1.53,1.41,1.44,20228952,0
AMC.US,D,20210203,000000,1.42,1.44,1.40,1.41,25292773,0
AMC.US,D,20210204,000000,1.40,1.42,1.36,1.37,19346441,0
AMC.US,D,20210205,000000,1.36,1.43,1.35,1.42,32887228,0
AMC.US,D,20210208,000000,1.41,1.43,1.33,1.36,22565036,0
AMC.US,D,20210208,000000,1.34,1.43,1.33,1.40,33347286,0
AMC.US,D,20210208,000000,1.40,1.51,1.40,1.49,31921898,0
AMC.US,D,20210209,000000,1.50,1.50,1.46,1.47,34453471,0
AMC.US,D,20210210,000000,1.44,1.75,1.40,1.64,19720245,0
AMC.US,D,20210211,000000,1.64,1.67,1.55,1.58,28600182,0
AMC.US,D,20210212,000000,1.60,1.71,1.60,1.65,30313071,0
AMC.US,D,20210215,000000,1.66,1.68,1.55,1.60,33781343,0
AMC.US,D,20210215,000000,1.61,1.62,1.52,1.53,22843410,0
AMC.US,D,20210215,000000,1.51,1.56,1.50,1.55,25464586,0
AMC.US,D,20210216,000000,1.54,1.61,1.53,1.58,17958767,0
AMC.US,D,20210217,000000,1.58,1.59,1.58,1.59,27558339,0
AMC.US,D,20210218,000000,1.60,1.67,1.57,1.64,14406539,0
AMC.US,D,20210219,000000,1.62,1.67,1.61,1.67,34771000,0
AMC.US,D,20210222,000000,1.68,1.72,1.56,1.60,20294043,0
AMC.US,D,20210222,000000,1.58,1.70,1.58,1.69,35878479,0
AMC.US,D,20210222,000000,1.67,1.68,1.62,1.63,36300334,0
AMC.US,D,20210223,000000,1.65,1.68,1.49,1.54,25506941,0
AMC.US,D,20210224,000000,1.54,1.57,1.49,1.50,36460240,0
AMC.US,D,20210225,000000,1.52,1.56,1.51,1.55,36868712,0
AMC.US,D,20210226,000000,1.55,1.57,1.53,1.54,17297188,0
AMC.US,D,20210301,000000,1.53,1.54,1.41,1.48,33119886,0
AMC.US,D,20210301,000000,1.46,1.60,1.44,1.56,27440479,0
AMC.US,D,20210301,000000,1.57,1.58,1.50,1.53,25849645,0
AMC.US,D,20210302,000000,1.51,1.56,1.50,1.52,31169548,0
AMC.US,D,20210303,000000,1.51,1.55,1.50,1.55,23725768,0
AMC.US,D,20210304,000000,1.56,1.56,1.50,1.51,31016154,0
AMC.US,D,20210305,000000,1.52,1.56,1.51,1.55,30117923,0
AMC.US,D,20210308,000000,1.56,1.58,1.55,1.57,24311424,0
AMC.US,D,20210308,000000,1.57,1.62,1.50,1.51,32327451,0
AMC.US,D,20210308,000000,1.48,1.60,1.44,1.58,20390270,0
AMC.US,D,20210309,000000,1.58,1.59,1.57,1.59,22925802,0
AMC.US,D,20210310,000000,1.57,1.68,1.56,1.65,19503437,0
AMC.US,D,20210311,000000,1.62,1.66,1.62,1.66,36803507,0
AMC.US,D,20210312,000000,1.64,1.65,1.63,1.64,25876072,0
AMC.US,D,20210315,000000,1.63,1.64,1.62,1.64,36716931,0
AMC.US,D,20210315,000000,1.64,1.78,1.64,1.73,29025245,0
AMC.US,D,20210315,000000,1.71,1.98,1.70,1.93,22908213,0
AMC.US,D,20210316,000000,1.97,1.98,1.94,1.95,30721893,0
AMC.US,D,20210317,000000,1.99,2.02,1.89,1.90,20307655,0
AMC.US,D,20210318,000000,1.90,1.95,1.81,1.85,26786874,0
AMC.US,D,20210319,000000,1.86,1.87,1.86,1.86,26922805,0
AMC.US,D,20210322,000000,1.83,1.86,1.59,1.63,23185729,0
AMC.US,D,20210322,000000,1.66,1.71,1.43,1.53,26440442,0
AMC.US,D,20210322,000000,1.52,1.53,1.41,1.46,31813808,0
AMC.US,D,20210323,000000,1.45,1.50,1.45,1.49,25126803,0
AMC.US,D,20210324,000000,1.47,1.49,1.47,1.49,28203066,0
AMC.US,D,20210325,000000,1.47,1.61,1.45,1.56,37212028,0
AMC.US,D,20210326,000000,1.54,1.55,1.48,1.48,18052774,0
AMC.US,D,20210329,000000,1.45,1.47,1.45,1.46,21707115,0
AMC.US,D,20210329,000000,1.48,1.48,1.47,1.47,28199039,0
AMC.US,D,20210329,000000,1.47,1.48,1.39,1.42,31224762,0
AMC.US,D,20210330,000000,1.42,1.43,1.37,1.38,37001928,0
AMC.US,D,20210331,000000,1.38,1.38,1.32,1.34,20289216,0
AMC.US,D,20210401,000000,1.32,1.33,1.32,1.33,28330345,0
AMC.US,D,20210402,000000,1.32,1.32,1.30,1.30,27540585,0
AMC.US,D,20210405,000000,1.30,1.30,1.30,1.30,13833837,0
AMC.US,D,20210405,000000,1.32,1.32,1.31,1.32,12544364,0
AMC.US,D,20210405,000000,1.33,1.34,1.33,1.33,34615870,0
