<TICKER>,<PER>,<DATE>,<TIME>,<OPEN>,<HIGH>,<LOW>,<CLOSE>,<VOL>,<OPENINT>
AMD.US,D,20180102,000000,118.67,119.35,118.30,119.09,9311130,0
AMD.US,D,20180103,000000,118.58,119.52,118.48,119.33,10454262,0
AMD.US,D,20180104,000000,120.48,120.62,119.84,120.24,13864370,0
AMD.US,D,20180105,000000,121.18,121.85,118.91,119.20,13796293,0
AMD.US,D,20180108,000000,117.96,118.48,115.92,116.82,9914193,0
AMD.US,D,20180108,000000,115.48,115.51,112.65,113.22,17026917,0
AMD.US,D,20180108,000000,113.33,113.59,112.50,112.70,17312887,0
AMD.US,D,20180109,000000,112.32,115.37,111.87,113.58,16116766,0
AMD.US,D,20180110,000000,113.33,114.26,112.94,114.22,7249166,0
AMD.US,D,20180111,000000,113.92,114.01,111.33,111.58,17130389,0
AMD.US,D,20180112,000000,111.50,113.96,111.11,113.68,7231774,0
AMD.US,D,20180115,000000,112.68,112.89,112.67,112.75,15351382,0
AMD.US,D,20180115,000000,112.39,116.58,111.48,115.37,15190572,0
AMD.US,D,20180115,000000,115.90,116.40,115.78,116.18,7332426,0
AMD.US,D,20180116,000000,115.16,115.46,114.89,115.39,16275380,0
AMD.US,D,20180117,000000,115.45,115.74,114.23,114.26,15741617,0
AMD.US,D,20180118,000000,113.64,114.48,113.60,113.92,11262651,0
AMD.US,D,20180119,000000,112.71,113.63,112.56,113.62,17240848,0
AMD.US,D,20180122,000000,113.83,116.38,113.81,114.61,6552719,0
AMD.US,D,20180122,000000,114.75,115.70,114.70,115.53,14260936,0
AMD.US,D,20180122,000000,114.64,115.44,114.21,115.18,9624771,0
AMD.US,D,20180123,000000,114.82,114.93,112.92,113.23,7166170,0
AMD.US,D,20180124,000000,112.91,113.26,112.72,112.99,16285874,0
AMD.US,D,20180125,000000,113.65,115.22,113.04,114.77,7237247,0
AMD.US,D,20180126,000000,114.08,115.49,113.71,115.46,9771404,0
AMD.US,D,20180129,000000,115.93,116.58,113.93,114.28,14499113,0
AMD.US,D,20180129,000000,114.13,118.42,113.94,118.38,17860369,0
AMD.US,D,20180129,000000,118.37,119.15,118.06,118.85,12962256,0
AMD.US,D,20180130,000000,118.87,118.90,117.70,117.79,16532525,0
AMD.US,D,20180131,000000,117.64,121.83,117.06,120.79,6208189,0
AMD.US,D,20180201,000000,120.05,123.04,119.91,122.50,10649947,0
AMD.US,D,20180202,000000,122.21,123.17,121.88,123.10,8008706,0
AMD.US,D,20180205,000000,124.05,129.56,123.30,127.98,16844387,0
AMD.US,D,20180205,000000,128.65,128.75,127.85,128.17,17835309,0
AMD.US,D,20180205,000000,128.70,129.01,126.42,126.61,15047558,0
AMD.US,D,20180206,000000,127.63,127.75,127.29,127.41,14993094,0
AMD.US,D,20180207,000000,127.59,127.63,127.08,127.13,6113586,0
AMD.US,D,20180208,000000,127.72,128.67,127.42,128.21,14823872,0
AMD.US,D,20180209,000000,128.60,129.35,128.48,129.30,12475212,0
AMD.US,D,20180212,000000,127.88,130.18,126.98,129.72,14404933,0
AMD.US,D,20180212,000000,129.45,129.60,128.37,128.38,14960698,0
AMD.US,D,20180212,000000,128.53,128.77,127.25,128.16,14324994,0
AMD.US,D,20180213,000000,127.95,128.57,127.77,128.53,12568284,0
AMD.US,D,20180214,000000,127.86,127.96,127.72,127.95,8561503,0
AMD.US,D,20180215,000000,128.49,128.53,128.16,128.29,7871908,0
AMD.US,D,20180216,000000,128.03,128.88,127.96,128.39,10447931,0
AMD.US,D,20180219,000000,128.34,128.74,128.10,128.74,6293317,0
AMD.US,D,20180219,000000,128.79,129.13,126.95,127.27,15861551,0
AMD.US,D,20180219,000000,127.40,127.90,127.36,127.80,15561709,0
AMD.US,D,20180220,000000,127.86,128.22,127.63,128.10,6526222,0
AMD.US,D,20180221,000000,127.95,128.02,127.06,127.26,11251606,0
AMD.US,D,20180222,000000,127.12,128.00,127.08,127.91,16219565,0
AMD.US,D,20180223,000000,127.58,128.04,127.54,127.75,8136417,0
AMD.US,D,20180226,000000,127.77,127.80,127.35,127.39,13602455,0
AMD.US,D,20180226,000000,127.35,127.40,127.28,127.31,15998711,0
AMD.US,D,20180226,000000,127.61,127.61,127.48,127.50,12815504,0
AMD.US,D,20180227,000000,127.80,128.98,127.65,128.55,17716379,0
AMD.US,D,20180228,000000,129.12,129.25,128.15,128.39,12749932,0
AMD.US,D,20180301,000000,128.32,129.01,128.30,128.87,15890808,0
AMD.US,D,20180302,000000,128.76,128.84,128.38,128.57,7742699,0
AMD.US,D,20180305,000000,128.20,128.36,127.14,127.74,7065451,0
AMD.US,D,20180305,000000,127.62,128.51,124.62,125.11,11724972,0
AMD.US,D,20180305,000000,125.25,125.30,122.73,124.20,9179312,0
AMD.US,D,20180306,000000,123.86,124.06,120.87,121.79,14367544,0
AMD.US,D,20180307,000000,122.14,124.50,121.78,123.66,10875583,0
AMD.US,D,20180308,000000,124.15,125.46,123.94,124.42,16168747,0
AMD.US,D,20180309,000000,125.13,125.39,122.48,123.43,9718745,0
AMD.US,D,20180312,000000,124.17,124.21,124.08,124.09,13851839,0
AMD.US,D,20180312,000000,124.01,124.02,121.14,122.38,17127395,0
AMD.US,D,20180312,000000,122.78,122.89,122.76,122.85,14444629,0
AMD.US,D,20180313,000000,123.60,125.55,123.39,125.39,14208867,0
AMD.US,D,20180314,000000,125.68,125.68,125.07,125.11,17256547,0
AMD.US,D,20180315,000000,125.22,125.60,123.78,124.67,10548702,0
AMD.US,D,20180316,000000,124.72,124.75,124.71,124.74,9271965,0
AMD.US,D,20180319,000000,125.07,125.28,125.04,125.17,7713593,0
AMD.US,D,20180319,000000,125.30,125.88,125.22,125.71,7229125,0
AMD.US,D,20180319,000000,125.44,125.72,125.39,125.66,14169562,0
AMD.US,D,20180320,000000,125.76,125.92,125.20,125.24,9156883,0
AMD.US,D,20180321,000000,125.00,125.68,124.81,125.58,11599934,0
AMD.US,D,20180322,000000,125.61,125.89,124.60,124.92,16133724,0
AMD.US,D,20180323,000000,124.95,125.25,124.78,125.02,8542388,0
AMD.US,D,20180326,000000,125.17,125.31,124.11,124.46,11615574,0
AMD.US,D,20180326,000000,124.47,126.80,124.28,125.93,14624201,0
AMD.US,D,20180326,000000,125.80,126.72,125.55,126.55,12748717,0
AMD.US,D,20180327,000000,126.52,126.53,123.56,124.44,15677317,0
AMD.US,D,20180328,000000,124.29,124.38,123.53,123.80,12489486,0
AMD.US,D,20180329,000000,123.51,123.53,123.12,123.19,8245329,0
AMD.US,D,20180330,000000,123.57,124.08,123.55,124.00,11772508,0
AMD.US,D,20180402,000000,123.64,123.67,123.43,123.45,7472503,0
AMD.US,D,20180402,000000,123.21,123.32,122.50,122.55,16507090,0
AMD.US,D,20180402,000000,122.62,122.78,122.15,122.22,7603468,0
AMD.US,D,20180403,000000,122.69,123.26,122.61,122.99,11630474,0
AMD.US,D,20180404,000000,123.14,123.31,123.14,123.25,7064727,0
AMD.US,D,20180405,000000,123.33,123.44,121.24,121.50,11163241,0
AMD.US,D,20180406,000000,121.37,122.03,121.25,122.02,13818244,0
AMD.US,D,20180409,000000,122.14,122.45,117.59,118.92,17600594,0
AMD.US,D,20180409,000000,118.23,118.27,116.49,116.49,9446576,0
AMD.US,D,20180409,000000,117.05,117.60,117.00,117.19,7712044,0
AMD.US,D,20180410,000000,117.50,119.00,116.69,118.45,8068724,0
AMD.US,D,20180411,000000,118.32,119.38,113.05,114.36,7615112,0
AMD.US,D,20180412,000000,114.07,120.59,113.38,118.29,17128478,0
AMD.US,D,20180413,000000,118.18,119.53,118.14,119.04,6198982,0
AMD.US,D,20180416,000000,119.70,121.77,119.21,121.32,14387578,0
AMD.US,D,20180416,000000,120.56,121.07,117.76,118.90,14992772,0
AMD.US,D,20180416,000000,119.57,119.65,118.87,118.98,15901608,0
AMD.US,D,20180417,000000,120.03,120.97,113.21,115.13,6319203,0
AMD.US,D,20180418,000000,115.37,117.64,114.88,116.57,12893626,0
AMD.US,D,20180419,000000,117.34,118.20,111.24,113.11,12413551,0
AMD.US,D,20180420,000000,112.68,112.71,112.64,112.69,15770989,0
AMD.US,D,20180423,000000,112.42,120.75,111.51,117.67,16783121,0
AMD.US,D,20180423,000000,118.16,118.32,117.91,118.03,15492914,0
AMD.US,D,20180423,000000,118.51,119.98,118.19,119.71,6236230,0
AMD.US,D,20180424,000000,120.19,120.20,118.93,119.07,9004129,0
AMD.US,D,20180425,000000,119.68,120.52,119.05,119.44,6617177,0
AMD.US,D,20180426,000000,118.90,124.30,118.73,122.14,14833946,0
AMD.US,D,20180427,000000,121.60,122.45,121.43,122.37,9306123,0
AMD.US,D,20180430,000000,122.32,122.70,121.24,121.44,11677609,0
AMD.US,D,20180430,000000,121.30,121.45,120.18,120.45,8373517,0
AMD.US,D,20180430,000000,120.64,121.18,120.62,121.03,17178739,0
AMD.US,D,20180501,000000,121.38,122.74,121.07,122.12,16391777,0
AMD.US,D,20180502,000000,122.37,122.69,117.57,119.21,16380832,0
AMD.US,D,20180503,000000,118.99,121.87,118.70,121.04,10762832,0
AMD.US,D,20180504,000000,120.88,121.05,120.49,120.51,10708016,0
AMD.US,D,20180507,000000,120.71,121.02,120.61,120.81,9507003,0
AMD.US,D,20180507,000000,121.22,122.88,121.19,122.81,6803310,0
AMD.US,D,20180507,000000,122.51,123.45,122.44,122.84,17509598,0
AMD.US,D,20180508,000000,122.83,122.85,121.69,121.93,7154211,0
AMD.US,D,20180509,000000,121.72,121.84,121.10,121.33,9217305,0
AMD.US,D,20180510,000000,121.29,121.76,121.24,121.65,11634566,0
AMD.US,D,20180511,000000,121.76,121.81,121.62,121.72,13033731,0
AMD.US,D,20180514,000000,122.09,122.93,121.92,122.61,12475007,0
AMD.US,D,20180514,000000,121.90,123.30,121.36,122.85,7782677,0
AMD.US,D,20180514,000000,122.93,126.29,122.35,125.28,17952318,0
AMD.US,D,20180515,000000,125.79,126.66,125.40,126.56,8421184,0
AMD.US,D,20180516,000000,126.45,127.03,126.18,126.54,8854292,0
AMD.US,D,20180517,000000,127.80,130.24,127.58,129.12,13815643,0
AMD.US,D,20180518,000000,129.95,131.05,126.06,126.70,14042836,0
AMD.US,D,20180521,000000,126.33,132.53,125.97,130.02,10633549,0
AMD.US,D,20180521,000000,130.15,134.28,130.01,132.46,12616012,0
AMD.US,D,20180521,000000,131.47,131.65,129.28,129.91,16144606,0
AMD.US,D,20180522,000000,129.71,130.44,129.18,129.82,8874143,0
AMD.US,D,20180523,000000,130.22,130.30,128.84,129.80,7324448,0
AMD.US,D,20180524,000000,129.79,132.68,129.38,132.52,15686238,0
AMD.US,D,20180525,000000,132.40,132.59,132.38,132.55,16456262,0
AMD.US,D,20180528,000000,133.10,133.16,130.89,131.96,8437808,0
AMD.US,D,20180528,000000,131.53,133.31,131.48,133.00,17716591,0
AMD.US,D,20180528,000000,133.75,133.91,132.61,132.95,14435267,0
AMD.US,D,20180529,000000,131.93,132.33,131.91,132.09,6429926,0
AMD.US,D,20180530,000000,132.19,132.28,131.97,132.05,9560795,0
AMD.US,D,20180531,000000,132.35,132.37,131.12,131.54,16339859,0
AMD.US,D,20180601,000000,131.15,132.43,130.74,132.10,7489127,0
AMD.US,D,20180604,000000,133.12,133.16,133.10,133.16,13123637,0
AMD.US,D,20180604,000000,133.72,133.88,132.07,133.16,14707410,0
AMD.US,D,20180604,000000,132.23,133.58,132.20,133.27,16075255,0
AMD.US,D,20180605,000000,133.42,135.33,133.06,134.49,8933867,0
AMD.US,D,20180606,000000,134.58,137.05,133.84,136.04,13218421,0
AMD.US,D,20180607,000000,136.58,138.22,136.36,137.69,11057526,0
AMD.US,D,20180608,000000,138.42,138.50,137.17,137.70,13721946,0
AMD.US,D,20180611,000000,138.55,144.56,135.54,142.43,16192384,0
AMD.US,D,20180611,000000,142.46,142.54,142.10,142.47,16781497,0
AMD.US,D,20180611,000000,142.88,143.03,140.05,141.09,8243059,0
AMD.US,D,20180612,000000,139.90,140.06,137.76,137.95,16036604,0
AMD.US,D,20180613,000000,137.52,137.52,137.49,137.51,12244876,0
AMD.US,D,20180614,000000,137.03,142.89,136.79,141.89,12490936,0
AMD.US,D,20180615,000000,141.90,143.65,141.69,142.64,9145444,0
AMD.US,D,20180618,000000,139.97,143.90,139.44,143.32,16856200,0
AMD.US,D,20180618,000000,142.59,143.53,138.00,138.16,6838401,0
AMD.US,D,20180618,000000,137.73,138.20,124.89,130.44,15156558,0
AMD.US,D,20180619,000000,130.48,135.75,127.41,135.56,10129863,0
AMD.US,D,20180620,000000,136.11,138.80,129.02,130.76,16467865,0
AMD.US,D,20180621,000000,129.35,133.23,128.82,132.02,11616664,0
AMD.US,D,20180622,000000,131.68,132.71,131.64,132.49,12462068,0
AMD.US,D,20180625,000000,132.22,135.40,130.90,134.67,13980189,0
AMD.US,D,20180625,000000,135.04,137.52,134.99,137.02,16491143,0
AMD.US,D,20180625,000000,137.60,138.64,137.52,138.16,8546124,0
AMD.US,D,20180626,000000,138.35,143.13,138.28,140.08,10031542,0
AMD.US,D,20180627,000000,139.30,142.45,138.48,141.01,6088738,0
AMD.US,D,20180628,000000,140.83,141.85,140.82,141.59,15904500,0
AMD.US,D,20180629,000000,142.48,142.75,139.78,140.10,13586472,0
AMD.US,D,20180702,000000,140.22,141.86,140.04,141.45,10979006,0
AMD.US,D,20180702,000000,140.91,141.33,139.34,139.67,17557706,0
AMD.US,D,20180702,000000,139.59,142.15,139.47,141.19,6860779,0
AMD.US,D,20180703,000000,140.47,141.33,136.03,137.07,14693793,0
AMD.US,D,20180704,000000,137.13,137.77,136.95,137.37,9691402,0
AMD.US,D,20180705,000000,137.75,138.60,137.62,138.54,7394615,0
AMD.US,D,20180706,000000,138.70,139.91,138.66,139.70,15693628,0
AMD.US,D,20180709,000000,140.07,142.71,140.03,141.77,16955918,0
AMD.US,D,20180709,000000,141.78,141.92,140.80,140.92,12046904,0
AMD.US,D,20180709,000000,140.87,141.84,140.67,141.84,13838836,0
AMD.US,D,20180710,000000,142.49,142.67,138.39,139.30,6235442,0
AMD.US,D,20180711,000000,139.83,139.85,138.58,138.92,15698268,0
AMD.US,D,20180712,000000,138.49,138.78,138.43,138.66,14407531,0
AMD.US,D,20180713,000000,138.36,140.16,138.07,139.76,17827274,0
AMD.US,D,20180716,000000,138.73,139.71,138.53,139.32,7869628,0
AMD.US,D,20180716,000000,138.83,140.38,138.67,139.60,8834586,0
AMD.US,D,20180716,000000,140.36,142.03,139.79,141.48,11502714,0
AMD.US,D,20180717,000000,143.45,144.75,133.24,136.87,9745800,0
AMD.US,D,20180718,000000,138.25,139.14,134.69,135.05,10162382,0
AMD.US,D,20180719,000000,134.75,134.78,133.57,133.98,14032489,0
AMD.US,D,20180720,000000,134.17,135.08,133.54,134.51,8475430,0
AMD.US,D,20180723,000000,134.71,135.01,130.75,131.09,13298501,0
AMD.US,D,20180723,000000,130.82,130.83,125.92,127.70,16074846,0
AMD.US,D,20180723,000000,128.64,128.89,123.64,124.98,14152346,0
AMD.US,D,20180724,000000,124.47,125.12,120.57,121.09,16067712,0
AMD.US,D,20180725,000000,121.98,125.35,121.84,124.14,13885946,0
AMD.US,D,20180726,000000,124.67,127.12,124.00,125.62,7846605,0
AMD.US,D,20180727,000000,126.26,128.86,115.56,121.02,15071595,0
AMD.US,D,20180730,000000,121.36,123.58,121.07,123.33,7288309,0
AMD.US,D,20180730,000000,123.34,123.45,122.82,123.04,8389466,0
AMD.US,D,20180730,000000,123.13,124.85,123.12,124.32,14697509,0
AMD.US,D,20180731,000000,124.65,126.68,123.99,126.09,6797824,0
AMD.US,D,20180801,000000,126.36,127.88,126.26,126.99,12129419,0
AMD.US,D,20180802,000000,127.04,127.20,126.47,126.66,11181120,0
AMD.US,D,20180803,000000,125.56,128.76,125.17,127.70,8092349,0
AMD.US,D,20180806,000000,127.32,129.37,127.13,129.27,13430925,0
AMD.US,D,20180806,000000,128.52,132.38,127.85,131.47,17523518,0
AMD.US,D,20180806,000000,129.57,129.64,127.40,128.04,6416330,0
AMD.US,D,20180807,000000,128.76,131.31,128.18,130.68,13527204,0
AMD.US,D,20180808,000000,131.56,131.71,128.55,129.50,14408556,0
AMD.US,D,20180809,000000,129.07,129.38,127.83,128.33,6951969,0
AMD.US,D,20180810,000000,126.57,126.64,126.45,126.46,14508455,0
AMD.US,D,20180813,000000,126.56,127.56,117.99,121.08,8400812,0
AMD.US,D,20180813,000000,120.71,122.80,120.70,122.49,15703485,0
AMD.US,D,20180813,000000,120.89,125.68,119.27,124.69,16060193,0
AMD.US,D,20180814,000000,126.40,129.32,125.88,128.58,13103336,0
AMD.US,D,20180815,000000,128.22,133.72,127.31,132.01,10622614,0
AMD.US,D,20180816,000000,130.81,134.11,130.44,133.48,9168956,0
AMD.US,D,20180817,000000,133.41,134.09,130.84,131.35,14961472,0
AMD.US,D,20180820,000000,132.38,132.79,132.34,132.60,7749286,0
AMD.US,D,20180820,000000,132.45,132.47,129.40,130.77,8994047,0
AMD.US,D,20180820,000000,130.82,131.17,130.13,130.78,11197680,0
AMD.US,D,20180821,000000,130.27,133.12,129.82,132.70,15272934,0
AMD.US,D,20180822,000000,134.10,134.69,133.81,134.42,12524187,0
AMD.US,D,20180823,000000,134.30,134.75,134.08,134.54,15602950,0
AMD.US,D,20180824,000000,134.06,135.23,133.85,134.39,17155003,0
AMD.US,D,20180827,000000,133.89,135.75,133.63,135.65,9367397,0
AMD.US,D,20180827,000000,135.65,135.70,133.42,134.02,11330124,0
AMD.US,D,20180827,000000,134.43,134.74,132.88,133.05,8215809,0
AMD.US,D,20180828,000000,133.00,133.76,132.88,133.67,9001036,0
AMD.US,D,20180829,000000,134.04,134.12,133.60,133.65,7789406,0
AMD.US,D,20180830,000000,133.95,135.61,133.94,135.21,11001856,0
AMD.US,D,20180831,000000,135.15,135.84,135.11,135.62,12366536,0
AMD.US,D,20180903,000000,135.52,135.96,135.49,135.71,11460769,0
AMD.US,D,20180903,000000,135.70,135.81,134.13,134.76,16287006,0
AMD.US,D,20180903,000000,135.41,135.58,131.19,133.45,6738607,0
AMD.US,D,20180904,000000,133.73,134.52,133.65,134.26,16111853,0
AMD.US,D,20180905,000000,134.69,134.72,134.64,134.68,11112916,0
AMD.US,D,20180906,000000,135.05,135.24,130.72,131.64,14270186,0
AMD.US,D,20180907,000000,131.76,131.93,131.09,131.53,12899898,0
AMD.US,D,20180910,000000,131.95,132.10,130.89,131.37,13393371,0
AMD.US,D,20180910,000000,130.72,132.10,130.60,131.62,17798144,0
AMD.US,D,20180910,000000,130.50,134.54,130.43,133.24,6814382,0
AMD.US,D,20180911,000000,133.27,133.35,130.93,130.97,17297760,0
AMD.US,D,20180912,000000,131.62,131.81,127.48,127.56,11719276,0
AMD.US,D,20180913,000000,127.13,127.28,126.76,127.07,14832750,0
AMD.US,D,20180914,000000,127.61,127.91,126.05,126.46,11499440,0
AMD.US,D,20180917,000000,126.89,127.34,125.23,125.33,10935414,0
AMD.US,D,20180917,000000,125.80,127.73,125.52,127.15,10455050,0
AMD.US,D,20180917,000000,127.69,128.09,121.70,122.96,10652777,0
AMD.US,D,20180918,000000,122.68,126.97,122.26,126.94,7678956,0
AMD.US,D,20180919,000000,126.66,129.28,126.60,129.19,17753879,0
AMD.US,D,20180920,000000,129.23,129.45,127.69,127.90,10146950,0
AMD.US,D,20180921,000000,128.22,128.29,127.23,127.24,7645869,0
AMD.US,D,20180924,000000,126.96,131.53,125.81,129.97,8678693,0
AMD.US,D,20180924,000000,130.06,133.05,128.16,132.66,11240858,0
AMD.US,D,20180924,000000,132.66,133.75,124.32,127.77,8506995,0
AMD.US,D,20180925,000000,127.63,128.18,125.37,126.77,13421585,0
AMD.US,D,20180926,000000,127.08,130.26,126.60,130.18,16055387,0
AMD.US,D,20180927,000000,131.39,132.09,131.31,131.66,6087284,0
AMD.US,D,20180928,000000,132.72,139.24,131.60,137.64,17919954,0
AMD.US,D,20181001,000000,137.66,141.31,136.98,140.14,13087743,0
AMD.US,D,20181001,000000,140.18,140.26,139.00,139.43,7813034,0
AMD.US,D,20181001,000000,138.97,139.71,138.66,139.09,17762490,0
AMD.US,D,20181002,000000,137.93,138.09,133.25,134.15,6946895,0
AMD.US,D,20181003,000000,133.29,137.91,132.86,136.35,17386503,0
AMD.US,D,20181004,000000,135.43,141.14,135.26,139.32,16324847,0
AMD.US,D,20181005,000000,140.26,143.69,139.47,143.32,8944542,0
AMD.US,D,20181008,000000,143.34,143.86,143.32,143.84,17171510,0
AMD.US,D,20181008,000000,144.29,148.99,143.24,147.80,10388101,0
AMD.US,D,20181008,000000,148.33,151.74,148.07,150.25,15847018,0
AMD.US,D,20181009,000000,149.70,154.36,149.60,153.81,15135323,0
AMD.US,D,20181010,000000,153.96,156.47,153.35,155.69,11211204,0
AMD.US,D,20181011,000000,156.32,156.54,156.32,156.50,15872044,0
AMD.US,D,20181012,000000,156.56,156.66,156.04,156.05,12221868,0
AMD.US,D,20181015,000000,156.22,156.31,156.06,156.23,7635277,0
AMD.US,D,20181015,000000,156.43,157.89,156.41,157.81,13465016,0
AMD.US,D,20181015,000000,157.93,157.94,156.45,157.18,12579040,0
AMD.US,D,20181016,000000,156.45,158.13,156.05,157.91,16396126,0
AMD.US,D,20181017,000000,158.24,159.99,157.86,159.57,6782560,0
AMD.US,D,20181018,000000,160.09,160.24,159.57,159.77,15428336,0
AMD.US,D,20181019,000000,159.56,159.58,159.55,159.55,15952666,0
AMD.US,D,20181022,000000,159.43,159.50,157.94,157.96,9535586,0
AMD.US,D,20181022,000000,157.98,158.08,157.70,157.73,17981386,0
AMD.US,D,20181022,000000,157.61,159.16,157.30,158.73,9047816,0
AMD.US,D,20181023,000000,158.87,159.28,158.83,159.24,8446444,0
AMD.US,D,20181024,000000,159.22,159.86,159.04,159.79,10274043,0
AMD.US,D,20181025,000000,159.76,162.35,159.54,161.81,7392869,0
AMD.US,D,20181026,000000,161.70,162.91,161.59,162.68,17506487,0
AMD.US,D,20181029,000000,162.20,163.75,162.07,163.37,17394898,0
AMD.US,D,20181029,000000,164.08,164.99,163.94,164.89,10826596,0
AMD.US,D,20181029,000000,164.21,164.71,162.70,163.68,13500463,0
AMD.US,D,20181030,000000,163.52,163.87,159.87,160.23,6224217,0
AMD.US,D,20181031,000000,160.29,161.07,157.25,157.32,17475805,0
AMD.US,D,20181101,000000,156.84,157.66,155.36,155.77,10338320,0
AMD.US,D,20181102,000000,153.99,165.46,153.02,160.28,13077415,0
AMD.US,D,20181105,000000,159.70,160.65,151.86,153.85,7014408,0
AMD.US,D,20181105,000000,152.56,159.83,151.79,156.93,11413507,0
AMD.US,D,20181105,000000,156.41,156.69,154.69,155.55,16698816,0
AMD.US,D,20181106,000000,155.46,155.55,155.40,155.42,16040311,0
AMD.US,D,20181107,000000,154.87,158.56,153.84,158.27,11370533,0
AMD.US,D,20181108,000000,159.64,165.00,158.53,164.01,15896945,0
AMD.US,D,20181109,000000,165.41,167.14,159.04,160.81,16497866,0
AMD.US,D,20181112,000000,161.24,161.48,156.78,158.07,16344052,0
AMD.US,D,20181112,000000,158.82,159.28,158.79,159.17,7334278,0
AMD.US,D,20181112,000000,159.59,164.57,158.90,163.76,13482735,0
AMD.US,D,20181113,000000,164.24,164.62,163.46,163.64,10224393,0
AMD.US,D,20181114,000000,163.49,163.88,159.03,159.70,16488246,0
AMD.US,D,20181115,000000,159.28,159.41,159.15,159.36,8090468,0
AMD.US,D,20181116,000000,159.68,160.12,159.56,159.83,14871248,0
AMD.US,D,20181119,000000,159.84,162.33,159.34,160.45,15789643,0
AMD.US,D,20181119,000000,161.16,161.45,159.55,160.08,11785857,0
AMD.US,D,20181119,000000,160.47,160.82,159.22,159.42,9955878,0
AMD.US,D,20181120,000000,159.49,160.70,156.01,156.29,13164835,0
AMD.US,D,20181121,000000,157.32,159.20,157.31,158.78,6270302,0
AMD.US,D,20181122,000000,158.45,162.42,157.91,161.28,16256292,0
AMD.US,D,20181123,000000,161.72,162.78,157.81,159.99,16565661,0
AMD.US,D,20181126,000000,159.67,160.10,158.95,159.06,12988228,0
AMD.US,D,20181126,000000,157.28,164.25,156.79,161.64,16303039,0
AMD.US,D,20181126,000000,160.62,167.21,159.10,166.66,10698756,0
AMD.US,D,20181127,000000,167.48,171.98,166.16,171.35,10233464,0
AMD.US,D,20181128,000000,170.71,174.93,168.56,174.58,17543564,0
AMD.US,D,20181129,000000,173.11,175.69,172.40,175.23,12889765,0
AMD.US,D,20181130,000000,173.10,176.75,172.43,176.59,6132389,0
AMD.US,D,20181203,000000,176.44,183.19,176.24,180.94,8669276,0
AMD.US,D,20181203,000000,179.82,184.59,179.57,183.79,8895571,0
AMD.US,D,20181203,000000,185.18,185.85,175.19,179.36,12903328,0
AMD.US,D,20181204,000000,179.95,190.05,176.46,187.89,8113223,0
AMD.US,D,20181205,000000,187.86,191.58,186.06,191.46,16342752,0
AMD.US,D,20181206,000000,191.44,192.01,188.89,189.42,17343566,0
AMD.US,D,20181207,000000,185.32,188.40,185.20,187.15,14684708,0
AMD.US,D,20181210,000000,185.11,189.37,184.56,188.83,9924836,0
AMD.US,D,20181210,000000,188.83,189.05,187.71,187.72,14177259,0
AMD.US,D,20181210,000000,186.24,196.76,186.17,192.75,13640588,0
AMD.US,D,20181211,000000,194.26,196.11,194.05,194.98,17989498,0
AMD.US,D,20181212,000000,194.44,194.64,185.85,189.07,11262813,0
AMD.US,D,20181213,000000,189.67,192.98,179.74,181.82,16244013,0
AMD.US,D,20181214,000000,181.75,189.53,181.11,187.04,17521038,0
AMD.US,D,20181217,000000,187.60,192.32,186.93,190.08,13813848,0
AMD.US,D,20181217,000000,190.21,194.09,178.90,180.23,17632224,0
AMD.US,D,20181217,000000,178.66,181.67,178.56,181.06,15370345,0
AMD.US,D,20181218,000000,181.28,181.42,178.54,179.94,12419176,0
AMD.US,D,20181219,000000,178.25,180.92,172.15,174.63,15633455,0
AMD.US,D,20181220,000000,174.25,174.73,174.14,174.32,8225319,0
AMD.US,D,20181221,000000,174.24,175.03,171.25,171.32,9360296,0
AMD.US,D,20181224,000000,170.11,175.49,169.64,174.83,12153035,0
AMD.US,D,20181224,000000,173.31,173.40,172.68,172.86,14779949,0
AMD.US,D,20181224,000000,172.29,175.52,171.96,174.41,15988188,0
AMD.US,D,20181225,000000,173.43,173.86,171.12,172.84,9829300,0
AMD.US,D,20181226,000000,172.56,172.62,172.10,172.34,12749253,0
AMD.US,D,20181227,000000,172.75,173.79,160.51,161.37,6064326,0
AMD.US,D,20181228,000000,159.43,161.92,159.29,161.35,13491488,0
AMD.US,D,20181231,000000,162.37,162.95,160.79,161.21,9405518,0
AMD.US,D,20181231,000000,161.11,162.94,154.05,154.58,8881448,0
AMD.US,D,20181231,000000,153.84,161.41,152.20,160.14,15557611,0
AMD.US,D,20190101,000000,160.96,161.67,160.82,161.24,11181349,0
AMD.US,D,20190102,000000,163.05,164.67,162.13,164.38,11388619,0
AMD.US,D,20190103,000000,164.63,165.17,163.87,163.94,16756947,0
AMD.US,D,20190104,000000,163.47,167.27,163.15,166.93,8681110,0
AMD.US,D,20190107,000000,167.16,168.02,166.80,167.82,8994963,0
AMD.US,D,20190107,000000,167.49,168.85,165.10,166.80,13734536,0
AMD.US,D,20190107,000000,165.60,166.27,160.54,161.13,17826869,0
AMD.US,D,20190108,000000,159.76,167.50,159.40,164.96,12861472,0
AMD.US,D,20190109,000000,165.79,166.01,164.03,164.10,7630203,0
AMD.US,D,20190110,000000,163.53,164.31,163.42,163.83,16966765,0
AMD.US,D,20190111,000000,164.85,164.98,162.49,163.17,14582499,0
AMD.US,D,20190114,000000,163.19,163.63,162.82,163.34,15196042,0
AMD.US,D,20190114,000000,161.05,169.66,160.43,167.00,17613733,0
AMD.US,D,20190114,000000,167.54,168.74,161.52,162.90,7314437,0
AMD.US,D,20190115,000000,163.99,164.07,155.95,157.81,10896296,0
AMD.US,D,20190116,000000,158.04,159.83,158.03,159.58,16070550,0
AMD.US,D,20190117,000000,159.58,160.19,156.19,157.46,9504416,0
AMD.US,D,20190118,000000,157.13,158.90,155.70,158.83,11838810,0
AMD.US,D,20190121,000000,159.82,160.82,153.67,155.74,6805831,0
AMD.US,D,20190121,000000,154.73,157.08,153.10,155.95,10958639,0
AMD.US,D,20190121,000000,157.13,157.64,156.30,156.41,6465202,0
AMD.US,D,20190122,000000,155.27,158.67,154.95,157.48,10221371,0
AMD.US,D,20190123,000000,157.76,158.72,157.69,158.02,9455997,0
AMD.US,D,20190124,000000,158.61,159.89,158.11,159.56,6082492,0
AMD.US,D,20190125,000000,160.05,163.24,159.50,162.83,9724004,0
AMD.US,D,20190128,000000,163.63,164.04,160.06,161.17,13343440,0
AMD.US,D,20190128,000000,161.50,161.85,160.93,161.42,16273561,0
AMD.US,D,20190128,000000,161.07,162.10,159.02,159.49,15258838,0
AMD.US,D,20190129,000000,158.82,161.89,158.51,161.64,17146465,0
AMD.US,D,20190130,000000,162.15,165.16,161.64,164.25,6870676,0
AMD.US,D,20190131,000000,163.82,164.13,160.20,160.49,6856329,0
AMD.US,D,20190201,000000,160.83,161.08,155.45,157.70,11106853,0
AMD.US,D,20190204,000000,156.78,159.38,156.20,158.40,14162467,0
AMD.US,D,20190204,000000,159.35,159.63,156.89,158.23,16500617,0
AMD.US,D,20190204,000000,157.72,162.20,156.60,161.89,16898883,0
AMD.US,D,20190205,000000,162.26,164.96,161.71,164.17,15754417,0
AMD.US,D,20190206,000000,162.54,166.03,161.21,165.46,16906502,0
AMD.US,D,20190207,000000,164.71,167.48,164.67,166.50,12338839,0
AMD.US,D,20190208,000000,167.86,168.18,166.40,166.81,16622997,0
AMD.US,D,20190211,000000,166.26,169.26,165.47,169.16,17850525,0
AMD.US,D,20190211,000000,170.22,170.32,169.85,170.10,6148171,0
AMD.US,D,20190211,000000,169.01,172.59,168.65,172.47,15718092,0
AMD.US,D,20190212,000000,172.82,172.99,172.54,172.56,8524483,0
AMD.US,D,20190213,000000,173.27,173.64,173.21,173.59,8185018,0
AMD.US,D,20190214,000000,172.56,173.33,171.34,171.83,11661924,0
AMD.US,D,20190215,000000,170.82,181.01,168.67,178.83,12611125,0
AMD.US,D,20190218,000000,177.35,180.97,177.13,180.02,7419000,0
AMD.US,D,20190218,000000,177.96,185.55,176.60,183.42,14173542,0
AMD.US,D,20190218,000000,184.11,184.83,181.78,182.40,8320475,0
AMD.US,D,20190219,000000,180.97,186.39,178.42,186.20,7578696,0
AMD.US,D,20190220,000000,187.16,187.30,185.08,185.42,8732558,0
AMD.US,D,20190221,000000,185.84,185.90,183.92,184.08,16361577,0
AMD.US,D,20190222,000000,184.81,185.10,184.69,184.97,10308222,0
AMD.US,D,20190225,000000,185.00,185.18,183.86,184.61,7884532,0
AMD.US,D,20190225,000000,183.67,183.90,180.36,181.20,11710889,0
AMD.US,D,20190225,000000,180.64,181.55,179.89,181.17,8817049,0
AMD.US,D,20190226,000000,180.92,182.33,180.90,181.59,14400611,0
AMD.US,D,20190227,000000,180.82,181.06,179.51,180.23,14172428,0
AMD.US,D,20190228,000000,180.04,180.97,169.81,173.61,11672859,0
AMD.US,D,20190301,000000,172.83,173.03,171.52,171.63,11126342,0
AMD.US,D,20190304,000000,170.65,171.32,167.21,168.16,8246568,0
AMD.US,D,20190304,000000,167.14,169.04,165.79,168.49,14034131,0
AMD.US,D,20190304,000000,168.36,169.80,168.16,169.75,15398283,0
AMD.US,D,20190305,000000,170.43,170.66,170.40,170.56,7006900,0
AMD.US,D,20190306,000000,170.24,171.68,163.40,165.06,11677120,0
AMD.US,D,20190307,000000,162.50,163.64,161.29,163.63,11621194,0
AMD.US,D,20190308,000000,164.85,165.24,162.88,163.46,10496290,0
AMD.US,D,20190311,000000,164.54,165.92,163.19,165.88,9416266,0
AMD.US,D,20190311,000000,167.04,168.26,164.21,165.12,11630328,0
AMD.US,D,20190311,000000,167.26,168.35,160.06,160.46,15865035,0
AMD.US,D,20190312,000000,161.26,165.01,159.82,163.35,16508407,0
AMD.US,D,20190313,000000,161.60,162.23,160.65,162.06,15061259,0
AMD.US,D,20190314,000000,162.23,171.92,161.71,167.05,9710779,0
AMD.US,D,20190315,000000,165.54,167.00,164.42,166.64,9460471,0
AMD.US,D,20190318,000000,167.29,174.40,166.88,170.06,15182085,0
AMD.US,D,20190318,000000,170.01,170.17,167.75,169.03,10950145,0
AMD.US,D,20190318,000000,166.85,167.11,165.29,165.58,12662270,0
AMD.US,D,20190319,000000,164.56,164.98,163.33,163.39,13302677,0
AMD.US,D,20190320,000000,164.00,164.17,162.71,163.26,13969559,0
AMD.US,D,20190321,000000,161.27,168.81,159.65,168.41,17387749,0
AMD.US,D,20190322,000000,168.92,170.57,159.18,160.97,16837476,0
AMD.US,D,20190325,000000,162.11,164.32,154.73,157.45,15713174,0
AMD.US,D,20190325,000000,158.67,159.07,156.28,156.36,8777646,0
AMD.US,D,20190325,000000,156.91,165.60,153.93,163.30,12329741,0
AMD.US,D,20190326,000000,162.14,167.21,160.31,166.85,17160239,0
AMD.US,D,20190327,000000,167.57,167.61,166.06,166.06,9292285,0
AMD.US,D,20190328,000000,167.32,174.00,166.68,170.73,9591914,0
AMD.US,D,20190329,000000,171.53,171.73,171.28,171.37,16302651,0
AMD.US,D,20190401,000000,170.31,173.84,169.95,173.01,9334651,0
AMD.US,D,20190401,000000,174.40,174.62,171.96,172.22,6050749,0
AMD.US,D,20190401,000000,172.87,174.94,166.30,167.92,17581126,0
AMD.US,D,20190402,000000,167.03,173.62,165.61,172.57,11371984,0
AMD.US,D,20190403,000000,170.93,171.79,162.45,164.02,14269038,0
AMD.US,D,20190404,000000,164.66,166.91,164.00,166.18,14905883,0
AMD.US,D,20190405,000000,165.54,168.49,154.72,157.95,9079970,0
AMD.US,D,20190408,000000,156.90,157.60,153.62,154.14,10728983,0
AMD.US,D,20190408,000000,154.90,159.13,153.86,158.60,11910767,0
AMD.US,D,20190408,000000,159.20,159.26,156.90,156.97,6312697,0
AMD.US,D,20190409,000000,156.87,157.85,154.92,155.70,12884496,0
AMD.US,D,20190410,000000,156.10,156.68,151.13,152.32,14464437,0
AMD.US,D,20190411,000000,151.56,162.07,150.29,159.81,14377797,0
AMD.US,D,20190412,000000,159.44,159.78,154.89,157.02,17520657,0
AMD.US,D,20190415,000000,156.32,160.10,156.11,160.08,13583847,0
AMD.US,D,20190415,000000,159.58,160.60,151.64,154.76,13619377,0
AMD.US,D,20190415,000000,153.67,161.67,152.96,160.21,17112310,0
AMD.US,D,20190416,000000,161.88,165.98,160.71,165.73,14628735,0
AMD.US,D,20190417,000000,166.17,169.48,165.59,169.44,10872321,0
AMD.US,D,20190418,000000,169.79,169.86,166.68,166.77,17995362,0
AMD.US,D,20190419,000000,166.91,171.02,166.75,170.10,14904197,0
AMD.US,D,20190422,000000,169.63,172.36,168.71,172.26,15796555,0
AMD.US,D,20190422,000000,174.39,176.58,173.59,175.90,8608623,0
AMD.US,D,20190422,000000,176.18,177.83,172.05,172.73,6320055,0
AMD.US,D,20190423,000000,174.25,180.80,174.18,180.56,16611884,0
AMD.US,D,20190424,000000,182.00,182.67,178.47,179.37,9529459,0
AMD.US,D,20190425,000000,178.74,179.04,175.00,175.84,14247367,0
AMD.US,D,20190426,000000,176.61,177.53,176.51,177.33,7554649,0
AMD.US,D,20190429,000000,178.18,178.77,177.37,178.34,9147116,0
AMD.US,D,20190429,000000,178.10,182.09,176.89,181.83,9730874,0
AMD.US,D,20190429,000000,181.52,186.73,180.89,186.09,16398724,0
AMD.US,D,20190430,000000,186.69,186.74,186.01,186.21,15946916,0
AMD.US,D,20190501,000000,185.43,188.39,185.27,187.85,6882122,0
AMD.US,D,20190502,000000,187.16,189.67,187.03,189.33,15961439,0
AMD.US,D,20190503,000000,189.37,189.43,189.08,189.38,11906298,0
AMD.US,D,20190506,000000,189.60,191.21,189.18,190.46,10667978,0
AMD.US,D,20190506,000000,190.25,191.43,190.16,191.35,12122317,0
AMD.US,D,20190506,000000,190.81,190.94,190.79,190.81,15044400,0
AMD.US,D,20190507,000000,191.00,191.41,190.98,191.16,10844018,0
AMD.US,D,20190508,000000,190.96,191.62,190.66,191.00,10184840,0
AMD.US,D,20190509,000000,191.04,191.05,190.88,190.95,17141825,0
AMD.US,D,20190510,000000,190.90,191.55,190.87,191.34,14587298,0
AMD.US,D,20190513,000000,191.48,192.57,191.40,192.26,14443467,0
AMD.US,D,20190513,000000,192.45,192.97,192.29,192.93,15613621,0
AMD.US,D,20190513,000000,193.13,193.33,192.89,192.99,7496070,0
AMD.US,D,20190514,000000,193.22,193.35,193.21,193.28,13497237,0
AMD.US,D,20190515,000000,192.99,194.01,192.99,193.81,10138715,0
AMD.US,D,20190516,000000,193.38,194.38,193.17,194.16,7683493,0
AMD.US,D,20190517,000000,193.97,194.69,193.70,194.68,15490711,0
AMD.US,D,20190520,000000,194.29,196.21,193.66,195.69,16774847,0
AMD.US,D,20190520,000000,195.94,196.35,194.30,194.48,12496580,0
AMD.US,D,20190520,000000,194.69,194.92,193.98,194.07,9261887,0
AMD.US,D,20190521,000000,193.60,196.31,193.23,195.29,13487194,0
AMD.US,D,20190522,000000,195.70,196.11,194.76,195.22,13292342,0
AMD.US,D,20190523,000000,196.07,197.22,192.10,192.75,15545060,0
AMD.US,D,20190524,000000,192.91,193.60,187.00,190.35,17800253,0
AMD.US,D,20190527,000000,189.90,196.17,189.84,194.56,7285238,0
AMD.US,D,20190527,000000,194.24,194.28,193.29,193.66,11138532,0
AMD.US,D,20190527,000000,193.88,194.68,193.71,194.32,7908012,0
AMD.US,D,20190528,000000,194.62,194.94,191.88,192.65,16706449,0
AMD.US,D,20190529,000000,192.10,193.23,192.08,193.08,6846013,0
AMD.US,D,20190530,000000,193.59,193.77,192.83,192.94,13140505,0
AMD.US,D,20190531,000000,193.03,193.05,192.40,192.49,13944578,0
AMD.US,D,20190603,000000,192.90,193.32,192.88,193.16,13323870,0
AMD.US,D,20190603,000000,193.27,193.35,192.83,193.10,9915514,0
AMD.US,D,20190603,000000,192.98,193.11,191.17,191.34,16075150,0
AMD.US,D,20190604,000000,191.20,194.41,189.97,192.98,8040810,0
AMD.US,D,20190605,000000,193.23,193.36,192.60,192.72,16137726,0
AMD.US,D,20190606,000000,192.24,195.28,191.80,194.61,14144310,0
AMD.US,D,20190607,000000,193.62,194.57,193.54,194.13,11699803,0
AMD.US,D,20190610,000000,194.10,194.53,193.27,193.45,8522128,0
AMD.US,D,20190610,000000,193.65,193.84,192.74,192.87,12334859,0
AMD.US,D,20190610,000000,193.15,193.28,192.12,192.72,9749770,0
AMD.US,D,20190611,000000,193.21,193.36,192.69,192.89,16771004,0
AMD.US,D,20190612,000000,193.32,193.86,193.32,193.57,12427236,0
AMD.US,D,20190613,000000,193.25,194.09,186.56,189.64,11222677,0
AMD.US,D,20190614,000000,190.36,193.45,189.74,192.64,17046431,0
AMD.US,D,20190617,000000,193.43,198.04,192.30,196.49,9815877,0
AMD.US,D,20190617,000000,194.50,203.20,194.36,200.85,10226888,0
AMD.US,D,20190617,000000,201.22,201.60,198.23,199.14,7947792,0
AMD.US,D,20190618,000000,198.56,199.59,198.56,198.81,10188376,0
AMD.US,D,20190619,000000,198.26,199.12,197.45,199.08,17389659,0
AMD.US,D,20190620,000000,199.58,201.56,199.11,200.96,16929151,0
AMD.US,D,20190621,000000,200.59,200.92,199.36,199.70,12741339,0
AMD.US,D,20190624,000000,198.22,202.64,197.34,201.62,14222734,0
AMD.US,D,20190624,000000,200.93,201.52,200.16,200.90,14701605,0
AMD.US,D,20190624,000000,200.45,200.48,200.37,200.39,13439649,0
AMD.US,D,20190625,000000,201.46,203.48,201.34,202.76,14054091,0
AMD.US,D,20190626,000000,203.83,204.21,198.91,200.32,10739511,0
AMD.US,D,20190627,000000,199.02,201.74,198.44,200.66,14714544,0
AMD.US,D,20190628,000000,200.51,201.96,199.40,201.81,12742802,0
AMD.US,D,20190701,000000,201.28,203.58,201.09,203.46,17986423,0
AMD.US,D,20190701,000000,203.58,203.64,203.38,203.41,10913454,0
AMD.US,D,20190701,000000,203.44,203.49,201.78,202.52,12268701,0
AMD.US,D,20190702,000000,201.76,203.63,201.69,203.14,8127912,0
AMD.US,D,20190703,000000,202.38,202.59,202.34,202.47,15109976,0
AMD.US,D,20190704,000000,202.37,204.14,202.17,203.45,11286013,0
AMD.US,D,20190705,000000,203.15,203.20,195.98,198.50,16666707,0
AMD.US,D,20190708,000000,199.24,199.87,194.31,194.72,14079993,0
AMD.US,D,20190708,000000,194.12,194.81,181.58,187.21,10691886,0
AMD.US,D,20190708,000000,181.69,183.64,181.08,183.35,25998803,0
AMD.US,D,20190709,000000,184.53,185.05,176.05,179.21,29814708,0
AMD.US,D,20190710,000000,180.56,181.80,171.96,173.89,23920560,0
AMD.US,D,20190711,000000,175.00,176.56,155.78,163.68,31616777,0
AMD.US,D,20190712,000000,163.71,165.15,156.83,158.16,28742775,0
AMD.US,D,20190715,000000,156.97,158.92,151.09,151.62,57327249,0
AMD.US,D,20190715,000000,152.54,153.96,139.91,142.46,50581708,0
AMD.US,D,20190715,000000,142.78,144.72,126.33,132.69,55594766,0
AMD.US,D,20190716,000000,132.18,132.39,123.08,124.47,57615533,0
AMD.US,D,20190717,000000,124.55,124.96,109.25,115.03,73427754,0
AMD.US,D,20190718,000000,113.15,113.23,105.73,105.84,33590599,0
AMD.US,D,20190719,000000,107.32,108.74,90.60,98.83,45558548,0
AMD.US,D,20190722,000000,97.46,109.23,96.36,105.40,9423260,0
AMD.US,D,20190722,000000,105.29,109.66,103.17,109.28,8734979,0
AMD.US,D,20190722,000000,108.50,111.93,108.29,111.15,10373232,0
AMD.US,D,20190723,000000,110.80,112.31,98.24,101.47,7693124,0
AMD.US,D,20190724,000000,102.68,103.96,99.81,101.93,14409579,0
AMD.US,D,20190725,000000,105.02,111.51,104.99,110.63,7747970,0
AMD.US,D,20190726,000000,110.44,111.19,103.93,106.47,13467982,0
AMD.US,D,20190729,000000,108.98,109.39,100.01,102.97,13094274,0
AMD.US,D,20190729,000000,104.07,106.25,103.83,105.93,15412846,0
AMD.US,D,20190729,000000,108.16,108.55,102.62,103.46,15820559,0
AMD.US,D,20190730,000000,102.70,105.45,100.80,104.46,9736978,0
AMD.US,D,20190731,000000,103.68,105.43,96.20,97.60,7568143,0
AMD.US,D,20190801,000000,97.66,97.87,96.91,97.54,12554867,0
AMD.US,D,20190802,000000,97.98,101.54,97.95,99.70,9883571,0
AMD.US,D,20190805,000000,97.85,106.05,97.46,102.92,10644150,0
AMD.US,D,20190805,000000,101.07,104.10,100.64,104.08,9014874,0
AMD.US,D,20190805,000000,102.14,102.44,93.46,96.56,15113201,0
AMD.US,D,20190806,000000,97.49,97.88,97.40,97.74,15505601,0
AMD.US,D,20190807,000000,96.43,110.00,93.38,106.88,13081443,0
AMD.US,D,20190808,000000,104.21,121.34,103.57,114.70,9523418,0
AMD.US,D,20190809,000000,113.88,114.04,112.88,113.44,8588015,0
AMD.US,D,20190812,000000,114.91,123.94,113.43,119.85,16506759,0
AMD.US,D,20190812,000000,118.28,145.62,114.78,132.34,12773354,0
AMD.US,D,20190812,000000,131.02,133.58,130.95,132.89,11689819,0
AMD.US,D,20190813,000000,129.53,157.56,126.01,151.92,6678052,0
AMD.US,D,20190814,000000,149.44,150.03,143.30,143.52,12461020,0
AMD.US,D,20190815,000000,143.32,144.66,143.09,143.86,15348499,0
AMD.US,D,20190816,000000,146.23,149.18,132.67,135.42,16956413,0
AMD.US,D,20190819,000000,135.99,139.76,120.31,124.51,14118585,0
AMD.US,D,20190819,000000,123.65,125.48,114.67,118.60,17069114,0
AMD.US,D,20190819,000000,121.18,122.62,105.42,111.36,16156388,0
AMD.US,D,20190820,000000,110.51,113.76,101.71,101.95,7918962,0
AMD.US,D,20190821,000000,100.85,107.50,99.12,105.20,16602810,0
AMD.US,D,20190822,000000,107.25,111.54,105.97,110.94,6136755,0
AMD.US,D,20190823,000000,110.91,111.72,110.78,111.46,11927124,0
AMD.US,D,20190826,000000,111.40,111.77,100.02,104.29,13135896,0
AMD.US,D,20190826,000000,100.43,111.01,99.99,107.12,15920752,0
AMD.US,D,20190826,000000,106.90,108.56,106.59,107.92,12347739,0
AMD.US,D,20190827,000000,108.70,111.91,108.49,110.36,12353968,0
AMD.US,D,20190828,000000,109.62,111.10,97.97,98.95,16847654,0
AMD.US,D,20190829,000000,100.65,105.87,100.11,103.77,15153407,0
AMD.US,D,20190830,000000,103.36,109.38,101.26,109.18,9449397,0
AMD.US,D,20190902,000000,108.96,135.04,105.20,125.94,13801808,0
AMD.US,D,20190902,000000,123.83,134.58,119.99,131.79,8158684,0
AMD.US,D,20190902,000000,133.37,133.70,131.45,131.55,17752339,0
AMD.US,D,20190903,000000,132.09,132.83,129.44,129.53,11296307,0
AMD.US,D,20190904,000000,129.47,133.04,129.32,132.24,13227457,0
AMD.US,D,20190905,000000,134.48,143.25,100.50,110.68,9184782,0
AMD.US,D,20190906,000000,108.58,108.61,107.33,107.99,7504463,0
AMD.US,D,20190909,000000,107.35,119.11,104.12,114.45,10951690,0
AMD.US,D,20190909,000000,116.38,116.47,116.26,116.26,15511935,0
AMD.US,D,20190909,000000,115.47,117.53,114.35,115.60,8657035,0
AMD.US,D,20190910,000000,116.03,117.10,108.75,112.05,16622990,0
AMD.US,D,20190911,000000,110.51,112.94,110.07,112.02,10460417,0
AMD.US,D,20190912,000000,113.04,113.50,107.74,110.26,15979070,0
AMD.US,D,20190913,000000,112.55,112.68,108.51,112.53,15373521,0
AMD.US,D,20190916,000000,112.05,117.59,110.93,117.07,16620499,0
AMD.US,D,20190916,000000,115.51,122.49,114.52,122.45,10331945,0
AMD.US,D,20190916,000000,124.90,128.66,124.31,127.33,11305144,0
AMD.US,D,20190917,000000,126.83,147.01,125.46,140.30,13181205,0
AMD.US,D,20190918,000000,141.22,149.76,137.13,149.54,8817161,0
AMD.US,D,20190919,000000,142.72,164.17,141.75,159.24,6895920,0
AMD.US,D,20190920,000000,158.47,165.73,158.40,163.91,9721297,0
AMD.US,D,20190923,000000,163.56,163.82,155.00,157.27,16238677,0
AMD.US,D,20190923,000000,155.05,167.58,152.08,165.39,16063319,0
AMD.US,D,20190923,000000,162.07,166.51,150.79,152.02,10542056,0
AMD.US,D,20190924,000000,154.91,157.31,154.76,155.49,8054396,0
AMD.US,D,20190925,000000,155.49,155.54,154.30,154.67,14192935,0
AMD.US,D,20190926,000000,158.70,162.82,152.38,154.52,15793366,0
AMD.US,D,20190927,000000,154.13,161.63,152.93,159.39,6316833,0
AMD.US,D,20190930,000000,161.18,167.65,159.89,164.33,11514097,0
AMD.US,D,20190930,000000,165.10,170.81,163.84,170.70,13566743,0
AMD.US,D,20190930,000000,170.72,171.40,165.21,165.71,10992487,0
AMD.US,D,20191001,000000,174.02,175.25,159.22,164.67,15182808,0
AMD.US,D,20191002,000000,164.95,166.38,163.86,165.53,10827529,0
AMD.US,D,20191003,000000,166.16,170.27,161.29,163.04,13247362,0
AMD.US,D,20191004,000000,166.57,167.14,163.31,163.45,9445160,0
AMD.US,D,20191007,000000,166.88,170.29,166.03,169.76,17290266,0
AMD.US,D,20191007,000000,167.67,170.91,145.35,147.32,13526628,0
AMD.US,D,20191007,000000,150.37,153.43,132.69,135.85,13494700,0
AMD.US,D,20191008,000000,137.03,143.76,135.55,142.07,14051272,0
AMD.US,D,20191009,000000,143.38,146.97,133.62,134.85,7179319,0
AMD.US,D,20191010,000000,137.52,142.53,136.54,142.35,9638141,0
AMD.US,D,20191011,000000,144.59,154.39,144.48,150.48,11255676,0
AMD.US,D,20191014,000000,150.71,152.99,149.90,152.23,12106550,0
AMD.US,D,20191014,000000,155.33,161.23,154.14,161.15,8236606,0
AMD.US,D,20191014,000000,159.85,177.97,156.35,174.37,15719367,0
AMD.US,D,20191015,000000,171.51,190.55,168.22,189.86,12053515,0
AMD.US,D,20191016,000000,187.88,191.76,187.77,191.28,13923741,0
AMD.US,D,20191017,000000,191.98,193.48,186.38,187.40,16219631,0
AMD.US,D,20191018,000000,185.10,210.92,182.59,203.53,14901802,0
AMD.US,D,20191021,000000,201.86,213.64,196.73,212.48,12799255,0
AMD.US,D,20191021,000000,212.87,217.06,190.38,198.34,10918261,0
AMD.US,D,20191021,000000,197.82,210.28,192.08,207.84,16381005,0
AMD.US,D,20191022,000000,211.03,219.72,210.32,216.40,10901342,0
AMD.US,D,20191023,000000,211.88,213.64,210.04,211.56,17597120,0
AMD.US,D,20191024,000000,212.93,216.04,211.45,214.14,11556567,0
AMD.US,D,20191025,000000,218.12,220.32,200.95,205.59,12500235,0
AMD.US,D,20191028,000000,203.96,205.43,177.37,188.30,13502380,0
AMD.US,D,20191028,000000,187.48,196.88,184.93,196.17,7500694,0
AMD.US,D,20191028,000000,195.82,197.67,194.14,196.83,13790245,0
AMD.US,D,20191029,000000,197.77,198.25,190.14,193.64,17186395,0
AMD.US,D,20191030,000000,196.44,199.63,195.53,199.35,9036443,0
AMD.US,D,20191031,000000,194.33,194.36,193.32,193.52,13203622,0
AMD.US,D,20191101,000000,192.49,194.38,185.02,186.73,15123270,0
AMD.US,D,20191104,000000,186.19,188.38,185.78,187.18,6116922,0
AMD.US,D,20191104,000000,187.47,189.10,187.42,188.83,15099883,0
AMD.US,D,20191104,000000,189.85,194.11,166.55,174.31,10335061,0
AMD.US,D,20191105,000000,171.86,181.60,170.97,180.88,17840005,0
AMD.US,D,20191106,000000,180.48,181.13,168.57,172.46,17051598,0
AMD.US,D,20191107,000000,172.05,177.11,151.80,155.14,11775006,0
AMD.US,D,20191108,000000,154.97,155.20,153.58,154.02,7023888,0
AMD.US,D,20191111,000000,155.14,162.72,154.28,160.23,9598638,0
AMD.US,D,20191111,000000,160.03,165.01,159.60,162.74,14040356,0
AMD.US,D,20191111,000000,164.13,166.14,161.31,161.99,12607496,0
AMD.US,D,20191112,000000,159.04,160.82,158.41,160.41,12145765,0
AMD.US,D,20191113,000000,159.58,161.26,159.54,160.83,7487614,0
AMD.US,D,20191114,000000,160.88,168.57,160.83,164.85,7110749,0
AMD.US,D,20191115,000000,162.32,167.43,160.39,167.13,12863834,0
AMD.US,D,20191118,000000,167.08,172.07,166.48,170.64,7446124,0
AMD.US,D,20191118,000000,171.65,184.96,167.67,181.97,13554953,0
AMD.US,D,20191118,000000,177.71,178.68,170.18,171.39,8903346,0
AMD.US,D,20191119,000000,172.46,174.25,159.75,160.87,14619800,0
AMD.US,D,20191120,000000,159.78,160.49,157.53,159.50,7821584,0
AMD.US,D,20191121,000000,158.42,167.82,156.64,162.21,9184156,0
AMD.US,D,20191122,000000,160.49,171.31,159.05,167.40,11464614,0
AMD.US,D,20191125,000000,163.12,163.33,162.01,162.05,7307590,0
AMD.US,D,20191125,000000,166.04,166.11,164.99,165.34,6862191,0
AMD.US,D,20191125,000000,167.60,183.71,165.76,180.39,6963416,0
AMD.US,D,20191126,000000,184.20,186.72,173.89,174.48,10792534,0
AMD.US,D,20191127,000000,175.44,175.47,166.34,168.21,12169771,0
AMD.US,D,20191128,000000,171.42,173.23,146.45,150.70,15154583,0
AMD.US,D,20191129,000000,146.72,149.49,141.22,143.02,11158668,0
AMD.US,D,20191202,000000,144.07,150.49,143.93,149.36,10782583,0
AMD.US,D,20191202,000000,146.54,163.63,143.76,163.41,8307349,0
AMD.US,D,20191202,000000,166.54,169.27,158.22,160.66,7067230,0
AMD.US,D,20191203,000000,157.93,163.18,155.12,163.01,9029227,0
AMD.US,D,20191204,000000,162.13,182.32,159.28,179.29,9490616,0
AMD.US,D,20191205,000000,177.18,178.07,176.98,177.59,7887677,0
AMD.US,D,20191206,000000,178.26,182.12,177.75,182.07,6292162,0
AMD.US,D,20191209,000000,186.44,186.55,181.76,183.12,15837595,0
AMD.US,D,20191209,000000,182.94,183.13,171.37,173.92,7853452,0
AMD.US,D,20191209,000000,174.55,179.99,164.23,165.18,6315112,0
AMD.US,D,20191210,000000,164.17,170.89,154.91,155.12,16926937,0
AMD.US,D,20191211,000000,154.78,164.11,152.29,161.84,17259914,0
AMD.US,D,20191212,000000,161.83,164.59,161.65,164.35,17595679,0
AMD.US,D,20191213,000000,162.99,178.69,162.07,175.28,11751623,0
AMD.US,D,20191216,000000,168.63,168.91,165.44,166.88,9216375,0
AMD.US,D,20191216,000000,164.95,166.25,159.27,159.86,13488112,0
AMD.US,D,20191216,000000,156.84,163.49,156.09,162.02,15301043,0
AMD.US,D,20191217,000000,159.59,160.48,158.50,159.03,13383830,0
AMD.US,D,20191218,000000,154.83,169.03,154.41,164.22,6014212,0
AMD.US,D,20191219,000000,162.58,168.78,161.67,167.45,6990769,0
AMD.US,D,20191220,000000,167.35,167.94,151.24,152.17,10089262,0
AMD.US,D,20191223,000000,151.62,162.45,117.88,135.55,14311404,0
AMD.US,D,20191223,000000,135.45,135.71,127.47,128.15,14708056,0
AMD.US,D,20191223,000000,124.69,132.68,124.04,130.16,11561203,0
AMD.US,D,20191224,000000,130.57,132.07,126.96,130.16,13822907,0
AMD.US,D,20191225,000000,132.40,132.60,131.36,132.11,10324905,0
AMD.US,D,20191226,000000,132.16,138.45,132.08,136.51,11136079,0
AMD.US,D,20191227,000000,137.28,138.30,135.39,137.72,10363174,0
AMD.US,D,20191230,000000,135.96,141.06,135.07,140.36,16671696,0
AMD.US,D,20191230,000000,146.86,149.79,128.70,129.34,17675281,0
AMD.US,D,20191230,000000,129.13,130.29,124.64,126.51,6586930,0
AMD.US,D,20191231,000000,129.50,133.23,119.61,121.68,8669558,0
AMD.US,D,20200101,000000,119.44,120.36,117.57,120.11,16505918,0
AMD.US,D,20200102,000000,119.95,121.01,113.70,113.94,15672528,0
AMD.US,D,20200103,000000,111.74,112.51,108.31,108.57,17011203,0
AMD.US,D,20200106,000000,108.88,110.88,96.84,99.90,11199382,0
AMD.US,D,20200106,000000,103.60,106.35,103.27,105.40,8512913,0
AMD.US,D,20200106,000000,105.00,105.42,102.72,103.19,14615530,0
AMD.US,D,20200107,000000,104.47,108.62,102.80,106.81,13191909,0
AMD.US,D,20200108,000000,107.36,107.68,105.60,106.06,17273033,0
AMD.US,D,20200109,000000,107.12,107.31,95.53,97.09,11935492,0
AMD.US,D,20200110,000000,97.42,98.99,87.98,88.71,14472624,0
AMD.US,D,20200113,000000,88.22,88.84,85.69,85.98,13444080,0
AMD.US,D,20200113,000000,86.67,87.93,86.39,87.76,8387330,0
AMD.US,D,20200113,000000,88.12,90.04,87.46,88.52,13907421,0
AMD.US,D,20200114,000000,87.11,88.57,86.63,88.25,16063490,0
AMD.US,D,20200115,000000,87.22,91.97,87.10,91.50,6672023,0
AMD.US,D,20200116,000000,90.98,95.08,88.93,94.88,7938978,0
AMD.US,D,20200117,000000,95.56,95.83,91.09,91.38,12422768,0
AMD.US,D,20200120,000000,90.40,90.69,90.35,90.52,7538251,0
AMD.US,D,20200120,000000,92.38,92.53,92.32,92.52,13745776,0
AMD.US,D,20200120,000000,94.28,96.46,89.91,90.09,6602872,0
AMD.US,D,20200121,000000,89.56,90.58,87.67,88.46,15656597,0
AMD.US,D,20200122,000000,89.68,90.03,89.36,89.99,8557715,0
AMD.US,D,20200123,000000,89.06,90.64,80.21,82.26,13265181,0
AMD.US,D,20200124,000000,82.22,86.77,81.23,85.45,11680822,0
AMD.US,D,20200127,000000,86.29,86.53,83.01,83.42,10820906,0
AMD.US,D,20200127,000000,83.54,83.95,82.31,82.93,17735592,0
AMD.US,D,20200127,000000,84.02,84.08,83.22,83.54,15130496,0
AMD.US,D,20200128,000000,83.93,87.31,83.61,86.88,11656602,0
AMD.US,D,20200129,000000,86.83,90.71,86.64,89.68,11919195,0
AMD.US,D,20200130,000000,88.54,91.25,88.38,90.93,12746389,0
AMD.US,D,20200131,000000,90.87,97.09,89.40,96.86,9000104,0
AMD.US,D,20200203,000000,96.58,98.84,96.51,98.18,12548856,0
AMD.US,D,20200203,000000,96.90,97.52,95.95,96.02,11070822,0
AMD.US,D,20200203,000000,95.40,96.37,95.08,96.30,9322489,0
AMD.US,D,20200204,000000,96.16,96.75,94.61,95.41,14428034,0
AMD.US,D,20200205,000000,96.55,97.52,96.51,97.28,9259374,0
AMD.US,D,20200206,000000,97.17,97.46,95.38,96.22,9328390,0
AMD.US,D,20200207,000000,96.79,97.92,96.15,97.26,13764989,0
AMD.US,D,20200210,000000,98.76,99.32,93.06,94.56,12494080,0
AMD.US,D,20200210,000000,95.28,95.62,90.27,91.56,10163551,0
AMD.US,D,20200210,000000,91.78,92.54,91.45,91.98,14887764,0
AMD.US,D,20200211,000000,91.20,91.22,88.80,89.81,7754804,0
AMD.US,D,20200212,000000,89.46,93.24,89.22,91.71,7446821,0
AMD.US,D,20200213,000000,90.38,90.58,85.11,86.81,16976783,0
AMD.US,D,20200214,000000,86.38,86.71,86.33,86.62,12126351,0
AMD.US,D,20200217,000000,85.55,86.89,85.14,86.40,13229273,0
AMD.US,D,20200217,000000,85.84,89.27,85.40,87.26,12503055,0
AMD.US,D,20200217,000000,86.19,86.62,83.92,83.96,15187664,0
AMD.US,D,20200218,000000,84.20,85.85,84.13,85.35,17550847,0
AMD.US,D,20200219,000000,87.63,90.63,87.27,89.22,9170399,0
AMD.US,D,20200220,000000,88.15,88.29,86.81,87.36,7137065,0
AMD.US,D,20200221,000000,86.23,86.25,83.67,84.67,8627022,0
AMD.US,D,20200224,000000,86.65,87.22,80.91,81.96,10260489,0
AMD.US,D,20200224,000000,82.26,88.21,81.59,87.09,6490937,0
AMD.US,D,20200224,000000,86.97,88.68,80.99,83.53,15667657,0
AMD.US,D,20200225,000000,84.57,84.79,78.38,80.17,10104456,0
AMD.US,D,20200226,000000,79.34,79.43,78.85,79.23,10772144,0
AMD.US,D,20200227,000000,79.18,85.30,78.66,84.84,13839179,0
AMD.US,D,20200228,000000,85.23,86.48,77.71,80.06,9368016,0
AMD.US,D,20200302,000000,81.68,82.96,71.16,74.07,9455120,0
AMD.US,D,20200302,000000,73.31,83.59,70.38,79.81,15301083,0
AMD.US,D,20200302,000000,79.85,83.71,78.51,83.16,11533003,0
AMD.US,D,20200303,000000,83.01,83.95,82.94,83.94,17235542,0
AMD.US,D,20200304,000000,83.78,84.05,82.71,83.10,11236624,0
AMD.US,D,20200305,000000,83.14,83.69,78.34,79.58,12378089,0
AMD.US,D,20200306,000000,78.37,82.71,77.23,82.38,7821792,0
AMD.US,D,20200309,000000,82.95,83.30,80.20,81.16,12840384,0
AMD.US,D,20200309,000000,81.19,82.39,78.57,78.70,14962971,0
AMD.US,D,20200309,000000,79.20,79.23,78.18,78.18,9276641,0
AMD.US,D,20200310,000000,77.83,77.86,76.32,76.41,12385468,0
AMD.US,D,20200311,000000,75.96,80.74,75.20,79.49,16458082,0
AMD.US,D,20200312,000000,79.74,79.84,77.76,78.35,17952610,0
AMD.US,D,20200313,000000,79.92,80.12,74.66,76.37,9527162,0
AMD.US,D,20200316,000000,75.73,79.74,74.27,79.44,10780463,0
AMD.US,D,20200316,000000,78.71,80.36,78.61,80.18,17180390,0
AMD.US,D,20200316,000000,80.19,81.88,80.02,81.39,8828647,0
AMD.US,D,20200317,000000,80.26,80.70,80.11,80.61,11703583,0
AMD.US,D,20200318,000000,80.55,80.93,77.63,77.68,13022577,0
AMD.US,D,20200319,000000,78.16,78.97,78.07,78.73,13078878,0
AMD.US,D,20200320,000000,78.38,81.95,78.06,80.27,15817611,0
AMD.US,D,20200323,000000,78.54,78.90,75.47,75.90,17291400,0
AMD.US,D,20200323,000000,75.94,76.12,75.71,75.90,6224268,0
AMD.US,D,20200323,000000,76.35,76.49,71.63,72.17,10304465,0
AMD.US,D,20200324,000000,72.86,74.67,72.45,74.48,6553861,0
AMD.US,D,20200325,000000,74.19,74.97,74.16,74.80,6976516,0
AMD.US,D,20200326,000000,74.84,77.46,74.56,76.61,11066264,0
AMD.US,D,20200327,000000,75.98,76.35,74.55,74.69,9716854,0
AMD.US,D,20200330,000000,75.47,78.50,74.92,77.19,11402670,0
AMD.US,D,20200330,000000,77.18,77.71,70.98,71.86,15529136,0
AMD.US,D,20200330,000000,72.23,74.84,68.67,69.06,12607150,0
AMD.US,D,20200331,000000,67.89,68.01,66.93,67.17,8803730,0
AMD.US,D,20200401,000000,66.42,66.75,66.39,66.57,14517762,0
AMD.US,D,20200402,000000,65.50,67.11,65.32,66.61,17344162,0
AMD.US,D,20200403,000000,66.07,66.18,65.38,65.63,13750801,0
AMD.US,D,20200406,000000,65.99,66.14,65.12,65.42,14434406,0
AMD.US,D,20200406,000000,65.91,66.06,61.26,62.61,16318744,0
AMD.US,D,20200406,000000,62.51,63.68,62.45,63.50,11740189,0
AMD.US,D,20200407,000000,64.79,66.10,58.20,58.73,8202020,0
AMD.US,D,20200408,000000,58.96,60.23,58.25,59.97,9182541,0
AMD.US,D,20200409,000000,59.40,59.43,58.81,58.87,11289446,0
AMD.US,D,20200410,000000,59.10,61.17,58.35,61.17,16591223,0
AMD.US,D,20200413,000000,61.33,62.25,61.30,62.06,7978441,0
AMD.US,D,20200413,000000,62.12,63.10,59.45,59.83,15717223,0
AMD.US,D,20200413,000000,60.06,60.36,57.54,58.05,14817832,0
AMD.US,D,20200414,000000,58.20,60.67,58.05,60.10,11908393,0
AMD.US,D,20200415,000000,59.45,60.98,59.11,60.66,17394845,0
AMD.US,D,20200416,000000,60.51,66.83,59.42,65.03,12785230,0
AMD.US,D,20200417,000000,64.93,65.03,61.43,61.49,6069071,0
AMD.US,D,20200420,000000,61.07,61.22,60.83,60.92,13514047,0
AMD.US,D,20200420,000000,60.31,60.88,59.96,60.20,16013051,0
AMD.US,D,20200420,000000,59.68,63.22,59.25,63.09,6888528,0
AMD.US,D,20200421,000000,62.90,63.02,62.82,62.85,7847882,0
AMD.US,D,20200422,000000,61.48,65.02,60.79,63.92,8157194,0
AMD.US,D,20200423,000000,63.59,63.76,63.46,63.59,13704909,0
AMD.US,D,20200424,000000,63.22,63.23,60.86,61.40,11824718,0
AMD.US,D,20200427,000000,61.23,62.87,60.71,62.71,12309251,0
AMD.US,D,20200427,000000,62.65,64.93,62.35,64.75,7583344,0
AMD.US,D,20200427,000000,65.74,66.14,59.65,63.07,10672509,0
AMD.US,D,20200428,000000,62.60,62.65,61.00,61.04,15973816,0
AMD.US,D,20200429,000000,60.55,61.81,60.30,61.37,8800166,0
AMD.US,D,20200430,000000,61.31,62.88,58.16,58.27,8575664,0
AMD.US,D,20200501,000000,58.31,59.27,52.83,54.76,9000784,0
AMD.US,D,20200504,000000,55.18,59.06,54.10,57.91,6600511,0
AMD.US,D,20200504,000000,57.60,57.92,57.51,57.92,6238374,0
AMD.US,D,20200504,000000,57.39,57.85,55.78,56.28,16124603,0
AMD.US,D,20200505,000000,55.93,56.18,55.81,56.13,15357558,0
AMD.US,D,20200506,000000,56.62,56.92,56.58,56.78,11833918,0
AMD.US,D,20200507,000000,57.19,57.48,53.68,54.75,8111427,0
AMD.US,D,20200508,000000,55.12,55.19,54.01,54.07,17782350,0
AMD.US,D,20200511,000000,54.33,54.34,53.32,53.75,6684821,0
AMD.US,D,20200511,000000,53.63,55.67,53.49,55.52,15223979,0
AMD.US,D,20200511,000000,55.63,55.83,53.31,53.42,14077914,0
AMD.US,D,20200512,000000,53.69,53.91,52.78,52.91,14000957,0
AMD.US,D,20200513,000000,52.71,53.85,52.53,53.62,6728699,0
AMD.US,D,20200514,000000,53.40,53.84,51.93,52.45,15768268,0
AMD.US,D,20200515,000000,51.60,54.13,51.27,53.28,8672868,0
AMD.US,D,20200518,000000,53.55,55.59,53.33,54.61,13790112,0
AMD.US,D,20200518,000000,55.13,55.22,54.93,54.96,8253992,0
AMD.US,D,20200518,000000,55.02,55.76,55.00,55.59,9231628,0
AMD.US,D,20200519,000000,55.57,55.93,54.05,54.56,6297105,0
AMD.US,D,20200520,000000,54.65,54.72,53.61,53.71,9395116,0
AMD.US,D,20200521,000000,53.65,53.68,53.44,53.46,16655503,0
AMD.US,D,20200522,000000,53.62,54.19,53.57,54.00,14973812,0
AMD.US,D,20200525,000000,53.93,54.01,53.25,53.61,17187238,0
AMD.US,D,20200525,000000,53.45,53.75,53.44,53.70,11925717,0
AMD.US,D,20200525,000000,53.69,53.71,53.22,53.26,7777338,0
AMD.US,D,20200526,000000,53.26,53.58,53.17,53.56,13855583,0
AMD.US,D,20200527,000000,53.58,53.68,53.31,53.31,14190975,0
AMD.US,D,20200528,000000,53.33,53.46,52.99,53.06,10051452,0
AMD.US,D,20200529,000000,53.18,53.51,53.18,53.46,7771507,0
AMD.US,D,20200601,000000,53.55,53.59,53.10,53.20,9851587,0
AMD.US,D,20200601,000000,53.12,53.18,52.84,52.98,17636548,0
AMD.US,D,20200601,000000,52.90,52.91,52.66,52.80,6356805,0
AMD.US,D,20200602,000000,52.81,53.83,52.60,53.63,16054373,0
AMD.US,D,20200603,000000,53.67,54.25,53.57,54.22,9206102,0
AMD.US,D,20200604,000000,54.01,55.22,53.69,54.73,13454409,0
AMD.US,D,20200605,000000,54.72,55.71,54.68,55.52,6524165,0
AMD.US,D,20200608,000000,55.50,55.95,55.43,55.84,11140335,0
AMD.US,D,20200608,000000,55.74,56.20,55.59,56.14,15975721,0
AMD.US,D,20200608,000000,55.90,56.31,55.81,56.27,9949690,0
AMD.US,D,20200609,000000,56.15,56.19,55.64,55.84,15015536,0
AMD.US,D,20200610,000000,55.81,55.89,55.81,55.89,14424049,0
AMD.US,D,20200611,000000,55.92,55.97,55.46,55.62,7383440,0
AMD.US,D,20200612,000000,55.57,55.99,55.41,55.69,6009152,0
AMD.US,D,20200615,000000,55.53,56.01,55.35,55.92,6173653,0
AMD.US,D,20200615,000000,56.14,56.30,54.25,54.32,9674199,0
AMD.US,D,20200615,000000,54.49,54.65,54.21,54.33,9704198,0
AMD.US,D,20200616,000000,53.98,54.00,53.28,53.41,8038508,0
AMD.US,D,20200617,000000,53.56,53.85,53.50,53.79,15839297,0
AMD.US,D,20200618,000000,53.61,53.68,53.05,53.07,15221744,0
AMD.US,D,20200619,000000,53.12,53.16,52.67,52.83,7494342,0
AMD.US,D,20200622,000000,52.80,52.95,52.66,52.90,6842187,0
AMD.US,D,20200622,000000,53.00,53.20,51.88,51.89,14602405,0
AMD.US,D,20200622,000000,51.98,52.72,51.98,52.51,17227025,0
AMD.US,D,20200623,000000,52.40,52.43,52.37,52.41,10631003,0
AMD.US,D,20200624,000000,52.49,53.23,52.37,53.19,14256639,0
AMD.US,D,20200625,000000,53.50,53.62,53.38,53.61,7156295,0
AMD.US,D,20200626,000000,53.69,54.43,53.61,53.93,6877127,0
AMD.US,D,20200629,000000,53.98,54.14,53.95,54.08,17564858,0
AMD.US,D,20200629,000000,53.98,54.03,53.17,53.38,6580339,0
AMD.US,D,20200629,000000,53.29,53.41,53.08,53.09,13172808,0
AMD.US,D,20200630,000000,53.26,53.28,52.50,52.66,16625406,0
AMD.US,D,20200701,000000,52.44,52.95,52.43,52.92,17218150,0
AMD.US,D,20200702,000000,53.06,54.26,52.87,54.00,11451005,0
AMD.US,D,20200703,000000,53.92,54.07,53.90,53.99,15260795,0
AMD.US,D,20200706,000000,54.06,54.42,54.02,54.33,16642646,0
AMD.US,D,20200706,000000,54.39,54.64,54.36,54.62,7746712,0
AMD.US,D,20200706,000000,54.81,55.68,54.59,55.55,14028806,0
AMD.US,D,20200707,000000,55.62,55.72,55.24,55.26,6284993,0
AMD.US,D,20200708,000000,55.36,55.46,55.31,55.43,12664600,0
AMD.US,D,20200709,000000,55.53,55.80,55.21,55.31,16445319,0
AMD.US,D,20200710,000000,55.14,55.91,55.03,55.89,8646580,0
AMD.US,D,20200713,000000,55.94,55.97,55.64,55.74,15743245,0
AMD.US,D,20200713,000000,55.62,56.33,55.62,56.24,7729081,0
AMD.US,D,20200713,000000,56.05,56.11,55.95,55.98,8236979,0
AMD.US,D,20200714,000000,55.71,55.91,54.98,55.42,16655675,0
AMD.US,D,20200715,000000,55.54,55.57,55.40,55.48,17334162,0
AMD.US,D,20200716,000000,55.38,55.81,54.01,54.61,8683272,0
AMD.US,D,20200717,000000,54.57,54.62,54.46,54.46,9563506,0
AMD.US,D,20200720,000000,54.43,54.60,54.42,54.59,6419468,0
AMD.US,D,20200720,000000,54.46,54.50,53.69,54.00,11585758,0
AMD.US,D,20200720,000000,53.93,54.43,53.83,54.33,17202433,0
AMD.US,D,20200721,000000,54.36,54.38,54.03,54.19,12811543,0
AMD.US,D,20200722,000000,54.14,54.27,54.14,54.24,12858082,0
AMD.US,D,20200723,000000,54.33,54.34,54.30,54.31,11321730,0
AMD.US,D,20200724,000000,54.52,54.97,54.42,54.84,10990683,0
AMD.US,D,20200727,000000,54.96,55.40,54.70,55.33,14666002,0
AMD.US,D,20200727,000000,55.31,55.47,54.14,54.33,9919588,0
AMD.US,D,20200727,000000,54.66,54.95,53.63,53.89,8230795,0
AMD.US,D,20200728,000000,53.68,53.72,53.62,53.62,6501264,0
AMD.US,D,20200729,000000,53.76,53.77,51.58,52.18,12085131,0
AMD.US,D,20200730,000000,52.12,53.70,51.59,53.35,9554029,0
AMD.US,D,20200731,000000,53.59,56.37,53.52,55.63,15621854,0
AMD.US,D,20200803,000000,55.96,55.99,55.40,55.73,10889938,0
AMD.US,D,20200803,000000,55.85,55.90,55.19,55.51,11295354,0
AMD.US,D,20200803,000000,55.26,57.13,55.08,56.61,17046979,0
AMD.US,D,20200804,000000,56.43,56.51,55.17,55.68,14135294,0
AMD.US,D,20200805,000000,55.59,59.44,55.27,58.32,12607720,0
AMD.US,D,20200806,000000,58.16,60.16,57.71,59.48,10516119,0
AMD.US,D,20200807,000000,59.09,59.75,59.00,59.41,9894904,0
AMD.US,D,20200810,000000,59.35,60.87,59.22,60.42,11538109,0
AMD.US,D,20200810,000000,59.85,63.82,58.98,63.47,15296682,0
AMD.US,D,20200810,000000,63.08,63.16,61.91,62.01,9833088,0
AMD.US,D,20200811,000000,62.29,64.13,62.17,63.26,7821150,0
AMD.US,D,20200812,000000,63.82,64.29,62.58,62.72,10710925,0
AMD.US,D,20200813,000000,62.11,62.51,60.72,61.06,15743421,0
AMD.US,D,20200814,000000,61.20,62.31,61.01,61.99,14998234,0
AMD.US,D,20200817,000000,62.03,62.19,60.53,60.90,7566115,0
AMD.US,D,20200817,000000,61.74,63.73,57.79,58.97,15055573,0
AMD.US,D,20200817,000000,59.05,63.15,58.39,63.00,11165376,0
AMD.US,D,20200818,000000,63.26,64.40,62.89,63.66,15881905,0
AMD.US,D,20200819,000000,64.69,65.29,60.59,62.25,9846490,0
AMD.US,D,20200820,000000,61.49,62.27,60.91,62.20,10428159,0
AMD.US,D,20200821,000000,62.96,66.11,61.41,65.40,14609071,0
AMD.US,D,20200824,000000,66.23,66.74,63.74,64.06,12426492,0
AMD.US,D,20200824,000000,64.42,64.50,63.16,63.22,13183395,0
AMD.US,D,20200824,000000,62.56,62.77,59.36,60.69,8806409,0
AMD.US,D,20200825,000000,60.37,63.92,60.18,62.59,10605938,0
AMD.US,D,20200826,000000,62.83,67.35,62.11,65.83,14933208,0
AMD.US,D,20200827,000000,65.89,69.55,64.59,68.78,17440717,0
AMD.US,D,20200828,000000,66.72,72.14,66.06,70.96,6020916,0
AMD.US,D,20200831,000000,71.94,73.86,71.68,73.60,9248974,0
AMD.US,D,20200831,000000,74.95,75.18,71.81,71.89,7874355,0
AMD.US,D,20200831,000000,71.08,73.50,70.65,73.09,9096589,0
AMD.US,D,20200901,000000,71.97,73.00,71.84,72.60,16081546,0
AMD.US,D,20200902,000000,71.95,71.97,70.56,70.70,13903359,0
AMD.US,D,20200903,000000,69.55,70.47,68.12,68.82,6648211,0
AMD.US,D,20200904,000000,68.68,69.16,65.94,66.52,6710279,0
AMD.US,D,20200907,000000,65.96,66.48,62.71,63.77,6899563,0
AMD.US,D,20200907,000000,63.15,64.41,62.88,64.03,6784245,0
AMD.US,D,20200907,000000,63.18,66.17,62.88,65.47,14229985,0
AMD.US,D,20200908,000000,65.18,65.62,64.94,65.30,6690268,0
AMD.US,D,20200909,000000,65.88,66.13,64.83,65.07,10003403,0
AMD.US,D,20200910,000000,65.37,65.50,63.10,63.78,17167658,0
AMD.US,D,20200911,000000,63.63,63.71,63.20,63.33,13883741,0
AMD.US,D,20200914,000000,63.61,63.63,62.80,62.86,7907780,0
AMD.US,D,20200914,000000,62.73,65.51,61.81,65.39,7102515,0
AMD.US,D,20200914,000000,65.47,66.37,63.85,64.10,8690265,0
AMD.US,D,20200915,000000,63.63,65.52,63.33,64.82,14563905,0
AMD.US,D,20200916,000000,64.34,64.41,64.33,64.40,17825696,0
AMD.US,D,20200917,000000,64.43,65.70,64.12,65.62,14816970,0
AMD.US,D,20200918,000000,65.73,66.45,65.69,66.09,10466061,0
AMD.US,D,20200921,000000,66.18,66.26,65.17,65.36,10892269,0
AMD.US,D,20200921,000000,65.17,66.74,65.00,66.54,8635054,0
AMD.US,D,20200921,000000,66.37,67.06,66.22,66.81,12409650,0
AMD.US,D,20200922,000000,66.88,67.11,66.87,67.07,14806983,0
AMD.US,D,20200923,000000,67.03,67.04,66.97,66.98,6504243,0
AMD.US,D,20200924,000000,66.91,67.61,66.84,67.43,11768975,0
AMD.US,D,20200925,000000,67.26,67.56,67.15,67.55,11474603,0
AMD.US,D,20200928,000000,67.67,67.73,67.17,67.20,16395274,0
AMD.US,D,20200928,000000,67.64,67.65,66.74,66.96,16148210,0
AMD.US,D,20200928,000000,67.00,67.10,66.90,66.94,11892112,0
AMD.US,D,20200929,000000,66.95,68.13,66.86,68.02,7867295,0
AMD.US,D,20200930,000000,68.14,68.21,67.88,67.95,16050181,0
AMD.US,D,20201001,000000,68.04,68.37,67.66,68.35,9316371,0
AMD.US,D,20201002,000000,68.37,68.82,68.26,68.75,14439676,0
AMD.US,D,20201005,000000,68.79,69.03,68.26,68.36,13268800,0
AMD.US,D,20201005,000000,68.46,68.67,66.22,66.93,14534085,0
AMD.US,D,20201005,000000,66.93,67.06,66.93,66.98,17111601,0
AMD.US,D,20201006,000000,67.10,67.13,66.49,66.73,15279130,0
AMD.US,D,20201007,000000,66.66,66.66,65.23,65.91,16776238,0
AMD.US,D,20201008,000000,65.95,66.10,64.00,64.59,10271911,0
AMD.US,D,20201009,000000,64.77,65.66,64.73,65.44,11520827,0
AMD.US,D,20201012,000000,65.45,65.47,64.99,65.02,13674321,0
AMD.US,D,20201012,000000,64.99,65.60,64.89,65.53,16756385,0
AMD.US,D,20201012,000000,65.06,67.16,64.86,66.84,16307883,0
AMD.US,D,20201013,000000,66.77,66.80,66.07,66.30,9692875,0
AMD.US,D,20201014,000000,66.10,67.20,65.87,66.66,6426527,0
AMD.US,D,20201015,000000,66.92,67.00,66.70,66.87,8745065,0
AMD.US,D,20201016,000000,66.53,66.61,66.53,66.58,11685436,0
AMD.US,D,20201019,000000,66.26,66.31,65.02,65.04,15821813,0
AMD.US,D,20201019,000000,65.28,65.76,65.25,65.72,7357861,0
AMD.US,D,20201019,000000,65.45,66.13,65.41,65.78,14104398,0
AMD.US,D,20201020,000000,65.88,66.04,64.98,65.20,17496806,0
AMD.US,D,20201021,000000,65.53,65.77,65.14,65.15,16971307,0
AMD.US,D,20201022,000000,64.66,64.74,64.49,64.52,12124532,0
AMD.US,D,20201023,000000,64.95,65.01,62.93,63.40,14540959,0
AMD.US,D,20201026,000000,63.32,63.33,63.23,63.23,7284194,0
AMD.US,D,20201026,000000,63.17,64.09,63.07,63.82,6496944,0
AMD.US,D,20201026,000000,63.79,63.99,63.67,63.90,7113143,0
AMD.US,D,20201027,000000,63.99,64.09,63.98,64.03,12508768,0
AMD.US,D,20201028,000000,64.76,65.10,62.24,62.88,13708769,0
AMD.US,D,20201029,000000,62.67,63.12,61.84,62.01,10432607,0
AMD.US,D,20201030,000000,62.21,62.49,62.15,62.36,16931258,0
AMD.US,D,20201102,000000,62.09,63.07,61.78,63.04,8579565,0
AMD.US,D,20201102,000000,63.27,63.33,62.81,62.93,17990599,0
AMD.US,D,20201102,000000,62.96,63.26,62.61,62.71,15448030,0
AMD.US,D,20201103,000000,62.54,62.61,60.89,61.18,6890386,0
AMD.US,D,20201104,000000,61.49,61.71,61.48,61.66,7121402,0
AMD.US,D,20201105,000000,61.81,63.08,58.07,58.94,16141681,0
AMD.US,D,20201106,000000,58.68,58.82,57.54,57.99,7376645,0
AMD.US,D,20201109,000000,58.10,58.43,57.58,57.88,10751725,0
AMD.US,D,20201109,000000,58.17,58.25,55.99,56.00,12756268,0
AMD.US,D,20201109,000000,55.87,59.27,55.19,58.45,13058354,0
AMD.US,D,20201110,000000,58.69,59.49,58.65,59.40,10333786,0
AMD.US,D,20201111,000000,58.55,59.00,56.11,56.85,13254674,0
AMD.US,D,20201112,000000,57.33,57.38,54.78,55.52,7893911,0
AMD.US,D,20201113,000000,56.43,56.85,56.39,56.80,10537281,0
AMD.US,D,20201116,000000,56.34,58.86,55.99,58.53,9354201,0
AMD.US,D,20201116,000000,58.57,59.17,54.67,56.11,10921295,0
AMD.US,D,20201116,000000,55.92,56.12,54.75,55.10,14063915,0
AMD.US,D,20201117,000000,55.45,55.56,53.93,54.51,8124276,0
AMD.US,D,20201118,000000,54.87,54.92,54.84,54.89,6224439,0
AMD.US,D,20201119,000000,55.14,55.37,53.32,53.89,13950261,0
AMD.US,D,20201120,000000,53.92,54.08,52.81,53.02,13991010,0
AMD.US,D,20201123,000000,53.02,55.55,51.95,54.91,15279801,0
AMD.US,D,20201123,000000,54.76,54.88,54.30,54.34,7282915,0
AMD.US,D,20201123,000000,54.22,54.47,54.20,54.42,6463042,0
AMD.US,D,20201124,000000,54.10,54.22,53.86,53.97,13405627,0
AMD.US,D,20201125,000000,54.27,55.02,54.14,54.86,8600153,0
AMD.US,D,20201126,000000,54.91,55.16,53.75,53.76,7771920,0
AMD.US,D,20201127,000000,53.68,54.10,53.62,54.03,6544923,0
AMD.US,D,20201130,000000,53.92,54.16,53.90,54.09,12170405,0
AMD.US,D,20201130,000000,54.05,54.06,53.42,53.48,15846204,0
AMD.US,D,20201130,000000,53.39,53.50,52.36,52.74,7768062,0
AMD.US,D,20201201,000000,52.82,52.90,52.78,52.81,9524492,0
AMD.US,D,20201202,000000,52.64,52.94,52.60,52.78,13702208,0
AMD.US,D,20201203,000000,52.80,52.84,52.63,52.65,8807678,0
AMD.US,D,20201204,000000,52.75,53.23,51.62,51.80,16942649,0
AMD.US,D,20201207,000000,51.98,52.06,51.70,51.80,12502928,0
AMD.US,D,20201207,000000,51.53,51.78,51.52,51.68,11324647,0
AMD.US,D,20201207,000000,51.85,52.32,51.83,52.26,16581113,0
AMD.US,D,20201208,000000,52.19,52.23,51.62,51.68,9419647,0
AMD.US,D,20201209,000000,51.40,51.44,51.29,51.38,10579058,0
AMD.US,D,20201210,000000,51.41,52.60,51.31,52.15,15151042,0
AMD.US,D,20201211,000000,52.60,52.75,52.28,52.38,13945463,0
AMD.US,D,20201214,000000,52.57,53.06,52.48,52.86,7084058,0
AMD.US,D,20201214,000000,52.29,52.39,51.19,51.72,7921281,0
AMD.US,D,20201214,000000,51.60,51.62,51.21,51.36,16639710,0
AMD.US,D,20201215,000000,51.01,51.05,50.62,50.75,13218128,0
AMD.US,D,20201216,000000,50.61,50.91,50.38,50.87,13978180,0
AMD.US,D,20201217,000000,50.83,52.04,50.64,51.57,6773584,0
AMD.US,D,20201218,000000,51.66,53.49,50.81,52.96,7913773,0
AMD.US,D,20201221,000000,52.88,54.11,52.43,53.81,17430200,0
AMD.US,D,20201221,000000,54.00,54.81,53.93,54.61,15999122,0
