<TICKER>,<PER>,<DATE>,<TIME>,<OPEN>,<HIGH>,<LOW>,<CLOSE>,<VOL>,<OPENINT>
AMZN.US,D,20180102,000000,170.70,170.71,170.12,170.24,6749625,0
AMZN.US,D,20180103,000000,170.17,177.65,168.37,175.73,3449707,0
AMZN.US,D,20180104,000000,176.34,178.97,175.26,178.95,8776033,0
AMZN.US,D,20180105,000000,178.96,181.20,178.23,179.94,7474797,0
AMZN.US,D,20180108,000000,179.72,181.24,170.98,173.86,3359190,0
AMZN.US,D,20180108,000000,172.83,174.26,168.78,169.01,6740240,0
AMZN.US,D,20180108,000000,169.35,173.49,169.24,172.94,5306507,0
AMZN.US,D,20180109,000000,175.48,176.44,166.71,168.94,4730781,0
AMZN.US,D,20180110,000000,168.65,171.93,168.55,171.50,6744463,0
AMZN.US,D,20180111,000000,171.27,172.18,167.31,169.81,6869816,0
AMZN.US,D,20180112,000000,169.23,169.31,169.22,169.26,8065845,0
AMZN.US,D,20180115,000000,169.78,173.15,169.51,172.22,5353293,0
AMZN.US,D,20180115,000000,171.59,172.78,170.70,171.32,5333351,0
AMZN.US,D,20180115,000000,170.39,170.74,165.98,168.04,3433431,0
AMZN.US,D,20180116,000000,167.79,168.93,162.77,164.74,4294751,0
AMZN.US,D,20180117,000000,163.09,163.94,162.84,163.76,8205362,0
AMZN.US,D,20180118,000000,163.06,165.58,157.15,158.56,4375203,0
AMZN.US,D,20180119,000000,157.94,160.33,157.17,159.52,8650643,0
AMZN.US,D,20180122,000000,159.29,159.75,148.14,153.81,5777577,0
AMZN.US,D,20180122,000000,152.37,152.94,150.90,151.26,7175081,0
AMZN.US,D,20180122,000000,150.66,155.12,149.97,153.57,7021537,0
AMZN.US,D,20180123,000000,152.48,153.23,149.72,150.52,7003372,0
AMZN.US,D,20180124,000000,151.88,153.36,146.58,146.94,4666614,0
AMZN.US,D,20180125,000000,146.58,147.19,143.18,143.58,6458147,0
AMZN.US,D,20180126,000000,144.07,144.83,141.86,142.14,3292941,0
AMZN.US,D,20180129,000000,140.97,144.41,140.96,143.60,8216108,0
AMZN.US,D,20180129,000000,144.44,144.51,136.02,137.19,8562330,0
AMZN.US,D,20180129,000000,137.36,137.90,134.32,134.49,8408964,0
AMZN.US,D,20180130,000000,134.82,135.41,133.43,134.40,3846491,0
AMZN.US,D,20180131,000000,133.05,142.06,131.41,141.17,5367164,0
AMZN.US,D,20180201,000000,141.47,142.04,136.14,137.51,7473979,0
AMZN.US,D,20180202,000000,137.00,137.80,136.76,137.55,8691247,0
AMZN.US,D,20180205,000000,139.77,140.41,132.17,134.63,8784500,0
AMZN.US,D,20180205,000000,133.90,134.53,129.65,130.15,3972386,0
AMZN.US,D,20180205,000000,127.94,135.43,127.19,133.48,3609689,0
AMZN.US,D,20180206,000000,132.15,133.67,126.08,127.01,5657298,0
AMZN.US,D,20180207,000000,126.16,126.60,121.91,122.76,3722764,0
AMZN.US,D,20180208,000000,123.28,123.75,121.64,121.74,6811853,0
AMZN.US,D,20180209,000000,123.23,123.44,122.41,122.41,5690310,0
AMZN.US,D,20180212,000000,123.34,126.66,122.93,125.96,6857452,0
AMZN.US,D,20180212,000000,126.43,127.70,126.40,126.68,6914735,0
AMZN.US,D,20180212,000000,127.24,130.65,127.09,129.92,5372432,0
AMZN.US,D,20180213,000000,130.20,132.55,128.24,132.54,3834199,0
AMZN.US,D,20180214,000000,132.32,133.03,131.96,132.40,4643755,0
AMZN.US,D,20180215,000000,133.14,134.30,132.73,133.88,4410349,0
AMZN.US,D,20180216,000000,133.18,135.97,132.55,135.08,4869748,0
AMZN.US,D,20180219,000000,136.90,139.63,127.26,127.33,3106064,0
AMZN.US,D,20180219,000000,126.26,126.28,121.05,123.80,5044842,0
AMZN.US,D,20180219,000000,124.62,124.73,122.71,123.48,4361182,0
AMZN.US,D,20180220,000000,124.04,124.42,120.09,120.78,3992767,0
AMZN.US,D,20180221,000000,120.88,121.58,119.46,119.63,8843280,0
AMZN.US,D,20180222,000000,117.72,123.16,117.63,123.02,5666414,0
AMZN.US,D,20180223,000000,122.01,122.04,121.08,121.93,8000393,0
AMZN.US,D,20180226,000000,121.47,122.62,117.82,118.73,5588694,0
AMZN.US,D,20180226,000000,121.00,122.05,115.82,116.37,5413178,0
AMZN.US,D,20180226,000000,118.03,118.31,115.21,116.27,5279332,0
AMZN.US,D,20180227,000000,116.30,116.80,105.88,109.32,5817664,0
AMZN.US,D,20180228,000000,109.06,109.83,106.94,108.54,8403973,0
AMZN.US,D,20180301,000000,108.23,111.38,107.88,111.26,7247157,0
AMZN.US,D,20180302,000000,111.85,112.02,110.98,111.37,7085852,0
AMZN.US,D,20180305,000000,111.60,118.67,111.15,117.87,3816756,0
AMZN.US,D,20180305,000000,117.69,118.62,112.58,114.28,3511616,0
AMZN.US,D,20180305,000000,113.50,119.11,113.00,117.17,5342167,0
AMZN.US,D,20180306,000000,117.15,119.30,116.69,118.90,6033787,0
AMZN.US,D,20180307,000000,115.91,121.85,115.65,118.97,4814348,0
AMZN.US,D,20180308,000000,120.36,121.40,111.12,115.63,6804805,0
AMZN.US,D,20180309,000000,116.39,116.72,114.46,115.10,4946323,0
AMZN.US,D,20180312,000000,113.61,114.22,112.17,113.05,8345692,0
AMZN.US,D,20180312,000000,114.15,115.13,106.93,107.91,6631410,0
AMZN.US,D,20180312,000000,108.35,111.15,108.09,110.68,6201883,0
AMZN.US,D,20180313,000000,110.50,113.19,109.78,112.61,7045466,0
AMZN.US,D,20180314,000000,111.28,115.22,110.97,113.94,7479580,0
AMZN.US,D,20180315,000000,111.97,114.76,111.89,114.45,6806862,0
AMZN.US,D,20180316,000000,114.22,114.61,110.54,111.66,7786070,0
AMZN.US,D,20180319,000000,110.04,112.76,110.00,111.76,4465866,0
AMZN.US,D,20180319,000000,112.05,113.04,108.58,109.68,3210584,0
AMZN.US,D,20180319,000000,109.60,109.74,103.61,106.33,3120197,0
AMZN.US,D,20180320,000000,106.65,114.00,105.99,111.57,4366108,0
AMZN.US,D,20180321,000000,111.69,111.95,108.58,109.21,7720675,0
AMZN.US,D,20180322,000000,109.69,109.70,109.03,109.27,5136224,0
AMZN.US,D,20180323,000000,110.09,110.76,106.12,106.57,3906382,0
AMZN.US,D,20180326,000000,106.52,108.03,106.45,107.57,8865699,0
AMZN.US,D,20180326,000000,106.86,113.69,106.13,112.00,5492234,0
AMZN.US,D,20180326,000000,112.82,113.53,109.62,111.36,8188341,0
AMZN.US,D,20180327,000000,109.72,114.68,109.65,113.07,4172889,0
AMZN.US,D,20180328,000000,110.92,120.48,110.54,119.43,4519371,0
AMZN.US,D,20180329,000000,120.10,121.11,119.99,120.86,7911183,0
AMZN.US,D,20180330,000000,120.91,121.68,119.26,119.99,7955663,0
AMZN.US,D,20180402,000000,120.69,121.74,119.93,121.43,6075191,0
AMZN.US,D,20180402,000000,119.87,121.70,104.09,111.08,3626860,0
AMZN.US,D,20180402,000000,111.99,114.52,110.77,113.80,4685615,0
AMZN.US,D,20180403,000000,113.10,113.18,106.46,107.44,8370995,0
AMZN.US,D,20180404,000000,110.28,115.46,110.09,115.24,8683038,0
AMZN.US,D,20180405,000000,116.86,117.60,113.39,113.43,4265186,0
AMZN.US,D,20180406,000000,110.87,111.02,109.97,110.01,5775487,0
AMZN.US,D,20180409,000000,110.05,110.82,108.00,109.07,7130960,0
AMZN.US,D,20180409,000000,111.34,111.70,105.57,107.19,5629595,0
AMZN.US,D,20180409,000000,107.96,108.75,107.89,108.24,3480472,0
AMZN.US,D,20180410,000000,107.26,110.73,107.07,109.26,7354184,0
AMZN.US,D,20180411,000000,108.92,114.10,108.13,112.97,4037238,0
AMZN.US,D,20180412,000000,111.60,117.44,110.93,116.22,5146817,0
AMZN.US,D,20180413,000000,116.92,117.08,116.64,116.72,4173306,0
AMZN.US,D,20180416,000000,116.66,125.01,115.76,120.76,5617843,0
AMZN.US,D,20180416,000000,122.79,123.83,108.76,113.03,7190971,0
AMZN.US,D,20180416,000000,111.48,124.46,109.54,118.76,5536295,0
AMZN.US,D,20180417,000000,121.31,122.50,106.93,114.47,5728703,0
AMZN.US,D,20180418,000000,113.39,116.20,112.98,115.82,3404695,0
AMZN.US,D,20180419,000000,117.15,123.19,115.46,120.99,3216105,0
AMZN.US,D,20180420,000000,118.05,118.59,117.66,118.52,3877269,0
AMZN.US,D,20180423,000000,119.16,120.07,116.18,117.11,7221738,0
AMZN.US,D,20180423,000000,115.92,122.47,114.71,120.99,5987698,0
AMZN.US,D,20180423,000000,116.70,118.36,110.45,111.62,6438470,0
AMZN.US,D,20180424,000000,110.95,111.83,106.00,106.13,3768127,0
AMZN.US,D,20180425,000000,108.28,108.54,104.59,105.29,8692200,0
AMZN.US,D,20180426,000000,104.94,109.38,104.21,108.12,8031836,0
AMZN.US,D,20180427,000000,107.00,107.17,105.46,105.81,8345161,0
AMZN.US,D,20180430,000000,106.46,107.47,106.11,107.09,8122325,0
AMZN.US,D,20180430,000000,106.26,106.75,104.64,104.71,4467769,0
AMZN.US,D,20180430,000000,106.60,107.17,104.20,104.58,3604654,0
AMZN.US,D,20180501,000000,103.93,108.78,103.53,106.07,4666175,0
AMZN.US,D,20180502,000000,105.98,107.61,105.62,107.56,7795773,0
AMZN.US,D,20180503,000000,105.77,107.21,105.44,106.70,4031819,0
AMZN.US,D,20180504,000000,105.79,108.65,105.38,108.03,3347391,0
AMZN.US,D,20180507,000000,107.66,107.88,102.80,104.01,7445334,0
AMZN.US,D,20180507,000000,104.83,105.19,102.16,102.95,6994521,0
AMZN.US,D,20180507,000000,102.21,104.02,102.05,103.79,3918998,0
AMZN.US,D,20180508,000000,103.74,106.52,103.73,106.31,8672246,0
AMZN.US,D,20180509,000000,106.59,108.48,105.99,108.25,5935366,0
AMZN.US,D,20180510,000000,108.09,108.46,107.26,107.32,6534107,0
AMZN.US,D,20180511,000000,105.80,108.95,103.96,107.67,4620205,0
AMZN.US,D,20180514,000000,106.45,108.83,106.04,107.68,5888560,0
AMZN.US,D,20180514,000000,107.35,107.57,104.34,104.49,3966685,0
AMZN.US,D,20180514,000000,103.98,110.49,103.66,108.16,4993397,0
AMZN.US,D,20180515,000000,108.51,109.18,106.75,107.25,3926667,0
AMZN.US,D,20180516,000000,107.86,108.30,102.37,105.48,8526338,0
AMZN.US,D,20180517,000000,104.21,105.78,103.79,105.13,7412192,0
AMZN.US,D,20180518,000000,105.16,106.43,104.93,106.08,6837344,0
AMZN.US,D,20180521,000000,107.37,108.28,105.50,106.14,8026012,0
AMZN.US,D,20180521,000000,106.63,107.10,102.07,102.59,6103011,0
AMZN.US,D,20180521,000000,101.14,104.00,99.60,103.80,5218753,0
AMZN.US,D,20180522,000000,103.75,103.81,100.63,100.78,4229520,0
AMZN.US,D,20180523,000000,99.67,103.83,99.19,102.26,3288401,0
AMZN.US,D,20180524,000000,102.71,103.66,102.06,103.38,7482074,0
AMZN.US,D,20180525,000000,103.41,103.50,103.22,103.23,4714891,0
AMZN.US,D,20180528,000000,102.99,107.80,102.70,107.62,4862016,0
AMZN.US,D,20180528,000000,106.81,109.90,106.45,108.37,7608144,0
AMZN.US,D,20180528,000000,108.20,108.45,104.17,104.81,4810512,0
AMZN.US,D,20180529,000000,105.37,108.99,104.84,106.77,5649486,0
AMZN.US,D,20180530,000000,106.06,107.14,105.55,106.73,7356551,0
AMZN.US,D,20180531,000000,108.36,108.54,106.93,106.93,7300374,0
AMZN.US,D,20180601,000000,107.35,111.95,107.27,111.58,8139997,0
AMZN.US,D,20180604,000000,110.91,112.16,110.75,112.06,6683634,0
AMZN.US,D,20180604,000000,114.03,114.38,111.53,111.76,4022721,0
AMZN.US,D,20180604,000000,111.59,113.57,111.47,113.18,4236703,0
AMZN.US,D,20180605,000000,112.77,114.31,112.44,113.73,8084004,0
AMZN.US,D,20180606,000000,112.78,117.53,112.69,117.17,3594332,0
AMZN.US,D,20180607,000000,117.43,118.78,117.38,118.03,6871041,0
AMZN.US,D,20180608,000000,116.71,116.93,115.55,116.38,8177435,0
AMZN.US,D,20180611,000000,116.21,116.78,114.82,115.08,6637024,0
AMZN.US,D,20180611,000000,115.39,115.88,108.53,110.39,7151983,0
AMZN.US,D,20180611,000000,110.68,111.04,108.97,109.35,8783062,0
AMZN.US,D,20180612,000000,109.74,111.20,109.55,111.14,3178362,0
AMZN.US,D,20180613,000000,110.20,113.72,110.16,113.18,7206013,0
AMZN.US,D,20180614,000000,112.78,115.98,112.04,115.44,3400404,0
AMZN.US,D,20180615,000000,115.07,119.03,114.41,118.00,4147326,0
AMZN.US,D,20180618,000000,117.73,120.99,117.55,119.99,4398142,0
AMZN.US,D,20180618,000000,120.90,124.13,119.48,123.36,3196553,0
AMZN.US,D,20180618,000000,124.63,125.17,124.53,125.03,7925357,0
AMZN.US,D,20180619,000000,125.61,126.92,125.54,126.81,5361393,0
AMZN.US,D,20180620,000000,125.52,128.11,125.50,127.58,7674717,0
AMZN.US,D,20180621,000000,127.14,127.53,124.24,125.40,7006217,0
AMZN.US,D,20180622,000000,124.38,124.44,119.60,119.66,5560509,0
AMZN.US,D,20180625,000000,120.03,124.20,118.34,123.48,5802090,0
AMZN.US,D,20180625,000000,124.29,125.18,124.25,124.96,8357212,0
AMZN.US,D,20180625,000000,123.19,123.96,118.85,119.92,3877378,0
AMZN.US,D,20180626,000000,119.38,119.53,117.99,118.65,4234046,0
AMZN.US,D,20180627,000000,118.64,125.78,117.06,124.08,6617388,0
AMZN.US,D,20180628,000000,124.16,127.72,124.11,126.44,5790957,0
AMZN.US,D,20180629,000000,126.92,128.33,117.91,118.91,5407865,0
AMZN.US,D,20180702,000000,118.77,119.46,110.20,111.95,4359844,0
AMZN.US,D,20180702,000000,112.43,113.12,109.71,110.25,7202171,0
AMZN.US,D,20180702,000000,108.88,110.52,108.79,110.21,6208083,0
AMZN.US,D,20180703,000000,110.44,111.03,110.29,110.76,3256739,0
AMZN.US,D,20180704,000000,111.19,111.42,108.33,109.27,7457787,0
AMZN.US,D,20180705,000000,109.01,109.25,105.38,106.50,4781753,0
AMZN.US,D,20180706,000000,105.60,109.17,105.28,107.76,5464261,0
AMZN.US,D,20180709,000000,107.44,112.25,107.23,111.18,8434075,0
AMZN.US,D,20180709,000000,110.70,111.09,103.75,105.90,3978373,0
AMZN.US,D,20180709,000000,107.06,111.35,106.00,110.35,3895846,0
AMZN.US,D,20180710,000000,110.77,115.55,109.39,113.60,6668472,0
AMZN.US,D,20180711,000000,114.16,114.67,107.65,109.11,4337898,0
AMZN.US,D,20180712,000000,109.86,115.89,109.13,114.05,7789001,0
AMZN.US,D,20180713,000000,113.90,114.16,111.06,111.24,6171986,0
AMZN.US,D,20180716,000000,110.55,110.58,105.54,107.40,6799997,0
AMZN.US,D,20180716,000000,106.80,107.59,101.04,102.03,4444991,0
AMZN.US,D,20180716,000000,100.71,105.03,99.82,103.34,7327663,0
AMZN.US,D,20180717,000000,103.64,107.90,101.86,106.37,7441646,0
AMZN.US,D,20180718,000000,105.01,105.02,102.97,103.61,5193473,0
AMZN.US,D,20180719,000000,102.16,103.85,102.00,103.12,5728010,0
AMZN.US,D,20180720,000000,103.64,105.89,103.19,105.24,8899461,0
AMZN.US,D,20180723,000000,105.33,106.51,103.47,103.89,3627891,0
AMZN.US,D,20180723,000000,102.96,103.23,102.64,102.96,7089216,0
AMZN.US,D,20180723,000000,101.73,103.13,101.23,102.81,7040837,0
AMZN.US,D,20180724,000000,102.50,104.63,96.20,97.30,8254856,0
AMZN.US,D,20180725,000000,96.81,99.96,95.84,99.63,4235014,0
AMZN.US,D,20180726,000000,100.01,103.43,98.98,103.15,5178246,0
AMZN.US,D,20180727,000000,103.12,103.27,101.75,102.14,8164306,0
AMZN.US,D,20180730,000000,101.73,103.29,95.26,97.08,7400605,0
AMZN.US,D,20180730,000000,98.70,99.53,98.64,99.34,7820678,0
AMZN.US,D,20180730,000000,98.38,100.12,98.34,100.03,6308235,0
AMZN.US,D,20180731,000000,101.19,101.27,98.70,99.65,8973820,0
AMZN.US,D,20180801,000000,99.97,102.28,99.44,101.12,5577536,0
AMZN.US,D,20180802,000000,101.30,103.70,97.75,97.77,6938022,0
AMZN.US,D,20180803,000000,97.09,98.08,95.51,95.88,6189723,0
AMZN.US,D,20180806,000000,95.43,99.81,95.15,99.73,5833852,0
AMZN.US,D,20180806,000000,99.97,100.11,98.35,99.07,3750471,0
AMZN.US,D,20180806,000000,99.63,99.72,98.51,98.76,8677566,0
AMZN.US,D,20180807,000000,98.96,100.64,98.09,99.74,3111651,0
AMZN.US,D,20180808,000000,100.08,100.51,92.63,94.53,6756942,0
AMZN.US,D,20180809,000000,95.21,101.44,94.80,100.61,5025335,0
AMZN.US,D,20180810,000000,101.45,101.59,97.47,98.12,4665314,0
AMZN.US,D,20180813,000000,98.60,99.17,90.25,93.21,3575486,0
AMZN.US,D,20180813,000000,93.69,94.05,93.62,93.78,5481212,0
AMZN.US,D,20180813,000000,95.67,96.11,94.27,94.66,4793097,0
AMZN.US,D,20180814,000000,93.57,94.06,86.84,87.75,8744907,0
AMZN.US,D,20180815,000000,87.47,87.69,84.39,84.46,6857713,0
AMZN.US,D,20180816,000000,84.12,85.92,83.48,84.83,7692801,0
AMZN.US,D,20180817,000000,84.75,85.81,84.42,85.76,4801898,0
AMZN.US,D,20180820,000000,85.89,86.02,85.09,85.23,3229943,0
AMZN.US,D,20180820,000000,84.95,95.04,84.07,90.18,4785921,0
AMZN.US,D,20180820,000000,89.22,89.71,86.55,87.11,6732005,0
AMZN.US,D,20180821,000000,87.31,88.15,82.71,84.05,4641982,0
AMZN.US,D,20180822,000000,84.91,84.99,83.35,83.75,5288227,0
AMZN.US,D,20180823,000000,83.54,95.51,83.03,90.81,3162310,0
AMZN.US,D,20180824,000000,91.21,91.68,90.29,91.01,4972450,0
AMZN.US,D,20180827,000000,89.96,97.82,86.41,97.56,6954375,0
AMZN.US,D,20180827,000000,97.87,98.86,92.59,94.32,4149629,0
AMZN.US,D,20180827,000000,93.29,97.29,92.77,96.82,6199602,0
AMZN.US,D,20180828,000000,98.40,98.51,97.21,97.64,6962019,0
AMZN.US,D,20180829,000000,96.96,97.13,96.13,96.19,8079431,0
AMZN.US,D,20180830,000000,96.70,99.55,96.65,98.77,6300269,0
AMZN.US,D,20180831,000000,99.82,102.37,99.38,102.26,8674553,0
AMZN.US,D,20180903,000000,102.04,116.81,99.55,112.64,3046768,0
AMZN.US,D,20180903,000000,114.23,117.89,107.25,108.12,3695790,0
AMZN.US,D,20180903,000000,107.73,111.29,107.43,110.84,7701295,0
AMZN.US,D,20180904,000000,110.98,114.32,110.61,112.76,8404135,0
AMZN.US,D,20180905,000000,114.14,114.74,110.01,110.08,7288115,0
AMZN.US,D,20180906,000000,110.86,111.21,107.54,108.07,3050599,0
AMZN.US,D,20180907,000000,107.20,107.47,107.08,107.22,3161412,0
AMZN.US,D,20180910,000000,106.75,108.76,106.58,107.99,7964492,0
AMZN.US,D,20180910,000000,109.29,113.29,108.01,112.40,3708169,0
AMZN.US,D,20180910,000000,112.71,123.72,111.92,121.97,5845090,0
AMZN.US,D,20180911,000000,120.78,122.45,120.65,122.44,8977861,0
AMZN.US,D,20180912,000000,122.61,122.67,121.60,121.78,6054811,0
AMZN.US,D,20180913,000000,120.63,121.66,115.76,117.07,6305359,0
AMZN.US,D,20180914,000000,120.50,120.56,116.31,118.33,3940257,0
AMZN.US,D,20180917,000000,119.83,119.98,118.72,118.83,7998817,0
AMZN.US,D,20180917,000000,120.13,121.64,108.40,110.64,6877941,0
AMZN.US,D,20180917,000000,112.79,118.65,110.99,115.30,5030953,0
AMZN.US,D,20180918,000000,116.95,120.38,116.29,119.12,5881334,0
AMZN.US,D,20180919,000000,120.52,122.10,114.63,116.01,5364962,0
AMZN.US,D,20180920,000000,113.83,123.13,112.61,122.95,6492826,0
AMZN.US,D,20180921,000000,121.31,125.27,113.47,116.90,5575596,0
AMZN.US,D,20180924,000000,114.80,115.35,109.87,111.34,6004935,0
AMZN.US,D,20180924,000000,110.83,111.13,109.25,109.46,5903466,0
AMZN.US,D,20180924,000000,109.99,116.50,109.62,112.78,7116712,0
AMZN.US,D,20180925,000000,112.50,114.17,110.59,110.76,8531044,0
AMZN.US,D,20180926,000000,111.33,112.48,106.94,106.98,8907701,0
AMZN.US,D,20180927,000000,108.89,110.49,99.76,101.35,4126416,0
AMZN.US,D,20180928,000000,101.38,107.71,100.28,107.08,8608378,0
AMZN.US,D,20181001,000000,109.47,111.17,109.21,110.74,5555243,0
AMZN.US,D,20181001,000000,111.20,111.63,109.53,109.57,3944059,0
AMZN.US,D,20181001,000000,108.74,110.99,108.22,110.44,4997500,0
AMZN.US,D,20181002,000000,109.50,110.52,106.36,107.14,3995445,0
AMZN.US,D,20181003,000000,105.98,107.65,96.66,98.55,3701491,0
AMZN.US,D,20181004,000000,100.61,101.13,98.70,99.11,6331418,0
AMZN.US,D,20181005,000000,98.73,98.96,97.74,98.59,4401930,0
AMZN.US,D,20181008,000000,100.19,101.66,97.46,98.09,3329232,0
AMZN.US,D,20181008,000000,97.37,98.01,97.35,97.63,4024207,0
AMZN.US,D,20181008,000000,96.88,97.09,93.36,93.58,7730149,0
AMZN.US,D,20181009,000000,92.23,92.83,89.06,89.86,8263887,0
AMZN.US,D,20181010,000000,89.22,89.22,89.14,89.18,6340276,0
AMZN.US,D,20181011,000000,86.87,90.95,86.70,89.81,3152203,0
AMZN.US,D,20181012,000000,89.72,90.21,87.75,88.66,8263159,0
AMZN.US,D,20181015,000000,87.84,88.08,85.80,86.58,5462701,0
AMZN.US,D,20181015,000000,86.11,88.83,85.94,88.79,6546479,0
AMZN.US,D,20181015,000000,87.33,92.07,86.77,91.47,7834837,0
AMZN.US,D,20181016,000000,91.48,98.17,89.23,98.04,4243462,0
AMZN.US,D,20181017,000000,97.05,102.45,96.43,98.96,3954677,0
AMZN.US,D,20181018,000000,98.30,104.45,97.89,102.29,7315317,0
AMZN.US,D,20181019,000000,101.24,101.49,95.76,97.64,7356310,0
AMZN.US,D,20181022,000000,99.15,100.80,92.06,92.80,5996716,0
AMZN.US,D,20181022,000000,91.24,99.92,91.20,97.47,4259972,0
AMZN.US,D,20181022,000000,99.08,100.19,90.53,91.78,6612494,0
AMZN.US,D,20181023,000000,90.42,94.89,89.98,93.79,4811112,0
AMZN.US,D,20181024,000000,93.99,95.32,93.53,95.05,5316228,0
AMZN.US,D,20181025,000000,93.71,96.64,93.50,96.06,6801882,0
AMZN.US,D,20181026,000000,95.82,98.65,95.12,97.35,3216909,0
AMZN.US,D,20181029,000000,97.44,97.91,93.64,95.35,3953560,0
AMZN.US,D,20181029,000000,95.31,99.09,84.33,90.47,4034454,0
AMZN.US,D,20181029,000000,89.91,90.66,88.32,88.39,7300946,0
AMZN.US,D,20181030,000000,87.97,93.70,87.89,92.39,5067977,0
AMZN.US,D,20181031,000000,93.04,93.95,92.15,93.95,4955493,0
AMZN.US,D,20181101,000000,93.84,94.12,90.60,91.33,4572525,0
AMZN.US,D,20181102,000000,91.30,95.25,90.51,93.56,4599956,0
AMZN.US,D,20181105,000000,93.74,104.84,93.33,103.36,8743003,0
AMZN.US,D,20181105,000000,104.96,105.07,99.43,100.50,5927339,0
AMZN.US,D,20181105,000000,99.40,99.48,99.38,99.38,7359837,0
AMZN.US,D,20181106,000000,99.29,99.31,96.91,98.38,8882301,0
AMZN.US,D,20181107,000000,98.13,107.52,96.46,104.23,3378029,0
AMZN.US,D,20181108,000000,106.11,106.11,99.39,100.67,8856233,0
AMZN.US,D,20181109,000000,100.04,105.54,98.15,103.85,5493678,0
AMZN.US,D,20181112,000000,105.23,106.24,100.96,101.46,3272625,0
AMZN.US,D,20181112,000000,102.13,105.65,102.11,105.64,7832357,0
AMZN.US,D,20181112,000000,106.72,113.16,106.69,111.03,6756795,0
AMZN.US,D,20181113,000000,112.30,114.66,112.10,113.87,3198457,0
AMZN.US,D,20181114,000000,114.38,125.48,111.21,124.99,4181570,0
AMZN.US,D,20181115,000000,122.27,125.83,121.68,125.80,4169133,0
AMZN.US,D,20181116,000000,122.97,124.61,115.90,117.96,7521412,0
AMZN.US,D,20181119,000000,120.42,123.88,111.24,111.61,3263883,0
AMZN.US,D,20181119,000000,109.73,116.97,107.84,113.72,3529071,0
AMZN.US,D,20181119,000000,112.44,113.83,110.04,112.72,4446613,0
AMZN.US,D,20181120,000000,114.02,127.83,113.21,122.52,5654866,0
AMZN.US,D,20181121,000000,118.82,123.46,96.38,107.78,4738079,0
AMZN.US,D,20181122,000000,106.17,113.50,105.70,109.96,5841414,0
AMZN.US,D,20181123,000000,107.12,107.30,101.82,102.77,5254211,0
AMZN.US,D,20181126,000000,103.82,104.41,85.59,85.63,4073114,0
AMZN.US,D,20181126,000000,86.33,86.88,79.83,82.62,6042733,0
AMZN.US,D,20181126,000000,81.82,89.60,79.66,89.48,8691772,0
AMZN.US,D,20181127,000000,86.66,97.49,84.81,94.17,7594862,0
AMZN.US,D,20181128,000000,92.89,94.12,86.17,89.50,7617970,0
AMZN.US,D,20181129,000000,88.34,88.40,86.57,87.41,7436358,0
AMZN.US,D,20181130,000000,87.87,87.90,85.36,86.20,3325721,0
AMZN.US,D,20181203,000000,86.41,92.59,85.45,91.58,6929238,0
AMZN.US,D,20181203,000000,93.37,93.73,86.51,91.09,4280405,0
AMZN.US,D,20181203,000000,91.18,91.94,87.70,88.42,8645628,0
AMZN.US,D,20181204,000000,88.74,99.51,87.35,96.00,4654963,0
AMZN.US,D,20181205,000000,94.46,103.47,92.63,101.80,3986155,0
AMZN.US,D,20181206,000000,102.26,102.41,85.09,90.05,7220257,0
AMZN.US,D,20181207,000000,89.99,90.10,79.65,83.79,5638304,0
AMZN.US,D,20181210,000000,84.55,89.81,77.18,80.10,6841061,0
AMZN.US,D,20181210,000000,79.83,82.08,79.65,80.85,7781522,0
AMZN.US,D,20181210,000000,80.61,80.74,72.94,74.12,3473897,0
AMZN.US,D,20181211,000000,71.33,71.48,70.77,70.78,7968103,0
AMZN.US,D,20181212,000000,69.57,72.08,69.05,72.04,5315470,0
AMZN.US,D,20181213,000000,73.11,73.86,66.44,68.21,3076451,0
AMZN.US,D,20181214,000000,70.67,70.79,70.48,70.71,8951161,0
AMZN.US,D,20181217,000000,69.63,70.27,64.05,64.71,5811830,0
AMZN.US,D,20181217,000000,65.64,65.79,62.09,62.35,11161057,0
AMZN.US,D,20181217,000000,59.22,61.10,59.03,60.59,13625666,0
AMZN.US,D,20181218,000000,61.81,62.77,56.44,57.37,9293179,0
AMZN.US,D,20181219,000000,57.46,57.59,52.42,54.69,14503179,0
AMZN.US,D,20181220,000000,56.20,57.89,50.50,51.67,18431394,0
AMZN.US,D,20181221,000000,50.74,51.04,48.90,49.28,25752468,0
AMZN.US,D,20181224,000000,50.08,50.11,45.79,46.82,13575441,0
AMZN.US,D,20181224,000000,46.65,46.93,42.85,44.13,28987993,0
AMZN.US,D,20181224,000000,44.27,45.66,41.02,41.43,21650969,0
AMZN.US,D,20181225,000000,39.73,40.11,38.53,38.96,21832093,0
AMZN.US,D,20181226,000000,38.91,39.07,36.10,37.07,31239445,0
AMZN.US,D,20181227,000000,37.26,37.28,33.37,34.26,31560393,0
AMZN.US,D,20181228,000000,35.06,35.36,30.18,31.29,22667557,0
AMZN.US,D,20181231,000000,31.54,31.78,30.23,31.21,5173173,0
AMZN.US,D,20181231,000000,30.99,31.89,30.84,31.24,6521442,0
AMZN.US,D,20181231,000000,31.11,32.48,30.79,32.31,6795797,0
AMZN.US,D,20190101,000000,33.59,34.08,29.95,31.48,5938339,0
AMZN.US,D,20190102,000000,30.73,32.92,30.33,32.88,5536092,0
AMZN.US,D,20190103,000000,33.38,33.54,32.11,32.44,5041872,0
AMZN.US,D,20190104,000000,32.32,32.37,31.63,32.08,5080619,0
AMZN.US,D,20190107,000000,31.54,31.90,31.46,31.88,6013450,0
AMZN.US,D,20190107,000000,32.03,32.09,31.99,32.01,5833379,0
AMZN.US,D,20190107,000000,33.12,34.10,30.89,31.09,3804939,0
AMZN.US,D,20190108,000000,31.56,31.90,31.51,31.85,7634579,0
AMZN.US,D,20190109,000000,32.02,32.25,30.70,31.14,6569249,0
AMZN.US,D,20190110,000000,30.94,33.56,30.47,33.15,5602923,0
AMZN.US,D,20190111,000000,33.48,38.26,32.98,37.17,7171775,0
AMZN.US,D,20190114,000000,36.47,37.15,36.42,36.98,4714044,0
AMZN.US,D,20190114,000000,36.64,38.44,36.18,38.43,6973978,0
AMZN.US,D,20190114,000000,38.22,38.58,36.07,36.52,6448210,0
AMZN.US,D,20190115,000000,36.39,37.25,36.13,37.00,4965339,0
AMZN.US,D,20190116,000000,36.02,36.60,33.40,33.66,5210988,0
AMZN.US,D,20190117,000000,33.69,34.63,33.48,34.11,5708958,0
AMZN.US,D,20190118,000000,34.25,35.42,34.08,35.22,7662246,0
AMZN.US,D,20190121,000000,35.67,37.91,29.76,31.63,7324528,0
AMZN.US,D,20190121,000000,31.07,34.84,30.94,34.06,8724434,0
AMZN.US,D,20190121,000000,34.50,34.89,32.80,33.16,8448869,0
AMZN.US,D,20190122,000000,33.45,33.46,30.49,30.71,3390902,0
AMZN.US,D,20190123,000000,30.87,31.24,30.72,31.18,4134793,0
AMZN.US,D,20190124,000000,31.51,32.49,31.37,31.84,6973791,0
AMZN.US,D,20190125,000000,32.36,32.79,30.98,31.41,7293744,0
AMZN.US,D,20190128,000000,31.83,31.97,29.34,30.02,8887887,0
AMZN.US,D,20190128,000000,30.43,30.80,29.41,29.64,8555105,0
AMZN.US,D,20190128,000000,29.88,30.01,28.52,28.81,6524748,0
AMZN.US,D,20190129,000000,29.12,29.35,28.21,28.23,4200045,0
AMZN.US,D,20190130,000000,28.48,28.49,28.27,28.34,4849828,0
AMZN.US,D,20190131,000000,28.52,28.55,27.09,27.13,7242611,0
AMZN.US,D,20190201,000000,26.85,26.89,26.50,26.50,5923239,0
AMZN.US,D,20190204,000000,26.16,26.86,26.09,26.54,8189339,0
AMZN.US,D,20190204,000000,26.88,26.97,26.88,26.94,4599716,0
AMZN.US,D,20190204,000000,27.26,27.40,27.22,27.27,8408880,0
AMZN.US,D,20190205,000000,27.30,29.01,26.97,28.43,6370010,0
AMZN.US,D,20190206,000000,28.27,29.58,28.12,29.49,5086502,0
AMZN.US,D,20190207,000000,29.59,29.77,27.32,28.31,3223877,0
AMZN.US,D,20190208,000000,28.72,28.98,27.81,27.97,8848856,0
AMZN.US,D,20190211,000000,28.05,28.36,27.82,28.35,6387383,0
AMZN.US,D,20190211,000000,28.37,28.64,25.87,26.66,6643684,0
AMZN.US,D,20190211,000000,26.63,26.80,26.01,26.17,5908671,0
AMZN.US,D,20190212,000000,26.05,26.44,26.04,26.30,5718689,0
AMZN.US,D,20190213,000000,26.41,28.11,26.22,27.65,4423496,0
AMZN.US,D,20190214,000000,27.41,27.50,26.63,26.67,8330581,0
AMZN.US,D,20190215,000000,26.87,27.03,25.85,26.24,8419509,0
AMZN.US,D,20190218,000000,26.36,27.40,26.07,27.11,4904098,0
AMZN.US,D,20190218,000000,27.07,27.18,26.51,26.57,8340713,0
AMZN.US,D,20190218,000000,26.52,28.11,26.23,27.54,7138314,0
AMZN.US,D,20190219,000000,27.84,28.45,27.56,28.16,5246313,0
AMZN.US,D,20190220,000000,27.62,27.72,25.94,26.48,6851028,0
AMZN.US,D,20190221,000000,26.22,26.56,25.09,25.36,4608468,0
AMZN.US,D,20190222,000000,25.08,25.33,24.63,24.76,6803156,0
AMZN.US,D,20190225,000000,24.64,25.36,24.58,25.04,6239283,0
AMZN.US,D,20190225,000000,25.22,25.28,23.69,24.40,8924179,0
AMZN.US,D,20190225,000000,24.11,24.24,24.06,24.20,4007413,0
AMZN.US,D,20190226,000000,24.45,24.51,24.08,24.22,5523136,0
AMZN.US,D,20190227,000000,23.53,23.73,22.08,22.26,8953329,0
AMZN.US,D,20190228,000000,22.27,23.33,22.21,23.16,6617387,0
AMZN.US,D,20190301,000000,23.24,23.77,23.11,23.67,7355571,0
AMZN.US,D,20190304,000000,23.87,24.84,23.69,24.45,6813810,0
AMZN.US,D,20190304,000000,24.13,25.66,23.93,25.09,5827110,0
AMZN.US,D,20190304,000000,25.25,28.26,24.53,27.69,4638320,0
AMZN.US,D,20190305,000000,27.84,28.03,26.03,26.33,8440435,0
AMZN.US,D,20190306,000000,26.21,27.66,26.06,27.34,4980911,0
AMZN.US,D,20190307,000000,27.49,27.52,26.95,27.02,6372566,0
AMZN.US,D,20190308,000000,26.06,26.28,25.79,25.95,4079784,0
AMZN.US,D,20190311,000000,25.67,25.79,25.44,25.45,8150393,0
AMZN.US,D,20190311,000000,26.03,26.15,24.42,24.73,6705515,0
AMZN.US,D,20190311,000000,24.94,25.13,24.88,24.98,4936692,0
AMZN.US,D,20190312,000000,25.27,25.31,24.59,24.76,6896930,0
AMZN.US,D,20190313,000000,24.85,24.92,24.05,24.29,4423751,0
AMZN.US,D,20190314,000000,23.73,24.59,23.52,24.40,5172635,0
AMZN.US,D,20190315,000000,24.19,24.26,23.74,23.84,4949671,0
AMZN.US,D,20190318,000000,23.75,25.43,23.04,25.31,4149701,0
AMZN.US,D,20190318,000000,25.13,26.67,25.09,26.27,5940548,0
AMZN.US,D,20190318,000000,25.97,26.52,25.88,26.41,7739151,0
AMZN.US,D,20190319,000000,26.93,27.21,26.31,26.39,4716343,0
AMZN.US,D,20190320,000000,26.46,26.88,26.38,26.83,7836795,0
AMZN.US,D,20190321,000000,27.24,27.75,26.77,27.44,6143829,0
AMZN.US,D,20190322,000000,27.65,27.77,26.88,27.11,5001155,0
AMZN.US,D,20190325,000000,27.99,28.08,26.89,27.53,5644361,0
AMZN.US,D,20190325,000000,27.09,27.14,26.61,26.71,8041675,0
AMZN.US,D,20190325,000000,26.19,26.56,24.59,24.93,3059556,0
AMZN.US,D,20190326,000000,24.90,27.35,24.62,26.78,3743286,0
AMZN.US,D,20190327,000000,26.82,30.19,25.80,29.49,8049714,0
AMZN.US,D,20190328,000000,29.67,32.68,29.35,31.49,7160334,0
AMZN.US,D,20190329,000000,30.99,31.00,29.84,30.36,8395138,0
AMZN.US,D,20190401,000000,30.58,32.33,30.37,32.29,3917699,0
AMZN.US,D,20190401,000000,32.46,32.97,31.45,31.64,7836621,0
AMZN.US,D,20190401,000000,32.31,33.23,29.09,29.81,6048902,0
AMZN.US,D,20190402,000000,30.04,30.51,27.31,27.85,3247001,0
AMZN.US,D,20190403,000000,27.88,27.97,27.86,27.96,4638204,0
AMZN.US,D,20190404,000000,28.02,28.08,25.71,25.88,8789107,0
AMZN.US,D,20190405,000000,26.12,26.28,25.46,25.63,7672810,0
AMZN.US,D,20190408,000000,25.42,25.50,24.53,25.02,3637879,0
AMZN.US,D,20190408,000000,24.98,28.07,24.07,27.09,6266313,0
AMZN.US,D,20190408,000000,27.29,27.40,26.26,26.40,4571444,0
AMZN.US,D,20190409,000000,26.29,27.52,26.25,26.45,5062422,0
AMZN.US,D,20190410,000000,25.67,25.77,25.28,25.62,8333663,0
AMZN.US,D,20190411,000000,26.04,26.45,25.94,26.19,7699901,0
AMZN.US,D,20190412,000000,26.39,27.03,26.17,26.80,7710636,0
AMZN.US,D,20190415,000000,26.79,27.97,26.57,27.70,6113413,0
AMZN.US,D,20190415,000000,27.86,27.92,27.04,27.27,5039353,0
AMZN.US,D,20190415,000000,26.57,27.13,24.38,25.00,7349860,0
AMZN.US,D,20190416,000000,24.61,26.92,24.49,26.50,7581598,0
AMZN.US,D,20190417,000000,26.07,26.82,25.76,26.77,7103074,0
AMZN.US,D,20190418,000000,26.60,27.68,26.46,27.31,4908246,0
AMZN.US,D,20190419,000000,26.66,26.74,26.53,26.58,5846449,0
AMZN.US,D,20190422,000000,26.59,27.21,23.40,23.62,5734268,0
AMZN.US,D,20190422,000000,23.82,26.70,23.32,26.24,7372600,0
AMZN.US,D,20190422,000000,26.10,26.11,24.77,25.53,8193631,0
AMZN.US,D,20190423,000000,26.07,26.39,25.08,25.60,7355390,0
AMZN.US,D,20190424,000000,25.17,26.31,23.52,24.32,6705900,0
AMZN.US,D,20190425,000000,24.21,24.45,24.17,24.39,7127078,0
AMZN.US,D,20190426,000000,25.10,25.51,22.80,23.04,5959915,0
AMZN.US,D,20190429,000000,23.06,24.88,23.00,24.75,6898014,0
AMZN.US,D,20190429,000000,25.14,25.45,25.00,25.39,6024515,0
AMZN.US,D,20190429,000000,24.98,29.49,23.16,27.86,4406150,0
AMZN.US,D,20190430,000000,27.91,29.90,27.33,29.78,3442758,0
AMZN.US,D,20190501,000000,29.51,31.50,28.95,31.01,7229219,0
AMZN.US,D,20190502,000000,30.94,32.17,28.22,28.83,6685935,0
AMZN.US,D,20190503,000000,27.96,29.28,27.58,28.84,7751297,0
AMZN.US,D,20190506,000000,28.96,33.55,27.04,32.43,7293297,0
AMZN.US,D,20190506,000000,32.92,33.11,30.90,31.04,6528758,0
AMZN.US,D,20190506,000000,30.53,31.22,28.72,29.41,8346948,0
AMZN.US,D,20190507,000000,29.52,29.60,28.67,28.74,3295202,0
AMZN.US,D,20190508,000000,29.14,29.29,28.07,28.60,6307674,0
AMZN.US,D,20190509,000000,29.79,31.77,24.42,24.70,6130518,0
AMZN.US,D,20190510,000000,24.28,26.02,24.20,25.31,5275210,0
AMZN.US,D,20190513,000000,24.79,25.01,24.15,24.64,3569927,0
AMZN.US,D,20190513,000000,24.84,24.85,23.89,24.07,5775438,0
AMZN.US,D,20190513,000000,24.11,24.37,23.89,24.28,5627229,0
AMZN.US,D,20190514,000000,23.99,29.89,23.80,26.75,8434161,0
AMZN.US,D,20190515,000000,26.17,29.53,25.70,27.72,6746793,0
AMZN.US,D,20190516,000000,28.06,28.34,27.76,27.78,6652759,0
AMZN.US,D,20190517,000000,27.72,28.54,27.46,28.46,6492983,0
AMZN.US,D,20190520,000000,27.26,30.61,27.25,29.79,7498483,0
AMZN.US,D,20190520,000000,29.85,32.67,28.62,31.66,4401739,0
AMZN.US,D,20190520,000000,32.14,32.89,28.63,30.19,8456248,0
AMZN.US,D,20190521,000000,30.77,31.62,30.72,31.40,8447870,0
AMZN.US,D,20190522,000000,30.96,31.28,30.77,31.07,7599264,0
AMZN.US,D,20190523,000000,31.56,31.74,26.77,27.66,8734619,0
AMZN.US,D,20190524,000000,26.60,26.68,26.30,26.51,5813153,0
AMZN.US,D,20190527,000000,26.21,27.30,25.70,27.11,8072977,0
AMZN.US,D,20190527,000000,26.72,30.12,26.56,28.85,3064310,0
AMZN.US,D,20190527,000000,29.46,30.06,26.44,27.91,7371883,0
AMZN.US,D,20190528,000000,27.63,30.91,27.55,29.23,7628496,0
AMZN.US,D,20190529,000000,28.73,31.06,28.13,29.89,3782670,0
AMZN.US,D,20190530,000000,29.58,32.21,29.47,31.46,3603974,0
AMZN.US,D,20190531,000000,30.48,30.69,29.04,29.45,4844555,0
AMZN.US,D,20190603,000000,29.90,30.04,26.36,26.66,8452361,0
AMZN.US,D,20190603,000000,27.41,32.70,26.84,30.22,7979877,0
AMZN.US,D,20190603,000000,31.18,31.94,24.97,26.37,7663281,0
AMZN.US,D,20190604,000000,25.22,25.62,23.97,24.45,5572744,0
AMZN.US,D,20190605,000000,23.75,23.75,21.51,21.72,6669810,0
AMZN.US,D,20190606,000000,21.98,22.61,18.99,19.78,6696214,0
AMZN.US,D,20190607,000000,19.81,21.94,19.45,21.55,4648071,0
AMZN.US,D,20190610,000000,21.57,21.78,21.25,21.69,7600805,0
AMZN.US,D,20190610,000000,21.56,21.98,21.44,21.58,5206517,0
AMZN.US,D,20190610,000000,21.94,22.10,19.85,20.78,4861766,0
AMZN.US,D,20190611,000000,20.48,20.49,20.35,20.35,7068036,0
AMZN.US,D,20190612,000000,20.18,20.57,17.75,18.43,5525959,0
AMZN.US,D,20190613,000000,18.33,18.45,17.31,17.64,3002014,0
AMZN.US,D,20190614,000000,17.61,18.67,17.06,18.19,6393161,0
AMZN.US,D,20190617,000000,18.16,21.59,18.11,19.47,4188628,0
AMZN.US,D,20190617,000000,19.77,20.03,19.71,19.98,7673304,0
AMZN.US,D,20190617,000000,20.90,21.11,19.27,19.64,6745853,0
AMZN.US,D,20190618,000000,19.09,21.30,18.21,20.79,8064175,0
AMZN.US,D,20190619,000000,21.26,21.70,21.24,21.68,4252942,0
AMZN.US,D,20190620,000000,22.03,22.50,21.11,21.34,8212066,0
AMZN.US,D,20190621,000000,21.36,23.33,20.86,23.16,7808942,0
AMZN.US,D,20190624,000000,22.12,23.75,21.83,23.56,6583362,0
AMZN.US,D,20190624,000000,23.75,23.78,23.40,23.40,7042720,0
AMZN.US,D,20190624,000000,23.38,24.36,23.36,24.13,5843659,0
AMZN.US,D,20190625,000000,24.92,24.93,24.61,24.76,7636781,0
AMZN.US,D,20190626,000000,24.87,24.97,24.27,24.44,6383417,0
AMZN.US,D,20190627,000000,23.91,24.46,23.82,24.33,6621064,0
AMZN.US,D,20190628,000000,24.77,27.30,24.55,26.75,4289135,0
AMZN.US,D,20190701,000000,27.10,30.86,27.02,29.55,8511440,0
AMZN.US,D,20190701,000000,30.09,30.22,28.75,28.86,4713635,0
AMZN.US,D,20190701,000000,28.71,29.69,28.60,29.40,6482680,0
AMZN.US,D,20190702,000000,29.77,29.81,29.44,29.68,8195779,0
AMZN.US,D,20190703,000000,30.35,30.59,28.17,28.24,6872218,0
AMZN.US,D,20190704,000000,28.51,28.60,28.35,28.53,6153541,0
AMZN.US,D,20190705,000000,27.76,29.04,23.25,24.25,7667001,0
AMZN.US,D,20190708,000000,24.85,24.86,24.06,24.62,3760648,0
AMZN.US,D,20190708,000000,24.51,24.54,23.88,24.13,3312843,0
AMZN.US,D,20190708,000000,24.41,25.25,24.31,24.97,6196199,0
AMZN.US,D,20190709,000000,24.61,24.81,22.64,23.10,3932130,0
AMZN.US,D,20190710,000000,22.88,23.77,22.73,23.42,3400448,0
AMZN.US,D,20190711,000000,23.80,23.89,22.51,22.99,5221660,0
AMZN.US,D,20190712,000000,22.11,24.03,21.71,23.43,7484928,0
AMZN.US,D,20190715,000000,23.53,25.25,23.07,24.84,8106054,0
AMZN.US,D,20190715,000000,25.26,25.57,25.25,25.50,4855815,0
AMZN.US,D,20190715,000000,24.63,25.31,23.43,23.43,5449384,0
AMZN.US,D,20190716,000000,23.60,24.04,23.51,23.61,3290166,0
AMZN.US,D,20190717,000000,23.88,24.41,23.85,24.37,4187472,0
AMZN.US,D,20190718,000000,23.79,24.83,23.47,24.70,3634129,0
AMZN.US,D,20190719,000000,24.86,24.88,24.72,24.80,8647076,0
AMZN.US,D,20190722,000000,24.14,26.03,23.96,25.85,3714079,0
AMZN.US,D,20190722,000000,25.46,26.23,25.17,25.93,3593886,0
AMZN.US,D,20190722,000000,26.20,28.06,25.80,27.74,4849377,0
AMZN.US,D,20190723,000000,27.49,29.80,26.54,28.93,5197324,0
AMZN.US,D,20190724,000000,28.90,32.98,28.38,31.85,6617102,0
AMZN.US,D,20190725,000000,31.94,32.08,29.28,29.97,7240983,0
AMZN.US,D,20190726,000000,30.13,30.39,29.10,29.31,5314389,0
AMZN.US,D,20190729,000000,28.74,29.92,28.47,29.66,4921470,0
AMZN.US,D,20190729,000000,29.60,29.90,27.52,28.78,8701565,0
AMZN.US,D,20190729,000000,29.40,30.96,29.19,30.12,8920521,0
AMZN.US,D,20190730,000000,30.79,30.80,30.79,30.79,8377398,0
AMZN.US,D,20190731,000000,30.94,30.99,30.37,30.50,7889025,0
AMZN.US,D,20190801,000000,31.03,31.26,29.18,29.87,7736206,0
AMZN.US,D,20190802,000000,30.69,30.87,30.05,30.65,7811064,0
AMZN.US,D,20190805,000000,30.48,30.65,29.01,29.74,7517632,0
AMZN.US,D,20190805,000000,30.16,30.45,27.48,27.57,5793388,0
AMZN.US,D,20190805,000000,27.52,27.57,26.78,27.04,6934395,0
AMZN.US,D,20190806,000000,26.64,27.37,26.22,27.10,6496062,0
AMZN.US,D,20190807,000000,26.93,27.22,25.08,25.28,3545818,0
AMZN.US,D,20190808,000000,24.88,25.04,24.81,24.90,8985595,0
AMZN.US,D,20190809,000000,24.12,24.14,23.29,23.69,7643093,0
AMZN.US,D,20190812,000000,24.15,24.30,22.22,22.71,8434506,0
AMZN.US,D,20190812,000000,22.93,23.63,21.87,22.33,4597472,0
AMZN.US,D,20190812,000000,22.18,23.31,21.61,23.22,6968823,0
AMZN.US,D,20190813,000000,22.88,23.56,21.74,22.02,3068738,0
AMZN.US,D,20190814,000000,22.13,22.14,22.00,22.03,8232579,0
AMZN.US,D,20190815,000000,21.77,22.28,21.64,22.08,4920105,0
AMZN.US,D,20190816,000000,22.44,22.48,21.86,22.15,8924361,0
AMZN.US,D,20190819,000000,22.39,22.46,21.21,21.48,6945691,0
AMZN.US,D,20190819,000000,21.76,21.78,20.26,20.67,4561427,0
AMZN.US,D,20190819,000000,20.76,20.87,19.04,19.20,7498835,0
AMZN.US,D,20190820,000000,18.84,19.28,18.78,19.27,8668101,0
AMZN.US,D,20190821,000000,19.38,19.72,18.94,19.02,7603857,0
AMZN.US,D,20190822,000000,18.83,19.08,18.52,18.82,7313024,0
AMZN.US,D,20190823,000000,18.97,19.40,17.74,17.94,3657427,0
AMZN.US,D,20190826,000000,17.87,18.29,17.79,18.27,3364145,0
AMZN.US,D,20190826,000000,17.76,17.78,17.20,17.22,6522813,0
AMZN.US,D,20190826,000000,17.22,18.99,17.21,18.87,8425879,0
AMZN.US,D,20190827,000000,18.75,19.17,15.50,17.08,5213909,0
AMZN.US,D,20190828,000000,17.40,17.98,17.28,17.87,8638934,0
AMZN.US,D,20190829,000000,17.83,18.44,17.75,18.28,5408379,0
AMZN.US,D,20190830,000000,18.31,18.40,17.60,17.67,4284819,0
AMZN.US,D,20190902,000000,17.58,18.16,17.57,18.06,4032002,0
AMZN.US,D,20190902,000000,17.78,18.38,17.75,18.21,6778358,0
AMZN.US,D,20190902,000000,18.15,19.42,18.05,18.98,7011988,0
AMZN.US,D,20190903,000000,19.23,19.67,17.45,17.70,6858127,0
AMZN.US,D,20190904,000000,17.65,19.24,17.14,19.11,3812637,0
AMZN.US,D,20190905,000000,18.90,19.16,18.17,18.29,3997036,0
AMZN.US,D,20190906,000000,18.26,18.92,18.23,18.67,5347753,0
AMZN.US,D,20190909,000000,18.44,19.70,18.34,19.44,7705007,0
AMZN.US,D,20190909,000000,19.73,19.74,18.82,19.26,5798727,0
AMZN.US,D,20190909,000000,19.20,19.33,18.02,18.31,4528263,0
AMZN.US,D,20190910,000000,18.14,18.34,17.77,17.81,6761549,0
AMZN.US,D,20190911,000000,17.64,17.97,17.61,17.90,7698493,0
AMZN.US,D,20190912,000000,17.98,18.44,17.88,18.26,7930907,0
AMZN.US,D,20190913,000000,17.97,17.97,17.51,17.51,7805567,0
AMZN.US,D,20190916,000000,18.02,18.09,17.39,17.45,7494865,0
AMZN.US,D,20190916,000000,17.36,17.37,17.18,17.23,7730771,0
AMZN.US,D,20190916,000000,17.23,17.57,17.15,17.33,8542845,0
AMZN.US,D,20190917,000000,16.91,16.94,16.27,16.56,6519492,0
AMZN.US,D,20190918,000000,16.22,17.86,15.89,17.68,7732487,0
AMZN.US,D,20190919,000000,17.70,17.88,16.65,16.67,5181230,0
AMZN.US,D,20190920,000000,17.04,17.59,17.03,17.56,4851992,0
AMZN.US,D,20190923,000000,17.25,18.21,17.23,17.86,7086789,0
AMZN.US,D,20190923,000000,17.86,18.26,17.78,18.15,9826875,0
AMZN.US,D,20190923,000000,17.97,18.52,17.95,18.46,9071714,0
AMZN.US,D,20190924,000000,18.73,19.01,18.63,18.97,15429960,0
AMZN.US,D,20190925,000000,19.02,19.36,18.91,19.34,8803182,0
AMZN.US,D,20190926,000000,19.18,19.59,19.04,19.55,10755761,0
AMZN.US,D,20190927,000000,19.56,20.13,19.49,19.94,8479269,0
AMZN.US,D,20190930,000000,20.18,20.88,20.11,20.55,16193886,0
AMZN.US,D,20190930,000000,20.24,21.27,20.00,21.00,7778811,0
AMZN.US,D,20190930,000000,21.02,21.57,20.95,21.42,13537067,0
AMZN.US,D,20191001,000000,21.47,22.43,21.29,22.15,9821709,0
AMZN.US,D,20191002,000000,22.30,22.61,22.24,22.56,22474558,0
AMZN.US,D,20191003,000000,22.61,23.85,22.54,23.45,21294752,0
AMZN.US,D,20191004,000000,23.36,24.19,23.25,24.08,19733520,0
AMZN.US,D,20191007,000000,24.16,25.09,24.11,24.72,25870266,0
AMZN.US,D,20191007,000000,24.49,26.03,24.15,25.68,21996387,0
AMZN.US,D,20191007,000000,25.34,26.97,25.13,26.43,15583004,0
AMZN.US,D,20191008,000000,26.86,27.34,26.76,27.31,27504506,0
AMZN.US,D,20191009,000000,27.06,27.23,25.41,25.77,4989713,0
AMZN.US,D,20191010,000000,26.00,26.11,23.96,24.49,6945914,0
AMZN.US,D,20191011,000000,24.04,24.17,23.77,23.90,8260647,0
AMZN.US,D,20191014,000000,23.65,23.65,23.55,23.56,4460544,0
AMZN.US,D,20191014,000000,23.97,24.08,23.13,23.19,8952089,0
AMZN.US,D,20191014,000000,23.19,23.27,22.69,22.82,8284005,0
AMZN.US,D,20191015,000000,23.02,23.62,23.02,23.30,7161799,0
AMZN.US,D,20191016,000000,22.95,23.66,22.75,23.53,3213451,0
AMZN.US,D,20191017,000000,23.19,24.26,22.94,23.98,7922281,0
AMZN.US,D,20191018,000000,23.95,23.97,22.99,23.34,6496671,0
AMZN.US,D,20191021,000000,23.42,23.83,23.34,23.80,5868391,0
AMZN.US,D,20191021,000000,23.53,23.97,23.52,23.77,5440044,0
AMZN.US,D,20191021,000000,23.89,24.42,23.66,24.28,4695881,0
AMZN.US,D,20191022,000000,24.40,24.41,23.72,23.99,3026643,0
AMZN.US,D,20191023,000000,24.02,25.57,23.99,25.10,4944229,0
AMZN.US,D,20191024,000000,24.92,25.05,23.72,23.75,3655985,0
AMZN.US,D,20191025,000000,23.71,24.63,23.64,24.21,3482618,0
AMZN.US,D,20191028,000000,23.99,24.98,23.95,24.87,5438279,0
AMZN.US,D,20191028,000000,24.74,25.00,23.95,24.14,4939685,0
AMZN.US,D,20191028,000000,23.85,24.73,23.72,24.29,4607155,0
AMZN.US,D,20191029,000000,23.96,23.98,22.94,23.38,3606651,0
AMZN.US,D,20191030,000000,23.80,23.87,22.56,22.93,7465698,0
AMZN.US,D,20191031,000000,23.00,24.09,22.75,23.88,7667690,0
AMZN.US,D,20191101,000000,24.01,24.01,23.89,23.96,6321408,0
AMZN.US,D,20191104,000000,24.22,24.39,21.24,21.80,4437653,0
AMZN.US,D,20191104,000000,21.65,21.78,20.69,21.00,7951389,0
AMZN.US,D,20191104,000000,20.80,21.63,20.58,21.46,7464298,0
AMZN.US,D,20191105,000000,21.55,21.85,20.02,20.23,8385300,0
AMZN.US,D,20191106,000000,20.11,20.13,19.90,19.95,4229921,0
AMZN.US,D,20191107,000000,20.11,20.12,19.91,19.98,4342793,0
AMZN.US,D,20191108,000000,20.11,20.13,19.48,19.63,5440217,0
AMZN.US,D,20191111,000000,19.44,19.84,19.36,19.73,7002509,0
AMZN.US,D,20191111,000000,19.56,19.69,18.30,18.40,6174692,0
AMZN.US,D,20191111,000000,18.59,18.65,18.28,18.33,7305354,0
AMZN.US,D,20191112,000000,18.28,19.97,18.17,19.57,4873322,0
AMZN.US,D,20191113,000000,19.93,20.08,18.61,18.87,3121927,0
AMZN.US,D,20191114,000000,18.80,19.22,17.70,17.96,7453150,0
AMZN.US,D,20191115,000000,18.11,18.13,17.89,17.96,3167136,0
AMZN.US,D,20191118,000000,18.06,18.34,17.66,17.79,3267576,0
AMZN.US,D,20191118,000000,17.99,18.04,17.01,17.20,3151178,0
AMZN.US,D,20191118,000000,16.88,17.37,16.77,17.30,4832682,0
AMZN.US,D,20191119,000000,17.68,18.16,16.47,16.62,4469830,0
AMZN.US,D,20191120,000000,16.66,16.88,16.09,16.17,8211642,0
AMZN.US,D,20191121,000000,16.31,17.06,16.05,16.86,8033426,0
AMZN.US,D,20191122,000000,17.09,17.21,15.17,15.90,8791197,0
AMZN.US,D,20191125,000000,16.08,16.24,15.32,15.35,7769292,0
AMZN.US,D,20191125,000000,15.39,15.74,15.25,15.63,7289703,0
AMZN.US,D,20191125,000000,15.80,16.03,15.77,16.00,8285852,0
AMZN.US,D,20191126,000000,15.99,16.11,15.82,15.87,5455291,0
AMZN.US,D,20191127,000000,15.64,16.48,15.53,16.15,3609230,0
AMZN.US,D,20191128,000000,15.99,16.17,15.98,16.10,6928582,0
AMZN.US,D,20191129,000000,16.30,16.32,16.12,16.15,3264869,0
AMZN.US,D,20191202,000000,16.30,16.85,16.23,16.74,8653905,0
AMZN.US,D,20191202,000000,16.87,16.97,15.30,15.82,3983295,0
AMZN.US,D,20191202,000000,15.81,17.23,15.65,16.95,4056006,0
AMZN.US,D,20191203,000000,17.08,17.89,17.01,17.78,3724980,0
AMZN.US,D,20191204,000000,17.56,17.59,17.16,17.22,7567565,0
AMZN.US,D,20191205,000000,17.64,17.99,15.96,16.02,4520753,0
AMZN.US,D,20191206,000000,16.01,16.02,15.51,15.78,6389186,0
AMZN.US,D,20191209,000000,15.85,15.97,15.12,15.41,3645357,0
AMZN.US,D,20191209,000000,15.52,16.10,15.32,15.87,5955646,0
AMZN.US,D,20191209,000000,15.85,15.95,15.85,15.90,6809533,0
AMZN.US,D,20191210,000000,15.68,15.75,15.55,15.55,7668491,0
AMZN.US,D,20191211,000000,15.53,15.92,15.51,15.79,7837197,0
AMZN.US,D,20191212,000000,15.87,15.88,15.05,15.39,4510256,0
AMZN.US,D,20191213,000000,15.49,15.51,15.00,15.02,4220864,0
AMZN.US,D,20191216,000000,14.89,15.12,14.89,15.05,3790839,0
AMZN.US,D,20191216,000000,15.11,15.21,14.47,14.63,4674986,0
AMZN.US,D,20191216,000000,14.47,14.58,14.24,14.25,8563814,0
AMZN.US,D,20191217,000000,14.28,14.45,14.06,14.11,6296341,0
AMZN.US,D,20191218,000000,14.19,14.53,12.84,13.17,8153349,0
AMZN.US,D,20191219,000000,13.31,13.33,12.64,12.80,6773041,0
AMZN.US,D,20191220,000000,12.87,12.94,12.74,12.78,5739958,0
AMZN.US,D,20191223,000000,12.47,12.81,12.43,12.70,6727051,0
AMZN.US,D,20191223,000000,12.58,12.83,12.56,12.67,3387475,0
AMZN.US,D,20191223,000000,12.75,12.81,12.75,12.78,8215603,0
AMZN.US,D,20191224,000000,12.69,13.11,12.55,13.01,4921126,0
AMZN.US,D,20191225,000000,13.16,13.37,13.12,13.28,11741609,0
AMZN.US,D,20191226,000000,13.30,13.81,13.20,13.53,6984826,0
AMZN.US,D,20191227,000000,13.71,13.82,13.65,13.81,14962815,0
AMZN.US,D,20191230,000000,14.01,14.11,13.91,14.02,12455685,0
AMZN.US,D,20191230,000000,13.94,14.36,13.78,14.33,8264467,0
AMZN.US,D,20191230,000000,14.38,14.62,14.38,14.60,15591006,0
AMZN.US,D,20191231,000000,14.67,14.99,14.60,14.92,8070075,0
AMZN.US,D,20200101,000000,14.79,15.53,14.76,15.25,16327537,0
AMZN.US,D,20200102,000000,15.12,15.71,15.04,15.60,8538698,0
AMZN.US,D,20200103,000000,15.36,16.13,15.28,15.94,11067485,0
AMZN.US,D,20200106,000000,16.07,16.60,16.02,16.17,13202922,0
AMZN.US,D,20200106,000000,16.11,16.79,16.00,16.63,18988819,0
AMZN.US,D,20200106,000000,16.75,17.23,16.70,17.14,9419199,0
AMZN.US,D,20200107,000000,17.23,17.68,17.14,17.65,9341695,0
AMZN.US,D,20200108,000000,17.46,18.26,17.27,18.16,13707118,0
AMZN.US,D,20200109,000000,18.17,18.78,18.04,18.70,13724398,0
AMZN.US,D,20200110,000000,18.72,19.76,18.61,19.39,9834968,0
AMZN.US,D,20200113,000000,19.13,20.06,19.05,20.05,23722662,0
AMZN.US,D,20200113,000000,20.19,20.87,20.07,20.64,21192524,0
AMZN.US,D,20200113,000000,20.63,21.64,20.29,21.51,18699452,0
AMZN.US,D,20200114,000000,21.77,22.27,21.68,22.09,27272998,0
AMZN.US,D,20200115,000000,21.78,23.06,21.49,22.89,18552476,0
AMZN.US,D,20200116,000000,22.69,24.53,22.33,23.64,19956746,0
AMZN.US,D,20200117,000000,23.73,25.14,23.69,24.60,22322961,0
AMZN.US,D,20200120,000000,24.50,24.82,23.24,23.37,6186418,0
AMZN.US,D,20200120,000000,23.31,24.78,22.43,24.74,7732799,0
AMZN.US,D,20200120,000000,24.71,24.73,24.02,24.06,3480207,0
AMZN.US,D,20200121,000000,24.09,24.25,23.35,23.57,7102740,0
AMZN.US,D,20200122,000000,23.99,24.11,22.95,23.17,3019048,0
AMZN.US,D,20200123,000000,23.06,23.06,22.98,22.99,5242689,0
AMZN.US,D,20200124,000000,22.67,23.08,21.22,21.54,6503477,0
AMZN.US,D,20200127,000000,21.80,22.09,21.13,21.15,3967929,0
AMZN.US,D,20200127,000000,21.37,21.57,20.25,20.40,4859964,0
AMZN.US,D,20200127,000000,20.56,20.60,20.01,20.18,8408909,0
AMZN.US,D,20200128,000000,19.96,20.59,19.83,20.54,5678489,0
AMZN.US,D,20200129,000000,20.45,21.31,20.37,21.03,8576412,0
AMZN.US,D,20200130,000000,20.69,20.87,20.11,20.14,7317767,0
AMZN.US,D,20200131,000000,20.09,20.14,20.08,20.12,5029674,0
AMZN.US,D,20200203,000000,20.14,20.43,19.90,20.39,6018751,0
AMZN.US,D,20200203,000000,20.60,20.64,20.12,20.39,4501542,0
AMZN.US,D,20200203,000000,20.52,20.65,20.18,20.24,5432584,0
AMZN.US,D,20200204,000000,20.15,20.21,19.77,19.83,3987445,0
AMZN.US,D,20200205,000000,19.54,19.72,19.24,19.50,3946228,0
AMZN.US,D,20200206,000000,19.40,20.58,19.13,20.36,8454248,0
AMZN.US,D,20200207,000000,20.58,20.67,19.86,19.88,7931764,0
AMZN.US,D,20200210,000000,19.89,20.25,18.53,18.98,8830198,0
AMZN.US,D,20200210,000000,18.96,19.18,18.83,18.88,5416004,0
AMZN.US,D,20200210,000000,18.88,19.02,18.63,18.94,8160355,0
AMZN.US,D,20200211,000000,18.55,19.76,18.37,19.43,6794519,0
AMZN.US,D,20200212,000000,19.16,19.25,18.33,18.53,7290716,0
AMZN.US,D,20200213,000000,18.65,18.97,18.54,18.79,3257492,0
AMZN.US,D,20200214,000000,18.77,19.79,18.70,19.17,7516120,0
AMZN.US,D,20200217,000000,19.45,19.70,18.15,18.58,7263312,0
AMZN.US,D,20200217,000000,18.51,18.71,17.74,17.75,8360751,0
AMZN.US,D,20200217,000000,18.01,18.01,17.45,17.59,5654714,0
AMZN.US,D,20200218,000000,17.65,17.83,17.30,17.36,3194057,0
AMZN.US,D,20200219,000000,17.25,17.31,16.76,16.78,7117870,0
AMZN.US,D,20200220,000000,16.87,17.15,16.83,17.06,7529957,0
AMZN.US,D,20200221,000000,17.08,17.10,16.81,16.90,3553475,0
AMZN.US,D,20200224,000000,16.95,17.14,16.92,17.10,6977324,0
AMZN.US,D,20200224,000000,17.03,17.24,16.48,16.52,8411236,0
AMZN.US,D,20200224,000000,16.56,16.71,16.54,16.66,7094827,0
AMZN.US,D,20200225,000000,16.56,17.28,16.39,16.94,7302860,0
AMZN.US,D,20200226,000000,16.72,16.95,16.72,16.88,5041919,0
AMZN.US,D,20200227,000000,16.83,17.38,16.72,17.27,3785970,0
AMZN.US,D,20200228,000000,17.35,17.43,15.79,16.23,7744035,0
AMZN.US,D,20200302,000000,16.27,16.84,16.19,16.76,5880823,0
AMZN.US,D,20200302,000000,16.82,16.88,16.81,16.84,3361486,0
AMZN.US,D,20200302,000000,16.70,16.73,16.56,16.59,8802433,0
AMZN.US,D,20200303,000000,16.34,16.54,16.28,16.50,5409133,0
AMZN.US,D,20200304,000000,16.52,17.59,16.36,17.42,4564310,0
AMZN.US,D,20200305,000000,17.33,17.33,16.94,16.94,4823492,0
AMZN.US,D,20200306,000000,17.06,17.09,16.61,16.71,6563653,0
AMZN.US,D,20200309,000000,16.94,17.06,15.86,16.16,7644214,0
AMZN.US,D,20200309,000000,16.27,16.43,16.00,16.04,5879608,0
AMZN.US,D,20200309,000000,16.17,17.03,15.76,16.94,7649737,0
AMZN.US,D,20200310,000000,17.05,17.13,16.34,16.44,4327163,0
AMZN.US,D,20200311,000000,16.57,16.80,15.93,15.97,5909574,0
AMZN.US,D,20200312,000000,15.98,16.20,15.89,16.17,4196733,0
AMZN.US,D,20200313,000000,16.13,16.17,16.09,16.10,5745080,0
AMZN.US,D,20200316,000000,16.29,16.74,16.25,16.70,8253146,0
AMZN.US,D,20200316,000000,16.82,17.00,16.35,16.40,4536794,0
AMZN.US,D,20200316,000000,16.19,16.35,16.16,16.26,7435525,0
AMZN.US,D,20200317,000000,16.33,16.44,16.30,16.37,5220813,0
AMZN.US,D,20200318,000000,16.50,16.56,16.09,16.27,4344231,0
AMZN.US,D,20200319,000000,16.03,16.03,16.01,16.02,5072800,0
AMZN.US,D,20200320,000000,16.20,16.27,15.95,16.04,6629632,0
AMZN.US,D,20200323,000000,16.16,16.29,15.43,15.61,3888069,0
AMZN.US,D,20200323,000000,15.59,16.30,15.48,16.18,3155947,0
AMZN.US,D,20200323,000000,16.36,16.44,16.35,16.37,5161417,0
AMZN.US,D,20200324,000000,16.28,16.79,16.10,16.77,3698961,0
AMZN.US,D,20200325,000000,16.76,16.85,16.74,16.76,8903628,0
AMZN.US,D,20200326,000000,16.95,17.02,16.77,16.84,3976260,0
AMZN.US,D,20200327,000000,17.08,17.48,16.91,17.47,6265318,0
AMZN.US,D,20200330,000000,17.89,18.05,17.45,17.52,6340574,0
AMZN.US,D,20200330,000000,17.47,17.68,17.36,17.66,8271279,0
AMZN.US,D,20200330,000000,17.46,18.91,17.14,18.24,6923580,0
AMZN.US,D,20200331,000000,18.25,18.27,18.14,18.14,6956597,0
AMZN.US,D,20200401,000000,18.08,18.92,18.03,18.75,7863806,0
AMZN.US,D,20200402,000000,18.71,19.22,18.60,19.21,7540542,0
AMZN.US,D,20200403,000000,19.12,19.27,18.86,18.87,6005434,0
AMZN.US,D,20200406,000000,18.70,18.70,18.16,18.26,5220669,0
AMZN.US,D,20200406,000000,18.16,18.18,17.60,17.66,7733777,0
AMZN.US,D,20200406,000000,17.69,17.74,17.18,17.21,6052595,0
AMZN.US,D,20200407,000000,17.03,17.90,16.98,17.43,7638982,0
AMZN.US,D,20200408,000000,17.45,17.96,16.68,16.82,5929680,0
AMZN.US,D,20200409,000000,16.75,16.89,16.01,16.10,7745918,0
AMZN.US,D,20200410,000000,16.02,16.05,15.47,15.49,6751658,0
AMZN.US,D,20200413,000000,15.43,15.56,14.98,15.11,5151007,0
AMZN.US,D,20200413,000000,15.20,15.58,15.04,15.58,3215894,0
AMZN.US,D,20200413,000000,15.61,15.86,14.85,14.91,7305815,0
AMZN.US,D,20200414,000000,15.08,15.30,14.74,14.75,4431617,0
AMZN.US,D,20200415,000000,14.65,15.99,14.51,15.71,4600746,0
AMZN.US,D,20200416,000000,15.77,15.95,15.67,15.86,6963964,0
AMZN.US,D,20200417,000000,15.81,15.86,15.25,15.41,7513957,0
AMZN.US,D,20200420,000000,15.39,15.56,15.36,15.49,4152800,0
AMZN.US,D,20200420,000000,15.38,16.09,15.17,16.09,6397504,0
AMZN.US,D,20200420,000000,16.21,16.56,16.13,16.35,5549828,0
AMZN.US,D,20200421,000000,16.45,17.16,16.26,17.06,5512293,0
AMZN.US,D,20200422,000000,16.70,18.08,16.64,17.74,8814622,0
AMZN.US,D,20200423,000000,17.50,17.87,17.21,17.76,5635762,0
AMZN.US,D,20200424,000000,17.73,17.85,16.62,16.71,5158180,0
AMZN.US,D,20200427,000000,16.80,17.06,16.76,16.99,3541249,0
AMZN.US,D,20200427,000000,17.15,17.87,17.02,17.69,8890679,0
AMZN.US,D,20200427,000000,17.72,18.04,16.67,17.13,6744417,0
AMZN.US,D,20200428,000000,17.02,17.20,16.98,17.13,4696817,0
AMZN.US,D,20200429,000000,17.43,17.47,17.14,17.26,4485042,0
AMZN.US,D,20200430,000000,17.35,17.36,17.06,17.15,4667757,0
AMZN.US,D,20200501,000000,17.19,17.35,17.19,17.32,3924426,0
AMZN.US,D,20200504,000000,17.29,17.30,17.23,17.25,8086019,0
AMZN.US,D,20200504,000000,17.55,17.65,16.38,16.57,8582774,0
AMZN.US,D,20200504,000000,16.70,16.87,16.60,16.87,6639476,0
AMZN.US,D,20200505,000000,16.84,16.85,16.77,16.78,6832241,0
AMZN.US,D,20200506,000000,16.74,16.85,16.70,16.84,8786945,0
AMZN.US,D,20200507,000000,16.92,16.94,16.35,16.66,7183955,0
AMZN.US,D,20200508,000000,16.86,16.96,16.69,16.71,7024940,0
AMZN.US,D,20200511,000000,16.49,16.59,16.48,16.55,3079034,0
AMZN.US,D,20200511,000000,16.72,17.03,16.61,17.00,4179967,0
AMZN.US,D,20200511,000000,17.10,17.12,16.47,16.55,6334359,0
AMZN.US,D,20200512,000000,16.53,16.85,15.48,15.67,4402250,0
AMZN.US,D,20200513,000000,15.74,15.76,14.90,15.00,7891272,0
AMZN.US,D,20200514,000000,14.98,15.00,14.95,14.99,7897018,0
AMZN.US,D,20200515,000000,14.93,15.70,14.84,15.50,4159209,0
AMZN.US,D,20200518,000000,15.48,15.86,15.47,15.81,4129926,0
AMZN.US,D,20200518,000000,15.60,16.58,15.32,16.21,7905670,0
AMZN.US,D,20200518,000000,16.03,16.33,15.95,16.30,8055175,0
AMZN.US,D,20200519,000000,16.49,16.54,16.04,16.23,8094289,0
AMZN.US,D,20200520,000000,16.26,16.26,16.20,16.21,4055740,0
AMZN.US,D,20200521,000000,16.31,17.09,16.15,16.85,4930755,0
AMZN.US,D,20200522,000000,16.64,17.42,16.38,17.33,5061647,0
AMZN.US,D,20200525,000000,17.21,18.35,17.18,18.00,7627217,0
AMZN.US,D,20200525,000000,17.87,17.95,17.37,17.45,3625609,0
AMZN.US,D,20200525,000000,17.52,18.12,17.31,17.98,4103028,0
AMZN.US,D,20200526,000000,17.91,18.05,16.25,16.64,5240658,0
AMZN.US,D,20200527,000000,16.65,17.30,16.58,17.21,4231622,0
AMZN.US,D,20200528,000000,17.33,17.33,17.28,17.30,5746359,0
AMZN.US,D,20200529,000000,17.38,17.41,17.29,17.34,7298256,0
AMZN.US,D,20200601,000000,17.16,17.25,15.71,15.98,7354471,0
AMZN.US,D,20200601,000000,16.07,16.13,15.50,15.61,7070663,0
AMZN.US,D,20200601,000000,15.64,15.78,14.61,15.15,3736501,0
AMZN.US,D,20200602,000000,15.08,15.29,14.76,14.80,6753822,0
AMZN.US,D,20200603,000000,14.98,15.08,14.28,14.56,8231595,0
AMZN.US,D,20200604,000000,14.66,14.67,14.05,14.40,4734970,0
AMZN.US,D,20200605,000000,14.41,14.51,13.90,13.94,4259671,0
AMZN.US,D,20200608,000000,14.12,14.29,13.02,13.38,6788529,0
AMZN.US,D,20200608,000000,13.21,13.23,12.94,13.01,3434645,0
AMZN.US,D,20200608,000000,13.11,13.17,12.81,12.86,6425832,0
AMZN.US,D,20200609,000000,13.08,13.13,12.50,12.80,8468090,0
AMZN.US,D,20200610,000000,12.72,13.19,12.71,13.13,7140784,0
AMZN.US,D,20200611,000000,13.29,14.21,12.68,14.08,6139290,0
AMZN.US,D,20200612,000000,13.88,14.20,12.88,13.16,8125259,0
AMZN.US,D,20200615,000000,13.02,14.48,12.64,14.18,8869131,0
AMZN.US,D,20200615,000000,14.34,14.52,14.31,14.45,8483926,0
AMZN.US,D,20200615,000000,14.63,14.64,14.52,14.52,7472730,0
AMZN.US,D,20200616,000000,14.59,14.61,13.80,13.87,7742329,0
AMZN.US,D,20200617,000000,13.63,13.77,12.82,12.93,7814388,0
AMZN.US,D,20200618,000000,12.85,14.00,12.79,13.72,8671608,0
AMZN.US,D,20200619,000000,13.86,14.05,13.38,13.55,4566458,0
AMZN.US,D,20200622,000000,13.42,13.71,13.25,13.48,4578353,0
AMZN.US,D,20200622,000000,13.49,13.68,13.47,13.60,8641445,0
AMZN.US,D,20200622,000000,13.38,14.03,13.36,13.81,6645370,0
AMZN.US,D,20200623,000000,13.72,13.77,13.22,13.45,5503395,0
AMZN.US,D,20200624,000000,13.73,13.81,13.42,13.50,6657113,0
AMZN.US,D,20200625,000000,13.74,14.12,13.63,14.05,7580933,0
AMZN.US,D,20200626,000000,14.13,15.84,14.05,15.43,5893064,0
AMZN.US,D,20200629,000000,15.23,16.37,15.22,15.96,3404400,0
AMZN.US,D,20200629,000000,15.76,17.17,15.60,16.51,6160986,0
AMZN.US,D,20200629,000000,16.40,16.55,15.78,15.93,8594903,0
AMZN.US,D,20200630,000000,15.74,17.20,15.62,16.23,5428994,0
AMZN.US,D,20200701,000000,16.10,17.32,15.51,16.80,8595175,0
AMZN.US,D,20200702,000000,16.45,16.64,15.02,15.67,8503085,0
AMZN.US,D,20200703,000000,15.81,15.95,14.22,14.91,8990322,0
AMZN.US,D,20200706,000000,14.80,15.19,14.62,14.97,7993868,0
AMZN.US,D,20200706,000000,14.83,14.86,14.65,14.66,7152505,0
AMZN.US,D,20200706,000000,15.06,15.34,14.40,14.52,7116679,0
AMZN.US,D,20200707,000000,14.73,14.83,13.39,13.42,6474887,0
AMZN.US,D,20200708,000000,13.50,13.60,12.83,12.96,3089138,0
AMZN.US,D,20200709,000000,12.74,13.41,12.57,13.28,7688038,0
AMZN.US,D,20200710,000000,13.30,13.34,13.12,13.14,3292724,0
AMZN.US,D,20200713,000000,13.50,13.63,12.35,12.46,6818587,0
AMZN.US,D,20200713,000000,12.26,12.55,12.10,12.46,6306744,0
AMZN.US,D,20200713,000000,12.66,12.70,12.15,12.38,4436944,0
AMZN.US,D,20200714,000000,12.52,12.95,12.51,12.84,7206939,0
AMZN.US,D,20200715,000000,13.23,13.33,13.21,13.30,6797030,0
AMZN.US,D,20200716,000000,13.16,13.16,12.88,12.99,4994243,0
AMZN.US,D,20200717,000000,12.99,13.24,12.74,13.20,5300243,0
AMZN.US,D,20200720,000000,13.35,13.58,12.17,12.56,4894636,0
AMZN.US,D,20200720,000000,12.82,12.92,12.77,12.86,5487422,0
AMZN.US,D,20200720,000000,12.73,12.80,11.99,12.10,6498856,0
AMZN.US,D,20200721,000000,11.90,12.25,11.88,12.15,3672448,0
AMZN.US,D,20200722,000000,12.42,12.52,11.48,11.49,7000273,0
AMZN.US,D,20200723,000000,11.35,11.43,10.38,10.41,6294726,0
AMZN.US,D,20200724,000000,10.33,10.41,10.23,10.34,4881411,0
AMZN.US,D,20200727,000000,10.10,10.32,9.49,9.59,7309078,0
AMZN.US,D,20200727,000000,9.72,9.88,9.01,9.09,7748083,0
AMZN.US,D,20200727,000000,9.12,9.15,8.96,8.98,6216659,0
AMZN.US,D,20200728,000000,9.13,9.30,9.13,9.26,7951825,0
AMZN.US,D,20200729,000000,9.03,9.38,8.87,9.38,8184213,0
AMZN.US,D,20200730,000000,9.19,9.88,9.13,9.61,7285714,0
AMZN.US,D,20200731,000000,9.32,10.00,9.29,9.79,3868329,0
AMZN.US,D,20200803,000000,9.71,10.57,9.67,10.37,3510619,0
AMZN.US,D,20200803,000000,10.25,10.51,9.60,9.65,5436794,0
AMZN.US,D,20200803,000000,9.93,10.04,9.15,9.29,8414251,0
AMZN.US,D,20200804,000000,9.30,9.45,8.69,8.91,4553973,0
AMZN.US,D,20200805,000000,8.82,9.31,8.62,9.26,4117459,0
AMZN.US,D,20200806,000000,8.74,9.16,8.58,8.96,4395389,0
AMZN.US,D,20200807,000000,9.11,9.28,7.74,7.99,8239022,0
AMZN.US,D,20200810,000000,7.69,8.32,7.63,8.11,8954213,0
AMZN.US,D,20200810,000000,8.05,8.11,6.77,7.20,8397062,0
AMZN.US,D,20200810,000000,7.26,7.26,6.60,6.75,5679490,0
AMZN.US,D,20200811,000000,6.65,6.92,6.56,6.75,3392663,0
AMZN.US,D,20200812,000000,6.50,7.53,6.22,7.27,8605121,0
AMZN.US,D,20200813,000000,7.12,7.87,6.93,7.63,3540000,0
AMZN.US,D,20200814,000000,7.63,7.77,7.63,7.73,11381482,0
AMZN.US,D,20200817,000000,7.86,7.88,7.76,7.81,4908557,0
AMZN.US,D,20200817,000000,8.08,8.13,7.93,7.97,13610324,0
AMZN.US,D,20200817,000000,7.97,8.18,7.90,8.09,6492159,0
AMZN.US,D,20200818,000000,8.04,8.34,7.96,8.22,13079217,0
AMZN.US,D,20200819,000000,8.09,8.47,7.83,8.40,9470990,0
AMZN.US,D,20200820,000000,8.60,8.61,8.41,8.57,14074314,0
AMZN.US,D,20200821,000000,8.48,9.00,8.43,8.75,15443557,0
AMZN.US,D,20200824,000000,8.60,9.33,8.53,8.94,17334743,0
AMZN.US,D,20200824,000000,9.19,9.24,9.04,9.07,7746523,0
AMZN.US,D,20200824,000000,9.15,9.52,8.96,9.25,14276459,0
AMZN.US,D,20200825,000000,9.01,9.50,9.01,9.41,14546501,0
AMZN.US,D,20200826,000000,9.71,9.73,9.54,9.61,20278707,0
AMZN.US,D,20200827,000000,9.12,10.64,9.11,9.94,13819246,0
AMZN.US,D,20200828,000000,9.89,10.24,9.86,10.23,11044978,0
AMZN.US,D,20200831,000000,9.93,10.70,9.73,10.43,20837675,0
AMZN.US,D,20200831,000000,10.71,10.75,10.55,10.62,11022586,0
AMZN.US,D,20200831,000000,10.54,11.06,10.50,10.87,18750256,0
AMZN.US,D,20200901,000000,11.03,11.87,10.95,11.24,18425022,0
AMZN.US,D,20200902,000000,11.17,11.91,11.06,11.62,21683930,0
AMZN.US,D,20200903,000000,11.59,12.35,11.50,12.08,24851642,0
AMZN.US,D,20200904,000000,12.69,12.69,12.35,12.38,10939775,0
AMZN.US,D,20200907,000000,12.47,12.75,12.32,12.69,15902201,0
AMZN.US,D,20200907,000000,12.55,13.45,12.52,13.16,24647062,0
AMZN.US,D,20200907,000000,13.25,13.98,13.22,13.66,10433461,0
AMZN.US,D,20200908,000000,13.82,14.18,13.79,14.14,18087383,0
AMZN.US,D,20200909,000000,14.08,14.56,13.98,14.51,19390701,0
AMZN.US,D,20200910,000000,14.33,15.45,14.30,15.02,21302899,0
AMZN.US,D,20200911,000000,14.80,15.92,14.21,15.75,21715623,0
AMZN.US,D,20200914,000000,15.59,16.29,15.33,16.16,25162391,0
AMZN.US,D,20200914,000000,16.12,16.81,15.94,16.62,22648465,0
AMZN.US,D,20200914,000000,16.54,17.13,13.60,13.78,8063830,0
AMZN.US,D,20200915,000000,14.33,16.20,14.04,15.80,3752055,0
AMZN.US,D,20200916,000000,15.17,16.67,14.44,16.42,3088506,0
AMZN.US,D,20200917,000000,15.84,16.24,15.79,16.14,7944067,0
AMZN.US,D,20200918,000000,16.67,16.89,15.84,15.95,8295797,0
AMZN.US,D,20200921,000000,15.68,15.95,15.08,15.43,5679302,0
AMZN.US,D,20200921,000000,15.70,15.78,12.92,13.38,3586287,0
AMZN.US,D,20200921,000000,13.14,13.88,12.87,13.64,6926779,0
AMZN.US,D,20200922,000000,13.80,14.65,13.61,14.12,5403078,0
AMZN.US,D,20200923,000000,14.27,14.37,14.24,14.25,6857304,0
AMZN.US,D,20200924,000000,13.93,14.50,13.87,14.46,8691236,0
AMZN.US,D,20200925,000000,14.64,15.63,11.14,12.07,8794111,0
AMZN.US,D,20200928,000000,11.92,12.04,11.44,11.51,5501112,0
AMZN.US,D,20200928,000000,11.57,11.61,11.45,11.48,8033089,0
AMZN.US,D,20200928,000000,11.29,12.52,10.93,12.40,5592983,0
AMZN.US,D,20200929,000000,11.99,12.31,11.94,12.13,5150568,0
AMZN.US,D,20200930,000000,11.53,13.04,11.38,12.80,8042006,0
AMZN.US,D,20201001,000000,12.92,13.00,11.78,12.06,4741016,0
AMZN.US,D,20201002,000000,12.00,13.84,11.68,13.60,8072052,0
AMZN.US,D,20201005,000000,13.44,13.98,12.54,12.90,7422687,0
AMZN.US,D,20201005,000000,13.01,13.95,12.84,13.51,5087686,0
AMZN.US,D,20201005,000000,14.26,14.27,13.87,13.95,3823478,0
AMZN.US,D,20201006,000000,13.69,13.88,11.98,12.20,6357803,0
AMZN.US,D,20201007,000000,12.27,12.47,9.30,10.09,7553599,0
AMZN.US,D,20201008,000000,10.04,10.08,9.18,9.29,7234413,0
AMZN.US,D,20201009,000000,9.69,9.77,9.30,9.37,4712379,0
AMZN.US,D,20201012,000000,8.93,9.13,8.87,9.06,4007503,0
AMZN.US,D,20201012,000000,8.78,10.91,8.69,10.45,3722165,0
AMZN.US,D,20201012,000000,9.81,9.92,8.99,9.20,8281315,0
AMZN.US,D,20201013,000000,9.24,9.97,9.07,9.97,4436905,0
AMZN.US,D,20201014,000000,9.84,10.10,9.31,9.56,7777900,0
AMZN.US,D,20201015,000000,9.21,9.30,9.11,9.24,5071976,0
AMZN.US,D,20201016,000000,9.48,9.55,9.15,9.19,4517496,0
AMZN.US,D,20201019,000000,9.13,9.28,8.00,8.13,8430177,0
AMZN.US,D,20201019,000000,8.09,8.09,6.98,7.10,3405951,0
AMZN.US,D,20201019,000000,7.03,8.04,7.01,7.55,7907888,0
AMZN.US,D,20201020,000000,7.58,7.87,6.96,7.00,6534939,0
AMZN.US,D,20201021,000000,7.23,7.30,6.36,6.60,6408032,0
AMZN.US,D,20201022,000000,6.65,6.72,6.35,6.36,4903227,0
AMZN.US,D,20201023,000000,6.23,6.23,5.90,5.96,6626771,0
AMZN.US,D,20201026,000000,6.19,6.30,5.64,6.00,4841024,0
AMZN.US,D,20201026,000000,5.96,6.91,5.74,6.59,3897787,0
AMZN.US,D,20201026,000000,6.55,6.81,6.54,6.75,4799615,0
AMZN.US,D,20201027,000000,6.79,7.07,6.42,6.47,7385181,0
AMZN.US,D,20201028,000000,6.37,7.36,6.30,7.01,3498155,0
AMZN.US,D,20201029,000000,7.02,7.08,6.10,6.40,6733954,0
AMZN.US,D,20201030,000000,6.50,6.55,5.61,5.62,5250097,0
AMZN.US,D,20201102,000000,5.71,5.71,5.68,5.70,6874518,0
AMZN.US,D,20201102,000000,5.93,6.02,5.65,5.67,6324048,0
AMZN.US,D,20201102,000000,5.86,6.01,4.88,5.03,7148613,0
AMZN.US,D,20201103,000000,4.94,5.03,4.93,5.01,3209071,0
AMZN.US,D,20201104,000000,4.82,5.37,4.81,5.08,5966710,0
AMZN.US,D,20201105,000000,5.12,5.36,5.10,5.30,4976124,0
AMZN.US,D,20201106,000000,5.21,5.40,5.07,5.25,4841712,0
AMZN.US,D,20201109,000000,5.35,5.55,5.05,5.08,7812156,0
AMZN.US,D,20201109,000000,5.06,5.22,4.42,4.56,3085799,0
AMZN.US,D,20201109,000000,4.61,4.64,4.45,4.47,3267931,0
AMZN.US,D,20201110,000000,4.42,4.43,4.32,4.32,6686031,0
AMZN.US,D,20201111,000000,4.27,4.42,4.25,4.38,3822590,0
AMZN.US,D,20201112,000000,4.39,4.48,4.38,4.47,8574276,0
AMZN.US,D,20201113,000000,4.48,4.53,4.29,4.34,3718817,0
AMZN.US,D,20201116,000000,4.35,4.40,3.94,4.02,5474467,0
AMZN.US,D,20201116,000000,4.02,4.60,3.96,4.39,3447770,0
AMZN.US,D,20201116,000000,4.32,4.47,4.31,4.46,6430178,0
AMZN.US,D,20201117,000000,4.60,4.98,4.57,4.89,3860452,0
AMZN.US,D,20201118,000000,4.85,4.88,4.82,4.84,7790466,0
AMZN.US,D,20201119,000000,4.81,4.82,4.16,4.19,4114375,0
AMZN.US,D,20201120,000000,4.18,4.29,3.64,3.78,8060459,0
AMZN.US,D,20201123,000000,3.80,3.82,3.69,3.73,8581194,0
AMZN.US,D,20201123,000000,3.65,4.00,3.61,3.95,3937917,0
AMZN.US,D,20201123,000000,3.87,3.90,3.85,3.85,4769877,0
AMZN.US,D,20201124,000000,3.82,4.43,3.78,4.19,4773698,0
AMZN.US,D,20201125,000000,4.12,4.35,3.44,3.69,8978807,0
AMZN.US,D,20201126,000000,3.49,3.70,3.48,3.69,7937653,0
AMZN.US,D,20201127,000000,3.65,3.73,3.42,3.56,3164681,0
AMZN.US,D,20201130,000000,3.54,3.57,3.24,3.40,5213229,0
AMZN.US,D,20201130,000000,3.45,3.45,3.43,3.45,6056561,0
AMZN.US,D,20201130,000000,3.51,3.92,3.45,3.71,5215450,0
AMZN.US,D,20201201,000000,3.69,3.85,3.63,3.80,4003471,0
AMZN.US,D,20201202,000000,3.76,4.01,3.73,3.96,8749428,0
AMZN.US,D,20201203,000000,3.91,4.04,3.57,3.58,4866531,0
AMZN.US,D,20201204,000000,3.62,3.68,2.98,3.05,7759666,0
AMZN.US,D,20201207,000000,3.07,3.30,3.02,3.23,7655001,0
AMZN.US,D,20201207,000000,3.23,3.39,3.21,3.37,3741978,0
AMZN.US,D,20201207,000000,3.38,3.42,3.14,3.20,6258593,0
AMZN.US,D,20201208,000000,3.20,3.57,3.12,3.46,5526755,0
AMZN.US,D,20201209,000000,3.48,3.74,3.47,3.68,5747298,0
AMZN.US,D,20201210,000000,3.63,4.03,3.61,3.99,5380610,0
AMZN.US,D,20201211,000000,4.04,4.05,3.94,3.94,8792300,0
AMZN.US,D,20201214,000000,4.04,4.56,4.03,4.50,3324747,0
AMZN.US,D,20201214,000000,4.53,4.58,4.25,4.26,8858903,0
AMZN.US,D,20201214,000000,4.37,4.37,4.19,4.26,6327108,0
AMZN.US,D,20201215,000000,4.17,4.26,3.93,4.06,5382582,0
AMZN.US,D,20201216,000000,4.11,4.44,4.04,4.33,3548343,0
AMZN.US,D,20201217,000000,4.41,4.47,3.99,4.03,3630832,0
AMZN.US,D,20201218,000000,3.87,3.90,3.66,3.67,7777719,0
AMZN.US,D,20201221,000000,3.66,3.76,3.29,3.35,4668786,0
AMZN.US,D,20201221,000000,3.21,3.62,3.11,3.52,4626946,0
AMZN.US,D,20201221,000000,3.57,4.04,3.53,3.89,5888464,0
AMZN.US,D,20201222,000000,3.92,3.95,2.90,3.26,4989431,0
AMZN.US,D,20201223,000000,3.27,3.27,3.20,3.21,7970953,0
AMZN.US,D,20201224,000000,3.22,3.67,3.11,3.58,6504134,0
AMZN.US,D,20201225,000000,3.66,3.75,3.66,3.69,3553922,0
AMZN.US,D,20201228,000000,3.63,3.74,3.62,3.68,5545182,0
AMZN.US,D,20201228,000000,3.70,3.81,3.69,3.74,4695003,0
AMZN.US,D,20201228,000000,3.80,3.81,3.79,3.81,7097735,0
AMZN.US,D,20201229,000000,3.91,3.92,3.60,3.64,3884109,0
AMZN.US,D,20201230,000000,3.58,3.71,3.20,3.44,6050788,0
AMZN.US,D,20201231,000000,3.52,3.56,3.21,3.32,3089311,0
AMZN.US,D,20210101,000000,3.29,3.30,3.14,3.24,7761222,0
AMZN.US,D,20210104,000000,3.24,3.31,3.21,3.28,6041343,0
AMZN.US,D,20210104,000000,3.39,3.42,3.37,3.41,6376820,0
AMZN.US,D,20210104,000000,3.35,3.74,3.23,3.67,7114115,0
AMZN.US,D,20210105,000000,3.66,4.00,3.54,3.99,4649998,0
AMZN.US,D,20210106,000000,3.95,4.24,3.89,4.19,4278529,0
AMZN.US,D,20210107,000000,4.10,4.20,3.81,3.82,6674538,0
AMZN.US,D,20210108,000000,3.88,4.07,3.83,4.02,7215838,0
AMZN.US,D,20210111,000000,4.05,4.10,3.86,3.87,3847043,0
AMZN.US,D,20210111,000000,3.96,3.98,3.78,3.78,8315228,0
AMZN.US,D,20210111,000000,3.82,3.93,3.60,3.67,6735621,0
AMZN.US,D,20210112,000000,3.64,3.66,3.54,3.55,4469089,0
AMZN.US,D,20210113,000000,3.64,3.89,3.57,3.89,6415767,0
AMZN.US,D,20210114,000000,3.75,4.24,3.73,4.12,7881559,0
AMZN.US,D,20210115,000000,4.25,4.30,4.24,4.25,7922028,0
AMZN.US,D,20210118,000000,4.30,4.84,4.26,4.65,3729607,0
AMZN.US,D,20210118,000000,4.67,5.15,4.66,5.07,7235140,0
AMZN.US,D,20210118,000000,5.26,6.02,5.20,5.75,3863886,0
AMZN.US,D,20210119,000000,5.82,5.89,5.59,5.65,5509558,0
AMZN.US,D,20210120,000000,5.75,5.82,5.72,5.81,6405253,0
AMZN.US,D,20210121,000000,5.89,6.81,5.80,6.48,7573748,0
AMZN.US,D,20210122,000000,6.57,6.61,6.34,6.39,4495702,0
AMZN.US,D,20210125,000000,6.18,6.37,5.67,5.74,7400150,0
AMZN.US,D,20210125,000000,6.00,6.13,5.34,5.59,3854171,0
AMZN.US,D,20210125,000000,5.56,5.65,5.08,5.27,5833075,0
AMZN.US,D,20210126,000000,5.15,5.66,5.03,5.61,8021091,0
AMZN.US,D,20210127,000000,5.53,5.75,5.41,5.71,8033642,0
AMZN.US,D,20210128,000000,5.65,5.69,4.96,5.18,5135680,0
AMZN.US,D,20210129,000000,5.35,5.46,4.89,5.07,6163426,0
AMZN.US,D,20210201,000000,5.04,5.18,4.65,4.74,4434941,0
AMZN.US,D,20210201,000000,4.71,4.77,4.70,4.75,5199065,0
AMZN.US,D,20210201,000000,4.63,4.66,4.59,4.59,4081127,0
AMZN.US,D,20210202,000000,4.45,4.55,4.40,4.52,5051064,0
AMZN.US,D,20210203,000000,4.52,4.64,4.49,4.58,6145645,0
AMZN.US,D,20210204,000000,4.75,4.81,4.72,4.79,5351729,0
AMZN.US,D,20210205,000000,4.69,5.14,4.67,4.98,3280201,0
AMZN.US,D,20210208,000000,4.86,4.86,4.80,4.83,7934790,0
AMZN.US,D,20210208,000000,4.85,4.88,4.78,4.86,3284941,0
AMZN.US,D,20210208,000000,4.91,5.34,4.84,5.21,8100281,0
AMZN.US,D,20210209,000000,5.13,5.22,5.12,5.20,8655065,0
AMZN.US,D,20210210,000000,5.27,5.40,5.21,5.31,8860965,0
AMZN.US,D,20210211,000000,5.26,5.44,5.19,5.41,8146390,0
AMZN.US,D,20210212,000000,5.45,5.59,5.05,5.18,6315414,0
AMZN.US,D,20210215,000000,5.20,5.20,5.15,5.17,6890060,0
AMZN.US,D,20210215,000000,5.22,5.24,4.92,5.02,3375340,0
AMZN.US,D,20210215,000000,4.98,4.99,4.98,4.98,5838687,0
AMZN.US,D,20210216,000000,5.01,5.05,4.95,5.03,7888747,0
AMZN.US,D,20210217,000000,5.02,5.23,4.98,5.20,5940604,0
AMZN.US,D,20210218,000000,5.21,5.30,4.63,4.73,8483386,0
AMZN.US,D,20210219,000000,4.72,4.78,4.71,4.78,8729272,0
AMZN.US,D,20210222,000000,4.97,5.05,4.28,4.53,3368922,0
AMZN.US,D,20210222,000000,4.63,4.67,4.17,4.31,8303608,0
AMZN.US,D,20210222,000000,4.36,4.40,4.35,4.39,4773171,0
AMZN.US,D,20210223,000000,4.38,4.39,4.37,4.39,8865278,0
AMZN.US,D,20210224,000000,4.30,5.14,4.03,5.01,8793891,0
AMZN.US,D,20210225,000000,4.98,4.99,4.90,4.98,8155662,0
AMZN.US,D,20210226,000000,4.99,5.01,4.73,4.76,3725691,0
AMZN.US,D,20210301,000000,4.78,4.92,4.48,4.54,6553382,0
AMZN.US,D,20210301,000000,4.55,4.68,4.39,4.40,5215346,0
AMZN.US,D,20210301,000000,4.52,4.58,4.18,4.24,5473935,0
AMZN.US,D,20210302,000000,4.30,4.40,4.13,4.13,6660565,0
AMZN.US,D,20210303,000000,4.13,4.14,3.86,3.92,6771944,0
AMZN.US,D,20210304,000000,3.92,4.01,3.67,3.75,7215022,0
AMZN.US,D,20210305,000000,3.71,3.72,3.58,3.59,6027189,0
AMZN.US,D,20210308,000000,3.63,4.03,3.58,3.96,5336972,0
AMZN.US,D,20210308,000000,4.11,4.27,4.10,4.21,6379973,0
AMZN.US,D,20210308,000000,4.16,4.20,4.15,4.19,5321747,0
AMZN.US,D,20210309,000000,4.20,4.66,4.15,4.51,4389035,0
AMZN.US,D,20210310,000000,4.41,4.75,4.40,4.61,3859608,0
AMZN.US,D,20210311,000000,4.73,4.78,4.33,4.45,5586566,0
AMZN.US,D,20210312,000000,4.38,4.79,4.37,4.70,7374570,0
AMZN.US,D,20210315,000000,4.70,4.85,4.67,4.82,3298664,0
AMZN.US,D,20210315,000000,4.81,4.91,4.77,4.90,3463553,0
AMZN.US,D,20210315,000000,4.91,4.92,4.64,4.65,6263699,0
AMZN.US,D,20210316,000000,4.63,4.88,4.06,4.26,6498475,0
AMZN.US,D,20210317,000000,4.27,4.59,4.15,4.49,3658383,0
AMZN.US,D,20210318,000000,4.52,4.55,4.51,4.54,3689654,0
AMZN.US,D,20210319,000000,4.47,4.48,4.31,4.42,4325865,0
AMZN.US,D,20210322,000000,4.46,4.50,4.17,4.41,3440379,0
AMZN.US,D,20210322,000000,4.43,4.47,4.42,4.45,8948395,0
AMZN.US,D,20210322,000000,4.55,4.57,4.39,4.47,4086229,0
AMZN.US,D,20210323,000000,4.50,5.54,4.31,5.31,8020878,0
AMZN.US,D,20210324,000000,5.22,5.31,5.21,5.30,3402511,0
AMZN.US,D,20210325,000000,5.50,5.81,5.48,5.66,8605614,0
AMZN.US,D,20210326,000000,5.71,5.95,4.22,4.80,8800202,0
AMZN.US,D,20210329,000000,4.71,4.88,4.65,4.83,8154729,0
AMZN.US,D,20210329,000000,4.92,4.96,4.21,4.41,6113062,0
AMZN.US,D,20210329,000000,4.35,4.40,4.34,4.38,7377138,0
AMZN.US,D,20210330,000000,4.38,4.69,4.29,4.61,7258221,0
AMZN.US,D,20210331,000000,4.61,4.62,4.58,4.59,8895340,0
AMZN.US,D,20210401,000000,4.54,4.67,4.37,4.38,3353075,0
AMZN.US,D,20210402,000000,4.35,4.45,4.09,4.10,8476946,0
AMZN.US,D,20210405,000000,4.08,4.25,4.08,4.17,8277861,0
AMZN.US,D,20210405,000000,4.18,4.21,4.13,4.16,7673516,0
AMZN.US,D,20210405,000000,4.27,4.71,4.23,4.57,4940487,0
AMZN.US,D,20210406,000000,4.57,5.24,4.54,4.96,5270928,0
AMZN.US,D,20210407,000000,4.98,5.12,4.38,4.49,4242095,0
AMZN.US,D,20210408,000000,4.46,4.51,3.95,4.10,8049461,0
AMZN.US,D,20210409,000000,4.10,4.38,4.07,4.34,5271987,0
AMZN.US,D,20210412,000000,4.30,4.30,4.25,4.28,5629438,0
AMZN.US,D,20210412,000000,4.24,4.25,4.23,4.25,7758706,0
AMZN.US,D,20210412,000000,4.22,4.75,4.15,4.64,8378097,0
AMZN.US,D,20210413,000000,4.55,4.59,4.40,4.42,5372120,0
AMZN.US,D,20210414,000000,4.45,4.59,4.39,4.59,5111205,0
AMZN.US,D,20210415,000000,4.62,4.67,4.38,4.42,5177790,0
AMZN.US,D,20210416,000000,4.43,4.82,4.39,4.74,8122738,0
AMZN.US,D,20210419,000000,4.73,4.74,4.38,4.52,6567690,0
AMZN.US,D,20210419,000000,4.46,4.62,4.44,4.61,5335707,0
AMZN.US,D,20210419,000000,4.62,4.67,4.60,4.66,8372026,0
AMZN.US,D,20210420,000000,4.63,4.71,4.54,4.58,6121143,0
AMZN.US,D,20210421,000000,4.59,4.91,4.54,4.83,4421789,0
AMZN.US,D,20210422,000000,4.86,4.90,4.45,4.57,3141943,0
AMZN.US,D,20210423,000000,4.62,4.63,4.44,4.47,7035919,0
AMZN.US,D,20210426,000000,4.54,4.55,4.24,4.37,8811947,0
AMZN.US,D,20210426,000000,4.43,4.57,4.04,4.05,3307417,0
AMZN.US,D,20210426,000000,4.05,4.12,4.02,4.12,3921866,0
AMZN.US,D,20210427,000000,4.14,4.39,4.10,4.29,4120564,0
AMZN.US,D,20210428,000000,4.23,4.27,3.90,3.92,8933156,0
AMZN.US,D,20210429,000000,3.87,3.94,3.64,3.67,3896420,0
AMZN.US,D,20210430,000000,3.75,3.77,3.51,3.56,4416410,0
AMZN.US,D,20210503,000000,3.57,3.89,3.52,3.77,6053689,0
AMZN.US,D,20210503,000000,3.75,3.98,3.74,3.89,6109173,0
AMZN.US,D,20210503,000000,3.88,3.99,3.87,3.96,3004909,0
AMZN.US,D,20210504,000000,3.96,3.98,3.96,3.98,4448545,0
AMZN.US,D,20210505,000000,3.93,4.16,3.89,4.15,3685974,0
AMZN.US,D,20210506,000000,4.12,4.18,4.07,4.12,5559327,0
AMZN.US,D,20210507,000000,4.15,4.22,4.11,4.19,4844632,0
AMZN.US,D,20210510,000000,4.23,4.24,4.16,4.19,6450137,0
AMZN.US,D,20210510,000000,4.17,4.30,3.23,3.39,5612830,0
AMZN.US,D,20210510,000000,3.45,3.47,3.37,3.37,7942069,0
AMZN.US,D,20210511,000000,3.30,3.31,3.13,3.25,8729955,0
AMZN.US,D,20210512,000000,3.22,3.59,3.22,3.55,4626680,0
AMZN.US,D,20210513,000000,3.51,4.06,3.49,3.98,7913520,0
AMZN.US,D,20210514,000000,3.99,4.07,3.44,3.64,5683796,0
AMZN.US,D,20210517,000000,3.61,3.73,3.60,3.70,4609467,0
AMZN.US,D,20210517,000000,3.65,4.02,3.56,3.91,4890454,0
AMZN.US,D,20210517,000000,3.86,3.97,3.85,3.94,3848750,0
AMZN.US,D,20210518,000000,3.89,4.02,3.58,3.68,6690678,0
AMZN.US,D,20210519,000000,3.75,3.80,3.71,3.72,6263051,0
AMZN.US,D,20210520,000000,3.73,3.91,3.68,3.88,6477297,0
AMZN.US,D,20210521,000000,3.79,3.80,3.64,3.67,6674008,0
AMZN.US,D,20210524,000000,3.66,4.15,3.60,4.10,6132551,0
AMZN.US,D,20210524,000000,4.17,4.26,3.62,3.74,6380854,0
AMZN.US,D,20210524,000000,3.73,3.84,3.66,3.81,7764481,0
AMZN.US,D,20210525,000000,3.75,3.77,3.67,3.71,5038687,0
AMZN.US,D,20210526,000000,3.67,3.68,3.66,3.67,5567056,0
AMZN.US,D,20210527,000000,3.67,4.13,3.49,3.96,6583043,0
AMZN.US,D,20210528,000000,3.96,3.97,3.80,3.84,8402998,0
AMZN.US,D,20210531,000000,3.89,3.90,3.74,3.84,4532823,0
AMZN.US,D,20210531,000000,3.91,4.01,3.75,3.76,8350608,0
AMZN.US,D,20210531,000000,3.88,3.94,3.76,3.78,3630896,0
AMZN.US,D,20210601,000000,3.80,3.81,3.67,3.69,8595394,0
AMZN.US,D,20210602,000000,3.70,4.04,3.69,3.99,6786219,0
AMZN.US,D,20210603,000000,4.03,4.06,3.90,3.98,4366681,0
AMZN.US,D,20210604,000000,3.92,4.13,3.63,3.71,8625540,0
AMZN.US,D,20210607,000000,3.76,3.86,3.38,3.40,8461644,0
AMZN.US,D,20210607,000000,3.37,3.48,3.36,3.48,7847617,0
AMZN.US,D,20210607,000000,3.39,3.95,3.29,3.75,3385873,0
AMZN.US,D,20210608,000000,3.66,3.96,3.59,3.84,8860574,0
AMZN.US,D,20210609,000000,3.87,3.90,3.81,3.86,3551616,0
AMZN.US,D,20210610,000000,3.80,3.87,3.54,3.57,5793973,0
AMZN.US,D,20210611,000000,3.57,3.89,3.45,3.83,4492064,0
AMZN.US,D,20210614,000000,3.83,3.84,3.77,3.81,4750877,0
AMZN.US,D,20210614,000000,3.77,3.92,3.71,3.89,6577994,0
AMZN.US,D,20210614,000000,3.87,3.88,3.79,3.80,8465838,0
AMZN.US,D,20210615,000000,3.68,3.81,3.66,3.75,4640042,0
AMZN.US,D,20210616,000000,3.65,3.70,3.54,3.56,6815741,0
AMZN.US,D,20210617,000000,3.58,3.77,3.36,3.37,6116630,0
AMZN.US,D,20210618,000000,3.43,3.44,3.38,3.40,4551669,0
AMZN.US,D,20210621,000000,3.47,3.53,2.98,3.01,7151670,0
AMZN.US,D,20210621,000000,3.12,3.18,3.09,3.17,8666786,0
AMZN.US,D,20210621,000000,3.09,3.14,3.07,3.12,3210102,0
AMZN.US,D,20210622,000000,3.15,3.17,2.79,2.98,6776722,0
AMZN.US,D,20210623,000000,2.92,2.97,2.74,2.76,3229075,0
AMZN.US,D,20210624,000000,2.72,2.72,2.19,2.36,3777992,0
AMZN.US,D,20210625,000000,2.35,2.37,2.35,2.37,3797401,0
AMZN.US,D,20210628,000000,2.41,2.61,2.35,2.56,7804904,0
AMZN.US,D,20210628,000000,2.46,2.50,2.15,2.16,4602840,0
AMZN.US,D,20210628,000000,2.17,2.53,2.11,2.50,5166517,0
AMZN.US,D,20210629,000000,2.58,2.59,2.22,2.32,6821874,0
AMZN.US,D,20210630,000000,2.36,2.47,2.35,2.42,8441605,0
AMZN.US,D,20210701,000000,2.39,2.42,2.34,2.35,5724369,0
AMZN.US,D,20210702,000000,2.33,2.34,2.26,2.27,8362480,0
AMZN.US,D,20210705,000000,2.36,2.40,2.04,2.17,8768110,0
AMZN.US,D,20210705,000000,2.15,2.19,1.90,1.97,5210523,0
AMZN.US,D,20210705,000000,1.93,2.01,1.92,1.99,4178698,0
AMZN.US,D,20210706,000000,2.04,2.10,2.04,2.09,8935169,0
AMZN.US,D,20210707,000000,2.08,2.28,2.03,2.28,7064367,0
AMZN.US,D,20210708,000000,2.19,2.55,2.06,2.51,8504894,0
AMZN.US,D,20210709,000000,2.48,2.76,2.47,2.69,5146344,0
AMZN.US,D,20210712,000000,2.74,2.79,2.64,2.65,4307000,0
AMZN.US,D,20210712,000000,2.74,2.82,2.43,2.49,3937995,0
AMZN.US,D,20210712,000000,2.52,2.57,2.42,2.45,6045522,0
AMZN.US,D,20210713,000000,2.48,2.58,2.28,2.34,6827847,0
AMZN.US,D,20210714,000000,2.38,2.39,2.38,2.39,7024803,0
AMZN.US,D,20210715,000000,2.44,2.56,2.19,2.28,6882036,0
AMZN.US,D,20210716,000000,2.23,2.50,2.22,2.46,3371617,0
AMZN.US,D,20210719,000000,2.45,2.46,2.20,2.32,3482636,0
AMZN.US,D,20210719,000000,2.37,2.38,2.29,2.30,7558848,0
AMZN.US,D,20210719,000000,2.32,2.35,2.13,2.16,8882416,0
AMZN.US,D,20210720,000000,2.22,2.22,2.09,2.12,3426720,0
AMZN.US,D,20210721,000000,2.12,2.13,2.01,2.05,8954356,0
AMZN.US,D,20210722,000000,2.00,2.10,1.98,2.10,5968095,0
AMZN.US,D,20210723,000000,2.05,2.08,1.82,1.89,6998666,0
AMZN.US,D,20210726,000000,1.92,2.16,1.88,2.10,8630013,0
AMZN.US,D,20210726,000000,2.13,2.24,2.12,2.21,5860907,0
AMZN.US,D,20210726,000000,2.12,2.27,2.12,2.24,7977490,0
AMZN.US,D,20210727,000000,2.23,2.25,2.08,2.11,5031304,0
AMZN.US,D,20210728,000000,2.11,2.28,2.11,2.23,5553323,0
AMZN.US,D,20210729,000000,2.22,2.23,1.97,2.07,8036947,0
AMZN.US,D,20210730,000000,2.03,2.06,1.98,2.05,7163023,0
AMZN.US,D,20210802,000000,2.00,2.04,2.00,2.03,8461956,0
AMZN.US,D,20210802,000000,2.12,2.17,1.94,1.99,5040490,0
AMZN.US,D,20210802,000000,2.02,2.31,2.00,2.15,5406232,0
AMZN.US,D,20210803,000000,2.16,2.18,2.15,2.17,6361889,0
AMZN.US,D,20210804,000000,2.15,2.57,2.13,2.37,4896849,0
AMZN.US,D,20210805,000000,2.43,2.84,2.35,2.74,7572862,0
AMZN.US,D,20210806,000000,2.66,2.68,2.52,2.63,4568252,0
AMZN.US,D,20210809,000000,2.59,3.33,2.58,3.04,8503514,0
AMZN.US,D,20210809,000000,3.06,3.07,2.90,2.92,4029336,0
AMZN.US,D,20210809,000000,2.95,3.32,2.92,3.18,8626134,0
AMZN.US,D,20210810,000000,3.20,3.24,3.06,3.18,6858983,0
AMZN.US,D,20210811,000000,3.09,3.66,3.03,3.48,7844645,0
AMZN.US,D,20210812,000000,3.47,3.82,3.20,3.77,3852880,0
AMZN.US,D,20210813,000000,3.67,3.71,3.22,3.26,6801098,0
AMZN.US,D,20210816,000000,3.19,3.48,3.18,3.44,7807814,0
AMZN.US,D,20210816,000000,3.44,3.68,3.44,3.62,4372481,0
AMZN.US,D,20210816,000000,3.69,3.77,3.53,3.56,8535479,0
AMZN.US,D,20210817,000000,3.59,3.62,3.57,3.57,5834343,0
AMZN.US,D,20210818,000000,3.41,3.51,2.95,3.04,7153565,0
AMZN.US,D,20210819,000000,3.08,3.08,3.00,3.02,3460785,0
AMZN.US,D,20210820,000000,3.07,3.10,2.90,2.91,4838293,0
AMZN.US,D,20210823,000000,2.87,2.90,2.71,2.73,6498362,0
AMZN.US,D,20210823,000000,2.77,2.88,2.58,2.60,5607103,0
AMZN.US,D,20210823,000000,2.72,2.76,2.54,2.58,5687027,0
AMZN.US,D,20210824,000000,2.60,2.60,2.52,2.55,8465451,0
AMZN.US,D,20210825,000000,2.59,2.60,2.47,2.58,3506980,0
AMZN.US,D,20210826,000000,2.55,2.68,2.48,2.68,5362853,0
AMZN.US,D,20210827,000000,2.74,2.81,2.65,2.69,7242936,0
AMZN.US,D,20210830,000000,2.68,3.20,2.56,3.12,7068732,0
AMZN.US,D,20210830,000000,3.09,3.21,3.08,3.15,5446555,0
AMZN.US,D,20210830,000000,3.09,3.20,3.07,3.20,4270801,0
AMZN.US,D,20210831,000000,3.13,3.66,2.90,3.55,5815516,0
AMZN.US,D,20210901,000000,3.58,3.60,3.41,3.44,3798093,0
AMZN.US,D,20210902,000000,3.44,3.45,3.30,3.31,5890130,0
AMZN.US,D,20210903,000000,3.34,3.37,2.98,3.10,3319260,0
AMZN.US,D,20210906,000000,3.16,3.35,3.16,3.26,7355322,0
AMZN.US,D,20210906,000000,3.31,3.35,3.10,3.10,3929054,0
AMZN.US,D,20210906,000000,3.11,3.15,2.79,2.96,6401007,0
AMZN.US,D,20210907,000000,2.99,3.01,2.92,2.97,6095404,0
AMZN.US,D,20210908,000000,2.94,3.09,2.91,3.03,8086814,0
AMZN.US,D,20210909,000000,2.94,3.23,2.92,3.22,6248759,0
AMZN.US,D,20210910,000000,3.13,3.15,2.98,3.00,7218946,0
AMZN.US,D,20210913,000000,2.98,3.07,2.97,3.04,3743198,0
AMZN.US,D,20210913,000000,3.10,3.12,2.87,2.93,3321972,0
AMZN.US,D,20210913,000000,2.93,3.14,2.89,3.07,5425275,0
AMZN.US,D,20210914,000000,3.13,3.19,3.01,3.02,5365024,0
AMZN.US,D,20210915,000000,2.96,3.05,2.94,3.03,7454023,0
AMZN.US,D,20210916,000000,3.15,3.20,2.86,2.98,4634535,0
AMZN.US,D,20210917,000000,2.98,3.01,2.83,2.84,7558695,0
AMZN.US,D,20210920,000000,2.82,2.84,2.52,2.64,3015223,0
AMZN.US,D,20210920,000000,2.63,2.83,2.63,2.79,3004087,0
AMZN.US,D,20210920,000000,2.77,2.85,2.76,2.82,5915176,0
AMZN.US,D,20210921,000000,2.75,3.11,2.69,2.97,8543608,0
AMZN.US,D,20210922,000000,2.98,3.02,2.73,2.80,7440183,0
AMZN.US,D,20210923,000000,2.83,2.88,2.71,2.73,6460893,0
AMZN.US,D,20210924,000000,2.68,2.82,2.49,2.54,3895280,0
AMZN.US,D,20210927,000000,2.50,2.51,2.43,2.45,4117679,0
AMZN.US,D,20210927,000000,2.53,2.91,2.40,2.82,4077219,0
AMZN.US,D,20210927,000000,2.84,2.85,2.80,2.83,5588012,0
AMZN.US,D,20210928,000000,2.95,2.97,2.79,2.80,5867032,0
AMZN.US,D,20210929,000000,2.85,2.88,2.66,2.71,4826769,0
AMZN.US,D,20210930,000000,2.77,2.78,2.68,2.70,5995937,0
AMZN.US,D,20211001,000000,2.66,3.16,2.64,2.91,5491278,0
AMZN.US,D,20211004,000000,2.88,3.30,2.82,3.22,8409375,0
AMZN.US,D,20211004,000000,3.26,3.35,3.01,3.02,4458744,0
AMZN.US,D,20211004,000000,3.00,3.03,2.81,2.86,6826893,0
AMZN.US,D,20211005,000000,2.82,2.83,2.77,2.78,6237840,0
AMZN.US,D,20211006,000000,2.77,3.06,2.76,3.04,7276766,0
AMZN.US,D,20211007,000000,3.05,3.05,2.92,2.93,4551815,0
AMZN.US,D,20211008,000000,2.88,2.89,2.78,2.79,6841045,0
AMZN.US,D,20211011,000000,2.82,2.85,2.72,2.74,4867574,0
AMZN.US,D,20211011,000000,2.76,2.78,2.55,2.55,3276712,0
AMZN.US,D,20211011,000000,2.45,2.88,2.38,2.66,6463280,0
AMZN.US,D,20211012,000000,2.62,2.84,2.62,2.81,8090561,0
AMZN.US,D,20211013,000000,2.85,3.14,2.81,2.94,4805209,0
AMZN.US,D,20211014,000000,2.98,3.59,2.97,3.38,3641729,0
AMZN.US,D,20211015,000000,3.44,3.64,3.33,3.58,8586926,0
AMZN.US,D,20211018,000000,3.62,3.74,3.59,3.73,6187635,0
AMZN.US,D,20211018,000000,3.78,3.78,3.77,3.78,4591318,0
AMZN.US,D,20211018,000000,3.78,3.80,3.48,3.60,8998126,0
AMZN.US,D,20211019,000000,3.58,3.98,3.57,3.85,3883749,0
AMZN.US,D,20211020,000000,3.69,4.23,3.59,4.20,3227998,0
AMZN.US,D,20211021,000000,4.18,4.43,4.14,4.32,6879919,0
AMZN.US,D,20211022,000000,4.26,4.27,4.23,4.23,5170848,0
AMZN.US,D,20211025,000000,4.25,4.28,4.19,4.20,3302994,0
AMZN.US,D,20211025,000000,4.34,4.47,3.25,3.41,3292246,0
AMZN.US,D,20211025,000000,3.39,3.39,3.34,3.35,8498018,0
AMZN.US,D,20211026,000000,3.37,3.39,3.10,3.12,3803655,0
AMZN.US,D,20211027,000000,3.03,3.23,2.99,3.22,8160448,0
AMZN.US,D,20211028,000000,3.20,3.22,2.91,2.92,8434541,0
AMZN.US,D,20211029,000000,3.00,3.17,2.94,3.15,5983656,0
AMZN.US,D,20211101,000000,3.09,3.11,2.54,2.73,6308139,0
AMZN.US,D,20211101,000000,2.72,2.89,2.69,2.88,7653714,0
AMZN.US,D,20211101,000000,2.88,2.98,2.88,2.97,6731661,0
AMZN.US,D,20211102,000000,2.98,2.99,2.72,2.79,6339597,0
AMZN.US,D,20211103,000000,2.77,2.93,2.76,2.91,4738052,0
AMZN.US,D,20211104,000000,2.95,3.20,2.89,3.07,5378323,0
AMZN.US,D,20211105,000000,3.04,3.05,2.96,2.97,4082835,0
