<TICKER>,<PER>,<DATE>,<TIME>,<OPEN>,<HIGH>,<LOW>,<CLOSE>,<VOL>,<OPENINT>
AVGO.US,D,20180102,000000,807.11,807.39,796.27,796.44,2088270,0
AVGO.US,D,20180103,000000,799.73,804.08,798.03,801.54,1998190,0
AVGO.US,D,20180104,000000,797.66,808.38,796.21,805.00,2784896,0
AVGO.US,D,20180105,000000,798.73,813.63,795.42,812.14,1644304,0
AVGO.US,D,20180108,000000,804.16,805.90,791.91,793.78,1408694,0
AVGO.US,D,20180108,000000,799.36,799.59,769.78,774.30,2261389,0
AVGO.US,D,20180108,000000,772.49,789.09,768.46,785.72,1426708,0
AVGO.US,D,20180109,000000,786.38,787.35,784.29,785.31,2805667,0
AVGO.US,D,20180110,000000,781.66,787.98,778.31,781.87,1402664,0
AVGO.US,D,20180111,000000,785.96,789.44,765.39,765.52,1811633,0
AVGO.US,D,20180112,000000,770.25,794.89,764.29,785.87,1010594,0
AVGO.US,D,20180115,000000,786.63,819.66,784.29,817.12,2481824,0
AVGO.US,D,20180115,000000,815.59,841.21,810.11,834.18,2878654,0
AVGO.US,D,20180115,000000,831.51,836.97,828.86,836.44,1724868,0
AVGO.US,D,20180116,000000,835.21,841.75,834.94,837.87,1096040,0
AVGO.US,D,20180117,000000,836.79,843.41,813.65,818.23,1951954,0
AVGO.US,D,20180118,000000,813.63,821.60,813.53,819.87,1121276,0
AVGO.US,D,20180119,000000,822.32,823.71,795.04,802.96,2851319,0
AVGO.US,D,20180122,000000,808.53,808.96,795.14,796.33,2018301,0
AVGO.US,D,20180122,000000,792.74,823.51,790.22,820.49,1153809,0
AVGO.US,D,20180122,000000,823.97,839.04,819.40,837.44,1539505,0
AVGO.US,D,20180123,000000,830.50,845.00,826.72,840.94,1375239,0
AVGO.US,D,20180124,000000,841.08,888.61,830.05,878.82,1944730,0
AVGO.US,D,20180125,000000,875.68,877.07,866.78,869.39,1937433,0
AVGO.US,D,20180126,000000,866.30,893.65,861.63,877.85,2379438,0
AVGO.US,D,20180129,000000,874.11,888.67,872.47,884.18,2394850,0
AVGO.US,D,20180129,000000,887.60,890.85,874.55,878.85,1847987,0
AVGO.US,D,20180129,000000,884.72,894.73,884.47,894.68,1896124,0
AVGO.US,D,20180130,000000,897.22,902.60,833.45,857.18,2327507,0
AVGO.US,D,20180131,000000,856.89,857.75,838.61,843.08,1855118,0
AVGO.US,D,20180201,000000,846.25,849.46,832.20,836.96,1225196,0
AVGO.US,D,20180202,000000,834.62,834.63,828.05,829.30,1073236,0
AVGO.US,D,20180205,000000,823.08,823.38,820.35,821.43,2473777,0
AVGO.US,D,20180205,000000,819.50,823.78,796.67,800.80,2485374,0
AVGO.US,D,20180205,000000,798.93,810.08,796.35,808.70,2292271,0
AVGO.US,D,20180206,000000,804.66,808.51,790.52,793.39,2071101,0
AVGO.US,D,20180207,000000,793.72,795.33,780.98,784.63,2045485,0
AVGO.US,D,20180208,000000,781.00,803.47,777.38,798.07,1479651,0
AVGO.US,D,20180209,000000,796.68,806.36,796.60,805.16,1326861,0
AVGO.US,D,20180212,000000,803.77,819.91,801.98,818.57,1619087,0
AVGO.US,D,20180212,000000,819.95,833.84,819.69,829.28,2822130,0
AVGO.US,D,20180212,000000,831.92,837.92,808.10,815.42,2585407,0
AVGO.US,D,20180213,000000,817.86,818.79,812.97,817.07,1429524,0
AVGO.US,D,20180214,000000,818.75,823.44,792.43,792.47,2410171,0
AVGO.US,D,20180215,000000,786.95,788.32,783.19,784.34,2935618,0
AVGO.US,D,20180216,000000,779.85,793.57,779.44,792.07,1322654,0
AVGO.US,D,20180219,000000,792.04,794.13,791.75,793.36,1852479,0
AVGO.US,D,20180219,000000,792.94,796.55,792.75,795.17,2684688,0
AVGO.US,D,20180219,000000,794.02,803.14,789.93,802.24,1876133,0
AVGO.US,D,20180220,000000,800.32,801.59,782.97,790.44,2439624,0
AVGO.US,D,20180221,000000,790.24,791.34,788.35,789.10,2823553,0
AVGO.US,D,20180222,000000,788.68,803.60,785.51,800.76,1911755,0
AVGO.US,D,20180223,000000,795.55,796.61,794.80,795.91,2608850,0
AVGO.US,D,20180226,000000,797.39,798.29,781.22,782.56,1254681,0
AVGO.US,D,20180226,000000,782.04,784.09,770.10,774.14,1410907,0
AVGO.US,D,20180226,000000,774.05,779.90,773.64,778.50,2840466,0
AVGO.US,D,20180227,000000,778.92,779.04,771.39,772.89,1773936,0
AVGO.US,D,20180228,000000,774.08,788.18,768.55,785.92,1404678,0
AVGO.US,D,20180301,000000,786.84,793.15,786.68,793.08,2379156,0
AVGO.US,D,20180302,000000,794.78,806.60,792.06,802.19,1032238,0
AVGO.US,D,20180305,000000,804.14,822.15,803.36,817.53,1908711,0
AVGO.US,D,20180305,000000,818.61,821.32,808.96,811.32,2226351,0
AVGO.US,D,20180305,000000,811.13,826.03,810.98,818.38,1849279,0
AVGO.US,D,20180306,000000,816.64,824.03,816.46,821.57,2892873,0
AVGO.US,D,20180307,000000,820.32,822.25,820.27,821.73,2886445,0
AVGO.US,D,20180308,000000,824.49,824.95,819.18,819.54,1695824,0
AVGO.US,D,20180309,000000,818.79,824.96,818.76,823.52,2343697,0
AVGO.US,D,20180312,000000,823.39,823.73,819.76,820.46,1898448,0
AVGO.US,D,20180312,000000,823.12,824.25,816.34,817.59,2366363,0
AVGO.US,D,20180312,000000,818.72,819.08,817.19,817.24,2730684,0
AVGO.US,D,20180313,000000,816.05,819.83,815.19,816.88,2539654,0
AVGO.US,D,20180314,000000,817.95,819.63,817.68,819.45,2465780,0
AVGO.US,D,20180315,000000,817.27,818.90,806.69,806.98,1065647,0
AVGO.US,D,20180316,000000,808.24,811.29,807.40,809.65,2771691,0
AVGO.US,D,20180319,000000,809.08,818.58,808.21,816.04,1903111,0
AVGO.US,D,20180319,000000,815.24,836.41,813.73,827.73,2197156,0
AVGO.US,D,20180319,000000,828.22,828.67,820.09,822.38,1598839,0
AVGO.US,D,20180320,000000,823.12,831.05,822.99,831.00,1019434,0
AVGO.US,D,20180321,000000,827.77,838.07,827.60,833.61,1180547,0
AVGO.US,D,20180322,000000,838.22,839.30,837.98,839.22,1659557,0
AVGO.US,D,20180323,000000,840.59,859.33,833.28,855.03,1291899,0
AVGO.US,D,20180326,000000,850.36,851.06,848.66,848.66,1589571,0
AVGO.US,D,20180326,000000,851.98,852.33,849.77,850.67,1578756,0
AVGO.US,D,20180326,000000,850.43,850.63,843.72,847.09,1253398,0
AVGO.US,D,20180327,000000,844.83,847.20,841.83,842.77,2065284,0
AVGO.US,D,20180328,000000,841.88,853.81,840.97,847.59,1345511,0
AVGO.US,D,20180329,000000,851.12,851.46,844.75,845.80,2746594,0
AVGO.US,D,20180330,000000,844.30,853.55,843.45,850.11,2106260,0
AVGO.US,D,20180402,000000,852.70,853.11,849.87,850.14,2678773,0
AVGO.US,D,20180402,000000,846.82,869.76,844.90,858.35,2384125,0
AVGO.US,D,20180402,000000,861.25,863.19,850.44,853.46,1852199,0
AVGO.US,D,20180403,000000,855.33,856.66,851.90,852.01,1822859,0
AVGO.US,D,20180404,000000,847.10,850.11,838.54,839.23,2404683,0
AVGO.US,D,20180405,000000,839.27,842.00,800.43,817.65,2506504,0
AVGO.US,D,20180406,000000,818.33,826.40,779.46,791.28,1752582,0
AVGO.US,D,20180409,000000,786.23,787.56,781.22,784.73,1744364,0
AVGO.US,D,20180409,000000,783.04,813.55,782.40,804.22,2734751,0
AVGO.US,D,20180409,000000,807.67,834.82,801.67,825.20,1534301,0
AVGO.US,D,20180410,000000,828.38,829.75,825.53,826.47,2049374,0
AVGO.US,D,20180411,000000,826.37,827.65,779.48,785.12,2159347,0
AVGO.US,D,20180412,000000,784.99,785.83,782.41,782.54,1663286,0
AVGO.US,D,20180413,000000,787.39,789.24,771.70,779.52,1771153,0
AVGO.US,D,20180416,000000,774.98,775.24,767.17,767.71,2755231,0
AVGO.US,D,20180416,000000,764.52,794.00,758.21,784.63,2453589,0
AVGO.US,D,20180416,000000,782.10,786.15,780.63,784.29,2957509,0
AVGO.US,D,20180417,000000,787.37,792.64,787.21,792.45,1014638,0
AVGO.US,D,20180418,000000,787.28,789.66,763.93,769.74,1025749,0
AVGO.US,D,20180419,000000,773.40,784.25,773.05,779.26,1242002,0
AVGO.US,D,20180420,000000,776.39,777.15,775.31,776.01,1603282,0
AVGO.US,D,20180423,000000,777.87,779.95,771.65,773.30,2244008,0
AVGO.US,D,20180423,000000,772.96,773.08,769.94,770.09,1338976,0
AVGO.US,D,20180423,000000,772.41,776.09,751.62,754.56,2485252,0
AVGO.US,D,20180424,000000,752.90,753.56,749.97,751.10,1297847,0
AVGO.US,D,20180425,000000,754.12,777.17,748.01,771.21,1077753,0
AVGO.US,D,20180426,000000,772.15,774.60,758.27,758.76,2933841,0
AVGO.US,D,20180427,000000,759.89,760.53,744.40,748.39,1595888,0
AVGO.US,D,20180430,000000,748.07,750.29,739.21,741.07,1094113,0
AVGO.US,D,20180430,000000,738.98,740.28,736.43,736.95,2812290,0
AVGO.US,D,20180430,000000,735.92,739.85,734.46,737.10,1769397,0
AVGO.US,D,20180501,000000,736.42,736.92,733.77,734.88,2828117,0
AVGO.US,D,20180502,000000,735.27,740.07,734.44,739.98,2985735,0
AVGO.US,D,20180503,000000,745.50,749.15,744.60,747.50,1701978,0
AVGO.US,D,20180504,000000,747.18,759.01,743.26,755.76,2557157,0
AVGO.US,D,20180507,000000,753.43,764.02,751.42,761.67,2916744,0
AVGO.US,D,20180507,000000,764.45,765.96,751.48,751.69,2215003,0
AVGO.US,D,20180507,000000,750.42,751.43,750.29,750.76,2241559,0
AVGO.US,D,20180508,000000,749.07,749.91,746.12,746.76,2011379,0
AVGO.US,D,20180509,000000,747.26,755.63,746.02,753.88,1255668,0
AVGO.US,D,20180510,000000,757.38,760.96,756.36,760.69,1915096,0
AVGO.US,D,20180511,000000,760.31,761.03,760.13,760.98,1796510,0
AVGO.US,D,20180514,000000,762.99,763.81,757.95,758.13,1405040,0
AVGO.US,D,20180514,000000,756.63,762.48,755.65,761.90,2615160,0
AVGO.US,D,20180514,000000,760.83,760.90,757.91,758.55,2555168,0
AVGO.US,D,20180515,000000,758.26,772.01,757.53,768.83,1819071,0
AVGO.US,D,20180516,000000,768.14,768.43,760.35,763.21,2428952,0
AVGO.US,D,20180517,000000,763.85,763.98,760.28,760.63,1472285,0
AVGO.US,D,20180518,000000,762.47,764.17,753.27,754.17,1105767,0
AVGO.US,D,20180521,000000,752.20,752.51,749.33,749.35,1214109,0
AVGO.US,D,20180521,000000,747.53,747.63,743.44,743.75,2056119,0
AVGO.US,D,20180521,000000,745.60,747.27,739.95,742.36,1849702,0
AVGO.US,D,20180522,000000,743.38,747.70,741.90,747.52,2304825,0
AVGO.US,D,20180523,000000,745.62,746.78,745.42,745.59,1299585,0
AVGO.US,D,20180524,000000,745.07,747.16,736.35,737.68,2812769,0
AVGO.US,D,20180525,000000,737.20,738.37,730.51,732.02,2654051,0
AVGO.US,D,20180528,000000,732.29,732.78,717.27,720.72,1245632,0
AVGO.US,D,20180528,000000,722.04,726.28,721.47,725.66,1211120,0
AVGO.US,D,20180528,000000,725.73,744.76,724.39,744.27,1049139,0
AVGO.US,D,20180529,000000,741.23,744.46,740.16,743.87,1209229,0
AVGO.US,D,20180530,000000,741.97,752.00,739.09,748.66,2796275,0
AVGO.US,D,20180531,000000,751.16,761.31,750.45,757.62,1657043,0
AVGO.US,D,20180601,000000,757.82,771.86,757.82,767.23,2788375,0
AVGO.US,D,20180604,000000,767.46,769.51,766.30,769.18,2825792,0
AVGO.US,D,20180604,000000,771.66,774.61,771.03,773.90,2074467,0
AVGO.US,D,20180604,000000,772.82,773.94,769.63,770.44,2571390,0
AVGO.US,D,20180605,000000,769.49,773.17,768.28,771.07,2139851,0
AVGO.US,D,20180606,000000,772.76,781.93,763.99,781.17,4278185,0
AVGO.US,D,20180607,000000,792.38,797.80,788.31,793.17,2317775,0
AVGO.US,D,20180608,000000,798.13,819.75,793.82,808.16,4076174,0
AVGO.US,D,20180611,000000,804.44,826.12,804.35,817.42,2520849,0
AVGO.US,D,20180611,000000,811.36,836.33,806.01,833.48,4617181,0
AVGO.US,D,20180611,000000,827.35,847.80,816.66,838.75,4160189,0
AVGO.US,D,20180612,000000,842.22,864.95,839.56,860.77,4087765,0
AVGO.US,D,20180613,000000,860.59,876.50,854.56,873.39,4959989,0
AVGO.US,D,20180614,000000,876.09,893.80,871.21,892.77,3960796,0
AVGO.US,D,20180615,000000,903.73,915.88,900.05,911.34,2861364,0
AVGO.US,D,20180618,000000,904.25,922.94,902.51,921.05,3826762,0
AVGO.US,D,20180618,000000,929.08,948.23,928.22,941.56,3964666,0
AVGO.US,D,20180618,000000,938.28,960.83,930.88,957.14,3444230,0
AVGO.US,D,20180619,000000,954.36,989.00,945.82,976.45,5814426,0
AVGO.US,D,20180620,000000,969.75,1013.22,969.47,995.44,5719139,0
AVGO.US,D,20180621,000000,1006.29,1041.76,1000.75,1019.35,2848842,0
AVGO.US,D,20180622,000000,1019.24,1060.23,1009.52,1040.03,5729488,0
AVGO.US,D,20180625,000000,1046.91,1073.85,1040.60,1066.18,3212290,0
AVGO.US,D,20180625,000000,1071.89,1108.27,1067.76,1094.37,5948185,0
AVGO.US,D,20180625,000000,1104.42,1138.54,1102.25,1128.94,6543146,0
AVGO.US,D,20180626,000000,1129.39,1163.72,1121.30,1160.78,3370922,0
AVGO.US,D,20180627,000000,1179.45,1204.57,1177.35,1202.57,5664144,0
AVGO.US,D,20180628,000000,1194.13,1251.06,1193.44,1234.36,6778891,0
AVGO.US,D,20180629,000000,1231.06,1279.19,1216.90,1268.13,4048475,0
AVGO.US,D,20180702,000000,1253.33,1317.63,1234.98,1311.22,3938920,0
AVGO.US,D,20180702,000000,1316.59,1357.40,1303.21,1354.26,4426383,0
AVGO.US,D,20180702,000000,1350.43,1406.68,1340.56,1390.03,4542763,0
AVGO.US,D,20180703,000000,1398.67,1459.93,1378.36,1426.21,4405422,0
AVGO.US,D,20180704,000000,1446.24,1469.19,1436.14,1466.85,5040167,0
AVGO.US,D,20180705,000000,1478.05,1513.09,1476.22,1505.63,7627815,0
AVGO.US,D,20180706,000000,1506.98,1574.09,1495.95,1545.07,4856287,0
AVGO.US,D,20180709,000000,1564.57,1602.25,1559.53,1596.31,5678550,0
AVGO.US,D,20180709,000000,1614.75,1650.57,1610.24,1633.55,6774770,0
AVGO.US,D,20180709,000000,1633.33,1716.99,1605.57,1684.49,5255833,0
AVGO.US,D,20180710,000000,1677.72,1785.37,1665.45,1742.46,5207807,0
AVGO.US,D,20180711,000000,1758.34,1818.06,1744.32,1814.95,9807086,0
AVGO.US,D,20180712,000000,1837.51,1900.04,1836.54,1881.33,9022852,0
AVGO.US,D,20180713,000000,1892.22,2020.38,1884.17,1964.58,4228872,0
AVGO.US,D,20180716,000000,1988.11,2038.41,1987.36,2033.34,9327724,0
AVGO.US,D,20180716,000000,1996.79,2049.86,1995.44,2029.91,1071402,0
AVGO.US,D,20180716,000000,2025.58,2154.60,2008.06,2146.39,1047130,0
AVGO.US,D,20180717,000000,2131.03,2172.56,2126.48,2155.68,1330158,0
AVGO.US,D,20180718,000000,2192.62,2198.62,2072.68,2105.02,1308443,0
AVGO.US,D,20180719,000000,2135.98,2243.94,2101.73,2193.62,2457791,0
AVGO.US,D,20180720,000000,2178.02,2322.69,2165.36,2274.67,1340473,0
AVGO.US,D,20180723,000000,2302.01,2312.53,2220.42,2228.00,1868581,0
AVGO.US,D,20180723,000000,2226.68,2231.04,2101.88,2132.93,2781934,0
AVGO.US,D,20180723,000000,2156.93,2165.44,2065.37,2094.58,2119902,0
AVGO.US,D,20180724,000000,2081.83,2089.20,1979.52,1993.68,2601681,0
AVGO.US,D,20180725,000000,1980.74,1993.71,1927.81,1941.56,1032550,0
AVGO.US,D,20180726,000000,1967.60,1968.57,1850.02,1893.24,1283519,0
AVGO.US,D,20180727,000000,1889.09,1904.36,1809.01,1820.72,2556185,0
AVGO.US,D,20180730,000000,1839.51,1886.39,1705.58,1720.64,2484557,0
AVGO.US,D,20180730,000000,1730.42,1730.66,1726.18,1727.28,1738231,0
AVGO.US,D,20180730,000000,1727.81,1727.88,1699.00,1701.20,2135739,0
AVGO.US,D,20180731,000000,1717.72,1729.22,1696.21,1696.42,2118542,0
AVGO.US,D,20180801,000000,1697.09,1840.69,1696.12,1786.15,2537662,0
AVGO.US,D,20180802,000000,1799.04,1804.30,1794.32,1794.98,2072650,0
AVGO.US,D,20180803,000000,1785.63,1817.48,1785.24,1806.18,1136897,0
AVGO.US,D,20180806,000000,1802.58,1805.00,1797.69,1799.58,1098964,0
AVGO.US,D,20180806,000000,1786.96,1860.85,1772.46,1836.66,2714333,0
AVGO.US,D,20180806,000000,1839.34,1854.72,1790.83,1799.07,2025190,0
AVGO.US,D,20180807,000000,1820.12,1836.27,1770.34,1781.95,1077029,0
AVGO.US,D,20180808,000000,1792.89,1869.09,1769.86,1855.48,2313976,0
AVGO.US,D,20180809,000000,1855.19,1875.25,1853.73,1873.68,2448001,0
AVGO.US,D,20180810,000000,1891.77,1909.45,1801.98,1835.41,1366113,0
AVGO.US,D,20180813,000000,1845.81,1859.57,1837.03,1854.89,1159138,0
AVGO.US,D,20180813,000000,1875.98,1880.78,1838.32,1859.52,1339400,0
AVGO.US,D,20180813,000000,1858.01,1861.35,1848.52,1851.15,2545775,0
AVGO.US,D,20180814,000000,1845.34,1852.38,1829.78,1841.61,2641838,0
AVGO.US,D,20180815,000000,1823.46,1912.69,1821.92,1848.82,2690159,0
AVGO.US,D,20180816,000000,1857.78,1918.39,1848.59,1895.16,1842457,0
AVGO.US,D,20180817,000000,1898.75,1909.60,1825.09,1839.50,2913737,0
AVGO.US,D,20180820,000000,1840.02,1841.17,1836.68,1837.35,2883692,0
AVGO.US,D,20180820,000000,1830.43,1835.32,1812.70,1819.48,1560532,0
AVGO.US,D,20180820,000000,1810.94,1814.17,1791.03,1801.16,1953116,0
AVGO.US,D,20180821,000000,1799.66,1815.60,1799.33,1810.83,2241534,0
AVGO.US,D,20180822,000000,1810.01,1814.70,1799.62,1807.30,2280513,0
AVGO.US,D,20180823,000000,1802.94,1817.74,1793.46,1815.66,2705738,0
AVGO.US,D,20180824,000000,1825.61,1856.84,1813.67,1851.48,2285558,0
AVGO.US,D,20180827,000000,1837.88,1917.06,1825.15,1894.32,2680108,0
AVGO.US,D,20180827,000000,1898.66,1919.02,1826.65,1857.39,1402099,0
AVGO.US,D,20180827,000000,1855.06,1924.43,1849.84,1885.86,2451056,0
AVGO.US,D,20180828,000000,1897.44,1898.54,1886.37,1889.69,2578389,0
AVGO.US,D,20180829,000000,1893.58,1895.74,1876.20,1885.71,2638453,0
AVGO.US,D,20180830,000000,1877.14,1880.28,1865.15,1873.17,2855626,0
AVGO.US,D,20180831,000000,1884.87,1891.19,1844.30,1868.72,2921225,0
AVGO.US,D,20180903,000000,1838.09,1878.80,1836.77,1873.43,1971450,0
AVGO.US,D,20180903,000000,1889.81,1948.24,1712.13,1775.09,1976258,0
AVGO.US,D,20180903,000000,1779.07,1811.16,1763.43,1808.65,1817024,0
AVGO.US,D,20180904,000000,1809.77,1812.45,1782.38,1787.35,2341360,0
AVGO.US,D,20180905,000000,1786.85,1814.08,1786.05,1803.44,1310330,0
AVGO.US,D,20180906,000000,1811.11,1816.70,1808.50,1813.75,1477237,0
AVGO.US,D,20180907,000000,1815.75,1828.17,1814.53,1821.56,1567888,0
AVGO.US,D,20180910,000000,1839.00,1844.79,1774.75,1777.38,1615691,0
AVGO.US,D,20180910,000000,1761.46,1810.93,1740.43,1802.61,1261924,0
AVGO.US,D,20180910,000000,1806.03,1878.00,1774.14,1871.81,1330213,0
AVGO.US,D,20180911,000000,1885.57,1892.59,1865.69,1868.79,1047775,0
AVGO.US,D,20180912,000000,1864.29,1878.65,1863.17,1877.26,1203343,0
AVGO.US,D,20180913,000000,1871.42,1873.36,1839.15,1840.73,1131322,0
AVGO.US,D,20180914,000000,1843.03,1878.01,1760.09,1790.83,1990060,0
AVGO.US,D,20180917,000000,1794.38,1799.69,1766.98,1777.08,2260743,0
AVGO.US,D,20180917,000000,1766.97,1772.29,1740.72,1750.69,2293123,0
AVGO.US,D,20180917,000000,1750.21,1751.96,1708.40,1722.32,1820874,0
AVGO.US,D,20180918,000000,1718.08,1748.47,1712.53,1727.43,2430410,0
AVGO.US,D,20180919,000000,1711.57,1725.83,1634.17,1658.29,1999852,0
AVGO.US,D,20180920,000000,1671.82,1757.55,1670.56,1714.79,1298576,0
AVGO.US,D,20180921,000000,1725.83,1727.11,1678.40,1689.36,2667678,0
AVGO.US,D,20180924,000000,1695.52,1699.13,1677.28,1687.31,2720649,0
AVGO.US,D,20180924,000000,1684.95,1690.62,1684.57,1688.48,2725526,0
AVGO.US,D,20180924,000000,1691.36,1695.01,1660.49,1661.02,1396024,0
AVGO.US,D,20180925,000000,1661.59,1682.09,1652.64,1679.17,2319812,0
AVGO.US,D,20180926,000000,1677.53,1791.93,1649.23,1736.58,1414940,0
AVGO.US,D,20180927,000000,1748.83,1756.33,1698.44,1714.06,1641045,0
AVGO.US,D,20180928,000000,1712.27,1765.82,1705.58,1748.96,1612337,0
AVGO.US,D,20181001,000000,1747.50,1748.18,1714.58,1717.00,1788043,0
AVGO.US,D,20181001,000000,1719.48,1831.16,1716.04,1769.53,2792210,0
AVGO.US,D,20181001,000000,1769.76,1792.09,1680.47,1714.82,2964544,0
AVGO.US,D,20181002,000000,1733.91,1741.25,1722.88,1723.38,2452712,0
AVGO.US,D,20181003,000000,1735.78,1757.33,1594.40,1640.84,2831545,0
AVGO.US,D,20181004,000000,1639.22,1647.50,1537.29,1563.50,2206929,0
AVGO.US,D,20181005,000000,1586.19,1588.56,1576.39,1582.93,1727814,0
AVGO.US,D,20181008,000000,1572.89,1599.08,1560.35,1588.59,2533991,0
AVGO.US,D,20181008,000000,1586.71,1590.03,1531.24,1537.64,2218763,0
AVGO.US,D,20181008,000000,1532.88,1572.80,1527.61,1564.90,1652293,0
AVGO.US,D,20181009,000000,1565.21,1566.88,1561.52,1565.42,1651042,0
AVGO.US,D,20181010,000000,1562.16,1565.39,1561.32,1564.38,2253846,0
AVGO.US,D,20181011,000000,1570.12,1601.86,1568.73,1588.84,2910505,0
AVGO.US,D,20181012,000000,1586.70,1605.25,1578.67,1604.65,2012227,0
AVGO.US,D,20181015,000000,1606.28,1607.14,1594.89,1598.63,2513804,0
AVGO.US,D,20181015,000000,1594.33,1595.87,1576.36,1580.32,2602174,0
AVGO.US,D,20181015,000000,1577.55,1615.85,1568.31,1609.04,1250248,0
AVGO.US,D,20181016,000000,1609.05,1614.07,1606.69,1613.13,2150372,0
AVGO.US,D,20181017,000000,1607.53,1619.77,1565.43,1572.85,1572679,0
AVGO.US,D,20181018,000000,1571.79,1578.67,1570.53,1576.86,1937154,0
AVGO.US,D,20181019,000000,1578.36,1578.79,1554.76,1567.29,1272071,0
AVGO.US,D,20181022,000000,1566.60,1568.70,1533.34,1545.33,2097671,0
AVGO.US,D,20181022,000000,1548.56,1555.86,1546.71,1554.60,1145938,0
AVGO.US,D,20181022,000000,1556.12,1571.68,1544.58,1560.04,1900554,0
AVGO.US,D,20181023,000000,1561.61,1571.22,1559.66,1567.85,1137156,0
AVGO.US,D,20181024,000000,1565.21,1567.41,1551.56,1554.14,2703119,0
AVGO.US,D,20181025,000000,1561.67,1568.18,1539.04,1541.09,2170318,0
AVGO.US,D,20181026,000000,1541.58,1543.69,1535.29,1536.98,2415415,0
AVGO.US,D,20181029,000000,1541.79,1541.90,1541.27,1541.43,1511151,0
AVGO.US,D,20181029,000000,1551.40,1559.12,1549.71,1555.84,2523753,0
AVGO.US,D,20181029,000000,1558.27,1590.82,1554.18,1579.68,2468009,0
AVGO.US,D,20181030,000000,1582.18,1583.14,1562.63,1565.40,1782598,0
AVGO.US,D,20181031,000000,1563.21,1573.12,1540.49,1540.82,2531857,0
AVGO.US,D,20181101,000000,1529.12,1570.57,1519.84,1566.03,2545237,0
AVGO.US,D,20181102,000000,1565.30,1614.06,1554.17,1602.18,1239010,0
AVGO.US,D,20181105,000000,1603.17,1613.43,1570.38,1588.54,1662378,0
AVGO.US,D,20181105,000000,1580.16,1593.41,1578.66,1585.23,2750890,0
AVGO.US,D,20181105,000000,1590.51,1593.32,1578.98,1592.75,1944134,0
AVGO.US,D,20181106,000000,1595.59,1596.54,1593.16,1593.31,2615006,0
AVGO.US,D,20181107,000000,1601.55,1602.61,1569.78,1581.17,2901815,0
AVGO.US,D,20181108,000000,1581.29,1586.11,1578.98,1585.94,2024430,0
AVGO.US,D,20181109,000000,1585.33,1585.88,1580.64,1581.01,2752853,0
AVGO.US,D,20181112,000000,1588.52,1595.18,1544.29,1560.80,1416056,0
AVGO.US,D,20181112,000000,1560.29,1566.10,1558.27,1563.39,2460306,0
AVGO.US,D,20181112,000000,1563.17,1566.18,1553.70,1558.62,2114439,0
AVGO.US,D,20181113,000000,1558.82,1561.96,1549.95,1551.48,2395507,0
AVGO.US,D,20181114,000000,1552.10,1562.28,1550.69,1557.99,2624099,0
AVGO.US,D,20181115,000000,1557.84,1560.70,1557.67,1560.67,1646397,0
AVGO.US,D,20181116,000000,1562.72,1570.02,1561.98,1568.22,2250269,0
AVGO.US,D,20181119,000000,1565.01,1569.01,1562.07,1568.13,1845537,0
AVGO.US,D,20181119,000000,1564.43,1570.87,1561.58,1570.16,2882648,0
AVGO.US,D,20181119,000000,1569.30,1569.56,1563.64,1567.36,2191334,0
AVGO.US,D,20181120,000000,1567.11,1567.42,1567.05,1567.31,1808133,0
AVGO.US,D,20181121,000000,1568.05,1569.72,1568.00,1569.35,2959037,0
AVGO.US,D,20181122,000000,1567.35,1569.25,1559.63,1561.54,2314208,0
AVGO.US,D,20181123,000000,1564.78,1581.43,1561.55,1576.61,2950427,0
AVGO.US,D,20181126,000000,1579.96,1599.88,1578.25,1591.49,2077684,0
AVGO.US,D,20181126,000000,1591.06,1633.72,1575.64,1625.77,2356197,0
AVGO.US,D,20181126,000000,1631.47,1635.09,1630.37,1634.51,1347653,0
AVGO.US,D,20181127,000000,1633.10,1636.36,1618.35,1620.80,2309029,0
AVGO.US,D,20181128,000000,1618.70,1664.15,1612.66,1661.37,2257739,0
AVGO.US,D,20181129,000000,1658.83,1661.35,1644.75,1645.68,1784532,0
AVGO.US,D,20181130,000000,1648.39,1652.12,1646.57,1651.22,2951567,0
AVGO.US,D,20181203,000000,1638.75,1681.78,1637.68,1681.48,2387423,0
AVGO.US,D,20181203,000000,1676.79,1678.57,1666.27,1667.81,2587162,0
AVGO.US,D,20181203,000000,1665.65,1667.10,1657.20,1657.23,2295058,0
AVGO.US,D,20181204,000000,1656.57,1660.54,1650.59,1651.90,2810229,0
AVGO.US,D,20181205,000000,1653.58,1663.29,1651.81,1657.34,2340184,0
AVGO.US,D,20181206,000000,1663.64,1665.62,1649.76,1653.65,1921630,0
AVGO.US,D,20181207,000000,1657.25,1664.17,1654.39,1661.45,1834170,0
AVGO.US,D,20181210,000000,1661.00,1680.67,1659.72,1679.22,2490550,0
AVGO.US,D,20181210,000000,1672.83,1676.75,1672.40,1675.96,2688403,0
AVGO.US,D,20181210,000000,1670.11,1675.12,1668.02,1674.99,2226462,0
AVGO.US,D,20181211,000000,1652.19,1653.36,1589.67,1590.51,4986718,0
AVGO.US,D,20181212,000000,1585.83,1606.38,1540.00,1540.02,5940318,0
AVGO.US,D,20181213,000000,1535.18,1556.67,1442.98,1460.41,4623067,0
AVGO.US,D,20181214,000000,1503.13,1527.33,1333.64,1402.12,7403707,0
AVGO.US,D,20181217,000000,1408.38,1431.71,1346.17,1347.01,7767481,0
AVGO.US,D,20181217,000000,1323.01,1345.06,1260.39,1265.60,6099587,0
AVGO.US,D,20181217,000000,1262.04,1277.31,1121.74,1149.60,6570044,0
AVGO.US,D,20181218,000000,1154.26,1179.42,1071.74,1079.17,6947834,0
AVGO.US,D,20181219,000000,1085.58,1104.90,1082.87,1103.74,2629759,0
AVGO.US,D,20181220,000000,1117.64,1127.66,981.02,1000.57,1280665,0
AVGO.US,D,20181221,000000,1006.79,1031.53,996.03,1027.17,2524521,0
AVGO.US,D,20181224,000000,1043.78,1043.89,983.27,985.40,2689466,0
AVGO.US,D,20181224,000000,977.68,978.71,946.11,950.87,2859315,0
AVGO.US,D,20181224,000000,943.55,1006.29,939.70,982.26,1000653,0
AVGO.US,D,20181225,000000,985.15,999.77,932.05,936.34,2806981,0
AVGO.US,D,20181226,000000,917.69,920.43,880.30,885.90,2951391,0
AVGO.US,D,20181227,000000,887.09,914.60,885.58,906.80,2739967,0
AVGO.US,D,20181228,000000,908.34,912.74,870.12,881.19,1005829,0
AVGO.US,D,20181231,000000,894.88,903.92,803.09,823.10,1294929,0
AVGO.US,D,20181231,000000,826.32,851.74,820.38,844.61,2150731,0
AVGO.US,D,20181231,000000,847.55,847.68,829.09,829.99,1172492,0
AVGO.US,D,20190101,000000,844.69,844.95,797.49,798.23,1332192,0
AVGO.US,D,20190102,000000,804.56,806.82,802.32,803.82,2346821,0
AVGO.US,D,20190103,000000,803.99,816.14,796.85,808.35,1070297,0
AVGO.US,D,20190104,000000,791.45,792.02,780.59,782.30,1988728,0
AVGO.US,D,20190107,000000,775.42,811.42,773.69,805.63,1162909,0
AVGO.US,D,20190107,000000,794.37,823.53,777.18,821.77,1818959,0
AVGO.US,D,20190107,000000,814.86,825.10,751.53,765.69,2323044,0
AVGO.US,D,20190108,000000,759.10,766.44,740.82,741.14,1292786,0
AVGO.US,D,20190109,000000,743.55,745.80,721.80,731.08,2673757,0
AVGO.US,D,20190110,000000,735.12,768.79,716.59,756.40,2406581,0
AVGO.US,D,20190111,000000,747.27,749.12,675.57,714.18,2392939,0
AVGO.US,D,20190114,000000,700.43,771.43,689.27,754.90,1818448,0
AVGO.US,D,20190114,000000,744.93,750.70,743.06,750.66,2988924,0
AVGO.US,D,20190114,000000,759.82,764.60,758.26,763.48,1233591,0
AVGO.US,D,20190115,000000,769.24,772.73,760.86,764.18,2383737,0
AVGO.US,D,20190116,000000,770.77,774.16,748.27,754.62,2579699,0
AVGO.US,D,20190117,000000,764.28,793.94,761.27,780.02,1224403,0
AVGO.US,D,20190118,000000,795.51,868.82,790.62,850.88,1979497,0
AVGO.US,D,20190121,000000,830.59,851.34,801.60,807.32,1647408,0
AVGO.US,D,20190121,000000,815.34,836.65,813.40,828.50,2803950,0
AVGO.US,D,20190121,000000,819.70,825.46,818.91,822.93,1947879,0
AVGO.US,D,20190122,000000,833.78,843.51,832.82,839.52,2984417,0
AVGO.US,D,20190123,000000,856.44,858.12,849.38,850.44,2633551,0
AVGO.US,D,20190124,000000,855.56,922.75,839.84,909.13,2964638,0
AVGO.US,D,20190125,000000,902.57,934.74,805.44,828.01,2588740,0
AVGO.US,D,20190128,000000,844.21,844.90,804.33,810.49,1462059,0
AVGO.US,D,20190128,000000,804.84,829.55,747.32,751.87,1388870,0
AVGO.US,D,20190128,000000,745.56,763.28,738.04,762.79,1398926,0
AVGO.US,D,20190129,000000,770.80,776.48,748.56,753.71,1733143,0
AVGO.US,D,20190130,000000,764.59,771.11,755.40,762.38,1527748,0
AVGO.US,D,20190131,000000,775.42,786.54,719.61,734.67,2301770,0
AVGO.US,D,20190201,000000,725.26,734.12,719.32,729.70,1230820,0
AVGO.US,D,20190204,000000,725.02,741.07,723.51,735.61,1975250,0
AVGO.US,D,20190204,000000,742.24,745.82,678.47,694.01,2811468,0
AVGO.US,D,20190204,000000,677.35,739.37,672.63,732.37,1011729,0
AVGO.US,D,20190205,000000,727.05,760.64,721.50,753.79,2219902,0
AVGO.US,D,20190206,000000,753.84,767.33,714.98,717.19,1552809,0
AVGO.US,D,20190207,000000,725.95,727.12,718.74,721.34,2115799,0
AVGO.US,D,20190208,000000,722.91,728.58,692.24,699.98,2944320,0
AVGO.US,D,20190211,000000,690.77,748.84,689.54,734.95,2542573,0
AVGO.US,D,20190211,000000,739.84,759.84,697.49,701.43,1424152,0
AVGO.US,D,20190211,000000,698.26,761.96,671.48,746.25,1001836,0
AVGO.US,D,20190212,000000,751.47,779.54,738.76,772.73,2722124,0
AVGO.US,D,20190213,000000,774.82,781.72,735.08,747.21,1441974,0
AVGO.US,D,20190214,000000,741.28,746.64,718.06,721.25,1618825,0
AVGO.US,D,20190215,000000,714.89,769.83,709.46,767.44,1552730,0
AVGO.US,D,20190218,000000,781.32,821.22,779.26,820.75,1787082,0
AVGO.US,D,20190218,000000,811.02,838.19,800.12,833.79,2211519,0
AVGO.US,D,20190218,000000,846.89,854.02,787.77,796.62,2973138,0
AVGO.US,D,20190219,000000,790.98,885.85,771.10,867.80,1357931,0
AVGO.US,D,20190220,000000,845.30,847.86,800.89,803.24,2961629,0
AVGO.US,D,20190221,000000,817.81,822.36,738.02,770.43,2686099,0
AVGO.US,D,20190222,000000,769.22,800.03,767.02,791.12,2901045,0
AVGO.US,D,20190225,000000,785.12,795.47,769.54,770.67,2476497,0
AVGO.US,D,20190225,000000,760.67,780.27,754.49,771.68,2420143,0
AVGO.US,D,20190225,000000,777.97,792.96,724.21,733.16,2100347,0
AVGO.US,D,20190226,000000,716.84,731.22,692.34,694.40,2309596,0
AVGO.US,D,20190227,000000,699.27,709.44,621.51,655.41,2499773,0
AVGO.US,D,20190228,000000,655.18,668.43,652.16,667.80,1144319,0
AVGO.US,D,20190301,000000,671.74,672.29,669.61,671.16,2378494,0
AVGO.US,D,20190304,000000,672.36,676.75,671.81,675.11,2773939,0
AVGO.US,D,20190304,000000,674.70,722.86,667.85,697.60,1875532,0
AVGO.US,D,20190304,000000,712.56,758.07,705.58,754.75,1032145,0
AVGO.US,D,20190305,000000,752.86,763.31,748.24,758.90,2324530,0
AVGO.US,D,20190306,000000,776.74,847.29,769.36,840.23,1807548,0
AVGO.US,D,20190307,000000,820.60,880.51,801.46,860.77,1909682,0
AVGO.US,D,20190308,000000,863.66,881.00,860.21,870.21,2148623,0
AVGO.US,D,20190311,000000,882.74,967.34,873.40,935.17,2837004,0
AVGO.US,D,20190311,000000,932.28,932.63,929.60,931.04,2691421,0
AVGO.US,D,20190311,000000,934.31,971.68,809.25,820.68,2186697,0
AVGO.US,D,20190312,000000,830.92,839.55,785.75,796.50,1963658,0
AVGO.US,D,20190313,000000,790.80,793.53,790.28,790.73,2291996,0
AVGO.US,D,20190314,000000,779.39,809.05,685.86,699.41,1984075,0
AVGO.US,D,20190315,000000,687.21,697.89,599.34,629.27,1586058,0
AVGO.US,D,20190318,000000,619.84,620.78,547.99,575.91,1840173,0
AVGO.US,D,20190318,000000,570.53,571.87,564.07,565.76,2155304,0
AVGO.US,D,20190318,000000,567.52,572.84,472.66,513.86,2910610,0
AVGO.US,D,20190319,000000,529.00,540.67,527.12,540.24,2894198,0
AVGO.US,D,20190320,000000,529.17,535.09,510.34,522.03,1719101,0
AVGO.US,D,20190321,000000,506.18,599.40,504.68,561.78,1352218,0
AVGO.US,D,20190322,000000,569.20,573.06,557.71,558.67,1543316,0
AVGO.US,D,20190325,000000,555.01,555.73,538.87,540.64,1843626,0
AVGO.US,D,20190325,000000,537.80,547.36,496.18,501.53,1146006,0
AVGO.US,D,20190325,000000,501.98,534.02,499.29,523.19,1116800,0
AVGO.US,D,20190326,000000,523.27,545.49,516.92,543.65,2513942,0
AVGO.US,D,20190327,000000,533.09,541.06,509.45,514.65,2577437,0
AVGO.US,D,20190328,000000,503.38,512.55,450.84,458.21,2238948,0
AVGO.US,D,20190329,000000,464.90,474.09,364.95,417.64,1180468,0
AVGO.US,D,20190401,000000,410.15,415.33,380.88,384.32,1407592,0
AVGO.US,D,20190401,000000,400.96,419.86,397.98,414.47,2483394,0
AVGO.US,D,20190401,000000,402.62,414.22,399.93,413.86,2995417,0
AVGO.US,D,20190402,000000,418.58,422.68,413.20,415.66,1677462,0
AVGO.US,D,20190403,000000,419.08,436.17,417.45,430.84,1290686,0
AVGO.US,D,20190404,000000,448.66,473.10,379.35,384.59,1806271,0
AVGO.US,D,20190405,000000,371.93,384.24,336.62,347.37,2138730,0
AVGO.US,D,20190408,000000,347.54,388.68,337.36,373.45,2788501,0
AVGO.US,D,20190408,000000,373.91,405.75,358.46,401.90,2057508,0
AVGO.US,D,20190408,000000,415.25,425.55,414.04,422.07,1092957,0
AVGO.US,D,20190409,000000,419.65,434.31,373.49,391.76,2604216,0
AVGO.US,D,20190410,000000,388.83,418.83,380.55,413.07,1412194,0
AVGO.US,D,20190411,000000,415.14,433.75,413.63,429.11,1660864,0
AVGO.US,D,20190412,000000,416.09,427.14,391.40,405.15,2644549,0
AVGO.US,D,20190415,000000,398.29,472.68,396.54,457.89,1885772,0
AVGO.US,D,20190415,000000,449.14,511.02,443.80,503.53,2121123,0
AVGO.US,D,20190415,000000,497.81,508.55,494.98,505.35,1837718,0
AVGO.US,D,20190416,000000,514.86,524.08,496.85,497.06,1201532,0
AVGO.US,D,20190417,000000,501.02,501.87,434.16,450.00,2890439,0
AVGO.US,D,20190418,000000,436.75,480.89,428.66,475.94,1043066,0
AVGO.US,D,20190419,000000,471.02,520.86,459.86,500.01,2254087,0
AVGO.US,D,20190422,000000,506.41,532.98,498.31,525.73,2605350,0
AVGO.US,D,20190422,000000,514.33,517.00,495.05,500.36,2231398,0
AVGO.US,D,20190422,000000,505.80,712.79,487.38,615.92,1500909,0
AVGO.US,D,20190423,000000,585.03,679.53,582.36,673.99,1677719,0
AVGO.US,D,20190424,000000,680.08,694.15,636.81,638.78,1488789,0
AVGO.US,D,20190425,000000,659.56,724.82,633.73,714.30,1913572,0
AVGO.US,D,20190426,000000,718.21,728.58,717.82,727.75,3274517,0
AVGO.US,D,20190429,000000,693.94,738.40,662.28,735.06,4588662,0
AVGO.US,D,20190429,000000,708.21,785.84,704.27,750.37,2500161,0
AVGO.US,D,20190429,000000,773.25,776.97,768.81,771.51,3050767,0
AVGO.US,D,20190430,000000,755.69,800.33,753.49,784.23,2171593,0
AVGO.US,D,20190501,000000,778.00,821.92,777.86,801.17,4572766,0
AVGO.US,D,20190502,000000,818.42,832.47,802.16,811.04,3292635,0
AVGO.US,D,20190503,000000,835.03,843.97,805.29,827.83,5819610,0
AVGO.US,D,20190506,000000,837.00,901.69,823.84,850.14,4906453,0
AVGO.US,D,20190506,000000,832.90,889.55,824.42,874.29,5168330,0
AVGO.US,D,20190506,000000,847.44,892.58,841.14,890.31,4754601,0
AVGO.US,D,20190507,000000,866.08,938.29,849.17,916.73,4007513,0
AVGO.US,D,20190508,000000,891.01,969.47,883.82,943.55,3166551,0
AVGO.US,D,20190509,000000,952.76,1011.71,924.23,971.86,5247909,0
AVGO.US,D,20190510,000000,954.02,1005.07,946.83,988.16,5903029,0
AVGO.US,D,20190513,000000,1018.21,1019.02,1011.55,1013.11,7522774,0
AVGO.US,D,20190513,000000,1030.67,1045.03,1019.88,1040.89,7094551,0
AVGO.US,D,20190513,000000,1030.04,1073.32,1023.74,1069.95,6744293,0
AVGO.US,D,20190514,000000,1076.32,1122.03,1065.88,1099.86,6964684,0
AVGO.US,D,20190515,000000,1116.64,1137.70,1109.34,1136.68,8326869,0
AVGO.US,D,20190516,000000,1125.97,1169.59,1123.72,1162.68,5872566,0
AVGO.US,D,20190517,000000,1111.45,1205.48,1092.26,1198.90,5866119,0
AVGO.US,D,20190520,000000,1198.77,1248.79,1192.98,1246.18,4764617,0
AVGO.US,D,20190520,000000,1239.95,1285.47,1234.26,1271.91,3263113,0
AVGO.US,D,20190520,000000,1274.09,1318.36,1271.18,1310.53,6600113,0
AVGO.US,D,20190521,000000,1306.04,1368.51,1299.08,1346.67,4389563,0
AVGO.US,D,20190522,000000,1343.75,1450.18,1342.27,1383.71,8264239,0
AVGO.US,D,20190523,000000,1387.18,1433.30,1367.59,1424.74,5179987,0
AVGO.US,D,20190524,000000,1433.09,1489.62,1414.56,1488.64,9761239,0
AVGO.US,D,20190527,000000,1454.83,1472.54,1396.14,1405.07,1101942,0
AVGO.US,D,20190527,000000,1401.81,1408.93,1331.75,1362.00,1669082,0
AVGO.US,D,20190527,000000,1439.90,1443.09,1368.72,1379.83,1920196,0
AVGO.US,D,20190528,000000,1396.88,1398.82,1342.01,1343.70,1536223,0
AVGO.US,D,20190529,000000,1352.79,1356.98,1349.66,1353.21,1459486,0
AVGO.US,D,20190530,000000,1329.08,1568.54,1273.34,1510.61,1218913,0
AVGO.US,D,20190531,000000,1497.87,1658.31,1451.17,1597.59,2309697,0
AVGO.US,D,20190603,000000,1574.58,1910.71,1573.77,1853.45,2019362,0
AVGO.US,D,20190603,000000,1842.18,2028.37,1817.07,2000.52,1911031,0
AVGO.US,D,20190603,000000,1985.44,2009.90,1958.00,1961.08,2313621,0
AVGO.US,D,20190604,000000,1958.66,2040.72,1911.51,1985.28,2973658,0
AVGO.US,D,20190605,000000,1975.68,2188.81,1887.84,2168.09,1491956,0
AVGO.US,D,20190606,000000,2143.93,2283.55,2141.68,2253.58,1057857,0
AVGO.US,D,20190607,000000,2239.78,2391.88,2203.78,2329.36,1354198,0
AVGO.US,D,20190610,000000,2363.72,2567.63,2343.71,2523.71,1293421,0
AVGO.US,D,20190610,000000,2501.76,2632.19,2496.72,2580.56,1206495,0
AVGO.US,D,20190610,000000,2599.56,2669.62,2398.29,2416.38,1837642,0
AVGO.US,D,20190611,000000,2453.95,2456.53,2436.22,2439.76,2279423,0
AVGO.US,D,20190612,000000,2400.85,2448.01,2379.44,2435.92,1371735,0
AVGO.US,D,20190613,000000,2440.62,2458.30,2101.16,2192.44,2103679,0
AVGO.US,D,20190614,000000,2187.97,2237.90,2016.30,2062.07,2085027,0
AVGO.US,D,20190617,000000,2047.21,2162.32,2035.41,2152.42,1009772,0
AVGO.US,D,20190617,000000,2079.09,2108.95,1893.32,1952.16,1676448,0
AVGO.US,D,20190617,000000,1958.67,1959.79,1858.47,1861.50,1212324,0
AVGO.US,D,20190618,000000,1878.98,1885.09,1847.96,1861.69,2191603,0
AVGO.US,D,20190619,000000,1863.51,1864.19,1797.27,1838.45,2954074,0
AVGO.US,D,20190620,000000,1791.31,1795.19,1723.40,1748.94,1332956,0
AVGO.US,D,20190621,000000,1692.57,1938.82,1582.42,1897.55,2922340,0
AVGO.US,D,20190624,000000,1965.03,1975.40,1945.68,1956.89,1754658,0
AVGO.US,D,20190624,000000,1943.04,2126.15,1935.04,2107.58,2671436,0
AVGO.US,D,20190624,000000,2075.36,2105.08,2068.99,2101.85,2728701,0
AVGO.US,D,20190625,000000,2073.86,2156.02,2051.00,2138.60,1707034,0
AVGO.US,D,20190626,000000,2101.28,2185.12,2093.26,2159.71,2756795,0
AVGO.US,D,20190627,000000,2293.33,2351.10,1975.37,2040.63,1931554,0
AVGO.US,D,20190628,000000,2092.01,2201.13,2087.57,2179.86,2446536,0
AVGO.US,D,20190701,000000,2189.02,2194.86,1867.18,1902.15,1204258,0
AVGO.US,D,20190701,000000,1855.36,2071.89,1840.81,2028.26,1969756,0
AVGO.US,D,20190701,000000,1991.85,1996.00,1840.07,1917.55,1420172,0
AVGO.US,D,20190702,000000,1924.29,1977.40,1866.71,1955.81,2974878,0
AVGO.US,D,20190703,000000,1936.06,1959.07,1817.89,1873.31,2252080,0
AVGO.US,D,20190704,000000,1898.31,1916.88,1868.42,1903.42,2412463,0
AVGO.US,D,20190705,000000,1937.28,2093.13,1894.65,2082.00,1672610,0
AVGO.US,D,20190708,000000,2059.98,2094.47,2051.88,2073.90,1127450,0
AVGO.US,D,20190708,000000,2104.81,2171.73,2100.53,2154.64,1095617,0
AVGO.US,D,20190708,000000,2167.62,2170.25,2136.29,2157.25,2795187,0
AVGO.US,D,20190709,000000,2161.91,2241.96,2134.23,2232.34,1818866,0
AVGO.US,D,20190710,000000,2151.20,2153.19,2102.72,2113.54,2671726,0
AVGO.US,D,20190711,000000,2134.93,2181.50,2133.98,2180.85,1863316,0
AVGO.US,D,20190712,000000,2300.03,2335.98,1625.89,1847.12,2112200,0
AVGO.US,D,20190715,000000,1815.43,2016.87,1775.74,1901.57,2575630,0
AVGO.US,D,20190715,000000,1873.57,2065.08,1862.26,2035.98,1444573,0
AVGO.US,D,20190715,000000,2071.19,2086.84,2070.86,2075.02,2903672,0
AVGO.US,D,20190716,000000,2087.87,2102.39,1870.59,1913.42,1765762,0
AVGO.US,D,20190717,000000,1911.45,1942.71,1747.20,1804.30,1387583,0
AVGO.US,D,20190718,000000,1829.14,2063.90,1744.41,2004.58,2217616,0
AVGO.US,D,20190719,000000,1961.44,1988.47,1915.29,1931.63,1703189,0
AVGO.US,D,20190722,000000,1920.49,2040.50,1898.38,2008.70,2336587,0
AVGO.US,D,20190722,000000,1993.96,2008.15,1960.30,1970.25,1774520,0
AVGO.US,D,20190722,000000,1997.50,2112.96,1984.54,2038.09,1557973,0
AVGO.US,D,20190723,000000,2002.10,2215.03,2001.04,2162.10,2570789,0
AVGO.US,D,20190724,000000,2189.81,2394.52,2175.36,2315.59,2174870,0
AVGO.US,D,20190725,000000,2365.99,2545.91,1821.87,2095.02,1071222,0
AVGO.US,D,20190726,000000,2150.18,2174.71,2029.54,2047.46,1142867,0
AVGO.US,D,20190729,000000,2130.33,2148.80,1866.72,1940.12,2451776,0
AVGO.US,D,20190729,000000,1997.43,2169.96,1976.38,2142.90,1845771,0
AVGO.US,D,20190729,000000,2073.33,2159.40,2049.55,2145.29,1258307,0
AVGO.US,D,20190730,000000,2143.89,2151.49,1824.80,1989.64,2772274,0
AVGO.US,D,20190731,000000,1993.07,2032.28,1990.35,2026.51,2620869,0
AVGO.US,D,20190801,000000,2022.17,2052.99,1994.81,2009.72,2467791,0
AVGO.US,D,20190802,000000,2003.64,2066.18,1963.32,2043.44,2306549,0
AVGO.US,D,20190805,000000,2075.83,2097.39,1992.19,2011.54,2361234,0
AVGO.US,D,20190805,000000,2012.58,2021.21,1875.80,1888.03,2541731,0
AVGO.US,D,20190805,000000,1902.45,1925.22,1872.44,1874.44,1813473,0
AVGO.US,D,20190806,000000,1905.52,2090.57,1862.39,2047.21,1381750,0
AVGO.US,D,20190807,000000,2015.59,2201.11,1982.06,2111.54,1135560,0
AVGO.US,D,20190808,000000,2026.19,2349.70,1958.26,2272.76,2298032,0
AVGO.US,D,20190809,000000,2299.31,2434.97,2293.30,2387.43,1249493,0
AVGO.US,D,20190812,000000,2368.25,2560.52,2336.02,2504.74,2757799,0
AVGO.US,D,20190812,000000,2518.12,2553.30,2516.17,2538.90,2739427,0
AVGO.US,D,20190812,000000,2500.36,2583.23,2384.93,2434.34,2809423,0
AVGO.US,D,20190813,000000,2477.61,2505.54,2312.75,2325.57,1619446,0
AVGO.US,D,20190814,000000,2323.88,2486.82,2317.38,2485.31,1758582,0
AVGO.US,D,20190815,000000,2531.78,2598.69,2278.66,2312.74,2205205,0
AVGO.US,D,20190816,000000,2342.90,2589.90,2321.68,2506.38,2890605,0
AVGO.US,D,20190819,000000,2569.01,2583.59,2466.04,2497.00,1393752,0
AVGO.US,D,20190819,000000,2537.50,2541.53,2391.43,2419.99,1482285,0
AVGO.US,D,20190819,000000,2387.13,2397.89,2215.59,2220.22,1293968,0
AVGO.US,D,20190820,000000,2197.95,2242.48,1933.92,2103.22,1665966,0
AVGO.US,D,20190821,000000,2054.04,2071.21,1935.14,1984.85,2773465,0
AVGO.US,D,20190822,000000,1905.34,2341.48,1847.58,2143.35,2946331,0
AVGO.US,D,20190823,000000,2190.65,2267.38,1638.24,1698.30,2997435,0
AVGO.US,D,20190826,000000,1703.06,1729.65,1519.48,1608.38,2740927,0
AVGO.US,D,20190826,000000,1632.80,1684.56,1382.66,1489.52,1868883,0
AVGO.US,D,20190826,000000,1475.19,1530.46,1470.80,1521.62,2491718,0
AVGO.US,D,20190827,000000,1489.16,1601.60,1421.41,1600.13,1805019,0
AVGO.US,D,20190828,000000,1639.74,1644.28,1590.08,1591.60,2856382,0
AVGO.US,D,20190829,000000,1568.28,1572.10,1425.68,1443.29,1014140,0
AVGO.US,D,20190830,000000,1452.20,1456.47,1327.51,1357.71,1624651,0
AVGO.US,D,20190902,000000,1377.98,1426.29,1021.85,1153.84,2079751,0
AVGO.US,D,20190902,000000,1185.08,1284.60,1002.03,1025.53,2208169,0
AVGO.US,D,20190902,000000,1024.46,1027.18,994.62,1012.02,1243886,0
AVGO.US,D,20190903,000000,997.11,998.92,982.83,991.79,1952372,0
AVGO.US,D,20190904,000000,1005.39,1010.16,960.96,989.22,1446028,0
AVGO.US,D,20190905,000000,967.51,1155.13,965.96,1102.35,2886968,0
AVGO.US,D,20190906,000000,1093.12,1098.22,987.62,996.71,2936988,0
AVGO.US,D,20190909,000000,1019.55,1038.48,988.55,992.61,2279191,0
AVGO.US,D,20190909,000000,990.75,998.38,779.04,855.48,2437025,0
AVGO.US,D,20190909,000000,826.50,861.33,652.99,723.53,1322149,0
AVGO.US,D,20190910,000000,752.95,757.26,615.84,656.01,2523322,0
AVGO.US,D,20190911,000000,674.83,685.07,635.80,655.15,2772220,0
AVGO.US,D,20190912,000000,658.77,665.90,586.50,597.85,2754820,0
AVGO.US,D,20190913,000000,587.25,677.08,566.26,656.03,2148913,0
AVGO.US,D,20190916,000000,656.13,673.06,633.06,651.24,2890434,0
AVGO.US,D,20190916,000000,651.91,719.40,650.69,706.19,1081408,0
AVGO.US,D,20190916,000000,720.77,753.46,632.80,634.96,2773491,0
AVGO.US,D,20190917,000000,630.10,645.01,595.45,600.77,2565026,0
AVGO.US,D,20190918,000000,586.59,612.93,570.52,608.55,2409015,0
AVGO.US,D,20190919,000000,583.74,619.72,563.61,615.70,2147345,0
AVGO.US,D,20190920,000000,617.68,638.08,611.43,625.85,2282190,0
AVGO.US,D,20190923,000000,637.96,643.54,629.73,630.71,4963931,0
AVGO.US,D,20190923,000000,639.79,642.75,639.73,641.65,2878300,0
AVGO.US,D,20190923,000000,659.71,661.87,654.28,654.67,2206927,0
AVGO.US,D,20190924,000000,631.16,676.28,630.66,667.51,2593198,0
AVGO.US,D,20190925,000000,662.71,715.80,654.22,687.64,5112124,0
AVGO.US,D,20190926,000000,677.69,703.07,671.85,699.05,2665350,0
AVGO.US,D,20190927,000000,688.89,720.47,687.96,717.15,5442560,0
AVGO.US,D,20190930,000000,712.98,745.69,706.84,732.54,6375882,0
AVGO.US,D,20190930,000000,744.98,751.66,738.04,745.64,5214156,0
AVGO.US,D,20190930,000000,732.65,768.47,725.23,762.81,6540671,0
AVGO.US,D,20191001,000000,785.59,798.96,739.85,775.07,3455044,0
AVGO.US,D,20191002,000000,767.19,817.26,765.80,794.35,3473571,0
AVGO.US,D,20191003,000000,811.88,813.84,808.47,812.53,3254492,0
AVGO.US,D,20191004,000000,820.53,844.48,816.16,829.42,3226651,0
AVGO.US,D,20191007,000000,808.69,855.63,802.56,847.79,2825862,0
AVGO.US,D,20191007,000000,872.68,872.92,859.09,869.12,7239236,0
AVGO.US,D,20191007,000000,850.29,911.39,842.53,895.47,4980602,0
AVGO.US,D,20191008,000000,890.93,929.79,864.69,918.21,5579327,0
AVGO.US,D,20191009,000000,919.34,948.72,917.68,939.21,5025566,0
AVGO.US,D,20191010,000000,935.03,964.23,929.21,961.34,8411538,0
AVGO.US,D,20191011,000000,969.90,1014.21,961.85,987.01,4523838,0
AVGO.US,D,20191014,000000,957.90,1030.95,953.96,1006.79,8419626,0
AVGO.US,D,20191014,000000,1025.70,1048.09,1024.47,1045.02,7512724,0
AVGO.US,D,20191014,000000,1059.20,1098.70,1056.80,1088.68,7442816,0
AVGO.US,D,20191015,000000,1078.36,1122.03,1056.78,1116.69,5112017,0
AVGO.US,D,20191016,000000,1047.28,1189.39,1035.15,1148.42,8742138,0
AVGO.US,D,20191017,000000,1191.32,1209.06,1187.27,1200.41,4085513,0
AVGO.US,D,20191018,000000,1191.06,1242.60,1181.46,1240.30,8729705,0
AVGO.US,D,20191021,000000,1228.84,1244.57,1224.43,1234.22,2055328,0
AVGO.US,D,20191021,000000,1227.99,1238.82,1214.84,1223.68,2893778,0
AVGO.US,D,20191021,000000,1159.79,1424.00,1142.06,1346.13,2542191,0
AVGO.US,D,20191022,000000,1372.84,1451.92,1354.44,1437.05,1135857,0
AVGO.US,D,20191023,000000,1378.61,1409.16,1376.56,1407.99,2451131,0
AVGO.US,D,20191024,000000,1456.70,1471.31,1380.21,1382.08,1869558,0
AVGO.US,D,20191025,000000,1367.48,1386.90,1278.31,1286.46,1184660,0
AVGO.US,D,20191028,000000,1290.54,1448.43,1242.26,1389.29,2640091,0
AVGO.US,D,20191028,000000,1384.82,1426.13,1269.47,1317.15,2441272,0
AVGO.US,D,20191028,000000,1344.02,1417.36,1340.91,1404.79,2721375,0
AVGO.US,D,20191029,000000,1360.44,1498.72,1356.01,1441.07,2324045,0
AVGO.US,D,20191030,000000,1421.28,1468.63,1413.13,1466.69,2066763,0
AVGO.US,D,20191031,000000,1462.02,1481.58,1368.85,1395.91,1366757,0
AVGO.US,D,20191101,000000,1361.23,1429.59,1358.14,1414.66,2035029,0
AVGO.US,D,20191104,000000,1400.13,1460.90,1129.41,1210.62,2817619,0
AVGO.US,D,20191104,000000,1200.33,1300.02,1196.56,1282.58,2489037,0
AVGO.US,D,20191104,000000,1297.95,1325.12,1229.15,1238.75,2895566,0
AVGO.US,D,20191105,000000,1251.88,1413.45,1176.47,1410.35,1315489,0
AVGO.US,D,20191106,000000,1403.89,1425.96,1334.15,1344.34,2289673,0
AVGO.US,D,20191107,000000,1357.42,1370.55,1285.27,1325.00,2655775,0
AVGO.US,D,20191108,000000,1334.43,1409.69,1322.94,1387.53,1071445,0
AVGO.US,D,20191111,000000,1387.86,1394.67,1244.84,1263.59,1454144,0
AVGO.US,D,20191111,000000,1281.32,1320.43,1266.48,1294.75,1234709,0
AVGO.US,D,20191111,000000,1302.88,1332.49,1302.44,1321.90,1020618,0
AVGO.US,D,20191112,000000,1346.62,1351.86,1307.58,1308.96,1111722,0
AVGO.US,D,20191113,000000,1307.31,1350.99,1298.00,1343.54,1132275,0
AVGO.US,D,20191114,000000,1361.58,1366.26,1361.28,1363.76,2497570,0
AVGO.US,D,20191115,000000,1341.14,1419.35,1294.67,1416.98,2736576,0
AVGO.US,D,20191118,000000,1394.96,1399.95,1292.88,1295.56,1895963,0
AVGO.US,D,20191118,000000,1221.70,1436.55,1219.85,1402.47,2534610,0
AVGO.US,D,20191118,000000,1397.08,1397.13,1261.36,1309.06,1943576,0
AVGO.US,D,20191119,000000,1350.91,1352.79,1276.71,1278.05,2145636,0
AVGO.US,D,20191120,000000,1284.98,1289.97,1165.07,1201.38,2349191,0
AVGO.US,D,20191121,000000,1194.38,1318.42,1159.37,1266.62,2204325,0
AVGO.US,D,20191122,000000,1227.66,1245.69,1129.79,1166.84,1726009,0
AVGO.US,D,20191125,000000,1172.35,1245.71,1159.92,1236.37,1993542,0
AVGO.US,D,20191125,000000,1234.63,1419.95,1197.49,1323.23,2811850,0
AVGO.US,D,20191125,000000,1321.56,1331.92,1243.87,1281.61,2543283,0
AVGO.US,D,20191126,000000,1266.00,1285.29,1217.94,1227.61,2629193,0
AVGO.US,D,20191127,000000,1266.32,1285.44,1263.94,1279.42,2726989,0
AVGO.US,D,20191128,000000,1263.96,1334.34,1241.16,1330.73,1251094,0
AVGO.US,D,20191129,000000,1323.72,1332.72,1206.37,1260.51,2968684,0
AVGO.US,D,20191202,000000,1306.12,1475.17,1265.91,1453.33,2492842,0
AVGO.US,D,20191202,000000,1453.23,1616.54,1404.29,1607.02,2749076,0
AVGO.US,D,20191202,000000,1614.70,1921.33,1577.10,1833.49,1429344,0
AVGO.US,D,20191203,000000,1806.47,1840.08,1609.73,1657.21,1948864,0
AVGO.US,D,20191204,000000,1692.36,1793.98,1374.33,1443.00,1331363,0
AVGO.US,D,20191205,000000,1450.91,1479.53,1239.67,1345.14,1729224,0
AVGO.US,D,20191206,000000,1361.78,1437.61,1355.91,1416.70,1149386,0
AVGO.US,D,20191209,000000,1450.79,1591.52,1426.52,1588.90,1544197,0
AVGO.US,D,20191209,000000,1603.88,1630.17,1568.73,1603.83,1126341,0
AVGO.US,D,20191209,000000,1636.11,1739.33,1565.44,1684.65,1833241,0
AVGO.US,D,20191210,000000,1676.61,1952.34,1659.87,1886.78,1814377,0
AVGO.US,D,20191211,000000,1950.67,1958.69,1770.38,1874.98,2525187,0
AVGO.US,D,20191212,000000,1973.86,1988.44,1972.40,1982.89,1640226,0
AVGO.US,D,20191213,000000,1999.19,2023.82,1975.91,2013.68,2427894,0
AVGO.US,D,20191216,000000,2015.98,2221.70,1982.73,2215.51,2590993,0
AVGO.US,D,20191216,000000,2135.37,2189.06,1953.94,2060.71,2342291,0
AVGO.US,D,20191216,000000,1997.96,2079.05,1981.17,2023.12,2430481,0
AVGO.US,D,20191217,000000,2118.50,2129.92,2005.39,2041.29,2422415,0
AVGO.US,D,20191218,000000,2102.90,2125.83,2087.87,2104.76,2985665,0
AVGO.US,D,20191219,000000,2174.91,2183.77,2059.43,2121.89,2748596,0
AVGO.US,D,20191220,000000,2090.50,2159.64,1974.65,2001.83,1008145,0
AVGO.US,D,20191223,000000,2085.31,2101.47,1986.25,1998.47,2834931,0
AVGO.US,D,20191223,000000,1977.92,1991.16,1908.42,1930.97,2504824,0
AVGO.US,D,20191223,000000,1923.12,1969.68,1777.83,1778.59,2209667,0
AVGO.US,D,20191224,000000,1778.71,1849.37,1764.14,1810.79,1431962,0
AVGO.US,D,20191225,000000,1769.21,2138.69,1682.80,1970.74,1133695,0
AVGO.US,D,20191226,000000,1984.37,2152.43,1959.00,2121.53,1887088,0
AVGO.US,D,20191227,000000,2115.25,2184.90,1982.97,1993.90,2005824,0
AVGO.US,D,20191230,000000,1956.32,2159.92,1938.56,2121.94,2874690,0
AVGO.US,D,20191230,000000,2174.44,2243.69,2157.16,2215.25,1439941,0
AVGO.US,D,20191230,000000,2255.33,2266.46,2093.87,2150.00,1451816,0
AVGO.US,D,20191231,000000,2185.80,2359.12,2161.60,2316.92,2108895,0
AVGO.US,D,20200101,000000,2293.39,2302.26,2149.12,2210.94,2645366,0
AVGO.US,D,20200102,000000,2270.19,2376.25,2049.95,2088.58,2504269,0
AVGO.US,D,20200103,000000,2147.61,2193.46,1973.82,1986.21,1928649,0
AVGO.US,D,20200106,000000,1986.84,1996.44,1967.00,1967.70,1625173,0
AVGO.US,D,20200106,000000,2032.89,2034.12,2022.19,2026.50,1156467,0
AVGO.US,D,20200106,000000,2058.85,2100.07,1815.56,1833.90,1190280,0
AVGO.US,D,20200107,000000,1849.91,1870.20,1649.87,1722.64,2796358,0
AVGO.US,D,20200108,000000,1740.00,1906.34,1711.68,1900.06,2824570,0
AVGO.US,D,20200109,000000,1893.79,1901.83,1885.96,1898.66,1904347,0
AVGO.US,D,20200110,000000,1908.19,1941.56,1694.17,1772.53,1987419,0
AVGO.US,D,20200113,000000,1770.81,1804.21,1726.71,1780.92,1363344,0
AVGO.US,D,20200113,000000,1864.38,1887.95,1854.83,1882.69,2254280,0
AVGO.US,D,20200113,000000,1909.40,1913.63,1672.33,1681.81,1037445,0
AVGO.US,D,20200114,000000,1669.71,1689.79,1667.96,1685.21,2196933,0
AVGO.US,D,20200115,000000,1663.44,1749.21,1648.85,1706.34,1034375,0
AVGO.US,D,20200116,000000,1765.35,1767.39,1738.12,1751.38,1955045,0
AVGO.US,D,20200117,000000,1803.97,1810.81,1779.70,1809.28,2796860,0
AVGO.US,D,20200120,000000,1767.91,1830.38,1477.18,1527.42,1819499,0
AVGO.US,D,20200120,000000,1567.08,1585.86,1527.16,1535.88,2701941,0
AVGO.US,D,20200120,000000,1558.05,1676.38,1517.66,1638.10,2911573,0
AVGO.US,D,20200121,000000,1635.71,1636.25,1559.43,1561.84,1268799,0
AVGO.US,D,20200122,000000,1512.79,1526.57,1510.30,1526.24,1600999,0
AVGO.US,D,20200123,000000,1516.37,1531.12,1479.36,1489.12,2164012,0
AVGO.US,D,20200124,000000,1504.91,1592.88,1294.58,1329.37,2239087,0
AVGO.US,D,20200127,000000,1370.41,1371.02,1294.16,1302.67,2299098,0
AVGO.US,D,20200127,000000,1326.03,1326.27,1212.98,1244.95,2674211,0
AVGO.US,D,20200127,000000,1264.09,1277.21,1228.58,1245.37,1128959,0
AVGO.US,D,20200128,000000,1283.94,1287.47,1204.18,1209.97,1682289,0
AVGO.US,D,20200129,000000,1219.01,1240.28,977.41,1043.48,2805787,0
AVGO.US,D,20200130,000000,1045.82,1147.60,1044.88,1128.23,1463352,0
AVGO.US,D,20200131,000000,1133.75,1137.84,1051.03,1072.53,1357534,0
AVGO.US,D,20200203,000000,1112.22,1136.39,1111.37,1128.99,2086300,0
AVGO.US,D,20200203,000000,1118.80,1125.72,1040.02,1074.41,2032864,0
AVGO.US,D,20200203,000000,1072.91,1088.84,988.16,1011.79,1000811,0
AVGO.US,D,20200204,000000,1022.44,1122.54,997.91,1091.16,1661852,0
AVGO.US,D,20200205,000000,1087.51,1190.87,1083.15,1178.73,2838437,0
AVGO.US,D,20200206,000000,1198.13,1355.28,1185.21,1350.97,2969353,0
AVGO.US,D,20200207,000000,1293.40,1299.59,1274.68,1284.82,1430497,0
AVGO.US,D,20200210,000000,1302.57,1357.81,1296.48,1350.06,2201668,0
AVGO.US,D,20200210,000000,1314.65,1330.54,1269.18,1273.59,2401113,0
AVGO.US,D,20200210,000000,1283.71,1327.98,1283.40,1324.29,1535111,0
AVGO.US,D,20200211,000000,1347.89,1355.73,1219.87,1235.27,1266998,0
AVGO.US,D,20200212,000000,1273.13,1341.02,1250.03,1315.15,1354780,0
AVGO.US,D,20200213,000000,1307.69,1331.65,1304.60,1329.25,2152240,0
AVGO.US,D,20200214,000000,1388.98,1422.77,1139.71,1212.15,2446198,0
AVGO.US,D,20200217,000000,1133.80,1276.65,1085.12,1235.38,2520965,0
AVGO.US,D,20200217,000000,1247.29,1254.28,1117.64,1160.09,2817280,0
AVGO.US,D,20200217,000000,1185.75,1187.36,1048.51,1115.56,2091587,0
AVGO.US,D,20200218,000000,1081.75,1088.68,1053.98,1056.04,2444059,0
AVGO.US,D,20200219,000000,1092.75,1103.00,1003.45,1012.60,2463402,0
AVGO.US,D,20200220,000000,1050.01,1054.04,1018.16,1020.35,2606863,0
AVGO.US,D,20200221,000000,1007.79,1133.93,997.33,1111.18,2979945,0
AVGO.US,D,20200224,000000,1111.54,1285.46,1076.27,1199.23,1672469,0
AVGO.US,D,20200224,000000,1192.87,1270.20,1181.34,1259.15,2542404,0
AVGO.US,D,20200224,000000,1291.69,1296.90,1242.64,1255.88,1212038,0
AVGO.US,D,20200225,000000,1257.97,1261.22,1241.21,1243.24,1982034,0
AVGO.US,D,20200226,000000,1237.75,1253.80,1187.12,1198.24,2086878,0
AVGO.US,D,20200227,000000,1204.41,1208.02,1062.30,1105.63,2745094,0
AVGO.US,D,20200228,000000,1124.26,1181.71,959.83,1009.64,1368745,0
AVGO.US,D,20200302,000000,1030.00,1091.95,926.16,950.66,1321718,0
AVGO.US,D,20200302,000000,985.00,1000.27,882.25,890.89,1915000,0
AVGO.US,D,20200302,000000,906.86,939.60,896.58,935.68,2931972,0
AVGO.US,D,20200303,000000,934.25,944.63,881.33,887.66,2023494,0
AVGO.US,D,20200304,000000,904.48,928.20,858.00,872.25,1425473,0
AVGO.US,D,20200305,000000,837.67,840.20,827.89,839.56,1696057,0
AVGO.US,D,20200306,000000,861.74,888.64,761.51,799.34,2598498,0
AVGO.US,D,20200309,000000,766.92,768.71,678.91,692.33,2376750,0
AVGO.US,D,20200309,000000,683.03,827.00,668.50,823.69,1876072,0
AVGO.US,D,20200309,000000,826.26,900.34,800.20,896.09,2572278,0
AVGO.US,D,20200310,000000,906.40,909.07,875.88,877.82,1600030,0
AVGO.US,D,20200311,000000,868.28,885.82,861.46,873.47,1504522,0
AVGO.US,D,20200312,000000,871.39,935.50,857.86,901.78,1220060,0
AVGO.US,D,20200313,000000,906.30,926.53,766.33,794.64,2289788,0
AVGO.US,D,20200316,000000,788.05,862.67,764.54,825.64,2237493,0
AVGO.US,D,20200316,000000,820.55,823.85,786.17,799.71,1768047,0
AVGO.US,D,20200316,000000,792.93,797.00,763.41,764.91,2707720,0
AVGO.US,D,20200317,000000,777.24,795.87,655.27,708.69,1825780,0
AVGO.US,D,20200318,000000,724.57,760.22,617.41,627.53,2208405,0
AVGO.US,D,20200319,000000,616.88,618.22,604.23,615.87,2660939,0
AVGO.US,D,20200320,000000,614.03,641.80,608.55,622.18,2659632,0
AVGO.US,D,20200323,000000,628.46,628.50,624.13,625.49,2292573,0
AVGO.US,D,20200323,000000,648.44,716.21,636.18,682.60,2763011,0
AVGO.US,D,20200323,000000,663.96,681.88,621.41,630.44,2762863,0
AVGO.US,D,20200324,000000,629.97,693.60,624.40,679.97,1195381,0
AVGO.US,D,20200325,000000,713.19,715.42,708.16,709.19,1757436,0
AVGO.US,D,20200326,000000,714.38,796.37,683.54,775.65,1731401,0
AVGO.US,D,20200327,000000,779.79,781.46,770.90,773.23,2423683,0
AVGO.US,D,20200330,000000,765.74,774.44,713.67,716.91,1131297,0
AVGO.US,D,20200330,000000,726.11,731.03,652.95,681.66,1755414,0
AVGO.US,D,20200330,000000,656.12,665.79,655.08,663.52,1974978,0
AVGO.US,D,20200331,000000,649.98,654.54,460.72,538.66,2911286,0
AVGO.US,D,20200401,000000,534.63,548.48,532.52,541.71,2474378,0
AVGO.US,D,20200402,000000,534.39,537.55,515.36,517.68,2689504,0
AVGO.US,D,20200403,000000,510.65,524.53,493.53,497.70,1495150,0
AVGO.US,D,20200406,000000,495.93,514.79,492.97,510.76,2225783,0
AVGO.US,D,20200406,000000,504.53,513.50,458.25,482.90,2894856,0
AVGO.US,D,20200406,000000,464.55,467.80,407.15,427.18,2817274,0
AVGO.US,D,20200407,000000,418.94,472.44,403.77,463.15,2811515,0
AVGO.US,D,20200408,000000,470.91,474.95,442.62,447.73,1662322,0
AVGO.US,D,20200409,000000,443.57,448.34,392.82,403.88,2107256,0
AVGO.US,D,20200410,000000,402.48,433.24,397.57,422.30,2207804,0
AVGO.US,D,20200413,000000,441.08,445.35,440.81,443.22,2588002,0
AVGO.US,D,20200413,000000,460.23,472.22,379.70,407.04,2826724,0
AVGO.US,D,20200413,000000,401.30,407.47,332.42,351.19,2686227,0
AVGO.US,D,20200414,000000,348.40,356.94,347.02,356.05,2949390,0
AVGO.US,D,20200415,000000,354.54,406.63,354.01,394.92,1596890,0
AVGO.US,D,20200416,000000,406.24,415.98,377.60,381.82,1057919,0
AVGO.US,D,20200417,000000,376.12,376.84,363.16,363.86,2732199,0
AVGO.US,D,20200420,000000,359.77,397.34,351.47,385.88,2665661,0
AVGO.US,D,20200420,000000,392.99,398.83,363.02,375.40,2379688,0
AVGO.US,D,20200420,000000,368.74,398.80,362.35,398.59,1821386,0
AVGO.US,D,20200421,000000,382.26,400.28,379.13,397.07,2014462,0
AVGO.US,D,20200422,000000,396.30,423.75,382.32,422.18,1830578,0
AVGO.US,D,20200423,000000,436.69,438.11,424.13,431.12,2957104,0
AVGO.US,D,20200424,000000,438.32,449.03,433.77,445.72,2084728,0
AVGO.US,D,20200427,000000,435.62,504.02,417.24,494.39,2439105,0
AVGO.US,D,20200427,000000,473.06,501.88,468.45,494.82,2830198,0
AVGO.US,D,20200427,000000,495.52,520.69,489.86,518.47,2735301,0
AVGO.US,D,20200428,000000,519.39,558.62,509.98,543.78,2584641,0
AVGO.US,D,20200429,000000,532.22,577.55,524.72,574.58,1815867,0
AVGO.US,D,20200430,000000,555.59,646.36,525.37,630.67,1237414,0
AVGO.US,D,20200501,000000,635.18,637.14,555.23,583.84,2522898,0
AVGO.US,D,20200504,000000,590.97,594.69,560.67,565.97,1548876,0
AVGO.US,D,20200504,000000,571.73,586.50,569.35,583.77,2053579,0
AVGO.US,D,20200504,000000,565.84,620.97,553.24,619.44,2768065,0
AVGO.US,D,20200505,000000,613.35,615.57,609.35,612.10,1063954,0
AVGO.US,D,20200506,000000,603.03,605.96,496.51,528.87,1438819,0
AVGO.US,D,20200507,000000,511.90,561.74,508.59,551.25,1444457,0
AVGO.US,D,20200508,000000,550.14,550.43,549.40,549.70,1666833,0
AVGO.US,D,20200511,000000,556.32,584.62,447.90,478.38,2919297,0
AVGO.US,D,20200511,000000,476.00,509.52,467.08,505.24,1378433,0
AVGO.US,D,20200511,000000,501.00,511.39,464.43,465.00,1431157,0
AVGO.US,D,20200512,000000,442.19,499.80,437.92,482.67,2880075,0
AVGO.US,D,20200513,000000,481.20,557.83,469.90,526.33,2020840,0
AVGO.US,D,20200514,000000,529.26,536.25,481.08,489.70,1165892,0
AVGO.US,D,20200515,000000,498.58,499.00,469.89,473.82,1731636,0
AVGO.US,D,20200518,000000,466.80,519.56,463.24,512.06,2490336,0
AVGO.US,D,20200518,000000,526.76,579.34,519.52,571.05,2655079,0
AVGO.US,D,20200518,000000,593.51,599.02,570.90,573.13,2432561,0
AVGO.US,D,20200519,000000,565.86,572.38,564.56,572.05,2227626,0
AVGO.US,D,20200520,000000,585.74,586.75,558.75,559.74,2359656,0
AVGO.US,D,20200521,000000,565.11,574.48,561.78,570.69,2009935,0
AVGO.US,D,20200522,000000,578.29,589.97,555.88,558.12,2299675,0
AVGO.US,D,20200525,000000,558.74,572.39,518.79,521.25,2213643,0
AVGO.US,D,20200525,000000,515.51,559.33,514.67,535.03,2555798,0
AVGO.US,D,20200525,000000,541.52,545.39,522.34,524.35,2042088,0
AVGO.US,D,20200526,000000,548.60,555.19,525.10,525.66,1567608,0
AVGO.US,D,20200527,000000,531.66,539.47,483.00,490.49,2501899,0
AVGO.US,D,20200528,000000,499.44,503.75,499.26,501.48,2885459,0
AVGO.US,D,20200529,000000,506.60,516.20,502.45,514.43,2620417,0
AVGO.US,D,20200601,000000,512.77,545.59,512.10,542.97,1742663,0
AVGO.US,D,20200601,000000,554.34,564.44,532.99,544.69,2328752,0
AVGO.US,D,20200601,000000,550.62,552.50,540.15,540.36,1654302,0
AVGO.US,D,20200602,000000,548.83,563.57,548.04,560.99,2994756,0
AVGO.US,D,20200603,000000,557.50,637.03,544.50,604.96,2905783,0
AVGO.US,D,20200604,000000,604.28,614.38,571.08,580.29,2059684,0
AVGO.US,D,20200605,000000,591.48,598.58,554.52,558.79,1858818,0
AVGO.US,D,20200608,000000,559.37,607.30,553.56,589.36,2828081,0
AVGO.US,D,20200608,000000,592.90,628.97,589.56,626.26,2954003,0
AVGO.US,D,20200608,000000,641.20,692.51,636.40,685.30,2739548,0
AVGO.US,D,20200609,000000,677.26,678.47,554.91,570.29,2424454,0
AVGO.US,D,20200610,000000,573.02,587.11,566.14,581.26,2410243,0
AVGO.US,D,20200611,000000,583.33,585.07,571.40,573.98,1908466,0
AVGO.US,D,20200612,000000,583.14,609.94,576.32,607.86,2837316,0
AVGO.US,D,20200615,000000,617.41,624.05,617.12,618.86,2070726,0
AVGO.US,D,20200615,000000,639.88,650.66,545.96,560.25,2047252,0
AVGO.US,D,20200615,000000,543.41,605.05,536.04,583.49,1153123,0
AVGO.US,D,20200616,000000,575.79,577.54,571.20,571.41,2809876,0
AVGO.US,D,20200617,000000,566.21,566.49,563.36,563.85,1684129,0
AVGO.US,D,20200618,000000,557.24,563.26,508.64,525.15,1068563,0
AVGO.US,D,20200619,000000,523.76,524.16,519.55,523.30,2641197,0
AVGO.US,D,20200622,000000,527.51,531.43,466.57,469.86,1910274,0
AVGO.US,D,20200622,000000,480.87,483.37,477.51,480.51,2104255,0
AVGO.US,D,20200622,000000,484.59,484.91,474.76,482.17,2750055,0
AVGO.US,D,20200623,000000,481.41,482.20,474.63,474.91,2589537,0
