<TICKER>,<PER>,<DATE>,<TIME>,<OPEN>,<HIGH>,<LOW>,<CLOSE>,<VOL>,<OPENINT>
BBBY.US,D,20180102,000000,5.02,5.03,4.94,4.96,25848771,0
BBBY.US,D,20180103,000000,4.94,5.38,4.87,5.28,15207080,0
BBBY.US,D,20180104,000000,5.33,5.34,5.24,5.29,21906414,0
BBBY.US,D,20180105,000000,5.31,5.31,5.26,5.28,11755313,0
BBBY.US,D,20180108,000000,5.32,5.34,5.21,5.22,22541382,0
BBBY.US,D,20180108,000000,5.20,5.22,5.02,5.09,18081440,0
BBBY.US,D,20180108,000000,5.09,5.10,5.02,5.03,26077126,0
BBBY.US,D,20180109,000000,5.08,5.08,5.04,5.06,18656116,0
BBBY.US,D,20180110,000000,5.02,5.26,4.97,5.19,23090372,0
BBBY.US,D,20180111,000000,5.24,5.35,5.21,5.32,18309564,0
BBBY.US,D,20180112,000000,5.37,5.41,5.28,5.32,14798117,0
BBBY.US,D,20180115,000000,5.39,5.50,5.06,5.19,14787553,0
BBBY.US,D,20180115,000000,5.20,5.61,5.16,5.45,23408369,0
BBBY.US,D,20180115,000000,5.38,5.46,4.99,5.06,21965290,0
BBBY.US,D,20180116,000000,5.01,5.02,4.88,4.95,10366030,0
BBBY.US,D,20180117,000000,4.95,4.95,4.94,4.95,14080568,0
BBBY.US,D,20180118,000000,5.00,5.04,4.96,5.03,20650581,0
BBBY.US,D,20180119,000000,5.08,5.11,4.83,4.89,27986194,0
BBBY.US,D,20180122,000000,4.87,5.00,4.84,4.99,24492206,0
BBBY.US,D,20180122,000000,5.00,5.10,4.46,4.58,29383593,0
BBBY.US,D,20180122,000000,4.64,5.11,4.48,4.96,15485533,0
BBBY.US,D,20180123,000000,5.02,5.03,4.98,5.01,22463247,0
BBBY.US,D,20180124,000000,4.92,4.93,4.89,4.89,23835928,0
BBBY.US,D,20180125,000000,4.87,5.16,4.78,5.10,21657869,0
BBBY.US,D,20180126,000000,5.08,5.40,5.00,5.31,10101688,0
BBBY.US,D,20180129,000000,5.24,5.48,5.23,5.39,18597249,0
BBBY.US,D,20180129,000000,5.46,5.51,5.45,5.49,21981872,0
BBBY.US,D,20180129,000000,5.53,5.84,5.51,5.81,29979224,0
BBBY.US,D,20180130,000000,5.88,5.90,5.51,5.63,24746082,0
BBBY.US,D,20180131,000000,5.58,5.79,5.56,5.72,27425645,0
BBBY.US,D,20180201,000000,5.79,5.83,5.47,5.57,22868953,0
BBBY.US,D,20180202,000000,5.53,5.97,5.44,5.88,15084326,0
BBBY.US,D,20180205,000000,5.86,5.88,5.27,5.54,15848685,0
BBBY.US,D,20180205,000000,5.58,5.59,5.54,5.55,29297141,0
BBBY.US,D,20180205,000000,5.50,5.52,5.44,5.45,26421636,0
BBBY.US,D,20180206,000000,5.48,5.58,5.48,5.55,13391072,0
BBBY.US,D,20180207,000000,5.52,5.70,5.52,5.66,15683736,0
BBBY.US,D,20180208,000000,5.61,5.69,5.59,5.65,17463538,0
BBBY.US,D,20180209,000000,5.68,6.21,5.59,6.06,12875396,0
BBBY.US,D,20180212,000000,6.01,6.21,5.95,6.12,25454575,0
BBBY.US,D,20180212,000000,6.11,6.30,6.07,6.23,14633031,0
BBBY.US,D,20180212,000000,6.33,6.52,5.79,6.03,28142707,0
BBBY.US,D,20180213,000000,6.00,6.07,5.99,6.06,13880768,0
BBBY.US,D,20180214,000000,6.11,6.17,6.08,6.14,29047615,0
BBBY.US,D,20180215,000000,6.11,6.12,6.03,6.05,24839416,0
BBBY.US,D,20180216,000000,6.02,6.04,5.98,6.02,12286119,0
BBBY.US,D,20180219,000000,6.01,6.06,6.00,6.04,22787052,0
BBBY.US,D,20180219,000000,6.01,6.26,5.90,6.25,17309675,0
BBBY.US,D,20180219,000000,6.25,6.51,6.25,6.46,29325844,0
BBBY.US,D,20180220,000000,6.51,6.52,6.36,6.44,18521401,0
BBBY.US,D,20180221,000000,6.44,6.51,6.30,6.35,22939397,0
BBBY.US,D,20180222,000000,6.36,6.36,6.36,6.36,10596617,0
BBBY.US,D,20180223,000000,6.42,6.44,6.37,6.37,20171729,0
BBBY.US,D,20180226,000000,6.40,6.45,6.23,6.29,10735245,0
BBBY.US,D,20180226,000000,6.30,6.31,6.21,6.24,15386361,0
BBBY.US,D,20180226,000000,6.27,6.47,6.24,6.44,13169378,0
BBBY.US,D,20180227,000000,6.44,6.54,6.42,6.51,28038448,0
BBBY.US,D,20180228,000000,6.53,6.62,6.30,6.32,25824478,0
BBBY.US,D,20180301,000000,6.33,6.35,6.17,6.20,12138918,0
BBBY.US,D,20180302,000000,6.18,6.26,6.17,6.26,17885382,0
BBBY.US,D,20180305,000000,6.29,6.41,6.27,6.38,18987522,0
BBBY.US,D,20180305,000000,6.39,6.40,6.34,6.34,16742567,0
BBBY.US,D,20180305,000000,6.33,6.35,6.19,6.28,13995404,0
BBBY.US,D,20180306,000000,6.29,6.30,6.29,6.29,21734483,0
BBBY.US,D,20180307,000000,6.25,6.25,6.23,6.23,16037955,0
BBBY.US,D,20180308,000000,6.22,6.28,5.97,6.02,28445881,0
BBBY.US,D,20180309,000000,5.97,6.06,5.97,6.06,27048634,0
BBBY.US,D,20180312,000000,6.09,6.14,6.08,6.09,14619703,0
BBBY.US,D,20180312,000000,6.12,6.15,6.10,6.15,18704906,0
BBBY.US,D,20180312,000000,6.17,6.19,6.01,6.06,15953355,0
BBBY.US,D,20180313,000000,6.01,6.33,5.98,6.21,10386474,0
BBBY.US,D,20180314,000000,6.24,6.29,6.18,6.21,11229592,0
BBBY.US,D,20180315,000000,6.19,6.23,5.95,6.04,24121436,0
BBBY.US,D,20180316,000000,6.07,6.08,6.02,6.04,28789008,0
BBBY.US,D,20180319,000000,6.13,6.19,6.12,6.13,17651522,0
BBBY.US,D,20180319,000000,6.13,6.17,5.86,5.97,16844808,0
BBBY.US,D,20180319,000000,5.97,6.03,5.76,5.81,27353189,0
BBBY.US,D,20180320,000000,5.77,5.85,5.77,5.84,19467451,0
BBBY.US,D,20180321,000000,5.84,5.96,5.78,5.92,25536019,0
BBBY.US,D,20180322,000000,5.93,6.01,5.92,6.00,18063103,0
BBBY.US,D,20180323,000000,6.04,6.05,6.02,6.03,18451935,0
BBBY.US,D,20180326,000000,5.98,6.05,5.77,5.88,12425292,0
BBBY.US,D,20180326,000000,5.85,5.90,5.85,5.90,11040076,0
BBBY.US,D,20180326,000000,5.87,5.92,5.76,5.77,12208713,0
BBBY.US,D,20180327,000000,5.77,5.77,5.73,5.75,19543727,0
BBBY.US,D,20180328,000000,5.80,5.82,5.71,5.73,14555628,0
BBBY.US,D,20180329,000000,5.70,5.82,5.69,5.79,16188652,0
BBBY.US,D,20180330,000000,5.90,5.97,5.90,5.94,26755442,0
BBBY.US,D,20180402,000000,5.92,5.98,5.92,5.96,29728694,0
BBBY.US,D,20180402,000000,5.94,6.18,5.91,6.10,13028451,0
BBBY.US,D,20180402,000000,6.04,6.27,6.01,6.17,27442093,0
BBBY.US,D,20180403,000000,6.16,6.35,6.16,6.30,29364498,0
BBBY.US,D,20180404,000000,6.24,6.57,6.14,6.55,28727563,0
BBBY.US,D,20180405,000000,6.57,6.88,6.48,6.76,11115095,0
BBBY.US,D,20180406,000000,6.81,6.83,6.52,6.55,19755043,0
BBBY.US,D,20180409,000000,6.70,6.72,6.49,6.52,24479109,0
BBBY.US,D,20180409,000000,6.58,6.58,6.57,6.57,19333712,0
BBBY.US,D,20180409,000000,6.62,6.64,6.53,6.55,27656471,0
BBBY.US,D,20180410,000000,6.51,6.58,6.38,6.46,18820226,0
BBBY.US,D,20180411,000000,6.36,6.41,6.14,6.17,28097037,0
BBBY.US,D,20180412,000000,6.16,6.20,6.01,6.03,20489004,0
BBBY.US,D,20180413,000000,6.08,6.12,5.90,5.91,14937609,0
BBBY.US,D,20180416,000000,5.88,6.08,5.87,6.00,12575505,0
BBBY.US,D,20180416,000000,6.01,6.10,5.61,5.67,16618007,0
BBBY.US,D,20180416,000000,5.68,5.73,5.47,5.49,22979483,0
BBBY.US,D,20180417,000000,5.45,5.52,5.44,5.48,27808413,0
BBBY.US,D,20180418,000000,5.46,5.58,5.45,5.57,14019138,0
BBBY.US,D,20180419,000000,5.54,5.60,5.50,5.51,27923296,0
BBBY.US,D,20180420,000000,5.49,6.03,5.46,5.90,13660067,0
BBBY.US,D,20180423,000000,5.88,5.91,5.77,5.83,27771801,0
BBBY.US,D,20180423,000000,5.87,5.87,5.74,5.80,18728590,0
BBBY.US,D,20180423,000000,5.79,5.85,5.53,5.63,15901661,0
BBBY.US,D,20180424,000000,5.58,5.64,5.57,5.62,14725628,0
BBBY.US,D,20180425,000000,5.68,5.69,5.59,5.62,21002925,0
BBBY.US,D,20180426,000000,5.60,5.61,5.59,5.60,25301643,0
BBBY.US,D,20180427,000000,5.59,5.71,5.58,5.69,17007205,0
BBBY.US,D,20180430,000000,5.70,5.71,5.64,5.67,26582233,0
BBBY.US,D,20180430,000000,5.64,5.65,5.63,5.64,10881418,0
BBBY.US,D,20180430,000000,5.63,5.64,5.59,5.60,10006308,0
BBBY.US,D,20180501,000000,5.57,5.57,5.50,5.50,14887446,0
BBBY.US,D,20180502,000000,5.51,5.62,5.48,5.58,10377645,0
BBBY.US,D,20180503,000000,5.60,5.67,5.59,5.65,22941446,0
BBBY.US,D,20180504,000000,5.67,5.71,5.43,5.52,19273544,0
BBBY.US,D,20180507,000000,5.52,5.56,5.43,5.45,10193548,0
BBBY.US,D,20180507,000000,5.47,5.67,5.41,5.61,18133351,0
BBBY.US,D,20180507,000000,5.57,5.57,5.57,5.57,19767911,0
BBBY.US,D,20180508,000000,5.60,5.62,5.59,5.62,27679843,0
BBBY.US,D,20180509,000000,5.64,5.75,5.59,5.73,19062763,0
BBBY.US,D,20180510,000000,5.81,5.82,5.68,5.70,22707016,0
BBBY.US,D,20180511,000000,5.64,5.65,5.36,5.40,14305927,0
BBBY.US,D,20180514,000000,5.44,5.45,5.43,5.43,27130448,0
BBBY.US,D,20180514,000000,5.54,5.57,5.16,5.19,28601441,0
BBBY.US,D,20180514,000000,5.12,5.13,5.06,5.11,16663269,0
BBBY.US,D,20180515,000000,5.11,5.17,5.04,5.06,15551754,0
BBBY.US,D,20180516,000000,5.08,5.12,4.96,5.02,17428965,0
BBBY.US,D,20180517,000000,5.10,5.13,4.88,4.91,18950338,0
BBBY.US,D,20180518,000000,4.83,5.16,4.77,5.08,17819014,0
BBBY.US,D,20180521,000000,4.97,5.14,4.96,5.13,24180023,0
BBBY.US,D,20180521,000000,5.25,5.34,5.23,5.33,10053460,0
BBBY.US,D,20180521,000000,5.37,5.44,5.29,5.31,17405811,0
BBBY.US,D,20180522,000000,5.40,5.56,5.35,5.53,22029203,0
BBBY.US,D,20180523,000000,5.52,6.34,5.49,6.01,25177624,0
BBBY.US,D,20180524,000000,5.96,6.00,5.95,5.98,15879522,0
BBBY.US,D,20180525,000000,6.00,6.14,5.95,6.05,23936099,0
BBBY.US,D,20180528,000000,6.02,6.07,5.86,5.87,15399579,0
BBBY.US,D,20180528,000000,6.00,6.14,5.50,5.56,24892506,0
BBBY.US,D,20180528,000000,5.58,5.65,5.37,5.42,16031106,0
BBBY.US,D,20180529,000000,5.46,5.53,5.42,5.51,14404058,0
BBBY.US,D,20180530,000000,5.49,5.73,5.47,5.67,23494298,0
BBBY.US,D,20180531,000000,5.66,5.93,5.65,5.87,29553259,0
BBBY.US,D,20180601,000000,5.92,6.05,5.60,5.65,19485860,0
BBBY.US,D,20180604,000000,5.69,5.69,5.65,5.66,19761639,0
BBBY.US,D,20180604,000000,5.61,5.78,5.61,5.78,28304233,0
BBBY.US,D,20180604,000000,5.81,6.11,5.74,6.05,27662460,0
BBBY.US,D,20180605,000000,5.99,6.00,5.89,5.92,17839215,0
BBBY.US,D,20180606,000000,5.94,6.31,5.91,6.23,24650146,0
BBBY.US,D,20180607,000000,6.30,6.33,6.09,6.21,16363016,0
BBBY.US,D,20180608,000000,6.23,6.25,6.11,6.14,26083596,0
BBBY.US,D,20180611,000000,6.17,6.24,5.32,5.46,28487744,0
BBBY.US,D,20180611,000000,5.43,5.56,5.39,5.56,13144536,0
BBBY.US,D,20180611,000000,5.56,5.60,5.40,5.41,17336073,0
BBBY.US,D,20180612,000000,5.49,5.54,5.16,5.36,10671411,0
BBBY.US,D,20180613,000000,5.41,5.75,5.34,5.64,29833718,0
BBBY.US,D,20180614,000000,5.66,5.68,5.28,5.37,24665999,0
BBBY.US,D,20180615,000000,5.44,5.51,5.42,5.44,15244718,0
BBBY.US,D,20180618,000000,5.44,5.70,5.39,5.66,17399472,0
BBBY.US,D,20180618,000000,5.76,5.77,5.66,5.68,28371923,0
BBBY.US,D,20180618,000000,5.66,5.70,5.38,5.49,10737635,0
BBBY.US,D,20180619,000000,5.49,5.49,5.44,5.44,20287094,0
BBBY.US,D,20180620,000000,5.53,5.64,5.51,5.59,20303208,0
BBBY.US,D,20180621,000000,5.68,5.87,5.32,5.39,24717738,0
BBBY.US,D,20180622,000000,5.41,5.42,5.38,5.40,28499796,0
BBBY.US,D,20180625,000000,5.41,5.44,5.21,5.30,23224948,0
BBBY.US,D,20180625,000000,5.30,5.30,5.26,5.26,27128294,0
BBBY.US,D,20180625,000000,5.31,5.36,4.76,4.85,19915855,0
BBBY.US,D,20180626,000000,4.82,4.93,4.78,4.90,11308358,0
BBBY.US,D,20180627,000000,4.94,4.97,4.49,4.51,23699207,0
BBBY.US,D,20180628,000000,4.51,4.51,4.50,4.50,24098441,0
BBBY.US,D,20180629,000000,4.57,4.59,4.48,4.55,21248880,0
BBBY.US,D,20180702,000000,4.47,4.75,4.39,4.69,20299963,0
BBBY.US,D,20180702,000000,4.65,4.83,4.61,4.73,11491153,0
BBBY.US,D,20180702,000000,4.62,4.63,4.52,4.52,14376286,0
BBBY.US,D,20180703,000000,4.48,4.50,4.47,4.49,21859999,0
BBBY.US,D,20180704,000000,4.49,4.88,4.43,4.83,23145596,0
BBBY.US,D,20180705,000000,4.87,4.87,4.70,4.78,29878074,0
BBBY.US,D,20180706,000000,4.78,4.99,4.78,4.91,24457075,0
BBBY.US,D,20180709,000000,4.94,5.32,4.82,5.30,22308481,0
BBBY.US,D,20180709,000000,5.25,5.57,5.21,5.47,27845869,0
BBBY.US,D,20180709,000000,5.51,5.57,5.35,5.39,29160114,0
BBBY.US,D,20180710,000000,5.43,5.78,5.43,5.76,25445207,0
BBBY.US,D,20180711,000000,5.69,5.76,5.55,5.60,20500742,0
BBBY.US,D,20180712,000000,5.71,5.82,5.70,5.82,14858589,0
BBBY.US,D,20180713,000000,5.73,5.80,5.37,5.38,27723433,0
BBBY.US,D,20180716,000000,5.27,5.52,5.25,5.49,29050407,0
BBBY.US,D,20180716,000000,5.46,5.79,5.38,5.65,28737777,0
BBBY.US,D,20180716,000000,5.65,5.69,5.48,5.52,12814326,0
BBBY.US,D,20180717,000000,5.46,5.68,5.40,5.59,28866433,0
BBBY.US,D,20180718,000000,5.56,5.57,5.10,5.11,15462519,0
BBBY.US,D,20180719,000000,5.03,5.38,5.01,5.32,24125902,0
BBBY.US,D,20180720,000000,5.38,5.43,5.19,5.20,10686837,0
BBBY.US,D,20180723,000000,5.22,5.23,5.13,5.15,10458327,0
BBBY.US,D,20180723,000000,5.08,5.12,4.92,4.94,10090053,0
BBBY.US,D,20180723,000000,4.89,5.18,4.82,5.15,29467589,0
BBBY.US,D,20180724,000000,5.10,5.31,5.06,5.30,12349202,0
BBBY.US,D,20180725,000000,5.32,5.49,5.32,5.44,10788788,0
BBBY.US,D,20180726,000000,5.45,5.50,5.21,5.38,22862929,0
BBBY.US,D,20180727,000000,5.47,5.48,5.47,5.48,12396959,0
BBBY.US,D,20180730,000000,5.39,5.43,5.37,5.43,17238308,0
BBBY.US,D,20180730,000000,5.47,5.52,5.06,5.11,17387694,0
BBBY.US,D,20180730,000000,5.11,5.11,5.03,5.05,18554766,0
BBBY.US,D,20180731,000000,5.08,5.24,5.04,5.23,15527984,0
BBBY.US,D,20180801,000000,5.09,5.64,4.88,5.50,15922889,0
BBBY.US,D,20180802,000000,5.45,5.62,5.43,5.60,21901376,0
BBBY.US,D,20180803,000000,5.76,6.01,5.70,5.95,28842564,0
BBBY.US,D,20180806,000000,6.03,6.06,5.70,5.84,12303234,0
BBBY.US,D,20180806,000000,5.79,5.85,5.29,5.35,20025990,0
BBBY.US,D,20180806,000000,5.34,5.36,5.19,5.20,26111786,0
BBBY.US,D,20180807,000000,5.26,5.26,5.26,5.26,29682005,0
BBBY.US,D,20180808,000000,5.19,5.20,5.09,5.16,25122986,0
BBBY.US,D,20180809,000000,5.13,5.29,5.08,5.27,10894749,0
BBBY.US,D,20180810,000000,5.35,5.36,5.31,5.34,27286514,0
BBBY.US,D,20180813,000000,5.33,5.43,5.33,5.42,23915711,0
BBBY.US,D,20180813,000000,5.31,5.37,5.18,5.27,13162671,0
BBBY.US,D,20180813,000000,5.14,5.63,5.13,5.52,17347063,0
BBBY.US,D,20180814,000000,5.54,5.62,5.27,5.29,16050411,0
BBBY.US,D,20180815,000000,5.20,5.40,5.16,5.33,17845701,0
BBBY.US,D,20180816,000000,5.27,5.48,5.18,5.42,18718027,0
BBBY.US,D,20180817,000000,5.34,5.36,5.29,5.34,10836703,0
BBBY.US,D,20180820,000000,5.42,5.42,5.17,5.23,11376651,0
BBBY.US,D,20180820,000000,5.14,5.81,5.12,5.52,26711151,0
BBBY.US,D,20180820,000000,5.62,5.66,5.37,5.38,22315883,0
BBBY.US,D,20180821,000000,5.35,5.40,5.34,5.37,18099082,0
BBBY.US,D,20180822,000000,5.36,5.37,5.34,5.34,14876521,0
BBBY.US,D,20180823,000000,5.33,5.34,5.29,5.29,15422108,0
BBBY.US,D,20180824,000000,5.30,5.76,5.21,5.55,21164135,0
BBBY.US,D,20180827,000000,5.49,5.99,5.45,5.89,10606135,0
BBBY.US,D,20180827,000000,5.92,6.09,5.91,6.09,18564522,0
BBBY.US,D,20180827,000000,6.08,6.66,5.85,6.54,14639963,0
BBBY.US,D,20180828,000000,6.58,6.62,6.56,6.59,26108226,0
BBBY.US,D,20180829,000000,6.54,6.71,6.44,6.64,26460733,0
BBBY.US,D,20180830,000000,6.61,6.76,6.60,6.71,27132107,0
BBBY.US,D,20180831,000000,6.65,6.66,6.50,6.51,12670065,0
BBBY.US,D,20180903,000000,6.58,6.61,5.97,6.19,27275521,0
BBBY.US,D,20180903,000000,6.27,6.35,5.90,5.96,12220444,0
BBBY.US,D,20180903,000000,5.88,6.09,5.86,6.00,22532445,0
BBBY.US,D,20180904,000000,6.08,6.12,5.84,5.93,20911683,0
BBBY.US,D,20180905,000000,5.84,6.06,5.78,5.98,29479909,0
BBBY.US,D,20180906,000000,6.00,6.29,5.75,6.25,22088046,0
BBBY.US,D,20180907,000000,6.44,6.47,6.44,6.46,10140280,0
BBBY.US,D,20180910,000000,6.45,6.69,6.28,6.67,21461878,0
BBBY.US,D,20180910,000000,6.58,6.65,6.57,6.60,28837036,0
BBBY.US,D,20180910,000000,6.57,6.61,6.50,6.52,11413093,0
BBBY.US,D,20180911,000000,6.60,6.64,6.31,6.37,22656131,0
BBBY.US,D,20180912,000000,6.32,6.42,5.66,5.80,10678938,0
BBBY.US,D,20180913,000000,5.79,5.84,5.30,5.52,20719884,0
BBBY.US,D,20180914,000000,5.53,5.76,5.53,5.63,18977077,0
BBBY.US,D,20180917,000000,5.67,5.70,5.43,5.44,17706899,0
BBBY.US,D,20180917,000000,5.40,5.43,5.05,5.27,17657812,0
BBBY.US,D,20180917,000000,5.20,5.31,5.08,5.08,28128561,0
BBBY.US,D,20180918,000000,5.11,5.19,4.94,5.05,25411275,0
BBBY.US,D,20180919,000000,5.12,5.12,4.81,4.90,20912381,0
BBBY.US,D,20180920,000000,4.90,4.96,4.45,4.55,27252289,0
BBBY.US,D,20180921,000000,4.60,4.85,4.59,4.79,16693957,0
BBBY.US,D,20180924,000000,4.81,4.81,4.60,4.67,27808007,0
BBBY.US,D,20180924,000000,4.64,4.64,4.63,4.64,11762692,0
BBBY.US,D,20180924,000000,4.62,4.74,4.61,4.72,16512583,0
BBBY.US,D,20180925,000000,4.77,4.92,4.26,4.31,20780811,0
BBBY.US,D,20180926,000000,4.28,4.45,4.27,4.43,23678604,0
BBBY.US,D,20180927,000000,4.51,4.56,4.31,4.39,21828713,0
BBBY.US,D,20180928,000000,4.42,4.63,4.40,4.61,21587701,0
BBBY.US,D,20181001,000000,4.56,4.58,4.56,4.57,16202312,0
BBBY.US,D,20181001,000000,4.53,4.70,4.51,4.66,22263431,0
BBBY.US,D,20181001,000000,4.69,4.89,4.66,4.86,24145360,0
BBBY.US,D,20181002,000000,4.88,5.28,4.83,5.14,25105616,0
BBBY.US,D,20181003,000000,5.15,5.25,5.14,5.20,14109464,0
BBBY.US,D,20181004,000000,5.33,5.38,4.99,5.10,22662780,0
BBBY.US,D,20181005,000000,5.12,5.12,4.83,4.93,16318753,0
BBBY.US,D,20181008,000000,4.85,5.14,4.73,5.11,14812755,0
BBBY.US,D,20181008,000000,5.05,5.16,5.04,5.15,18948281,0
BBBY.US,D,20181008,000000,5.16,5.23,4.81,4.83,22089979,0
BBBY.US,D,20181009,000000,4.78,4.78,4.72,4.73,26438055,0
BBBY.US,D,20181010,000000,4.78,4.81,4.67,4.68,13636514,0
BBBY.US,D,20181011,000000,4.79,4.89,4.76,4.85,13269361,0
BBBY.US,D,20181012,000000,4.80,4.82,4.76,4.78,15119191,0
BBBY.US,D,20181015,000000,4.74,4.85,4.72,4.78,22360604,0
BBBY.US,D,20181015,000000,4.85,5.18,4.82,5.14,13021278,0
BBBY.US,D,20181015,000000,5.10,5.41,5.07,5.30,20896233,0
BBBY.US,D,20181016,000000,5.22,5.24,5.20,5.24,19623032,0
BBBY.US,D,20181017,000000,5.20,5.27,5.15,5.24,25285661,0
BBBY.US,D,20181018,000000,5.06,5.48,4.99,5.39,10582766,0
BBBY.US,D,20181019,000000,5.44,6.07,5.42,5.89,24437925,0
BBBY.US,D,20181022,000000,5.94,5.96,5.89,5.96,15774995,0
BBBY.US,D,20181022,000000,5.91,5.91,5.88,5.89,24700748,0
BBBY.US,D,20181022,000000,5.98,6.22,5.93,6.17,22351941,0
BBBY.US,D,20181023,000000,6.22,6.31,5.76,5.84,23502504,0
BBBY.US,D,20181024,000000,5.82,5.87,5.81,5.86,29854272,0
BBBY.US,D,20181025,000000,5.92,6.02,5.86,5.94,10314154,0
BBBY.US,D,20181026,000000,5.94,6.14,5.92,6.13,22301200,0
BBBY.US,D,20181029,000000,6.18,6.37,6.17,6.33,29368944,0
BBBY.US,D,20181029,000000,6.31,6.57,6.23,6.53,10518268,0
BBBY.US,D,20181029,000000,6.55,6.79,6.47,6.74,18282356,0
BBBY.US,D,20181030,000000,6.71,7.20,6.67,7.12,27712290,0
BBBY.US,D,20181031,000000,7.11,7.15,7.11,7.14,17997908,0
BBBY.US,D,20181101,000000,7.19,7.28,7.15,7.25,19562960,0
BBBY.US,D,20181102,000000,7.10,7.12,7.04,7.09,13367850,0
BBBY.US,D,20181105,000000,6.98,7.38,6.93,7.37,17728465,0
BBBY.US,D,20181105,000000,7.51,7.72,6.55,6.82,28564489,0
BBBY.US,D,20181105,000000,6.83,6.93,6.43,6.48,24730050,0
BBBY.US,D,20181106,000000,6.43,6.64,6.39,6.59,17765547,0
BBBY.US,D,20181107,000000,6.61,6.65,6.18,6.21,12259784,0
BBBY.US,D,20181108,000000,6.23,6.27,6.03,6.07,10416820,0
BBBY.US,D,20181109,000000,6.02,6.81,5.98,6.72,19912603,0
BBBY.US,D,20181112,000000,6.66,6.72,6.64,6.72,29750686,0
BBBY.US,D,20181112,000000,6.65,6.86,6.65,6.81,27508047,0
BBBY.US,D,20181112,000000,6.80,7.26,6.77,7.13,23744997,0
BBBY.US,D,20181113,000000,7.02,7.14,6.99,7.10,22784823,0
BBBY.US,D,20181114,000000,7.08,7.58,7.01,7.50,21351353,0
BBBY.US,D,20181115,000000,7.65,7.67,7.64,7.67,29990406,0
BBBY.US,D,20181116,000000,7.73,8.10,7.68,8.07,27155059,0
BBBY.US,D,20181119,000000,7.87,7.88,7.81,7.81,20941596,0
BBBY.US,D,20181119,000000,7.71,8.36,7.67,8.34,16103552,0
BBBY.US,D,20181119,000000,8.34,8.63,8.33,8.51,13274849,0
BBBY.US,D,20181120,000000,8.61,8.62,8.12,8.30,18024403,0
BBBY.US,D,20181121,000000,8.31,8.63,8.20,8.55,24953524,0
BBBY.US,D,20181122,000000,8.52,8.76,8.45,8.68,17097967,0
BBBY.US,D,20181123,000000,8.64,8.83,8.62,8.82,29944363,0
BBBY.US,D,20181126,000000,8.84,8.95,8.80,8.94,10685747,0
BBBY.US,D,20181126,000000,9.07,9.33,9.03,9.27,16263000,0
BBBY.US,D,20181126,000000,9.33,10.07,9.20,9.91,11782923,0
BBBY.US,D,20181127,000000,9.88,11.00,9.74,10.63,27103673,0
BBBY.US,D,20181128,000000,10.63,10.71,10.19,10.35,21601273,0
BBBY.US,D,20181129,000000,10.46,10.47,10.42,10.43,26246916,0
BBBY.US,D,20181130,000000,10.27,10.28,10.24,10.25,14072056,0
BBBY.US,D,20181203,000000,10.15,10.53,10.08,10.31,20884002,0
BBBY.US,D,20181203,000000,10.37,10.39,10.19,10.21,17164320,0
BBBY.US,D,20181203,000000,10.31,10.35,10.29,10.35,19933298,0
BBBY.US,D,20181204,000000,10.03,10.64,10.01,10.48,41246056,0
BBBY.US,D,20181205,000000,10.42,10.58,10.40,10.58,22811472,0
BBBY.US,D,20181206,000000,10.52,10.88,10.47,10.80,41043006,0
BBBY.US,D,20181207,000000,10.84,11.09,10.84,10.99,18683170,0
BBBY.US,D,20181210,000000,11.06,11.26,11.06,11.18,51238386,0
BBBY.US,D,20181210,000000,11.16,11.44,11.12,11.41,29121720,0
BBBY.US,D,20181210,000000,11.51,11.67,11.50,11.62,54246986,0
BBBY.US,D,20181211,000000,11.74,12.06,11.70,11.97,23436564,0
BBBY.US,D,20181212,000000,12.01,12.27,11.95,12.22,50071788,0
BBBY.US,D,20181213,000000,12.00,12.51,11.95,12.40,48083621,0
BBBY.US,D,20181214,000000,12.69,12.86,12.66,12.76,54408332,0
BBBY.US,D,20181217,000000,12.70,13.24,12.60,13.15,53740696,0
BBBY.US,D,20181217,000000,12.89,13.76,12.86,13.51,45750230,0
BBBY.US,D,20181217,000000,13.54,13.87,13.24,13.76,55103624,0
BBBY.US,D,20181218,000000,14.20,14.23,14.11,14.13,82490599,0
BBBY.US,D,20181219,000000,14.08,14.72,14.02,14.54,70256284,0
BBBY.US,D,20181220,000000,14.64,15.17,14.48,15.06,35511063,0
BBBY.US,D,20181221,000000,14.68,16.15,14.58,15.66,73627886,0
BBBY.US,D,20181224,000000,16.02,16.37,15.87,16.27,90822305,0
BBBY.US,D,20181224,000000,16.24,16.86,16.21,16.80,63796032,0
BBBY.US,D,20181224,000000,16.52,17.39,16.34,17.32,81470635,0
BBBY.US,D,20181225,000000,17.41,17.92,17.36,17.86,66576912,0
BBBY.US,D,20181226,000000,18.03,18.56,17.78,18.47,90732821,0
BBBY.US,D,20181227,000000,18.60,19.24,18.39,19.07,92157614,0
BBBY.US,D,20181228,000000,18.95,19.95,18.64,19.65,24873858,0
BBBY.US,D,20181231,000000,20.01,20.18,19.07,19.56,18281731,0
BBBY.US,D,20181231,000000,19.35,19.39,18.64,18.75,28575476,0
BBBY.US,D,20181231,000000,18.76,18.81,18.04,18.18,20742827,0
BBBY.US,D,20190101,000000,18.27,18.28,18.16,18.17,14065270,0
BBBY.US,D,20190102,000000,18.38,18.46,17.96,18.12,21532723,0
BBBY.US,D,20190103,000000,18.02,20.50,17.36,19.83,21328609,0
BBBY.US,D,20190104,000000,19.59,19.77,19.40,19.41,15507968,0
BBBY.US,D,20190107,000000,19.25,19.41,19.14,19.38,16032637,0
BBBY.US,D,20190107,000000,19.42,19.45,19.03,19.23,24924939,0
BBBY.US,D,20190107,000000,19.31,19.41,18.43,18.81,21340355,0
BBBY.US,D,20190108,000000,18.64,20.04,18.46,19.16,22695598,0
BBBY.US,D,20190109,000000,19.38,19.44,18.84,18.92,15236820,0
BBBY.US,D,20190110,000000,18.80,19.46,18.72,19.35,13930833,0
BBBY.US,D,20190111,000000,19.14,20.51,18.79,20.44,21405473,0
BBBY.US,D,20190114,000000,20.43,20.52,18.90,19.07,19554432,0
BBBY.US,D,20190114,000000,19.14,19.64,18.96,19.61,25284832,0
BBBY.US,D,20190114,000000,19.41,20.47,19.30,20.46,26350543,0
BBBY.US,D,20190115,000000,20.05,20.07,19.78,19.87,28618753,0
BBBY.US,D,20190116,000000,19.88,21.06,19.45,20.68,16990021,0
BBBY.US,D,20190117,000000,20.78,21.04,20.16,20.27,17264442,0
BBBY.US,D,20190118,000000,20.53,21.30,20.26,20.47,23444584,0
BBBY.US,D,20190121,000000,20.69,21.28,20.47,21.03,15277247,0
BBBY.US,D,20190121,000000,21.42,21.70,19.23,19.71,15592427,0
BBBY.US,D,20190121,000000,19.74,19.98,19.67,19.88,21505248,0
BBBY.US,D,20190122,000000,20.01,20.79,20.01,20.74,14664941,0
BBBY.US,D,20190123,000000,20.85,20.94,20.02,20.20,13189928,0
BBBY.US,D,20190124,000000,20.26,21.64,20.16,20.91,22231249,0
BBBY.US,D,20190125,000000,20.98,23.52,20.29,22.94,21809108,0
BBBY.US,D,20190128,000000,22.42,22.48,20.87,21.37,20047406,0
BBBY.US,D,20190128,000000,20.98,21.30,19.84,19.99,26246051,0
BBBY.US,D,20190128,000000,19.72,21.83,19.66,21.15,27570323,0
BBBY.US,D,20190129,000000,20.69,22.23,20.61,21.95,15856876,0
BBBY.US,D,20190130,000000,21.88,22.33,21.79,22.12,28336457,0
BBBY.US,D,20190131,000000,22.14,25.16,21.71,24.38,15678810,0
BBBY.US,D,20190201,000000,24.39,25.65,24.03,25.39,19300601,0
BBBY.US,D,20190204,000000,24.85,26.43,24.55,26.17,26013261,0
BBBY.US,D,20190204,000000,26.13,26.26,25.40,25.72,12482316,0
BBBY.US,D,20190204,000000,25.57,27.99,25.37,27.71,22749040,0
BBBY.US,D,20190205,000000,27.42,28.13,27.31,27.83,13884590,0
BBBY.US,D,20190206,000000,27.84,27.94,26.61,27.09,27137799,0
BBBY.US,D,20190207,000000,26.95,28.03,26.76,28.01,12819427,0
BBBY.US,D,20190208,000000,28.24,28.30,28.21,28.30,29716255,0
BBBY.US,D,20190211,000000,28.57,28.64,26.93,27.12,22960738,0
BBBY.US,D,20190211,000000,26.73,27.61,26.71,27.01,16952905,0
BBBY.US,D,20190211,000000,26.79,29.43,26.69,28.63,17092107,0
BBBY.US,D,20190212,000000,29.29,29.96,29.26,29.95,14629134,0
BBBY.US,D,20190213,000000,30.00,31.30,29.97,30.64,28839861,0
BBBY.US,D,20190214,000000,30.45,31.58,29.56,31.47,11998333,0
BBBY.US,D,20190215,000000,30.87,33.59,30.49,33.49,27228210,0
BBBY.US,D,20190218,000000,32.88,32.92,32.67,32.75,13468013,0
BBBY.US,D,20190218,000000,32.32,33.77,32.14,33.41,16418428,0
BBBY.US,D,20190218,000000,33.30,33.93,33.10,33.83,28829892,0
BBBY.US,D,20190219,000000,34.62,34.75,34.11,34.20,11969453,0
BBBY.US,D,20190220,000000,33.73,37.47,33.63,36.40,28844865,0
BBBY.US,D,20190221,000000,36.18,36.74,36.05,36.65,22102863,0
BBBY.US,D,20190222,000000,36.16,37.62,35.76,37.39,18454627,0
BBBY.US,D,20190225,000000,37.35,37.62,36.55,36.61,12818063,0
BBBY.US,D,20190225,000000,36.63,37.53,33.28,34.35,28147970,0
BBBY.US,D,20190225,000000,35.49,36.06,32.05,33.94,14509447,0
BBBY.US,D,20190226,000000,34.86,39.80,34.36,37.75,18929818,0
BBBY.US,D,20190227,000000,37.45,38.03,36.34,36.79,12592952,0
BBBY.US,D,20190228,000000,36.46,36.91,35.33,35.70,28179710,0
BBBY.US,D,20190301,000000,35.70,37.75,35.15,37.61,27163740,0
BBBY.US,D,20190304,000000,37.00,37.07,34.48,36.09,13698682,0
BBBY.US,D,20190304,000000,36.08,36.37,35.97,36.32,20147283,0
BBBY.US,D,20190304,000000,36.96,37.06,34.61,35.07,15485644,0
BBBY.US,D,20190305,000000,35.06,35.69,33.66,34.09,19689291,0
BBBY.US,D,20190306,000000,33.89,34.03,32.98,33.00,14764200,0
BBBY.US,D,20190307,000000,33.49,34.01,32.72,32.85,17034632,0
BBBY.US,D,20190308,000000,33.54,34.58,33.51,34.05,25877285,0
BBBY.US,D,20190311,000000,33.82,37.69,33.55,36.81,20592727,0
BBBY.US,D,20190311,000000,36.50,36.58,35.55,35.83,19713009,0
BBBY.US,D,20190311,000000,35.76,39.51,34.92,39.05,27450917,0
BBBY.US,D,20190312,000000,38.80,42.90,38.47,41.71,14508148,0
BBBY.US,D,20190313,000000,41.35,42.59,41.22,42.43,22377216,0
BBBY.US,D,20190314,000000,41.06,45.01,40.95,44.63,10620033,0
BBBY.US,D,20190315,000000,44.49,44.58,44.40,44.53,20284585,0
BBBY.US,D,20190318,000000,44.31,47.83,43.65,46.19,22854979,0
BBBY.US,D,20190318,000000,46.28,50.20,45.74,49.52,18598391,0
BBBY.US,D,20190318,000000,49.05,49.45,47.31,47.45,11697545,0
BBBY.US,D,20190319,000000,47.00,47.00,42.74,44.09,20701868,0
BBBY.US,D,20190320,000000,43.82,49.06,43.65,48.11,28091516,0
BBBY.US,D,20190321,000000,48.17,48.41,47.74,47.75,28520382,0
BBBY.US,D,20190322,000000,48.31,48.84,46.79,46.94,26502711,0
BBBY.US,D,20190325,000000,47.79,48.11,46.42,46.49,10451372,0
BBBY.US,D,20190325,000000,45.83,47.36,45.20,46.42,17155337,0
BBBY.US,D,20190325,000000,46.94,47.07,40.02,41.97,15370708,0
BBBY.US,D,20190326,000000,41.37,45.49,41.06,44.22,23542380,0
BBBY.US,D,20190327,000000,42.36,45.78,41.71,45.21,18282141,0
BBBY.US,D,20190328,000000,44.85,46.04,44.81,45.58,18838076,0
BBBY.US,D,20190329,000000,45.77,47.46,45.62,47.29,10242131,0
BBBY.US,D,20190401,000000,46.07,49.76,45.82,49.52,14218519,0
BBBY.US,D,20190401,000000,49.76,49.92,48.84,49.15,19073844,0
BBBY.US,D,20190401,000000,49.93,50.28,46.73,47.94,18355190,0
BBBY.US,D,20190402,000000,47.98,48.14,46.05,46.69,27784392,0
BBBY.US,D,20190403,000000,46.94,46.99,43.66,43.86,11886233,0
BBBY.US,D,20190404,000000,43.58,43.79,41.84,42.00,22069349,0
BBBY.US,D,20190405,000000,43.06,43.30,40.55,41.21,14907274,0
BBBY.US,D,20190408,000000,41.50,47.86,40.71,46.96,17077829,0
BBBY.US,D,20190408,000000,47.90,48.28,44.91,45.51,10023718,0
BBBY.US,D,20190408,000000,46.70,47.07,46.52,46.95,17108904,0
BBBY.US,D,20190409,000000,47.49,48.22,42.95,44.27,16413529,0
BBBY.US,D,20190410,000000,44.48,44.76,44.03,44.11,11032033,0
BBBY.US,D,20190411,000000,45.36,48.06,40.91,41.37,27812476,0
BBBY.US,D,20190412,000000,39.90,40.17,39.82,40.14,16612623,0
BBBY.US,D,20190415,000000,39.25,41.75,39.02,40.99,18183901,0
BBBY.US,D,20190415,000000,40.51,40.80,38.89,38.98,14802455,0
BBBY.US,D,20190415,000000,38.36,39.74,38.24,39.50,27178527,0
BBBY.US,D,20190416,000000,38.55,38.59,34.95,35.65,16013319,0
BBBY.US,D,20190417,000000,36.18,38.47,36.09,37.85,14434833,0
BBBY.US,D,20190418,000000,37.37,37.58,35.54,35.76,29568165,0
BBBY.US,D,20190419,000000,36.22,36.28,32.70,34.14,15494802,0
BBBY.US,D,20190422,000000,33.66,33.75,32.85,32.99,24280889,0
BBBY.US,D,20190422,000000,32.47,34.89,32.13,34.53,28147567,0
BBBY.US,D,20190422,000000,34.15,34.58,32.69,33.07,17600554,0
BBBY.US,D,20190423,000000,32.88,33.29,31.29,32.34,27255128,0
BBBY.US,D,20190424,000000,33.04,33.07,32.04,32.59,20365455,0
BBBY.US,D,20190425,000000,33.31,36.30,32.84,35.24,27973866,0
BBBY.US,D,20190426,000000,35.05,35.23,33.70,33.95,24951911,0
BBBY.US,D,20190429,000000,33.56,33.68,32.84,32.98,17876023,0
BBBY.US,D,20190429,000000,33.02,33.39,33.02,33.26,26990144,0
BBBY.US,D,20190429,000000,32.60,32.94,31.60,31.67,13512654,0
BBBY.US,D,20190430,000000,30.97,33.91,30.86,33.34,12834421,0
BBBY.US,D,20190501,000000,34.65,36.15,31.98,32.39,10241601,0
BBBY.US,D,20190502,000000,32.19,33.99,31.51,33.00,14097840,0
BBBY.US,D,20190503,000000,33.06,33.08,32.98,33.01,25591647,0
BBBY.US,D,20190506,000000,33.02,34.61,27.48,28.93,18960117,0
BBBY.US,D,20190506,000000,28.00,28.20,26.80,26.80,12936779,0
BBBY.US,D,20190506,000000,27.17,27.92,24.96,25.45,25590213,0
BBBY.US,D,20190507,000000,25.86,25.91,23.19,23.33,10892979,0
BBBY.US,D,20190508,000000,24.27,24.90,23.54,23.96,24610548,0
BBBY.US,D,20190509,000000,24.09,24.46,22.88,23.17,16503521,0
BBBY.US,D,20190510,000000,23.16,23.26,23.15,23.19,16213151,0
BBBY.US,D,20190513,000000,22.72,25.27,21.82,25.18,29926416,0
BBBY.US,D,20190513,000000,25.67,26.74,25.48,26.68,12661160,0
BBBY.US,D,20190513,000000,27.06,27.93,26.95,27.88,21143518,0
BBBY.US,D,20190514,000000,27.31,28.85,26.83,28.50,22852942,0
BBBY.US,D,20190515,000000,28.33,28.96,28.27,28.69,10920766,0
BBBY.US,D,20190516,000000,28.74,30.41,28.67,30.23,26786408,0
BBBY.US,D,20190517,000000,30.19,30.75,29.94,30.41,13009652,0
BBBY.US,D,20190520,000000,31.22,32.90,31.03,32.75,12614853,0
BBBY.US,D,20190520,000000,33.98,36.87,33.91,36.43,19323901,0
BBBY.US,D,20190520,000000,36.92,43.67,36.50,41.87,12886956,0
BBBY.US,D,20190521,000000,42.27,43.80,36.77,36.98,22092501,0
BBBY.US,D,20190522,000000,37.92,38.29,36.44,36.61,16241846,0
BBBY.US,D,20190523,000000,36.06,36.22,35.36,35.44,27271827,0
BBBY.US,D,20190524,000000,35.53,36.45,34.74,35.93,16096719,0
BBBY.US,D,20190527,000000,35.65,35.71,31.80,33.44,16121753,0
BBBY.US,D,20190527,000000,32.58,37.59,31.38,35.94,20513966,0
BBBY.US,D,20190527,000000,36.39,38.92,36.01,38.56,13727847,0
BBBY.US,D,20190528,000000,38.93,40.25,38.92,39.32,12121185,0
BBBY.US,D,20190529,000000,37.59,39.62,36.88,39.45,22275880,0
BBBY.US,D,20190530,000000,39.46,45.65,39.38,43.53,16517895,0
BBBY.US,D,20190531,000000,44.71,46.39,43.76,46.25,29291951,0
BBBY.US,D,20190603,000000,47.33,47.81,45.30,46.27,15729037,0
BBBY.US,D,20190603,000000,45.57,47.98,45.00,47.27,28691287,0
BBBY.US,D,20190603,000000,46.08,47.69,38.82,39.85,14291661,0
BBBY.US,D,20190604,000000,40.68,44.45,40.55,43.41,14374953,0
BBBY.US,D,20190605,000000,43.71,48.91,42.39,47.93,28594096,0
BBBY.US,D,20190606,000000,47.26,50.44,46.60,50.28,25891087,0
BBBY.US,D,20190607,000000,50.66,52.95,49.84,52.60,27986120,0
BBBY.US,D,20190610,000000,53.01,56.56,52.89,56.12,15922465,0
BBBY.US,D,20190610,000000,56.32,59.44,56.24,57.81,15279885,0
BBBY.US,D,20190610,000000,56.65,57.88,49.53,51.03,27388798,0
BBBY.US,D,20190611,000000,51.54,52.19,50.30,50.52,16234062,0
BBBY.US,D,20190612,000000,51.77,54.14,44.65,46.59,27266071,0
BBBY.US,D,20190613,000000,46.64,46.92,40.53,42.70,11545656,0
BBBY.US,D,20190614,000000,43.97,44.86,42.93,43.60,23273699,0
BBBY.US,D,20190617,000000,44.09,44.27,37.37,37.98,27854975,0
BBBY.US,D,20190617,000000,38.77,38.99,36.35,37.36,12836157,0
BBBY.US,D,20190617,000000,37.81,39.25,36.53,36.96,28927849,0
BBBY.US,D,20190618,000000,36.64,37.47,36.37,37.38,20171121,0
BBBY.US,D,20190619,000000,37.25,38.39,34.01,34.11,16524169,0
BBBY.US,D,20190620,000000,35.07,35.43,32.14,33.42,14146277,0
BBBY.US,D,20190621,000000,33.93,36.06,33.47,35.80,18283108,0
BBBY.US,D,20190624,000000,35.74,36.08,33.62,34.02,10758963,0
BBBY.US,D,20190624,000000,33.42,33.78,28.76,30.64,28596250,0
BBBY.US,D,20190624,000000,31.88,32.40,27.58,27.76,19411620,0
BBBY.US,D,20190625,000000,27.93,28.16,27.43,27.65,16315855,0
BBBY.US,D,20190626,000000,27.90,32.62,26.63,31.28,24486571,0
BBBY.US,D,20190627,000000,31.16,33.39,30.12,32.48,12457242,0
BBBY.US,D,20190628,000000,32.85,36.42,32.04,35.92,13867295,0
BBBY.US,D,20190701,000000,35.60,36.90,33.90,34.07,19079187,0
BBBY.US,D,20190701,000000,33.97,40.04,33.97,37.42,10047210,0
BBBY.US,D,20190701,000000,36.24,44.38,35.68,42.02,17618872,0
BBBY.US,D,20190702,000000,41.50,41.58,39.26,39.30,26468525,0
BBBY.US,D,20190703,000000,39.06,40.18,37.76,38.94,22182115,0
BBBY.US,D,20190704,000000,37.65,40.30,36.96,39.95,21793979,0
BBBY.US,D,20190705,000000,39.91,42.96,39.29,42.89,14590611,0
BBBY.US,D,20190708,000000,42.82,43.95,31.75,34.20,13977989,0
BBBY.US,D,20190708,000000,34.21,36.74,34.10,36.30,20304507,0
BBBY.US,D,20190708,000000,36.76,36.93,35.88,36.51,27576985,0
BBBY.US,D,20190709,000000,37.66,40.87,37.14,39.86,25540628,0
BBBY.US,D,20190710,000000,39.36,39.80,37.04,38.15,25251599,0
BBBY.US,D,20190711,000000,38.38,39.55,38.22,39.29,21605138,0
BBBY.US,D,20190712,000000,38.36,41.66,37.99,40.87,16396269,0
BBBY.US,D,20190715,000000,40.09,50.27,38.67,46.93,27124297,0
BBBY.US,D,20190715,000000,46.16,47.55,45.97,47.43,10124476,0
BBBY.US,D,20190715,000000,47.96,48.28,41.25,43.71,10886065,0
BBBY.US,D,20190716,000000,42.78,48.09,42.00,46.03,10726722,0
BBBY.US,D,20190717,000000,45.22,45.92,45.06,45.50,29799634,0
BBBY.US,D,20190718,000000,45.62,45.65,44.95,45.33,23241880,0
BBBY.US,D,20190719,000000,45.69,46.22,41.23,43.11,11751193,0
BBBY.US,D,20190722,000000,42.41,42.87,40.01,40.74,20649478,0
BBBY.US,D,20190722,000000,41.66,41.86,38.52,39.45,27120125,0
BBBY.US,D,20190722,000000,38.94,39.21,37.49,38.03,12704064,0
BBBY.US,D,20190723,000000,37.56,37.68,36.83,37.15,16250122,0
BBBY.US,D,20190724,000000,36.58,37.21,35.24,37.15,27782202,0
BBBY.US,D,20190725,000000,36.27,40.52,36.27,40.02,26514769,0
BBBY.US,D,20190726,000000,39.93,41.00,39.90,40.81,11425149,0
BBBY.US,D,20190729,000000,39.52,40.12,36.15,37.45,17726504,0
BBBY.US,D,20190729,000000,37.21,37.70,37.14,37.70,19430485,0
BBBY.US,D,20190729,000000,38.15,38.47,37.96,38.19,26304421,0
BBBY.US,D,20190730,000000,37.99,38.80,37.96,38.37,17582340,0
BBBY.US,D,20190731,000000,39.42,40.44,39.23,40.38,14542926,0
BBBY.US,D,20190801,000000,39.98,41.79,39.83,41.32,27829684,0
BBBY.US,D,20190802,000000,41.11,45.75,40.68,44.99,25960885,0
BBBY.US,D,20190805,000000,44.63,44.66,42.57,42.60,10170389,0
BBBY.US,D,20190805,000000,42.88,43.60,42.60,43.17,10161307,0
BBBY.US,D,20190805,000000,43.09,43.75,42.69,43.71,19123793,0
BBBY.US,D,20190806,000000,44.09,49.05,43.82,46.81,15350535,0
BBBY.US,D,20190807,000000,47.32,47.54,46.79,46.97,19412023,0
BBBY.US,D,20190808,000000,48.42,48.84,47.58,48.15,12086794,0
BBBY.US,D,20190809,000000,46.74,47.92,46.12,47.02,20621070,0
BBBY.US,D,20190812,000000,45.89,46.33,41.42,42.82,26346163,0
BBBY.US,D,20190812,000000,43.10,43.26,42.46,42.63,20343324,0
BBBY.US,D,20190812,000000,41.94,47.26,41.18,47.07,22377519,0
BBBY.US,D,20190813,000000,47.72,47.86,45.67,45.86,27949869,0
BBBY.US,D,20190814,000000,46.10,47.68,45.78,47.05,15527652,0
BBBY.US,D,20190815,000000,46.96,52.63,45.08,52.34,12489721,0
BBBY.US,D,20190816,000000,51.31,54.73,51.25,53.96,23592381,0
BBBY.US,D,20190819,000000,53.17,56.16,51.80,55.10,16056065,0
BBBY.US,D,20190819,000000,55.50,56.57,55.32,55.99,36628210,0
BBBY.US,D,20190819,000000,55.99,57.22,55.87,57.06,49950262,0
BBBY.US,D,20190820,000000,58.60,58.64,58.29,58.33,51549082,0
BBBY.US,D,20190821,000000,57.77,59.69,57.60,59.45,27713730,0
BBBY.US,D,20190822,000000,60.69,61.17,60.14,60.52,44154337,0
BBBY.US,D,20190823,000000,61.52,62.24,61.32,61.88,46185194,0
BBBY.US,D,20190826,000000,61.08,64.58,60.91,63.56,56472499,0
BBBY.US,D,20190826,000000,64.92,65.89,64.83,65.71,60317654,0
BBBY.US,D,20190826,000000,65.66,68.22,65.43,67.45,60240498,0
BBBY.US,D,20190827,000000,68.89,68.95,68.68,68.78,51019902,0
BBBY.US,D,20190828,000000,68.88,71.03,68.64,70.36,40889516,0
BBBY.US,D,20190829,000000,70.15,73.51,69.73,72.02,49589749,0
BBBY.US,D,20190830,000000,72.39,74.17,72.38,73.77,51594796,0
BBBY.US,D,20190902,000000,72.68,76.14,70.97,75.68,42623785,0
BBBY.US,D,20190902,000000,76.47,78.63,76.44,77.79,85504692,0
BBBY.US,D,20190902,000000,78.55,80.40,78.32,80.26,68136858,0
BBBY.US,D,20190903,000000,82.99,83.37,82.48,82.65,92246950,0
BBBY.US,D,20190904,000000,84.32,85.12,84.29,85.08,49143200,0
BBBY.US,D,20190905,000000,84.40,91.33,83.56,87.34,56415811,0
BBBY.US,D,20190906,000000,85.94,91.68,81.73,90.15,37755695,0
BBBY.US,D,20190909,000000,88.03,93.91,86.91,93.25,80615074,0
BBBY.US,D,20190909,000000,94.89,95.19,91.98,92.25,14249624,0
BBBY.US,D,20190909,000000,95.07,96.77,90.91,91.00,11004830,0
BBBY.US,D,20190910,000000,92.04,97.76,89.53,96.47,21353468,0
BBBY.US,D,20190911,000000,96.06,103.15,94.28,101.52,18378120,0
BBBY.US,D,20190912,000000,102.69,103.05,92.39,94.52,20988727,0
BBBY.US,D,20190913,000000,93.91,99.26,93.55,97.94,21875330,0
BBBY.US,D,20190916,000000,96.06,105.22,93.29,104.09,20688807,0
BBBY.US,D,20190916,000000,106.58,106.82,94.32,99.35,13046671,0
BBBY.US,D,20190916,000000,99.53,101.33,90.28,92.81,22086317,0
BBBY.US,D,20190917,000000,93.34,99.79,93.11,97.64,18378313,0
BBBY.US,D,20190918,000000,100.10,102.59,99.65,101.79,26134314,0
BBBY.US,D,20190919,000000,101.71,116.38,100.26,115.21,14822929,0
BBBY.US,D,20190920,000000,116.48,116.91,113.39,114.82,16328054,0
BBBY.US,D,20190923,000000,113.04,115.69,101.17,103.90,14777736,0
BBBY.US,D,20190923,000000,105.62,114.28,104.02,112.81,28113932,0
BBBY.US,D,20190923,000000,110.34,113.24,92.94,94.21,26814728,0
BBBY.US,D,20190924,000000,94.36,99.67,94.19,97.95,17921823,0
BBBY.US,D,20190925,000000,95.01,109.79,90.98,107.40,17704804,0
BBBY.US,D,20190926,000000,107.08,109.29,106.67,108.36,14746967,0
BBBY.US,D,20190927,000000,107.11,111.45,106.39,110.55,20778066,0
BBBY.US,D,20190930,000000,111.24,111.24,106.76,107.83,29649061,0
BBBY.US,D,20190930,000000,106.86,106.90,93.90,97.91,17212122,0
BBBY.US,D,20190930,000000,96.39,96.41,91.21,91.44,21204877,0
BBBY.US,D,20191001,000000,89.55,98.44,89.08,96.92,12727587,0
BBBY.US,D,20191002,000000,98.32,99.27,97.72,98.43,28334157,0
BBBY.US,D,20191003,000000,100.24,100.63,99.32,99.74,16001713,0
BBBY.US,D,20191004,000000,98.54,104.39,96.24,102.35,28092384,0
BBBY.US,D,20191007,000000,101.22,102.47,93.47,95.15,22586721,0
BBBY.US,D,20191007,000000,95.98,96.23,88.94,91.03,16464128,0
BBBY.US,D,20191007,000000,91.44,99.93,91.42,98.09,14466697,0
BBBY.US,D,20191008,000000,99.54,99.94,93.73,93.81,11109835,0
BBBY.US,D,20191009,000000,93.16,100.26,91.37,100.06,23747482,0
BBBY.US,D,20191010,000000,100.41,102.34,94.64,97.57,28856179,0
BBBY.US,D,20191011,000000,97.58,100.37,97.09,99.34,25241709,0
BBBY.US,D,20191014,000000,99.14,102.81,98.27,102.46,14229719,0
BBBY.US,D,20191014,000000,100.41,101.12,99.26,99.69,15899760,0
BBBY.US,D,20191014,000000,102.02,102.93,97.51,99.07,13255220,0
BBBY.US,D,20191015,000000,99.17,100.77,83.43,88.21,18802652,0
BBBY.US,D,20191016,000000,88.44,88.69,85.67,86.97,16525283,0
BBBY.US,D,20191017,000000,85.48,89.27,85.22,88.98,17969733,0
BBBY.US,D,20191018,000000,87.64,90.30,87.43,89.38,15556472,0
BBBY.US,D,20191021,000000,89.36,89.38,88.33,88.41,22431387,0
BBBY.US,D,20191021,000000,89.82,90.01,86.59,87.71,26500741,0
BBBY.US,D,20191021,000000,86.07,93.24,85.20,91.54,17149383,0
BBBY.US,D,20191022,000000,92.28,92.39,88.98,90.79,22364162,0
BBBY.US,D,20191023,000000,92.92,93.10,91.50,91.81,22915514,0
BBBY.US,D,20191024,000000,92.13,93.65,86.96,88.53,15431099,0
BBBY.US,D,20191025,000000,88.56,89.21,88.07,88.72,12471493,0
BBBY.US,D,20191028,000000,90.05,93.90,89.71,91.03,15002242,0
BBBY.US,D,20191028,000000,92.00,92.31,86.75,88.63,26502868,0
BBBY.US,D,20191028,000000,89.18,92.28,88.52,92.14,19118163,0
BBBY.US,D,20191029,000000,91.13,99.68,90.43,99.22,16826079,0
BBBY.US,D,20191030,000000,99.86,100.37,93.26,93.76,28664019,0
BBBY.US,D,20191031,000000,95.86,96.17,88.69,88.72,13934854,0
BBBY.US,D,20191101,000000,89.63,90.19,84.59,85.96,10699861,0
BBBY.US,D,20191104,000000,86.41,89.64,86.33,88.31,28542595,0
BBBY.US,D,20191104,000000,88.02,88.65,86.05,86.36,19116547,0
BBBY.US,D,20191104,000000,87.19,87.24,85.84,85.96,25587033,0
BBBY.US,D,20191105,000000,86.37,87.39,81.98,83.23,19022447,0
BBBY.US,D,20191106,000000,81.79,94.11,81.70,93.44,17172805,0
BBBY.US,D,20191107,000000,92.95,99.48,91.57,98.61,24683021,0
BBBY.US,D,20191108,000000,97.80,102.97,97.72,101.76,17177969,0
BBBY.US,D,20191111,000000,101.46,101.94,94.77,96.96,21642970,0
BBBY.US,D,20191111,000000,98.34,99.75,94.89,95.78,19446329,0
BBBY.US,D,20191111,000000,95.46,102.59,94.96,102.59,12886615,0
BBBY.US,D,20191112,000000,101.85,101.87,100.69,101.14,12711037,0
BBBY.US,D,20191113,000000,98.18,103.21,97.67,102.92,27645992,0
BBBY.US,D,20191114,000000,102.32,103.71,96.61,98.42,15204629,0
BBBY.US,D,20191115,000000,98.92,103.68,89.48,92.64,29225176,0
BBBY.US,D,20191118,000000,93.31,93.86,86.23,87.36,27127199,0
BBBY.US,D,20191118,000000,87.00,94.43,84.07,94.42,14638568,0
BBBY.US,D,20191118,000000,94.43,102.69,92.13,101.70,11027175,0
BBBY.US,D,20191119,000000,103.66,103.76,91.67,93.89,19428243,0
BBBY.US,D,20191120,000000,89.67,91.01,89.57,90.29,24407068,0
BBBY.US,D,20191121,000000,90.56,91.30,86.81,87.55,60867481,0
BBBY.US,D,20191122,000000,86.95,87.45,82.99,84.83,49246852,0
BBBY.US,D,20191125,000000,83.47,84.32,80.34,81.44,64445600,0
BBBY.US,D,20191125,000000,82.18,83.04,77.09,77.65,87916508,0
BBBY.US,D,20191125,000000,77.90,78.00,71.82,72.61,49237062,0
BBBY.US,D,20191126,000000,72.60,73.04,66.01,68.18,84713328,0
BBBY.US,D,20191127,000000,67.47,67.48,59.74,63.05,92078711,0
BBBY.US,D,20191128,000000,63.66,64.85,62.66,63.97,11009213,0
BBBY.US,D,20191129,000000,63.18,63.24,63.05,63.05,16438660,0
BBBY.US,D,20191202,000000,62.79,62.88,62.15,62.22,16553594,0
BBBY.US,D,20191202,000000,59.70,59.79,57.35,58.20,10720297,0
BBBY.US,D,20191202,000000,59.06,59.42,57.67,57.90,14993717,0
BBBY.US,D,20191203,000000,58.65,61.68,58.40,61.22,16394558,0
BBBY.US,D,20191204,000000,60.89,64.15,60.65,63.62,19296670,0
BBBY.US,D,20191205,000000,64.46,64.49,61.47,62.42,26934706,0
BBBY.US,D,20191206,000000,61.99,62.91,61.54,62.87,22283113,0
BBBY.US,D,20191209,000000,63.26,63.36,61.58,61.78,20123016,0
BBBY.US,D,20191209,000000,62.12,62.92,61.94,62.87,19283046,0
BBBY.US,D,20191209,000000,61.76,67.34,60.56,66.68,24362183,0
BBBY.US,D,20191210,000000,66.19,70.17,65.88,68.62,25871174,0
BBBY.US,D,20191211,000000,68.83,68.92,65.80,67.00,28831048,0
BBBY.US,D,20191212,000000,67.76,68.07,64.19,64.69,17572817,0
BBBY.US,D,20191213,000000,64.74,65.24,58.35,60.00,18688098,0
BBBY.US,D,20191216,000000,59.48,60.02,55.69,56.24,23740873,0
BBBY.US,D,20191216,000000,55.56,56.28,55.48,56.22,16266815,0
BBBY.US,D,20191216,000000,56.03,61.44,55.61,60.00,12908168,0
BBBY.US,D,20191217,000000,59.22,65.97,59.21,64.62,29495000,0
BBBY.US,D,20191218,000000,63.74,72.56,63.16,69.74,18420552,0
BBBY.US,D,20191219,000000,68.91,69.26,66.05,66.16,10801975,0
BBBY.US,D,20191220,000000,65.51,65.87,62.85,63.72,10356620,0
BBBY.US,D,20191223,000000,61.70,63.08,61.65,62.94,20395978,0
BBBY.US,D,20191223,000000,62.10,63.15,61.80,62.71,24103264,0
BBBY.US,D,20191223,000000,63.32,63.46,61.10,61.78,29318873,0
BBBY.US,D,20191224,000000,61.63,61.94,61.52,61.94,12799271,0
BBBY.US,D,20191225,000000,61.72,61.91,61.69,61.79,21629391,0
BBBY.US,D,20191226,000000,60.98,61.12,60.88,61.08,14466516,0
BBBY.US,D,20191227,000000,61.05,61.96,60.59,61.25,28140248,0
BBBY.US,D,20191230,000000,61.05,66.37,59.61,65.16,26571070,0
BBBY.US,D,20191230,000000,65.67,65.72,60.97,61.89,12800039,0
BBBY.US,D,20191230,000000,60.78,62.51,60.33,62.39,15676160,0
BBBY.US,D,20191231,000000,63.42,64.13,59.35,60.19,11838790,0
BBBY.US,D,20200101,000000,60.91,62.53,53.40,55.53,11436106,0
BBBY.US,D,20200102,000000,55.54,56.79,55.39,56.38,23582054,0
BBBY.US,D,20200103,000000,56.55,56.65,54.73,55.04,27979654,0
BBBY.US,D,20200106,000000,54.55,54.90,52.97,54.04,19004961,0
BBBY.US,D,20200106,000000,54.92,54.93,52.12,52.63,23819696,0
BBBY.US,D,20200106,000000,52.74,53.38,51.39,51.40,25047322,0
BBBY.US,D,20200107,000000,51.87,54.77,51.31,54.56,16110593,0
BBBY.US,D,20200108,000000,54.54,55.05,51.42,51.92,12044085,0
BBBY.US,D,20200109,000000,50.41,55.74,49.08,55.35,29643508,0
BBBY.US,D,20200110,000000,55.24,56.08,54.67,55.87,27433430,0
BBBY.US,D,20200113,000000,56.20,56.73,53.89,54.55,13648871,0
BBBY.US,D,20200113,000000,54.80,55.08,52.98,53.70,15730271,0
BBBY.US,D,20200113,000000,54.28,57.24,53.33,56.83,24477238,0
BBBY.US,D,20200114,000000,57.30,58.61,57.20,57.71,17324930,0
BBBY.US,D,20200115,000000,58.11,58.51,56.21,56.39,20820973,0
BBBY.US,D,20200116,000000,56.59,56.94,56.52,56.92,26520372,0
BBBY.US,D,20200117,000000,58.00,60.69,57.20,60.22,21672453,0
BBBY.US,D,20200120,000000,63.78,64.72,54.21,56.57,14374718,0
BBBY.US,D,20200120,000000,54.41,57.37,54.36,56.90,15677149,0
BBBY.US,D,20200120,000000,57.84,58.97,54.67,55.70,17171168,0
BBBY.US,D,20200121,000000,57.19,62.10,55.93,60.76,11160421,0
BBBY.US,D,20200122,000000,60.96,61.30,51.43,52.43,25895796,0
BBBY.US,D,20200123,000000,52.38,53.39,49.39,50.26,22767190,0
BBBY.US,D,20200124,000000,51.01,51.45,49.97,50.38,13411613,0
BBBY.US,D,20200127,000000,50.48,50.68,48.89,49.37,28339611,0
BBBY.US,D,20200127,000000,50.04,51.26,49.57,50.44,18310884,0
BBBY.US,D,20200127,000000,49.87,52.52,49.84,51.73,25538093,0
BBBY.US,D,20200128,000000,49.13,59.16,46.05,58.88,15581777,0
BBBY.US,D,20200129,000000,57.25,61.61,57.13,59.13,25852047,0
BBBY.US,D,20200130,000000,60.24,65.75,58.78,64.97,11950198,0
BBBY.US,D,20200131,000000,64.20,64.87,57.64,58.89,14833959,0
BBBY.US,D,20200203,000000,60.10,61.01,55.72,56.20,21057653,0
BBBY.US,D,20200203,000000,57.13,57.23,51.75,52.75,15011476,0
BBBY.US,D,20200203,000000,53.27,53.56,50.58,51.03,24882456,0
BBBY.US,D,20200204,000000,50.10,50.97,47.67,47.70,18755647,0
BBBY.US,D,20200205,000000,47.42,47.52,41.96,42.23,23094944,0
BBBY.US,D,20200206,000000,42.51,42.78,40.73,41.13,18117650,0
BBBY.US,D,20200207,000000,40.11,44.70,39.32,42.33,16108008,0
BBBY.US,D,20200210,000000,42.99,42.99,42.50,42.91,35273021,0
BBBY.US,D,20200210,000000,42.39,44.10,42.00,43.54,17888379,0
BBBY.US,D,20200210,000000,43.50,45.54,42.85,44.54,21549724,0
BBBY.US,D,20200211,000000,44.68,45.32,44.42,45.25,39553009,0
BBBY.US,D,20200212,000000,45.62,45.98,45.52,45.85,31543308,0
BBBY.US,D,20200213,000000,46.55,46.75,46.13,46.53,22318548,0
BBBY.US,D,20200214,000000,45.03,47.40,44.32,47.25,27646304,0
BBBY.US,D,20200217,000000,46.10,49.21,46.09,48.23,51752751,0
BBBY.US,D,20200217,000000,48.09,50.16,47.42,49.58,46013559,0
BBBY.US,D,20200217,000000,49.52,52.26,49.48,51.43,27050429,0
BBBY.US,D,20200218,000000,50.16,54.44,49.81,52.83,65747269,0
BBBY.US,D,20200219,000000,52.98,54.46,52.96,54.24,44046860,0
BBBY.US,D,20200220,000000,53.73,55.35,53.17,55.20,67247362,0
BBBY.US,D,20200221,000000,54.36,58.22,53.70,57.08,62503301,0
BBBY.US,D,20200224,000000,56.52,59.66,56.19,58.56,35813388,0
BBBY.US,D,20200224,000000,60.03,63.03,59.80,61.11,82717448,0
BBBY.US,D,20200224,000000,59.98,63.33,59.26,62.73,75517776,0
BBBY.US,D,20200225,000000,62.79,65.08,62.66,64.54,60552241,0
BBBY.US,D,20200226,000000,62.92,67.78,62.40,66.45,48158666,0
BBBY.US,D,20200227,000000,67.28,69.42,66.90,68.90,94665396,0
BBBY.US,D,20200228,000000,69.22,71.30,69.19,71.06,37398853,0
BBBY.US,D,20200302,000000,71.69,73.74,71.34,73.65,49516769,0
BBBY.US,D,20200302,000000,74.85,77.97,63.28,66.66,13766131,0
BBBY.US,D,20200302,000000,66.77,67.50,66.64,67.27,15102377,0
BBBY.US,D,20200303,000000,69.83,70.22,67.87,68.00,26388160,0
BBBY.US,D,20200304,000000,68.75,69.79,68.50,69.72,17592684,0
BBBY.US,D,20200305,000000,71.31,71.42,67.29,70.40,26234338,0
BBBY.US,D,20200306,000000,69.80,71.15,69.74,70.74,17597914,0
BBBY.US,D,20200309,000000,71.08,72.25,70.92,71.75,23261661,0
BBBY.US,D,20200309,000000,71.24,71.66,65.43,66.73,23735462,0
BBBY.US,D,20200309,000000,65.13,66.31,65.08,66.27,19850460,0
BBBY.US,D,20200310,000000,66.16,66.80,66.00,66.79,26700174,0
BBBY.US,D,20200311,000000,67.98,68.04,67.70,68.00,29825429,0
BBBY.US,D,20200312,000000,68.80,69.07,63.20,65.02,16722655,0
BBBY.US,D,20200313,000000,65.37,71.76,62.51,70.49,15622579,0
BBBY.US,D,20200316,000000,70.48,71.33,63.74,67.26,21271822,0
BBBY.US,D,20200316,000000,68.70,68.88,68.52,68.62,12074174,0
BBBY.US,D,20200316,000000,69.22,70.20,64.74,66.23,20576059,0
BBBY.US,D,20200317,000000,67.23,67.59,64.75,65.47,27684730,0
BBBY.US,D,20200318,000000,65.99,67.62,62.67,63.44,21534910,0
BBBY.US,D,20200319,000000,64.78,65.32,64.29,65.28,27146320,0
BBBY.US,D,20200320,000000,65.43,65.78,64.92,65.49,22513175,0
BBBY.US,D,20200323,000000,65.26,66.20,58.47,60.06,14210215,0
BBBY.US,D,20200323,000000,60.87,66.46,59.54,65.12,16720175,0
BBBY.US,D,20200323,000000,64.47,64.71,61.75,63.28,24410839,0
BBBY.US,D,20200324,000000,63.32,65.73,63.19,64.20,24935821,0
BBBY.US,D,20200325,000000,63.21,65.06,62.86,64.59,21350997,0
BBBY.US,D,20200326,000000,66.60,71.05,65.82,69.86,13753797,0
BBBY.US,D,20200327,000000,70.06,71.47,67.05,67.06,14106385,0
BBBY.US,D,20200330,000000,67.70,68.12,66.69,67.01,25478858,0
BBBY.US,D,20200330,000000,68.86,69.37,67.32,67.59,23750781,0
BBBY.US,D,20200330,000000,68.48,75.89,65.09,75.53,14457740,0
BBBY.US,D,20200331,000000,74.02,74.21,70.11,70.15,17631365,0
BBBY.US,D,20200401,000000,70.26,71.77,70.21,71.68,24545900,0
BBBY.US,D,20200402,000000,72.10,72.91,63.58,64.95,10078303,0
BBBY.US,D,20200403,000000,64.66,66.14,64.39,65.96,24913490,0
BBBY.US,D,20200406,000000,67.16,68.40,66.86,67.60,21667080,0
BBBY.US,D,20200406,000000,67.43,76.26,67.12,74.03,25184562,0
BBBY.US,D,20200406,000000,74.62,79.69,72.60,79.50,17166230,0
BBBY.US,D,20200407,000000,79.60,79.73,77.48,78.31,28693949,0
BBBY.US,D,20200408,000000,79.57,79.96,77.86,78.55,10937507,0
BBBY.US,D,20200409,000000,78.74,83.48,78.73,82.32,21126019,0
BBBY.US,D,20200410,000000,83.17,85.24,72.12,73.46,20845435,0
BBBY.US,D,20200413,000000,74.07,74.68,71.28,71.73,22566423,0
BBBY.US,D,20200413,000000,70.47,72.07,69.13,71.10,21344617,0
BBBY.US,D,20200413,000000,71.85,72.50,69.21,69.34,26977232,0
BBBY.US,D,20200414,000000,70.82,78.31,67.57,78.13,15778976,0
BBBY.US,D,20200415,000000,77.73,81.95,77.55,80.55,11358235,0
BBBY.US,D,20200416,000000,81.01,85.51,80.61,85.19,23010991,0
BBBY.US,D,20200417,000000,83.77,83.80,83.57,83.61,29865547,0
BBBY.US,D,20200420,000000,83.94,84.58,83.81,84.11,20091360,0
BBBY.US,D,20200420,000000,84.79,88.83,83.86,87.98,20816096,0
BBBY.US,D,20200420,000000,89.56,89.63,86.56,87.71,10487119,0
BBBY.US,D,20200421,000000,86.84,95.05,86.24,92.64,22764666,0
BBBY.US,D,20200422,000000,90.20,90.29,87.84,88.08,23261407,0
BBBY.US,D,20200423,000000,87.39,97.99,87.07,95.05,27038660,0
BBBY.US,D,20200424,000000,93.99,95.52,93.94,94.95,23656411,0
BBBY.US,D,20200427,000000,96.34,100.02,90.92,92.13,12183744,0
BBBY.US,D,20200427,000000,92.54,93.51,90.01,90.42,21098974,0
BBBY.US,D,20200427,000000,89.70,91.03,88.63,90.87,11181291,0
BBBY.US,D,20200428,000000,91.21,92.54,91.07,92.26,14626513,0
BBBY.US,D,20200429,000000,90.32,91.35,88.48,88.62,28746329,0
BBBY.US,D,20200430,000000,89.85,90.10,88.90,89.16,20967286,0
BBBY.US,D,20200501,000000,88.92,89.48,85.61,86.70,22804494,0
BBBY.US,D,20200504,000000,86.18,90.07,85.60,89.48,21926306,0
BBBY.US,D,20200504,000000,87.50,94.12,86.86,92.30,14501916,0
BBBY.US,D,20200504,000000,92.44,92.59,84.64,86.02,26907528,0
BBBY.US,D,20200505,000000,85.74,87.15,84.77,87.14,13011201,0
BBBY.US,D,20200506,000000,86.15,86.37,85.89,86.07,28127678,0
BBBY.US,D,20200507,000000,86.33,86.41,83.54,84.91,25897932,0
BBBY.US,D,20200508,000000,85.57,88.75,78.30,80.59,23068847,0
BBBY.US,D,20200511,000000,80.25,88.72,78.57,87.63,25798731,0
BBBY.US,D,20200511,000000,87.64,87.74,84.65,84.72,27234659,0
BBBY.US,D,20200511,000000,85.16,91.48,84.93,90.49,24525934,0
BBBY.US,D,20200512,000000,91.02,91.13,89.76,89.88,24682256,0
BBBY.US,D,20200513,000000,89.85,89.88,89.58,89.64,28220910,0
BBBY.US,D,20200514,000000,91.05,91.89,86.61,87.54,14792568,0
BBBY.US,D,20200515,000000,89.53,89.55,81.48,84.38,15667632,0
BBBY.US,D,20200518,000000,83.87,85.77,83.44,85.60,29169301,0
BBBY.US,D,20200518,000000,86.78,87.25,85.45,86.12,21680712,0
BBBY.US,D,20200518,000000,85.96,86.08,83.49,83.92,13059006,0
BBBY.US,D,20200519,000000,84.53,84.87,83.80,84.24,29143940,0
BBBY.US,D,20200520,000000,86.09,87.13,85.96,86.96,29300212,0
BBBY.US,D,20200521,000000,89.11,89.21,88.38,88.68,18389523,0
BBBY.US,D,20200522,000000,88.67,93.94,88.00,91.63,10077544,0
BBBY.US,D,20200525,000000,91.63,98.72,89.84,96.89,28146350,0
BBBY.US,D,20200525,000000,96.70,98.76,96.50,97.85,28574032,0
BBBY.US,D,20200525,000000,97.09,97.49,95.15,95.64,13049498,0
BBBY.US,D,20200526,000000,96.69,97.55,94.50,94.65,17874539,0
BBBY.US,D,20200527,000000,94.42,100.69,93.84,99.21,26658062,0
BBBY.US,D,20200528,000000,101.34,103.24,93.61,94.71,24201868,0
BBBY.US,D,20200529,000000,95.76,96.86,95.57,96.81,20517775,0
BBBY.US,D,20200601,000000,96.39,96.64,95.63,95.68,23364135,0
BBBY.US,D,20200601,000000,96.84,97.92,84.63,87.68,20626890,0
BBBY.US,D,20200601,000000,86.59,90.36,85.32,89.43,27905895,0
BBBY.US,D,20200602,000000,89.89,90.14,82.53,86.09,26078586,0
BBBY.US,D,20200603,000000,85.86,94.02,85.83,92.44,17401679,0
BBBY.US,D,20200604,000000,92.61,93.62,91.92,93.54,14817415,0
BBBY.US,D,20200605,000000,93.76,101.09,93.55,101.03,27497900,0
BBBY.US,D,20200608,000000,100.48,101.92,91.98,95.61,22027894,0
BBBY.US,D,20200608,000000,95.64,95.71,91.21,93.73,21199566,0
BBBY.US,D,20200608,000000,94.11,95.52,93.90,94.95,10738240,0
BBBY.US,D,20200609,000000,95.49,95.73,95.45,95.71,14807655,0
BBBY.US,D,20200610,000000,94.90,97.59,93.98,96.37,29042789,0
BBBY.US,D,20200611,000000,94.74,94.99,93.87,94.63,18184680,0
BBBY.US,D,20200612,000000,92.74,98.46,92.47,96.57,27093517,0
BBBY.US,D,20200615,000000,96.80,97.67,93.94,94.46,24702654,0
BBBY.US,D,20200615,000000,92.53,96.95,91.39,96.21,29651411,0
BBBY.US,D,20200615,000000,94.34,99.35,93.42,97.40,20855153,0
BBBY.US,D,20200616,000000,96.48,96.76,93.61,94.61,20243140,0
BBBY.US,D,20200617,000000,95.35,95.88,92.64,93.27,11818423,0
BBBY.US,D,20200618,000000,93.09,93.48,93.07,93.42,16596788,0
BBBY.US,D,20200619,000000,94.96,95.17,88.17,89.29,14106196,0
BBBY.US,D,20200622,000000,88.38,92.44,88.11,91.56,28059795,0
BBBY.US,D,20200622,000000,92.74,93.52,90.99,91.81,20348471,0
BBBY.US,D,20200622,000000,89.68,100.52,86.99,97.18,29112840,0
BBBY.US,D,20200623,000000,99.87,100.45,97.69,98.35,18543727,0
BBBY.US,D,20200624,000000,97.13,98.17,94.26,94.93,15840282,0
BBBY.US,D,20200625,000000,95.29,95.57,91.48,92.60,17390429,0
BBBY.US,D,20200626,000000,94.00,99.79,93.56,98.49,20807997,0
BBBY.US,D,20200629,000000,98.57,99.20,94.06,95.58,16374891,0
BBBY.US,D,20200629,000000,95.65,96.20,92.68,93.28,13365037,0
BBBY.US,D,20200629,000000,92.73,94.19,83.77,86.64,29602177,0
BBBY.US,D,20200630,000000,88.78,89.89,82.69,84.09,28941940,0
BBBY.US,D,20200701,000000,86.61,86.68,82.93,84.09,10821390,0
BBBY.US,D,20200702,000000,83.21,86.77,82.20,86.39,21007543,0
BBBY.US,D,20200703,000000,85.27,86.86,81.33,83.80,26373287,0
BBBY.US,D,20200706,000000,82.42,84.29,75.52,77.46,14877256,0
BBBY.US,D,20200706,000000,78.18,84.07,76.91,82.98,13500370,0
BBBY.US,D,20200706,000000,84.31,86.09,71.35,74.91,16332759,0
BBBY.US,D,20200707,000000,74.62,85.29,73.25,81.36,10276848,0
BBBY.US,D,20200708,000000,80.63,88.85,77.79,86.21,28680136,0
BBBY.US,D,20200709,000000,86.58,90.43,86.54,90.38,23686286,0
BBBY.US,D,20200710,000000,91.57,94.01,80.96,81.47,23953418,0
BBBY.US,D,20200713,000000,80.92,82.66,70.23,73.46,24496448,0
BBBY.US,D,20200713,000000,75.54,78.70,74.77,77.95,27122305,0
BBBY.US,D,20200713,000000,78.59,81.88,71.08,73.47,13089583,0
BBBY.US,D,20200714,000000,74.21,74.54,71.46,72.34,27676748,0
BBBY.US,D,20200715,000000,74.57,75.24,74.27,75.07,28038413,0
BBBY.US,D,20200716,000000,77.34,77.52,76.59,76.72,27716545,0
BBBY.US,D,20200717,000000,73.93,74.03,69.53,69.68,12334360,0
BBBY.US,D,20200720,000000,68.68,74.32,67.97,71.87,19007426,0
BBBY.US,D,20200720,000000,73.39,74.56,73.34,73.82,25480939,0
BBBY.US,D,20200720,000000,76.16,77.85,69.82,71.63,23892523,0
BBBY.US,D,20200721,000000,71.64,78.52,71.57,76.85,22407369,0
BBBY.US,D,20200722,000000,77.83,79.08,77.77,78.91,13950890,0
BBBY.US,D,20200723,000000,79.75,85.17,79.41,82.52,15847712,0
BBBY.US,D,20200724,000000,81.97,85.92,81.52,84.83,16081125,0
BBBY.US,D,20200727,000000,84.22,85.08,77.31,79.23,27844054,0
BBBY.US,D,20200727,000000,81.76,84.99,74.02,75.78,28316939,0
BBBY.US,D,20200727,000000,74.92,76.16,67.95,69.21,26474076,0
BBBY.US,D,20200728,000000,70.52,72.37,70.21,71.24,27802491,0
BBBY.US,D,20200729,000000,69.77,69.85,69.65,69.67,14118951,0
BBBY.US,D,20200730,000000,69.35,72.42,69.30,71.45,25857685,0
BBBY.US,D,20200731,000000,71.40,71.83,70.05,70.46,27637645,0
BBBY.US,D,20200803,000000,68.78,74.23,65.70,73.24,16266169,0
BBBY.US,D,20200803,000000,72.69,73.38,70.73,72.84,21538712,0
BBBY.US,D,20200803,000000,73.80,74.87,72.31,72.70,19543159,0
BBBY.US,D,20200804,000000,72.64,75.62,71.60,75.45,17004049,0
BBBY.US,D,20200805,000000,76.83,78.14,75.73,75.81,22713447,0
BBBY.US,D,20200806,000000,78.30,78.78,75.47,75.65,26689872,0
BBBY.US,D,20200807,000000,77.15,78.24,66.16,67.30,16867985,0
BBBY.US,D,20200810,000000,67.56,67.70,64.00,65.64,17733892,0
BBBY.US,D,20200810,000000,64.17,64.25,63.54,63.71,17102830,0
BBBY.US,D,20200810,000000,64.13,64.17,61.79,62.52,25069935,0
BBBY.US,D,20200811,000000,62.99,63.57,60.49,61.26,23885745,0
BBBY.US,D,20200812,000000,60.69,60.72,58.42,59.19,23524579,0
BBBY.US,D,20200813,000000,59.73,60.06,59.64,59.85,19267720,0
BBBY.US,D,20200814,000000,58.91,66.36,56.99,65.10,20050046,0
BBBY.US,D,20200817,000000,64.97,66.59,64.15,65.98,23709697,0
BBBY.US,D,20200817,000000,63.42,75.06,61.11,74.41,14273502,0
BBBY.US,D,20200817,000000,75.57,78.59,75.21,77.69,12389081,0
BBBY.US,D,20200818,000000,79.32,80.95,79.15,80.80,20465396,0
BBBY.US,D,20200819,000000,82.33,83.58,78.71,80.25,19587345,0
BBBY.US,D,20200820,000000,79.11,88.54,76.27,86.81,20527983,0
BBBY.US,D,20200821,000000,86.66,88.57,78.30,81.75,24089569,0
BBBY.US,D,20200824,000000,83.31,87.34,83.16,86.12,25979292,0
BBBY.US,D,20200824,000000,85.08,86.31,69.73,73.59,13055233,0
BBBY.US,D,20200824,000000,72.39,72.95,71.19,71.20,10875956,0
BBBY.US,D,20200825,000000,72.16,73.14,65.77,67.77,18640346,0
BBBY.US,D,20200826,000000,68.37,69.28,68.27,68.87,16807542,0
BBBY.US,D,20200827,000000,69.99,72.35,68.62,70.53,15655589,0
BBBY.US,D,20200828,000000,69.76,69.82,56.03,63.16,18167300,0
BBBY.US,D,20200831,000000,61.03,61.83,60.93,61.09,20961360,0
BBBY.US,D,20200831,000000,62.48,66.12,61.64,64.15,18280745,0
BBBY.US,D,20200831,000000,62.19,62.19,60.02,60.28,22781383,0
BBBY.US,D,20200901,000000,59.84,60.29,59.81,60.10,11184990,0
BBBY.US,D,20200902,000000,60.41,61.49,57.20,57.79,11960781,0
BBBY.US,D,20200903,000000,58.07,61.45,56.82,60.30,14261695,0
BBBY.US,D,20200904,000000,60.23,62.61,59.79,61.31,11693686,0
BBBY.US,D,20200907,000000,62.04,65.51,52.95,56.09,13431111,0
BBBY.US,D,20200907,000000,54.28,55.30,51.13,52.25,17430460,0
BBBY.US,D,20200907,000000,53.84,53.94,49.79,51.04,29333364,0
BBBY.US,D,20200908,000000,52.00,52.59,49.12,49.24,18880435,0
BBBY.US,D,20200909,000000,48.05,50.12,47.59,49.27,27622949,0
BBBY.US,D,20200910,000000,47.57,50.99,47.36,50.85,11176199,0
BBBY.US,D,20200911,000000,50.13,57.01,48.56,56.05,13740649,0
BBBY.US,D,20200914,000000,57.36,61.04,55.91,60.55,13693563,0
BBBY.US,D,20200914,000000,61.27,62.71,55.64,56.40,16411236,0
BBBY.US,D,20200914,000000,56.38,56.89,50.19,50.70,29744566,0
BBBY.US,D,20200915,000000,49.70,49.85,48.62,48.82,16519369,0
BBBY.US,D,20200916,000000,51.23,54.44,50.58,54.26,20098692,0
BBBY.US,D,20200917,000000,53.42,54.37,42.63,43.30,13019927,0
BBBY.US,D,20200918,000000,43.86,46.92,43.35,45.63,29432639,0
BBBY.US,D,20200921,000000,46.20,48.30,45.28,47.47,28375383,0
BBBY.US,D,20200921,000000,47.09,47.56,43.15,44.40,23430536,0
BBBY.US,D,20200921,000000,42.98,43.39,40.93,41.46,22859731,0
BBBY.US,D,20200922,000000,41.29,44.00,41.20,43.36,24646675,0
BBBY.US,D,20200923,000000,43.60,43.85,40.67,40.73,13832919,0
BBBY.US,D,20200924,000000,41.53,41.64,40.44,40.74,15741671,0
BBBY.US,D,20200925,000000,38.63,41.03,38.41,40.98,17592230,0
BBBY.US,D,20200928,000000,40.60,40.77,38.69,38.84,13684199,0
BBBY.US,D,20200928,000000,38.41,38.80,37.88,38.33,16381067,0
BBBY.US,D,20200928,000000,38.18,39.91,38.09,39.33,24230723,0
BBBY.US,D,20200929,000000,39.70,39.91,37.06,37.82,10501597,0
BBBY.US,D,20200930,000000,37.09,38.09,34.82,35.85,26692795,0
BBBY.US,D,20201001,000000,34.93,38.79,34.72,37.22,13696668,0
BBBY.US,D,20201002,000000,37.85,38.12,34.51,34.94,28796956,0
BBBY.US,D,20201005,000000,35.42,36.36,35.17,36.23,16260716,0
BBBY.US,D,20201005,000000,36.10,42.21,35.56,40.06,19273491,0
BBBY.US,D,20201005,000000,39.02,40.11,38.87,39.84,12538482,0
BBBY.US,D,20201006,000000,41.12,43.52,40.39,42.86,26948544,0
BBBY.US,D,20201007,000000,41.92,48.07,41.26,44.37,16670350,0
BBBY.US,D,20201008,000000,44.80,46.52,44.44,46.05,21249403,0
BBBY.US,D,20201009,000000,46.51,46.62,43.82,44.09,18859172,0
BBBY.US,D,20201012,000000,46.05,46.79,46.01,46.54,11111708,0
BBBY.US,D,20201012,000000,47.24,48.07,47.16,47.62,22240966,0
BBBY.US,D,20201012,000000,46.49,46.66,46.06,46.15,14100380,0
BBBY.US,D,20201013,000000,46.84,46.97,42.73,43.08,18850248,0
BBBY.US,D,20201014,000000,43.19,44.08,38.11,39.48,10648906,0
BBBY.US,D,20201015,000000,40.86,42.82,40.35,42.65,22624485,0
BBBY.US,D,20201016,000000,43.48,44.40,39.45,39.52,14802206,0
BBBY.US,D,20201019,000000,38.55,38.76,34.00,35.47,19355053,0
BBBY.US,D,20201019,000000,35.62,39.10,34.55,37.88,10243595,0
BBBY.US,D,20201019,000000,38.50,38.99,36.79,37.16,27192452,0
BBBY.US,D,20201020,000000,37.17,45.99,36.43,43.08,26931132,0
BBBY.US,D,20201021,000000,43.01,43.58,38.73,39.60,28293560,0
BBBY.US,D,20201022,000000,38.77,41.49,38.59,40.82,22486831,0
BBBY.US,D,20201023,000000,41.16,50.49,40.19,49.80,29682151,0
BBBY.US,D,20201026,000000,48.82,50.39,48.65,50.11,12282855,0
BBBY.US,D,20201026,000000,49.93,50.37,49.35,49.90,12684766,0
BBBY.US,D,20201026,000000,50.05,50.15,48.81,49.48,22735138,0
BBBY.US,D,20201027,000000,48.94,48.98,47.97,48.23,13698198,0
BBBY.US,D,20201028,000000,47.99,48.16,47.75,47.75,25676377,0
BBBY.US,D,20201029,000000,47.17,49.68,47.08,48.97,21424847,0
BBBY.US,D,20201030,000000,49.30,51.52,49.22,51.35,21256795,0
BBBY.US,D,20201102,000000,52.03,53.73,46.68,48.05,24769373,0
BBBY.US,D,20201102,000000,48.01,48.92,46.70,46.81,16876182,0
BBBY.US,D,20201102,000000,46.98,50.36,46.88,50.11,28164852,0
BBBY.US,D,20201103,000000,49.36,49.56,45.52,46.03,13507865,0
BBBY.US,D,20201104,000000,47.57,47.91,43.58,44.03,17317851,0
BBBY.US,D,20201105,000000,44.71,47.02,44.24,46.82,16334627,0
BBBY.US,D,20201106,000000,45.52,48.65,45.41,47.66,10178414,0
BBBY.US,D,20201109,000000,48.01,48.21,46.75,47.13,15049769,0
BBBY.US,D,20201109,000000,47.03,47.90,46.95,47.76,24143361,0
BBBY.US,D,20201109,000000,47.99,49.65,40.68,42.14,12566719,0
BBBY.US,D,20201110,000000,41.20,47.14,39.82,43.75,29491980,0
BBBY.US,D,20201111,000000,43.65,43.84,43.43,43.60,14566488,0
BBBY.US,D,20201112,000000,44.10,45.70,43.61,45.14,29881813,0
BBBY.US,D,20201113,000000,43.72,44.12,43.02,43.37,16228741,0
BBBY.US,D,20201116,000000,42.69,51.09,41.65,49.22,20635186,0
BBBY.US,D,20201116,000000,50.68,51.71,45.89,46.96,14651432,0
BBBY.US,D,20201116,000000,45.65,45.86,44.62,44.85,18658512,0
BBBY.US,D,20201117,000000,45.94,51.25,45.10,50.08,22348795,0
BBBY.US,D,20201118,000000,47.57,54.55,47.01,51.71,18245747,0
BBBY.US,D,20201119,000000,50.78,50.82,49.23,49.84,28577974,0
BBBY.US,D,20201120,000000,51.53,55.65,50.74,54.51,19047604,0
BBBY.US,D,20201123,000000,55.13,58.09,54.66,56.86,13044850,0
BBBY.US,D,20201123,000000,56.88,61.06,56.03,60.15,26707205,0
BBBY.US,D,20201123,000000,59.92,60.71,56.36,59.62,25586280,0
BBBY.US,D,20201124,000000,60.47,60.98,59.36,60.42,19119262,0
BBBY.US,D,20201125,000000,60.24,64.27,59.91,64.10,18874485,0
BBBY.US,D,20201126,000000,65.52,71.48,64.60,69.66,17338632,0
BBBY.US,D,20201127,000000,71.46,73.78,62.25,64.06,14841059,0
BBBY.US,D,20201130,000000,66.17,67.88,66.12,67.45,27165322,0
BBBY.US,D,20201130,000000,69.12,69.34,65.11,65.83,10992404,0
BBBY.US,D,20201130,000000,64.96,65.33,61.01,62.11,25722950,0
BBBY.US,D,20201201,000000,60.25,67.56,59.98,65.58,15043259,0
BBBY.US,D,20201202,000000,65.17,66.44,60.41,62.10,20456765,0
BBBY.US,D,20201203,000000,60.74,60.93,55.03,56.74,28870615,0
BBBY.US,D,20201204,000000,56.36,56.74,56.35,56.73,17326868,0
BBBY.US,D,20201207,000000,56.07,56.27,54.35,54.94,22706657,0
BBBY.US,D,20201207,000000,54.71,54.79,53.38,53.90,10377064,0
BBBY.US,D,20201207,000000,53.10,55.06,53.08,54.78,18109584,0
BBBY.US,D,20201208,000000,53.75,53.92,51.59,52.29,10778191,0
BBBY.US,D,20201209,000000,52.29,52.32,50.93,51.34,17334619,0
BBBY.US,D,20201210,000000,51.74,51.82,49.10,49.55,22672468,0
BBBY.US,D,20201211,000000,50.42,50.48,45.46,45.79,23185745,0
BBBY.US,D,20201214,000000,47.60,47.68,47.50,47.60,18024278,0
BBBY.US,D,20201214,000000,47.30,47.38,46.85,47.07,11087265,0
BBBY.US,D,20201214,000000,48.65,48.81,45.96,46.64,28229644,0
BBBY.US,D,20201215,000000,46.13,46.33,44.49,44.70,21779671,0
BBBY.US,D,20201216,000000,44.85,45.49,43.01,43.14,23499707,0
BBBY.US,D,20201217,000000,43.32,43.51,41.36,42.24,16702307,0
BBBY.US,D,20201218,000000,42.96,43.07,41.34,41.65,19827150,0
BBBY.US,D,20201221,000000,40.39,45.32,40.33,44.10,23239092,0
BBBY.US,D,20201221,000000,42.82,46.69,42.49,45.47,14392598,0
BBBY.US,D,20201221,000000,44.59,44.83,43.74,43.99,28426550,0
BBBY.US,D,20201222,000000,43.75,50.84,42.95,47.98,11294085,0
BBBY.US,D,20201223,000000,47.52,47.69,47.23,47.57,19846916,0
BBBY.US,D,20201224,000000,47.58,49.58,46.82,49.43,22359391,0
BBBY.US,D,20201225,000000,48.95,49.37,48.24,48.38,27202759,0
BBBY.US,D,20201228,000000,48.82,49.17,47.73,48.22,29601422,0
BBBY.US,D,20201228,000000,48.74,49.06,47.00,47.41,28026444,0
BBBY.US,D,20201228,000000,47.29,48.60,46.49,47.72,12332576,0
BBBY.US,D,20201229,000000,48.55,49.31,44.01,44.95,14629961,0
BBBY.US,D,20201230,000000,46.03,46.43,44.39,45.49,18193621,0
BBBY.US,D,20201231,000000,46.04,46.10,40.66,42.54,29544067,0
BBBY.US,D,20210101,000000,43.50,47.18,43.23,45.70,16076574,0
BBBY.US,D,20210104,000000,45.97,46.21,45.74,46.08,14016676,0
BBBY.US,D,20210104,000000,46.74,46.81,44.60,45.34,28387855,0
BBBY.US,D,20210104,000000,45.27,45.38,44.60,45.14,10453054,0
BBBY.US,D,20210105,000000,45.89,47.14,45.85,46.61,17252510,0
BBBY.US,D,20210106,000000,46.43,48.43,46.27,47.70,19566868,0
BBBY.US,D,20210107,000000,48.61,49.96,44.60,45.70,16245337,0
BBBY.US,D,20210108,000000,45.75,46.51,45.63,46.36,25536424,0
BBBY.US,D,20210111,000000,46.71,47.13,46.53,46.94,13957848,0
BBBY.US,D,20210111,000000,46.68,48.94,46.38,48.89,10641322,0
BBBY.US,D,20210111,000000,50.87,52.19,43.63,45.38,22307338,0
BBBY.US,D,20210112,000000,44.25,46.21,43.93,45.48,29295843,0
BBBY.US,D,20210113,000000,46.49,49.68,46.08,49.15,25835559,0
BBBY.US,D,20210114,000000,47.59,54.11,47.53,54.05,28910307,0
BBBY.US,D,20210115,000000,54.03,56.68,53.73,54.79,16471175,0
BBBY.US,D,20210118,000000,53.75,54.14,53.70,54.06,19538132,0
BBBY.US,D,20210118,000000,54.82,57.16,54.66,56.37,15590230,0
BBBY.US,D,20210118,000000,57.41,57.53,54.94,56.54,20731145,0
BBBY.US,D,20210119,000000,57.65,58.68,55.80,55.90,26618715,0
BBBY.US,D,20210120,000000,54.97,55.09,51.86,52.62,27596927,0
BBBY.US,D,20210121,000000,50.74,60.97,47.50,59.56,16329977,0
BBBY.US,D,20210122,000000,58.14,64.37,57.37,63.03,17657552,0
BBBY.US,D,20210125,000000,61.13,67.18,59.72,64.60,22480348,0
BBBY.US,D,20210125,000000,63.80,70.74,62.31,69.45,10903567,0
BBBY.US,D,20210125,000000,69.91,70.12,64.44,65.49,12501625,0
BBBY.US,D,20210126,000000,67.09,68.25,63.35,64.21,16519994,0
BBBY.US,D,20210127,000000,65.57,66.41,61.52,63.76,15899087,0
BBBY.US,D,20210128,000000,63.11,71.06,62.89,68.57,27106883,0
BBBY.US,D,20210129,000000,68.48,73.17,65.57,72.87,29729721,0
BBBY.US,D,20210201,000000,72.26,73.76,71.74,72.99,22534212,0
BBBY.US,D,20210201,000000,71.35,77.27,70.00,76.13,26487000,0
BBBY.US,D,20210201,000000,78.31,79.27,75.51,75.59,17306149,0
BBBY.US,D,20210202,000000,75.19,75.23,72.27,73.89,14326422,0
BBBY.US,D,20210203,000000,74.36,75.73,66.74,70.57,14673497,0
BBBY.US,D,20210204,000000,69.56,70.53,69.51,70.52,20404206,0
BBBY.US,D,20210205,000000,68.31,73.79,65.68,72.41,15214874,0
BBBY.US,D,20210208,000000,73.39,76.28,63.57,64.22,20860444,0
BBBY.US,D,20210208,000000,66.42,67.87,66.32,67.84,24356460,0
BBBY.US,D,20210208,000000,70.37,70.48,70.04,70.28,24663231,0
BBBY.US,D,20210209,000000,71.44,71.83,66.95,69.62,28587314,0
BBBY.US,D,20210210,000000,68.31,73.99,62.08,73.21,23300720,0
BBBY.US,D,20210211,000000,71.03,74.37,70.88,73.72,15091754,0
BBBY.US,D,20210212,000000,71.54,76.06,70.52,75.56,10723526,0
BBBY.US,D,20210215,000000,77.11,78.46,76.81,77.59,13645058,0
BBBY.US,D,20210215,000000,75.75,80.68,74.90,79.92,29350426,0
BBBY.US,D,20210215,000000,80.36,81.67,74.77,78.03,27069557,0
BBBY.US,D,20210216,000000,77.86,77.94,70.62,71.96,14538286,0
BBBY.US,D,20210217,000000,70.53,71.55,70.28,71.13,26159814,0
BBBY.US,D,20210218,000000,70.38,71.61,69.56,70.94,11064876,0
BBBY.US,D,20210219,000000,71.25,87.76,69.23,84.28,27259398,0
BBBY.US,D,20210222,000000,83.81,83.89,83.08,83.28,10706800,0
BBBY.US,D,20210222,000000,80.02,87.07,79.95,86.91,10423465,0
BBBY.US,D,20210222,000000,90.17,93.14,88.94,92.64,14854933,0
BBBY.US,D,20210223,000000,93.73,94.50,86.24,87.33,27622387,0
BBBY.US,D,20210224,000000,90.52,90.77,86.33,86.74,15289969,0
BBBY.US,D,20210225,000000,89.55,91.62,84.50,85.19,27826052,0
BBBY.US,D,20210226,000000,85.34,88.01,85.28,87.56,26213925,0
BBBY.US,D,20210301,000000,87.88,92.69,87.66,90.26,12874850,0
BBBY.US,D,20210301,000000,89.89,91.42,81.06,84.39,29191640,0
BBBY.US,D,20210301,000000,85.85,91.62,83.90,87.66,24284890,0
BBBY.US,D,20210302,000000,88.39,89.22,87.05,87.59,16851717,0
BBBY.US,D,20210303,000000,84.66,86.10,81.42,81.79,10977092,0
BBBY.US,D,20210304,000000,82.52,82.53,77.98,78.08,22705130,0
BBBY.US,D,20210305,000000,78.33,80.46,76.63,79.77,17872109,0
BBBY.US,D,20210308,000000,81.16,82.66,72.92,75.31,13576975,0
BBBY.US,D,20210308,000000,75.54,76.79,59.12,59.55,12582200,0
BBBY.US,D,20210308,000000,59.66,59.83,58.75,59.01,23801143,0
BBBY.US,D,20210309,000000,60.02,65.86,59.35,63.11,21667405,0
BBBY.US,D,20210310,000000,62.22,62.30,53.60,55.49,18971664,0
BBBY.US,D,20210311,000000,54.10,54.97,54.08,54.95,22094656,0
BBBY.US,D,20210312,000000,54.79,55.94,54.37,55.90,25586021,0
BBBY.US,D,20210315,000000,56.00,57.42,50.81,52.39,19544251,0
BBBY.US,D,20210315,000000,51.52,55.02,51.46,54.98,14895747,0
BBBY.US,D,20210315,000000,54.31,65.45,54.31,62.04,20268786,0
BBBY.US,D,20210316,000000,63.77,66.16,62.99,65.86,16007777,0
BBBY.US,D,20210317,000000,63.74,69.63,63.49,68.51,17406709,0
BBBY.US,D,20210318,000000,67.75,77.62,66.39,73.75,12181448,0
BBBY.US,D,20210319,000000,75.52,76.44,63.02,68.50,26673554,0
BBBY.US,D,20210322,000000,70.55,71.05,68.39,68.59,24027621,0
BBBY.US,D,20210322,000000,68.16,74.65,67.80,73.68,27090900,0
BBBY.US,D,20210322,000000,72.17,72.23,66.74,68.36,26376692,0
BBBY.US,D,20210323,000000,69.94,72.20,56.05,63.07,24928960,0
BBBY.US,D,20210324,000000,62.64,63.30,58.12,58.36,26558544,0
BBBY.US,D,20210325,000000,59.00,59.02,58.59,58.68,21161749,0
BBBY.US,D,20210326,000000,57.41,58.16,54.29,55.09,17414864,0
BBBY.US,D,20210329,000000,54.15,54.68,54.09,54.45,17503295,0
BBBY.US,D,20210329,000000,52.65,54.53,52.53,53.91,25562435,0
BBBY.US,D,20210329,000000,52.79,54.12,44.21,47.21,12821913,0
BBBY.US,D,20210330,000000,47.91,47.92,45.68,46.73,21098054,0
BBBY.US,D,20210331,000000,47.05,47.15,46.43,46.71,15133144,0
BBBY.US,D,20210401,000000,46.17,46.69,45.76,45.86,25557561,0
BBBY.US,D,20210402,000000,44.74,48.27,43.56,48.03,28125392,0
BBBY.US,D,20210405,000000,49.35,51.41,49.08,51.04,29548924,0
BBBY.US,D,20210405,000000,51.67,54.59,51.25,54.35,13224547,0
BBBY.US,D,20210405,000000,53.99,54.20,52.51,53.38,11635472,0
BBBY.US,D,20210406,000000,53.21,53.48,52.56,52.66,27373087,0
BBBY.US,D,20210407,000000,52.18,52.82,52.17,52.61,22845561,0
BBBY.US,D,20210408,000000,53.54,54.35,49.51,50.39,17599703,0
BBBY.US,D,20210409,000000,51.66,55.69,51.12,54.24,10785348,0
BBBY.US,D,20210412,000000,54.84,55.25,48.02,50.41,18259196,0
BBBY.US,D,20210412,000000,50.42,51.78,43.46,46.24,21458877,0
BBBY.US,D,20210412,000000,48.55,48.83,41.02,43.70,22944212,0
BBBY.US,D,20210413,000000,43.71,43.92,42.84,42.91,19275414,0
BBBY.US,D,20210414,000000,43.96,46.15,43.69,45.94,14810020,0
BBBY.US,D,20210415,000000,45.56,45.93,43.62,43.67,17733877,0
BBBY.US,D,20210416,000000,42.49,42.98,42.36,42.92,20154268,0
BBBY.US,D,20210419,000000,43.01,44.67,42.78,44.30,18309650,0
BBBY.US,D,20210419,000000,44.24,44.58,43.87,43.87,19836012,0
BBBY.US,D,20210419,000000,43.90,44.64,43.88,44.64,11735551,0
BBBY.US,D,20210420,000000,45.50,47.35,45.18,46.23,28799579,0
BBBY.US,D,20210421,000000,45.34,46.75,44.83,46.38,25027154,0
BBBY.US,D,20210422,000000,46.35,49.60,44.94,48.50,16925691,0
BBBY.US,D,20210423,000000,47.91,50.72,47.03,50.08,17369420,0
BBBY.US,D,20210426,000000,50.51,50.64,50.50,50.56,20773995,0
BBBY.US,D,20210426,000000,51.61,51.94,50.49,50.76,12030398,0
BBBY.US,D,20210426,000000,49.25,51.86,49.06,50.28,23263947,0
BBBY.US,D,20210427,000000,49.49,49.69,45.71,46.80,15825412,0
BBBY.US,D,20210428,000000,47.62,48.43,43.62,44.26,10169277,0
BBBY.US,D,20210429,000000,42.50,43.15,42.17,42.55,27069974,0
BBBY.US,D,20210430,000000,44.01,44.60,38.77,39.72,24338473,0
BBBY.US,D,20210503,000000,40.44,40.51,38.91,39.38,17744343,0
BBBY.US,D,20210503,000000,39.86,40.44,37.39,37.60,15278206,0
BBBY.US,D,20210503,000000,36.92,38.24,36.34,38.00,18488627,0
BBBY.US,D,20210504,000000,36.92,39.42,36.76,38.58,17642388,0
BBBY.US,D,20210505,000000,38.47,39.03,34.46,34.96,17829897,0
BBBY.US,D,20210506,000000,34.31,34.59,29.51,30.05,10250644,0
BBBY.US,D,20210507,000000,30.17,33.06,29.13,31.97,21168880,0
BBBY.US,D,20210510,000000,31.88,33.62,31.43,32.93,22102771,0
BBBY.US,D,20210510,000000,32.95,33.28,32.87,33.14,29019706,0
BBBY.US,D,20210510,000000,34.31,34.39,31.23,31.44,12440408,0
BBBY.US,D,20210511,000000,32.67,33.12,28.75,30.59,29669760,0
BBBY.US,D,20210512,000000,30.44,30.49,30.00,30.23,23326619,0
BBBY.US,D,20210513,000000,30.52,30.93,24.39,25.04,27389027,0
BBBY.US,D,20210514,000000,25.99,28.51,25.68,27.23,10838177,0
BBBY.US,D,20210517,000000,26.61,29.77,25.85,28.67,13691895,0
BBBY.US,D,20210517,000000,29.25,37.39,28.46,34.58,15217550,0
BBBY.US,D,20210517,000000,34.43,37.62,34.21,36.92,18493678,0
BBBY.US,D,20210518,000000,37.03,38.91,36.36,37.76,24717292,0
BBBY.US,D,20210519,000000,38.07,38.37,35.19,36.42,14014513,0
BBBY.US,D,20210520,000000,36.21,38.95,35.87,38.55,27384814,0
BBBY.US,D,20210521,000000,37.34,41.06,36.22,40.93,21809358,0
BBBY.US,D,20210524,000000,40.72,41.00,40.70,40.82,26848186,0
BBBY.US,D,20210524,000000,40.58,40.80,40.12,40.78,29743832,0
BBBY.US,D,20210524,000000,39.40,44.76,39.09,43.05,25366096,0
BBBY.US,D,20210525,000000,43.40,45.52,43.23,44.76,13885054,0
BBBY.US,D,20210526,000000,45.12,46.31,42.31,42.54,17575365,0
BBBY.US,D,20210527,000000,41.55,41.72,37.77,39.70,14168157,0
BBBY.US,D,20210528,000000,40.36,46.15,39.27,44.10,19308031,0
BBBY.US,D,20210531,000000,44.51,45.33,39.61,40.58,14601485,0
BBBY.US,D,20210531,000000,39.47,39.85,31.77,34.97,11233816,0
BBBY.US,D,20210531,000000,33.73,35.13,33.38,34.94,13919064,0
BBBY.US,D,20210601,000000,32.71,32.75,32.56,32.60,17688297,0
BBBY.US,D,20210602,000000,32.59,34.41,32.39,34.04,22000604,0
BBBY.US,D,20210603,000000,34.23,37.48,33.79,35.76,14642388,0
BBBY.US,D,20210604,000000,34.68,34.94,29.95,32.15,29994430,0
BBBY.US,D,20210607,000000,33.21,33.34,33.07,33.16,17842842,0
BBBY.US,D,20210607,000000,32.75,38.08,31.05,36.97,14312362,0
BBBY.US,D,20210607,000000,36.99,40.12,36.35,39.53,10440396,0
BBBY.US,D,20210608,000000,39.64,44.92,38.73,44.26,27551828,0
BBBY.US,D,20210609,000000,45.44,47.07,45.33,46.93,24858246,0
BBBY.US,D,20210610,000000,46.51,47.54,45.34,45.42,21305278,0
BBBY.US,D,20210611,000000,47.28,54.51,46.13,52.86,17097567,0
BBBY.US,D,20210614,000000,53.54,53.61,41.65,45.88,26663481,0
BBBY.US,D,20210614,000000,47.48,47.66,44.78,45.50,26749878,0
BBBY.US,D,20210614,000000,44.66,44.68,43.04,43.86,14910475,0
BBBY.US,D,20210615,000000,43.54,53.72,42.12,51.05,20125781,0
BBBY.US,D,20210616,000000,51.91,52.68,49.63,50.58,10424436,0
BBBY.US,D,20210617,000000,50.94,51.02,47.90,48.64,24406223,0
BBBY.US,D,20210618,000000,50.88,52.27,46.11,46.23,11603423,0
BBBY.US,D,20210621,000000,45.86,47.51,45.79,47.28,23582463,0
BBBY.US,D,20210621,000000,44.87,47.95,44.42,47.89,27898005,0
BBBY.US,D,20210621,000000,46.72,53.90,46.29,51.71,14938066,0
BBBY.US,D,20210622,000000,51.46,55.60,50.16,54.49,11010762,0
BBBY.US,D,20210623,000000,53.90,55.07,47.59,48.13,16460749,0
BBBY.US,D,20210624,000000,48.74,48.79,38.34,40.04,26396703,0
BBBY.US,D,20210625,000000,40.42,41.47,34.87,35.60,16480109,0
BBBY.US,D,20210628,000000,35.49,38.07,35.40,37.78,20336337,0
BBBY.US,D,20210628,000000,37.30,37.87,36.99,37.63,11801199,0
BBBY.US,D,20210628,000000,37.87,38.30,36.76,36.97,23670439,0
BBBY.US,D,20210629,000000,37.51,37.53,36.80,36.91,28636582,0
BBBY.US,D,20210630,000000,36.46,38.36,36.16,38.12,24387819,0
BBBY.US,D,20210701,000000,39.06,39.28,36.63,38.02,25306844,0
BBBY.US,D,20210702,000000,37.92,39.08,37.73,38.73,11673931,0
BBBY.US,D,20210705,000000,37.65,40.55,37.25,40.32,22636051,0
BBBY.US,D,20210705,000000,39.97,44.60,39.36,43.13,17613184,0
BBBY.US,D,20210705,000000,43.27,44.13,39.25,39.27,10373996,0
BBBY.US,D,20210706,000000,40.51,40.51,37.45,38.18,13764386,0
BBBY.US,D,20210707,000000,37.43,37.66,37.37,37.65,27492725,0
BBBY.US,D,20210708,000000,37.25,37.61,36.26,36.38,14204945,0
BBBY.US,D,20210709,000000,37.53,37.63,34.87,35.19,24104455,0
BBBY.US,D,20210712,000000,35.10,35.92,35.03,35.78,28567705,0
BBBY.US,D,20210712,000000,35.57,36.98,35.32,36.98,25676414,0
BBBY.US,D,20210712,000000,37.24,38.84,37.23,38.30,27512865,0
BBBY.US,D,20210713,000000,39.15,39.16,37.53,37.64,12790112,0
BBBY.US,D,20210714,000000,37.99,39.75,37.97,39.70,12183811,0
BBBY.US,D,20210715,000000,41.68,46.83,41.14,46.05,10492788,0
BBBY.US,D,20210716,000000,46.82,47.89,44.44,45.23,17416755,0
BBBY.US,D,20210719,000000,44.34,46.27,44.17,46.23,14040989,0
BBBY.US,D,20210719,000000,46.77,48.53,46.52,48.38,21805580,0
BBBY.US,D,20210719,000000,49.95,50.28,44.47,46.41,25738624,0
BBBY.US,D,20210720,000000,47.44,48.00,43.35,44.64,16527610,0
BBBY.US,D,20210721,000000,44.43,44.68,42.82,43.52,25223352,0
BBBY.US,D,20210722,000000,43.41,50.93,42.47,49.33,26942745,0
BBBY.US,D,20210723,000000,47.76,50.60,47.11,50.45,22534470,0
BBBY.US,D,20210726,000000,50.60,50.97,50.52,50.66,15277475,0
BBBY.US,D,20210726,000000,49.86,49.89,46.58,47.79,19457688,0
BBBY.US,D,20210726,000000,47.53,47.77,47.05,47.15,27512901,0
BBBY.US,D,20210727,000000,47.37,47.46,46.19,46.61,17340721,0
BBBY.US,D,20210728,000000,47.10,49.14,46.35,48.80,10799032,0
BBBY.US,D,20210729,000000,46.73,46.87,39.38,40.87,29500775,0
BBBY.US,D,20210730,000000,40.90,41.77,40.67,41.68,23332926,0
BBBY.US,D,20210802,000000,43.06,47.30,41.81,47.05,27350447,0
BBBY.US,D,20210802,000000,47.57,47.96,44.14,45.27,25455305,0
BBBY.US,D,20210802,000000,44.46,49.16,44.30,48.85,27137938,0
BBBY.US,D,20210803,000000,48.15,51.00,47.90,49.00,13579268,0
BBBY.US,D,20210804,000000,48.05,54.93,47.16,52.43,19227621,0
BBBY.US,D,20210805,000000,53.68,57.65,52.46,56.45,13149830,0
BBBY.US,D,20210806,000000,55.71,63.45,54.05,61.28,24515923,0
BBBY.US,D,20210809,000000,62.42,62.56,46.09,52.73,19905103,0
BBBY.US,D,20210809,000000,53.34,53.39,49.55,51.04,18719639,0
BBBY.US,D,20210809,000000,50.06,54.11,50.05,53.52,18314986,0
BBBY.US,D,20210810,000000,53.42,59.12,53.15,58.38,19234308,0
BBBY.US,D,20210811,000000,59.33,59.78,59.18,59.67,26198687,0
BBBY.US,D,20210812,000000,60.70,60.77,55.67,57.12,18641162,0
BBBY.US,D,20210813,000000,57.31,58.42,41.05,47.69,10889077,0
BBBY.US,D,20210816,000000,49.59,50.79,44.63,46.26,20354791,0
BBBY.US,D,20210816,000000,46.50,47.74,43.00,43.73,29095548,0
BBBY.US,D,20210816,000000,44.54,45.10,44.28,45.04,11501544,0
BBBY.US,D,20210817,000000,46.02,47.47,35.77,38.94,26985472,0
BBBY.US,D,20210818,000000,38.54,43.35,36.48,42.86,10633037,0
BBBY.US,D,20210819,000000,43.17,43.46,42.38,42.47,25596170,0
BBBY.US,D,20210820,000000,42.17,42.22,41.33,41.72,27340948,0
BBBY.US,D,20210823,000000,40.61,50.99,38.65,49.17,28498797,0
BBBY.US,D,20210823,000000,49.95,52.69,49.88,51.87,25748196,0
BBBY.US,D,20210823,000000,51.01,51.55,50.56,51.07,21540647,0
BBBY.US,D,20210824,000000,50.95,58.03,50.86,56.11,21689445,0
BBBY.US,D,20210825,000000,56.38,58.53,45.29,50.68,19974483,0
BBBY.US,D,20210826,000000,51.86,60.14,50.67,58.23,27151582,0
BBBY.US,D,20210827,000000,56.41,59.56,54.99,58.66,21617103,0
BBBY.US,D,20210830,000000,59.04,59.12,56.51,57.29,16894231,0
BBBY.US,D,20210830,000000,57.24,58.36,57.21,58.35,14092019,0
BBBY.US,D,20210830,000000,58.91,60.09,56.05,56.14,20759138,0
BBBY.US,D,20210831,000000,56.43,57.30,56.03,56.86,13389110,0
BBBY.US,D,20210901,000000,58.19,60.51,57.98,59.79,15873000,0
BBBY.US,D,20210902,000000,60.31,66.46,57.93,65.31,10062513,0
BBBY.US,D,20210903,000000,64.38,65.04,62.40,63.00,22874958,0
BBBY.US,D,20210906,000000,62.34,65.22,61.56,64.91,28229099,0
BBBY.US,D,20210906,000000,67.76,68.14,61.48,62.19,29365629,0
BBBY.US,D,20210906,000000,62.70,63.36,58.49,59.25,64571295,0
BBBY.US,D,20210907,000000,58.46,58.46,57.40,57.76,67894031,0
BBBY.US,D,20210908,000000,56.93,57.39,55.66,55.71,72013988,0
BBBY.US,D,20210909,000000,55.86,55.95,53.64,54.52,65586042,0
BBBY.US,D,20210910,000000,55.70,56.92,51.93,52.61,78289093,0
BBBY.US,D,20210913,000000,52.52,53.13,49.83,49.95,75273772,0
BBBY.US,D,20210913,000000,48.44,49.89,46.03,47.21,82919309,0
BBBY.US,D,20210913,000000,48.16,48.58,43.69,44.84,62624011,0
BBBY.US,D,20210914,000000,43.32,43.75,41.76,42.13,73124935,0
BBBY.US,D,20210915,000000,43.39,43.51,39.13,40.08,98726043,0
BBBY.US,D,20210916,000000,39.42,39.88,38.03,38.18,66332230,0
BBBY.US,D,20210917,000000,38.71,39.25,35.10,36.13,116273476,0
BBBY.US,D,20210920,000000,34.95,35.79,30.05,33.91,128191137,0
BBBY.US,D,20210920,000000,33.63,33.70,30.66,31.26,50009859,0
BBBY.US,D,20210920,000000,31.32,32.28,31.04,31.48,12489965,0
BBBY.US,D,20210921,000000,30.84,30.88,29.40,29.76,24804480,0
BBBY.US,D,20210922,000000,31.05,31.32,30.74,31.06,16339121,0
BBBY.US,D,20210923,000000,31.39,36.30,29.93,35.33,20891078,0
BBBY.US,D,20210924,000000,34.89,34.90,30.42,31.97,21098270,0
BBBY.US,D,20210927,000000,31.58,35.17,31.35,34.42,10064721,0
BBBY.US,D,20210927,000000,34.31,35.21,34.29,34.96,22584654,0
BBBY.US,D,20210927,000000,36.62,39.61,36.48,38.70,12409658,0
BBBY.US,D,20210928,000000,38.49,45.31,36.53,44.36,22458539,0
BBBY.US,D,20210929,000000,43.78,44.87,32.42,34.37,26478750,0
BBBY.US,D,20210930,000000,34.45,34.50,34.07,34.32,24736136,0
BBBY.US,D,20211001,000000,35.37,35.39,32.76,34.24,20976503,0
BBBY.US,D,20211004,000000,33.69,34.45,33.39,34.04,22839775,0
BBBY.US,D,20211004,000000,33.43,33.96,31.94,32.32,21962040,0
BBBY.US,D,20211004,000000,32.13,32.47,30.62,30.64,16364583,0
BBBY.US,D,20211005,000000,30.46,31.87,29.99,31.78,27310699,0
BBBY.US,D,20211006,000000,30.64,37.66,30.48,34.91,25869169,0
BBBY.US,D,20211007,000000,35.34,35.64,28.82,31.11,25146843,0
BBBY.US,D,20211008,000000,31.22,31.42,30.91,31.08,29123538,0
BBBY.US,D,20211011,000000,32.27,35.79,31.26,34.07,15066152,0
BBBY.US,D,20211011,000000,33.90,34.09,32.07,32.96,28438311,0
BBBY.US,D,20211011,000000,32.70,32.86,31.13,31.47,26684004,0
BBBY.US,D,20211012,000000,30.70,38.61,30.27,35.54,22926110,0
BBBY.US,D,20211013,000000,35.95,38.25,35.79,37.77,14896153,0
BBBY.US,D,20211014,000000,37.39,37.44,36.97,37.14,22051789,0
BBBY.US,D,20211015,000000,37.94,38.23,35.75,36.19,22202324,0
BBBY.US,D,20211018,000000,36.44,38.45,36.25,37.65,15566818,0
BBBY.US,D,20211018,000000,38.10,38.30,37.44,37.49,21799889,0
BBBY.US,D,20211018,000000,38.25,38.33,36.88,36.93,16705526,0
BBBY.US,D,20211019,000000,38.07,39.00,37.08,38.23,21416736,0
BBBY.US,D,20211020,000000,38.13,38.34,32.35,34.35,17407994,0
BBBY.US,D,20211021,000000,34.34,34.47,30.02,32.04,24946630,0
BBBY.US,D,20211022,000000,32.19,35.79,31.01,34.80,18631513,0
BBBY.US,D,20211025,000000,34.73,37.05,34.40,36.56,11592883,0
BBBY.US,D,20211025,000000,36.69,38.26,36.40,37.90,24225960,0
BBBY.US,D,20211025,000000,38.21,38.35,38.17,38.32,24974428,0
BBBY.US,D,20211026,000000,39.52,39.54,37.93,38.19,15187072,0
BBBY.US,D,20211027,000000,37.95,41.47,37.59,41.01,13663520,0
BBBY.US,D,20211028,000000,40.69,41.05,39.66,40.08,18481314,0
BBBY.US,D,20211029,000000,39.99,40.51,38.64,39.03,14386039,0
BBBY.US,D,20211101,000000,38.26,39.59,33.65,35.51,20067133,0
BBBY.US,D,20211101,000000,34.91,35.91,34.49,35.90,11307203,0
BBBY.US,D,20211101,000000,35.09,41.62,33.93,38.33,23218594,0
BBBY.US,D,20211102,000000,37.92,38.43,33.62,34.23,16656720,0
BBBY.US,D,20211103,000000,34.41,34.90,30.27,30.90,26029427,0
BBBY.US,D,20211104,000000,29.77,35.34,28.96,33.94,17954211,0
BBBY.US,D,20211105,000000,34.77,35.38,31.10,31.91,15467690,0
BBBY.US,D,20211108,000000,32.14,33.88,31.72,33.63,22990963,0
BBBY.US,D,20211108,000000,33.65,33.88,33.39,33.40,19735618,0
BBBY.US,D,20211108,000000,33.39,37.48,33.29,36.43,29086819,0
BBBY.US,D,20211109,000000,36.25,37.97,35.71,37.94,21489949,0
BBBY.US,D,20211110,000000,37.95,38.90,36.97,37.12,17206237,0
BBBY.US,D,20211111,000000,38.18,38.21,37.64,37.73,28790383,0
BBBY.US,D,20211112,000000,37.39,37.75,35.22,35.25,19187640,0
BBBY.US,D,20211115,000000,34.95,35.19,34.16,34.23,14340554,0
BBBY.US,D,20211115,000000,33.99,37.43,33.11,36.86,14100919,0
BBBY.US,D,20211115,000000,37.38,37.47,35.54,35.85,14220926,0
BBBY.US,D,20211116,000000,36.14,36.52,36.12,36.43,19582337,0
BBBY.US,D,20211117,000000,35.99,37.37,35.97,37.14,15830481,0
BBBY.US,D,20211118,000000,37.26,37.38,35.19,35.64,21044696,0
BBBY.US,D,20211119,000000,35.52,36.02,35.43,35.85,23830433,0
BBBY.US,D,20211122,000000,36.78,37.22,32.94,33.64,24767445,0
BBBY.US,D,20211122,000000,33.44,34.31,33.26,34.17,28595324,0
BBBY.US,D,20211122,000000,33.39,33.67,30.40,31.04,28037491,0
BBBY.US,D,20211123,000000,31.94,32.56,27.39,29.06,27818322,0
BBBY.US,D,20211124,000000,29.73,29.89,28.07,28.45,13981357,0
BBBY.US,D,20211125,000000,27.86,30.17,27.29,29.03,18333146,0
BBBY.US,D,20211126,000000,28.18,29.30,28.00,29.18,23782994,0
BBBY.US,D,20211129,000000,29.39,30.20,29.15,29.86,28702091,0
BBBY.US,D,20211129,000000,29.09,31.65,28.86,30.76,19234797,0
BBBY.US,D,20211129,000000,30.09,33.65,29.60,32.52,21757958,0
BBBY.US,D,20211130,000000,32.76,34.37,32.62,34.06,17149318,0
BBBY.US,D,20211201,000000,33.65,36.39,33.25,35.98,27192565,0
BBBY.US,D,20211202,000000,35.54,35.71,34.83,34.98,29025196,0
BBBY.US,D,20211203,000000,36.54,37.03,34.48,34.83,26683479,0
BBBY.US,D,20211206,000000,34.75,35.16,33.37,33.73,11249900,0
BBBY.US,D,20211206,000000,34.65,34.68,33.17,33.79,25718156,0
BBBY.US,D,20211206,000000,34.65,35.71,31.57,31.92,18663577,0
BBBY.US,D,20211207,000000,31.04,31.05,28.27,28.42,13267043,0
BBBY.US,D,20211208,000000,29.28,29.28,27.26,27.69,14651176,0
BBBY.US,D,20211209,000000,28.04,30.24,27.91,29.84,23271720,0
BBBY.US,D,20211210,000000,29.48,29.59,27.69,28.00,17562194,0
BBBY.US,D,20211213,000000,27.78,27.86,27.41,27.58,22286523,0
BBBY.US,D,20211213,000000,28.43,29.58,24.81,25.40,13144953,0
BBBY.US,D,20211213,000000,24.60,26.88,23.97,26.64,25427358,0
BBBY.US,D,20211214,000000,26.56,28.33,26.52,27.95,18164952,0
BBBY.US,D,20211215,000000,28.47,29.28,24.68,26.16,10359956,0
BBBY.US,D,20211216,000000,26.41,27.20,26.36,27.08,25997319,0
BBBY.US,D,20211217,000000,26.61,26.80,25.73,25.88,12853030,0
BBBY.US,D,20211220,000000,26.04,29.14,26.00,28.12,19300678,0
BBBY.US,D,20211220,000000,28.51,29.94,28.44,29.16,10894832,0
BBBY.US,D,20211220,000000,28.91,31.32,28.03,30.84,18123320,0
BBBY.US,D,20211221,000000,30.89,31.02,30.17,30.19,18257869,0
BBBY.US,D,20211222,000000,29.65,32.26,28.71,32.18,25350515,0
BBBY.US,D,20211223,000000,33.08,33.61,33.03,33.56,15033937,0
BBBY.US,D,20211224,000000,34.13,36.61,33.87,36.17,18628884,0
BBBY.US,D,20211227,000000,35.00,36.69,34.47,35.94,13464504,0
BBBY.US,D,20211227,000000,36.34,39.62,36.28,38.07,21945217,0
BBBY.US,D,20211227,000000,37.95,41.24,37.09,41.19,25276170,0
BBBY.US,D,20211228,000000,40.73,40.98,39.30,39.66,17093254,0
BBBY.US,D,20211229,000000,40.33,40.66,39.03,40.03,18318255,0
BBBY.US,D,20211230,000000,40.14,40.16,39.39,39.51,25517478,0
BBBY.US,D,20211231,000000,38.96,38.96,38.09,38.34,18076924,0
BBBY.US,D,20220103,000000,38.38,39.17,38.29,38.97,10142791,0
BBBY.US,D,20220103,000000,37.94,40.36,37.63,39.97,14440977,0
BBBY.US,D,20220103,000000,40.18,40.21,39.61,39.87,16887248,0
BBBY.US,D,20220104,000000,39.29,39.90,37.38,37.61,28892935,0
BBBY.US,D,20220105,000000,37.26,38.22,37.01,38.05,17263365,0
BBBY.US,D,20220106,000000,37.86,37.98,37.83,37.96,25260852,0
BBBY.US,D,20220107,000000,37.80,38.16,34.08,34.44,20134518,0
BBBY.US,D,20220110,000000,35.43,35.46,34.60,34.61,26573998,0
BBBY.US,D,20220110,000000,34.96,35.03,34.70,34.81,24251272,0
BBBY.US,D,20220110,000000,34.20,34.64,33.38,33.43,19688206,0
BBBY.US,D,20220111,000000,33.25,33.30,30.15,31.88,12330931,0
BBBY.US,D,20220112,000000,31.83,32.07,30.96,31.13,14869161,0
BBBY.US,D,20220113,000000,30.71,34.11,30.29,34.10,21390308,0
BBBY.US,D,20220114,000000,33.18,34.67,32.19,34.50,20999363,0
BBBY.US,D,20220117,000000,34.49,34.50,34.11,34.12,19675754,0
BBBY.US,D,20220117,000000,33.65,33.99,33.41,33.88,19531870,0
BBBY.US,D,20220117,000000,34.11,34.14,34.10,34.14,23264161,0
BBBY.US,D,20220118,000000,34.85,39.61,34.65,39.44,28886164,0
BBBY.US,D,20220119,000000,38.35,44.25,37.16,43.66,29315890,0
BBBY.US,D,20220120,000000,43.06,44.74,42.62,43.75,22740805,0
BBBY.US,D,20220121,000000,43.18,43.48,42.63,42.94,23465643,0
BBBY.US,D,20220124,000000,43.34,46.56,35.20,37.51,20132376,0
BBBY.US,D,20220124,000000,37.81,39.32,37.80,39.13,25471445,0
BBBY.US,D,20220124,000000,39.01,39.07,38.90,39.07,15567185,0
BBBY.US,D,20220125,000000,39.13,39.93,37.36,38.54,20248307,0
BBBY.US,D,20220126,000000,38.33,45.88,36.44,44.31,21316456,0
BBBY.US,D,20220127,000000,44.81,44.86,41.04,41.86,21836047,0
BBBY.US,D,20220128,000000,41.75,43.14,37.11,37.41,22579747,0
BBBY.US,D,20220131,000000,36.81,37.20,32.78,33.79,23218348,0
BBBY.US,D,20220131,000000,34.20,34.99,33.69,34.98,19016292,0
BBBY.US,D,20220131,000000,34.77,35.91,31.13,32.60,14812436,0
BBBY.US,D,20220201,000000,31.97,35.85,30.93,35.13,23531553,0
BBBY.US,D,20220202,000000,36.80,37.21,34.05,35.00,16622710,0
BBBY.US,D,20220203,000000,34.02,34.26,33.95,34.22,23628501,0
BBBY.US,D,20220204,000000,32.87,37.44,32.24,36.66,18205711,0
BBBY.US,D,20220207,000000,36.34,37.02,36.24,36.95,25377497,0
