<TICKER>,<PER>,<DATE>,<TIME>,<OPEN>,<HIGH>,<LOW>,<CLOSE>,<VOL>,<OPENINT>
CLNE.US,D,20180102,000000,4.03,4.09,4.03,4.06,4355817,0
CLNE.US,D,20180103,000000,4.07,4.07,3.98,4.00,3538074,0
CLNE.US,D,20180104,000000,4.01,4.02,4.01,4.02,1524017,0
CLNE.US,D,20180105,000000,4.10,4.10,4.08,4.09,3850157,0
CLNE.US,D,20180108,000000,4.04,4.05,3.89,3.91,2027916,0
CLNE.US,D,20180108,000000,3.89,4.04,3.88,3.99,4383138,0
CLNE.US,D,20180108,000000,3.96,4.01,3.95,3.97,3679213,0
CLNE.US,D,20180109,000000,3.97,3.98,3.89,3.90,3172488,0
CLNE.US,D,20180110,000000,3.89,3.99,3.76,3.76,2403443,0
CLNE.US,D,20180111,000000,3.75,3.77,3.60,3.63,2405059,0
CLNE.US,D,20180112,000000,3.63,3.65,3.49,3.52,3717679,0
CLNE.US,D,20180115,000000,3.54,3.68,3.52,3.61,3606780,0
CLNE.US,D,20180115,000000,3.61,3.67,3.58,3.65,2786240,0
CLNE.US,D,20180115,000000,3.66,3.68,3.55,3.59,3707236,0
CLNE.US,D,20180116,000000,3.60,3.75,3.59,3.68,1683008,0
CLNE.US,D,20180117,000000,3.65,3.65,3.59,3.62,4326023,0
CLNE.US,D,20180118,000000,3.61,3.63,3.51,3.54,2275737,0
CLNE.US,D,20180119,000000,3.52,3.60,3.51,3.57,2600771,0
CLNE.US,D,20180122,000000,3.57,3.64,3.40,3.44,1985939,0
CLNE.US,D,20180122,000000,3.44,3.44,3.44,3.44,2182604,0
CLNE.US,D,20180122,000000,3.41,3.53,3.37,3.51,1541828,0
CLNE.US,D,20180123,000000,3.52,3.52,3.51,3.52,3755429,0
CLNE.US,D,20180124,000000,3.50,3.50,3.47,3.48,2932260,0
CLNE.US,D,20180125,000000,3.48,3.57,3.47,3.57,2708065,0
CLNE.US,D,20180126,000000,3.51,3.63,3.48,3.61,3505863,0
CLNE.US,D,20180129,000000,3.61,3.61,3.42,3.48,3547049,0
CLNE.US,D,20180129,000000,3.48,3.49,3.42,3.44,4203054,0
CLNE.US,D,20180129,000000,3.43,3.46,3.42,3.46,1924390,0
CLNE.US,D,20180130,000000,3.46,3.52,3.46,3.51,3213721,0
CLNE.US,D,20180131,000000,3.54,3.55,3.46,3.47,2208162,0
CLNE.US,D,20180201,000000,3.45,3.50,3.43,3.48,3062760,0
CLNE.US,D,20180202,000000,3.47,3.49,3.47,3.48,1876530,0
CLNE.US,D,20180205,000000,3.49,3.51,3.37,3.38,2932671,0
CLNE.US,D,20180205,000000,3.37,3.37,3.25,3.28,3495873,0
CLNE.US,D,20180205,000000,3.27,3.28,3.24,3.24,3133222,0
CLNE.US,D,20180206,000000,3.26,3.26,3.10,3.12,2732607,0
CLNE.US,D,20180207,000000,3.14,3.14,3.14,3.14,4487426,0
CLNE.US,D,20180208,000000,3.12,3.30,3.11,3.22,2444397,0
CLNE.US,D,20180209,000000,3.20,3.24,3.20,3.23,3132918,0
CLNE.US,D,20180212,000000,3.25,3.26,3.10,3.16,4340982,0
CLNE.US,D,20180212,000000,3.17,3.18,3.11,3.12,4086518,0
CLNE.US,D,20180212,000000,3.13,3.14,3.06,3.06,2449951,0
CLNE.US,D,20180213,000000,3.06,3.06,3.04,3.04,3698588,0
CLNE.US,D,20180214,000000,3.04,3.06,2.94,2.97,3917651,0
CLNE.US,D,20180215,000000,2.98,3.01,2.97,3.01,2090207,0
CLNE.US,D,20180216,000000,3.00,3.00,2.93,2.95,1604616,0
CLNE.US,D,20180219,000000,2.96,2.97,2.96,2.97,3937475,0
CLNE.US,D,20180219,000000,2.97,3.01,2.97,3.00,2889449,0
CLNE.US,D,20180219,000000,2.99,3.00,2.99,3.00,2340950,0
CLNE.US,D,20180220,000000,2.97,3.00,2.96,2.99,2299087,0
CLNE.US,D,20180221,000000,3.00,3.03,2.92,2.92,3651346,0
CLNE.US,D,20180222,000000,2.91,3.02,2.90,3.01,2355375,0
CLNE.US,D,20180223,000000,2.99,3.00,2.86,2.88,2735474,0
CLNE.US,D,20180226,000000,2.93,2.94,2.91,2.92,2481751,0
CLNE.US,D,20180226,000000,2.96,2.96,2.90,2.92,3978465,0
CLNE.US,D,20180226,000000,2.90,3.05,2.90,3.02,3624949,0
CLNE.US,D,20180227,000000,3.02,3.19,3.01,3.18,2703465,0
CLNE.US,D,20180228,000000,3.21,3.21,3.20,3.21,1776717,0
CLNE.US,D,20180301,000000,3.28,3.30,3.27,3.29,3975417,0
CLNE.US,D,20180302,000000,3.27,3.71,3.24,3.50,2019394,0
CLNE.US,D,20180305,000000,3.55,3.55,3.27,3.38,2387358,0
CLNE.US,D,20180305,000000,3.34,3.54,3.34,3.52,2683060,0
CLNE.US,D,20180305,000000,3.55,3.58,3.44,3.47,3296390,0
CLNE.US,D,20180306,000000,3.44,3.52,3.42,3.51,2454835,0
CLNE.US,D,20180307,000000,3.53,3.58,3.48,3.58,4433419,0
CLNE.US,D,20180308,000000,3.52,3.53,3.48,3.51,2224737,0
CLNE.US,D,20180309,000000,3.51,3.65,3.47,3.62,2091568,0
CLNE.US,D,20180312,000000,3.59,3.67,3.59,3.64,2625163,0
CLNE.US,D,20180312,000000,3.69,3.79,3.66,3.75,3512662,0
CLNE.US,D,20180312,000000,3.69,4.05,3.68,3.95,2666455,0
CLNE.US,D,20180313,000000,3.96,4.00,3.73,3.81,1808247,0
CLNE.US,D,20180314,000000,3.78,4.02,3.78,3.98,3155848,0
CLNE.US,D,20180315,000000,3.98,4.02,3.94,4.02,1677893,0
CLNE.US,D,20180316,000000,3.97,4.09,3.97,4.06,2322806,0
CLNE.US,D,20180319,000000,4.03,4.39,3.98,4.22,4241844,0
CLNE.US,D,20180319,000000,4.27,4.28,4.07,4.17,1663906,0
CLNE.US,D,20180319,000000,4.11,4.35,4.08,4.32,1536114,0
CLNE.US,D,20180320,000000,4.23,4.24,4.16,4.17,2291948,0
CLNE.US,D,20180321,000000,4.16,4.16,4.14,4.15,2447445,0
CLNE.US,D,20180322,000000,4.19,4.22,4.13,4.14,3532519,0
CLNE.US,D,20180323,000000,4.13,4.20,4.09,4.15,4008700,0
CLNE.US,D,20180326,000000,4.23,4.25,4.22,4.22,1623934,0
CLNE.US,D,20180326,000000,4.23,4.39,4.18,4.33,4442403,0
CLNE.US,D,20180326,000000,4.35,4.39,3.97,4.10,2160668,0
CLNE.US,D,20180327,000000,4.07,4.58,3.99,4.52,1814441,0
CLNE.US,D,20180328,000000,4.50,4.94,4.49,4.81,2391268,0
CLNE.US,D,20180329,000000,4.96,5.09,4.91,5.03,3614157,0
CLNE.US,D,20180330,000000,5.03,5.05,4.62,4.74,3957869,0
CLNE.US,D,20180402,000000,4.75,4.77,4.72,4.74,2680758,0
CLNE.US,D,20180402,000000,4.83,4.83,4.31,4.54,3979402,0
CLNE.US,D,20180402,000000,4.57,4.58,4.20,4.21,2571165,0
CLNE.US,D,20180403,000000,4.11,4.11,3.86,3.97,3231506,0
CLNE.US,D,20180404,000000,3.94,4.19,3.89,4.16,3032653,0
CLNE.US,D,20180405,000000,4.12,4.20,4.00,4.04,4108780,0
CLNE.US,D,20180406,000000,4.14,4.16,3.85,3.90,2688255,0
CLNE.US,D,20180409,000000,3.93,3.94,3.84,3.84,4154021,0
CLNE.US,D,20180409,000000,3.76,3.93,3.64,3.89,2323945,0
CLNE.US,D,20180409,000000,3.86,4.19,3.84,4.15,2710222,0
CLNE.US,D,20180410,000000,4.12,4.16,3.98,4.03,3949853,0
CLNE.US,D,20180411,000000,4.08,4.50,4.04,4.41,4072898,0
CLNE.US,D,20180412,000000,4.65,4.68,4.34,4.41,2447128,0
CLNE.US,D,20180413,000000,4.55,4.61,3.99,4.16,3635230,0
CLNE.US,D,20180416,000000,4.13,4.23,4.09,4.17,2248148,0
CLNE.US,D,20180416,000000,4.23,4.32,3.76,3.86,4221391,0
CLNE.US,D,20180416,000000,3.85,4.01,3.79,3.96,3364099,0
CLNE.US,D,20180417,000000,3.92,3.97,3.48,3.49,3369219,0
CLNE.US,D,20180418,000000,3.53,4.24,3.42,4.01,4092049,0
CLNE.US,D,20180419,000000,4.14,4.22,3.54,3.81,3623758,0
CLNE.US,D,20180420,000000,3.91,3.93,3.26,3.76,3722439,0
CLNE.US,D,20180423,000000,3.72,4.03,3.63,4.03,3639392,0
CLNE.US,D,20180423,000000,3.90,3.94,3.48,3.60,4208486,0
CLNE.US,D,20180423,000000,3.66,4.12,3.61,4.00,1618094,0
CLNE.US,D,20180424,000000,4.10,4.10,4.07,4.09,3633176,0
CLNE.US,D,20180425,000000,4.32,4.33,3.87,4.00,2820957,0
CLNE.US,D,20180426,000000,3.89,3.96,3.85,3.86,1613413,0
CLNE.US,D,20180427,000000,3.90,4.13,3.14,3.25,4015890,0
CLNE.US,D,20180430,000000,3.17,3.35,3.15,3.32,2475118,0
CLNE.US,D,20180430,000000,3.43,3.44,3.18,3.20,3745172,0
CLNE.US,D,20180430,000000,3.18,3.28,3.16,3.26,3182542,0
CLNE.US,D,20180501,000000,3.19,3.74,3.04,3.70,3208506,0
CLNE.US,D,20180502,000000,3.71,3.75,3.58,3.64,2947061,0
CLNE.US,D,20180503,000000,3.59,3.64,3.58,3.58,3224127,0
CLNE.US,D,20180504,000000,3.45,3.48,3.45,3.48,4460933,0
CLNE.US,D,20180507,000000,3.34,3.58,3.28,3.46,1731107,0
CLNE.US,D,20180507,000000,3.37,3.40,3.17,3.19,1692256,0
CLNE.US,D,20180507,000000,3.22,3.23,2.71,2.86,1852670,0
CLNE.US,D,20180508,000000,2.81,2.94,2.78,2.94,4152099,0
CLNE.US,D,20180509,000000,2.99,3.01,2.92,2.92,1863231,0
CLNE.US,D,20180510,000000,2.91,3.01,2.51,2.66,1679998,0
CLNE.US,D,20180511,000000,2.69,2.93,2.68,2.83,2409414,0
CLNE.US,D,20180514,000000,2.88,3.19,2.84,3.13,4049013,0
CLNE.US,D,20180514,000000,3.21,3.29,2.70,2.96,3695808,0
CLNE.US,D,20180514,000000,3.02,3.05,2.84,2.86,4009583,0
CLNE.US,D,20180515,000000,2.79,3.09,2.74,3.08,1995906,0
CLNE.US,D,20180516,000000,3.13,3.32,3.11,3.22,1857109,0
CLNE.US,D,20180517,000000,3.22,3.40,3.15,3.34,3718699,0
CLNE.US,D,20180518,000000,3.27,3.88,3.21,3.61,3777263,0
CLNE.US,D,20180521,000000,3.65,3.66,3.58,3.60,4024338,0
CLNE.US,D,20180521,000000,3.62,3.73,2.91,3.14,1526145,0
CLNE.US,D,20180521,000000,3.22,3.81,3.10,3.56,3606276,0
CLNE.US,D,20180522,000000,3.47,3.53,3.34,3.52,4114481,0
CLNE.US,D,20180523,000000,3.47,3.60,3.43,3.54,1713976,0
CLNE.US,D,20180524,000000,3.67,3.70,3.45,3.51,2558401,0
CLNE.US,D,20180525,000000,3.41,3.62,3.32,3.59,3673437,0
CLNE.US,D,20180528,000000,3.70,3.97,3.65,3.84,4325210,0
CLNE.US,D,20180528,000000,3.64,3.99,3.60,3.97,3923589,0
CLNE.US,D,20180528,000000,3.83,4.36,3.81,4.33,2787525,0
CLNE.US,D,20180529,000000,4.42,4.50,3.86,3.94,3506804,0
CLNE.US,D,20180530,000000,3.90,4.10,3.90,4.01,3987332,0
CLNE.US,D,20180531,000000,3.93,3.94,3.80,3.87,1630650,0
CLNE.US,D,20180601,000000,3.81,4.43,3.62,4.42,3149166,0
CLNE.US,D,20180604,000000,4.36,4.37,3.91,3.92,2905841,0
CLNE.US,D,20180604,000000,3.94,3.98,3.50,3.62,3828972,0
CLNE.US,D,20180604,000000,3.61,3.65,3.61,3.63,2935831,0
CLNE.US,D,20180605,000000,3.61,4.11,3.40,4.03,3735236,0
CLNE.US,D,20180606,000000,4.16,4.35,3.67,3.83,3683165,0
CLNE.US,D,20180607,000000,3.69,3.77,3.68,3.74,2550033,0
CLNE.US,D,20180608,000000,3.67,3.68,3.63,3.65,3473565,0
CLNE.US,D,20180611,000000,3.64,3.84,3.64,3.78,4238709,0
CLNE.US,D,20180611,000000,3.74,3.85,3.70,3.82,2518940,0
CLNE.US,D,20180611,000000,3.89,3.95,3.88,3.93,2726700,0
CLNE.US,D,20180612,000000,3.96,3.99,3.89,3.90,4005469,0
CLNE.US,D,20180613,000000,4.03,4.05,3.76,3.93,2721590,0
CLNE.US,D,20180614,000000,3.91,4.12,3.43,3.43,3377428,0
CLNE.US,D,20180615,000000,3.39,3.41,3.38,3.41,2043909,0
CLNE.US,D,20180618,000000,3.40,3.56,3.00,3.13,3632683,0
CLNE.US,D,20180618,000000,3.10,3.50,3.08,3.40,4061982,0
CLNE.US,D,20180618,000000,3.50,3.60,3.23,3.31,1686415,0
CLNE.US,D,20180619,000000,3.27,3.35,3.26,3.28,3727720,0
CLNE.US,D,20180620,000000,3.25,3.27,3.25,3.26,3711850,0
CLNE.US,D,20180621,000000,3.21,3.35,3.18,3.35,3497886,0
CLNE.US,D,20180622,000000,3.42,3.48,3.40,3.47,2043111,0
CLNE.US,D,20180625,000000,3.49,3.75,3.47,3.68,1664899,0
CLNE.US,D,20180625,000000,3.67,3.94,3.56,3.82,1508344,0
CLNE.US,D,20180625,000000,3.98,4.00,3.63,3.73,4427463,0
CLNE.US,D,20180626,000000,3.62,3.69,3.61,3.68,2864514,0
CLNE.US,D,20180627,000000,3.56,3.77,2.93,3.12,4248133,0
CLNE.US,D,20180628,000000,3.08,3.11,2.73,2.81,2403678,0
CLNE.US,D,20180629,000000,2.84,2.88,2.78,2.81,2793101,0
CLNE.US,D,20180702,000000,2.67,2.80,2.65,2.72,4236329,0
CLNE.US,D,20180702,000000,2.88,2.92,2.33,2.39,1520220,0
CLNE.US,D,20180702,000000,2.39,2.39,2.28,2.29,2866033,0
CLNE.US,D,20180703,000000,2.32,2.37,2.32,2.36,3239699,0
CLNE.US,D,20180704,000000,2.41,2.45,2.11,2.12,3644785,0
CLNE.US,D,20180705,000000,2.14,2.21,1.96,1.97,4077948,0
CLNE.US,D,20180706,000000,2.02,2.09,1.85,1.86,1938209,0
CLNE.US,D,20180709,000000,1.80,1.90,1.76,1.90,2592319,0
CLNE.US,D,20180709,000000,1.91,1.93,1.59,1.75,1969795,0
CLNE.US,D,20180709,000000,1.80,1.81,1.72,1.74,2137036,0
CLNE.US,D,20180710,000000,1.71,1.72,1.66,1.67,2241525,0
CLNE.US,D,20180711,000000,1.67,1.87,1.67,1.85,3058897,0
CLNE.US,D,20180712,000000,1.87,1.88,1.74,1.76,3125625,0
CLNE.US,D,20180713,000000,1.79,2.00,1.76,1.94,2565480,0
CLNE.US,D,20180716,000000,1.92,2.04,1.90,1.99,3776905,0
CLNE.US,D,20180716,000000,2.09,2.10,1.96,2.01,2525090,0
CLNE.US,D,20180716,000000,2.01,2.05,2.00,2.03,4327527,0
CLNE.US,D,20180717,000000,2.08,2.08,2.05,2.06,5891036,0
CLNE.US,D,20180718,000000,2.14,2.14,2.11,2.11,5845987,0
CLNE.US,D,20180719,000000,2.15,2.15,2.13,2.14,3228925,0
CLNE.US,D,20180720,000000,2.12,2.19,2.12,2.17,7629036,0
CLNE.US,D,20180723,000000,2.16,2.30,2.15,2.21,4794092,0
CLNE.US,D,20180723,000000,2.19,2.28,2.18,2.26,7310834,0
CLNE.US,D,20180723,000000,2.29,2.32,2.28,2.32,8425202,0
CLNE.US,D,20180724,000000,2.31,2.36,2.30,2.36,5205221,0
CLNE.US,D,20180725,000000,2.28,2.60,2.17,2.44,6223131,0
CLNE.US,D,20180726,000000,2.38,2.61,2.34,2.49,5194224,0
CLNE.US,D,20180727,000000,2.43,2.55,2.42,2.54,3642565,0
CLNE.US,D,20180730,000000,2.65,2.66,2.58,2.61,4016709,0
CLNE.US,D,20180730,000000,2.69,2.72,2.68,2.69,4827542,0
CLNE.US,D,20180730,000000,2.66,2.79,2.63,2.76,8454091,0
CLNE.US,D,20180731,000000,2.75,2.88,2.71,2.82,10921006,0
CLNE.US,D,20180801,000000,2.72,2.92,2.70,2.89,8940508,0
CLNE.US,D,20180802,000000,2.95,2.96,2.94,2.96,4831938,0
CLNE.US,D,20180803,000000,2.95,3.06,2.94,3.04,4723806,0
CLNE.US,D,20180806,000000,2.97,3.14,2.94,3.12,5496418,0
CLNE.US,D,20180806,000000,3.12,3.28,3.10,3.22,6459873,0
CLNE.US,D,20180806,000000,3.24,3.33,3.23,3.31,11007884,0
CLNE.US,D,20180807,000000,3.32,3.43,3.28,3.43,5054375,0
CLNE.US,D,20180808,000000,3.33,3.61,3.27,3.55,7025251,0
CLNE.US,D,20180809,000000,3.51,3.71,3.50,3.64,12278450,0
CLNE.US,D,20180810,000000,3.55,3.88,3.51,3.77,11595469,0
CLNE.US,D,20180813,000000,3.67,4.02,3.65,3.89,14512165,0
CLNE.US,D,20180813,000000,3.93,4.08,3.86,4.05,7310362,0
CLNE.US,D,20180813,000000,4.16,4.27,4.16,4.21,12034281,0
CLNE.US,D,20180814,000000,4.26,4.38,4.20,4.36,9898796,0
CLNE.US,D,20180815,000000,4.30,4.68,4.25,4.64,2820032,0
CLNE.US,D,20180816,000000,4.67,4.76,4.28,4.40,3119591,0
CLNE.US,D,20180817,000000,4.40,4.48,4.19,4.25,3370581,0
CLNE.US,D,20180820,000000,4.18,4.29,3.91,3.93,4400602,0
CLNE.US,D,20180820,000000,3.91,3.92,3.05,3.39,3193977,0
CLNE.US,D,20180820,000000,3.47,3.59,3.45,3.54,3034710,0
CLNE.US,D,20180821,000000,3.53,3.69,3.52,3.58,3364036,0
CLNE.US,D,20180822,000000,3.48,3.70,3.45,3.60,3905018,0
CLNE.US,D,20180823,000000,3.74,3.85,2.97,3.16,1638588,0
CLNE.US,D,20180824,000000,3.16,3.30,3.08,3.25,1772015,0
CLNE.US,D,20180827,000000,3.08,3.14,3.06,3.06,3363491,0
CLNE.US,D,20180827,000000,3.14,3.46,3.10,3.36,4451399,0
CLNE.US,D,20180827,000000,3.38,3.45,3.00,3.13,3821734,0
CLNE.US,D,20180828,000000,3.16,3.41,3.14,3.39,3775217,0
CLNE.US,D,20180829,000000,3.37,3.37,3.12,3.20,2704949,0
CLNE.US,D,20180830,000000,3.11,3.11,3.10,3.11,2570331,0
CLNE.US,D,20180831,000000,3.01,3.08,2.85,2.86,3785537,0
CLNE.US,D,20180903,000000,2.90,3.09,2.88,3.00,3486761,0
CLNE.US,D,20180903,000000,3.06,3.09,2.80,2.82,2725975,0
CLNE.US,D,20180903,000000,2.81,2.95,2.81,2.94,3018312,0
CLNE.US,D,20180904,000000,3.11,3.18,2.87,2.96,2458048,0
CLNE.US,D,20180905,000000,2.90,3.02,2.88,2.98,3904369,0
CLNE.US,D,20180906,000000,3.05,3.21,2.69,2.72,4034989,0
CLNE.US,D,20180907,000000,2.75,2.82,2.72,2.77,3717090,0
CLNE.US,D,20180910,000000,2.74,2.83,2.72,2.83,3461161,0
CLNE.US,D,20180910,000000,2.86,3.01,2.85,3.00,3630950,0
CLNE.US,D,20180910,000000,3.04,3.06,3.03,3.03,2148716,0
CLNE.US,D,20180911,000000,3.12,3.15,2.86,2.86,2740699,0
CLNE.US,D,20180912,000000,2.87,3.06,2.78,3.05,4185789,0
CLNE.US,D,20180913,000000,3.08,3.14,2.82,2.87,3729696,0
CLNE.US,D,20180914,000000,2.80,3.01,2.80,2.93,2475948,0
CLNE.US,D,20180917,000000,2.86,2.86,2.67,2.69,1692070,0
CLNE.US,D,20180917,000000,2.63,2.74,2.54,2.73,4178194,0
CLNE.US,D,20180917,000000,2.74,2.75,2.69,2.72,2555400,0
CLNE.US,D,20180918,000000,2.71,2.82,2.69,2.80,3817635,0
CLNE.US,D,20180919,000000,2.79,2.79,2.71,2.73,3527047,0
CLNE.US,D,20180920,000000,2.67,2.73,2.66,2.71,3404011,0
CLNE.US,D,20180921,000000,2.71,2.83,1.95,2.15,3057199,0
CLNE.US,D,20180924,000000,2.20,2.29,1.97,2.07,3610681,0
CLNE.US,D,20180924,000000,2.13,2.16,2.13,2.14,1800185,0
CLNE.US,D,20180924,000000,2.13,2.30,2.12,2.24,2488178,0
CLNE.US,D,20180925,000000,2.21,2.26,2.17,2.25,1788393,0
CLNE.US,D,20180926,000000,2.24,2.31,2.21,2.27,2228771,0
CLNE.US,D,20180927,000000,2.28,2.28,2.17,2.20,3024810,0
CLNE.US,D,20180928,000000,2.21,2.31,2.20,2.27,4097319,0
CLNE.US,D,20181001,000000,2.22,2.29,1.96,2.03,3378473,0
CLNE.US,D,20181001,000000,2.10,2.11,2.02,2.07,1713010,0
CLNE.US,D,20181001,000000,2.09,2.11,1.97,1.98,2321142,0
CLNE.US,D,20181002,000000,2.00,2.01,1.73,1.80,3912545,0
CLNE.US,D,20181003,000000,1.83,1.83,1.71,1.75,3763587,0
CLNE.US,D,20181004,000000,1.78,1.83,1.64,1.66,2713097,0
CLNE.US,D,20181005,000000,1.66,1.68,1.59,1.62,3469733,0
CLNE.US,D,20181008,000000,1.62,1.64,1.56,1.56,2774897,0
CLNE.US,D,20181008,000000,1.59,1.71,1.55,1.68,2210203,0
CLNE.US,D,20181008,000000,1.71,1.75,1.57,1.63,3357820,0
CLNE.US,D,20181009,000000,1.60,1.62,1.60,1.61,2775959,0
CLNE.US,D,20181010,000000,1.64,1.65,1.61,1.62,3247258,0
CLNE.US,D,20181011,000000,1.56,1.68,1.55,1.65,3481202,0
CLNE.US,D,20181012,000000,1.64,1.69,1.61,1.62,3562427,0
CLNE.US,D,20181015,000000,1.65,1.74,1.63,1.72,2675671,0
CLNE.US,D,20181015,000000,1.70,1.75,1.68,1.72,2913235,0
CLNE.US,D,20181015,000000,1.71,1.73,1.69,1.69,3899220,0
CLNE.US,D,20181016,000000,1.73,1.74,1.68,1.69,2006643,0
CLNE.US,D,20181017,000000,1.67,1.69,1.64,1.65,2663802,0
CLNE.US,D,20181018,000000,1.69,1.70,1.64,1.65,2124404,0
CLNE.US,D,20181019,000000,1.64,1.75,1.59,1.74,4336088,0
CLNE.US,D,20181022,000000,1.71,1.75,1.69,1.73,2073762,0
CLNE.US,D,20181022,000000,1.73,1.81,1.73,1.79,4221572,0
CLNE.US,D,20181022,000000,1.76,1.81,1.76,1.81,2195121,0
CLNE.US,D,20181023,000000,1.83,1.86,1.74,1.75,2415130,0
CLNE.US,D,20181024,000000,1.79,1.88,1.79,1.85,2676012,0
CLNE.US,D,20181025,000000,1.83,1.99,1.82,1.90,3739772,0
CLNE.US,D,20181026,000000,1.87,2.07,1.86,1.99,3657993,0
CLNE.US,D,20181029,000000,2.02,2.02,1.91,1.91,1878402,0
CLNE.US,D,20181029,000000,1.86,1.89,1.69,1.71,2728845,0
CLNE.US,D,20181029,000000,1.69,1.73,1.59,1.65,3914304,0
CLNE.US,D,20181030,000000,1.66,1.66,1.64,1.64,3215666,0
CLNE.US,D,20181031,000000,1.60,1.65,1.59,1.63,4459775,0
CLNE.US,D,20181101,000000,1.63,1.65,1.59,1.62,2076319,0
CLNE.US,D,20181102,000000,1.61,1.61,1.54,1.57,4350024,0
CLNE.US,D,20181105,000000,1.54,1.81,1.50,1.70,2098962,0
CLNE.US,D,20181105,000000,1.70,1.75,1.56,1.62,4038511,0
CLNE.US,D,20181105,000000,1.59,1.79,1.53,1.74,2479675,0
CLNE.US,D,20181106,000000,1.75,1.76,1.73,1.74,3760664,0
CLNE.US,D,20181107,000000,1.78,1.84,1.75,1.80,3974662,0
CLNE.US,D,20181108,000000,1.80,1.82,1.72,1.75,3285693,0
CLNE.US,D,20181109,000000,1.73,1.75,1.73,1.74,3344139,0
CLNE.US,D,20181112,000000,1.75,1.75,1.70,1.71,4357347,0
CLNE.US,D,20181112,000000,1.74,1.85,1.71,1.81,3744347,0
CLNE.US,D,20181112,000000,1.78,1.78,1.67,1.71,1623215,0
CLNE.US,D,20181113,000000,1.71,1.74,1.70,1.73,4057086,0
CLNE.US,D,20181114,000000,1.66,1.87,1.66,1.84,2785374,0
CLNE.US,D,20181115,000000,1.90,1.91,1.76,1.79,3322399,0
CLNE.US,D,20181116,000000,1.79,1.79,1.72,1.74,2050901,0
CLNE.US,D,20181119,000000,1.77,1.90,1.73,1.85,3135045,0
CLNE.US,D,20181119,000000,1.85,1.94,1.66,1.70,4199095,0
CLNE.US,D,20181119,000000,1.71,2.10,1.66,1.92,4048225,0
CLNE.US,D,20181120,000000,1.90,1.90,1.89,1.90,3376006,0
CLNE.US,D,20181121,000000,1.88,1.90,1.88,1.90,4446432,0
CLNE.US,D,20181122,000000,1.94,1.94,1.91,1.92,4128364,0
CLNE.US,D,20181123,000000,1.93,2.10,1.89,2.03,4185985,0
CLNE.US,D,20181126,000000,2.04,2.61,1.95,2.41,2631616,0
CLNE.US,D,20181126,000000,2.39,2.45,2.07,2.20,3343837,0
CLNE.US,D,20181126,000000,2.21,2.30,2.21,2.30,3750604,0
CLNE.US,D,20181127,000000,2.18,2.27,2.16,2.23,2935968,0
CLNE.US,D,20181128,000000,2.20,2.47,2.19,2.45,1874375,0
CLNE.US,D,20181129,000000,2.47,2.50,2.47,2.49,2996480,0
CLNE.US,D,20181130,000000,2.52,2.55,2.43,2.48,3685927,0
CLNE.US,D,20181203,000000,2.46,2.50,2.20,2.28,2569738,0
CLNE.US,D,20181203,000000,2.26,2.42,2.18,2.37,1678166,0
CLNE.US,D,20181203,000000,2.40,2.48,2.05,2.11,2067114,0
CLNE.US,D,20181204,000000,2.17,2.18,2.11,2.13,1662515,0
CLNE.US,D,20181205,000000,2.08,2.12,1.98,1.99,2472921,0
CLNE.US,D,20181206,000000,1.96,2.03,1.93,2.02,3672287,0
CLNE.US,D,20181207,000000,1.95,2.09,1.94,2.07,2803600,0
CLNE.US,D,20181210,000000,2.08,2.10,1.92,1.94,2320120,0
CLNE.US,D,20181210,000000,1.95,2.06,1.94,2.00,3315765,0
CLNE.US,D,20181210,000000,2.05,2.25,2.01,2.22,2435309,0
CLNE.US,D,20181211,000000,2.21,2.34,2.19,2.32,2967521,0
CLNE.US,D,20181212,000000,2.28,2.64,2.19,2.62,3186148,0
CLNE.US,D,20181213,000000,2.65,2.71,2.34,2.40,2593562,0
CLNE.US,D,20181214,000000,2.34,2.35,2.20,2.24,1662674,0
CLNE.US,D,20181217,000000,2.20,2.41,2.17,2.39,1612372,0
CLNE.US,D,20181217,000000,2.46,2.49,2.28,2.34,1537790,0
CLNE.US,D,20181217,000000,2.39,2.39,2.15,2.18,2435267,0
CLNE.US,D,20181218,000000,2.12,2.29,2.11,2.23,3432514,0
CLNE.US,D,20181219,000000,2.22,2.24,1.92,2.00,1578514,0
CLNE.US,D,20181220,000000,1.98,2.01,1.96,2.00,2470251,0
CLNE.US,D,20181221,000000,2.01,2.05,2.01,2.05,3058349,0
CLNE.US,D,20181224,000000,2.10,2.14,1.79,1.87,1795355,0
CLNE.US,D,20181224,000000,1.82,1.83,1.76,1.76,3688399,0
CLNE.US,D,20181224,000000,1.80,1.83,1.52,1.58,2644450,0
CLNE.US,D,20181225,000000,1.58,1.59,1.49,1.51,2570025,0
CLNE.US,D,20181226,000000,1.56,1.57,1.55,1.57,3977985,0
CLNE.US,D,20181227,000000,1.60,1.65,1.60,1.65,2581413,0
CLNE.US,D,20181228,000000,1.61,1.69,1.59,1.67,2573347,0
CLNE.US,D,20181231,000000,1.65,1.85,1.65,1.79,3906307,0
CLNE.US,D,20181231,000000,1.82,1.89,1.81,1.83,3842892,0
CLNE.US,D,20181231,000000,1.86,1.89,1.75,1.79,3586819,0
CLNE.US,D,20190101,000000,1.81,1.87,1.54,1.64,1901602,0
CLNE.US,D,20190102,000000,1.62,1.71,1.62,1.69,3035531,0
CLNE.US,D,20190103,000000,1.66,1.79,1.64,1.74,3784799,0
CLNE.US,D,20190104,000000,1.65,1.79,1.63,1.74,2763428,0
CLNE.US,D,20190107,000000,1.72,1.83,1.71,1.81,2697613,0
CLNE.US,D,20190107,000000,1.83,1.86,1.73,1.75,3887491,0
CLNE.US,D,20190107,000000,1.70,1.70,1.69,1.69,3913570,0
CLNE.US,D,20190108,000000,1.68,1.73,1.68,1.71,4082330,0
CLNE.US,D,20190109,000000,1.71,1.80,1.68,1.79,1992439,0
CLNE.US,D,20190110,000000,1.77,1.95,1.73,1.94,2690596,0
CLNE.US,D,20190111,000000,2.01,2.02,1.93,1.94,1950931,0
CLNE.US,D,20190114,000000,1.91,1.98,1.89,1.98,4325308,0
CLNE.US,D,20190114,000000,2.02,2.06,2.01,2.05,2990576,0
CLNE.US,D,20190114,000000,2.10,2.14,1.84,1.91,1617126,0
CLNE.US,D,20190115,000000,1.95,1.95,1.88,1.90,4340886,0
CLNE.US,D,20190116,000000,1.92,1.94,1.58,1.60,3708843,0
CLNE.US,D,20190117,000000,1.53,1.90,1.53,1.79,2124884,0
CLNE.US,D,20190118,000000,1.73,1.75,1.61,1.64,3793794,0
CLNE.US,D,20190121,000000,1.63,1.88,1.61,1.81,4329798,0
CLNE.US,D,20190121,000000,1.87,2.20,1.87,2.11,3724251,0
CLNE.US,D,20190121,000000,2.08,2.11,1.95,2.00,2682434,0
CLNE.US,D,20190122,000000,2.03,2.18,1.99,2.16,3164609,0
CLNE.US,D,20190123,000000,2.11,2.15,2.08,2.14,3092623,0
CLNE.US,D,20190124,000000,2.11,2.18,1.93,1.98,3832740,0
CLNE.US,D,20190125,000000,1.99,2.12,1.99,2.06,2815511,0
CLNE.US,D,20190128,000000,2.09,2.09,2.08,2.09,2454498,0
CLNE.US,D,20190128,000000,2.11,2.11,2.02,2.08,4112581,0
CLNE.US,D,20190128,000000,2.06,2.24,2.06,2.21,1648594,0
CLNE.US,D,20190129,000000,2.22,2.23,2.03,2.14,2483079,0
CLNE.US,D,20190130,000000,2.11,2.18,2.07,2.15,2519649,0
CLNE.US,D,20190131,000000,2.04,2.06,2.04,2.05,1601584,0
CLNE.US,D,20190201,000000,2.04,2.43,1.96,2.35,1915922,0
CLNE.US,D,20190204,000000,2.42,2.44,2.40,2.41,3348215,0
CLNE.US,D,20190204,000000,2.34,2.36,2.34,2.36,3785470,0
CLNE.US,D,20190204,000000,2.35,2.45,2.17,2.23,2239411,0
CLNE.US,D,20190205,000000,2.16,2.42,2.13,2.34,3846643,0
CLNE.US,D,20190206,000000,2.34,2.46,2.28,2.38,2770771,0
CLNE.US,D,20190207,000000,2.49,2.74,2.39,2.72,1977430,0
CLNE.US,D,20190208,000000,2.83,3.00,2.23,2.41,1958768,0
CLNE.US,D,20190211,000000,2.40,2.40,2.35,2.37,4474194,0
CLNE.US,D,20190211,000000,2.34,2.36,2.29,2.32,1943018,0
CLNE.US,D,20190211,000000,2.24,2.35,2.21,2.32,4262601,0
CLNE.US,D,20190212,000000,2.42,2.49,2.40,2.46,1506099,0
CLNE.US,D,20190213,000000,2.39,2.59,2.31,2.53,2200256,0
CLNE.US,D,20190214,000000,2.52,2.59,2.51,2.59,4493324,0
CLNE.US,D,20190215,000000,2.54,2.82,2.44,2.79,3363792,0
CLNE.US,D,20190218,000000,2.89,2.95,2.87,2.87,2935469,0
CLNE.US,D,20190218,000000,2.83,2.89,2.81,2.88,2044304,0
CLNE.US,D,20190218,000000,2.95,2.97,2.82,2.90,2254368,0
CLNE.US,D,20190219,000000,2.94,3.29,2.94,3.26,3046640,0
CLNE.US,D,20190220,000000,3.29,3.36,3.17,3.25,2457148,0
CLNE.US,D,20190221,000000,3.26,3.38,3.24,3.33,4454110,0
CLNE.US,D,20190222,000000,3.21,3.60,3.18,3.54,3411616,0
CLNE.US,D,20190225,000000,3.49,3.51,3.44,3.47,3299928,0
CLNE.US,D,20190225,000000,3.48,3.59,3.47,3.57,3142695,0
CLNE.US,D,20190225,000000,3.58,3.69,3.49,3.52,4231868,0
CLNE.US,D,20190226,000000,3.53,3.58,3.05,3.05,1527817,0
CLNE.US,D,20190227,000000,3.03,3.25,2.90,3.20,2523092,0
CLNE.US,D,20190228,000000,3.35,3.47,3.33,3.43,3495156,0
CLNE.US,D,20190301,000000,3.53,3.55,3.32,3.36,2608318,0
CLNE.US,D,20190304,000000,3.40,3.52,3.37,3.51,1907110,0
CLNE.US,D,20190304,000000,3.36,3.43,3.35,3.40,2182746,0
CLNE.US,D,20190304,000000,3.50,3.56,3.29,3.32,2164346,0
CLNE.US,D,20190305,000000,3.20,3.46,3.10,3.42,2634920,0
CLNE.US,D,20190306,000000,3.66,3.82,2.63,2.94,4349445,0
CLNE.US,D,20190307,000000,3.01,3.02,2.77,2.79,1707504,0
CLNE.US,D,20190308,000000,2.80,3.17,2.75,3.11,2470480,0
CLNE.US,D,20190311,000000,3.14,3.68,2.92,3.62,2322859,0
CLNE.US,D,20190311,000000,3.66,3.68,3.57,3.62,4102485,0
CLNE.US,D,20190311,000000,3.59,3.64,3.19,3.46,3986341,0
CLNE.US,D,20190312,000000,3.45,3.48,3.26,3.33,2184152,0
CLNE.US,D,20190313,000000,3.18,3.66,3.09,3.50,3605848,0
CLNE.US,D,20190314,000000,3.65,3.65,3.59,3.61,2894487,0
CLNE.US,D,20190315,000000,3.46,3.46,3.32,3.41,3207729,0
CLNE.US,D,20190318,000000,3.35,3.39,3.33,3.38,3390830,0
CLNE.US,D,20190318,000000,3.42,3.48,3.37,3.47,3736871,0
CLNE.US,D,20190318,000000,3.55,3.63,3.51,3.55,1985419,0
CLNE.US,D,20190319,000000,3.41,3.41,3.30,3.34,4209613,0
CLNE.US,D,20190320,000000,3.36,3.37,2.98,3.06,2552609,0
CLNE.US,D,20190321,000000,3.09,3.10,2.64,2.86,2798959,0
CLNE.US,D,20190322,000000,2.88,2.90,2.42,2.57,1914374,0
CLNE.US,D,20190325,000000,2.58,2.74,2.52,2.70,3964821,0
CLNE.US,D,20190325,000000,2.67,2.71,2.38,2.42,4140415,0
CLNE.US,D,20190325,000000,2.35,2.61,2.33,2.59,3754742,0
CLNE.US,D,20190326,000000,2.73,2.76,2.51,2.58,2250830,0
CLNE.US,D,20190327,000000,2.55,2.73,2.49,2.70,1829249,0
CLNE.US,D,20190328,000000,2.69,2.75,2.42,2.44,1808172,0
CLNE.US,D,20190329,000000,2.51,2.60,2.04,2.05,3064007,0
CLNE.US,D,20190401,000000,2.08,2.16,1.80,1.84,2119918,0
CLNE.US,D,20190401,000000,1.88,1.89,1.84,1.85,1607537,0
CLNE.US,D,20190401,000000,1.91,1.94,1.52,1.62,3549741,0
CLNE.US,D,20190402,000000,1.64,1.77,1.58,1.72,1728076,0
CLNE.US,D,20190403,000000,1.72,1.73,1.72,1.72,4092672,0
CLNE.US,D,20190404,000000,1.71,1.87,1.71,1.84,3289699,0
CLNE.US,D,20190405,000000,1.84,1.90,1.72,1.74,3220622,0
CLNE.US,D,20190408,000000,1.78,1.86,1.59,1.65,4233240,0
CLNE.US,D,20190408,000000,1.67,1.68,1.29,1.49,2510214,0
CLNE.US,D,20190408,000000,1.52,1.70,1.52,1.64,3302645,0
CLNE.US,D,20190409,000000,1.64,1.76,1.63,1.71,2365223,0
CLNE.US,D,20190410,000000,1.78,1.81,1.68,1.73,4369910,0
CLNE.US,D,20190411,000000,1.67,1.83,1.65,1.81,2531155,0
CLNE.US,D,20190412,000000,1.75,1.79,1.56,1.58,3245620,0
CLNE.US,D,20190415,000000,1.60,1.76,1.55,1.72,2242223,0
CLNE.US,D,20190415,000000,1.73,1.85,1.71,1.82,2824166,0
CLNE.US,D,20190415,000000,1.89,1.89,1.88,1.88,2032539,0
CLNE.US,D,20190416,000000,1.85,1.92,1.81,1.82,2735654,0
CLNE.US,D,20190417,000000,1.79,1.86,1.76,1.84,3905616,0
CLNE.US,D,20190418,000000,1.78,1.80,1.77,1.78,3214789,0
CLNE.US,D,20190419,000000,1.73,1.79,1.72,1.76,1855727,0
CLNE.US,D,20190422,000000,1.71,1.73,1.67,1.68,3780218,0
CLNE.US,D,20190422,000000,1.77,1.80,1.70,1.71,4069277,0
CLNE.US,D,20190422,000000,1.63,1.65,1.57,1.58,3306278,0
CLNE.US,D,20190423,000000,1.57,1.65,1.21,1.34,2787847,0
CLNE.US,D,20190424,000000,1.31,1.46,1.28,1.41,3258365,0
CLNE.US,D,20190425,000000,1.39,1.50,1.37,1.48,2000656,0
CLNE.US,D,20190426,000000,1.46,1.54,1.45,1.50,4497124,0
CLNE.US,D,20190429,000000,1.54,1.64,1.54,1.63,3884253,0
CLNE.US,D,20190429,000000,1.62,1.82,1.62,1.77,2135503,0
CLNE.US,D,20190429,000000,1.80,1.81,1.48,1.49,3069099,0
CLNE.US,D,20190430,000000,1.52,1.53,1.45,1.49,2795712,0
CLNE.US,D,20190501,000000,1.52,1.60,1.50,1.59,2597263,0
CLNE.US,D,20190502,000000,1.60,2.03,1.59,1.85,3937500,0
CLNE.US,D,20190503,000000,1.92,1.94,1.67,1.78,3642053,0
CLNE.US,D,20190506,000000,1.76,2.01,1.74,1.93,4120879,0
CLNE.US,D,20190506,000000,1.95,1.95,1.93,1.94,2428007,0
CLNE.US,D,20190506,000000,1.98,2.00,1.97,2.00,2597825,0
CLNE.US,D,20190507,000000,2.02,2.07,1.75,1.84,3808673,0
CLNE.US,D,20190508,000000,1.86,2.05,1.85,2.03,4343739,0
CLNE.US,D,20190509,000000,1.97,1.99,1.89,1.90,3244999,0
CLNE.US,D,20190510,000000,1.90,1.95,1.90,1.93,2786876,0
CLNE.US,D,20190513,000000,1.94,2.15,1.84,2.13,1894129,0
CLNE.US,D,20190513,000000,2.14,2.24,2.10,2.23,3780913,0
CLNE.US,D,20190513,000000,2.25,2.35,2.00,2.02,4043411,0
CLNE.US,D,20190514,000000,2.06,2.12,2.05,2.11,4405814,0
CLNE.US,D,20190515,000000,2.10,2.13,1.89,1.93,2537385,0
CLNE.US,D,20190516,000000,1.84,2.15,1.80,2.02,2143080,0
CLNE.US,D,20190517,000000,2.02,2.05,1.92,1.95,3310847,0
CLNE.US,D,20190520,000000,1.90,1.90,1.74,1.78,3554962,0
CLNE.US,D,20190520,000000,1.78,1.96,1.76,1.90,2037237,0
CLNE.US,D,20190520,000000,1.88,2.09,1.84,2.07,4287201,0
CLNE.US,D,20190521,000000,2.10,2.12,2.08,2.08,3342605,0
CLNE.US,D,20190522,000000,2.14,2.16,1.90,1.95,3128213,0
CLNE.US,D,20190523,000000,1.97,1.98,1.65,1.68,2295903,0
CLNE.US,D,20190524,000000,1.67,1.87,1.62,1.81,4306568,0
CLNE.US,D,20190527,000000,1.76,1.85,1.74,1.82,2218826,0
CLNE.US,D,20190527,000000,1.82,1.84,1.79,1.80,2625495,0
CLNE.US,D,20190527,000000,1.83,2.06,1.80,1.97,1664115,0
CLNE.US,D,20190528,000000,2.00,2.06,1.81,1.83,2499931,0
CLNE.US,D,20190529,000000,1.83,1.87,1.67,1.69,2883568,0
CLNE.US,D,20190530,000000,1.68,1.68,1.60,1.64,3907120,0
CLNE.US,D,20190531,000000,1.57,1.58,1.44,1.51,2606830,0
CLNE.US,D,20190603,000000,1.55,1.58,1.30,1.42,1610757,0
CLNE.US,D,20190603,000000,1.46,1.47,1.41,1.44,2993850,0
CLNE.US,D,20190603,000000,1.42,1.42,1.36,1.37,2296830,0
CLNE.US,D,20190604,000000,1.39,1.41,1.31,1.32,3595639,0
CLNE.US,D,20190605,000000,1.32,1.35,1.32,1.34,1763174,0
CLNE.US,D,20190606,000000,1.35,1.41,1.34,1.40,2416873,0
CLNE.US,D,20190607,000000,1.41,1.50,1.40,1.46,3755218,0
CLNE.US,D,20190610,000000,1.45,1.46,1.39,1.41,4397353,0
CLNE.US,D,20190610,000000,1.39,1.44,1.39,1.43,2987943,0
CLNE.US,D,20190610,000000,1.45,1.56,1.44,1.54,3611141,0
CLNE.US,D,20190611,000000,1.51,1.63,1.49,1.59,2288239,0
CLNE.US,D,20190612,000000,1.53,1.66,1.50,1.64,4031550,0
CLNE.US,D,20190613,000000,1.59,1.76,1.57,1.69,4082396,0
CLNE.US,D,20190614,000000,1.67,1.92,1.67,1.82,2870267,0
CLNE.US,D,20190617,000000,1.79,1.83,1.76,1.83,3612169,0
CLNE.US,D,20190617,000000,1.81,2.03,1.80,1.97,3815765,0
CLNE.US,D,20190617,000000,1.98,2.15,1.93,2.08,3574197,0
CLNE.US,D,20190618,000000,2.10,2.14,2.01,2.06,4492265,0
CLNE.US,D,20190619,000000,2.07,2.09,2.04,2.06,2941858,0
CLNE.US,D,20190620,000000,2.04,2.06,1.88,1.89,1687133,0
CLNE.US,D,20190621,000000,1.85,1.86,1.76,1.77,3841869,0
CLNE.US,D,20190624,000000,1.76,1.87,1.72,1.86,3554453,0
CLNE.US,D,20190624,000000,1.87,1.87,1.81,1.82,4480685,0
CLNE.US,D,20190624,000000,1.80,1.85,1.79,1.82,1539842,0
CLNE.US,D,20190625,000000,1.84,1.91,1.61,1.66,2259089,0
CLNE.US,D,20190626,000000,1.70,1.74,1.51,1.55,2059964,0
CLNE.US,D,20190627,000000,1.55,1.68,1.48,1.64,1543625,0
CLNE.US,D,20190628,000000,1.65,1.82,1.63,1.80,4080810,0
CLNE.US,D,20190701,000000,1.82,1.83,1.80,1.80,4190562,0
CLNE.US,D,20190701,000000,1.76,2.03,1.69,1.94,2013610,0
CLNE.US,D,20190701,000000,2.01,2.08,1.69,1.74,2389749,0
CLNE.US,D,20190702,000000,1.76,1.82,1.38,1.51,4434256,0
CLNE.US,D,20190703,000000,1.52,1.55,1.47,1.49,4060895,0
CLNE.US,D,20190704,000000,1.52,1.54,1.35,1.37,4326401,0
CLNE.US,D,20190705,000000,1.37,1.60,1.36,1.51,2278603,0
CLNE.US,D,20190708,000000,1.48,1.64,1.44,1.61,2927813,0
CLNE.US,D,20190708,000000,1.59,1.63,1.58,1.62,2246283,0
CLNE.US,D,20190708,000000,1.59,1.87,1.56,1.82,2834650,0
CLNE.US,D,20190709,000000,1.76,1.79,1.59,1.65,2622982,0
CLNE.US,D,20190710,000000,1.66,1.66,1.62,1.64,1681312,0
CLNE.US,D,20190711,000000,1.62,1.69,1.61,1.68,3185029,0
CLNE.US,D,20190712,000000,1.66,1.66,1.61,1.65,3135909,0
CLNE.US,D,20190715,000000,1.62,1.69,1.61,1.65,2075200,0
CLNE.US,D,20190715,000000,1.69,1.71,1.56,1.57,2753727,0
CLNE.US,D,20190715,000000,1.52,1.75,1.44,1.70,2919738,0
CLNE.US,D,20190716,000000,1.75,1.93,1.64,1.92,3980216,0
CLNE.US,D,20190717,000000,1.88,1.92,1.87,1.91,4267305,0
CLNE.US,D,20190718,000000,1.81,1.87,1.80,1.84,3034702,0
CLNE.US,D,20190719,000000,1.77,1.81,1.75,1.78,3648701,0
CLNE.US,D,20190722,000000,1.83,1.87,1.70,1.73,5280064,0
CLNE.US,D,20190722,000000,1.73,1.73,1.65,1.68,10637379,0
CLNE.US,D,20190722,000000,1.68,1.70,1.59,1.61,10795146,0
CLNE.US,D,20190723,000000,1.57,1.60,1.52,1.53,10963018,0
CLNE.US,D,20190724,000000,1.52,1.52,1.42,1.46,6085237,0
CLNE.US,D,20190725,000000,1.44,1.45,1.31,1.34,15671358,0
CLNE.US,D,20190726,000000,1.37,1.40,1.21,1.26,11619499,0
CLNE.US,D,20190729,000000,1.25,1.26,1.16,1.20,16716146,0
CLNE.US,D,20190729,000000,1.24,1.25,1.08,1.14,9962553,0
CLNE.US,D,20190729,000000,1.12,1.12,1.07,1.07,11464984,0
CLNE.US,D,20190730,000000,1.05,1.05,0.99,1.00,9611166,0
CLNE.US,D,20190731,000000,1.00,1.00,1.00,1.00,14078610,0
CLNE.US,D,20190801,000000,1.01,1.02,1.00,1.00,2066885,0
CLNE.US,D,20190802,000000,1.00,1.00,1.00,1.00,2409625,0
CLNE.US,D,20190805,000000,1.01,1.04,1.00,1.03,4235117,0
CLNE.US,D,20190805,000000,1.04,1.05,1.04,1.04,4207348,0
CLNE.US,D,20190805,000000,1.03,1.21,1.00,1.16,2338823,0
CLNE.US,D,20190806,000000,1.19,1.20,1.04,1.05,3193277,0
CLNE.US,D,20190807,000000,1.01,1.08,1.00,1.08,1911522,0
CLNE.US,D,20190808,000000,1.09,1.11,1.03,1.04,3657056,0
CLNE.US,D,20190809,000000,1.07,1.09,1.00,1.03,2115265,0
CLNE.US,D,20190812,000000,1.04,1.05,0.99,1.00,3185814,0
CLNE.US,D,20190812,000000,1.00,1.00,1.00,1.00,3477021,0
CLNE.US,D,20190812,000000,1.00,1.00,1.00,1.00,3043926,0
CLNE.US,D,20190813,000000,1.00,1.09,0.96,1.04,1920490,0
CLNE.US,D,20190814,000000,1.04,1.06,0.98,1.00,1722512,0
CLNE.US,D,20190815,000000,1.01,1.02,0.99,1.00,4180489,0
CLNE.US,D,20190816,000000,1.00,1.01,1.00,1.00,2464080,0
CLNE.US,D,20190819,000000,1.00,1.00,1.00,1.00,3270287,0
CLNE.US,D,20190819,000000,1.00,1.03,0.99,1.03,2276137,0
CLNE.US,D,20190819,000000,1.04,1.04,1.02,1.03,3823369,0
CLNE.US,D,20190820,000000,1.03,1.04,0.99,1.00,1825634,0
CLNE.US,D,20190821,000000,1.00,1.05,1.00,1.05,4251341,0
CLNE.US,D,20190822,000000,1.01,1.22,1.00,1.14,1755076,0
CLNE.US,D,20190823,000000,1.08,1.08,1.07,1.07,2541805,0
CLNE.US,D,20190826,000000,1.09,1.10,1.01,1.03,3983355,0
CLNE.US,D,20190826,000000,1.06,1.07,0.98,1.00,2723747,0
CLNE.US,D,20190826,000000,1.00,1.00,1.00,1.00,2760949,0
CLNE.US,D,20190827,000000,1.00,1.00,1.00,1.00,3587532,0
CLNE.US,D,20190828,000000,1.04,1.09,0.98,1.08,2437802,0
CLNE.US,D,20190829,000000,1.07,1.14,1.05,1.13,3196331,0
CLNE.US,D,20190830,000000,1.14,1.17,1.02,1.09,2158695,0
CLNE.US,D,20190902,000000,1.07,1.18,1.03,1.14,3774093,0
CLNE.US,D,20190902,000000,1.15,1.17,0.95,1.02,3559466,0
CLNE.US,D,20190902,000000,1.01,1.03,1.00,1.00,3200709,0
CLNE.US,D,20190903,000000,1.00,1.06,0.99,1.04,3945962,0
CLNE.US,D,20190904,000000,1.02,1.02,0.98,1.00,4013481,0
CLNE.US,D,20190905,000000,1.04,1.05,0.98,1.00,3120631,0
CLNE.US,D,20190906,000000,1.01,1.01,1.00,1.00,1602689,0
CLNE.US,D,20190909,000000,1.01,1.12,1.00,1.10,3499097,0
CLNE.US,D,20190909,000000,1.09,1.20,1.06,1.18,3814895,0
CLNE.US,D,20190909,000000,1.20,1.21,1.20,1.21,2966804,0
CLNE.US,D,20190910,000000,1.23,1.28,1.21,1.27,1718139,0
CLNE.US,D,20190911,000000,1.28,1.29,1.14,1.18,2268702,0
CLNE.US,D,20190912,000000,1.17,1.20,1.04,1.09,2874463,0
CLNE.US,D,20190913,000000,1.06,1.18,1.04,1.13,4463961,0
CLNE.US,D,20190916,000000,1.17,1.21,1.09,1.11,3293710,0
CLNE.US,D,20190916,000000,1.09,1.12,0.98,1.00,3951915,0
CLNE.US,D,20190916,000000,1.00,1.11,0.98,1.08,4320380,0
CLNE.US,D,20190917,000000,1.05,1.07,0.99,1.00,3239507,0
CLNE.US,D,20190918,000000,1.01,1.02,1.01,1.02,4495001,0
CLNE.US,D,20190919,000000,1.00,1.01,1.00,1.00,2170510,0
CLNE.US,D,20190920,000000,1.01,1.12,1.00,1.09,2540560,0
CLNE.US,D,20190923,000000,1.10,1.11,1.02,1.05,3251982,0
CLNE.US,D,20190923,000000,1.05,1.06,0.96,1.00,2821303,0
CLNE.US,D,20190923,000000,1.00,1.11,1.00,1.08,3449926,0
CLNE.US,D,20190924,000000,1.06,1.06,1.04,1.04,3747722,0
CLNE.US,D,20190925,000000,1.03,1.04,0.99,1.00,1713415,0
CLNE.US,D,20190926,000000,1.02,1.02,0.99,1.00,3698667,0
CLNE.US,D,20190927,000000,1.00,1.05,1.00,1.02,4003023,0
CLNE.US,D,20190930,000000,1.01,1.12,1.00,1.08,2932336,0
CLNE.US,D,20190930,000000,1.10,1.21,1.08,1.21,2365568,0
CLNE.US,D,20190930,000000,1.20,1.38,1.20,1.32,2773749,0
CLNE.US,D,20191001,000000,1.32,1.36,1.30,1.33,2633572,0
CLNE.US,D,20191002,000000,1.32,1.36,1.19,1.21,1707718,0
CLNE.US,D,20191003,000000,1.18,1.19,1.15,1.16,2478274,0
CLNE.US,D,20191004,000000,1.14,1.61,1.09,1.39,2225503,0
CLNE.US,D,20191007,000000,1.37,1.43,1.36,1.42,1738340,0
CLNE.US,D,20191007,000000,1.41,1.43,1.17,1.23,1897993,0
CLNE.US,D,20191007,000000,1.23,1.23,1.21,1.21,2778616,0
CLNE.US,D,20191008,000000,1.18,1.23,1.13,1.22,1604878,0
CLNE.US,D,20191009,000000,1.24,1.31,1.24,1.28,3633974,0
CLNE.US,D,20191010,000000,1.27,1.36,1.26,1.33,4446375,0
CLNE.US,D,20191011,000000,1.33,1.54,1.30,1.53,1569336,0
CLNE.US,D,20191014,000000,1.55,1.57,1.43,1.46,2025425,0
CLNE.US,D,20191014,000000,1.46,1.49,1.45,1.47,2873492,0
CLNE.US,D,20191014,000000,1.50,1.51,1.42,1.44,2071505,0
CLNE.US,D,20191015,000000,1.42,1.43,1.31,1.33,3927382,0
CLNE.US,D,20191016,000000,1.34,1.35,1.31,1.32,3196968,0
CLNE.US,D,20191017,000000,1.28,1.45,1.25,1.40,2964662,0
CLNE.US,D,20191018,000000,1.40,1.56,1.39,1.52,1845685,0
CLNE.US,D,20191021,000000,1.48,1.52,1.45,1.52,2528399,0
CLNE.US,D,20191021,000000,1.50,1.62,1.50,1.60,4497170,0
CLNE.US,D,20191021,000000,1.58,1.61,1.51,1.55,3036665,0
CLNE.US,D,20191022,000000,1.56,1.64,1.50,1.62,2301951,0
CLNE.US,D,20191023,000000,1.59,1.62,1.51,1.54,2934036,0
CLNE.US,D,20191024,000000,1.53,1.60,1.51,1.59,3384752,0
CLNE.US,D,20191025,000000,1.56,1.73,1.50,1.71,2128076,0
CLNE.US,D,20191028,000000,1.70,1.70,1.67,1.68,2086131,0
CLNE.US,D,20191028,000000,1.70,1.87,1.67,1.87,1992740,0
CLNE.US,D,20191028,000000,1.91,1.96,1.83,1.84,2203622,0
CLNE.US,D,20191029,000000,1.85,1.85,1.74,1.81,2712136,0
CLNE.US,D,20191030,000000,1.81,1.81,1.57,1.60,3774122,0
CLNE.US,D,20191031,000000,1.58,1.58,1.57,1.58,3447976,0
CLNE.US,D,20191101,000000,1.65,1.65,1.51,1.52,3313155,0
CLNE.US,D,20191104,000000,1.56,1.60,1.33,1.37,3468083,0
CLNE.US,D,20191104,000000,1.36,1.36,1.31,1.34,3898646,0
CLNE.US,D,20191104,000000,1.32,1.51,1.31,1.47,3028094,0
CLNE.US,D,20191105,000000,1.47,1.48,1.22,1.29,1678904,0
CLNE.US,D,20191106,000000,1.31,1.32,1.23,1.24,3180693,0
CLNE.US,D,20191107,000000,1.25,1.26,1.21,1.22,2716193,0
CLNE.US,D,20191108,000000,1.27,1.35,1.26,1.30,2855315,0
CLNE.US,D,20191111,000000,1.20,1.49,1.19,1.42,1508181,0
CLNE.US,D,20191111,000000,1.39,1.40,1.38,1.39,3397484,0
CLNE.US,D,20191111,000000,1.41,1.42,1.30,1.34,3482517,0
CLNE.US,D,20191112,000000,1.31,1.43,1.27,1.41,2265872,0
CLNE.US,D,20191113,000000,1.42,1.52,1.41,1.50,4219707,0
CLNE.US,D,20191114,000000,1.55,1.62,1.23,1.28,3373595,0
CLNE.US,D,20191115,000000,1.28,1.33,1.09,1.15,1942467,0
CLNE.US,D,20191118,000000,1.14,1.14,1.13,1.13,3404893,0
CLNE.US,D,20191118,000000,1.17,1.18,1.00,1.08,2643838,0
CLNE.US,D,20191118,000000,1.11,1.12,1.07,1.09,2553309,0
CLNE.US,D,20191119,000000,1.06,1.08,1.05,1.07,3257468,0
CLNE.US,D,20191120,000000,1.07,1.09,0.96,1.01,1609179,0
CLNE.US,D,20191121,000000,1.06,1.06,1.00,1.02,4240901,0
CLNE.US,D,20191122,000000,1.04,1.04,1.03,1.03,6000925,0
CLNE.US,D,20191125,000000,1.01,1.04,0.99,1.04,6220597,0
CLNE.US,D,20191125,000000,1.08,1.09,1.05,1.06,3867619,0
CLNE.US,D,20191125,000000,1.03,1.08,1.02,1.07,3760622,0
CLNE.US,D,20191126,000000,1.06,1.10,1.05,1.08,5377101,0
CLNE.US,D,20191127,000000,1.08,1.13,1.06,1.11,4033686,0
CLNE.US,D,20191128,000000,1.13,1.14,1.12,1.13,5057973,0
CLNE.US,D,20191129,000000,1.14,1.15,1.14,1.15,3109540,0
CLNE.US,D,20191202,000000,1.17,1.20,1.16,1.18,6344176,0
CLNE.US,D,20191202,000000,1.18,1.21,1.16,1.21,5588963,0
CLNE.US,D,20191202,000000,1.19,1.25,1.18,1.24,7397813,0
CLNE.US,D,20191203,000000,1.21,1.30,1.19,1.27,7777072,0
CLNE.US,D,20191204,000000,1.27,1.31,1.27,1.31,5092855,0
CLNE.US,D,20191205,000000,1.37,1.37,1.33,1.34,3931110,0
CLNE.US,D,20191206,000000,1.31,1.38,1.30,1.37,4174630,0
CLNE.US,D,20191209,000000,1.37,1.41,1.36,1.41,10219097,0
CLNE.US,D,20191209,000000,1.39,1.44,1.37,1.44,9348777,0
CLNE.US,D,20191209,000000,1.43,1.48,1.41,1.47,11261708,0
CLNE.US,D,20191210,000000,1.48,1.53,1.47,1.51,10830991,0
CLNE.US,D,20191211,000000,1.49,1.61,1.48,1.56,7702874,0
CLNE.US,D,20191212,000000,1.53,1.61,1.51,1.60,9046926,0
CLNE.US,D,20191213,000000,1.58,1.71,1.57,1.65,7471007,0
CLNE.US,D,20191216,000000,1.70,1.70,1.69,1.70,12581216,0
CLNE.US,D,20191216,000000,1.66,1.78,1.63,1.75,6994440,0
CLNE.US,D,20191216,000000,1.69,1.87,1.67,1.79,7174494,0
CLNE.US,D,20191217,000000,1.80,1.86,1.79,1.85,13091174,0
CLNE.US,D,20191218,000000,1.86,1.91,1.83,1.89,7151854,0
CLNE.US,D,20191219,000000,1.88,1.98,1.85,1.95,12740774,0
CLNE.US,D,20191220,000000,1.91,2.04,1.90,2.02,5789354,0
CLNE.US,D,20191223,000000,2.04,2.08,2.02,2.08,5206478,0
CLNE.US,D,20191223,000000,2.09,2.14,2.08,2.13,5573409,0
CLNE.US,D,20191223,000000,2.13,2.23,2.13,2.22,13630641,0
CLNE.US,D,20191224,000000,2.30,2.31,2.28,2.29,11208239,0
CLNE.US,D,20191225,000000,2.24,2.25,2.20,2.21,2856370,0
CLNE.US,D,20191226,000000,2.13,2.17,1.90,1.97,1663085,0
CLNE.US,D,20191227,000000,1.98,2.01,1.85,1.87,2266985,0
CLNE.US,D,20191230,000000,1.90,1.91,1.73,1.79,4108270,0
CLNE.US,D,20191230,000000,1.81,1.91,1.78,1.91,1993716,0
CLNE.US,D,20191230,000000,1.95,2.12,1.43,1.58,3815914,0
CLNE.US,D,20191231,000000,1.60,1.66,1.59,1.62,3550364,0
CLNE.US,D,20200101,000000,1.61,1.62,1.54,1.56,1504236,0
CLNE.US,D,20200102,000000,1.56,1.70,1.54,1.69,2909356,0
CLNE.US,D,20200103,000000,1.62,1.77,1.59,1.73,1851265,0
CLNE.US,D,20200106,000000,1.66,1.68,1.51,1.55,1591272,0
CLNE.US,D,20200106,000000,1.52,1.62,1.51,1.62,2480065,0
CLNE.US,D,20200106,000000,1.59,1.76,1.57,1.70,1679413,0
CLNE.US,D,20200107,000000,1.73,1.74,1.62,1.68,2845624,0
CLNE.US,D,20200108,000000,1.65,1.86,1.61,1.80,2122312,0
CLNE.US,D,20200109,000000,1.80,2.07,1.77,2.01,4090740,0
CLNE.US,D,20200110,000000,1.93,2.15,1.92,2.09,1533871,0
CLNE.US,D,20200113,000000,2.10,2.42,2.05,2.38,2419749,0
CLNE.US,D,20200113,000000,2.47,2.82,2.45,2.81,2104462,0
CLNE.US,D,20200113,000000,2.80,2.87,2.50,2.51,1523347,0
CLNE.US,D,20200114,000000,2.50,2.60,2.50,2.60,2433952,0
CLNE.US,D,20200115,000000,2.58,2.77,2.53,2.73,2276805,0
CLNE.US,D,20200116,000000,2.74,2.91,2.73,2.86,2599386,0
CLNE.US,D,20200117,000000,2.85,2.90,2.53,2.69,2311021,0
CLNE.US,D,20200120,000000,2.69,2.76,2.68,2.76,2242760,0
CLNE.US,D,20200120,000000,2.82,2.88,2.79,2.84,4075713,0
CLNE.US,D,20200120,000000,2.86,3.15,2.82,3.05,1799094,0
CLNE.US,D,20200121,000000,3.03,3.07,2.91,2.94,2742824,0
CLNE.US,D,20200122,000000,2.95,3.24,2.92,3.11,1638223,0
CLNE.US,D,20200123,000000,3.11,3.19,2.76,2.84,2039600,0
CLNE.US,D,20200124,000000,2.94,3.16,2.94,3.09,4313543,0
CLNE.US,D,20200127,000000,2.99,3.13,2.98,3.06,2745009,0
CLNE.US,D,20200127,000000,3.05,3.53,2.97,3.33,4275386,0
CLNE.US,D,20200127,000000,3.32,3.33,2.87,2.94,2474362,0
CLNE.US,D,20200128,000000,2.91,3.20,2.85,3.19,1644135,0
CLNE.US,D,20200129,000000,3.11,3.95,2.92,3.65,2589637,0
CLNE.US,D,20200130,000000,3.68,3.70,3.52,3.58,4416214,0
CLNE.US,D,20200131,000000,3.51,3.52,3.36,3.41,3927392,0
CLNE.US,D,20200203,000000,3.31,3.34,3.29,3.32,3154690,0
CLNE.US,D,20200203,000000,3.33,3.39,3.19,3.21,2714995,0
CLNE.US,D,20200203,000000,3.27,3.29,3.23,3.25,2333284,0
CLNE.US,D,20200204,000000,3.14,3.83,2.99,3.79,3757130,0
CLNE.US,D,20200205,000000,3.80,3.84,3.80,3.83,2165781,0
CLNE.US,D,20200206,000000,3.97,4.08,3.04,3.29,4003569,0
CLNE.US,D,20200207,000000,3.25,3.27,3.23,3.24,3951120,0
CLNE.US,D,20200210,000000,3.28,3.32,2.83,2.94,1799320,0
CLNE.US,D,20200210,000000,2.88,3.08,2.87,3.03,4025901,0
CLNE.US,D,20200210,000000,2.94,3.29,2.84,3.24,2379077,0
CLNE.US,D,20200211,000000,3.23,3.23,2.94,2.95,2197310,0
CLNE.US,D,20200212,000000,2.89,2.89,2.78,2.81,3575111,0
CLNE.US,D,20200213,000000,2.75,2.77,2.63,2.65,4039154,0
CLNE.US,D,20200214,000000,2.61,3.02,2.61,2.82,4486859,0
CLNE.US,D,20200217,000000,2.87,2.88,2.74,2.77,1821285,0
CLNE.US,D,20200217,000000,2.82,2.85,2.75,2.79,2082778,0
CLNE.US,D,20200217,000000,2.93,3.05,2.92,3.04,4270844,0
CLNE.US,D,20200218,000000,3.00,3.00,2.95,2.97,2496497,0
CLNE.US,D,20200219,000000,3.04,3.48,2.85,3.38,3436448,0
CLNE.US,D,20200220,000000,3.53,3.55,3.26,3.29,3709786,0
CLNE.US,D,20200221,000000,3.30,3.83,3.21,3.56,2903242,0
CLNE.US,D,20200224,000000,3.55,3.74,3.52,3.68,2062132,0
CLNE.US,D,20200224,000000,3.73,3.74,3.35,3.45,3983606,0
CLNE.US,D,20200224,000000,3.42,3.45,3.34,3.39,3032035,0
CLNE.US,D,20200225,000000,3.48,3.61,3.45,3.59,1923932,0
CLNE.US,D,20200226,000000,3.49,4.08,3.19,3.90,4147089,0
CLNE.US,D,20200227,000000,3.78,3.78,3.47,3.54,2192109,0
CLNE.US,D,20200228,000000,3.59,4.14,3.59,4.08,2946822,0
CLNE.US,D,20200302,000000,3.88,4.77,3.88,4.44,2870538,0
CLNE.US,D,20200302,000000,4.22,4.28,3.89,3.95,2723192,0
CLNE.US,D,20200302,000000,4.05,4.14,3.77,3.85,4697025,0
CLNE.US,D,20200303,000000,3.94,4.00,3.62,3.69,5389484,0
CLNE.US,D,20200304,000000,3.68,3.69,3.48,3.51,5079155,0
CLNE.US,D,20200305,000000,3.55,3.56,3.42,3.43,11038022,0
CLNE.US,D,20200306,000000,3.48,3.51,3.16,3.27,13318477,0
CLNE.US,D,20200309,000000,3.36,3.43,2.99,3.10,14931011,0
CLNE.US,D,20200309,000000,3.28,3.33,2.90,2.94,10051028,0
CLNE.US,D,20200309,000000,2.97,3.01,2.67,2.78,12987118,0
CLNE.US,D,20200310,000000,2.96,3.00,2.54,2.55,7797510,0
CLNE.US,D,20200311,000000,2.52,2.61,2.22,2.35,9251886,0
CLNE.US,D,20200312,000000,2.38,2.41,2.13,2.15,2322971,0
CLNE.US,D,20200313,000000,2.11,2.30,2.10,2.25,1903856,0
CLNE.US,D,20200316,000000,2.31,2.39,2.05,2.08,4228339,0
CLNE.US,D,20200316,000000,2.13,2.17,1.99,2.01,1804943,0
CLNE.US,D,20200316,000000,1.99,2.10,1.96,2.09,2816883,0
CLNE.US,D,20200317,000000,2.12,2.19,2.08,2.17,4250108,0
CLNE.US,D,20200318,000000,2.25,2.26,2.18,2.22,3928223,0
CLNE.US,D,20200319,000000,2.24,2.36,2.21,2.29,3085900,0
CLNE.US,D,20200320,000000,2.30,2.35,2.19,2.19,2060200,0
CLNE.US,D,20200323,000000,2.15,2.28,2.15,2.20,3276490,0
CLNE.US,D,20200323,000000,2.29,2.30,2.24,2.24,1501711,0
CLNE.US,D,20200323,000000,2.40,2.50,2.00,2.12,3837895,0
CLNE.US,D,20200324,000000,2.09,2.29,2.08,2.25,4158587,0
CLNE.US,D,20200325,000000,2.31,2.34,1.98,2.01,2868789,0
CLNE.US,D,20200326,000000,2.06,2.36,2.06,2.20,2957751,0
CLNE.US,D,20200327,000000,2.23,2.43,2.22,2.37,1638449,0
CLNE.US,D,20200330,000000,2.43,2.53,2.26,2.26,2736425,0
CLNE.US,D,20200330,000000,2.22,2.40,2.17,2.36,2924740,0
CLNE.US,D,20200330,000000,2.42,2.51,2.13,2.21,3573366,0
CLNE.US,D,20200331,000000,2.24,2.25,2.21,2.23,3210719,0
CLNE.US,D,20200401,000000,2.18,2.44,2.11,2.40,1750745,0
CLNE.US,D,20200402,000000,2.36,2.38,2.28,2.32,4231375,0
CLNE.US,D,20200403,000000,2.28,2.64,2.15,2.56,2425768,0
CLNE.US,D,20200406,000000,2.53,2.68,2.50,2.59,3247382,0
CLNE.US,D,20200406,000000,2.50,2.50,2.47,2.48,3616075,0
CLNE.US,D,20200406,000000,2.46,2.53,2.08,2.23,2219611,0
CLNE.US,D,20200407,000000,2.12,2.31,2.12,2.26,3758954,0
CLNE.US,D,20200408,000000,2.21,2.22,2.18,2.19,1664463,0
CLNE.US,D,20200409,000000,2.21,2.40,2.20,2.37,1810278,0
CLNE.US,D,20200410,000000,2.41,2.46,2.20,2.30,2887994,0
CLNE.US,D,20200413,000000,2.27,2.31,1.83,1.88,3906035,0
CLNE.US,D,20200413,000000,1.90,1.90,1.77,1.80,1681160,0
CLNE.US,D,20200413,000000,1.78,2.02,1.76,1.91,3138701,0
CLNE.US,D,20200414,000000,1.96,1.96,1.93,1.95,1865456,0
CLNE.US,D,20200415,000000,1.99,2.14,1.99,2.12,3817133,0
CLNE.US,D,20200416,000000,2.10,2.11,1.94,1.95,3509767,0
CLNE.US,D,20200417,000000,1.94,1.95,1.91,1.92,3372435,0
CLNE.US,D,20200420,000000,1.95,1.98,1.80,1.83,1662302,0
CLNE.US,D,20200420,000000,1.90,1.92,1.75,1.76,1582776,0
CLNE.US,D,20200420,000000,1.80,1.83,1.56,1.65,2400078,0
CLNE.US,D,20200421,000000,1.66,1.93,1.65,1.91,2930141,0
CLNE.US,D,20200422,000000,1.95,1.99,1.73,1.80,4057203,0
CLNE.US,D,20200423,000000,1.83,1.86,1.75,1.76,3856378,0
CLNE.US,D,20200424,000000,1.80,1.81,1.69,1.72,2970967,0
CLNE.US,D,20200427,000000,1.72,1.76,1.72,1.76,2758536,0
CLNE.US,D,20200427,000000,1.75,1.81,1.72,1.81,4255595,0
CLNE.US,D,20200427,000000,1.79,1.85,1.79,1.84,2234568,0
CLNE.US,D,20200428,000000,1.90,1.93,1.71,1.76,1577956,0
CLNE.US,D,20200429,000000,1.73,1.83,1.72,1.79,4178497,0
CLNE.US,D,20200430,000000,1.84,1.84,1.82,1.82,2534970,0
CLNE.US,D,20200501,000000,1.83,1.87,1.77,1.86,2455349,0
CLNE.US,D,20200504,000000,1.87,2.11,1.86,2.07,4014810,0
CLNE.US,D,20200504,000000,2.04,2.15,2.02,2.15,4078178,0
CLNE.US,D,20200504,000000,2.15,2.45,2.14,2.30,1777716,0
CLNE.US,D,20200505,000000,2.37,2.39,2.36,2.39,3047806,0
CLNE.US,D,20200506,000000,2.33,2.34,2.31,2.32,3626678,0
CLNE.US,D,20200507,000000,2.24,2.32,2.24,2.31,2494948,0
CLNE.US,D,20200508,000000,2.24,2.31,2.22,2.30,2922698,0
CLNE.US,D,20200511,000000,2.33,2.44,2.32,2.40,2276645,0
CLNE.US,D,20200511,000000,2.39,2.71,2.37,2.64,3153891,0
CLNE.US,D,20200511,000000,2.54,2.74,2.47,2.70,4061453,0
CLNE.US,D,20200512,000000,2.69,2.95,2.69,2.84,4402927,0
CLNE.US,D,20200513,000000,2.83,3.16,2.83,3.04,2198084,0
CLNE.US,D,20200514,000000,3.07,3.08,2.96,2.99,3055664,0
CLNE.US,D,20200515,000000,3.03,3.04,2.94,2.96,2760553,0
CLNE.US,D,20200518,000000,2.93,3.49,2.89,3.24,1735642,0
CLNE.US,D,20200518,000000,3.27,3.73,3.25,3.56,2869823,0
CLNE.US,D,20200518,000000,3.70,3.72,3.52,3.52,3581619,0
CLNE.US,D,20200519,000000,3.46,3.99,3.32,3.96,3066136,0
CLNE.US,D,20200520,000000,4.00,4.39,3.80,4.33,2696274,0
CLNE.US,D,20200521,000000,4.25,4.61,4.19,4.53,3009649,0
CLNE.US,D,20200522,000000,4.47,4.54,4.25,4.33,1860177,0
CLNE.US,D,20200525,000000,4.41,4.43,3.96,4.05,3498405,0
CLNE.US,D,20200525,000000,4.10,4.30,4.07,4.24,2825832,0
CLNE.US,D,20200525,000000,4.22,4.51,3.41,3.75,2585441,0
CLNE.US,D,20200526,000000,3.91,3.97,3.86,3.97,2888181,0
CLNE.US,D,20200527,000000,4.04,4.15,4.01,4.06,2590134,0
CLNE.US,D,20200528,000000,3.97,4.22,3.85,4.18,1926308,0
CLNE.US,D,20200529,000000,4.15,4.19,3.92,3.99,3721560,0
CLNE.US,D,20200601,000000,3.83,4.23,3.80,4.16,1947194,0
CLNE.US,D,20200601,000000,4.26,4.30,3.80,4.08,2332453,0
CLNE.US,D,20200601,000000,4.04,4.37,3.95,4.27,2143871,0
CLNE.US,D,20200602,000000,4.15,4.28,3.64,3.81,2886864,0
CLNE.US,D,20200603,000000,3.98,4.00,3.36,3.55,3044399,0
CLNE.US,D,20200604,000000,3.48,3.80,3.42,3.73,2265149,0
CLNE.US,D,20200605,000000,3.72,3.75,3.65,3.67,3444564,0
CLNE.US,D,20200608,000000,3.73,3.79,3.34,3.38,2166241,0
CLNE.US,D,20200608,000000,3.34,3.39,3.18,3.21,2438414,0
CLNE.US,D,20200608,000000,3.15,3.52,3.15,3.42,2979382,0
CLNE.US,D,20200609,000000,3.47,3.49,3.25,3.28,1831572,0
CLNE.US,D,20200610,000000,3.22,3.25,3.21,3.23,2717144,0
CLNE.US,D,20200611,000000,3.21,3.28,3.21,3.28,2677879,0
CLNE.US,D,20200612,000000,3.15,3.94,2.97,3.86,3924497,0
CLNE.US,D,20200615,000000,3.82,3.91,3.64,3.65,3740301,0
CLNE.US,D,20200615,000000,3.68,3.73,3.63,3.66,4006261,0
CLNE.US,D,20200615,000000,3.61,3.65,3.58,3.64,2354936,0
CLNE.US,D,20200616,000000,3.58,3.58,3.53,3.57,3824146,0
CLNE.US,D,20200617,000000,3.58,3.60,3.03,3.07,4068223,0
CLNE.US,D,20200618,000000,2.92,3.22,2.88,3.15,3938355,0
CLNE.US,D,20200619,000000,3.17,3.23,2.89,2.96,4369113,0
CLNE.US,D,20200622,000000,2.88,3.02,2.81,3.00,3225442,0
CLNE.US,D,20200622,000000,2.99,3.03,2.49,2.71,1827785,0
CLNE.US,D,20200622,000000,2.76,2.77,2.59,2.70,2331083,0
CLNE.US,D,20200623,000000,2.71,3.09,2.67,3.00,1963438,0
CLNE.US,D,20200624,000000,3.11,3.14,2.93,2.93,3842148,0
CLNE.US,D,20200625,000000,2.92,3.32,2.83,3.26,3879081,0
CLNE.US,D,20200626,000000,3.24,3.27,2.88,2.93,2626255,0
CLNE.US,D,20200629,000000,2.87,3.17,2.86,3.13,3107207,0
CLNE.US,D,20200629,000000,3.19,3.40,3.17,3.33,4127267,0
CLNE.US,D,20200629,000000,3.26,3.29,3.18,3.18,2111216,0
CLNE.US,D,20200630,000000,3.31,3.32,3.23,3.27,4061518,0
CLNE.US,D,20200701,000000,3.26,3.45,3.26,3.41,4457917,0
CLNE.US,D,20200702,000000,3.47,3.64,3.14,3.14,2004745,0
CLNE.US,D,20200703,000000,3.08,3.09,2.84,2.91,4233317,0
