<TICKER>,<PER>,<DATE>,<TIME>,<OPEN>,<HIGH>,<LOW>,<CLOSE>,<VOL>,<OPENINT>
CLOV.US,D,20180102,000000,3.00,3.01,2.99,2.99,8970144,0
CLOV.US,D,20180103,000000,2.99,2.99,2.97,2.97,6067995,0
CLOV.US,D,20180104,000000,2.98,2.99,2.98,2.99,6941899,0
CLOV.US,D,20180105,000000,2.99,3.00,2.96,2.96,9925158,0
CLOV.US,D,20180108,000000,2.99,3.00,2.97,2.98,8028805,0
CLOV.US,D,20180108,000000,2.98,2.99,2.98,2.99,7846047,0
CLOV.US,D,20180108,000000,3.03,3.04,2.97,2.99,10771002,0
CLOV.US,D,20180109,000000,2.96,3.04,2.94,3.02,4583881,0
CLOV.US,D,20180110,000000,3.02,3.09,2.99,3.08,9181372,0
CLOV.US,D,20180111,000000,3.01,3.15,2.99,3.08,10139364,0
CLOV.US,D,20180112,000000,3.06,3.11,3.06,3.11,11772712,0
CLOV.US,D,20180115,000000,3.12,3.12,3.09,3.10,6803945,0
CLOV.US,D,20180115,000000,3.13,3.15,3.02,3.07,5387579,0
CLOV.US,D,20180115,000000,3.02,3.09,3.00,3.07,9640130,0
CLOV.US,D,20180116,000000,3.11,3.14,3.01,3.05,10962292,0
CLOV.US,D,20180117,000000,3.04,3.06,2.76,2.83,11163842,0
CLOV.US,D,20180118,000000,2.86,2.98,2.84,2.92,11971842,0
CLOV.US,D,20180119,000000,2.96,2.99,2.96,2.98,7549221,0
CLOV.US,D,20180122,000000,3.02,3.13,2.98,3.11,11616427,0
CLOV.US,D,20180122,000000,3.18,3.29,3.17,3.25,7501328,0
CLOV.US,D,20180122,000000,3.25,3.33,3.25,3.31,10661923,0
CLOV.US,D,20180123,000000,3.32,3.34,3.22,3.24,7788817,0
CLOV.US,D,20180124,000000,3.24,3.32,3.23,3.31,10327470,0
CLOV.US,D,20180125,000000,3.32,3.44,3.29,3.44,7365179,0
CLOV.US,D,20180126,000000,3.45,3.46,3.36,3.37,4360659,0
CLOV.US,D,20180129,000000,3.37,3.39,3.26,3.29,11386463,0
CLOV.US,D,20180129,000000,3.34,3.43,3.29,3.40,6172437,0
CLOV.US,D,20180129,000000,3.40,3.41,3.39,3.39,5724528,0
CLOV.US,D,20180130,000000,3.41,3.42,3.25,3.28,6351479,0
CLOV.US,D,20180131,000000,3.30,3.30,3.28,3.28,11082901,0
CLOV.US,D,20180201,000000,3.25,3.29,3.23,3.27,10191485,0
CLOV.US,D,20180202,000000,3.30,3.35,3.30,3.35,4621120,0
CLOV.US,D,20180205,000000,3.39,3.41,3.20,3.25,4825240,0
CLOV.US,D,20180205,000000,3.23,3.29,3.20,3.28,6657221,0
CLOV.US,D,20180205,000000,3.26,3.52,3.21,3.46,7686227,0
CLOV.US,D,20180206,000000,3.47,3.52,3.46,3.51,9954278,0
CLOV.US,D,20180207,000000,3.55,3.55,3.54,3.55,4933916,0
CLOV.US,D,20180208,000000,3.54,3.65,3.51,3.61,8826731,0
CLOV.US,D,20180209,000000,3.60,3.74,3.59,3.73,5274126,0
CLOV.US,D,20180212,000000,3.72,3.75,3.63,3.65,7815058,0
CLOV.US,D,20180212,000000,3.66,3.67,3.66,3.67,6710992,0
CLOV.US,D,20180212,000000,3.68,3.69,3.65,3.67,6205455,0
CLOV.US,D,20180213,000000,3.68,3.78,3.67,3.76,8045634,0
CLOV.US,D,20180214,000000,3.74,3.75,3.67,3.68,10840901,0
CLOV.US,D,20180215,000000,3.70,3.73,3.48,3.61,10893435,0
CLOV.US,D,20180216,000000,3.57,3.66,3.56,3.63,9808596,0
CLOV.US,D,20180219,000000,3.62,3.66,3.48,3.49,4903073,0
CLOV.US,D,20180219,000000,3.46,3.51,3.43,3.49,10552970,0
CLOV.US,D,20180219,000000,3.49,3.64,3.45,3.58,7580841,0
CLOV.US,D,20180220,000000,3.56,3.89,3.53,3.81,10542557,0
CLOV.US,D,20180221,000000,3.79,3.91,3.78,3.88,8819057,0
CLOV.US,D,20180222,000000,3.89,3.97,3.61,3.73,5700646,0
CLOV.US,D,20180223,000000,3.69,3.74,3.44,3.45,8049170,0
CLOV.US,D,20180226,000000,3.44,3.48,3.43,3.46,8509878,0
CLOV.US,D,20180226,000000,3.40,3.60,3.39,3.49,4298580,0
CLOV.US,D,20180226,000000,3.49,3.50,3.48,3.50,5645589,0
CLOV.US,D,20180227,000000,3.52,3.53,3.52,3.52,10728894,0
CLOV.US,D,20180228,000000,3.52,3.76,3.51,3.75,11958552,0
CLOV.US,D,20180301,000000,3.79,3.83,3.59,3.60,9882536,0
CLOV.US,D,20180302,000000,3.60,3.67,3.60,3.64,4827880,0
CLOV.US,D,20180305,000000,3.69,3.71,3.59,3.67,6589910,0
CLOV.US,D,20180305,000000,3.68,3.80,3.67,3.78,8685611,0
CLOV.US,D,20180305,000000,3.78,3.82,3.78,3.81,4345336,0
CLOV.US,D,20180306,000000,3.78,4.08,3.78,3.99,5886509,0
CLOV.US,D,20180307,000000,4.03,4.04,3.82,3.92,9098937,0
CLOV.US,D,20180308,000000,3.97,4.05,3.58,3.70,7020391,0
CLOV.US,D,20180309,000000,3.76,3.78,3.63,3.67,11653132,0
CLOV.US,D,20180312,000000,3.59,3.85,3.53,3.81,4928823,0
CLOV.US,D,20180312,000000,3.87,4.22,3.80,4.17,8166549,0
CLOV.US,D,20180312,000000,4.14,4.33,4.11,4.31,7449277,0
CLOV.US,D,20180313,000000,4.35,4.38,3.69,4.03,11079083,0
CLOV.US,D,20180314,000000,4.04,4.09,3.87,3.90,8364252,0
CLOV.US,D,20180315,000000,3.98,4.08,3.97,4.04,9430507,0
CLOV.US,D,20180316,000000,4.10,4.38,4.09,4.31,6066300,0
CLOV.US,D,20180319,000000,4.24,4.41,4.22,4.38,7609233,0
CLOV.US,D,20180319,000000,4.35,4.38,4.25,4.27,10700631,0
CLOV.US,D,20180319,000000,4.26,4.36,4.21,4.29,5178225,0
CLOV.US,D,20180320,000000,4.22,4.24,4.22,4.23,9744765,0
CLOV.US,D,20180321,000000,4.14,4.27,4.13,4.26,9392258,0
CLOV.US,D,20180322,000000,4.18,4.26,4.16,4.23,7001269,0
CLOV.US,D,20180323,000000,4.19,4.23,4.02,4.06,7349445,0
CLOV.US,D,20180326,000000,4.14,4.18,4.13,4.17,8685819,0
CLOV.US,D,20180326,000000,4.18,4.34,4.15,4.29,11106094,0
CLOV.US,D,20180326,000000,4.22,4.29,4.22,4.26,8069834,0
CLOV.US,D,20180327,000000,4.17,4.27,4.12,4.22,4697603,0
CLOV.US,D,20180328,000000,4.30,4.39,4.27,4.38,10439496,0
CLOV.US,D,20180329,000000,4.43,4.55,4.24,4.25,9189887,0
CLOV.US,D,20180330,000000,4.22,4.23,4.12,4.13,10692112,0
CLOV.US,D,20180402,000000,4.23,4.25,4.09,4.13,8225709,0
CLOV.US,D,20180402,000000,4.18,4.26,4.04,4.09,10423626,0
CLOV.US,D,20180402,000000,4.17,4.18,4.08,4.14,10661845,0
CLOV.US,D,20180403,000000,4.06,4.22,4.06,4.18,5203783,0
CLOV.US,D,20180404,000000,4.23,4.24,4.00,4.02,10824185,0
CLOV.US,D,20180405,000000,3.99,4.01,3.94,3.94,4875515,0
CLOV.US,D,20180406,000000,3.92,4.17,3.90,4.15,6894864,0
CLOV.US,D,20180409,000000,4.19,4.30,4.17,4.29,10897552,0
CLOV.US,D,20180409,000000,4.35,4.54,4.30,4.48,11100281,0
CLOV.US,D,20180409,000000,4.47,4.54,4.16,4.23,11056769,0
CLOV.US,D,20180410,000000,4.08,4.38,4.03,4.37,6834219,0
CLOV.US,D,20180411,000000,4.36,4.36,3.86,4.08,8730351,0
CLOV.US,D,20180412,000000,4.14,4.31,4.09,4.25,8361000,0
CLOV.US,D,20180413,000000,4.20,4.75,4.08,4.75,5635544,0
CLOV.US,D,20180416,000000,4.84,4.87,4.76,4.76,8908645,0
CLOV.US,D,20180416,000000,4.65,4.75,4.47,4.52,10456590,0
CLOV.US,D,20180416,000000,4.67,4.77,4.63,4.77,4751704,0
CLOV.US,D,20180417,000000,4.76,5.25,4.66,5.01,7208316,0
CLOV.US,D,20180418,000000,5.15,5.32,5.14,5.26,7977680,0
CLOV.US,D,20180419,000000,5.30,5.33,5.21,5.22,8323180,0
CLOV.US,D,20180420,000000,5.38,5.39,5.12,5.21,4332697,0
CLOV.US,D,20180423,000000,5.19,5.30,4.80,4.91,8971171,0
CLOV.US,D,20180423,000000,4.91,5.03,4.62,4.70,10366993,0
CLOV.US,D,20180423,000000,4.72,5.13,4.57,5.01,6535578,0
CLOV.US,D,20180424,000000,5.07,5.15,5.05,5.10,11756546,0
CLOV.US,D,20180425,000000,5.04,5.42,4.94,5.26,10399866,0
CLOV.US,D,20180426,000000,5.28,5.33,4.42,4.67,5435978,0
CLOV.US,D,20180427,000000,4.60,4.69,4.57,4.66,6379348,0
CLOV.US,D,20180430,000000,4.69,4.92,4.65,4.82,10354101,0
CLOV.US,D,20180430,000000,4.80,5.02,4.52,4.54,7889728,0
CLOV.US,D,20180430,000000,4.51,4.53,4.31,4.35,5625882,0
CLOV.US,D,20180501,000000,4.34,4.44,4.30,4.43,6897803,0
CLOV.US,D,20180502,000000,4.39,4.81,4.29,4.78,9339671,0
CLOV.US,D,20180503,000000,4.90,4.95,4.29,4.40,5237292,0
CLOV.US,D,20180504,000000,4.40,4.92,4.32,4.83,5381261,0
CLOV.US,D,20180507,000000,4.85,4.85,4.84,4.84,11142134,0
CLOV.US,D,20180507,000000,4.83,4.85,4.72,4.76,5743110,0
CLOV.US,D,20180507,000000,4.62,4.66,4.54,4.56,7509733,0
CLOV.US,D,20180508,000000,4.62,4.63,3.99,4.32,7097787,0
CLOV.US,D,20180509,000000,4.32,4.57,4.30,4.50,8108760,0
CLOV.US,D,20180510,000000,4.50,4.54,4.21,4.32,7791776,0
CLOV.US,D,20180511,000000,4.38,4.43,4.09,4.31,11020577,0
CLOV.US,D,20180514,000000,4.36,4.38,4.35,4.36,10634391,0
CLOV.US,D,20180514,000000,4.36,4.59,4.33,4.56,11104795,0
CLOV.US,D,20180514,000000,4.61,4.63,4.33,4.41,9534948,0
CLOV.US,D,20180515,000000,4.40,4.51,3.91,4.06,6698396,0
CLOV.US,D,20180516,000000,4.07,4.10,3.79,3.87,9376729,0
CLOV.US,D,20180517,000000,3.85,4.32,3.71,4.20,5084537,0
CLOV.US,D,20180518,000000,4.18,4.18,4.10,4.11,5307431,0
CLOV.US,D,20180521,000000,4.10,4.12,3.91,3.93,7521657,0
CLOV.US,D,20180521,000000,3.87,3.98,3.87,3.95,11970599,0
CLOV.US,D,20180521,000000,3.87,3.99,3.81,3.98,10493328,0
CLOV.US,D,20180522,000000,3.99,4.21,3.99,4.18,10338930,0
CLOV.US,D,20180523,000000,4.21,4.21,4.14,4.17,5614571,0
CLOV.US,D,20180524,000000,4.21,4.21,4.15,4.17,5671145,0
CLOV.US,D,20180525,000000,4.10,4.27,4.07,4.24,9117199,0
CLOV.US,D,20180528,000000,4.28,4.30,4.19,4.24,7455564,0
CLOV.US,D,20180528,000000,4.22,4.24,4.12,4.14,6582301,0
CLOV.US,D,20180528,000000,4.14,4.21,4.09,4.19,8143544,0
CLOV.US,D,20180529,000000,4.13,4.31,4.11,4.27,11868449,0
CLOV.US,D,20180530,000000,4.34,4.35,4.26,4.28,10565472,0
CLOV.US,D,20180531,000000,4.31,4.32,4.23,4.24,9614509,0
CLOV.US,D,20180601,000000,4.29,4.37,4.27,4.33,4236741,0
CLOV.US,D,20180604,000000,4.32,4.32,4.25,4.28,10785556,0
CLOV.US,D,20180604,000000,4.22,4.25,4.21,4.25,7687110,0
CLOV.US,D,20180604,000000,4.23,4.25,4.07,4.10,9839164,0
CLOV.US,D,20180605,000000,4.14,4.17,4.14,4.16,4004528,0
CLOV.US,D,20180606,000000,4.21,4.21,4.06,4.11,7084196,0
CLOV.US,D,20180607,000000,4.13,4.13,4.07,4.09,9731525,0
CLOV.US,D,20180608,000000,4.07,4.08,3.99,3.99,7717624,0
CLOV.US,D,20180611,000000,3.99,4.06,3.96,4.05,5709061,0
CLOV.US,D,20180611,000000,4.01,4.01,4.00,4.01,10465198,0
CLOV.US,D,20180611,000000,3.96,3.97,3.92,3.95,6528758,0
CLOV.US,D,20180612,000000,3.94,3.98,3.92,3.97,11700781,0
CLOV.US,D,20180613,000000,3.96,4.05,3.94,4.03,8457958,0
CLOV.US,D,20180614,000000,4.07,4.12,4.05,4.11,9141575,0
CLOV.US,D,20180615,000000,4.12,4.12,4.06,4.07,9963764,0
CLOV.US,D,20180618,000000,4.08,4.12,3.89,3.93,4801245,0
CLOV.US,D,20180618,000000,3.97,3.97,3.96,3.96,6316711,0
CLOV.US,D,20180618,000000,3.99,4.03,3.88,3.91,10531536,0
CLOV.US,D,20180619,000000,3.91,3.98,3.90,3.95,8947037,0
CLOV.US,D,20180620,000000,3.95,3.96,3.92,3.93,9258277,0
CLOV.US,D,20180621,000000,3.92,3.93,3.88,3.89,8201729,0
CLOV.US,D,20180622,000000,3.89,3.91,3.88,3.91,7238762,0
CLOV.US,D,20180625,000000,3.87,3.91,3.85,3.90,8492288,0
CLOV.US,D,20180625,000000,3.91,3.92,3.79,3.86,7055837,0
CLOV.US,D,20180625,000000,3.83,3.84,3.76,3.78,7077335,0
CLOV.US,D,20180626,000000,3.78,3.80,3.77,3.79,4278158,0
CLOV.US,D,20180627,000000,3.77,3.85,3.76,3.83,9543590,0
CLOV.US,D,20180628,000000,3.84,3.85,3.78,3.81,10280139,0
CLOV.US,D,20180629,000000,3.81,3.81,3.76,3.80,11346770,0
CLOV.US,D,20180702,000000,3.79,3.81,3.79,3.81,5393891,0
CLOV.US,D,20180702,000000,3.82,3.85,3.81,3.84,5282468,0
CLOV.US,D,20180702,000000,3.85,3.86,3.84,3.84,5859281,0
CLOV.US,D,20180703,000000,3.85,3.85,3.84,3.84,7057945,0
CLOV.US,D,20180704,000000,3.83,3.95,3.81,3.91,5492592,0
CLOV.US,D,20180705,000000,3.90,3.92,3.71,3.78,6507182,0
CLOV.US,D,20180706,000000,3.77,3.79,3.77,3.78,5146004,0
CLOV.US,D,20180709,000000,3.78,3.81,3.77,3.79,10237646,0
CLOV.US,D,20180709,000000,3.79,3.87,3.79,3.86,5152374,0
CLOV.US,D,20180709,000000,3.87,3.92,3.87,3.91,10552701,0
CLOV.US,D,20180710,000000,3.89,3.90,3.89,3.89,5512627,0
CLOV.US,D,20180711,000000,3.91,3.99,3.88,3.95,7441202,0
CLOV.US,D,20180712,000000,3.95,4.00,3.94,4.00,7659619,0
CLOV.US,D,20180713,000000,4.01,4.03,3.94,3.95,6179448,0
CLOV.US,D,20180716,000000,3.93,4.04,3.93,4.01,6249693,0
CLOV.US,D,20180716,000000,4.02,4.04,3.88,3.95,5882629,0
CLOV.US,D,20180716,000000,3.94,3.97,3.85,3.87,10106749,0
CLOV.US,D,20180717,000000,3.85,3.87,3.83,3.84,7801554,0
CLOV.US,D,20180718,000000,3.76,3.86,3.66,3.84,7788546,0
CLOV.US,D,20180719,000000,3.82,3.90,3.26,3.46,9296785,0
CLOV.US,D,20180720,000000,3.46,3.46,3.36,3.39,8550124,0
CLOV.US,D,20180723,000000,3.40,3.43,3.18,3.25,7586680,0
CLOV.US,D,20180723,000000,3.28,3.29,3.21,3.25,8563579,0
CLOV.US,D,20180723,000000,3.24,3.24,3.20,3.22,6183621,0
CLOV.US,D,20180724,000000,3.22,3.26,3.08,3.14,8098776,0
CLOV.US,D,20180725,000000,3.15,3.24,3.14,3.22,7606947,0
CLOV.US,D,20180726,000000,3.22,3.28,3.20,3.27,9613789,0
CLOV.US,D,20180727,000000,3.19,3.30,3.17,3.27,6381237,0
CLOV.US,D,20180730,000000,3.24,3.31,3.07,3.16,8346230,0
CLOV.US,D,20180730,000000,3.17,3.25,3.17,3.24,10234231,0
CLOV.US,D,20180730,000000,3.23,3.46,3.15,3.43,6158045,0
CLOV.US,D,20180731,000000,3.42,3.65,3.36,3.61,6665647,0
CLOV.US,D,20180801,000000,3.61,3.72,3.58,3.71,7227703,0
CLOV.US,D,20180802,000000,3.74,3.75,3.62,3.62,4312939,0
CLOV.US,D,20180803,000000,3.61,3.66,3.60,3.65,7496108,0
CLOV.US,D,20180806,000000,3.67,3.72,3.66,3.72,11148825,0
CLOV.US,D,20180806,000000,3.69,3.71,3.47,3.51,5703619,0
CLOV.US,D,20180806,000000,3.47,3.47,3.46,3.47,5240136,0
CLOV.US,D,20180807,000000,3.50,3.51,3.32,3.36,6718547,0
CLOV.US,D,20180808,000000,3.34,3.35,3.34,3.35,6242578,0
CLOV.US,D,20180809,000000,3.33,3.34,3.29,3.29,5953014,0
CLOV.US,D,20180810,000000,3.27,3.47,3.26,3.39,4096335,0
CLOV.US,D,20180813,000000,3.42,3.55,3.41,3.52,4012083,0
CLOV.US,D,20180813,000000,3.54,3.60,3.51,3.59,11738875,0
CLOV.US,D,20180813,000000,3.58,3.66,3.56,3.61,4877607,0
CLOV.US,D,20180814,000000,3.63,3.81,3.60,3.71,7111552,0
CLOV.US,D,20180815,000000,3.77,3.79,3.49,3.59,11213652,0
CLOV.US,D,20180816,000000,3.63,3.72,3.58,3.69,8026401,0
CLOV.US,D,20180817,000000,3.66,3.68,3.61,3.63,5801901,0
CLOV.US,D,20180820,000000,3.70,3.73,3.65,3.66,5181818,0
CLOV.US,D,20180820,000000,3.59,3.74,3.54,3.69,4994286,0
CLOV.US,D,20180820,000000,3.66,3.67,3.66,3.67,7558521,0
CLOV.US,D,20180821,000000,3.72,3.72,3.51,3.55,8788890,0
CLOV.US,D,20180822,000000,3.50,3.57,3.47,3.56,5281923,0
CLOV.US,D,20180823,000000,3.54,3.55,3.53,3.54,10203823,0
CLOV.US,D,20180824,000000,3.56,3.65,3.55,3.63,5425355,0
CLOV.US,D,20180827,000000,3.56,3.83,3.55,3.76,11474989,0
CLOV.US,D,20180827,000000,3.78,3.89,3.62,3.64,4663295,0
CLOV.US,D,20180827,000000,3.61,3.72,3.60,3.71,4278860,0
CLOV.US,D,20180828,000000,3.64,3.85,3.61,3.80,8684150,0
CLOV.US,D,20180829,000000,3.85,3.91,3.84,3.89,8709369,0
CLOV.US,D,20180830,000000,3.88,4.01,3.83,4.00,10736318,0
CLOV.US,D,20180831,000000,4.06,4.12,4.01,4.05,10431053,0
CLOV.US,D,20180903,000000,4.01,4.10,4.01,4.07,6257848,0
CLOV.US,D,20180903,000000,4.07,4.25,4.06,4.15,5996568,0
CLOV.US,D,20180903,000000,4.12,4.48,4.08,4.38,4899770,0
CLOV.US,D,20180904,000000,4.37,4.83,4.32,4.63,5227134,0
CLOV.US,D,20180905,000000,4.61,4.64,4.28,4.40,9681625,0
CLOV.US,D,20180906,000000,4.40,4.46,3.85,4.05,11990350,0
CLOV.US,D,20180907,000000,4.06,4.06,4.06,4.06,4855079,0
CLOV.US,D,20180910,000000,4.03,4.05,4.01,4.02,11276162,0
CLOV.US,D,20180910,000000,4.02,4.15,4.00,4.10,6753691,0
CLOV.US,D,20180910,000000,4.09,4.13,4.09,4.13,9985363,0
CLOV.US,D,20180911,000000,4.09,4.14,3.96,3.97,11544093,0
CLOV.US,D,20180912,000000,3.94,4.02,3.88,4.01,6393750,0
CLOV.US,D,20180913,000000,3.95,4.04,3.93,4.03,9586691,0
CLOV.US,D,20180914,000000,4.06,4.07,3.99,4.03,8963847,0
CLOV.US,D,20180917,000000,4.05,4.07,4.04,4.06,9124480,0
CLOV.US,D,20180917,000000,4.08,4.13,3.98,3.98,9016850,0
CLOV.US,D,20180917,000000,3.93,4.19,3.92,4.08,9590537,0
CLOV.US,D,20180918,000000,4.08,4.12,3.88,3.94,7623567,0
CLOV.US,D,20180919,000000,3.95,3.97,3.88,3.89,11699795,0
CLOV.US,D,20180920,000000,3.91,3.91,3.91,3.91,7100836,0
CLOV.US,D,20180921,000000,3.91,3.97,3.90,3.96,11260783,0
CLOV.US,D,20180924,000000,3.99,4.05,3.90,3.91,4941911,0
CLOV.US,D,20180924,000000,3.91,3.92,3.75,3.78,9227430,0
CLOV.US,D,20180924,000000,3.79,3.82,3.79,3.81,4449902,0
CLOV.US,D,20180925,000000,3.79,3.87,3.79,3.86,5379235,0
CLOV.US,D,20180926,000000,3.86,3.91,3.85,3.90,8485848,0
CLOV.US,D,20180927,000000,3.92,3.97,3.91,3.97,4855278,0
CLOV.US,D,20180928,000000,3.94,3.96,3.94,3.95,6903543,0
CLOV.US,D,20181001,000000,3.94,3.98,3.91,3.98,6561513,0
CLOV.US,D,20181001,000000,3.98,4.04,3.97,4.01,7522543,0
CLOV.US,D,20181001,000000,4.02,4.08,4.02,4.04,10579383,0
CLOV.US,D,20181002,000000,4.03,4.03,4.00,4.01,4735120,0
CLOV.US,D,20181003,000000,4.02,4.03,4.02,4.02,9217306,0
CLOV.US,D,20181004,000000,4.05,4.05,4.04,4.05,6541110,0
CLOV.US,D,20181005,000000,4.06,4.11,4.06,4.09,4721473,0
CLOV.US,D,20181008,000000,4.09,4.10,4.02,4.03,4121692,0
CLOV.US,D,20181008,000000,4.03,4.03,4.03,4.03,4905133,0
CLOV.US,D,20181008,000000,4.03,4.14,3.98,4.12,10966762,0
CLOV.US,D,20181009,000000,4.14,4.14,4.02,4.04,4861849,0
CLOV.US,D,20181010,000000,4.02,4.05,4.02,4.04,6356560,0
CLOV.US,D,20181011,000000,4.02,4.04,4.01,4.04,7416409,0
CLOV.US,D,20181012,000000,4.00,4.16,3.97,4.11,10051690,0
CLOV.US,D,20181015,000000,4.12,4.17,4.11,4.16,11398591,0
CLOV.US,D,20181015,000000,4.14,4.14,4.13,4.13,7208518,0
CLOV.US,D,20181015,000000,4.14,4.17,4.14,4.17,8214080,0
CLOV.US,D,20181016,000000,4.16,4.21,4.13,4.21,9103142,0
CLOV.US,D,20181017,000000,4.20,4.22,4.19,4.20,4898788,0
CLOV.US,D,20181018,000000,4.21,4.23,4.21,4.22,5498045,0
CLOV.US,D,20181019,000000,4.22,4.24,4.15,4.17,4036604,0
CLOV.US,D,20181022,000000,4.18,4.23,4.17,4.22,6734336,0
CLOV.US,D,20181022,000000,4.18,4.37,4.14,4.32,6562130,0
CLOV.US,D,20181022,000000,4.31,4.32,4.24,4.26,8838172,0
CLOV.US,D,20181023,000000,4.26,4.28,4.15,4.17,9741542,0
CLOV.US,D,20181024,000000,4.14,4.20,4.13,4.20,9982789,0
CLOV.US,D,20181025,000000,4.21,4.22,4.13,4.16,8463359,0
CLOV.US,D,20181026,000000,4.17,4.19,4.10,4.12,8285800,0
CLOV.US,D,20181029,000000,4.06,4.28,4.02,4.20,10710034,0
CLOV.US,D,20181029,000000,4.23,4.27,3.99,4.02,4005561,0
CLOV.US,D,20181029,000000,4.02,4.19,3.94,4.15,4977339,0
CLOV.US,D,20181030,000000,4.19,4.33,4.16,4.25,11317294,0
CLOV.US,D,20181031,000000,4.26,4.26,4.23,4.23,4729655,0
CLOV.US,D,20181101,000000,4.29,4.30,4.17,4.20,5456131,0
CLOV.US,D,20181102,000000,4.16,4.17,3.83,3.97,5176072,0
CLOV.US,D,20181105,000000,3.95,4.09,3.95,4.08,6536610,0
CLOV.US,D,20181105,000000,4.13,4.42,4.09,4.37,9477235,0
CLOV.US,D,20181105,000000,4.40,4.47,4.26,4.30,10021485,0
CLOV.US,D,20181106,000000,4.30,4.34,4.28,4.33,9038442,0
CLOV.US,D,20181107,000000,4.36,4.36,4.33,4.34,9591398,0
CLOV.US,D,20181108,000000,4.36,4.36,4.27,4.34,11292861,0
CLOV.US,D,20181109,000000,4.37,4.38,4.32,4.35,11996447,0
CLOV.US,D,20181112,000000,4.32,4.41,4.31,4.38,7339675,0
CLOV.US,D,20181112,000000,4.38,4.39,4.23,4.25,6883617,0
CLOV.US,D,20181112,000000,4.23,4.23,4.22,4.22,11175820,0
CLOV.US,D,20181113,000000,4.26,4.27,3.96,4.05,8339382,0
CLOV.US,D,20181114,000000,4.05,4.16,3.74,3.78,4786810,0
CLOV.US,D,20181115,000000,3.81,3.86,3.80,3.81,5435579,0
CLOV.US,D,20181116,000000,3.89,3.93,3.77,3.80,6723139,0
CLOV.US,D,20181119,000000,3.82,3.84,3.79,3.79,5858588,0
CLOV.US,D,20181119,000000,3.79,3.86,3.76,3.82,10379920,0
CLOV.US,D,20181119,000000,3.78,3.79,3.76,3.78,10182273,0
CLOV.US,D,20181120,000000,3.77,3.77,3.70,3.71,11926211,0
CLOV.US,D,20181121,000000,3.70,3.71,3.61,3.63,6455207,0
CLOV.US,D,20181122,000000,3.67,3.67,3.58,3.60,11975987,0
CLOV.US,D,20181123,000000,3.64,3.66,3.57,3.61,10994514,0
CLOV.US,D,20181126,000000,3.60,3.63,3.54,3.56,7521970,0
CLOV.US,D,20181126,000000,3.54,3.67,3.50,3.63,6135661,0
CLOV.US,D,20181126,000000,3.59,3.64,3.39,3.48,6667062,0
CLOV.US,D,20181127,000000,3.52,3.53,3.42,3.43,4502736,0
CLOV.US,D,20181128,000000,3.43,3.44,3.34,3.37,8266010,0
CLOV.US,D,20181129,000000,3.37,3.50,3.37,3.50,5000362,0
CLOV.US,D,20181130,000000,3.51,3.52,3.39,3.39,5923320,0
CLOV.US,D,20181203,000000,3.34,3.40,3.33,3.39,4929906,0
CLOV.US,D,20181203,000000,3.36,3.37,3.25,3.32,8144278,0
CLOV.US,D,20181203,000000,3.30,3.41,3.30,3.38,5018444,0
CLOV.US,D,20181204,000000,3.36,3.44,3.36,3.44,10278831,0
CLOV.US,D,20181205,000000,3.44,3.49,3.23,3.27,7001726,0
CLOV.US,D,20181206,000000,3.21,3.48,3.20,3.37,4275634,0
CLOV.US,D,20181207,000000,3.39,3.40,3.30,3.30,6844709,0
CLOV.US,D,20181210,000000,3.31,3.31,3.30,3.30,5927884,0
CLOV.US,D,20181210,000000,3.32,3.42,3.31,3.38,10990161,0
CLOV.US,D,20181210,000000,3.36,3.37,3.35,3.36,5803335,0
CLOV.US,D,20181211,000000,3.37,3.39,3.35,3.35,10615672,0
CLOV.US,D,20181212,000000,3.32,3.34,3.32,3.34,11566232,0
CLOV.US,D,20181213,000000,3.26,3.36,3.21,3.34,8340613,0
CLOV.US,D,20181214,000000,3.34,3.43,3.33,3.41,10021886,0
CLOV.US,D,20181217,000000,3.45,3.56,3.42,3.52,11662831,0
CLOV.US,D,20181217,000000,3.58,3.62,3.27,3.40,9778692,0
CLOV.US,D,20181217,000000,3.40,3.40,3.11,3.21,8868520,0
CLOV.US,D,20181218,000000,3.19,3.20,3.15,3.16,8724252,0
CLOV.US,D,20181219,000000,3.17,3.22,3.15,3.22,9170293,0
CLOV.US,D,20181220,000000,3.19,3.50,3.05,3.42,4653146,0
CLOV.US,D,20181221,000000,3.42,3.49,3.40,3.46,9108871,0
CLOV.US,D,20181224,000000,3.49,3.51,3.43,3.45,11536865,0
CLOV.US,D,20181224,000000,3.46,3.52,3.43,3.51,10705539,0
CLOV.US,D,20181224,000000,3.45,3.46,3.39,3.40,7806386,0
CLOV.US,D,20181225,000000,3.43,3.64,3.40,3.59,9737462,0
CLOV.US,D,20181226,000000,3.59,3.60,3.42,3.48,4137336,0
CLOV.US,D,20181227,000000,3.46,3.64,3.44,3.57,11883294,0
CLOV.US,D,20181228,000000,3.58,3.66,3.12,3.30,11081414,0
CLOV.US,D,20181231,000000,3.29,3.30,3.29,3.30,11724834,0
CLOV.US,D,20181231,000000,3.29,3.31,3.26,3.27,7088801,0
CLOV.US,D,20181231,000000,3.26,3.35,3.24,3.35,7472267,0
CLOV.US,D,20190101,000000,3.36,3.43,3.34,3.39,8073823,0
CLOV.US,D,20190102,000000,3.39,3.39,3.33,3.35,11001345,0
CLOV.US,D,20190103,000000,3.35,3.35,3.30,3.30,10416759,0
CLOV.US,D,20190104,000000,3.33,3.34,3.14,3.16,9980306,0
CLOV.US,D,20190107,000000,3.15,3.16,3.11,3.13,9846453,0
CLOV.US,D,20190107,000000,3.15,3.27,3.13,3.23,9939908,0
CLOV.US,D,20190107,000000,3.23,3.23,3.17,3.21,11745976,0
CLOV.US,D,20190108,000000,3.21,3.28,3.20,3.28,4601496,0
CLOV.US,D,20190109,000000,3.25,3.35,3.22,3.34,11372806,0
CLOV.US,D,20190110,000000,3.26,3.47,3.25,3.41,8717693,0
CLOV.US,D,20190111,000000,3.40,3.41,3.29,3.32,10687305,0
CLOV.US,D,20190114,000000,3.33,3.35,3.32,3.34,9398213,0
CLOV.US,D,20190114,000000,3.35,3.46,3.35,3.41,7279001,0
CLOV.US,D,20190114,000000,3.44,3.44,3.38,3.39,5361066,0
CLOV.US,D,20190115,000000,3.43,3.44,3.41,3.42,9377459,0
CLOV.US,D,20190116,000000,3.41,3.45,3.39,3.44,9261999,0
CLOV.US,D,20190117,000000,3.45,3.45,3.36,3.38,4547634,0
CLOV.US,D,20190118,000000,3.39,3.48,3.38,3.47,8594663,0
CLOV.US,D,20190121,000000,3.44,3.45,3.32,3.35,5775774,0
CLOV.US,D,20190121,000000,3.37,3.38,3.22,3.23,4503437,0
CLOV.US,D,20190121,000000,3.23,3.24,3.21,3.24,5356959,0
CLOV.US,D,20190122,000000,3.19,3.30,3.19,3.26,4412853,0
CLOV.US,D,20190123,000000,3.27,3.28,3.23,3.24,6479160,0
CLOV.US,D,20190124,000000,3.27,3.29,3.18,3.23,7712441,0
CLOV.US,D,20190125,000000,3.25,3.25,3.15,3.16,4925059,0
CLOV.US,D,20190128,000000,3.16,3.21,3.15,3.20,9004670,0
CLOV.US,D,20190128,000000,3.19,3.21,3.19,3.20,8074214,0
CLOV.US,D,20190128,000000,3.20,3.20,3.18,3.19,10449390,0
CLOV.US,D,20190129,000000,3.18,3.25,3.16,3.24,10874241,0
CLOV.US,D,20190130,000000,3.25,3.31,3.24,3.28,9641398,0
CLOV.US,D,20190131,000000,3.28,3.29,3.25,3.25,4833693,0
CLOV.US,D,20190201,000000,3.25,3.28,3.23,3.26,11170685,0
CLOV.US,D,20190204,000000,3.28,3.34,3.27,3.32,11255030,0
CLOV.US,D,20190204,000000,3.33,3.34,3.27,3.29,8622455,0
CLOV.US,D,20190204,000000,3.28,3.31,3.27,3.30,4771819,0
CLOV.US,D,20190205,000000,3.30,3.32,3.30,3.32,11446993,0
CLOV.US,D,20190206,000000,3.31,3.35,3.31,3.34,5038464,0
CLOV.US,D,20190207,000000,3.34,3.36,3.33,3.35,9309418,0
CLOV.US,D,20190208,000000,3.35,3.37,3.31,3.31,6256611,0
CLOV.US,D,20190211,000000,3.32,3.36,3.31,3.35,5151104,0
CLOV.US,D,20190211,000000,3.35,3.42,3.35,3.41,5051350,0
CLOV.US,D,20190211,000000,3.41,3.48,3.38,3.45,9027706,0
CLOV.US,D,20190212,000000,3.45,3.47,3.42,3.42,6689518,0
CLOV.US,D,20190213,000000,3.42,3.46,3.41,3.45,8318851,0
CLOV.US,D,20190214,000000,3.46,3.47,3.43,3.43,10269466,0
CLOV.US,D,20190215,000000,3.44,3.48,3.44,3.48,8782790,0
CLOV.US,D,20190218,000000,3.47,3.50,3.47,3.49,4116045,0
CLOV.US,D,20190218,000000,3.50,3.55,3.49,3.54,11481691,0
CLOV.US,D,20190218,000000,3.55,3.55,3.54,3.55,5054568,0
CLOV.US,D,20190219,000000,3.57,3.63,3.55,3.61,10311441,0
CLOV.US,D,20190220,000000,3.63,3.64,3.60,3.61,5356914,0
CLOV.US,D,20190221,000000,3.61,3.69,3.60,3.65,4339854,0
CLOV.US,D,20190222,000000,3.65,3.65,3.64,3.64,7320471,0
CLOV.US,D,20190225,000000,3.65,3.65,3.55,3.59,4119315,0
CLOV.US,D,20190225,000000,3.60,3.61,3.53,3.55,6502180,0
CLOV.US,D,20190225,000000,3.54,3.55,3.54,3.54,11860751,0
CLOV.US,D,20190226,000000,3.55,3.56,3.53,3.55,6239587,0
CLOV.US,D,20190227,000000,3.55,3.60,3.53,3.58,10988801,0
CLOV.US,D,20190228,000000,3.59,3.59,3.46,3.48,8473253,0
CLOV.US,D,20190301,000000,3.48,3.49,3.48,3.49,11024922,0
CLOV.US,D,20190304,000000,3.48,3.52,3.48,3.51,4192393,0
CLOV.US,D,20190304,000000,3.50,3.51,3.50,3.50,10077970,0
CLOV.US,D,20190304,000000,3.52,3.53,3.44,3.45,6096321,0
CLOV.US,D,20190305,000000,3.42,3.48,3.42,3.45,8247189,0
CLOV.US,D,20190306,000000,3.44,3.49,3.42,3.49,8330515,0
CLOV.US,D,20190307,000000,3.50,3.52,3.43,3.45,11090739,0
CLOV.US,D,20190308,000000,3.44,3.51,3.44,3.50,4756132,0
CLOV.US,D,20190311,000000,3.51,3.59,3.49,3.56,8754785,0
CLOV.US,D,20190311,000000,3.54,3.59,3.53,3.59,4027475,0
CLOV.US,D,20190311,000000,3.60,3.69,3.58,3.65,11146116,0
CLOV.US,D,20190312,000000,3.65,3.65,3.64,3.64,9209865,0
CLOV.US,D,20190313,000000,3.65,3.68,3.65,3.68,7318290,0
CLOV.US,D,20190314,000000,3.67,3.72,3.67,3.70,11880637,0
CLOV.US,D,20190315,000000,3.70,3.74,3.70,3.72,8961520,0
CLOV.US,D,20190318,000000,3.72,3.74,3.72,3.74,10336567,0
CLOV.US,D,20190318,000000,3.74,3.74,3.73,3.73,8514755,0
CLOV.US,D,20190318,000000,3.71,3.75,3.71,3.74,5864927,0
CLOV.US,D,20190319,000000,3.73,3.76,3.72,3.74,7269017,0
CLOV.US,D,20190320,000000,3.74,3.78,3.73,3.77,11778098,0
CLOV.US,D,20190321,000000,3.77,3.80,3.76,3.80,4142241,0
CLOV.US,D,20190322,000000,3.79,3.87,3.79,3.84,5536863,0
CLOV.US,D,20190325,000000,3.84,3.85,3.75,3.78,10258422,0
CLOV.US,D,20190325,000000,3.79,3.84,3.79,3.82,7277963,0
CLOV.US,D,20190325,000000,3.84,3.85,3.82,3.82,6740072,0
CLOV.US,D,20190326,000000,3.83,3.83,3.81,3.81,11103501,0
CLOV.US,D,20190327,000000,3.83,3.84,3.73,3.73,9352341,0
CLOV.US,D,20190328,000000,3.74,3.75,3.70,3.71,10480359,0
CLOV.US,D,20190329,000000,3.72,3.73,3.69,3.70,5446534,0
CLOV.US,D,20190401,000000,3.69,3.71,3.66,3.67,6273771,0
CLOV.US,D,20190401,000000,3.65,3.70,3.64,3.69,7495434,0
CLOV.US,D,20190401,000000,3.70,3.71,3.70,3.71,9510927,0
CLOV.US,D,20190402,000000,3.73,3.74,3.70,3.70,10397406,0
CLOV.US,D,20190403,000000,3.69,3.73,3.69,3.72,9329598,0
CLOV.US,D,20190404,000000,3.68,3.69,3.64,3.67,5262277,0
CLOV.US,D,20190405,000000,3.68,3.83,3.68,3.79,4521126,0
CLOV.US,D,20190408,000000,3.78,3.88,3.77,3.88,5700277,0
CLOV.US,D,20190408,000000,3.87,3.94,3.84,3.92,10499000,0
CLOV.US,D,20190408,000000,3.92,4.00,3.90,3.97,8551825,0
CLOV.US,D,20190409,000000,3.97,3.98,3.96,3.98,10949895,0
CLOV.US,D,20190410,000000,3.95,3.99,3.95,3.97,5704341,0
CLOV.US,D,20190411,000000,3.97,3.98,3.91,3.91,10081145,0
CLOV.US,D,20190412,000000,3.90,3.91,3.88,3.88,6179034,0
CLOV.US,D,20190415,000000,3.88,3.90,3.88,3.89,11506648,0
CLOV.US,D,20190415,000000,3.89,3.90,3.89,3.89,8907453,0
CLOV.US,D,20190415,000000,3.89,3.92,3.88,3.91,5104053,0
CLOV.US,D,20190416,000000,3.90,3.91,3.90,3.91,10182291,0
CLOV.US,D,20190417,000000,3.91,3.95,3.89,3.94,7509844,0
CLOV.US,D,20190418,000000,3.95,3.95,3.91,3.92,10425117,0
CLOV.US,D,20190419,000000,3.92,3.92,3.89,3.89,7609841,0
CLOV.US,D,20190422,000000,3.91,3.92,3.89,3.92,9178379,0
CLOV.US,D,20190422,000000,3.91,4.02,3.89,3.99,9538826,0
CLOV.US,D,20190422,000000,3.99,4.08,3.98,4.04,8128853,0
CLOV.US,D,20190423,000000,4.01,4.14,4.01,4.08,10914210,0
CLOV.US,D,20190424,000000,4.07,4.20,4.07,4.17,13884670,0
CLOV.US,D,20190425,000000,4.14,4.33,4.12,4.24,20484879,0
CLOV.US,D,20190426,000000,4.21,4.34,4.20,4.30,12849030,0
CLOV.US,D,20190429,000000,4.28,4.37,4.27,4.35,13853073,0
CLOV.US,D,20190429,000000,4.37,4.46,4.37,4.44,15829877,0
CLOV.US,D,20190429,000000,4.44,4.67,4.42,4.54,11919642,0
CLOV.US,D,20190430,000000,4.50,4.73,4.50,4.66,12553770,0
CLOV.US,D,20190501,000000,4.68,4.83,4.66,4.79,25269552,0
CLOV.US,D,20190502,000000,4.83,4.94,4.79,4.90,26524884,0
CLOV.US,D,20190503,000000,4.94,5.02,4.93,5.01,25683870,0
CLOV.US,D,20190506,000000,5.04,5.14,5.03,5.12,25835317,0
CLOV.US,D,20190506,000000,5.11,5.30,5.10,5.24,22539649,0
CLOV.US,D,20190506,000000,5.23,5.41,5.17,5.40,21000860,0
CLOV.US,D,20190507,000000,5.49,5.60,5.44,5.58,15502765,0
CLOV.US,D,20190508,000000,5.60,5.76,5.60,5.76,27134564,0
CLOV.US,D,20190509,000000,5.88,5.93,5.87,5.88,20418598,0
CLOV.US,D,20190510,000000,5.87,6.04,5.85,6.02,24096435,0
CLOV.US,D,20190513,000000,5.98,6.22,5.93,6.18,12902778,0
CLOV.US,D,20190513,000000,6.11,6.33,6.09,6.30,12469276,0
CLOV.US,D,20190513,000000,6.39,6.54,6.32,6.48,13342608,0
CLOV.US,D,20190514,000000,6.29,6.70,6.17,6.70,32366348,0
CLOV.US,D,20190515,000000,6.63,6.96,6.59,6.91,33741983,0
CLOV.US,D,20190516,000000,6.83,7.15,6.78,7.13,12805144,0
CLOV.US,D,20190517,000000,7.16,7.36,7.12,7.35,23899362,0
CLOV.US,D,20190520,000000,7.35,7.78,7.35,7.59,19151413,0
CLOV.US,D,20190520,000000,7.57,7.97,7.50,7.83,24801153,0
CLOV.US,D,20190520,000000,7.80,7.94,7.73,7.92,17269297,0
CLOV.US,D,20190521,000000,8.01,8.14,8.01,8.11,12048611,0
CLOV.US,D,20190522,000000,8.10,8.17,8.04,8.17,7425199,0
CLOV.US,D,20190523,000000,8.13,8.26,8.12,8.24,13297986,0
CLOV.US,D,20190524,000000,8.27,8.52,8.20,8.48,14464037,0
CLOV.US,D,20190527,000000,8.44,8.82,8.39,8.65,8843734,0
CLOV.US,D,20190527,000000,8.77,8.81,8.76,8.79,16079954,0
CLOV.US,D,20190527,000000,8.77,9.18,8.74,9.02,11572740,0
CLOV.US,D,20190528,000000,8.91,9.22,8.80,9.17,21286394,0
CLOV.US,D,20190529,000000,9.13,9.47,9.06,9.39,24475239,0
CLOV.US,D,20190530,000000,9.32,9.67,9.28,9.58,9728102,0
CLOV.US,D,20190531,000000,9.59,9.87,9.55,9.80,23519152,0
CLOV.US,D,20190603,000000,9.80,10.06,9.78,9.98,16060526,0
CLOV.US,D,20190603,000000,9.89,10.38,9.86,10.18,11435186,0
CLOV.US,D,20190603,000000,10.35,10.49,10.33,10.47,20068856,0
CLOV.US,D,20190604,000000,10.46,10.84,10.43,10.81,24652987,0
CLOV.US,D,20190605,000000,10.78,11.18,10.66,11.11,12375609,0
CLOV.US,D,20190606,000000,10.95,11.62,10.70,11.46,17082835,0
CLOV.US,D,20190607,000000,11.41,11.96,11.33,11.85,12494114,0
CLOV.US,D,20190610,000000,11.82,12.31,11.64,12.10,11619669,0
CLOV.US,D,20190610,000000,11.93,12.40,11.84,12.33,14542970,0
CLOV.US,D,20190610,000000,12.29,12.76,12.27,12.73,21386993,0
CLOV.US,D,20190611,000000,12.60,13.26,12.34,13.10,15938755,0
CLOV.US,D,20190612,000000,13.22,13.78,13.07,13.56,16900504,0
CLOV.US,D,20190613,000000,13.78,13.97,13.78,13.95,27788555,0
CLOV.US,D,20190614,000000,13.86,15.14,13.72,14.44,22815979,0
CLOV.US,D,20190617,000000,14.36,15.13,14.34,14.92,33370492,0
CLOV.US,D,20190617,000000,15.14,15.49,15.09,15.39,23880991,0
CLOV.US,D,20190617,000000,15.29,16.10,15.26,15.92,21146237,0
CLOV.US,D,20190618,000000,15.89,16.49,15.83,16.40,36358664,0
CLOV.US,D,20190619,000000,16.33,17.04,16.27,16.99,32811473,0
CLOV.US,D,20190620,000000,17.19,17.73,17.15,17.51,20260363,0
CLOV.US,D,20190621,000000,17.83,18.24,17.80,18.11,39532016,0
CLOV.US,D,20190624,000000,18.31,18.34,18.30,18.34,13921116,0
CLOV.US,D,20190624,000000,18.36,18.73,18.36,18.68,13017916,0
CLOV.US,D,20190624,000000,18.64,19.24,18.53,19.21,20086318,0
CLOV.US,D,20190625,000000,19.27,19.70,19.10,19.67,22780536,0
CLOV.US,D,20190626,000000,19.70,20.42,19.63,20.07,15587745,0
CLOV.US,D,20190627,000000,20.27,21.45,20.21,20.69,12291904,0
CLOV.US,D,20190628,000000,20.78,21.56,20.78,21.14,16776856,0
CLOV.US,D,20190701,000000,21.32,21.96,21.27,21.69,21818757,0
CLOV.US,D,20190701,000000,21.51,22.94,21.49,22.19,23557824,0
CLOV.US,D,20190701,000000,21.85,22.87,21.81,22.67,14948188,0
CLOV.US,D,20190702,000000,22.62,23.53,22.58,23.28,22404346,0
CLOV.US,D,20190703,000000,23.39,24.19,23.35,23.96,11632021,0
CLOV.US,D,20190704,000000,23.48,25.32,23.16,24.74,19390447,0
CLOV.US,D,20190705,000000,24.52,26.06,24.26,25.58,14346861,0
CLOV.US,D,20190708,000000,25.65,26.55,25.59,26.52,12168993,0
CLOV.US,D,20190708,000000,26.46,27.55,26.28,27.21,32995012,0
CLOV.US,D,20190708,000000,27.71,28.15,27.67,28.04,35694857,0
CLOV.US,D,20190709,000000,27.58,29.37,27.36,28.78,18738114,0
CLOV.US,D,20190710,000000,28.28,30.02,28.02,29.70,31964256,0
CLOV.US,D,20190711,000000,29.32,30.75,28.74,30.44,26062445,0
CLOV.US,D,20190712,000000,30.00,32.57,29.36,31.31,39347931,0
CLOV.US,D,20190715,000000,31.44,32.26,31.34,31.88,10847558,0
CLOV.US,D,20190715,000000,31.75,32.58,31.66,32.24,4694606,0
CLOV.US,D,20190715,000000,31.86,32.25,31.68,32.18,5997217,0
CLOV.US,D,20190716,000000,32.87,33.33,29.78,30.52,4976383,0
CLOV.US,D,20190717,000000,29.85,30.04,27.96,28.99,7547482,0
CLOV.US,D,20190718,000000,29.57,29.61,29.56,29.61,8718764,0
CLOV.US,D,20190719,000000,28.73,29.39,28.64,29.33,6364626,0
CLOV.US,D,20190722,000000,29.75,29.81,28.81,29.14,5526901,0
CLOV.US,D,20190722,000000,29.05,29.38,29.02,29.27,7146260,0
CLOV.US,D,20190722,000000,29.62,29.74,27.59,28.11,7749773,0
CLOV.US,D,20190723,000000,27.83,28.37,27.16,27.24,10516743,0
CLOV.US,D,20190724,000000,27.16,27.27,26.48,26.63,5647429,0
CLOV.US,D,20190725,000000,26.82,30.51,25.99,29.64,10319261,0
CLOV.US,D,20190726,000000,29.56,30.07,27.86,28.08,6905234,0
CLOV.US,D,20190729,000000,27.51,28.08,27.40,27.98,10931159,0
CLOV.US,D,20190729,000000,28.42,30.08,28.10,29.92,4386857,0
CLOV.US,D,20190729,000000,30.04,30.43,30.00,30.29,10231360,0
CLOV.US,D,20190730,000000,30.31,30.49,29.44,29.75,6838839,0
CLOV.US,D,20190731,000000,30.00,31.50,29.46,31.02,5525625,0
CLOV.US,D,20190801,000000,31.35,34.40,31.07,33.23,11749799,0
CLOV.US,D,20190802,000000,33.45,33.81,31.76,32.08,5088197,0
CLOV.US,D,20190805,000000,30.75,32.77,30.73,31.77,4694535,0
CLOV.US,D,20190805,000000,31.82,33.94,31.25,33.50,8271383,0
CLOV.US,D,20190805,000000,33.18,33.37,31.33,31.75,7559526,0
CLOV.US,D,20190806,000000,32.60,32.86,31.71,32.09,4204806,0
CLOV.US,D,20190807,000000,32.01,33.37,31.85,32.91,9216255,0
CLOV.US,D,20190808,000000,32.68,33.32,31.66,31.73,8170796,0
CLOV.US,D,20190809,000000,31.22,31.28,30.65,30.72,27132639,0
CLOV.US,D,20190812,000000,31.04,31.05,28.85,29.33,21635469,0
CLOV.US,D,20190812,000000,30.69,31.39,24.65,27.82,23954730,0
CLOV.US,D,20190812,000000,27.34,28.16,24.82,26.20,42969447,0
CLOV.US,D,20190813,000000,27.03,27.18,24.30,24.51,35002767,0
CLOV.US,D,20190814,000000,25.41,27.64,25.05,26.92,7510376,0
CLOV.US,D,20190815,000000,26.39,26.56,24.47,24.77,7895714,0
CLOV.US,D,20190816,000000,25.31,26.07,23.66,23.99,11650548,0
CLOV.US,D,20190819,000000,23.00,23.04,22.66,22.87,8044187,0
CLOV.US,D,20190819,000000,22.76,23.18,21.81,22.10,19740140,0
CLOV.US,D,20190819,000000,21.78,21.78,21.27,21.35,13238174,0
CLOV.US,D,20190820,000000,21.38,21.42,20.29,20.54,37291708,0
CLOV.US,D,20190821,000000,20.51,20.93,19.47,19.48,38491271,0
CLOV.US,D,20190822,000000,18.40,18.55,18.36,18.55,23276180,0
CLOV.US,D,20190823,000000,19.26,20.85,16.63,17.58,19751696,0
CLOV.US,D,20190826,000000,17.48,17.83,15.87,16.32,30861497,0
CLOV.US,D,20190826,000000,17.18,17.48,15.52,15.54,44738602,0
CLOV.US,D,20190826,000000,15.86,17.22,15.83,17.05,5920339,0
CLOV.US,D,20190827,000000,16.94,17.59,13.62,14.36,8061891,0
CLOV.US,D,20190828,000000,13.96,13.97,13.08,13.15,10965791,0
CLOV.US,D,20190829,000000,13.21,14.12,12.96,13.88,7043876,0
CLOV.US,D,20190830,000000,13.96,16.19,13.80,15.62,9021972,0
CLOV.US,D,20190902,000000,15.44,15.48,15.08,15.18,10131189,0
CLOV.US,D,20190902,000000,15.46,16.43,13.84,13.99,7064304,0
CLOV.US,D,20190902,000000,13.75,15.15,13.68,15.04,11402188,0
CLOV.US,D,20190903,000000,14.58,15.23,14.56,14.96,9438481,0
CLOV.US,D,20190904,000000,15.52,17.71,15.07,16.85,5229038,0
CLOV.US,D,20190905,000000,17.68,18.39,17.57,18.31,6870621,0
CLOV.US,D,20190906,000000,18.41,19.57,18.16,19.08,4088847,0
CLOV.US,D,20190909,000000,19.50,19.52,19.16,19.24,9508469,0
CLOV.US,D,20190909,000000,19.29,20.16,19.01,20.02,7830415,0
CLOV.US,D,20190909,000000,20.23,20.26,18.53,19.06,4456020,0
CLOV.US,D,20190910,000000,19.51,19.90,17.39,17.82,5498653,0
CLOV.US,D,20190911,000000,17.12,17.89,13.72,14.63,8792079,0
CLOV.US,D,20190912,000000,14.99,15.47,14.91,15.31,5367382,0
CLOV.US,D,20190913,000000,15.07,18.00,14.92,17.87,8794933,0
CLOV.US,D,20190916,000000,17.92,18.11,17.58,17.67,9910613,0
CLOV.US,D,20190916,000000,17.82,18.52,17.63,18.28,9519300,0
CLOV.US,D,20190916,000000,18.57,20.27,18.20,19.95,4160246,0
CLOV.US,D,20190917,000000,19.35,20.88,13.87,16.35,10344037,0
CLOV.US,D,20190918,000000,16.19,16.73,16.02,16.71,10400700,0
CLOV.US,D,20190919,000000,16.95,17.62,16.77,17.45,11390496,0
CLOV.US,D,20190920,000000,17.01,18.68,16.46,18.42,10886035,0
CLOV.US,D,20190923,000000,17.73,19.53,17.19,19.35,8168792,0
CLOV.US,D,20190923,000000,18.91,19.00,18.16,18.73,6305924,0
CLOV.US,D,20190923,000000,18.77,18.95,18.42,18.45,10474063,0
CLOV.US,D,20190924,000000,18.82,18.97,18.76,18.94,10299096,0
CLOV.US,D,20190925,000000,18.61,20.10,17.79,19.71,7880869,0
CLOV.US,D,20190926,000000,19.08,21.94,18.97,21.86,9797094,0
CLOV.US,D,20190927,000000,21.90,22.56,19.76,20.52,4135560,0
CLOV.US,D,20190930,000000,20.43,20.59,20.33,20.54,6148433,0
CLOV.US,D,20190930,000000,21.21,21.24,19.67,20.63,8623271,0
CLOV.US,D,20190930,000000,20.33,22.66,19.61,21.03,5723251,0
CLOV.US,D,20191001,000000,21.72,21.78,21.50,21.50,4137544,0
CLOV.US,D,20191002,000000,21.86,22.10,21.78,22.08,8517355,0
CLOV.US,D,20191003,000000,21.43,22.31,21.43,22.16,7797575,0
CLOV.US,D,20191004,000000,21.67,21.82,20.92,21.11,8403620,0
CLOV.US,D,20191007,000000,20.56,23.16,20.25,23.09,8157045,0
CLOV.US,D,20191007,000000,23.11,23.38,21.23,22.25,11376360,0
CLOV.US,D,20191007,000000,22.84,22.91,21.89,21.98,10074651,0
CLOV.US,D,20191008,000000,21.98,22.03,21.46,21.62,6908766,0
CLOV.US,D,20191009,000000,21.40,22.79,21.15,22.20,5732166,0
CLOV.US,D,20191010,000000,22.52,22.52,21.62,21.79,6331511,0
CLOV.US,D,20191011,000000,21.95,23.23,21.46,22.39,11311694,0
CLOV.US,D,20191014,000000,22.40,22.90,22.22,22.74,10309494,0
CLOV.US,D,20191014,000000,22.13,25.38,21.64,24.79,5214259,0
CLOV.US,D,20191014,000000,24.87,27.07,24.85,26.83,11061970,0
CLOV.US,D,20191015,000000,26.45,30.24,26.30,29.03,5160961,0
CLOV.US,D,20191016,000000,28.87,33.30,27.32,32.11,10118575,0
CLOV.US,D,20191017,000000,32.12,32.17,31.11,31.28,6037592,0
CLOV.US,D,20191018,000000,31.42,31.49,28.54,29.68,11631998,0
CLOV.US,D,20191021,000000,29.64,31.12,29.33,30.93,5828105,0
CLOV.US,D,20191021,000000,31.17,33.55,30.80,33.06,7026366,0
CLOV.US,D,20191021,000000,33.39,35.15,31.46,31.56,5667866,0
CLOV.US,D,20191022,000000,31.04,31.40,31.00,31.32,11713568,0
CLOV.US,D,20191023,000000,31.01,32.08,30.95,31.48,11564687,0
CLOV.US,D,20191024,000000,31.44,31.52,31.19,31.40,5937509,0
CLOV.US,D,20191025,000000,31.81,32.09,28.44,29.39,9106586,0
CLOV.US,D,20191028,000000,28.61,30.05,27.33,28.06,8686459,0
CLOV.US,D,20191028,000000,29.04,29.82,26.52,27.52,6930099,0
CLOV.US,D,20191028,000000,27.44,27.59,26.59,26.74,5944482,0
CLOV.US,D,20191029,000000,27.11,29.23,26.95,29.21,8373284,0
CLOV.US,D,20191030,000000,27.97,28.04,27.09,27.90,9794105,0
CLOV.US,D,20191031,000000,28.44,28.57,28.11,28.26,7304985,0
CLOV.US,D,20191101,000000,29.35,31.07,29.22,30.37,10868293,0
CLOV.US,D,20191104,000000,29.82,32.04,29.57,31.63,4892343,0
CLOV.US,D,20191104,000000,31.97,33.13,25.99,28.64,11536296,0
CLOV.US,D,20191104,000000,27.42,27.70,25.36,25.50,6494361,0
CLOV.US,D,20191105,000000,24.62,27.17,24.21,26.25,11870446,0
CLOV.US,D,20191106,000000,26.33,26.94,25.85,25.93,9683542,0
CLOV.US,D,20191107,000000,25.94,26.00,24.44,24.50,11011867,0
CLOV.US,D,20191108,000000,23.98,26.13,23.06,25.56,10404730,0
CLOV.US,D,20191111,000000,26.18,29.62,25.68,28.12,11016000,0
CLOV.US,D,20191111,000000,28.86,30.34,23.27,24.70,5007425,0
CLOV.US,D,20191111,000000,24.75,25.51,20.18,20.75,6009336,0
CLOV.US,D,20191112,000000,20.78,21.20,20.66,21.06,11534898,0
CLOV.US,D,20191113,000000,21.90,22.19,21.42,21.61,5310105,0
CLOV.US,D,20191114,000000,20.94,23.27,20.80,22.68,10372383,0
CLOV.US,D,20191115,000000,22.75,24.02,22.54,23.02,6071386,0
CLOV.US,D,20191118,000000,23.12,24.21,22.92,23.94,5722488,0
CLOV.US,D,20191118,000000,23.97,24.01,23.63,23.73,7870604,0
CLOV.US,D,20191118,000000,23.70,24.15,23.68,23.99,4584171,0
CLOV.US,D,20191119,000000,24.60,24.66,22.16,22.40,4540529,0
CLOV.US,D,20191120,000000,22.02,23.53,21.71,23.07,4115843,0
CLOV.US,D,20191121,000000,24.28,24.72,22.64,23.02,7372376,0
CLOV.US,D,20191122,000000,22.87,24.20,20.96,21.61,11948799,0
CLOV.US,D,20191125,000000,21.11,22.86,20.91,22.35,6677800,0
CLOV.US,D,20191125,000000,22.17,23.40,21.90,22.94,4667371,0
CLOV.US,D,20191125,000000,22.58,23.95,22.52,23.55,5231973,0
CLOV.US,D,20191126,000000,24.30,24.71,24.19,24.59,4584902,0
CLOV.US,D,20191127,000000,24.65,24.68,23.43,23.52,6783123,0
CLOV.US,D,20191128,000000,23.49,23.58,23.21,23.53,6050929,0
CLOV.US,D,20191129,000000,23.10,23.41,23.02,23.35,7755470,0
CLOV.US,D,20191202,000000,22.44,23.36,22.05,23.24,5034665,0
CLOV.US,D,20191202,000000,23.79,25.08,23.41,24.95,10840716,0
CLOV.US,D,20191202,000000,26.16,26.35,25.98,26.31,10463058,0
CLOV.US,D,20191203,000000,25.95,27.02,25.56,26.14,6479807,0
CLOV.US,D,20191204,000000,25.14,25.35,23.99,24.90,8824903,0
CLOV.US,D,20191205,000000,26.07,26.21,25.84,26.00,4444553,0
CLOV.US,D,20191206,000000,26.46,27.41,23.95,24.22,8276154,0
CLOV.US,D,20191209,000000,24.32,24.40,23.14,23.46,9280447,0
CLOV.US,D,20191209,000000,24.13,24.24,23.76,23.83,8264764,0
CLOV.US,D,20191209,000000,24.93,25.16,22.27,23.27,7362135,0
CLOV.US,D,20191210,000000,23.65,24.21,20.68,22.08,11305561,0
CLOV.US,D,20191211,000000,21.15,22.89,20.87,22.46,11807371,0
CLOV.US,D,20191212,000000,22.34,23.90,22.04,23.83,7349337,0
CLOV.US,D,20191213,000000,24.04,25.94,23.30,25.37,4001787,0
CLOV.US,D,20191216,000000,24.55,24.69,23.77,23.85,8162939,0
CLOV.US,D,20191216,000000,23.50,24.93,23.19,24.49,8536071,0
CLOV.US,D,20191216,000000,24.67,26.40,24.21,26.26,10939065,0
CLOV.US,D,20191217,000000,25.79,27.87,25.58,27.67,9907638,0
CLOV.US,D,20191218,000000,26.67,26.81,26.46,26.69,9488064,0
CLOV.US,D,20191219,000000,26.71,26.74,25.37,25.39,5281756,0
CLOV.US,D,20191220,000000,24.75,26.13,23.84,25.74,8324888,0
CLOV.US,D,20191223,000000,25.02,27.48,24.80,27.37,7990981,0
CLOV.US,D,20191223,000000,28.14,28.76,25.97,26.75,6876605,0
CLOV.US,D,20191223,000000,27.08,28.39,23.59,23.66,6605468,0
CLOV.US,D,20191224,000000,23.60,25.31,23.22,25.19,6676099,0
CLOV.US,D,20191225,000000,24.79,25.51,20.05,21.32,5179475,0
CLOV.US,D,20191226,000000,21.99,22.78,21.94,22.51,4144005,0
CLOV.US,D,20191227,000000,22.36,22.74,22.34,22.42,8589080,0
CLOV.US,D,20191230,000000,22.79,22.99,22.79,22.95,6825892,0
CLOV.US,D,20191230,000000,22.65,23.23,22.57,23.06,10458914,0
CLOV.US,D,20191230,000000,22.88,22.94,22.62,22.71,7174234,0
CLOV.US,D,20191231,000000,23.88,24.19,21.59,22.09,9245678,0
CLOV.US,D,20200101,000000,21.65,22.54,21.45,22.50,10462234,0
CLOV.US,D,20200102,000000,22.17,22.91,20.27,20.51,8483177,0
CLOV.US,D,20200103,000000,20.23,23.16,20.14,22.81,9028620,0
CLOV.US,D,20200106,000000,23.24,23.51,21.87,22.14,9467380,0
CLOV.US,D,20200106,000000,22.71,25.45,22.26,24.68,10270808,0
CLOV.US,D,20200106,000000,24.31,26.44,22.85,25.98,4339773,0
CLOV.US,D,20200107,000000,26.03,27.88,25.86,27.21,8241392,0
CLOV.US,D,20200108,000000,25.87,27.96,25.04,27.68,10055664,0
CLOV.US,D,20200109,000000,28.32,28.78,27.49,27.58,9728158,0
CLOV.US,D,20200110,000000,27.39,28.82,27.21,28.36,10976403,0
CLOV.US,D,20200113,000000,28.64,29.90,28.63,28.69,11835237,0
CLOV.US,D,20200113,000000,28.58,28.58,28.33,28.34,7807529,0
CLOV.US,D,20200113,000000,29.16,29.66,25.05,26.04,4448455,0
CLOV.US,D,20200114,000000,26.74,28.06,26.58,27.36,7967092,0
CLOV.US,D,20200115,000000,28.06,28.46,26.20,26.33,9816491,0
CLOV.US,D,20200116,000000,27.80,28.73,26.79,26.81,9746667,0
CLOV.US,D,20200117,000000,28.05,28.50,26.92,27.17,5939732,0
CLOV.US,D,20200120,000000,27.50,27.82,27.46,27.78,4668667,0
CLOV.US,D,20200120,000000,26.71,28.38,26.66,27.99,10095730,0
CLOV.US,D,20200120,000000,27.03,28.33,26.71,27.56,4067250,0
CLOV.US,D,20200121,000000,26.82,28.41,24.06,24.45,6801118,0
CLOV.US,D,20200122,000000,23.99,24.02,22.67,22.89,5632781,0
CLOV.US,D,20200123,000000,23.43,25.03,23.21,24.31,5050707,0
CLOV.US,D,20200124,000000,24.83,25.53,24.76,25.30,11766721,0
CLOV.US,D,20200127,000000,24.77,25.90,24.65,25.59,6835317,0
CLOV.US,D,20200127,000000,26.58,26.81,25.90,26.03,7864672,0
CLOV.US,D,20200127,000000,26.34,26.91,25.35,25.38,9261721,0
CLOV.US,D,20200128,000000,25.44,25.86,25.02,25.67,10941576,0
CLOV.US,D,20200129,000000,25.36,25.41,24.36,24.53,9600689,0
CLOV.US,D,20200130,000000,24.80,27.25,23.80,26.74,4740914,0
CLOV.US,D,20200131,000000,26.96,28.49,26.87,28.01,11750887,0
CLOV.US,D,20200203,000000,28.14,28.58,24.94,25.70,5799667,0
CLOV.US,D,20200203,000000,25.55,25.94,24.37,24.50,11509606,0
CLOV.US,D,20200203,000000,25.03,25.05,24.87,24.94,5107285,0
CLOV.US,D,20200204,000000,25.62,26.05,22.20,23.03,6658864,0
CLOV.US,D,20200205,000000,22.60,24.33,22.32,24.21,11113771,0
CLOV.US,D,20200206,000000,25.14,25.32,23.63,24.14,5931627,0
CLOV.US,D,20200207,000000,24.29,25.32,24.21,25.02,5123696,0
CLOV.US,D,20200210,000000,25.12,28.39,20.80,21.00,4603074,0
CLOV.US,D,20200210,000000,21.17,21.38,19.09,20.10,10554107,0
CLOV.US,D,20200210,000000,19.82,19.83,19.48,19.54,7635838,0
CLOV.US,D,20200211,000000,19.71,21.14,18.05,18.49,11376440,0
CLOV.US,D,20200212,000000,17.96,20.17,17.69,19.76,7456944,0
CLOV.US,D,20200213,000000,19.62,19.77,19.30,19.43,5174593,0
CLOV.US,D,20200214,000000,20.24,20.45,19.87,20.00,4520109,0
CLOV.US,D,20200217,000000,19.86,22.54,19.75,21.48,6359725,0
CLOV.US,D,20200217,000000,21.30,22.91,21.24,22.25,5610350,0
CLOV.US,D,20200217,000000,22.14,22.19,20.15,20.71,9163060,0
CLOV.US,D,20200218,000000,20.63,20.77,19.45,19.69,7613376,0
CLOV.US,D,20200219,000000,19.28,20.33,19.02,20.03,8235063,0
CLOV.US,D,20200220,000000,20.66,21.61,18.45,18.55,11754641,0
CLOV.US,D,20200221,000000,18.69,19.02,16.02,16.55,8926632,0
CLOV.US,D,20200224,000000,16.40,17.70,15.99,17.14,4357470,0
CLOV.US,D,20200224,000000,16.87,18.77,16.53,18.76,6007604,0
CLOV.US,D,20200224,000000,19.67,19.78,17.36,17.59,10913003,0
CLOV.US,D,20200225,000000,17.66,19.05,17.20,18.89,10638215,0
CLOV.US,D,20200226,000000,18.84,18.97,18.38,18.39,8671097,0
CLOV.US,D,20200227,000000,18.32,19.21,18.18,18.77,7973708,0
CLOV.US,D,20200228,000000,19.09,19.19,16.27,17.39,5994478,0
CLOV.US,D,20200302,000000,16.91,17.52,12.47,14.25,4494089,0
CLOV.US,D,20200302,000000,14.26,15.90,13.90,15.42,4429647,0
CLOV.US,D,20200302,000000,15.67,16.72,15.51,16.13,11974437,0
CLOV.US,D,20200303,000000,16.03,16.07,15.82,15.82,4069885,0
CLOV.US,D,20200304,000000,15.64,15.86,14.00,14.54,7333343,0
CLOV.US,D,20200305,000000,14.78,14.89,14.62,14.85,8589812,0
CLOV.US,D,20200306,000000,14.82,15.03,14.29,14.49,7956904,0
CLOV.US,D,20200309,000000,14.60,14.62,12.88,13.35,11814268,0
CLOV.US,D,20200309,000000,13.82,14.90,13.62,14.73,7339338,0
CLOV.US,D,20200309,000000,14.46,14.61,14.17,14.19,6610811,0
CLOV.US,D,20200310,000000,13.69,14.73,13.46,14.34,8857497,0
CLOV.US,D,20200311,000000,13.75,14.77,13.45,14.68,5468978,0
CLOV.US,D,20200312,000000,14.48,14.48,13.78,14.00,11906160,0
CLOV.US,D,20200313,000000,14.11,14.47,12.77,12.89,5762596,0
CLOV.US,D,20200316,000000,13.51,13.81,12.55,12.86,6764798,0
CLOV.US,D,20200316,000000,12.38,12.41,11.17,11.36,9838571,0
CLOV.US,D,20200316,000000,11.20,11.51,9.99,10.22,9073406,0
CLOV.US,D,20200317,000000,10.00,10.28,9.52,9.84,9926932,0
CLOV.US,D,20200318,000000,9.88,10.31,9.24,9.81,10480034,0
CLOV.US,D,20200319,000000,9.68,10.21,7.56,8.06,6432570,0
CLOV.US,D,20200320,000000,7.95,7.97,7.90,7.91,10817386,0
CLOV.US,D,20200323,000000,7.95,8.01,7.60,7.61,9213925,0
CLOV.US,D,20200323,000000,7.61,7.74,7.11,7.28,4493972,0
