<TICKER>,<PER>,<DATE>,<TIME>,<OPEN>,<HIGH>,<LOW>,<CLOSE>,<VOL>,<OPENINT>
COIN.US,D,20180102,000000,179.28,179.50,179.20,179.32,6365492,0
COIN.US,D,20180103,000000,179.12,185.27,178.31,183.86,8151929,0
COIN.US,D,20180104,000000,184.47,185.78,176.85,177.88,4383976,0
COIN.US,D,20180105,000000,176.87,177.15,174.15,175.44,7677167,0
COIN.US,D,20180108,000000,175.50,183.96,173.92,182.69,4563508,0
COIN.US,D,20180108,000000,182.94,183.06,181.98,182.41,3790734,0
COIN.US,D,20180108,000000,183.39,183.42,181.51,182.09,4168180,0
COIN.US,D,20180109,000000,182.02,182.21,179.28,179.77,5719967,0
COIN.US,D,20180110,000000,180.10,180.13,172.04,174.13,7245571,0
COIN.US,D,20180111,000000,175.92,178.54,164.46,167.21,5442601,0
COIN.US,D,20180112,000000,166.14,172.77,165.06,172.31,6027705,0
COIN.US,D,20180115,000000,173.03,174.08,169.74,170.32,8872067,0
COIN.US,D,20180115,000000,170.08,176.81,168.48,175.59,7910975,0
COIN.US,D,20180115,000000,176.21,180.12,175.76,179.75,3828912,0
COIN.US,D,20180116,000000,179.31,180.71,168.67,171.80,6640766,0
COIN.US,D,20180117,000000,171.69,172.81,169.50,169.78,5317272,0
COIN.US,D,20180118,000000,169.75,172.55,169.50,172.24,7343225,0
COIN.US,D,20180119,000000,173.04,173.59,160.83,166.00,8625960,0
COIN.US,D,20180122,000000,164.58,165.52,160.34,160.81,4232195,0
COIN.US,D,20180122,000000,161.90,162.17,161.58,161.98,8310452,0
COIN.US,D,20180122,000000,161.89,163.06,155.39,158.01,8537447,0
COIN.US,D,20180123,000000,156.97,157.44,156.74,156.75,8980565,0
COIN.US,D,20180124,000000,154.82,154.82,154.71,154.73,4482846,0
COIN.US,D,20180125,000000,154.79,157.65,145.61,148.42,3309731,0
COIN.US,D,20180126,000000,148.53,153.20,147.06,153.02,6935478,0
COIN.US,D,20180129,000000,153.15,154.13,148.67,149.55,8862717,0
COIN.US,D,20180129,000000,151.20,151.89,148.33,148.50,4268179,0
COIN.US,D,20180129,000000,147.96,148.28,146.23,146.67,7862578,0
COIN.US,D,20180130,000000,146.99,148.65,140.76,142.22,8671106,0
COIN.US,D,20180131,000000,140.28,150.35,140.03,147.75,6362550,0
COIN.US,D,20180201,000000,148.65,150.56,139.09,141.75,3464123,0
COIN.US,D,20180202,000000,140.37,140.99,139.11,139.62,6341846,0
COIN.US,D,20180205,000000,137.69,140.31,137.65,139.95,6765212,0
COIN.US,D,20180205,000000,140.47,140.61,132.12,135.41,6682884,0
COIN.US,D,20180205,000000,135.06,137.73,133.97,137.53,4161801,0
COIN.US,D,20180206,000000,137.23,139.77,136.78,138.97,5425131,0
COIN.US,D,20180207,000000,138.71,140.27,138.44,139.78,5236385,0
COIN.US,D,20180208,000000,138.65,145.49,137.79,143.10,7728268,0
COIN.US,D,20180209,000000,142.50,144.42,142.30,143.73,3594528,0
COIN.US,D,20180212,000000,143.74,143.90,142.54,142.64,5288387,0
COIN.US,D,20180212,000000,142.75,142.75,137.37,137.91,5881085,0
COIN.US,D,20180212,000000,137.47,138.22,135.30,135.49,5739653,0
COIN.US,D,20180213,000000,134.55,136.72,134.38,136.67,5725097,0
COIN.US,D,20180214,000000,136.45,139.90,135.10,139.22,8730913,0
COIN.US,D,20180215,000000,139.53,140.18,139.48,139.82,6772743,0
COIN.US,D,20180216,000000,140.33,141.60,140.15,141.47,5403130,0
COIN.US,D,20180219,000000,140.56,143.38,140.10,142.88,8176736,0
COIN.US,D,20180219,000000,143.01,143.02,140.40,140.44,6829390,0
COIN.US,D,20180219,000000,140.27,140.31,140.09,140.12,3718045,0
COIN.US,D,20180220,000000,140.39,140.96,137.02,138.51,3431815,0
COIN.US,D,20180221,000000,137.35,140.70,136.90,139.35,3498807,0
COIN.US,D,20180222,000000,138.82,139.61,137.98,139.16,7901784,0
COIN.US,D,20180223,000000,139.15,140.48,139.13,139.79,4325725,0
COIN.US,D,20180226,000000,138.71,141.27,138.57,140.82,3164368,0
COIN.US,D,20180226,000000,141.03,141.26,140.53,140.76,4431348,0
COIN.US,D,20180226,000000,140.97,141.82,140.67,141.30,3317886,0
COIN.US,D,20180227,000000,143.18,144.22,142.81,143.72,6696069,0
COIN.US,D,20180228,000000,143.07,143.83,138.78,139.72,8097216,0
COIN.US,D,20180301,000000,140.74,143.40,140.47,142.59,6987476,0
COIN.US,D,20180302,000000,142.35,142.78,141.62,142.10,3963876,0
COIN.US,D,20180305,000000,143.16,143.29,140.32,140.85,5421685,0
COIN.US,D,20180305,000000,141.22,141.23,134.53,135.69,4103353,0
COIN.US,D,20180305,000000,136.45,137.63,136.39,137.54,7731144,0
COIN.US,D,20180306,000000,138.42,147.55,135.91,144.00,8904350,0
COIN.US,D,20180307,000000,142.61,144.71,141.55,143.08,7890000,0
COIN.US,D,20180308,000000,142.66,143.48,141.13,141.89,7199047,0
COIN.US,D,20180309,000000,140.06,141.01,139.31,140.85,7800137,0
COIN.US,D,20180312,000000,141.03,142.39,134.71,136.37,4086468,0
COIN.US,D,20180312,000000,138.99,139.04,138.50,138.53,4204559,0
COIN.US,D,20180312,000000,138.53,140.18,134.54,136.55,8952856,0
COIN.US,D,20180313,000000,136.80,136.92,135.89,136.19,3787434,0
COIN.US,D,20180314,000000,135.83,135.93,132.38,133.58,8386226,0
COIN.US,D,20180315,000000,134.62,135.06,132.80,133.05,4648686,0
COIN.US,D,20180316,000000,133.82,136.55,127.76,128.87,8814891,0
COIN.US,D,20180319,000000,129.85,131.24,125.18,125.81,8484849,0
COIN.US,D,20180319,000000,126.73,127.08,124.49,125.39,6874219,0
COIN.US,D,20180319,000000,124.88,128.64,124.54,127.75,6013929,0
COIN.US,D,20180320,000000,127.92,129.96,127.10,129.81,8944822,0
COIN.US,D,20180321,000000,130.10,130.74,126.36,126.84,3627076,0
COIN.US,D,20180322,000000,127.55,128.39,125.65,125.90,8459020,0
COIN.US,D,20180323,000000,126.63,127.56,122.44,123.76,6382390,0
COIN.US,D,20180326,000000,124.16,129.00,123.41,127.13,6715422,0
COIN.US,D,20180326,000000,127.61,127.67,127.37,127.41,6842087,0
COIN.US,D,20180326,000000,127.78,129.92,126.79,129.89,5858356,0
COIN.US,D,20180327,000000,130.71,130.72,125.52,127.25,4300770,0
COIN.US,D,20180328,000000,125.98,129.61,124.91,129.02,5149001,0
COIN.US,D,20180329,000000,130.00,130.33,129.22,129.72,4671151,0
COIN.US,D,20180330,000000,131.59,132.89,131.28,132.39,4101305,0
COIN.US,D,20180402,000000,132.64,133.52,128.69,130.26,4444676,0
COIN.US,D,20180402,000000,129.10,130.59,125.83,126.33,3909148,0
COIN.US,D,20180402,000000,126.42,126.64,125.32,125.45,8779891,0
COIN.US,D,20180403,000000,124.87,129.17,124.17,128.24,3292236,0
COIN.US,D,20180404,000000,126.14,126.48,125.29,125.44,3376637,0
COIN.US,D,20180405,000000,125.31,125.43,122.47,123.52,4391528,0
COIN.US,D,20180406,000000,124.70,128.36,124.61,126.90,7306190,0
COIN.US,D,20180409,000000,127.24,133.79,126.98,132.94,4205089,0
COIN.US,D,20180409,000000,133.76,134.93,133.67,134.60,8599744,0
COIN.US,D,20180409,000000,132.63,141.72,130.67,138.97,7657551,0
COIN.US,D,20180410,000000,139.18,139.38,137.36,138.07,3238936,0
COIN.US,D,20180411,000000,138.81,139.11,134.78,135.10,7283440,0
COIN.US,D,20180412,000000,132.82,133.67,125.65,125.94,7248064,0
COIN.US,D,20180413,000000,125.31,128.46,124.26,127.20,8376116,0
COIN.US,D,20180416,000000,129.01,129.13,127.53,127.84,4351611,0
COIN.US,D,20180416,000000,128.77,130.37,128.45,129.69,4818328,0
COIN.US,D,20180416,000000,132.29,132.39,132.24,132.38,3440019,0
COIN.US,D,20180417,000000,133.23,133.30,123.44,124.20,3217336,0
COIN.US,D,20180418,000000,124.80,132.36,124.55,130.44,3555880,0
COIN.US,D,20180419,000000,130.70,138.70,128.76,137.38,6181616,0
COIN.US,D,20180420,000000,136.01,136.77,135.92,136.35,6219418,0
COIN.US,D,20180423,000000,136.74,141.65,136.54,141.63,3221059,0
COIN.US,D,20180423,000000,142.93,142.98,140.14,142.43,7226589,0
COIN.US,D,20180423,000000,144.07,144.71,143.84,144.21,6080374,0
COIN.US,D,20180424,000000,146.35,147.33,144.40,144.81,6734393,0
COIN.US,D,20180425,000000,144.75,145.86,144.57,145.56,7082343,0
COIN.US,D,20180426,000000,145.42,145.60,143.26,143.26,6774136,0
COIN.US,D,20180427,000000,143.10,143.19,140.46,140.88,5396345,0
COIN.US,D,20180430,000000,140.45,143.05,133.14,133.93,5911573,0
COIN.US,D,20180430,000000,134.04,135.57,133.79,134.66,3295991,0
COIN.US,D,20180430,000000,135.86,137.33,135.36,136.86,8409989,0
COIN.US,D,20180501,000000,136.09,145.15,133.01,142.57,3957263,0
COIN.US,D,20180502,000000,140.53,144.35,139.46,143.66,4863868,0
COIN.US,D,20180503,000000,143.70,151.17,142.10,148.91,4824058,0
COIN.US,D,20180504,000000,147.15,147.65,137.43,142.05,3229892,0
COIN.US,D,20180507,000000,144.91,147.06,144.48,146.56,3423888,0
COIN.US,D,20180507,000000,144.70,146.55,140.72,142.57,3268792,0
COIN.US,D,20180507,000000,140.48,148.50,136.71,147.89,3830577,0
COIN.US,D,20180508,000000,148.77,151.08,148.66,150.47,3792877,0
COIN.US,D,20180509,000000,150.45,152.84,150.40,152.75,3476028,0
COIN.US,D,20180510,000000,152.75,153.45,152.54,153.42,4288358,0
COIN.US,D,20180511,000000,154.11,156.22,146.23,147.29,3511792,0
COIN.US,D,20180514,000000,146.30,146.45,144.75,145.18,5831013,0
COIN.US,D,20180514,000000,145.96,146.39,143.79,144.76,6437706,0
COIN.US,D,20180514,000000,145.13,145.57,142.11,142.22,3312896,0
COIN.US,D,20180515,000000,144.29,144.38,143.83,144.05,6861817,0
COIN.US,D,20180516,000000,144.62,151.48,143.33,149.94,8092261,0
COIN.US,D,20180517,000000,149.92,150.78,149.30,150.13,6520279,0
COIN.US,D,20180518,000000,151.01,151.40,150.56,150.98,6129693,0
COIN.US,D,20180521,000000,151.63,155.52,150.08,155.22,5212223,0
COIN.US,D,20180521,000000,155.84,159.02,154.64,158.84,5891408,0
COIN.US,D,20180521,000000,157.79,158.16,153.50,155.23,5577686,0
COIN.US,D,20180522,000000,154.22,158.94,152.99,158.00,6553379,0
COIN.US,D,20180523,000000,157.27,157.28,156.96,157.05,7930546,0
COIN.US,D,20180524,000000,156.21,156.29,154.61,155.20,5946768,0
COIN.US,D,20180525,000000,155.96,157.64,149.52,151.16,5713697,0
COIN.US,D,20180528,000000,152.61,154.07,152.25,153.24,4286794,0
COIN.US,D,20180528,000000,151.01,153.38,148.24,148.95,3383738,0
COIN.US,D,20180528,000000,146.71,154.42,145.50,154.20,4696714,0
COIN.US,D,20180529,000000,155.66,155.73,151.84,152.65,4117884,0
COIN.US,D,20180530,000000,153.97,156.95,153.89,155.38,4671162,0
COIN.US,D,20180531,000000,156.32,156.71,140.88,147.75,8760525,0
COIN.US,D,20180601,000000,147.86,154.94,145.83,151.95,5816105,0
COIN.US,D,20180604,000000,152.20,159.58,151.80,157.36,5582212,0
COIN.US,D,20180604,000000,157.54,162.08,156.54,161.63,6630783,0
COIN.US,D,20180604,000000,161.17,163.38,146.91,153.44,6880364,0
COIN.US,D,20180605,000000,154.62,154.98,150.61,152.26,6727119,0
COIN.US,D,20180606,000000,155.01,157.26,145.81,149.65,3872157,0
COIN.US,D,20180607,000000,149.18,162.40,148.93,158.76,4661558,0
COIN.US,D,20180608,000000,161.80,163.25,161.55,162.76,7936197,0
COIN.US,D,20180611,000000,162.55,166.60,154.35,157.95,8981201,0
COIN.US,D,20180611,000000,155.96,161.36,155.62,159.91,4572899,0
COIN.US,D,20180611,000000,159.56,160.47,157.03,158.41,5123087,0
COIN.US,D,20180612,000000,159.62,176.88,155.72,172.27,3642179,0
COIN.US,D,20180613,000000,171.52,173.22,168.64,168.95,4843913,0
COIN.US,D,20180614,000000,170.17,179.78,168.86,179.59,8599022,0
COIN.US,D,20180615,000000,179.52,184.17,176.89,182.59,5336413,0
COIN.US,D,20180618,000000,183.45,184.32,180.23,181.33,3847059,0
COIN.US,D,20180618,000000,181.26,185.45,180.01,185.31,7986903,0
COIN.US,D,20180618,000000,185.54,190.92,185.01,189.92,7462038,0
COIN.US,D,20180619,000000,193.00,194.29,188.44,189.83,6944188,0
COIN.US,D,20180620,000000,189.65,189.99,188.04,189.21,4907812,0
COIN.US,D,20180621,000000,187.82,196.11,185.27,195.39,3039271,0
COIN.US,D,20180622,000000,195.47,197.03,191.51,192.58,4084464,0
COIN.US,D,20180625,000000,191.31,197.04,191.25,195.55,6064733,0
COIN.US,D,20180625,000000,196.82,199.42,195.33,198.61,8513114,0
COIN.US,D,20180625,000000,197.34,197.91,192.28,192.56,8769581,0
COIN.US,D,20180626,000000,192.59,196.62,191.25,195.72,7591226,0
COIN.US,D,20180627,000000,194.20,194.36,191.14,192.63,6696740,0
COIN.US,D,20180628,000000,192.42,193.97,192.08,192.95,6339744,0
COIN.US,D,20180629,000000,192.93,193.93,191.52,191.53,4740983,0
COIN.US,D,20180702,000000,190.41,190.83,190.32,190.65,3141536,0
COIN.US,D,20180702,000000,190.05,190.09,188.88,189.97,5287130,0
COIN.US,D,20180702,000000,191.53,191.77,190.43,190.50,6095466,0
COIN.US,D,20180703,000000,189.63,197.20,188.75,194.22,3119421,0
COIN.US,D,20180704,000000,194.07,194.44,188.57,188.99,3534044,0
COIN.US,D,20180705,000000,190.14,196.24,189.66,194.86,4288911,0
COIN.US,D,20180706,000000,194.97,195.37,192.25,193.07,6183745,0
COIN.US,D,20180709,000000,190.35,194.46,189.08,192.60,6976918,0
COIN.US,D,20180709,000000,195.93,197.15,190.90,192.78,8878045,0
COIN.US,D,20180709,000000,192.69,195.67,182.36,187.14,3421650,0
COIN.US,D,20180710,000000,187.78,188.00,184.63,184.81,6254188,0
COIN.US,D,20180711,000000,185.57,185.58,183.92,184.12,6860289,0
COIN.US,D,20180712,000000,183.48,186.13,183.27,185.32,7494823,0
COIN.US,D,20180713,000000,186.25,190.88,185.16,190.71,3779129,0
COIN.US,D,20180716,000000,190.93,191.51,186.28,186.73,3512632,0
COIN.US,D,20180716,000000,185.64,191.52,185.44,189.73,8264580,0
COIN.US,D,20180716,000000,189.82,190.30,189.66,189.91,4204220,0
COIN.US,D,20180717,000000,190.06,190.08,189.94,189.98,6472920,0
COIN.US,D,20180718,000000,190.36,190.47,188.32,188.60,8532137,0
COIN.US,D,20180719,000000,188.51,190.49,188.26,189.41,6325634,0
COIN.US,D,20180720,000000,190.02,190.42,187.28,187.98,5770085,0
COIN.US,D,20180723,000000,188.43,190.45,187.81,190.19,6318902,0
COIN.US,D,20180723,000000,191.86,192.29,190.39,191.08,7661571,0
COIN.US,D,20180723,000000,191.40,192.03,188.69,189.22,6139355,0
COIN.US,D,20180724,000000,188.90,194.33,187.94,192.37,4186555,0
COIN.US,D,20180725,000000,193.16,193.20,186.72,187.44,3758543,0
COIN.US,D,20180726,000000,187.03,187.29,184.78,184.84,4703005,0
COIN.US,D,20180727,000000,184.93,185.03,183.27,183.71,3175435,0
COIN.US,D,20180730,000000,184.22,184.36,182.97,183.09,4986415,0
COIN.US,D,20180730,000000,181.94,182.57,181.91,182.45,8133537,0
COIN.US,D,20180730,000000,182.36,182.64,182.30,182.57,3551281,0
COIN.US,D,20180731,000000,182.71,185.14,174.93,176.47,5868534,0
COIN.US,D,20180801,000000,176.52,180.10,175.87,178.87,3788738,0
COIN.US,D,20180802,000000,178.38,183.47,178.10,180.44,8549500,0
COIN.US,D,20180803,000000,180.83,181.38,180.54,181.35,4152196,0
COIN.US,D,20180806,000000,181.87,182.25,181.00,181.32,8465669,0
COIN.US,D,20180806,000000,181.17,185.47,180.90,184.38,8721509,0
COIN.US,D,20180806,000000,184.16,184.35,182.76,182.96,5619361,0
COIN.US,D,20180807,000000,183.36,183.57,183.01,183.01,8474576,0
COIN.US,D,20180808,000000,182.77,183.54,182.74,183.32,8836552,0
COIN.US,D,20180809,000000,183.54,184.91,183.24,184.15,6850894,0
COIN.US,D,20180810,000000,183.98,183.98,183.80,183.84,5453670,0
COIN.US,D,20180813,000000,183.76,183.79,182.38,183.06,8745241,0
COIN.US,D,20180813,000000,182.81,184.23,182.59,183.56,4929842,0
COIN.US,D,20180813,000000,183.87,184.83,180.13,181.80,8095303,0
COIN.US,D,20180814,000000,181.89,182.36,180.09,180.82,7663327,0
COIN.US,D,20180815,000000,181.14,182.17,181.11,182.08,8936817,0
COIN.US,D,20180816,000000,181.65,181.82,181.59,181.78,7915813,0
COIN.US,D,20180817,000000,181.47,182.06,178.55,179.64,7141479,0
COIN.US,D,20180820,000000,179.50,179.72,179.38,179.72,5941013,0
COIN.US,D,20180820,000000,179.03,179.32,179.03,179.31,3442162,0
COIN.US,D,20180820,000000,179.42,179.43,178.57,178.65,4368947,0
COIN.US,D,20180821,000000,178.18,180.50,178.08,179.26,7288796,0
COIN.US,D,20180822,000000,179.80,179.90,177.95,179.18,3340564,0
COIN.US,D,20180823,000000,179.46,179.59,178.61,179.27,4580441,0
COIN.US,D,20180824,000000,179.93,181.38,176.50,176.93,8421470,0
COIN.US,D,20180827,000000,176.96,178.49,176.71,178.31,6364447,0
COIN.US,D,20180827,000000,177.96,178.05,177.89,178.03,3467398,0
COIN.US,D,20180827,000000,177.73,178.77,177.67,178.18,5283473,0
COIN.US,D,20180828,000000,178.11,178.18,177.66,177.71,4347099,0
COIN.US,D,20180829,000000,178.04,179.08,174.57,175.82,5080193,0
COIN.US,D,20180830,000000,175.27,175.68,175.16,175.63,3020710,0
COIN.US,D,20180831,000000,175.84,175.86,175.63,175.66,5623865,0
COIN.US,D,20180903,000000,175.64,176.87,175.17,176.24,6281967,0
COIN.US,D,20180903,000000,176.05,176.07,175.77,175.81,6520374,0
COIN.US,D,20180903,000000,175.66,175.96,175.66,175.89,5986581,0
COIN.US,D,20180904,000000,175.77,176.40,174.88,175.00,8300597,0
COIN.US,D,20180905,000000,175.15,176.55,174.97,175.97,5289036,0
COIN.US,D,20180906,000000,176.02,176.08,174.68,175.41,8606542,0
COIN.US,D,20180907,000000,175.21,176.79,174.85,175.70,4109401,0
COIN.US,D,20180910,000000,175.58,176.53,175.35,176.23,5222909,0
COIN.US,D,20180910,000000,176.50,176.51,176.30,176.46,5883567,0
COIN.US,D,20180910,000000,176.90,177.05,175.75,175.98,8867239,0
COIN.US,D,20180911,000000,175.77,176.65,175.64,176.58,6347130,0
COIN.US,D,20180912,000000,176.71,176.71,175.57,175.61,3443868,0
COIN.US,D,20180913,000000,176.23,176.32,175.72,175.90,3783157,0
COIN.US,D,20180914,000000,176.10,177.51,175.42,177.31,4407705,0
COIN.US,D,20180917,000000,177.21,178.30,174.14,174.44,6938938,0
COIN.US,D,20180917,000000,174.52,174.71,174.23,174.28,3703077,0
COIN.US,D,20180917,000000,175.03,175.05,172.97,173.33,5896261,0
COIN.US,D,20180918,000000,173.40,173.52,172.56,172.66,3766849,0
COIN.US,D,20180919,000000,172.65,174.14,172.44,173.55,7240912,0
COIN.US,D,20180920,000000,173.76,173.79,173.75,173.78,4233766,0
COIN.US,D,20180921,000000,173.45,174.61,173.07,174.36,4462352,0
COIN.US,D,20180924,000000,174.32,175.71,174.21,175.04,7011533,0
COIN.US,D,20180924,000000,174.19,174.31,173.29,173.33,5396315,0
COIN.US,D,20180924,000000,173.68,177.16,173.60,176.48,8024181,0
COIN.US,D,20180925,000000,175.89,176.27,173.83,174.09,7764663,0
COIN.US,D,20180926,000000,173.60,175.35,173.45,174.82,6916878,0
COIN.US,D,20180927,000000,174.92,177.36,174.73,176.96,3243414,0
COIN.US,D,20180928,000000,177.01,177.11,176.77,176.87,6343157,0
COIN.US,D,20181001,000000,176.95,176.97,176.18,176.43,8666868,0
COIN.US,D,20181001,000000,176.48,176.55,175.55,175.59,5802308,0
COIN.US,D,20181001,000000,175.03,175.85,175.02,175.82,4233689,0
COIN.US,D,20181002,000000,175.69,177.99,175.08,177.56,5629389,0
COIN.US,D,20181003,000000,177.84,180.93,177.31,179.56,7248286,0
COIN.US,D,20181004,000000,179.70,180.03,178.74,178.79,8893816,0
COIN.US,D,20181005,000000,179.61,179.69,179.44,179.44,3347127,0
COIN.US,D,20181008,000000,179.76,180.01,179.09,179.10,4634416,0
COIN.US,D,20181008,000000,178.49,179.40,175.02,177.38,5539266,0
COIN.US,D,20181008,000000,178.63,178.71,174.04,174.65,4779892,0
COIN.US,D,20181009,000000,173.94,174.23,168.06,171.33,3460483,0
COIN.US,D,20181010,000000,172.19,173.20,168.63,169.04,5338101,0
COIN.US,D,20181011,000000,168.99,169.72,166.22,167.05,7761212,0
COIN.US,D,20181012,000000,168.30,169.47,163.66,165.18,3207217,0
COIN.US,D,20181015,000000,164.92,165.04,164.72,164.75,8295690,0
COIN.US,D,20181015,000000,165.50,165.59,162.08,163.94,3323897,0
COIN.US,D,20181015,000000,163.48,163.95,163.26,163.90,6999203,0
COIN.US,D,20181016,000000,164.04,164.29,162.77,163.13,6872871,0
COIN.US,D,20181017,000000,162.83,162.89,161.89,161.97,5089117,0
COIN.US,D,20181018,000000,162.40,162.70,162.38,162.49,5821326,0
COIN.US,D,20181019,000000,162.20,167.96,162.05,166.20,4005661,0
COIN.US,D,20181022,000000,165.71,165.86,165.69,165.71,3429721,0
COIN.US,D,20181022,000000,165.92,169.31,165.10,168.45,3599600,0
COIN.US,D,20181022,000000,168.36,172.89,167.51,172.17,5684021,0
COIN.US,D,20181023,000000,172.00,174.42,171.79,174.29,4559067,0
COIN.US,D,20181024,000000,174.61,176.30,174.12,176.10,7577281,0
COIN.US,D,20181025,000000,174.85,177.24,174.40,177.09,6390901,0
COIN.US,D,20181026,000000,178.32,180.03,172.84,176.41,5829901,0
COIN.US,D,20181029,000000,175.84,176.59,175.63,176.39,6311020,0
COIN.US,D,20181029,000000,176.18,176.35,173.31,173.55,4116042,0
COIN.US,D,20181029,000000,173.22,174.00,173.18,173.76,6571392,0
COIN.US,D,20181030,000000,172.98,173.69,171.84,171.97,3622660,0
COIN.US,D,20181031,000000,171.36,174.25,171.14,172.53,3858863,0
COIN.US,D,20181101,000000,172.58,172.59,171.49,171.70,3368593,0
COIN.US,D,20181102,000000,172.53,173.61,166.14,169.68,5497095,0
COIN.US,D,20181105,000000,170.53,176.49,170.36,175.66,7897755,0
COIN.US,D,20181105,000000,176.26,176.52,171.11,173.33,8448859,0
COIN.US,D,20181105,000000,173.65,173.96,173.03,173.19,6265832,0
COIN.US,D,20181106,000000,174.00,174.51,172.11,172.96,4057081,0
COIN.US,D,20181107,000000,172.91,173.81,172.41,172.44,4355943,0
COIN.US,D,20181108,000000,172.37,176.52,171.14,175.58,5875582,0
COIN.US,D,20181109,000000,174.37,176.37,174.19,175.76,6820905,0
COIN.US,D,20181112,000000,176.54,176.75,174.48,175.45,8892001,0
COIN.US,D,20181112,000000,175.01,177.05,174.50,176.54,8094055,0
COIN.US,D,20181112,000000,176.89,177.28,175.20,175.23,6001387,0
COIN.US,D,20181113,000000,175.44,175.44,175.28,175.32,7046280,0
COIN.US,D,20181114,000000,175.66,176.48,175.50,176.35,8865937,0
COIN.US,D,20181115,000000,176.29,176.37,176.12,176.22,4784033,0
COIN.US,D,20181116,000000,176.04,176.11,174.23,175.06,5442198,0
COIN.US,D,20181119,000000,174.68,174.86,174.68,174.82,6561181,0
COIN.US,D,20181119,000000,175.44,175.66,172.55,172.72,6814438,0
COIN.US,D,20181119,000000,172.35,173.72,171.69,173.23,5030247,0
COIN.US,D,20181120,000000,172.92,174.21,172.34,173.74,3410641,0
COIN.US,D,20181121,000000,173.70,173.81,173.09,173.21,7575730,0
COIN.US,D,20181122,000000,173.16,173.33,169.28,169.65,3033931,0
COIN.US,D,20181123,000000,169.54,176.00,167.47,174.02,7278086,0
COIN.US,D,20181126,000000,173.37,174.36,168.37,169.61,5258215,0
COIN.US,D,20181126,000000,168.95,169.37,165.33,165.82,4153168,0
COIN.US,D,20181126,000000,165.46,165.54,165.42,165.52,5623937,0
COIN.US,D,20181127,000000,165.71,166.23,165.67,165.77,3518274,0
COIN.US,D,20181128,000000,164.23,165.38,163.11,164.75,7798134,0
COIN.US,D,20181129,000000,163.25,172.17,162.94,170.52,3105855,0
COIN.US,D,20181130,000000,170.03,171.77,169.87,171.28,7325464,0
COIN.US,D,20181203,000000,170.46,177.98,170.23,175.41,6409644,0
COIN.US,D,20181203,000000,176.19,176.57,170.98,172.79,3889699,0
COIN.US,D,20181203,000000,171.78,172.05,170.59,171.15,3450813,0
COIN.US,D,20181204,000000,171.77,172.52,165.42,166.90,5334984,0
COIN.US,D,20181205,000000,167.51,171.52,167.42,170.52,8996619,0
COIN.US,D,20181206,000000,171.07,172.50,167.60,168.74,5465188,0
COIN.US,D,20181207,000000,169.38,173.29,168.42,172.79,6546715,0
COIN.US,D,20181210,000000,172.74,172.76,171.64,172.00,3584184,0
COIN.US,D,20181210,000000,171.68,176.31,170.79,174.09,4555635,0
COIN.US,D,20181210,000000,175.89,186.85,171.91,183.53,4138487,0
COIN.US,D,20181211,000000,183.33,196.23,182.22,194.15,3404993,0
COIN.US,D,20181212,000000,195.38,200.17,194.79,198.43,3604688,0
COIN.US,D,20181213,000000,197.53,207.47,197.47,206.14,3288686,0
COIN.US,D,20181214,000000,204.30,204.40,203.55,203.78,8106294,0
COIN.US,D,20181217,000000,203.01,204.06,200.52,202.73,6987818,0
COIN.US,D,20181217,000000,204.48,207.71,187.55,188.04,4408679,0
COIN.US,D,20181217,000000,191.08,191.39,190.30,190.32,8684508,0
COIN.US,D,20181218,000000,189.38,195.72,186.52,193.82,3495752,0
COIN.US,D,20181219,000000,193.57,194.49,191.24,192.40,4670680,0
COIN.US,D,20181220,000000,192.28,202.28,192.08,195.49,8493532,0
COIN.US,D,20181221,000000,196.31,196.49,194.61,194.80,7959366,0
COIN.US,D,20181224,000000,193.80,193.86,189.57,189.61,5877999,0
COIN.US,D,20181224,000000,187.92,200.74,185.27,198.92,3659355,0
COIN.US,D,20181224,000000,198.23,200.43,188.32,190.08,7781633,0
COIN.US,D,20181225,000000,190.55,191.18,187.66,189.50,8043280,0
COIN.US,D,20181226,000000,187.64,192.75,186.39,191.88,6935665,0
COIN.US,D,20181227,000000,194.42,196.87,194.36,196.70,3296879,0
COIN.US,D,20181228,000000,198.86,204.89,197.84,204.08,6457123,0
COIN.US,D,20181231,000000,203.26,205.93,202.70,204.87,8807383,0
COIN.US,D,20181231,000000,204.79,205.44,204.70,204.97,4304325,0
COIN.US,D,20181231,000000,204.47,205.18,204.37,205.13,8374962,0
COIN.US,D,20190101,000000,204.44,206.23,204.40,205.79,6959517,0
COIN.US,D,20190102,000000,206.78,207.00,204.43,205.13,7845559,0
COIN.US,D,20190103,000000,204.72,206.14,204.48,206.12,4362599,0
COIN.US,D,20190104,000000,206.93,207.23,197.01,199.21,7908188,0
COIN.US,D,20190107,000000,199.99,200.03,199.30,199.34,7823576,0
COIN.US,D,20190107,000000,198.94,199.08,197.73,198.08,6965556,0
COIN.US,D,20190107,000000,199.67,203.11,190.60,194.28,6431896,0
COIN.US,D,20190108,000000,195.08,196.21,194.76,195.80,6004858,0
COIN.US,D,20190109,000000,196.39,199.33,195.73,199.17,5462707,0
COIN.US,D,20190110,000000,198.66,208.43,195.57,207.14,6207884,0
COIN.US,D,20190111,000000,207.06,213.87,206.04,209.55,7069820,0
COIN.US,D,20190114,000000,209.37,211.41,209.32,209.47,4255988,0
COIN.US,D,20190114,000000,208.55,214.78,207.85,213.98,5892786,0
COIN.US,D,20190114,000000,216.52,219.64,216.49,219.37,8660611,0
COIN.US,D,20190115,000000,219.36,222.06,219.34,221.86,8983176,0
COIN.US,D,20190116,000000,220.51,223.90,219.44,222.89,8932797,0
COIN.US,D,20190117,000000,224.44,226.62,223.19,223.53,3097012,0
COIN.US,D,20190118,000000,224.05,224.36,218.54,218.81,6056016,0
COIN.US,D,20190121,000000,217.01,227.82,215.40,222.98,4796016,0
COIN.US,D,20190121,000000,222.78,232.39,221.83,229.15,7931077,0
COIN.US,D,20190121,000000,228.23,228.28,224.73,225.71,7755700,0
COIN.US,D,20190122,000000,224.65,224.78,220.69,220.94,8317009,0
COIN.US,D,20190123,000000,224.16,224.87,220.01,220.85,5977600,0
COIN.US,D,20190124,000000,220.65,221.95,217.11,217.37,7562895,0
COIN.US,D,20190125,000000,215.21,217.61,214.32,216.95,6188087,0
COIN.US,D,20190128,000000,219.21,220.23,214.95,215.06,5479161,0
COIN.US,D,20190128,000000,215.30,215.84,213.33,213.35,4059509,0
COIN.US,D,20190128,000000,213.51,214.88,213.27,214.84,7719765,0
COIN.US,D,20190129,000000,213.47,213.51,201.18,202.52,4632063,0
COIN.US,D,20190130,000000,202.13,208.25,201.54,204.72,8846047,0
COIN.US,D,20190131,000000,203.19,213.60,202.76,211.65,5128852,0
COIN.US,D,20190201,000000,213.58,219.68,212.40,216.82,11968340,0
COIN.US,D,20190204,000000,217.32,223.86,216.18,220.46,11340725,0
COIN.US,D,20190204,000000,218.52,231.09,212.55,224.16,7721559,0
COIN.US,D,20190204,000000,222.96,229.60,222.33,227.54,9010092,0
COIN.US,D,20190205,000000,227.90,229.68,227.40,229.20,11868239,0
COIN.US,D,20190206,000000,228.47,233.94,226.74,233.04,12140371,0
COIN.US,D,20190207,000000,233.52,241.40,232.51,237.79,8944611,0
COIN.US,D,20190208,000000,235.94,245.61,234.47,243.67,17859611,0
COIN.US,D,20190211,000000,238.20,258.11,237.13,249.04,16781896,0
COIN.US,D,20190211,000000,245.79,256.24,245.32,253.81,11969979,0
COIN.US,D,20190211,000000,249.12,265.15,247.56,259.04,13459898,0
COIN.US,D,20190212,000000,262.34,264.66,261.68,263.96,10212013,0
COIN.US,D,20190213,000000,264.28,276.63,263.31,270.85,14102901,0
COIN.US,D,20190214,000000,268.25,286.66,266.25,279.90,15018075,0
COIN.US,D,20190215,000000,274.88,286.48,272.55,286.39,18489223,0
COIN.US,D,20190218,000000,293.12,293.83,289.68,291.65,19687983,0
COIN.US,D,20190218,000000,285.23,302.50,279.43,302.05,20060151,0
COIN.US,D,20190218,000000,303.87,320.90,300.24,312.83,16075045,0
COIN.US,D,20190219,000000,308.61,332.82,308.38,323.56,16338351,0
COIN.US,D,20190220,000000,328.58,333.50,327.12,333.09,24919970,0
COIN.US,D,20190221,000000,329.64,345.70,323.37,343.11,12570837,0
COIN.US,D,20190222,000000,346.27,359.19,346.05,354.13,11654232,0
COIN.US,D,20190225,000000,359.57,367.85,357.93,367.13,23573041,0
COIN.US,D,20190225,000000,365.87,381.49,364.80,379.88,19097647,0
COIN.US,D,20190225,000000,378.85,398.05,378.16,393.54,23359227,0
COIN.US,D,20190226,000000,392.53,400.69,390.38,398.97,7529688,0
COIN.US,D,20190227,000000,401.47,407.06,378.34,385.00,6680927,0
COIN.US,D,20190228,000000,381.71,399.51,378.57,395.93,8422438,0
COIN.US,D,20190301,000000,399.51,402.16,379.57,381.07,4265848,0
COIN.US,D,20190304,000000,378.12,402.10,374.40,397.00,3679966,0
COIN.US,D,20190304,000000,396.00,408.16,367.36,367.39,5938115,0
COIN.US,D,20190304,000000,359.95,361.17,353.46,354.04,8986918,0
COIN.US,D,20190305,000000,352.39,354.10,338.45,342.77,6603046,0
COIN.US,D,20190306,000000,341.14,363.78,336.08,358.10,7672492,0
COIN.US,D,20190307,000000,353.70,356.21,337.89,344.26,4705539,0
COIN.US,D,20190308,000000,341.66,351.59,340.89,342.68,8589325,0
COIN.US,D,20190311,000000,343.47,380.14,334.86,365.33,8050375,0
COIN.US,D,20190311,000000,368.11,400.74,361.70,392.39,6584370,0
COIN.US,D,20190311,000000,390.35,390.80,379.22,382.50,5034105,0
COIN.US,D,20190312,000000,385.13,395.49,385.06,392.86,8929933,0
COIN.US,D,20190313,000000,387.20,396.53,386.43,394.22,5542329,0
COIN.US,D,20190314,000000,398.99,400.83,377.13,381.37,6672341,0
COIN.US,D,20190315,000000,385.69,387.72,384.23,384.40,8446960,0
COIN.US,D,20190318,000000,386.24,389.54,369.31,373.63,5209147,0
COIN.US,D,20190318,000000,377.91,379.30,349.83,364.17,6134079,0
COIN.US,D,20190318,000000,363.20,366.47,362.77,364.19,7967897,0
COIN.US,D,20190319,000000,366.42,367.80,359.37,360.23,4261504,0
COIN.US,D,20190320,000000,363.75,373.89,363.28,370.20,4713116,0
COIN.US,D,20190321,000000,370.59,372.60,354.60,355.69,3281948,0
COIN.US,D,20190322,000000,353.44,355.79,352.79,355.33,7178271,0
COIN.US,D,20190325,000000,358.05,362.24,355.64,359.44,6275964,0
COIN.US,D,20190325,000000,359.05,363.28,354.83,356.02,3076555,0
COIN.US,D,20190325,000000,361.61,364.26,344.32,349.68,7205362,0
COIN.US,D,20190326,000000,346.72,355.22,346.52,354.92,6651811,0
COIN.US,D,20190327,000000,357.68,358.48,355.67,356.62,4841104,0
COIN.US,D,20190328,000000,356.23,357.18,342.80,345.69,6905955,0
COIN.US,D,20190329,000000,345.62,346.74,345.15,346.67,6705335,0
COIN.US,D,20190401,000000,345.71,360.80,345.11,358.91,6927959,0
COIN.US,D,20190401,000000,357.88,361.23,349.79,352.36,5911694,0
COIN.US,D,20190401,000000,351.64,366.16,347.90,362.79,5181841,0
COIN.US,D,20190402,000000,361.14,362.52,358.70,360.68,4986747,0
COIN.US,D,20190403,000000,360.72,360.82,350.61,350.74,3576797,0
COIN.US,D,20190404,000000,353.57,354.47,351.76,351.87,3137113,0
COIN.US,D,20190405,000000,350.30,364.33,348.43,359.71,4740281,0
COIN.US,D,20190408,000000,357.58,370.71,355.82,367.90,3850119,0
COIN.US,D,20190408,000000,363.72,363.88,358.96,362.30,5039806,0
COIN.US,D,20190408,000000,366.89,367.79,366.77,367.21,8845035,0
COIN.US,D,20190409,000000,367.53,368.24,366.78,367.08,7036171,0
COIN.US,D,20190410,000000,371.57,371.81,365.29,365.50,3124181,0
COIN.US,D,20190411,000000,360.38,362.78,360.33,362.20,8716161,0
COIN.US,D,20190412,000000,365.48,367.47,353.51,357.20,8624987,0
COIN.US,D,20190415,000000,357.66,365.26,356.62,363.34,7348009,0
COIN.US,D,20190415,000000,362.46,362.84,347.94,351.37,7739347,0
COIN.US,D,20190415,000000,350.60,370.47,349.25,362.98,8754385,0
COIN.US,D,20190416,000000,365.21,367.25,348.65,349.53,4254656,0
COIN.US,D,20190417,000000,344.38,362.18,342.23,360.40,3570660,0
COIN.US,D,20190418,000000,360.98,369.02,360.27,361.87,4856413,0
COIN.US,D,20190419,000000,364.47,369.54,346.73,356.03,8291244,0
COIN.US,D,20190422,000000,359.92,362.58,352.96,356.16,3154228,0
COIN.US,D,20190422,000000,351.22,366.50,346.14,358.22,3424311,0
COIN.US,D,20190422,000000,359.79,369.77,320.15,335.90,6651549,0
COIN.US,D,20190423,000000,337.59,352.71,337.51,351.01,8502374,0
COIN.US,D,20190424,000000,351.86,353.80,338.18,342.92,3984075,0
COIN.US,D,20190425,000000,344.03,346.36,337.04,338.31,5105386,0
COIN.US,D,20190426,000000,338.18,340.82,337.90,338.53,8598022,0
COIN.US,D,20190429,000000,333.71,342.34,330.66,340.06,5102449,0
COIN.US,D,20190429,000000,334.14,362.18,329.72,355.02,4627004,0
COIN.US,D,20190429,000000,352.67,370.34,351.43,368.03,6260929,0
COIN.US,D,20190430,000000,369.80,370.83,369.71,370.65,5290072,0
COIN.US,D,20190501,000000,374.25,374.49,373.87,374.23,6521435,0
COIN.US,D,20190502,000000,370.76,379.13,367.72,378.40,5732303,0
COIN.US,D,20190503,000000,375.82,399.06,372.52,393.49,6294918,0
COIN.US,D,20190506,000000,393.87,394.80,386.11,387.81,4987691,0
COIN.US,D,20190506,000000,396.47,409.21,391.97,403.82,7956343,0
COIN.US,D,20190506,000000,398.03,415.79,393.13,406.31,6892684,0
COIN.US,D,20190507,000000,399.97,424.96,398.91,420.13,3695673,0
COIN.US,D,20190508,000000,424.17,470.21,423.69,453.45,4595533,0
COIN.US,D,20190509,000000,452.24,463.62,449.93,461.22,6313790,0
COIN.US,D,20190510,000000,465.45,468.20,439.59,453.23,6027526,0
COIN.US,D,20190513,000000,453.34,459.12,453.03,457.87,6113156,0
COIN.US,D,20190513,000000,459.22,459.74,450.88,453.73,5265043,0
COIN.US,D,20190513,000000,449.69,467.23,447.09,465.74,4071266,0
COIN.US,D,20190514,000000,467.86,490.85,467.74,487.82,5209636,0
COIN.US,D,20190515,000000,493.01,495.06,475.57,482.75,5945657,0
COIN.US,D,20190516,000000,468.13,492.11,458.82,484.23,7531892,0
COIN.US,D,20190517,000000,473.39,483.80,442.50,446.37,4392920,0
COIN.US,D,20190520,000000,450.49,465.75,445.17,458.64,4631538,0
COIN.US,D,20190520,000000,467.75,500.50,461.36,491.89,3444312,0
COIN.US,D,20190520,000000,493.35,514.94,490.91,504.42,7953102,0
COIN.US,D,20190521,000000,499.79,508.68,499.56,506.64,4525003,0
COIN.US,D,20190522,000000,495.86,519.00,495.11,515.03,8775579,0
COIN.US,D,20190523,000000,519.93,568.11,511.17,552.39,4077529,0
COIN.US,D,20190524,000000,563.57,567.74,563.10,566.31,3116510,0
COIN.US,D,20190527,000000,567.92,568.40,563.84,567.05,5079858,0
COIN.US,D,20190527,000000,567.45,567.51,543.19,544.01,5282281,0
COIN.US,D,20190527,000000,546.67,550.28,526.78,528.15,6725602,0
COIN.US,D,20190528,000000,526.92,537.65,496.98,499.26,4841089,0
COIN.US,D,20190529,000000,495.11,497.72,489.34,493.80,8522077,0
COIN.US,D,20190530,000000,487.40,523.96,481.43,517.42,8598187,0
COIN.US,D,20190531,000000,513.89,526.91,509.97,524.78,5728664,0
COIN.US,D,20190603,000000,529.57,529.69,520.74,521.21,5102639,0
COIN.US,D,20190603,000000,528.96,529.79,521.59,522.87,5373264,0
COIN.US,D,20190603,000000,526.61,537.05,524.57,532.23,7653531,0
COIN.US,D,20190604,000000,526.63,526.99,522.19,523.29,8584670,0
COIN.US,D,20190605,000000,525.31,528.74,515.44,517.30,7480159,0
COIN.US,D,20190606,000000,516.79,541.44,516.53,531.97,6989383,0
COIN.US,D,20190607,000000,529.78,566.87,520.78,553.90,8284073,0
COIN.US,D,20190610,000000,557.99,560.06,549.34,553.07,7410829,0
COIN.US,D,20190610,000000,561.96,573.18,557.22,572.96,8317664,0
COIN.US,D,20190610,000000,575.40,579.14,555.48,560.44,8873049,0
COIN.US,D,20190611,000000,564.75,569.79,537.41,543.79,3812155,0
COIN.US,D,20190612,000000,542.38,545.39,541.62,543.57,7602525,0
COIN.US,D,20190613,000000,538.53,553.86,531.17,551.32,4728651,0
COIN.US,D,20190614,000000,550.27,555.36,549.89,554.68,3158920,0
COIN.US,D,20190617,000000,555.37,576.62,551.79,574.60,5420597,0
COIN.US,D,20190617,000000,579.37,595.73,577.30,591.10,7505036,0
COIN.US,D,20190617,000000,588.55,592.40,583.81,589.36,5687353,0
COIN.US,D,20190618,000000,586.85,590.20,586.22,589.99,5203016,0
COIN.US,D,20190619,000000,584.83,584.96,580.10,581.35,6313658,0
COIN.US,D,20190620,000000,582.02,592.09,579.36,591.72,3987484,0
COIN.US,D,20190621,000000,596.72,606.98,593.99,605.16,6321555,0
COIN.US,D,20190624,000000,599.00,599.44,591.20,592.48,8546858,0
COIN.US,D,20190624,000000,586.03,586.25,585.77,585.78,3558104,0
COIN.US,D,20190624,000000,579.16,589.13,578.05,587.27,4984529,0
COIN.US,D,20190625,000000,585.41,595.50,557.76,567.85,4843636,0
COIN.US,D,20190626,000000,570.17,596.54,569.03,588.51,3730491,0
COIN.US,D,20190627,000000,587.00,599.52,584.11,593.43,8542180,0
COIN.US,D,20190628,000000,597.17,606.47,596.41,604.30,4381788,0
COIN.US,D,20190701,000000,609.07,615.04,558.51,570.77,3118688,0
COIN.US,D,20190701,000000,569.68,570.28,565.30,565.34,8687539,0
COIN.US,D,20190701,000000,561.33,601.82,559.81,598.10,6454164,0
COIN.US,D,20190702,000000,598.83,654.35,590.36,630.08,3041908,0
COIN.US,D,20190703,000000,622.58,623.95,621.87,623.83,5937281,0
COIN.US,D,20190704,000000,624.56,646.21,623.84,639.91,3654748,0
COIN.US,D,20190705,000000,638.41,658.46,637.07,656.75,4054759,0
COIN.US,D,20190708,000000,652.40,653.74,650.15,650.92,4476153,0
COIN.US,D,20190708,000000,657.77,662.43,629.52,636.77,8485066,0
COIN.US,D,20190708,000000,639.93,650.47,639.81,646.16,8573359,0
COIN.US,D,20190709,000000,644.23,645.61,637.05,639.89,7211497,0
COIN.US,D,20190710,000000,638.80,651.70,638.72,649.48,9663551,0
COIN.US,D,20190711,000000,649.60,663.71,647.86,661.13,5048696,0
COIN.US,D,20190712,000000,669.71,672.88,662.81,668.12,7343775,0
COIN.US,D,20190715,000000,667.31,685.33,664.54,677.92,11061226,0
COIN.US,D,20190715,000000,674.71,699.26,671.95,690.81,6789238,0
COIN.US,D,20190715,000000,699.97,704.59,698.99,703.04,11112039,0
COIN.US,D,20190716,000000,709.29,722.02,709.17,718.46,10777880,0
COIN.US,D,20190717,000000,717.15,753.50,711.85,738.54,7829507,0
COIN.US,D,20190718,000000,749.16,755.30,747.60,754.99,17230264,0
COIN.US,D,20190719,000000,757.65,765.59,756.81,765.57,11720038,0
COIN.US,D,20190722,000000,760.89,800.27,752.89,784.51,17596841,0
COIN.US,D,20190722,000000,786.73,809.53,777.61,805.11,9279779,0
COIN.US,D,20190722,000000,800.08,834.21,788.79,831.20,18468679,0
COIN.US,D,20190723,000000,824.53,872.73,822.64,856.47,14337408,0
COIN.US,D,20190724,000000,869.55,870.27,868.39,869.31,8578729,0
COIN.US,D,20190725,000000,866.38,904.72,853.63,890.66,19471142,0
COIN.US,D,20190726,000000,893.61,922.13,891.72,918.69,19612748,0
COIN.US,D,20190729,000000,922.62,952.92,917.86,941.35,23948344,0
COIN.US,D,20190729,000000,941.54,963.99,925.37,962.65,14851580,0
COIN.US,D,20190729,000000,967.85,1010.56,960.37,991.65,22334716,0
COIN.US,D,20190730,000000,985.59,1018.37,982.21,1014.66,20710135,0
COIN.US,D,20190731,000000,1016.24,1051.02,1014.53,1044.17,18425225,0
COIN.US,D,20190801,000000,1034.05,1082.28,1025.80,1078.87,23795217,0
COIN.US,D,20190802,000000,1060.70,1129.42,1035.60,1110.29,19268466,0
COIN.US,D,20190805,000000,1099.22,1150.59,1098.93,1145.62,18351559,0
COIN.US,D,20190805,000000,1131.16,1169.74,1120.44,1167.66,22398086,0
COIN.US,D,20190805,000000,1153.35,1217.34,1145.97,1210.48,23586901,0
COIN.US,D,20190806,000000,1199.53,1272.72,1194.13,1254.45,27365445,0
COIN.US,D,20190807,000000,1255.99,1350.43,1227.91,1300.21,12840382,0
COIN.US,D,20190808,000000,1317.44,1346.87,1311.12,1345.41,26244306,0
COIN.US,D,20190809,000000,1354.93,1446.46,1354.13,1420.44,5810976,0
COIN.US,D,20190812,000000,1408.53,1426.32,1393.22,1424.64,7651168,0
COIN.US,D,20190812,000000,1408.43,1427.00,1403.72,1417.28,3238988,0
COIN.US,D,20190812,000000,1411.91,1445.44,1336.01,1364.07,6726474,0
COIN.US,D,20190813,000000,1376.90,1413.06,1359.83,1405.29,6538692,0
COIN.US,D,20190814,000000,1403.81,1428.39,1402.82,1419.68,5782035,0
COIN.US,D,20190815,000000,1398.87,1409.59,1397.28,1404.85,6940654,0
COIN.US,D,20190816,000000,1385.78,1386.95,1360.61,1361.76,5816520,0
COIN.US,D,20190819,000000,1353.12,1365.42,1347.62,1350.60,7299955,0
COIN.US,D,20190819,000000,1333.86,1514.22,1313.64,1466.52,5274219,0
COIN.US,D,20190819,000000,1445.34,1482.00,1441.61,1478.36,8426494,0
COIN.US,D,20190820,000000,1479.51,1545.33,1456.06,1524.89,4911958,0
COIN.US,D,20190821,000000,1499.20,1528.16,1496.49,1523.49,6459755,0
COIN.US,D,20190822,000000,1550.04,1584.48,1372.54,1419.57,6173928,0
COIN.US,D,20190823,000000,1420.82,1422.00,1399.10,1406.27,7253737,0
COIN.US,D,20190826,000000,1423.80,1426.53,1338.13,1373.27,6746932,0
COIN.US,D,20190826,000000,1363.76,1387.98,1342.60,1379.73,7284012,0
COIN.US,D,20190826,000000,1419.64,1431.24,1351.60,1373.21,6198645,0
COIN.US,D,20190827,000000,1392.70,1393.53,1367.87,1391.18,7132337,0
COIN.US,D,20190828,000000,1395.79,1397.15,1349.45,1364.59,3374825,0
COIN.US,D,20190829,000000,1357.57,1426.40,1348.36,1424.90,6045264,0
COIN.US,D,20190830,000000,1441.22,1443.02,1421.77,1423.05,7113718,0
COIN.US,D,20190902,000000,1443.29,1467.91,1368.89,1378.09,8308658,0
COIN.US,D,20190902,000000,1378.87,1451.33,1370.60,1441.79,8295997,0
COIN.US,D,20190902,000000,1459.84,1459.88,1362.75,1363.83,8268725,0
COIN.US,D,20190903,000000,1358.79,1364.93,1330.47,1338.34,8176671,0
COIN.US,D,20190904,000000,1321.85,1358.64,1315.40,1350.70,3048298,0
COIN.US,D,20190905,000000,1340.59,1352.05,1340.52,1343.75,7185291,0
COIN.US,D,20190906,000000,1345.16,1346.13,1342.26,1344.92,6465942,0
COIN.US,D,20190909,000000,1323.13,1338.75,1264.96,1270.17,4147515,0
COIN.US,D,20190909,000000,1269.46,1273.17,1224.10,1237.85,4899761,0
COIN.US,D,20190909,000000,1236.49,1327.79,1229.38,1301.77,3435698,0
COIN.US,D,20190910,000000,1286.78,1318.12,1280.25,1308.99,6668830,0
COIN.US,D,20190911,000000,1297.98,1335.03,1248.29,1271.11,6468875,0
COIN.US,D,20190912,000000,1272.27,1284.01,1250.78,1255.53,7858977,0
COIN.US,D,20190913,000000,1268.39,1271.03,1259.11,1261.14,4565047,0
COIN.US,D,20190916,000000,1270.41,1274.03,1240.00,1243.06,8841143,0
COIN.US,D,20190916,000000,1246.96,1251.23,1236.18,1245.88,4157322,0
COIN.US,D,20190916,000000,1218.57,1336.50,1202.18,1275.45,8130162,0
COIN.US,D,20190917,000000,1286.31,1290.16,1249.17,1262.76,7425899,0
COIN.US,D,20190918,000000,1260.78,1278.57,1255.01,1277.18,5044859,0
COIN.US,D,20190919,000000,1271.36,1326.09,1266.30,1323.64,6472406,0
COIN.US,D,20190920,000000,1329.72,1366.53,1327.77,1348.60,12010364,0
COIN.US,D,20190923,000000,1373.99,1380.56,1356.92,1365.74,12959111,0
COIN.US,D,20190923,000000,1364.02,1383.75,1359.81,1382.18,14142501,0
COIN.US,D,20190923,000000,1374.98,1400.77,1370.46,1399.38,11398842,0
COIN.US,D,20190924,000000,1391.19,1434.41,1381.76,1429.99,16211107,0
COIN.US,D,20190925,000000,1455.29,1480.26,1437.44,1455.21,14082876,0
COIN.US,D,20190926,000000,1436.33,1495.23,1429.64,1477.58,9372912,0
COIN.US,D,20190927,000000,1471.52,1523.81,1465.63,1507.85,12999491,0
COIN.US,D,20190930,000000,1518.18,1552.69,1515.26,1537.36,18439638,0
COIN.US,D,20190930,000000,1509.56,1602.61,1508.80,1585.99,19476604,0
COIN.US,D,20190930,000000,1579.23,1656.11,1570.91,1629.99,10818768,0
COIN.US,D,20191001,000000,1628.01,1666.78,1621.94,1658.69,19028992,0
COIN.US,D,20191002,000000,1653.38,1720.13,1648.93,1710.88,18435660,0
COIN.US,D,20191003,000000,1731.45,1767.47,1716.66,1756.33,13903748,0
COIN.US,D,20191004,000000,1775.44,1813.33,1763.34,1795.05,23639639,0
COIN.US,D,20191007,000000,1821.72,1854.64,1819.58,1849.51,9768052,0
COIN.US,D,20191007,000000,1860.01,1907.35,1855.16,1900.05,14246594,0
COIN.US,D,20191007,000000,1925.18,1950.02,1919.89,1946.22,19414528,0
COIN.US,D,20191008,000000,1944.80,2030.54,1942.14,2026.19,22757681,0
COIN.US,D,20191009,000000,2038.09,2096.82,2037.19,2093.84,11218453,0
COIN.US,D,20191010,000000,2111.32,2172.00,2094.96,2152.42,15536736,0
COIN.US,D,20191011,000000,2163.04,2246.38,2153.18,2212.82,21309533,0
COIN.US,D,20191014,000000,2190.70,2386.40,2169.06,2304.60,17639448,0
COIN.US,D,20191014,000000,2288.10,2505.91,2205.85,2408.23,5280439,0
COIN.US,D,20191014,000000,2430.18,2458.60,2350.99,2388.00,5667686,0
COIN.US,D,20191015,000000,2321.90,2464.70,2252.38,2443.84,7885160,0
COIN.US,D,20191016,000000,2429.81,2481.39,2428.58,2464.50,5204944,0
COIN.US,D,20191017,000000,2456.55,2477.87,2442.52,2466.12,7621500,0
COIN.US,D,20191018,000000,2450.89,2580.94,2439.37,2518.96,6117543,0
COIN.US,D,20191021,000000,2575.54,2603.32,2408.56,2411.31,3429980,0
COIN.US,D,20191021,000000,2374.79,2561.25,2338.07,2503.81,6993387,0
COIN.US,D,20191021,000000,2502.06,2908.48,2437.67,2715.49,8350459,0
COIN.US,D,20191022,000000,2736.93,2825.53,2733.22,2810.59,8665086,0
COIN.US,D,20191023,000000,2812.35,2815.75,2768.27,2772.32,8304727,0
COIN.US,D,20191024,000000,2816.78,2840.20,2749.25,2761.86,7038439,0
COIN.US,D,20191025,000000,2723.80,2767.66,2477.94,2573.05,5470677,0
COIN.US,D,20191028,000000,2593.20,2606.21,2502.18,2531.44,8967302,0
COIN.US,D,20191028,000000,2580.22,2680.26,2578.71,2675.13,7255632,0
COIN.US,D,20191028,000000,2618.73,2649.57,2603.46,2623.70,8756980,0
COIN.US,D,20191029,000000,2556.89,2659.56,2535.21,2653.16,3699386,0
COIN.US,D,20191030,000000,2656.01,2669.22,2579.90,2584.48,5388422,0
COIN.US,D,20191031,000000,2624.78,2656.94,2426.58,2445.88,6377103,0
COIN.US,D,20191101,000000,2471.48,2482.90,2453.06,2453.94,6509901,0
COIN.US,D,20191104,000000,2393.45,2411.26,2309.52,2333.63,4579653,0
COIN.US,D,20191104,000000,2305.81,2394.89,2292.72,2362.60,5347469,0
COIN.US,D,20191104,000000,2342.55,2553.53,2300.64,2519.95,7377025,0
COIN.US,D,20191105,000000,2579.52,2627.79,2182.22,2252.87,3525898,0
COIN.US,D,20191106,000000,2271.59,2287.37,2069.68,2074.95,7020213,0
COIN.US,D,20191107,000000,2083.89,2184.45,1916.15,1933.15,4870888,0
COIN.US,D,20191108,000000,1880.87,1900.73,1816.84,1826.36,3999582,0
COIN.US,D,20191111,000000,1824.13,1844.15,1803.20,1804.34,7749274,0
COIN.US,D,20191111,000000,1807.21,1861.87,1768.24,1860.71,6045509,0
COIN.US,D,20191111,000000,1869.63,1877.46,1867.04,1873.97,7378266,0
COIN.US,D,20191112,000000,1879.34,1886.56,1714.00,1786.50,7125571,0
COIN.US,D,20191113,000000,1733.02,1947.14,1710.53,1879.77,6619029,0
COIN.US,D,20191114,000000,1922.62,1927.15,1887.99,1890.37,8170893,0
COIN.US,D,20191115,000000,1903.01,1912.54,1888.82,1902.34,6490136,0
COIN.US,D,20191118,000000,1934.69,2011.35,1929.56,1996.40,5400934,0
COIN.US,D,20191118,000000,1963.91,1968.51,1846.60,1854.99,3909302,0
COIN.US,D,20191118,000000,1873.70,2013.52,1842.53,1999.37,5672012,0
COIN.US,D,20191119,000000,1967.84,2027.04,1786.96,1818.06,5067557,0
COIN.US,D,20191120,000000,1834.62,1866.09,1566.14,1596.97,7349471,0
COIN.US,D,20191121,000000,1654.79,1686.69,1554.44,1577.13,8174987,0
COIN.US,D,20191122,000000,1555.35,1591.59,1540.27,1585.26,5641775,0
COIN.US,D,20191125,000000,1566.58,1743.97,1538.37,1720.48,3858030,0
COIN.US,D,20191125,000000,1671.50,1683.11,1554.42,1562.71,6596763,0
COIN.US,D,20191125,000000,1573.85,1578.13,1432.18,1446.36,8209903,0
COIN.US,D,20191126,000000,1451.07,1468.62,1367.23,1378.22,4087573,0
COIN.US,D,20191127,000000,1383.12,1395.54,1380.56,1388.60,7810829,0
COIN.US,D,20191128,000000,1360.55,1472.81,1318.25,1432.42,4227674,0
COIN.US,D,20191129,000000,1434.10,1435.84,1408.01,1412.84,6032620,0
COIN.US,D,20191202,000000,1413.52,1414.01,1408.92,1412.36,5106153,0
COIN.US,D,20191202,000000,1397.79,1470.92,1388.61,1452.99,3019097,0
COIN.US,D,20191202,000000,1466.15,1477.35,1415.54,1424.59,5225796,0
COIN.US,D,20191203,000000,1406.20,1535.77,1396.18,1495.22,7733921,0
COIN.US,D,20191204,000000,1500.57,1672.94,1479.61,1627.83,8702960,0
COIN.US,D,20191205,000000,1613.78,1623.56,1544.10,1558.97,5962916,0
COIN.US,D,20191206,000000,1529.14,1548.27,1525.57,1542.48,5353756,0
COIN.US,D,20191209,000000,1501.44,1511.07,1497.47,1502.69,3691456,0
COIN.US,D,20191209,000000,1478.74,1497.60,1452.28,1461.70,4667441,0
COIN.US,D,20191209,000000,1459.02,1590.96,1423.63,1574.16,3148170,0
COIN.US,D,20191210,000000,1545.78,1546.81,1541.70,1541.83,8755773,0
COIN.US,D,20191211,000000,1548.77,1706.79,1534.22,1700.09,8006821,0
COIN.US,D,20191212,000000,1685.70,1730.62,1657.85,1730.30,4678146,0
COIN.US,D,20191213,000000,1765.09,1827.68,1599.69,1611.95,4687023,0
COIN.US,D,20191216,000000,1592.88,1711.11,1578.00,1638.58,4459082,0
COIN.US,D,20191216,000000,1648.40,1657.09,1646.53,1652.34,3175580,0
COIN.US,D,20191216,000000,1661.84,1721.87,1635.66,1700.04,7510005,0
COIN.US,D,20191217,000000,1706.66,1748.71,1698.54,1745.60,8708277,0
COIN.US,D,20191218,000000,1706.94,1767.00,1690.07,1727.92,6249794,0
COIN.US,D,20191219,000000,1716.85,1812.70,1692.62,1791.82,7977004,0
COIN.US,D,20191220,000000,1825.35,1848.54,1765.94,1794.83,3595291,0
COIN.US,D,20191223,000000,1755.55,1807.18,1740.29,1790.86,6671695,0
COIN.US,D,20191223,000000,1788.08,1793.49,1630.55,1705.66,4723280,0
COIN.US,D,20191223,000000,1687.47,1783.66,1676.41,1749.99,6993960,0
COIN.US,D,20191224,000000,1760.68,1767.32,1657.57,1683.94,6758652,0
COIN.US,D,20191225,000000,1653.16,1813.63,1642.87,1760.66,8876632,0
COIN.US,D,20191226,000000,1743.92,1886.02,1738.77,1825.23,4911555,0
COIN.US,D,20191227,000000,1817.30,1822.97,1736.55,1741.40,7537488,0
COIN.US,D,20191230,000000,1752.55,1758.71,1751.23,1756.73,3650201,0
COIN.US,D,20191230,000000,1744.93,1902.44,1690.34,1885.52,7410488,0
COIN.US,D,20191230,000000,1936.87,1969.49,1886.30,1900.60,7542019,0
COIN.US,D,20191231,000000,1890.97,1903.18,1845.71,1848.13,5794872,0
COIN.US,D,20200101,000000,1842.17,1848.72,1761.50,1787.56,4249899,0
COIN.US,D,20200102,000000,1801.91,1875.08,1767.57,1870.85,6981398,0
COIN.US,D,20200103,000000,1867.14,1955.33,1838.51,1922.06,4687411,0
COIN.US,D,20200106,000000,1899.91,1942.30,1884.74,1940.75,7551217,0
COIN.US,D,20200106,000000,1938.49,1986.35,1928.97,1979.97,6298560,0
COIN.US,D,20200106,000000,2003.67,2038.48,1993.17,2025.14,6945638,0
COIN.US,D,20200107,000000,2024.07,2024.86,1940.22,1983.84,4901238,0
COIN.US,D,20200108,000000,1968.97,1971.35,1886.83,1892.12,8247810,0
COIN.US,D,20200109,000000,1863.28,1943.10,1842.56,1915.08,3045010,0
COIN.US,D,20200110,000000,1925.27,2036.69,1907.12,2007.14,6416480,0
COIN.US,D,20200113,000000,2020.70,2031.71,1943.54,1965.71,4362262,0
COIN.US,D,20200113,000000,2013.38,2091.70,2004.23,2073.19,4569571,0
COIN.US,D,20200113,000000,2051.20,2056.78,2036.07,2044.76,8336953,0
COIN.US,D,20200114,000000,2052.17,2076.69,2039.24,2064.38,3598037,0
COIN.US,D,20200115,000000,2089.94,2090.09,2018.96,2065.31,4598901,0
COIN.US,D,20200116,000000,2010.11,2114.46,1989.39,2092.00,6612645,0
COIN.US,D,20200117,000000,2089.61,2110.36,1945.81,1986.21,6927503,0
COIN.US,D,20200120,000000,1994.63,2002.16,1934.48,1939.90,8476190,0
COIN.US,D,20200120,000000,1899.36,1908.65,1818.82,1856.00,6930476,0
COIN.US,D,20200120,000000,1863.32,1899.38,1861.27,1896.78,5735996,0
COIN.US,D,20200121,000000,1944.23,1956.52,1912.52,1916.29,7678226,0
COIN.US,D,20200122,000000,1909.87,1968.88,1905.73,1955.79,6895985,0
COIN.US,D,20200123,000000,1958.68,1963.65,1948.47,1949.95,3754411,0
COIN.US,D,20200124,000000,1989.14,1993.49,1910.92,1919.30,6923726,0
COIN.US,D,20200127,000000,1914.08,1987.01,1907.32,1966.34,8656075,0
COIN.US,D,20200127,000000,1971.68,2063.00,1939.48,2051.43,5062093,0
COIN.US,D,20200127,000000,2026.15,2043.20,1900.92,1933.18,3279312,0
COIN.US,D,20200128,000000,1919.84,1923.86,1911.55,1912.40,8105956,0
COIN.US,D,20200129,000000,1882.97,1888.71,1858.35,1862.96,4802903,0
COIN.US,D,20200130,000000,1856.16,2265.09,1827.95,2030.96,5716455,0
COIN.US,D,20200131,000000,2017.82,2022.77,2005.13,2012.07,6173646,0
COIN.US,D,20200203,000000,2081.64,2108.74,1947.03,1983.36,4543853,0
COIN.US,D,20200203,000000,1923.12,2118.62,1865.41,2051.01,7352577,0
COIN.US,D,20200203,000000,2073.30,2086.08,2049.23,2082.79,3255520,0
COIN.US,D,20200204,000000,2072.79,2078.97,2025.28,2026.28,4876175,0
COIN.US,D,20200205,000000,2007.30,2111.11,1991.71,2082.30,5794629,0
COIN.US,D,20200206,000000,2111.10,2137.10,1948.61,2010.03,5747131,0
COIN.US,D,20200207,000000,2007.64,2041.28,1825.40,1840.39,8059231,0
COIN.US,D,20200210,000000,1846.57,1970.15,1821.27,1966.63,5055494,0
COIN.US,D,20200210,000000,1996.93,2006.78,1934.18,1956.88,5625393,0
COIN.US,D,20200210,000000,1984.18,1994.56,1841.78,1911.90,8911525,0
COIN.US,D,20200211,000000,1903.73,1912.95,1863.65,1871.90,7639828,0
COIN.US,D,20200212,000000,1898.17,1977.52,1893.00,1957.54,4785575,0
COIN.US,D,20200213,000000,1966.45,1974.62,1966.05,1970.50,6084828,0
COIN.US,D,20200214,000000,1948.38,2107.01,1920.64,2070.59,3878169,0
COIN.US,D,20200217,000000,2059.50,2115.52,1927.88,1968.88,7392377,0
COIN.US,D,20200217,000000,1978.73,2131.07,1916.49,2103.29,6490669,0
COIN.US,D,20200217,000000,2128.06,2132.59,1994.42,2004.05,7011288,0
COIN.US,D,20200218,000000,2013.65,2068.96,2009.02,2062.67,3580413,0
COIN.US,D,20200219,000000,2001.69,2008.60,2001.36,2005.12,8925962,0
COIN.US,D,20200220,000000,1955.08,1969.12,1951.94,1966.04,7272951,0
COIN.US,D,20200221,000000,1963.67,1974.93,1867.61,1903.98,4831890,0
COIN.US,D,20200224,000000,1875.91,1964.41,1866.96,1941.29,4573828,0
COIN.US,D,20200224,000000,1912.90,1986.47,1908.05,1971.34,8935231,0
COIN.US,D,20200224,000000,1996.32,2022.42,1829.32,1844.10,4074722,0
COIN.US,D,20200225,000000,1861.08,1868.37,1844.33,1851.83,4105660,0
COIN.US,D,20200226,000000,1877.06,1880.62,1855.45,1864.48,6468663,0
COIN.US,D,20200227,000000,1848.62,1881.01,1771.92,1791.48,8861718,0
COIN.US,D,20200228,000000,1788.11,1812.35,1712.06,1721.57,6043694,0
COIN.US,D,20200302,000000,1705.68,1859.60,1704.30,1786.44,4157934,0
COIN.US,D,20200302,000000,1780.99,1788.30,1709.55,1712.28,5699124,0
COIN.US,D,20200302,000000,1694.71,1755.30,1670.77,1721.69,5866923,0
COIN.US,D,20200303,000000,1706.71,1875.72,1695.74,1865.02,5210874,0
COIN.US,D,20200304,000000,1870.91,1920.66,1865.85,1882.13,3503573,0
COIN.US,D,20200305,000000,1856.73,2038.15,1802.49,1991.98,7988198,0
COIN.US,D,20200306,000000,1981.08,2215.36,1901.70,2157.61,8018909,0
COIN.US,D,20200309,000000,2114.73,2203.17,1858.14,1919.46,4660298,0
COIN.US,D,20200309,000000,1938.90,1944.67,1897.06,1903.98,6022139,0
COIN.US,D,20200309,000000,1898.10,1925.10,1776.56,1818.82,6219760,0
COIN.US,D,20200310,000000,1812.53,1839.40,1691.16,1723.14,7081044,0
COIN.US,D,20200311,000000,1751.81,1762.30,1700.87,1713.69,4095671,0
COIN.US,D,20200312,000000,1732.36,1854.75,1726.55,1824.44,6664475,0
COIN.US,D,20200313,000000,1819.86,1863.73,1664.35,1702.16,3706300,0
COIN.US,D,20200316,000000,1696.71,1706.53,1621.77,1630.65,5007335,0
COIN.US,D,20200316,000000,1634.57,1729.92,1603.04,1729.24,3056321,0
COIN.US,D,20200316,000000,1736.46,1789.31,1699.80,1773.49,6072383,0
COIN.US,D,20200317,000000,1777.81,1869.62,1767.54,1834.59,7950121,0
COIN.US,D,20200318,000000,1841.95,1877.43,1840.88,1870.56,7304412,0
COIN.US,D,20200319,000000,1859.81,1928.09,1844.77,1908.03,4273016,0
COIN.US,D,20200320,000000,1901.02,2048.75,1873.37,1998.76,7177221,0
COIN.US,D,20200323,000000,2023.14,2058.72,1858.03,1868.68,3447834,0
COIN.US,D,20200323,000000,1852.28,1876.67,1829.95,1841.84,6737002,0
COIN.US,D,20200323,000000,1858.27,2259.59,1855.47,2119.74,8289206,0
COIN.US,D,20200324,000000,2137.23,2211.27,2134.57,2196.22,3584519,0
COIN.US,D,20200325,000000,2223.33,2309.63,2213.42,2306.72,7245443,0
COIN.US,D,20200326,000000,2314.76,2348.86,2310.06,2327.76,3008009,0
COIN.US,D,20200327,000000,2345.51,2489.54,2264.06,2441.01,7885757,0
COIN.US,D,20200330,000000,2429.99,2442.21,2356.96,2373.80,5214414,0
COIN.US,D,20200330,000000,2333.24,2418.45,2322.52,2417.69,5073985,0
COIN.US,D,20200330,000000,2396.60,2776.86,2350.80,2702.44,7186808,0
COIN.US,D,20200331,000000,2700.32,2819.10,2641.70,2790.93,6614412,0
COIN.US,D,20200401,000000,2809.85,2852.80,2595.40,2669.84,4787905,0
COIN.US,D,20200402,000000,2592.50,2790.80,2543.08,2787.31,5501840,0
COIN.US,D,20200403,000000,2847.53,2851.79,2636.89,2650.20,8728450,0
COIN.US,D,20200406,000000,2674.58,2794.97,2655.70,2709.86,5146000,0
COIN.US,D,20200406,000000,2677.33,2684.26,2649.16,2652.42,7091454,0
COIN.US,D,20200406,000000,2647.10,2688.80,2503.06,2530.73,8016767,0
COIN.US,D,20200407,000000,2584.05,2607.03,2503.61,2541.61,7083570,0
COIN.US,D,20200408,000000,2512.06,2515.84,2336.50,2368.78,4910145,0
COIN.US,D,20200409,000000,2358.93,2384.92,2216.95,2239.89,3706921,0
COIN.US,D,20200410,000000,2268.47,2373.09,2249.27,2344.01,6184007,0
COIN.US,D,20200413,000000,2338.74,2353.60,2230.82,2239.71,6908776,0
COIN.US,D,20200413,000000,2312.80,2339.61,2298.98,2319.93,8342850,0
COIN.US,D,20200413,000000,2314.89,2441.13,2288.44,2382.00,6307226,0
COIN.US,D,20200414,000000,2372.67,2502.74,2353.86,2456.12,5783574,0
COIN.US,D,20200415,000000,2544.39,2662.48,2538.91,2643.72,7391648,0
COIN.US,D,20200416,000000,2755.28,2763.16,2676.33,2686.34,3185077,0
COIN.US,D,20200417,000000,2632.32,2658.44,2567.91,2575.15,6214231,0
COIN.US,D,20200420,000000,2514.35,2514.91,2510.84,2510.88,4541910,0
COIN.US,D,20200420,000000,2511.58,2579.97,2366.59,2379.25,7298565,0
COIN.US,D,20200420,000000,2374.40,2392.79,2166.94,2222.65,5252228,0
COIN.US,D,20200421,000000,2196.18,2285.33,2184.82,2259.67,6044739,0
COIN.US,D,20200422,000000,2248.53,2276.95,2213.00,2269.85,8689572,0
COIN.US,D,20200423,000000,2271.80,2276.70,2229.58,2242.80,6987418,0
COIN.US,D,20200424,000000,2250.26,2308.26,1818.93,1942.46,5818018,0
COIN.US,D,20200427,000000,1899.83,1951.75,1899.81,1943.17,8563004,0
COIN.US,D,20200427,000000,1918.72,1953.20,1911.44,1947.66,5703521,0
COIN.US,D,20200427,000000,1949.23,1951.34,1939.25,1947.41,4064703,0
COIN.US,D,20200428,000000,1913.46,2225.37,1845.71,2151.93,4287331,0
COIN.US,D,20200429,000000,2179.10,2181.52,2061.25,2104.44,3789939,0
COIN.US,D,20200430,000000,2121.09,2189.48,2097.00,2183.31,4786210,0
COIN.US,D,20200501,000000,2151.06,2171.01,2089.12,2095.26,4997402,0
COIN.US,D,20200504,000000,2064.65,2228.72,2049.93,2215.09,6311269,0
COIN.US,D,20200504,000000,2147.86,2428.20,2119.21,2410.72,5931764,0
COIN.US,D,20200504,000000,2387.36,2394.81,2277.07,2289.82,4479155,0
COIN.US,D,20200505,000000,2294.31,2302.86,2294.18,2296.42,6135324,0
COIN.US,D,20200506,000000,2268.61,2441.84,2254.43,2434.83,8093846,0
COIN.US,D,20200507,000000,2452.40,2480.25,2361.74,2405.60,8684831,0
COIN.US,D,20200508,000000,2420.58,2445.15,2418.06,2425.67,6360483,0
COIN.US,D,20200511,000000,2427.36,2525.55,2411.63,2495.11,7377671,0
COIN.US,D,20200511,000000,2464.03,2606.43,2440.99,2583.90,4816335,0
COIN.US,D,20200511,000000,2578.56,2789.42,2492.45,2690.85,3503222,0
COIN.US,D,20200512,000000,2678.87,2679.87,2678.66,2679.15,3000757,0
COIN.US,D,20200513,000000,2686.16,2694.37,2608.05,2627.85,8784644,0
COIN.US,D,20200514,000000,2610.25,2618.51,2506.08,2530.95,4458731,0
COIN.US,D,20200515,000000,2520.29,2665.75,2479.45,2646.76,3027639,0
COIN.US,D,20200518,000000,2714.42,2789.14,2712.39,2786.47,3245851,0
COIN.US,D,20200518,000000,2821.09,2822.36,2646.23,2698.53,8110768,0
COIN.US,D,20200518,000000,2721.03,2746.03,2472.60,2475.41,4080208,0
COIN.US,D,20200519,000000,2472.33,2475.12,2444.43,2447.07,3246090,0
COIN.US,D,20200520,000000,2498.12,2498.71,2490.37,2497.41,8789028,0
COIN.US,D,20200521,000000,2480.30,2492.22,2435.61,2437.56,4422949,0
COIN.US,D,20200522,000000,2466.95,2470.93,2207.05,2207.20,5418479,0
COIN.US,D,20200525,000000,2214.97,2215.34,2201.85,2203.52,8377481,0
COIN.US,D,20200525,000000,2191.22,2224.28,2110.14,2118.10,8631592,0
COIN.US,D,20200525,000000,2118.27,2148.31,2104.99,2143.23,7335029,0
COIN.US,D,20200526,000000,2141.33,2174.59,2140.35,2157.77,7668778,0
COIN.US,D,20200527,000000,2163.88,2258.33,2161.50,2213.67,6170638,0
COIN.US,D,20200528,000000,2213.79,2273.54,2213.03,2251.88,5496905,0
COIN.US,D,20200529,000000,2242.68,2260.60,2177.46,2193.24,5419118,0
COIN.US,D,20200601,000000,2177.79,2254.29,2173.08,2238.34,4749945,0
COIN.US,D,20200601,000000,2258.09,2262.39,2224.67,2226.73,6164701,0
COIN.US,D,20200601,000000,2232.60,2427.00,2197.06,2338.11,8145250,0
COIN.US,D,20200602,000000,2320.83,2325.88,2223.67,2263.80,5276002,0
COIN.US,D,20200603,000000,2274.88,2399.45,2268.38,2366.51,8669673,0
COIN.US,D,20200604,000000,2389.13,2414.72,2385.22,2412.18,5453288,0
COIN.US,D,20200605,000000,2430.36,2625.96,2419.03,2588.56,8186493,0
COIN.US,D,20200608,000000,2564.97,2606.18,2461.32,2491.22,4645792,0
COIN.US,D,20200608,000000,2487.19,2567.48,2456.75,2541.15,4933501,0
COIN.US,D,20200608,000000,2527.93,2535.04,2477.91,2480.55,8088072,0
COIN.US,D,20200609,000000,2458.55,2508.39,2442.45,2490.69,7330467,0
COIN.US,D,20200610,000000,2484.82,2545.68,2411.68,2432.91,8944981,0
COIN.US,D,20200611,000000,2419.12,2572.15,2388.53,2547.38,6311853,0
COIN.US,D,20200612,000000,2535.04,2550.17,2491.81,2532.94,5783546,0
COIN.US,D,20200615,000000,2524.05,2526.31,2475.54,2483.39,6147012,0
COIN.US,D,20200615,000000,2492.39,2492.89,2426.71,2433.05,8411976,0
COIN.US,D,20200615,000000,2447.97,2485.38,2302.78,2330.59,6856002,0
COIN.US,D,20200616,000000,2341.13,2370.56,2336.46,2361.26,7154542,0
COIN.US,D,20200617,000000,2350.53,2399.96,2341.25,2395.13,3289949,0
COIN.US,D,20200618,000000,2388.60,2407.06,2386.09,2403.00,4150633,0
COIN.US,D,20200619,000000,2409.21,2421.76,2406.59,2421.69,8471811,0
COIN.US,D,20200622,000000,2432.78,2449.05,2378.51,2380.63,4507336,0
COIN.US,D,20200622,000000,2381.42,2398.02,2378.17,2394.14,4131578,0
COIN.US,D,20200622,000000,2394.75,2405.27,2338.57,2350.58,5717196,0
COIN.US,D,20200623,000000,2365.17,2380.54,2269.32,2296.92,7537401,0
COIN.US,D,20200624,000000,2285.52,2350.73,2274.85,2347.18,6128705,0
COIN.US,D,20200625,000000,2340.47,2423.20,2335.59,2400.56,5908809,0
COIN.US,D,20200626,000000,2394.30,2420.70,2393.98,2416.66,8007633,0
COIN.US,D,20200629,000000,2423.79,2426.78,2400.95,2406.74,4791140,0
COIN.US,D,20200629,000000,2401.71,2492.79,2397.15,2458.34,4911853,0
COIN.US,D,20200629,000000,2465.56,2467.15,2452.06,2456.02,5739684,0
COIN.US,D,20200630,000000,2463.94,2485.75,2460.65,2482.88,8041104,0
COIN.US,D,20200701,000000,2483.63,2505.46,2475.95,2500.52,8002625,0
COIN.US,D,20200702,000000,2485.85,2499.12,2440.55,2444.43,3994754,0
COIN.US,D,20200703,000000,2431.10,2475.17,2426.42,2466.84,7198157,0
COIN.US,D,20200706,000000,2466.17,2543.78,2464.10,2526.72,5649982,0
COIN.US,D,20200706,000000,2531.01,2540.44,2529.95,2539.81,6651975,0
COIN.US,D,20200706,000000,2562.10,2580.53,2477.29,2514.87,6812766,0
COIN.US,D,20200707,000000,2522.67,2544.61,2516.91,2534.43,6529033,0
COIN.US,D,20200708,000000,2540.56,2570.64,2523.24,2566.61,7368202,0
COIN.US,D,20200709,000000,2526.66,2584.78,2501.92,2575.42,6751183,0
COIN.US,D,20200710,000000,2583.37,2591.48,2530.29,2560.83,4641600,0
COIN.US,D,20200713,000000,2560.87,2561.90,2551.51,2556.19,6378565,0
COIN.US,D,20200713,000000,2596.47,2615.48,2519.43,2545.79,4183643,0
COIN.US,D,20200713,000000,2541.69,2554.94,2483.37,2489.78,4644395,0
COIN.US,D,20200714,000000,2495.40,2642.08,2492.36,2604.24,7082258,0
COIN.US,D,20200715,000000,2600.03,2611.63,2597.68,2611.22,6789556,0
COIN.US,D,20200716,000000,2624.14,2633.02,2594.71,2598.66,3425412,0
COIN.US,D,20200717,000000,2582.63,2588.30,2505.18,2516.65,7551679,0
COIN.US,D,20200720,000000,2515.41,2567.07,2511.39,2545.52,4323333,0
COIN.US,D,20200720,000000,2559.21,2571.62,2381.42,2443.36,3488833,0
COIN.US,D,20200720,000000,2415.93,2594.68,2406.79,2570.66,8371015,0
COIN.US,D,20200721,000000,2533.79,2614.66,2521.26,2596.45,8425111,0
COIN.US,D,20200722,000000,2556.34,2579.76,2494.52,2524.40,5921992,0
COIN.US,D,20200723,000000,2512.48,2617.65,2500.43,2593.43,6916875,0
COIN.US,D,20200724,000000,2597.40,2716.22,2557.03,2712.61,7099551,0
COIN.US,D,20200727,000000,2773.32,2776.91,2652.14,2658.66,8571966,0
COIN.US,D,20200727,000000,2612.11,2619.47,2607.33,2615.93,3268416,0
COIN.US,D,20200727,000000,2650.26,2691.75,2547.18,2566.35,5017684,0
COIN.US,D,20200728,000000,2573.61,2599.77,2491.51,2504.61,6295439,0
COIN.US,D,20200729,000000,2528.29,2754.38,2463.75,2648.02,5517357,0
COIN.US,D,20200730,000000,2694.88,2704.01,2561.42,2593.45,4347334,0
COIN.US,D,20200731,000000,2630.18,2646.02,2582.15,2592.97,4113455,0
COIN.US,D,20200803,000000,2520.24,2524.61,2406.70,2450.97,6935331,0
COIN.US,D,20200803,000000,2473.92,2588.00,2431.26,2562.39,5847832,0
COIN.US,D,20200803,000000,2551.44,2586.99,2480.74,2516.68,3741523,0
COIN.US,D,20200804,000000,2607.42,2639.19,2592.67,2633.51,4606038,0
COIN.US,D,20200805,000000,2611.28,2712.00,2303.01,2389.01,5704297,0
COIN.US,D,20200806,000000,2426.92,2429.61,2260.43,2287.23,5290847,0
COIN.US,D,20200807,000000,2275.18,2340.14,2237.60,2338.68,7914300,0
COIN.US,D,20200810,000000,2324.87,2334.76,2216.59,2262.25,6824109,0
COIN.US,D,20200810,000000,2267.24,2394.60,2263.62,2348.82,7429935,0
COIN.US,D,20200810,000000,2307.81,2322.25,2301.55,2315.55,4234320,0
COIN.US,D,20200811,000000,2275.72,2399.54,2246.25,2373.35,5170769,0
COIN.US,D,20200812,000000,2349.53,2394.43,2346.30,2382.48,8318345,0
COIN.US,D,20200813,000000,2399.14,2513.72,2110.13,2134.75,5231833,0
COIN.US,D,20200814,000000,2125.27,2131.68,2081.06,2101.35,5391084,0
COIN.US,D,20200817,000000,2049.54,2082.32,2047.90,2070.93,5923563,0
COIN.US,D,20200817,000000,2037.44,2113.33,2008.25,2104.47,4177418,0
COIN.US,D,20200817,000000,2044.44,2239.53,2000.15,2205.43,3339409,0
COIN.US,D,20200818,000000,2229.29,2233.20,2229.02,2233.04,8730095,0
COIN.US,D,20200819,000000,2207.54,2306.69,2181.62,2256.69,6674680,0
COIN.US,D,20200820,000000,2243.54,2355.66,2195.79,2333.39,5688786,0
COIN.US,D,20200821,000000,2344.85,2388.44,2322.91,2386.37,4260390,0
COIN.US,D,20200824,000000,2407.13,2422.35,2374.32,2394.69,6202300,0
COIN.US,D,20200824,000000,2374.33,2409.04,2355.51,2400.53,3859572,0
COIN.US,D,20200824,000000,2345.10,2656.82,2315.26,2588.64,8893573,0
COIN.US,D,20200825,000000,2565.15,2583.54,2487.90,2488.01,5629977,0
COIN.US,D,20200826,000000,2520.90,2760.59,2404.32,2751.02,7353588,0
COIN.US,D,20200827,000000,2686.50,2701.74,2612.51,2639.54,4548978,0
COIN.US,D,20200828,000000,2615.76,2732.65,2606.81,2699.77,7489081,0
COIN.US,D,20200831,000000,2712.39,2728.22,2601.97,2669.09,8070076,0
COIN.US,D,20200831,000000,2671.51,2800.95,2625.72,2798.80,3713295,0
COIN.US,D,20200831,000000,2731.77,2912.23,2727.14,2874.62,7349436,0
COIN.US,D,20200901,000000,2879.45,2896.87,2870.85,2878.68,3315712,0
COIN.US,D,20200902,000000,2890.02,2905.32,2882.73,2904.18,5435980,0
COIN.US,D,20200903,000000,2926.91,2934.69,2562.54,2680.34,7150525,0
COIN.US,D,20200904,000000,2631.52,2655.67,2417.17,2461.04,6252484,0
COIN.US,D,20200907,000000,2466.04,2659.12,2406.14,2642.86,3976767,0
COIN.US,D,20200907,000000,2582.22,2591.52,2508.24,2539.11,5788320,0
COIN.US,D,20200907,000000,2555.94,2581.16,2469.28,2477.02,6016876,0
COIN.US,D,20200908,000000,2397.05,2473.95,2394.00,2446.08,6082609,0
COIN.US,D,20200909,000000,2454.34,2474.80,2213.83,2254.86,3532513,0
COIN.US,D,20200910,000000,2278.50,2325.57,2239.33,2322.75,6468043,0
COIN.US,D,20200911,000000,2278.40,2397.30,2235.94,2347.31,5298034,0
COIN.US,D,20200914,000000,2326.60,2428.24,2286.36,2421.39,7129582,0
COIN.US,D,20200914,000000,2415.24,2472.15,2406.80,2449.39,4163519,0
COIN.US,D,20200914,000000,2356.26,2800.20,2344.45,2681.05,8793236,0
COIN.US,D,20200915,000000,2669.75,2703.24,2611.18,2635.38,8008669,0
COIN.US,D,20200916,000000,2696.78,2733.15,2544.25,2638.70,8364215,0
COIN.US,D,20200917,000000,2543.12,3063.97,2537.88,2982.91,3835039,0
COIN.US,D,20200918,000000,2895.29,3383.54,2854.67,3165.12,6552205,0
COIN.US,D,20200921,000000,3165.85,3208.94,3081.65,3112.79,5476917,0
COIN.US,D,20200921,000000,3131.80,3288.05,3075.92,3272.96,5017509,0
COIN.US,D,20200921,000000,3266.26,3284.69,2852.34,2929.94,6287428,0
COIN.US,D,20200922,000000,2838.65,3055.86,2820.82,3032.83,8533066,0
COIN.US,D,20200923,000000,3051.53,3064.22,2839.81,2874.60,7541838,0
COIN.US,D,20200924,000000,2759.76,2870.01,2262.13,2414.23,5050503,0
COIN.US,D,20200925,000000,2478.86,2648.77,2466.49,2594.34,5535618,0
COIN.US,D,20200928,000000,2553.98,2566.22,2213.13,2250.60,6246109,0
COIN.US,D,20200928,000000,2270.95,2280.43,2242.30,2251.23,6070435,0
COIN.US,D,20200928,000000,2263.07,2269.85,2236.80,2266.46,7176626,0
COIN.US,D,20200929,000000,2266.31,2323.67,2264.08,2308.50,6143173,0
COIN.US,D,20200930,000000,2346.22,2359.97,2339.31,2358.59,3115615,0
COIN.US,D,20201001,000000,2338.42,2363.24,2138.82,2157.75,7360538,0
COIN.US,D,20201002,000000,2140.67,2159.91,2138.50,2154.77,3804382,0
COIN.US,D,20201005,000000,2160.22,2200.24,2139.79,2184.97,7534043,0
COIN.US,D,20201005,000000,2209.61,2265.91,1898.18,2031.14,5483111,0
COIN.US,D,20201005,000000,2031.58,2272.04,1996.65,2210.47,8797590,0
COIN.US,D,20201006,000000,2194.52,2353.88,2186.56,2296.17,3448349,0
COIN.US,D,20201007,000000,2397.58,2419.97,2326.50,2340.88,8801930,0
COIN.US,D,20201008,000000,2390.72,2602.62,2315.00,2557.44,7828023,0
COIN.US,D,20201009,000000,2585.94,2808.69,2515.19,2751.64,6418041,0
COIN.US,D,20201012,000000,2755.90,2792.28,2322.02,2490.18,5737713,0
COIN.US,D,20201012,000000,2437.54,2531.32,2373.48,2478.92,8678315,0
COIN.US,D,20201012,000000,2556.95,2571.20,2036.18,2231.61,4712644,0
COIN.US,D,20201013,000000,2198.75,2514.32,2191.99,2412.79,4812062,0
COIN.US,D,20201014,000000,2452.12,2596.59,2429.31,2500.95,7343145,0
COIN.US,D,20201015,000000,2577.87,2581.57,2576.62,2581.19,6892224,0
COIN.US,D,20201016,000000,2554.19,2599.28,2546.24,2597.85,4870084,0
COIN.US,D,20201019,000000,2596.23,2772.19,2581.49,2753.44,7555292,0
COIN.US,D,20201019,000000,2676.82,2712.07,2651.48,2693.44,6080645,0
COIN.US,D,20201019,000000,2732.46,2825.14,2688.48,2814.45,7857760,0
COIN.US,D,20201020,000000,2773.78,3191.37,2691.97,3071.66,4620801,0
COIN.US,D,20201021,000000,3072.05,3146.26,3039.09,3132.94,5756692,0
COIN.US,D,20201022,000000,2996.07,3303.42,2929.06,3205.87,3174779,0
COIN.US,D,20201023,000000,3213.75,3791.59,3190.69,3606.89,7339912,0
COIN.US,D,20201026,000000,3641.59,3806.42,3546.45,3731.50,7532772,0
COIN.US,D,20201026,000000,3792.74,3875.46,3528.91,3538.04,8887853,0
COIN.US,D,20201026,000000,3666.86,3780.40,3631.79,3766.20,3362718,0
COIN.US,D,20201027,000000,3883.73,3940.40,3667.59,3711.76,5070200,0
COIN.US,D,20201028,000000,3754.06,3964.35,3743.83,3879.91,3906274,0
COIN.US,D,20201029,000000,4031.50,4039.57,3884.73,3946.29,4956078,0
COIN.US,D,20201030,000000,3987.10,4123.21,3984.89,4087.11,3886392,0
COIN.US,D,20201102,000000,4146.84,4147.63,3892.48,3909.81,6791729,0
COIN.US,D,20201102,000000,3913.45,3925.86,3757.99,3795.12,3797069,0
COIN.US,D,20201102,000000,3662.49,4028.71,3489.68,4023.33,8836505,0
COIN.US,D,20201103,000000,3934.11,4032.32,3657.33,3745.01,7924876,0
COIN.US,D,20201104,000000,3699.01,3882.99,3670.01,3872.77,8798909,0
COIN.US,D,20201105,000000,3743.43,4243.18,3650.85,4153.69,8443083,0
COIN.US,D,20201106,000000,4125.18,4324.54,4120.11,4285.01,3887335,0
COIN.US,D,20201109,000000,4423.94,4659.61,4376.96,4543.95,3475448,0
COIN.US,D,20201109,000000,4517.72,4561.99,4516.85,4542.83,7720295,0
COIN.US,D,20201109,000000,4507.99,4588.60,3926.25,3948.41,5764436,0
COIN.US,D,20201110,000000,3970.68,4383.97,3960.22,4258.73,5048555,0
COIN.US,D,20201111,000000,4281.78,4495.84,4244.55,4489.55,3655962,0
COIN.US,D,20201112,000000,4450.04,4465.31,3915.90,3964.35,5240784,0
COIN.US,D,20201113,000000,3979.37,4004.32,3922.30,3924.83,4841801,0
COIN.US,D,20201116,000000,3939.25,3968.88,3901.49,3942.74,3643631,0
COIN.US,D,20201116,000000,4043.28,4172.04,3763.15,3847.66,8656996,0
COIN.US,D,20201116,000000,3857.57,4057.04,3843.29,4012.29,5920519,0
COIN.US,D,20201117,000000,4016.74,4373.69,3951.39,4197.58,5190291,0
COIN.US,D,20201118,000000,4273.35,4330.27,4061.89,4093.59,8748868,0
COIN.US,D,20201119,000000,4113.73,4140.12,3923.25,3947.98,4460133,0
COIN.US,D,20201120,000000,3860.72,4280.09,3793.28,4166.50,7035165,0
COIN.US,D,20201123,000000,4186.12,4281.51,4033.07,4055.25,3173875,0
COIN.US,D,20201123,000000,4034.68,4041.05,4020.21,4022.63,7139211,0
COIN.US,D,20201123,000000,3988.29,4316.45,3953.85,4237.65,4019224,0
COIN.US,D,20201124,000000,4270.75,4317.16,3568.95,3850.10,7904732,0
COIN.US,D,20201125,000000,3869.56,3877.48,3858.72,3862.00,8037496,0
COIN.US,D,20201126,000000,3861.62,3920.09,3553.11,3670.20,6976957,0
COIN.US,D,20201127,000000,3654.63,3757.03,3648.72,3741.72,8342990,0
COIN.US,D,20201130,000000,3756.60,3790.71,3429.53,3484.01,4873537,0
COIN.US,D,20201130,000000,3448.91,3536.80,3431.15,3508.25,3718957,0
COIN.US,D,20201130,000000,3552.04,3574.38,3550.66,3563.94,8991494,0
COIN.US,D,20201201,000000,3505.90,3612.52,3455.60,3594.82,6227033,0
COIN.US,D,20201202,000000,3546.55,3549.54,3526.91,3539.84,6469411,0
COIN.US,D,20201203,000000,3492.92,3522.69,3491.18,3522.06,6029689,0
COIN.US,D,20201204,000000,3505.89,3654.26,3467.36,3626.25,7562658,0
COIN.US,D,20201207,000000,3606.77,3627.41,3436.05,3438.11,4311817,0
COIN.US,D,20201207,000000,3431.54,3559.85,3416.44,3519.64,5595483,0
COIN.US,D,20201207,000000,3482.35,3625.99,3391.84,3603.04,3475283,0
COIN.US,D,20201208,000000,3610.67,3711.74,3265.57,3416.05,8695813,0
COIN.US,D,20201209,000000,3406.82,3412.98,3266.00,3290.63,4287696,0
COIN.US,D,20201210,000000,3275.73,3343.96,3257.63,3333.85,7832334,0
COIN.US,D,20201211,000000,3315.04,3709.82,3243.36,3568.99,5027755,0
COIN.US,D,20201214,000000,3571.78,3593.06,3442.96,3482.44,3808254,0
COIN.US,D,20201214,000000,3467.66,3477.89,3448.93,3458.03,4363117,0
COIN.US,D,20201214,000000,3489.52,3491.24,3481.96,3487.61,7999928,0
COIN.US,D,20201215,000000,3475.80,3501.29,3468.26,3496.88,5200921,0
COIN.US,D,20201216,000000,3494.06,3545.08,3492.28,3521.33,4526427,0
COIN.US,D,20201217,000000,3488.14,3504.27,3487.01,3495.54,4622508,0
COIN.US,D,20201218,000000,3515.82,3748.05,3497.94,3653.61,8495408,0
COIN.US,D,20201221,000000,3633.79,3935.20,3555.25,3876.12,4792941,0
COIN.US,D,20201221,000000,3941.40,4021.89,3940.94,3998.64,8168686,0
COIN.US,D,20201221,000000,4026.69,4048.93,3935.64,3957.42,8014093,0
COIN.US,D,20201222,000000,3975.66,4033.13,3803.00,3855.42,3476723,0
COIN.US,D,20201223,000000,3863.37,3889.77,3855.90,3889.09,7699944,0
COIN.US,D,20201224,000000,3882.14,3885.35,3880.03,3884.27,4049853,0
COIN.US,D,20201225,000000,3883.79,3965.32,3876.04,3940.67,4814279,0
COIN.US,D,20201228,000000,3964.78,3974.48,3936.50,3965.28,4831038,0
COIN.US,D,20201228,000000,3961.94,4004.64,3947.47,4003.89,5421954,0
COIN.US,D,20201228,000000,3957.99,4150.40,3932.33,4145.00,5973211,0
COIN.US,D,20201229,000000,4134.03,4173.27,4131.66,4171.64,4097893,0
COIN.US,D,20201230,000000,4167.31,4186.22,4125.93,4139.37,6064064,0
COIN.US,D,20201231,000000,4168.89,4191.20,4167.18,4187.71,6193278,0
COIN.US,D,20210101,000000,4174.73,4187.28,4128.17,4131.49,4228127,0
COIN.US,D,20210104,000000,4109.50,4166.52,4105.82,4157.86,6519900,0
COIN.US,D,20210104,000000,4152.83,4247.37,4139.36,4224.87,7661270,0
COIN.US,D,20210104,000000,4194.98,4200.22,4016.70,4079.54,4496135,0
COIN.US,D,20210105,000000,4087.62,4092.91,4044.35,4049.46,3470902,0
COIN.US,D,20210106,000000,4041.78,4164.06,4024.38,4120.79,7531206,0
COIN.US,D,20210107,000000,4124.81,4186.20,4101.68,4179.27,6101039,0
COIN.US,D,20210108,000000,4153.15,4229.80,4141.82,4202.41,7889988,0
COIN.US,D,20210111,000000,4179.55,4222.68,4171.21,4221.82,5415186,0
COIN.US,D,20210111,000000,4251.75,4256.06,4198.54,4209.76,4215045,0
COIN.US,D,20210111,000000,4237.18,4308.54,4226.57,4273.88,5345928,0
COIN.US,D,20210112,000000,4262.83,4295.38,4231.67,4292.63,5835772,0
COIN.US,D,20210113,000000,4271.75,4313.55,4256.81,4290.92,5505093,0
COIN.US,D,20210114,000000,4306.50,4314.02,4261.91,4263.44,7254815,0
COIN.US,D,20210115,000000,4268.91,4271.05,4247.97,4251.74,6672550,0
COIN.US,D,20210118,000000,4245.92,4249.98,4227.88,4229.07,8884721,0
COIN.US,D,20210118,000000,4242.98,4298.62,4220.49,4281.82,8173837,0
COIN.US,D,20210118,000000,4297.40,4298.94,4249.30,4250.60,3185141,0
COIN.US,D,20210119,000000,4255.27,4255.45,4195.82,4227.15,6997565,0
COIN.US,D,20210120,000000,4242.10,4280.55,4225.21,4249.97,7670877,0
COIN.US,D,20210121,000000,4235.50,4353.01,4225.70,4291.83,5036773,0
COIN.US,D,20210122,000000,4310.58,4318.07,4310.16,4313.39,5832692,0
COIN.US,D,20210125,000000,4309.75,4354.01,4296.02,4342.75,6788975,0
COIN.US,D,20210125,000000,4362.87,4366.51,4308.46,4318.25,3561623,0
COIN.US,D,20210125,000000,4310.55,4311.24,4285.83,4290.89,5601050,0
COIN.US,D,20210126,000000,4286.90,4291.59,4284.95,4288.68,7408582,0
COIN.US,D,20210127,000000,4257.08,4295.97,4246.13,4288.37,6366674,0
COIN.US,D,20210128,000000,4305.02,4307.44,4234.60,4251.09,5118066,0
COIN.US,D,20210129,000000,4263.26,4265.50,4252.67,4255.40,7558619,0
COIN.US,D,20210201,000000,4250.45,4252.57,4197.18,4214.77,3413377,0
COIN.US,D,20210201,000000,4229.48,4288.28,4215.42,4264.34,6100216,0
COIN.US,D,20210201,000000,4276.57,4388.64,4215.31,4381.51,8188522,0
COIN.US,D,20210202,000000,4366.80,4417.36,4360.42,4412.14,7911623,0
COIN.US,D,20210203,000000,4406.50,4432.70,4399.59,4417.75,3464976,0
COIN.US,D,20210204,000000,4435.05,4440.09,4434.17,4439.97,3172797,0
COIN.US,D,20210205,000000,4436.91,4457.64,4435.34,4455.70,3125357,0
COIN.US,D,20210208,000000,4464.41,4464.54,4444.39,4446.83,5262414,0
COIN.US,D,20210208,000000,4425.39,4468.94,4415.15,4457.60,4594327,0
COIN.US,D,20210208,000000,4461.43,4488.02,4443.64,4476.93,7413530,0
COIN.US,D,20210209,000000,4508.57,4516.39,4492.38,4496.99,5349306,0
COIN.US,D,20210210,000000,4534.46,4540.89,4450.05,4468.04,6449516,0
COIN.US,D,20210211,000000,4440.60,4475.33,4168.95,4280.70,8783580,0
COIN.US,D,20210212,000000,4313.86,4327.05,4157.91,4181.32,6067312,0
COIN.US,D,20210215,000000,4149.44,4281.53,4136.45,4237.97,3992927,0
COIN.US,D,20210215,000000,4241.60,4252.38,4240.14,4245.35,3775096,0
COIN.US,D,20210215,000000,4199.37,4359.43,4171.58,4310.02,3584090,0
COIN.US,D,20210216,000000,4317.56,4391.09,4316.27,4348.18,4437725,0
COIN.US,D,20210217,000000,4363.66,4472.75,4361.41,4436.64,5085010,0
COIN.US,D,20210218,000000,4441.30,4441.44,4300.41,4302.56,4614864,0
COIN.US,D,20210219,000000,4315.64,4327.36,4218.71,4238.06,7589370,0
COIN.US,D,20210222,000000,4211.87,4296.84,4076.62,4092.21,7339775,0
COIN.US,D,20210222,000000,4051.20,4060.73,3861.87,3872.76,3349389,0
COIN.US,D,20210222,000000,3880.48,3971.52,3872.83,3961.23,6180665,0
COIN.US,D,20210223,000000,4012.03,4153.78,4006.11,4143.73,6866650,0
COIN.US,D,20210224,000000,4160.81,4168.53,4156.35,4156.68,6325689,0
COIN.US,D,20210225,000000,4186.66,4204.16,4128.83,4131.98,3733239,0
COIN.US,D,20210226,000000,4137.14,4197.98,4130.08,4189.16,4188938,0
COIN.US,D,20210301,000000,4139.71,4159.15,4055.78,4064.84,3091012,0
COIN.US,D,20210301,000000,4065.71,4184.65,4063.71,4166.00,3932822,0
COIN.US,D,20210301,000000,4184.99,4201.31,4102.31,4119.50,5425459,0
COIN.US,D,20210302,000000,4097.28,4269.80,4088.91,4206.48,4767885,0
COIN.US,D,20210303,000000,4176.91,4409.15,4156.93,4366.90,5541168,0
COIN.US,D,20210304,000000,4320.92,4372.49,4109.80,4139.58,4391060,0
COIN.US,D,20210305,000000,4164.02,4166.27,4119.07,4135.58,5577286,0
COIN.US,D,20210308,000000,4101.71,4127.72,4094.89,4121.64,6108630,0
COIN.US,D,20210308,000000,4091.91,4130.64,4084.69,4114.43,5605509,0
COIN.US,D,20210308,000000,4090.48,4192.01,4082.00,4167.04,8054101,0
COIN.US,D,20210309,000000,4183.97,4193.39,4143.74,4152.35,4666668,0
COIN.US,D,20210310,000000,4195.33,4259.37,4085.41,4131.58,7843558,0
COIN.US,D,20210311,000000,4132.09,4143.89,4080.23,4088.39,6997849,0
COIN.US,D,20210312,000000,4098.91,4101.13,3877.89,3885.45,4940566,0
COIN.US,D,20210315,000000,3889.45,3889.59,3859.60,3860.04,4786536,0
COIN.US,D,20210315,000000,3868.96,3876.84,3797.18,3820.40,8533970,0
COIN.US,D,20210315,000000,3799.51,3890.34,3798.34,3878.60,5460652,0
COIN.US,D,20210316,000000,3865.84,3881.71,3778.47,3811.47,7906449,0
COIN.US,D,20210317,000000,3820.95,3825.61,3766.92,3784.05,8524497,0
COIN.US,D,20210318,000000,3776.33,3840.51,3767.54,3832.43,3538321,0
COIN.US,D,20210319,000000,3836.63,3846.25,3836.57,3842.33,6149812,0
COIN.US,D,20210322,000000,3836.86,3915.79,3835.58,3880.75,3454525,0
COIN.US,D,20210322,000000,3881.49,3999.94,3851.20,3965.04,3807270,0
COIN.US,D,20210322,000000,3971.28,3985.25,3821.61,3871.39,6779723,0
COIN.US,D,20210323,000000,3867.39,4023.19,3818.73,3960.25,7873056,0
COIN.US,D,20210324,000000,3937.25,3944.71,3846.80,3851.63,5605966,0
COIN.US,D,20210325,000000,3846.51,3849.84,3826.25,3836.92,4257436,0
COIN.US,D,20210326,000000,3881.85,4013.46,3848.40,3978.77,5470161,0
COIN.US,D,20210329,000000,4004.47,4014.38,3990.37,3992.94,7809499,0
COIN.US,D,20210329,000000,4016.28,4194.86,4014.55,4147.77,3994294,0
COIN.US,D,20210329,000000,4137.75,4144.98,4089.21,4108.57,7495820,0
COIN.US,D,20210330,000000,4133.55,4133.81,4130.16,4131.32,3844536,0
COIN.US,D,20210331,000000,4140.01,4142.59,4086.99,4095.67,7460163,0
COIN.US,D,20210401,000000,4105.37,4137.78,4090.25,4125.43,4843598,0
COIN.US,D,20210402,000000,4144.38,4164.52,4028.67,4049.96,4124232,0
COIN.US,D,20210405,000000,4050.61,4054.49,4029.03,4037.99,6010883,0
