<TICKER>,<PER>,<DATE>,<TIME>,<OPEN>,<HIGH>,<LOW>,<CLOSE>,<VOL>,<OPENINT>
COST.US,D,20180102,000000,550.56,556.84,515.79,532.74,1870203,0
COST.US,D,20180103,000000,534.17,553.89,533.12,549.87,957297,0
COST.US,D,20180104,000000,548.20,550.08,548.14,549.36,1167489,0
COST.US,D,20180105,000000,546.47,558.10,541.46,557.96,1888360,0
COST.US,D,20180108,000000,558.25,565.22,557.90,563.34,966024,0
COST.US,D,20180108,000000,563.77,567.86,563.65,566.57,1241797,0
COST.US,D,20180108,000000,571.09,578.84,567.51,577.06,1711215,0
COST.US,D,20180109,000000,570.05,570.30,566.91,567.64,1203191,0
COST.US,D,20180110,000000,566.73,568.88,554.20,557.47,1093355,0
COST.US,D,20180111,000000,556.82,560.95,556.05,559.18,1480003,0
COST.US,D,20180112,000000,557.81,582.67,549.08,576.57,1232846,0
COST.US,D,20180115,000000,577.99,580.28,577.58,578.84,1556969,0
COST.US,D,20180115,000000,578.16,588.26,575.35,583.54,2134310,0
COST.US,D,20180115,000000,585.85,588.55,571.95,574.51,843243,0
COST.US,D,20180116,000000,576.39,578.07,572.10,573.25,1470111,0
COST.US,D,20180117,000000,572.62,572.79,565.95,566.66,1144039,0
COST.US,D,20180118,000000,565.56,566.51,565.41,566.37,1319863,0
COST.US,D,20180119,000000,568.53,570.73,565.32,565.76,1977925,0
COST.US,D,20180122,000000,564.34,564.57,560.69,561.08,1917161,0
COST.US,D,20180122,000000,561.67,564.06,558.60,560.89,1075081,0
COST.US,D,20180122,000000,560.31,560.92,556.24,557.28,1209979,0
COST.US,D,20180123,000000,557.36,558.82,557.21,557.96,1848159,0
COST.US,D,20180124,000000,557.35,560.67,556.23,559.91,1427604,0
COST.US,D,20180125,000000,559.14,562.61,558.95,561.65,1788392,0
COST.US,D,20180126,000000,561.15,562.25,560.77,561.90,2056186,0
COST.US,D,20180129,000000,560.84,565.02,558.06,563.64,843271,0
COST.US,D,20180129,000000,563.16,563.66,562.98,563.24,1735057,0
COST.US,D,20180129,000000,563.79,565.44,563.19,565.28,1667879,0
COST.US,D,20180130,000000,565.88,567.67,565.76,567.59,1243295,0
COST.US,D,20180131,000000,567.73,574.85,566.96,573.87,981234,0
COST.US,D,20180201,000000,572.81,577.15,572.72,574.89,1338630,0
COST.US,D,20180202,000000,574.73,575.08,573.74,573.78,1038900,0
COST.US,D,20180205,000000,572.88,575.54,572.50,574.41,2218964,0
COST.US,D,20180205,000000,574.92,575.39,573.11,573.58,1399984,0
COST.US,D,20180205,000000,575.20,580.59,573.73,578.32,2098318,0
COST.US,D,20180206,000000,578.73,578.94,575.24,575.76,818468,0
COST.US,D,20180207,000000,576.34,577.13,570.56,573.63,1194695,0
COST.US,D,20180208,000000,570.84,576.89,569.81,575.61,990795,0
COST.US,D,20180209,000000,573.01,573.73,565.89,566.27,2208837,0
COST.US,D,20180212,000000,568.29,569.89,567.76,569.33,1756075,0
COST.US,D,20180212,000000,572.94,574.91,561.48,565.05,2076204,0
COST.US,D,20180212,000000,560.69,562.53,555.73,556.84,908377,0
COST.US,D,20180213,000000,558.18,561.89,544.37,546.56,1661076,0
COST.US,D,20180214,000000,545.19,550.63,545.18,549.86,1666302,0
COST.US,D,20180215,000000,550.88,551.97,548.01,548.73,1496353,0
COST.US,D,20180216,000000,547.07,559.14,546.72,556.44,2192982,0
COST.US,D,20180219,000000,554.65,572.65,552.87,569.75,941326,0
COST.US,D,20180219,000000,570.89,587.61,570.35,583.51,783958,0
COST.US,D,20180219,000000,581.85,583.40,574.63,576.18,1776820,0
COST.US,D,20180220,000000,573.00,583.44,567.66,582.65,1467090,0
COST.US,D,20180221,000000,582.93,583.07,560.70,571.13,1924909,0
COST.US,D,20180222,000000,570.79,570.89,569.88,570.37,2137228,0
COST.US,D,20180223,000000,574.76,575.96,574.51,575.56,2237727,0
COST.US,D,20180226,000000,578.73,585.51,577.79,582.94,907699,0
COST.US,D,20180226,000000,584.71,590.43,584.27,589.47,1253121,0
COST.US,D,20180226,000000,587.14,597.96,586.36,597.36,995852,0
COST.US,D,20180227,000000,595.69,613.19,594.78,610.15,1801690,0
COST.US,D,20180228,000000,608.87,611.21,598.16,603.06,764826,0
COST.US,D,20180301,000000,606.72,607.24,599.09,599.81,1147763,0
COST.US,D,20180302,000000,596.69,615.31,595.73,611.37,1715898,0
COST.US,D,20180305,000000,612.37,628.50,608.84,622.71,1990069,0
COST.US,D,20180305,000000,620.79,645.16,620.14,636.39,1558185,0
COST.US,D,20180305,000000,640.75,643.52,640.25,642.50,2200670,0
COST.US,D,20180306,000000,644.26,651.93,643.99,650.50,2075543,0
COST.US,D,20180307,000000,645.61,674.47,636.56,668.31,2102725,0
COST.US,D,20180308,000000,667.69,670.31,662.59,663.55,2075337,0
COST.US,D,20180309,000000,671.17,684.33,668.89,681.21,1572426,0
COST.US,D,20180312,000000,672.73,684.58,671.90,680.87,776297,0
COST.US,D,20180312,000000,678.08,678.72,656.08,663.56,801868,0
COST.US,D,20180312,000000,659.86,660.37,623.41,627.75,2169167,0
COST.US,D,20180313,000000,633.18,633.21,615.58,619.84,1323746,0
COST.US,D,20180314,000000,620.06,636.04,618.85,632.74,1215362,0
COST.US,D,20180315,000000,634.13,648.19,604.08,610.57,1658777,0
COST.US,D,20180316,000000,617.48,618.69,604.74,605.69,1561315,0
COST.US,D,20180319,000000,610.37,611.57,587.67,589.26,2114862,0
COST.US,D,20180319,000000,586.11,601.86,561.59,564.70,1118375,0
COST.US,D,20180319,000000,556.68,580.75,555.94,571.89,920263,0
COST.US,D,20180320,000000,567.82,569.21,545.48,548.75,2064822,0
COST.US,D,20180321,000000,542.49,545.20,541.25,544.94,1164990,0
COST.US,D,20180322,000000,545.47,546.89,544.72,546.49,1482256,0
COST.US,D,20180323,000000,540.37,542.39,530.93,534.89,2116342,0
COST.US,D,20180326,000000,535.90,560.57,530.19,552.33,1914553,0
COST.US,D,20180326,000000,551.34,562.22,548.64,557.60,1354710,0
COST.US,D,20180326,000000,554.96,555.32,552.28,552.80,882123,0
COST.US,D,20180327,000000,558.92,561.03,541.40,546.56,2210646,0
COST.US,D,20180328,000000,542.70,561.62,541.99,559.38,2068119,0
COST.US,D,20180329,000000,564.45,577.40,563.92,573.67,1621286,0
COST.US,D,20180330,000000,568.31,598.18,564.93,591.11,2061864,0
COST.US,D,20180402,000000,594.34,596.00,583.84,585.57,1669440,0
COST.US,D,20180402,000000,583.40,584.07,563.91,567.36,1221486,0
COST.US,D,20180402,000000,564.04,564.47,562.92,563.05,1759136,0
COST.US,D,20180403,000000,571.64,579.16,533.11,539.86,1654234,0
COST.US,D,20180404,000000,532.82,533.11,532.77,532.82,1642769,0
COST.US,D,20180405,000000,534.21,535.56,524.01,525.80,1856981,0
COST.US,D,20180406,000000,523.66,527.01,515.53,518.63,1517738,0
COST.US,D,20180409,000000,515.49,522.81,514.85,521.83,1539350,0
COST.US,D,20180409,000000,519.83,527.55,518.47,522.41,1237980,0
COST.US,D,20180409,000000,522.24,524.82,516.33,518.06,1134119,0
COST.US,D,20180410,000000,514.78,574.45,510.95,553.15,1341111,0
COST.US,D,20180411,000000,552.97,554.92,552.23,553.43,1003871,0
COST.US,D,20180412,000000,553.48,554.38,552.73,553.10,1220841,0
COST.US,D,20180413,000000,551.05,565.37,548.92,557.64,2046776,0
COST.US,D,20180416,000000,562.87,564.98,557.06,559.40,1630857,0
COST.US,D,20180416,000000,558.51,562.18,557.35,561.07,1891068,0
COST.US,D,20180416,000000,558.46,574.47,557.39,574.10,1656313,0
COST.US,D,20180417,000000,572.13,580.61,571.17,576.90,1063342,0
COST.US,D,20180418,000000,578.19,581.77,578.04,579.85,1554738,0
COST.US,D,20180419,000000,581.21,584.07,571.69,572.24,961175,0
COST.US,D,20180420,000000,570.78,572.24,561.50,562.69,1235448,0
COST.US,D,20180423,000000,556.78,561.42,542.85,545.14,2056136,0
COST.US,D,20180423,000000,552.45,581.29,550.04,568.60,1463941,0
COST.US,D,20180423,000000,578.90,587.00,549.58,558.74,1181127,0
COST.US,D,20180424,000000,558.87,560.89,544.29,546.48,1782366,0
COST.US,D,20180425,000000,553.25,558.44,521.87,525.72,1907500,0
COST.US,D,20180426,000000,527.39,528.38,507.55,514.59,1456546,0
COST.US,D,20180427,000000,516.19,519.06,492.21,500.11,845209,0
COST.US,D,20180430,000000,501.50,504.40,491.82,492.35,1670691,0
COST.US,D,20180430,000000,490.24,495.39,464.54,470.99,1593415,0
COST.US,D,20180430,000000,468.61,470.16,453.33,453.36,2171042,0
COST.US,D,20180501,000000,456.39,484.77,456.25,476.69,1056850,0
COST.US,D,20180502,000000,480.82,483.19,469.55,472.05,750968,0
COST.US,D,20180503,000000,472.43,481.43,470.57,479.09,1301464,0
COST.US,D,20180504,000000,476.31,485.83,475.09,482.43,1410989,0
COST.US,D,20180507,000000,486.37,489.08,486.09,488.48,908781,0
COST.US,D,20180507,000000,489.20,508.69,487.22,503.26,2223374,0
COST.US,D,20180507,000000,503.90,522.08,503.24,520.76,2229298,0
COST.US,D,20180508,000000,516.84,538.53,512.91,531.78,857286,0
COST.US,D,20180509,000000,529.43,534.27,528.92,532.51,2137430,0
COST.US,D,20180510,000000,529.85,531.24,518.33,518.78,1740703,0
COST.US,D,20180511,000000,515.82,517.79,501.79,503.74,1887843,0
COST.US,D,20180514,000000,506.36,508.35,486.32,490.50,2109617,0
COST.US,D,20180514,000000,485.64,533.10,484.42,517.94,1909116,0
COST.US,D,20180514,000000,517.36,518.10,509.60,510.13,1234191,0
COST.US,D,20180515,000000,507.45,509.81,495.62,498.02,1186391,0
COST.US,D,20180516,000000,498.02,510.87,496.06,509.55,1194015,0
COST.US,D,20180517,000000,510.92,517.18,508.51,514.21,891194,0
COST.US,D,20180518,000000,514.74,523.78,513.65,519.97,1246211,0
COST.US,D,20180521,000000,514.74,515.19,502.39,504.06,1636650,0
COST.US,D,20180521,000000,502.37,522.97,497.51,518.24,1794360,0
COST.US,D,20180521,000000,524.08,525.41,517.49,518.60,1672969,0
COST.US,D,20180522,000000,514.89,525.38,513.52,520.96,1204037,0
COST.US,D,20180523,000000,517.27,537.09,516.68,533.58,1796956,0
COST.US,D,20180524,000000,535.04,561.81,526.66,548.13,1858314,0
COST.US,D,20180525,000000,553.59,571.30,549.54,568.83,1895699,0
COST.US,D,20180528,000000,577.63,582.65,569.99,573.06,1948440,0
COST.US,D,20180528,000000,581.43,584.30,548.35,557.93,1686580,0
COST.US,D,20180528,000000,562.25,594.37,561.75,578.51,1675884,0
COST.US,D,20180529,000000,583.28,590.69,559.06,571.63,1316899,0
COST.US,D,20180530,000000,564.98,602.67,559.50,590.78,1532137,0
COST.US,D,20180531,000000,594.37,595.47,565.55,572.38,948635,0
COST.US,D,20180601,000000,573.07,601.72,559.22,600.03,1745466,0
COST.US,D,20180604,000000,604.56,610.61,590.18,592.37,1317966,0
COST.US,D,20180604,000000,587.01,613.80,586.79,610.46,1733847,0
COST.US,D,20180604,000000,607.21,619.72,606.41,613.81,817355,0
COST.US,D,20180605,000000,609.75,644.05,607.76,642.03,1026684,0
COST.US,D,20180606,000000,636.78,639.65,623.48,629.58,1704984,0
COST.US,D,20180607,000000,629.01,666.29,620.13,650.98,2019091,0
COST.US,D,20180608,000000,643.04,644.49,635.79,640.81,1816990,0
COST.US,D,20180611,000000,638.41,640.47,617.06,618.90,2247988,0
COST.US,D,20180611,000000,615.83,621.43,580.57,598.43,1258757,0
COST.US,D,20180611,000000,603.64,617.04,595.92,609.32,1679651,0
COST.US,D,20180612,000000,604.52,646.77,603.56,631.80,829386,0
COST.US,D,20180613,000000,639.44,644.56,635.64,644.35,1088878,0
COST.US,D,20180614,000000,646.12,650.58,637.35,641.35,1363577,0
COST.US,D,20180615,000000,651.15,656.57,616.31,624.04,917065,0
COST.US,D,20180618,000000,622.65,673.14,620.40,651.93,2224926,0
COST.US,D,20180618,000000,666.09,668.07,657.23,657.98,1478833,0
COST.US,D,20180618,000000,656.90,669.78,652.70,664.19,1020535,0
COST.US,D,20180619,000000,663.61,687.94,658.97,682.76,1488233,0
COST.US,D,20180620,000000,680.42,687.61,642.57,650.80,1330745,0
COST.US,D,20180621,000000,658.81,661.97,647.92,649.01,2151678,0
COST.US,D,20180622,000000,646.98,650.76,646.20,649.17,806834,0
COST.US,D,20180625,000000,648.98,651.05,617.49,621.44,2006267,0
COST.US,D,20180625,000000,623.56,627.15,621.95,626.31,1390633,0
COST.US,D,20180625,000000,632.19,633.91,627.10,627.52,1846383,0
COST.US,D,20180626,000000,629.27,634.19,609.13,613.59,1867063,0
COST.US,D,20180627,000000,612.52,623.49,607.05,621.97,2138579,0
COST.US,D,20180628,000000,618.96,638.74,612.73,634.26,1075189,0
COST.US,D,20180629,000000,635.22,635.70,627.92,630.84,2171322,0
COST.US,D,20180702,000000,628.51,632.42,596.20,608.10,840509,0
COST.US,D,20180702,000000,606.19,611.78,604.10,609.68,1389716,0
COST.US,D,20180702,000000,610.57,611.88,599.53,602.04,814256,0
COST.US,D,20180703,000000,597.67,601.04,588.60,588.60,1561308,0
COST.US,D,20180704,000000,588.34,611.29,587.39,599.69,1439682,0
COST.US,D,20180705,000000,599.78,600.36,594.98,596.88,1328653,0
COST.US,D,20180706,000000,599.89,603.07,598.96,601.41,1546607,0
COST.US,D,20180709,000000,606.80,607.38,596.14,599.05,1849054,0
COST.US,D,20180709,000000,597.72,601.28,597.71,600.74,1725358,0
COST.US,D,20180709,000000,603.73,606.03,589.58,594.35,875706,0
COST.US,D,20180710,000000,588.51,590.53,587.09,588.19,1794612,0
COST.US,D,20180711,000000,588.08,588.75,576.21,582.17,2073205,0
COST.US,D,20180712,000000,586.03,586.05,566.29,573.86,1790414,0
COST.US,D,20180713,000000,577.75,583.45,574.11,582.96,949504,0
COST.US,D,20180716,000000,584.52,586.64,577.20,579.52,1236664,0
COST.US,D,20180716,000000,575.14,578.55,574.61,578.42,1780816,0
COST.US,D,20180716,000000,576.18,585.90,571.02,582.47,2205073,0
COST.US,D,20180717,000000,591.42,593.31,590.65,593.23,1041270,0
COST.US,D,20180718,000000,596.95,597.70,577.31,586.33,1608632,0
COST.US,D,20180719,000000,587.22,591.69,577.87,583.43,903757,0
COST.US,D,20180720,000000,581.47,581.53,579.82,580.58,1622412,0
COST.US,D,20180723,000000,580.43,580.91,577.36,579.02,1333152,0
COST.US,D,20180723,000000,577.08,582.29,573.77,581.14,2161513,0
COST.US,D,20180723,000000,584.82,586.41,577.26,578.72,1554708,0
COST.US,D,20180724,000000,580.75,583.49,572.49,572.69,1892684,0
COST.US,D,20180725,000000,572.30,572.67,570.94,571.40,2167123,0
COST.US,D,20180726,000000,571.64,571.84,560.81,562.95,2047896,0
COST.US,D,20180727,000000,562.10,569.51,561.00,568.26,945023,0
COST.US,D,20180730,000000,565.48,570.25,563.87,569.22,1602068,0
COST.US,D,20180730,000000,567.27,570.59,566.57,570.21,1404165,0
COST.US,D,20180730,000000,571.60,572.39,562.52,564.12,1424882,0
COST.US,D,20180731,000000,564.06,566.16,560.40,560.78,1792949,0
COST.US,D,20180801,000000,560.09,564.43,558.23,562.45,2046068,0
COST.US,D,20180802,000000,562.58,562.62,559.29,561.58,2231729,0
COST.US,D,20180803,000000,558.39,558.80,552.55,556.14,906179,0
COST.US,D,20180806,000000,555.67,556.27,555.55,556.26,1507606,0
COST.US,D,20180806,000000,558.83,564.28,557.94,562.47,1950962,0
COST.US,D,20180806,000000,562.60,572.14,561.50,567.39,1686813,0
COST.US,D,20180807,000000,565.79,571.11,565.79,571.11,2151948,0
COST.US,D,20180808,000000,571.14,571.31,570.56,570.80,1213942,0
COST.US,D,20180809,000000,569.73,570.08,567.94,568.59,2148402,0
COST.US,D,20180810,000000,567.81,567.94,567.21,567.45,1176742,0
COST.US,D,20180813,000000,568.54,569.26,562.58,563.78,1347461,0
COST.US,D,20180813,000000,563.05,565.01,552.39,556.77,2214372,0
COST.US,D,20180813,000000,556.25,558.61,546.57,546.70,1856167,0
COST.US,D,20180814,000000,543.87,545.09,536.35,537.09,2139422,0
COST.US,D,20180815,000000,535.34,538.46,525.81,528.90,1256403,0
COST.US,D,20180816,000000,530.34,534.85,530.17,530.68,1571971,0
COST.US,D,20180817,000000,531.94,533.54,512.51,518.93,2105257,0
COST.US,D,20180820,000000,520.73,541.63,520.09,535.04,815548,0
COST.US,D,20180820,000000,533.41,538.19,514.15,521.02,2182502,0
COST.US,D,20180820,000000,515.68,540.59,515.09,531.27,2184102,0
COST.US,D,20180821,000000,529.61,535.43,517.32,518.22,1185871,0
COST.US,D,20180822,000000,517.63,522.19,516.73,521.68,1403238,0
COST.US,D,20180823,000000,519.32,519.88,513.33,513.63,1399107,0
COST.US,D,20180824,000000,512.83,513.01,497.84,500.45,1764915,0
COST.US,D,20180827,000000,502.90,503.89,490.21,494.23,2001081,0
COST.US,D,20180827,000000,487.90,501.24,484.30,497.82,2086259,0
COST.US,D,20180827,000000,496.92,497.07,491.22,491.35,2209151,0
COST.US,D,20180828,000000,489.90,494.57,489.55,492.92,2185320,0
COST.US,D,20180829,000000,491.66,492.13,488.34,489.39,2044997,0
COST.US,D,20180830,000000,489.36,495.69,489.31,495.28,1243270,0
COST.US,D,20180831,000000,495.11,509.15,494.47,504.40,791534,0
COST.US,D,20180903,000000,504.88,506.96,499.37,499.38,901735,0
COST.US,D,20180903,000000,497.34,501.26,484.82,488.37,2003382,0
COST.US,D,20180903,000000,488.43,488.47,488.25,488.43,923022,0
COST.US,D,20180904,000000,487.38,489.71,484.24,484.72,2225365,0
COST.US,D,20180905,000000,485.26,485.53,479.61,480.60,2085166,0
COST.US,D,20180906,000000,480.53,483.34,479.13,481.55,1200941,0
COST.US,D,20180907,000000,480.10,484.31,479.59,480.38,1234619,0
COST.US,D,20180910,000000,481.13,482.21,474.94,476.09,1764254,0
COST.US,D,20180910,000000,476.11,486.47,475.27,484.23,1040183,0
COST.US,D,20180910,000000,485.63,486.34,473.11,476.04,1939453,0
COST.US,D,20180911,000000,475.09,492.31,474.54,491.98,1863965,0
COST.US,D,20180912,000000,490.52,502.66,489.81,501.44,873372,0
COST.US,D,20180913,000000,498.98,515.79,496.76,513.14,893903,0
COST.US,D,20180914,000000,513.56,515.14,501.09,503.73,1510469,0
COST.US,D,20180917,000000,505.11,506.77,487.61,489.50,1007801,0
COST.US,D,20180917,000000,487.23,499.99,486.52,499.24,1100592,0
COST.US,D,20180917,000000,499.93,500.58,496.84,497.35,1929383,0
COST.US,D,20180918,000000,495.37,505.30,494.57,502.19,1105038,0
COST.US,D,20180919,000000,504.45,517.38,503.24,514.31,1757712,0
COST.US,D,20180920,000000,520.63,523.65,515.14,515.18,853303,0
COST.US,D,20180921,000000,513.95,515.59,473.50,480.88,1930264,0
COST.US,D,20180924,000000,475.03,476.45,470.22,471.10,1335535,0
COST.US,D,20180924,000000,473.20,476.44,465.12,466.94,976446,0
COST.US,D,20180924,000000,471.00,471.31,454.46,456.49,945264,0
COST.US,D,20180925,000000,450.71,472.51,448.52,467.84,1087682,0
COST.US,D,20180926,000000,466.98,467.80,455.91,458.18,1367120,0
COST.US,D,20180927,000000,459.93,461.57,438.18,442.19,1438075,0
COST.US,D,20180928,000000,439.76,461.95,433.71,454.07,1869162,0
COST.US,D,20181001,000000,453.60,458.23,452.96,456.74,1303019,0
COST.US,D,20181001,000000,460.99,469.07,458.19,468.25,1565177,0
COST.US,D,20181001,000000,471.37,472.74,463.07,464.08,860089,0
COST.US,D,20181002,000000,464.67,482.48,462.68,474.57,1689697,0
COST.US,D,20181003,000000,475.50,475.84,472.63,472.95,1259220,0
COST.US,D,20181004,000000,473.78,478.92,472.01,477.40,855122,0
COST.US,D,20181005,000000,475.15,501.24,469.33,494.33,774316,0
COST.US,D,20181008,000000,492.24,495.57,479.86,482.49,1048824,0
COST.US,D,20181008,000000,483.60,495.85,481.53,491.20,845644,0
COST.US,D,20181008,000000,488.17,495.83,486.32,493.10,1772252,0
COST.US,D,20181009,000000,494.28,501.72,489.86,500.45,1377524,0
COST.US,D,20181010,000000,493.02,534.47,492.01,521.10,1570933,0
COST.US,D,20181011,000000,518.10,525.54,518.02,522.85,1630904,0
COST.US,D,20181012,000000,519.12,527.68,517.86,525.30,2056510,0
COST.US,D,20181015,000000,525.25,526.86,507.90,515.99,2080560,0
COST.US,D,20181015,000000,516.36,517.45,511.19,513.14,968054,0
COST.US,D,20181015,000000,511.88,514.77,491.77,496.04,1507142,0
COST.US,D,20181016,000000,496.96,512.27,494.29,509.21,777506,0
COST.US,D,20181017,000000,507.45,516.04,504.39,515.20,1640063,0
COST.US,D,20181018,000000,509.84,513.15,509.48,512.93,873392,0
COST.US,D,20181019,000000,512.20,531.90,511.08,520.84,1623099,0
COST.US,D,20181022,000000,520.60,521.47,520.38,521.30,1506920,0
COST.US,D,20181022,000000,518.51,527.22,490.93,496.69,1069631,0
COST.US,D,20181022,000000,500.72,515.60,496.97,515.56,818539,0
COST.US,D,20181023,000000,517.48,526.13,516.07,526.05,2115048,0
COST.US,D,20181024,000000,527.23,528.30,522.55,526.46,1750916,0
COST.US,D,20181025,000000,530.56,536.08,505.56,517.47,1795967,0
COST.US,D,20181026,000000,515.67,523.82,513.39,523.46,977916,0
COST.US,D,20181029,000000,518.97,531.68,512.95,528.47,1149532,0
COST.US,D,20181029,000000,533.04,558.06,530.04,547.08,1489950,0
COST.US,D,20181029,000000,548.45,554.90,546.30,551.96,2049004,0
COST.US,D,20181030,000000,556.31,570.84,554.95,570.12,939827,0
COST.US,D,20181031,000000,571.89,595.30,571.10,589.00,1561553,0
COST.US,D,20181101,000000,591.26,604.99,590.70,604.94,2065225,0
COST.US,D,20181102,000000,604.19,604.33,601.73,602.96,842502,0
COST.US,D,20181105,000000,599.30,614.09,598.35,611.98,880871,0
COST.US,D,20181105,000000,616.09,620.84,576.06,592.96,1139196,0
COST.US,D,20181105,000000,597.13,597.37,593.74,595.19,1236667,0
COST.US,D,20181106,000000,593.86,597.28,586.45,589.08,879067,0
COST.US,D,20181107,000000,586.70,591.46,568.84,570.26,874068,0
COST.US,D,20181108,000000,576.67,581.16,575.83,580.41,969495,0
COST.US,D,20181109,000000,572.60,576.52,544.36,548.50,1331284,0
COST.US,D,20181112,000000,544.06,567.31,539.46,563.74,1612844,0
COST.US,D,20181112,000000,567.87,587.06,567.04,581.05,1351224,0
COST.US,D,20181112,000000,580.73,581.53,569.14,569.67,1779920,0
COST.US,D,20181113,000000,562.45,562.48,560.97,561.45,967531,0
COST.US,D,20181114,000000,569.27,612.94,561.17,610.50,2049960,0
COST.US,D,20181115,000000,604.92,608.51,552.88,566.94,1522201,0
COST.US,D,20181116,000000,567.28,569.53,551.78,556.60,1701128,0
COST.US,D,20181119,000000,556.76,617.21,551.11,592.97,2002340,0
COST.US,D,20181119,000000,588.79,592.70,576.30,579.27,2000130,0
COST.US,D,20181119,000000,578.39,582.60,576.06,582.12,2647633,0
COST.US,D,20181120,000000,585.16,592.84,579.88,583.60,2773640,0
COST.US,D,20181121,000000,583.91,603.23,583.18,596.93,1838657,0
COST.US,D,20181122,000000,593.44,608.90,588.45,602.25,3717081,0
COST.US,D,20181123,000000,602.52,624.04,597.93,614.20,3763157,0
COST.US,D,20181126,000000,614.73,632.02,612.51,625.82,2060614,0
COST.US,D,20181126,000000,628.82,641.18,620.24,635.85,3956190,0
COST.US,D,20181126,000000,640.52,655.53,639.04,650.99,2155411,0
COST.US,D,20181127,000000,646.17,670.03,637.41,664.70,3220214,0
COST.US,D,20181128,000000,660.93,683.67,655.07,682.29,2001259,0
COST.US,D,20181129,000000,684.16,704.61,683.39,699.68,1717527,0
COST.US,D,20181130,000000,695.20,719.13,692.35,715.31,2492663,0
COST.US,D,20181203,000000,704.71,747.73,697.69,737.52,4087308,0
COST.US,D,20181203,000000,736.52,768.98,733.59,754.50,4585542,0
COST.US,D,20181203,000000,742.70,785.90,741.13,778.69,3543764,0
COST.US,D,20181204,000000,787.15,805.03,785.71,799.37,5622994,0
COST.US,D,20181205,000000,795.21,815.01,791.62,810.20,5537911,0
COST.US,D,20181206,000000,798.89,832.12,784.83,826.12,2157609,0
COST.US,D,20181207,000000,828.53,850.79,828.48,846.70,2239789,0
COST.US,D,20181210,000000,840.50,879.54,837.74,870.58,2187854,0
COST.US,D,20181210,000000,882.68,903.17,876.26,897.93,6127074,0
COST.US,D,20181210,000000,883.78,936.34,875.30,922.33,6489552,0
COST.US,D,20181211,000000,898.67,964.74,888.44,950.27,6225987,0
COST.US,D,20181212,000000,941.45,991.59,937.11,983.28,4860264,0
COST.US,D,20181213,000000,989.94,1016.22,989.47,1014.61,5786161,0
COST.US,D,20181214,000000,1033.46,1048.30,1031.16,1044.79,4374867,0
COST.US,D,20181217,000000,1041.66,1096.10,1031.36,1081.73,7356906,0
COST.US,D,20181217,000000,1073.78,1129.38,1071.11,1126.95,6161219,0
COST.US,D,20181217,000000,1125.49,1180.38,1108.72,1168.19,4825544,0
COST.US,D,20181218,000000,1201.16,1211.09,1199.09,1210.60,5458017,0
COST.US,D,20181219,000000,1213.64,1219.82,1213.47,1218.52,1901505,0
COST.US,D,20181220,000000,1239.91,1262.93,1237.13,1256.88,1199576,0
COST.US,D,20181221,000000,1263.85,1304.78,1253.98,1288.78,1090427,0
COST.US,D,20181224,000000,1276.05,1285.64,1263.92,1283.33,1359546,0
COST.US,D,20181224,000000,1287.35,1327.79,1275.04,1319.86,1870114,0
COST.US,D,20181224,000000,1312.90,1319.96,1303.62,1314.41,922108,0
COST.US,D,20181225,000000,1297.16,1299.96,1260.22,1269.42,921604,0
COST.US,D,20181226,000000,1278.30,1327.75,1260.91,1297.62,1164502,0
COST.US,D,20181227,000000,1297.19,1297.54,1269.74,1272.04,2093152,0
COST.US,D,20181228,000000,1286.64,1289.41,1240.77,1251.33,1486728,0
COST.US,D,20181231,000000,1234.18,1266.39,1163.40,1168.74,1258574,0
COST.US,D,20181231,000000,1181.73,1183.95,1177.46,1177.67,1952373,0
COST.US,D,20181231,000000,1185.66,1223.86,1185.19,1212.09,2013903,0
COST.US,D,20190101,000000,1233.65,1276.95,1224.50,1269.61,1613789,0
COST.US,D,20190102,000000,1260.38,1266.34,1233.97,1244.69,2145504,0
COST.US,D,20190103,000000,1238.69,1251.74,1213.43,1224.76,1970492,0
COST.US,D,20190104,000000,1212.19,1214.09,1211.70,1213.90,815912,0
COST.US,D,20190107,000000,1201.19,1205.10,1200.36,1203.97,1616158,0
COST.US,D,20190107,000000,1193.93,1260.02,1193.18,1242.82,1687267,0
COST.US,D,20190107,000000,1249.40,1254.70,1248.05,1252.12,1479986,0
COST.US,D,20190108,000000,1249.77,1258.97,1216.22,1230.98,1635081,0
COST.US,D,20190109,000000,1232.93,1347.32,1206.43,1338.02,1704514,0
COST.US,D,20190110,000000,1339.24,1455.84,1299.97,1428.12,1820869,0
COST.US,D,20190111,000000,1431.10,1553.83,1421.49,1482.84,1605819,0
COST.US,D,20190114,000000,1457.45,1458.65,1446.84,1447.20,1420005,0
COST.US,D,20190114,000000,1436.25,1515.51,1431.20,1480.67,1313944,0
COST.US,D,20190114,000000,1477.52,1484.10,1466.33,1482.99,1146422,0
COST.US,D,20190115,000000,1487.42,1537.88,1484.63,1537.49,855977,0
COST.US,D,20190116,000000,1552.48,1578.17,1546.20,1566.46,1377957,0
COST.US,D,20190117,000000,1555.14,1563.78,1550.88,1557.14,1115912,0
COST.US,D,20190118,000000,1561.96,1587.54,1429.69,1475.05,1122268,0
COST.US,D,20190121,000000,1467.43,1467.80,1430.36,1434.43,1254038,0
COST.US,D,20190121,000000,1439.78,1443.04,1429.89,1432.35,2077202,0
COST.US,D,20190121,000000,1413.64,1509.00,1403.33,1489.70,2115608,0
COST.US,D,20190122,000000,1492.42,1499.25,1492.21,1492.70,946073,0
COST.US,D,20190123,000000,1483.96,1515.58,1480.19,1514.50,2069072,0
COST.US,D,20190124,000000,1496.92,1526.53,1487.11,1521.44,1556718,0
COST.US,D,20190125,000000,1516.81,1522.40,1512.25,1518.59,2213041,0
COST.US,D,20190128,000000,1540.30,1541.99,1487.60,1489.14,1361366,0
COST.US,D,20190128,000000,1492.54,1508.78,1491.95,1503.76,1051568,0
COST.US,D,20190128,000000,1503.76,1512.42,1503.31,1510.61,1125941,0
COST.US,D,20190129,000000,1492.54,1506.43,1489.62,1502.72,1162820,0
COST.US,D,20190130,000000,1515.11,1521.22,1514.64,1520.41,1052245,0
COST.US,D,20190131,000000,1515.02,1525.42,1513.00,1518.82,1114137,0
COST.US,D,20190201,000000,1525.34,1527.70,1480.12,1486.24,1510730,0
COST.US,D,20190204,000000,1492.28,1500.20,1464.21,1469.32,1052772,0
COST.US,D,20190204,000000,1473.97,1486.25,1471.98,1481.04,1457763,0
COST.US,D,20190204,000000,1479.32,1486.37,1456.03,1459.74,1007736,0
COST.US,D,20190205,000000,1456.64,1486.76,1455.79,1480.10,1430477,0
COST.US,D,20190206,000000,1476.20,1487.02,1468.13,1481.64,1432155,0
COST.US,D,20190207,000000,1480.69,1481.01,1461.83,1463.62,2006401,0
COST.US,D,20190208,000000,1455.46,1455.50,1435.50,1440.21,1185648,0
COST.US,D,20190211,000000,1449.74,1452.14,1413.86,1420.24,2209013,0
COST.US,D,20190211,000000,1419.31,1426.91,1395.18,1401.27,1694088,0
COST.US,D,20190211,000000,1395.27,1426.45,1395.22,1406.87,832316,0
COST.US,D,20190212,000000,1410.95,1414.33,1335.23,1353.66,2220328,0
COST.US,D,20190213,000000,1362.93,1380.00,1357.53,1377.23,878443,0
COST.US,D,20190214,000000,1379.70,1383.49,1331.57,1352.65,1528605,0
COST.US,D,20190215,000000,1352.14,1353.28,1349.54,1352.39,1243076,0
COST.US,D,20190218,000000,1356.80,1375.39,1356.52,1373.13,911292,0
COST.US,D,20190218,000000,1374.52,1393.06,1373.62,1387.02,1693693,0
COST.US,D,20190218,000000,1377.40,1383.83,1375.30,1381.96,1353610,0
COST.US,D,20190219,000000,1375.70,1378.82,1368.49,1370.67,1397366,0
COST.US,D,20190220,000000,1375.85,1390.97,1375.68,1389.57,1088754,0
COST.US,D,20190221,000000,1385.59,1390.69,1361.06,1365.29,2010756,0
COST.US,D,20190222,000000,1366.22,1372.43,1328.68,1339.72,1198613,0
COST.US,D,20190225,000000,1346.44,1351.07,1342.72,1350.24,1161039,0
COST.US,D,20190225,000000,1351.60,1351.69,1349.48,1350.16,1945045,0
COST.US,D,20190225,000000,1355.12,1355.62,1332.49,1333.10,1001975,0
COST.US,D,20190226,000000,1334.11,1375.59,1322.07,1369.90,2080557,0
COST.US,D,20190227,000000,1366.26,1367.36,1340.47,1346.44,1710296,0
COST.US,D,20190228,000000,1341.43,1375.67,1333.52,1366.17,1381484,0
COST.US,D,20190301,000000,1364.05,1365.04,1359.70,1362.99,1017199,0
COST.US,D,20190304,000000,1371.31,1371.82,1360.07,1363.21,1580724,0
COST.US,D,20190304,000000,1364.41,1364.70,1348.39,1351.01,2109516,0
COST.US,D,20190304,000000,1347.52,1348.26,1340.89,1342.45,1248786,0
COST.US,D,20190305,000000,1339.95,1359.64,1338.61,1355.24,1875720,0
COST.US,D,20190306,000000,1356.24,1356.27,1356.01,1356.03,1702031,0
COST.US,D,20190307,000000,1353.95,1360.53,1351.78,1360.34,1326028,0
COST.US,D,20190308,000000,1366.99,1382.34,1366.16,1378.72,1453576,0
COST.US,D,20190311,000000,1382.88,1386.51,1364.60,1365.83,1789087,0
COST.US,D,20190311,000000,1364.12,1367.38,1363.42,1366.62,935989,0
COST.US,D,20190311,000000,1367.28,1370.53,1366.91,1369.29,1427192,0
COST.US,D,20190312,000000,1367.08,1371.35,1364.68,1370.06,1767574,0
COST.US,D,20190313,000000,1371.68,1373.82,1364.32,1365.30,1829331,0
COST.US,D,20190314,000000,1365.98,1367.60,1350.06,1358.14,1163585,0
COST.US,D,20190315,000000,1356.31,1362.89,1356.22,1362.76,805287,0
COST.US,D,20190318,000000,1362.48,1364.24,1351.95,1355.81,1607387,0
COST.US,D,20190318,000000,1356.72,1370.33,1355.88,1364.31,2227029,0
COST.US,D,20190318,000000,1363.26,1379.49,1359.51,1371.30,1961068,0
COST.US,D,20190319,000000,1380.17,1381.10,1360.60,1365.00,1772900,0
COST.US,D,20190320,000000,1370.62,1400.35,1357.99,1399.82,1341262,0
COST.US,D,20190321,000000,1391.30,1511.49,1375.83,1485.82,1748949,0
COST.US,D,20190322,000000,1480.90,1488.49,1440.65,1461.74,1461717,0
COST.US,D,20190325,000000,1455.31,1479.45,1448.04,1472.72,1376671,0
COST.US,D,20190325,000000,1479.55,1486.02,1428.74,1442.77,1933582,0
COST.US,D,20190325,000000,1432.48,1456.90,1431.65,1447.99,2166104,0
COST.US,D,20190326,000000,1438.09,1458.32,1435.79,1449.26,1716255,0
COST.US,D,20190327,000000,1455.25,1461.81,1445.28,1448.04,1664647,0
COST.US,D,20190328,000000,1451.43,1455.14,1424.88,1427.66,2091352,0
COST.US,D,20190329,000000,1431.93,1450.79,1431.77,1442.67,905163,0
COST.US,D,20190401,000000,1437.03,1437.34,1429.34,1431.24,1846519,0
COST.US,D,20190401,000000,1428.25,1528.53,1398.41,1507.68,1690326,0
COST.US,D,20190401,000000,1507.86,1514.00,1502.12,1509.79,1327868,0
COST.US,D,20190402,000000,1500.42,1511.23,1477.58,1488.70,1708148,0
COST.US,D,20190403,000000,1485.11,1506.84,1475.34,1500.48,1595101,0
COST.US,D,20190404,000000,1499.88,1500.98,1426.33,1447.42,1093686,0
COST.US,D,20190405,000000,1462.18,1499.03,1456.39,1491.27,1463666,0
COST.US,D,20190408,000000,1498.69,1534.72,1486.49,1533.94,1673240,0
COST.US,D,20190408,000000,1538.76,1543.89,1530.18,1535.69,1012941,0
COST.US,D,20190408,000000,1539.31,1540.61,1500.64,1519.26,1036027,0
COST.US,D,20190409,000000,1525.65,1562.08,1504.51,1550.46,1414787,0
COST.US,D,20190410,000000,1547.01,1594.25,1528.95,1587.86,771574,0
COST.US,D,20190411,000000,1602.16,1610.26,1599.34,1609.44,1468665,0
COST.US,D,20190412,000000,1614.71,1623.73,1612.41,1622.77,1849048,0
COST.US,D,20190415,000000,1631.30,1718.87,1615.67,1702.22,1483560,0
COST.US,D,20190415,000000,1692.30,1767.88,1657.89,1758.10,1261939,0
COST.US,D,20190415,000000,1771.48,1783.71,1748.11,1756.41,1384862,0
COST.US,D,20190416,000000,1759.69,1764.36,1711.87,1716.25,853052,0
COST.US,D,20190417,000000,1698.56,1717.30,1609.80,1637.27,1513308,0
COST.US,D,20190418,000000,1642.25,1660.06,1638.84,1649.87,1963682,0
COST.US,D,20190419,000000,1659.54,1674.05,1609.42,1627.48,1103239,0
COST.US,D,20190422,000000,1617.97,1696.51,1590.67,1682.65,1557230,0
COST.US,D,20190422,000000,1693.09,1708.81,1633.01,1645.68,2179801,0
COST.US,D,20190422,000000,1630.10,1665.73,1626.27,1650.04,1429045,0
COST.US,D,20190423,000000,1632.50,1636.41,1629.30,1634.78,1194126,0
COST.US,D,20190424,000000,1642.95,1650.79,1564.47,1590.42,2216136,0
COST.US,D,20190425,000000,1604.13,1653.38,1592.01,1631.29,1036117,0
COST.US,D,20190426,000000,1622.85,1629.20,1588.01,1593.72,2233433,0
COST.US,D,20190429,000000,1576.88,1616.91,1568.59,1601.35,2005574,0
COST.US,D,20190429,000000,1607.74,1608.21,1585.88,1589.03,1208169,0
COST.US,D,20190429,000000,1595.78,1595.80,1593.10,1593.60,1435527,0
COST.US,D,20190430,000000,1596.96,1602.77,1552.83,1562.75,1466773,0
COST.US,D,20190501,000000,1558.53,1598.93,1552.45,1594.29,1040780,0
COST.US,D,20190502,000000,1596.04,1599.15,1586.95,1587.56,1918413,0
COST.US,D,20190503,000000,1587.83,1596.75,1586.83,1591.09,1651783,0
COST.US,D,20190506,000000,1588.56,1617.77,1586.59,1610.98,1925034,0
COST.US,D,20190506,000000,1607.78,1635.36,1601.50,1633.99,1104810,0
COST.US,D,20190506,000000,1640.65,1641.57,1628.96,1634.47,1130546,0
COST.US,D,20190507,000000,1634.71,1638.17,1608.24,1613.70,1817664,0
COST.US,D,20190508,000000,1616.95,1624.17,1616.39,1622.93,1797823,0
COST.US,D,20190509,000000,1616.87,1621.71,1590.75,1596.64,1404252,0
COST.US,D,20190510,000000,1589.84,1594.06,1575.59,1575.95,794381,0
COST.US,D,20190513,000000,1578.29,1597.34,1531.75,1539.39,1314402,0
COST.US,D,20190513,000000,1542.43,1564.78,1542.10,1561.29,1801079,0
COST.US,D,20190513,000000,1564.90,1580.76,1555.00,1574.62,1206975,0
COST.US,D,20190514,000000,1575.22,1583.29,1571.58,1580.31,1448061,0
COST.US,D,20190515,000000,1585.75,1585.84,1568.32,1574.27,1089129,0
COST.US,D,20190516,000000,1576.28,1660.03,1563.61,1610.68,2166541,0
COST.US,D,20190517,000000,1613.22,1615.84,1600.42,1600.81,1912997,0
COST.US,D,20190520,000000,1607.02,1629.98,1602.00,1626.63,1902872,0
COST.US,D,20190520,000000,1639.73,1652.44,1597.01,1605.91,2051294,0
COST.US,D,20190520,000000,1600.24,1661.89,1594.09,1641.98,904656,0
COST.US,D,20190521,000000,1646.94,1665.32,1646.18,1664.20,1038444,0
COST.US,D,20190522,000000,1671.44,1697.98,1668.40,1695.11,1619095,0
COST.US,D,20190523,000000,1692.12,1712.37,1688.44,1711.04,1567609,0
COST.US,D,20190524,000000,1709.50,1721.41,1706.90,1718.32,1806678,0
COST.US,D,20190527,000000,1714.99,1715.57,1709.36,1709.86,1736535,0
COST.US,D,20190527,000000,1712.07,1719.94,1711.63,1718.44,1762320,0
COST.US,D,20190527,000000,1721.69,1723.63,1701.46,1702.99,1053779,0
COST.US,D,20190528,000000,1709.27,1709.38,1708.97,1709.01,1065563,0
COST.US,D,20190529,000000,1711.94,1715.12,1693.47,1707.77,1635115,0
COST.US,D,20190530,000000,1708.50,1713.20,1687.01,1690.14,777421,0
COST.US,D,20190531,000000,1689.63,1693.66,1662.05,1670.40,810528,0
COST.US,D,20190603,000000,1668.22,1670.05,1658.06,1660.80,799339,0
COST.US,D,20190603,000000,1662.05,1662.25,1652.32,1658.29,1617404,0
COST.US,D,20190603,000000,1666.07,1667.04,1654.12,1660.22,976624,0
COST.US,D,20190604,000000,1658.13,1669.44,1656.50,1667.58,1918048,0
COST.US,D,20190605,000000,1664.12,1680.08,1659.91,1674.66,990559,0
COST.US,D,20190606,000000,1672.55,1688.42,1670.36,1679.22,2110330,0
COST.US,D,20190607,000000,1680.87,1709.04,1664.01,1707.02,928446,0
COST.US,D,20190610,000000,1701.32,1721.87,1697.22,1721.30,895802,0
COST.US,D,20190610,000000,1711.22,1739.52,1704.54,1736.67,1010102,0
COST.US,D,20190610,000000,1726.58,1733.54,1724.38,1731.94,1341676,0
COST.US,D,20190611,000000,1733.13,1735.12,1725.98,1728.88,1064831,0
COST.US,D,20190612,000000,1729.13,1737.98,1727.65,1735.83,1045304,0
COST.US,D,20190613,000000,1735.52,1759.26,1735.19,1748.38,2147301,0
COST.US,D,20190614,000000,1743.52,1751.26,1708.69,1719.08,1220128,0
COST.US,D,20190617,000000,1722.64,1724.16,1687.12,1695.55,2143416,0
COST.US,D,20190617,000000,1694.00,1700.84,1692.92,1699.66,1234518,0
COST.US,D,20190617,000000,1685.47,1707.12,1680.12,1703.19,999234,0
COST.US,D,20190618,000000,1707.75,1719.90,1677.59,1686.86,1115565,0
COST.US,D,20190619,000000,1679.48,1680.84,1678.31,1680.25,2059418,0
COST.US,D,20190620,000000,1680.42,1680.64,1673.16,1674.64,761439,0
COST.US,D,20190621,000000,1673.04,1718.64,1661.13,1703.29,829700,0
COST.US,D,20190624,000000,1707.23,1709.23,1652.45,1668.81,2019154,0
COST.US,D,20190624,000000,1670.94,1697.21,1667.04,1687.44,2230732,0
COST.US,D,20190624,000000,1698.75,1702.71,1663.90,1666.81,1874683,0
COST.US,D,20190625,000000,1669.05,1682.03,1668.23,1676.75,2201212,0
COST.US,D,20190626,000000,1674.10,1688.61,1672.88,1686.50,1152343,0
COST.US,D,20190627,000000,1688.18,1699.36,1683.73,1699.29,1913740,0
COST.US,D,20190628,000000,1695.89,1709.25,1693.17,1704.27,1320259,0
COST.US,D,20190701,000000,1705.22,1722.87,1704.87,1718.13,1710216,0
COST.US,D,20190701,000000,1717.30,1718.04,1711.33,1713.17,1746190,0
COST.US,D,20190701,000000,1705.57,1729.82,1701.40,1726.61,850944,0
COST.US,D,20190702,000000,1735.79,1743.79,1732.91,1740.06,864237,0
COST.US,D,20190703,000000,1741.39,1741.81,1736.06,1737.24,903080,0
COST.US,D,20190704,000000,1739.68,1743.86,1736.79,1743.04,1702037,0
COST.US,D,20190705,000000,1742.70,1773.68,1736.01,1759.30,946763,0
COST.US,D,20190708,000000,1764.88,1796.41,1762.88,1790.17,2083820,0
COST.US,D,20190708,000000,1793.20,1793.24,1788.18,1790.27,838495,0
COST.US,D,20190708,000000,1790.39,1792.85,1783.14,1788.09,1433489,0
COST.US,D,20190709,000000,1785.11,1785.79,1775.59,1778.05,998210,0
COST.US,D,20190710,000000,1785.58,1801.03,1737.28,1738.94,1634634,0
COST.US,D,20190711,000000,1731.63,1784.15,1727.61,1780.56,1582509,0
COST.US,D,20190712,000000,1767.46,1849.08,1759.50,1834.58,1134091,0
COST.US,D,20190715,000000,1821.32,1822.19,1797.53,1802.20,1557053,0
COST.US,D,20190715,000000,1787.35,1816.96,1775.39,1808.87,1391695,0
COST.US,D,20190715,000000,1803.30,1859.33,1791.35,1846.30,1869135,0
COST.US,D,20190716,000000,1835.95,1901.00,1824.31,1898.59,1418851,0
COST.US,D,20190717,000000,1906.02,1946.77,1894.58,1942.31,1164878,0
COST.US,D,20190718,000000,1933.99,1963.64,1932.50,1961.46,1842374,0
COST.US,D,20190719,000000,1968.16,2018.27,1961.25,2012.37,992986,0
COST.US,D,20190722,000000,2018.25,2039.76,2016.44,2038.31,1657475,0
COST.US,D,20190722,000000,2035.84,2059.57,2031.73,2055.28,1941626,0
COST.US,D,20190722,000000,2059.69,2060.65,2049.14,2051.47,1496295,0
COST.US,D,20190723,000000,2056.22,2056.55,2045.54,2047.55,1319906,0
COST.US,D,20190724,000000,2041.39,2042.29,2030.17,2035.41,1038929,0
COST.US,D,20190725,000000,2024.03,2032.25,2014.70,2017.97,1536321,0
COST.US,D,20190726,000000,2027.81,2029.01,2026.21,2027.38,1075116,0
COST.US,D,20190729,000000,2042.56,2055.04,1922.79,1956.53,1307041,0
COST.US,D,20190729,000000,1957.34,2055.67,1953.80,2008.10,1946856,0
COST.US,D,20190729,000000,2011.25,2018.52,2004.29,2004.61,1563254,0
COST.US,D,20190730,000000,2003.18,2103.89,1998.53,2089.32,1672228,0
COST.US,D,20190731,000000,2092.29,2097.59,2053.36,2062.67,1641037,0
COST.US,D,20190801,000000,2064.12,2069.10,2060.36,2068.24,858172,0
COST.US,D,20190802,000000,2052.58,2055.71,2046.43,2047.02,1815361,0
COST.US,D,20190805,000000,2070.88,2070.91,1995.75,2000.34,803221,0
COST.US,D,20190805,000000,1996.08,2048.47,1975.35,2041.69,1743288,0
COST.US,D,20190805,000000,2044.52,2068.82,1979.58,1995.89,1733279,0
COST.US,D,20190806,000000,1990.66,1992.20,1928.21,1947.93,1697360,0
COST.US,D,20190807,000000,1948.82,1984.07,1855.39,1858.98,933717,0
COST.US,D,20190808,000000,1862.87,1876.53,1803.52,1825.37,1506300,0
COST.US,D,20190809,000000,1850.07,1851.89,1838.22,1849.64,1986999,0
COST.US,D,20190812,000000,1810.86,1825.64,1757.46,1781.50,1452560,0
COST.US,D,20190812,000000,1769.90,2030.19,1727.80,1887.62,1549789,0
COST.US,D,20190812,000000,1880.21,1885.54,1857.17,1858.17,1344486,0
COST.US,D,20190813,000000,1850.84,1882.59,1846.63,1880.53,1932179,0
COST.US,D,20190814,000000,1852.47,1953.13,1849.99,1919.00,1386072,0
COST.US,D,20190815,000000,1899.59,1988.71,1875.50,1958.85,1920684,0
COST.US,D,20190816,000000,1948.25,1948.85,1944.72,1947.52,1591186,0
COST.US,D,20190819,000000,1947.12,1956.06,1944.30,1953.76,973166,0
COST.US,D,20190819,000000,1941.30,2006.06,1930.59,2005.17,1856383,0
COST.US,D,20190819,000000,1986.89,2048.35,1985.36,2032.64,2633221,0
COST.US,D,20190820,000000,2011.17,2101.60,2000.75,2069.34,2454218,0
COST.US,D,20190821,000000,2055.56,2114.62,2041.03,2109.24,3439846,0
COST.US,D,20190822,000000,2114.42,2151.11,2111.65,2140.19,3318089,0
COST.US,D,20190823,000000,2152.61,2176.82,2152.42,2166.62,1665385,0
COST.US,D,20190826,000000,2163.65,2221.65,2159.26,2207.97,2456456,0
COST.US,D,20190826,000000,2199.41,2289.05,2193.09,2272.96,1425585,0
COST.US,D,20190826,000000,2280.39,2331.09,2275.31,2315.51,3925444,0
COST.US,D,20190827,000000,2346.73,2397.52,2346.45,2367.40,2406907,0
COST.US,D,20190828,000000,2363.45,2435.23,2345.00,2417.39,3242009,0
COST.US,D,20190829,000000,2406.29,2478.95,2392.91,2453.87,3192655,0
COST.US,D,20190830,000000,2502.32,2503.43,2441.39,2477.57,1998516,0
COST.US,D,20190902,000000,2501.02,2530.33,2500.37,2528.83,3160230,0
COST.US,D,20190902,000000,2502.24,2642.78,2445.68,2586.68,2676546,0
COST.US,D,20190902,000000,2628.17,2642.06,2613.89,2640.74,2258763,0
COST.US,D,20190903,000000,2605.32,2743.58,2563.07,2712.92,3325302,0
COST.US,D,20190904,000000,2695.24,2786.01,2656.63,2763.04,2602440,0
COST.US,D,20190905,000000,2769.56,2881.26,2768.98,2829.81,5187157,0
COST.US,D,20190906,000000,2820.95,2940.65,2796.93,2920.24,4266133,0
COST.US,D,20190909,000000,2917.88,3033.73,2915.96,2993.53,2551655,0
COST.US,D,20190909,000000,2973.15,3041.67,2964.44,3040.46,1129588,0
COST.US,D,20190909,000000,3061.76,3113.11,3057.10,3100.89,1295018,0
COST.US,D,20190910,000000,3065.36,3186.15,3064.05,3158.37,1916239,0
COST.US,D,20190911,000000,3170.61,3246.21,3156.15,3229.33,2858657,0
COST.US,D,20190912,000000,3213.93,3291.07,3197.74,3284.38,1399102,0
COST.US,D,20190913,000000,3294.85,3408.72,3274.09,3365.88,3600289,0
COST.US,D,20190916,000000,3273.81,3465.93,3198.90,3429.27,2616925,0
COST.US,D,20190916,000000,3432.15,3490.97,3432.00,3484.20,2963809,0
COST.US,D,20190916,000000,3529.43,3573.38,3525.68,3553.45,1759886,0
COST.US,D,20190917,000000,3532.46,3655.70,3478.50,3648.63,2784251,0
COST.US,D,20190918,000000,3607.30,3721.40,3604.94,3714.57,1889721,0
COST.US,D,20190919,000000,3649.66,3828.36,3614.67,3797.43,3601960,0
COST.US,D,20190920,000000,3849.75,3876.36,3831.65,3853.04,2143333,0
COST.US,D,20190923,000000,3784.91,3970.23,3773.77,3941.05,1753455,0
COST.US,D,20190923,000000,3994.86,4069.93,3981.05,4043.64,2908235,0
COST.US,D,20190923,000000,4068.98,4171.00,4061.80,4136.12,2869811,0
COST.US,D,20190924,000000,4170.82,4212.28,4154.08,4194.65,5149634,0
COST.US,D,20190925,000000,4214.49,4300.72,4206.87,4272.26,3906029,0
COST.US,D,20190926,000000,4347.48,4395.95,4333.91,4393.32,2775131,0
COST.US,D,20190927,000000,4409.16,4536.53,4390.20,4500.92,4843542,0
COST.US,D,20190930,000000,4514.10,4657.11,4507.27,4651.55,4088647,0
COST.US,D,20190930,000000,4639.24,4791.40,4622.72,4751.36,5691911,0
COST.US,D,20190930,000000,4751.52,4904.58,4751.38,4865.42,3732453,0
COST.US,D,20191001,000000,4804.53,5011.53,4800.35,4992.98,2541162,0
COST.US,D,20191002,000000,5003.75,5211.33,4939.06,5167.03,2336649,0
COST.US,D,20191003,000000,5148.31,5440.40,5112.25,5327.50,5601023,0
COST.US,D,20191004,000000,5408.13,5549.37,5402.65,5523.16,5416246,0
COST.US,D,20191007,000000,5612.51,5801.49,5611.81,5707.92,2819510,0
COST.US,D,20191007,000000,5741.84,5919.62,5702.30,5873.62,5280824,0
COST.US,D,20191007,000000,5864.34,6072.42,5817.25,6063.97,4639750,0
COST.US,D,20191008,000000,6059.13,6312.32,6013.67,6229.45,6259021,0
COST.US,D,20191009,000000,6229.20,6464.81,6197.64,6422.00,3011357,0
COST.US,D,20191010,000000,6514.15,6675.00,6408.75,6629.47,6358921,0
COST.US,D,20191011,000000,6718.93,6956.95,6713.26,6851.49,6180965,0
COST.US,D,20191014,000000,6857.27,7107.63,6673.61,7071.59,3783902,0
COST.US,D,20191014,000000,7124.01,7343.17,7087.52,7316.30,3534503,0
COST.US,D,20191014,000000,7218.23,7758.27,7163.53,7610.84,5688849,0
COST.US,D,20191015,000000,7499.89,7797.86,7464.83,7784.45,3675844,0
COST.US,D,20191016,000000,7740.74,8088.86,7599.91,8041.44,5712258,0
COST.US,D,20191017,000000,8021.14,8326.43,7998.81,8290.86,2292965,0
COST.US,D,20191018,000000,8361.28,8579.56,8289.03,8521.35,6988003,0
COST.US,D,20191021,000000,8397.68,8789.16,8344.83,8757.61,5015146,0
COST.US,D,20191021,000000,8734.86,9108.31,8693.28,9068.89,6855541,0
COST.US,D,20191021,000000,9180.24,9482.00,9128.14,9363.96,4936304,0
COST.US,D,20191022,000000,9266.27,9729.61,9147.32,9627.90,4917235,0
COST.US,D,20191023,000000,9532.95,9974.84,9484.54,9889.35,7146560,0
COST.US,D,20191024,000000,9982.27,10012.65,9979.19,10005.21,1968438,0
COST.US,D,20191025,000000,10067.50,10193.57,9928.74,9989.19,1993037,0
COST.US,D,20191028,000000,10067.42,10143.75,10059.64,10129.50,1361456,0
COST.US,D,20191028,000000,10261.76,10293.45,10222.05,10249.31,1825007,0
COST.US,D,20191028,000000,10103.10,10348.78,10079.66,10274.11,1863359,0
COST.US,D,20191029,000000,10300.19,10691.62,10259.64,10651.68,2178555,0
COST.US,D,20191030,000000,10759.04,10994.28,10742.32,10958.26,1302045,0
COST.US,D,20191031,000000,11207.40,11464.02,10806.31,10876.36,1915754,0
COST.US,D,20191101,000000,10659.37,10921.37,9866.00,9928.99,1151971,0
COST.US,D,20191104,000000,9953.82,10960.21,9794.73,10832.16,1067053,0
COST.US,D,20191104,000000,10838.35,10862.92,9836.45,10237.51,2112992,0
COST.US,D,20191104,000000,10276.44,10359.63,9484.99,9634.86,2033638,0
COST.US,D,20191105,000000,9652.60,10376.68,9499.83,10220.11,1758110,0
COST.US,D,20191106,000000,10225.48,10292.12,10208.51,10214.13,1780344,0
COST.US,D,20191107,000000,10101.27,10186.28,10098.52,10166.94,901851,0
COST.US,D,20191108,000000,10141.97,10793.10,10093.01,10689.46,1452115,0
COST.US,D,20191111,000000,10648.65,10667.02,10498.69,10648.06,1530996,0
COST.US,D,20191111,000000,10625.07,11423.06,10546.75,11372.53,1581252,0
COST.US,D,20191111,000000,11538.86,11728.04,11020.40,11155.12,1089813,0
COST.US,D,20191112,000000,11177.50,11392.53,10605.08,10755.59,802256,0
COST.US,D,20191113,000000,10987.34,10997.50,10775.16,10804.39,971528,0
COST.US,D,20191114,000000,10775.00,10911.32,10729.76,10867.41,848637,0
COST.US,D,20191115,000000,10997.48,11111.72,10700.81,10812.74,2089281,0
COST.US,D,20191118,000000,10800.17,11008.96,10720.59,11000.97,1124477,0
COST.US,D,20191118,000000,11031.24,11038.33,10815.25,10863.39,2234137,0
COST.US,D,20191118,000000,10724.42,11171.20,10706.83,11056.07,2041344,0
COST.US,D,20191119,000000,10922.38,11085.83,10596.12,10602.78,797660,0
COST.US,D,20191120,000000,10844.49,11133.06,10788.38,11097.84,982388,0
COST.US,D,20191121,000000,11038.38,11080.97,10761.86,10763.58,945164,0
COST.US,D,20191122,000000,10826.43,10863.28,10644.11,10702.18,1481400,0
COST.US,D,20191125,000000,10376.39,10410.02,10337.82,10367.21,1836002,0
COST.US,D,20191125,000000,10294.36,10712.37,10157.72,10635.58,1492055,0
COST.US,D,20191125,000000,10692.60,10785.99,10426.09,10507.38,1549660,0
COST.US,D,20191126,000000,10600.39,10657.45,9762.96,9858.43,1069990,0
COST.US,D,20191127,000000,10021.63,10034.50,9682.45,9867.65,2007645,0
COST.US,D,20191128,000000,9804.34,9811.45,9325.95,9427.37,984960,0
COST.US,D,20191129,000000,9459.59,10025.66,9359.00,9880.89,1693898,0
COST.US,D,20191202,000000,9892.31,9893.56,9621.17,9699.81,1859338,0
COST.US,D,20191202,000000,9548.90,9869.59,9453.53,9867.81,2235062,0
COST.US,D,20191202,000000,9851.62,10431.71,9782.60,10373.90,1813762,0
COST.US,D,20191203,000000,10411.82,10565.78,9886.69,10009.27,2227773,0
COST.US,D,20191204,000000,9799.59,9929.51,9786.30,9898.79,925273,0
COST.US,D,20191205,000000,9968.87,9973.36,9764.39,9771.26,2236616,0
COST.US,D,20191206,000000,9947.54,10102.78,9941.07,10089.06,1508639,0
COST.US,D,20191209,000000,10071.26,10099.18,9877.63,9881.60,1075364,0
COST.US,D,20191209,000000,9713.46,9743.63,9393.23,9526.00,1253719,0
COST.US,D,20191209,000000,9424.07,9490.98,9388.41,9461.12,2139266,0
COST.US,D,20191210,000000,9675.00,9703.37,9509.31,9662.41,1091700,0
COST.US,D,20191211,000000,9802.20,9847.72,9503.05,9701.11,1994695,0
COST.US,D,20191212,000000,9774.53,9778.65,9708.47,9733.12,1372803,0
COST.US,D,20191213,000000,9664.92,10010.66,9639.12,9993.97,1709242,0
COST.US,D,20191216,000000,10144.43,10315.81,9560.86,9577.51,1036057,0
COST.US,D,20191216,000000,9581.84,9937.59,9560.57,9777.05,1508199,0
COST.US,D,20191216,000000,9810.66,9882.82,9237.56,9424.27,2105599,0
COST.US,D,20191217,000000,9376.59,9408.45,9226.37,9337.35,1239790,0
COST.US,D,20191218,000000,9406.05,9476.89,9200.70,9246.92,2112922,0
COST.US,D,20191219,000000,9272.22,9324.77,8918.10,9024.78,817449,0
COST.US,D,20191220,000000,9055.11,9092.16,8583.66,8628.59,1842463,0
COST.US,D,20191223,000000,8928.86,9091.92,8271.30,8399.46,1315523,0
COST.US,D,20191223,000000,8443.75,8664.97,8430.08,8561.48,1716186,0
COST.US,D,20191223,000000,8639.83,8646.02,8554.13,8592.64,1125579,0
COST.US,D,20191224,000000,8694.96,8841.59,8625.73,8832.33,1737941,0
COST.US,D,20191225,000000,8760.99,8904.65,8736.01,8855.60,1780098,0
COST.US,D,20191226,000000,8929.33,9278.76,8881.15,9218.28,1000463,0
COST.US,D,20191227,000000,9311.27,9603.03,9285.53,9597.72,1991151,0
COST.US,D,20191230,000000,9622.00,9780.90,9001.33,9009.97,2063684,0
COST.US,D,20191230,000000,8876.32,8957.01,8636.59,8643.87,1810328,0
COST.US,D,20191230,000000,8668.94,8905.67,8628.89,8795.49,1856874,0
COST.US,D,20191231,000000,8776.86,8809.52,8600.19,8617.26,1144825,0
COST.US,D,20200101,000000,8431.26,8434.81,8267.44,8306.86,1504108,0
COST.US,D,20200102,000000,8341.70,8433.69,8312.42,8419.88,1299460,0
COST.US,D,20200103,000000,8401.38,8449.76,7580.08,7743.10,776401,0
COST.US,D,20200106,000000,7635.97,7658.51,7379.59,7413.96,848204,0
COST.US,D,20200106,000000,7397.53,7505.65,7172.84,7233.39,875536,0
COST.US,D,20200106,000000,7205.48,7382.23,7091.92,7377.47,1427195,0
COST.US,D,20200107,000000,7282.68,7295.36,7232.88,7240.88,1371436,0
COST.US,D,20200108,000000,7210.40,7218.05,7173.61,7180.42,2197644,0
COST.US,D,20200109,000000,7146.64,7177.49,6949.41,6998.01,1906310,0
COST.US,D,20200110,000000,6873.12,6972.84,6522.21,6534.33,1800538,0
COST.US,D,20200113,000000,6596.81,6601.08,6444.06,6482.62,2120873,0
COST.US,D,20200113,000000,6484.21,7186.97,6483.32,6938.09,2114362,0
COST.US,D,20200113,000000,6883.43,7630.47,6708.79,7343.41,2074336,0
COST.US,D,20200114,000000,7387.70,7450.43,7369.46,7439.26,1064701,0
COST.US,D,20200115,000000,7458.15,7671.44,7439.33,7579.01,1419634,0
COST.US,D,20200116,000000,7664.05,7764.05,7172.08,7401.21,1886132,0
COST.US,D,20200117,000000,7435.98,7504.92,6976.63,7054.97,1847092,0
COST.US,D,20200120,000000,7257.16,7275.05,7184.32,7188.91,1472271,0
COST.US,D,20200120,000000,7216.90,7267.80,6765.65,6872.67,1033104,0
COST.US,D,20200120,000000,6779.65,7090.39,6760.72,6951.69,806917,0
COST.US,D,20200121,000000,6853.80,7226.16,6735.21,7217.99,2137242,0
COST.US,D,20200122,000000,7154.96,7282.35,7120.67,7257.23,1089971,0
COST.US,D,20200123,000000,7364.30,7410.19,6987.21,7121.24,1302347,0
COST.US,D,20200124,000000,6957.95,7621.67,6923.77,7564.36,2140679,0
COST.US,D,20200127,000000,7492.03,7492.61,7368.07,7386.93,1189671,0
COST.US,D,20200127,000000,7320.06,7457.45,7296.48,7449.12,779181,0
COST.US,D,20200127,000000,7404.79,7633.51,7366.61,7628.31,930100,0
COST.US,D,20200128,000000,7614.86,7628.92,7584.85,7612.73,2202922,0
COST.US,D,20200129,000000,7715.34,7820.43,7688.18,7791.58,1751014,0
COST.US,D,20200130,000000,7731.00,7758.82,7528.79,7570.52,2199277,0
COST.US,D,20200131,000000,7477.17,7851.34,7465.79,7788.87,1710296,0
COST.US,D,20200203,000000,7706.68,7712.41,7661.46,7666.41,2012889,0
COST.US,D,20200203,000000,7746.11,7754.44,7744.67,7750.38,2054097,0
COST.US,D,20200203,000000,7672.58,7758.28,7518.40,7526.54,1676689,0
COST.US,D,20200204,000000,7450.78,7494.40,7264.24,7269.96,769550,0
COST.US,D,20200205,000000,7230.31,7513.33,7169.53,7409.39,1151025,0
COST.US,D,20200206,000000,7395.31,7742.18,7377.29,7665.46,989685,0
COST.US,D,20200207,000000,7777.04,7807.47,7659.03,7718.97,1635032,0
COST.US,D,20200210,000000,7678.09,8021.98,7630.97,7924.76,1052883,0
COST.US,D,20200210,000000,7986.93,7989.14,7915.55,7927.66,1743299,0
COST.US,D,20200210,000000,7976.41,8064.16,7628.96,7647.24,1175532,0
COST.US,D,20200211,000000,7645.99,7657.15,7615.65,7616.00,1258611,0
COST.US,D,20200212,000000,7609.96,7764.89,7607.38,7730.19,999373,0
COST.US,D,20200213,000000,7642.42,7810.80,7385.44,7418.77,766342,0
COST.US,D,20200214,000000,7426.87,7437.13,7351.15,7362.74,1105351,0
COST.US,D,20200217,000000,7447.63,7503.64,7049.11,7103.00,2053787,0
COST.US,D,20200217,000000,7088.80,7465.52,7028.90,7358.20,1405364,0
COST.US,D,20200217,000000,7339.90,7663.29,7310.01,7553.88,1268643,0
COST.US,D,20200218,000000,7622.54,8008.46,7563.46,7801.26,1640848,0
COST.US,D,20200219,000000,7749.07,7759.06,7665.79,7715.94,1395701,0
COST.US,D,20200220,000000,7679.39,7848.53,7662.31,7813.15,1449193,0
COST.US,D,20200221,000000,7811.62,7858.96,7807.30,7846.51,1840893,0
COST.US,D,20200224,000000,7835.84,8050.00,7809.96,7956.86,796463,0
COST.US,D,20200224,000000,7945.97,7986.69,7436.70,7605.70,2240422,0
COST.US,D,20200224,000000,7592.03,7634.53,7497.25,7513.88,1887594,0
COST.US,D,20200225,000000,7483.22,7484.98,7140.99,7313.20,2086054,0
COST.US,D,20200226,000000,7304.71,7329.40,7243.74,7257.30,1730861,0
COST.US,D,20200227,000000,7306.04,7308.85,7285.59,7292.06,1981971,0
COST.US,D,20200228,000000,7252.14,7373.29,7251.27,7339.20,2207103,0
COST.US,D,20200302,000000,7403.27,7657.51,7320.43,7625.21,1767540,0
COST.US,D,20200302,000000,7582.27,7608.12,7575.22,7604.05,1118418,0
COST.US,D,20200302,000000,7567.78,7571.03,7513.35,7522.13,1510468,0
COST.US,D,20200303,000000,7540.17,7724.37,7493.97,7720.45,1308867,0
COST.US,D,20200304,000000,7643.47,7692.05,7637.58,7671.55,1395404,0
COST.US,D,20200305,000000,7709.43,7887.51,7619.05,7860.75,1790944,0
COST.US,D,20200306,000000,7797.81,8518.36,7732.28,8270.00,1972338,0
COST.US,D,20200309,000000,8253.21,8255.17,8209.84,8222.17,1176818,0
COST.US,D,20200309,000000,8144.22,8320.22,8081.60,8300.23,1599555,0
COST.US,D,20200309,000000,8188.95,8369.96,7764.28,8003.72,2216770,0
COST.US,D,20200310,000000,7939.93,8141.64,7864.57,8123.84,1348572,0
COST.US,D,20200311,000000,8126.61,8180.84,7933.19,7980.42,1557884,0
COST.US,D,20200312,000000,7859.02,8483.88,7743.34,8476.50,999220,0
COST.US,D,20200313,000000,8627.06,8712.63,8613.45,8668.21,2247532,0
COST.US,D,20200316,000000,8749.94,8972.36,7652.39,7763.79,1614354,0
COST.US,D,20200316,000000,7659.12,8222.75,7500.50,8209.63,1233990,0
COST.US,D,20200316,000000,8307.51,8673.07,8202.78,8631.66,1736025,0
COST.US,D,20200317,000000,8674.42,9069.73,8638.29,8943.26,1947735,0
COST.US,D,20200318,000000,8833.90,9702.31,8594.76,9521.58,1932887,0
COST.US,D,20200319,000000,9451.33,9833.42,9360.51,9661.83,995670,0
COST.US,D,20200320,000000,9758.24,9759.47,9623.01,9680.86,1337500,0
COST.US,D,20200323,000000,9518.08,10337.64,9501.74,10193.05,868256,0
COST.US,D,20200323,000000,10305.99,10326.57,9993.65,10089.12,1852605,0
COST.US,D,20200323,000000,10136.87,10231.94,10135.31,10206.71,850158,0
COST.US,D,20200324,000000,10190.58,10229.97,10155.03,10163.23,1722505,0
COST.US,D,20200325,000000,10133.82,10350.51,9652.13,9668.20,837578,0
COST.US,D,20200326,000000,9679.87,10087.58,9672.91,9882.25,1187555,0
COST.US,D,20200327,000000,9870.61,10102.02,9130.57,9262.14,1613718,0
COST.US,D,20200330,000000,9260.96,9309.07,8093.43,8842.88,1494689,0
COST.US,D,20200330,000000,8890.98,8940.30,8199.98,8419.42,1142613,0
COST.US,D,20200330,000000,8260.21,8334.92,7842.87,7942.49,1521349,0
COST.US,D,20200331,000000,7933.09,7953.47,7419.75,7576.76,2171716,0
COST.US,D,20200401,000000,7572.90,7598.86,7037.28,7329.18,1558200,0
COST.US,D,20200402,000000,7235.60,7920.17,7154.06,7824.47,2174024,0
COST.US,D,20200403,000000,7927.64,8121.31,7821.07,8065.41,867557,0
COST.US,D,20200406,000000,8104.51,8435.06,8094.47,8332.51,1262247,0
COST.US,D,20200406,000000,8427.52,8560.46,7888.20,7996.52,1511819,0
COST.US,D,20200406,000000,8052.61,8086.95,7978.02,7989.90,1915609,0
COST.US,D,20200407,000000,8081.05,8312.14,8037.33,8295.40,1422487,0
COST.US,D,20200408,000000,8272.47,8411.78,8228.23,8321.87,1956142,0
COST.US,D,20200409,000000,8345.59,8387.22,8039.41,8128.88,1329149,0
COST.US,D,20200410,000000,8178.87,8189.80,8147.53,8153.48,1327311,0
COST.US,D,20200413,000000,8280.46,8288.74,8127.74,8204.35,2117357,0
COST.US,D,20200413,000000,8065.74,8376.40,8027.71,8265.92,1991612,0
COST.US,D,20200413,000000,8220.07,8509.51,8104.98,8408.56,1810539,0
COST.US,D,20200414,000000,8427.39,8644.59,8040.54,8103.03,827515,0
COST.US,D,20200415,000000,8324.20,8540.94,8242.96,8401.03,755512,0
COST.US,D,20200416,000000,8426.88,9067.78,8312.42,9038.23,1838345,0
COST.US,D,20200417,000000,8923.75,9386.83,8879.62,9308.80,1941791,0
COST.US,D,20200420,000000,9396.59,9417.46,9394.15,9414.28,1985127,0
COST.US,D,20200420,000000,9384.64,10222.58,9180.43,9862.42,1910907,0
COST.US,D,20200420,000000,9962.40,10175.29,9931.18,10056.34,2185379,0
COST.US,D,20200421,000000,10032.71,10052.86,9753.41,9843.06,2123089,0
COST.US,D,20200422,000000,9943.02,9959.90,9830.88,9895.25,842084,0
COST.US,D,20200423,000000,9891.95,10208.95,9852.85,10073.30,1661680,0
COST.US,D,20200424,000000,10037.38,10139.58,10036.98,10081.87,1168846,0
COST.US,D,20200427,000000,9944.40,9949.99,9804.17,9832.52,1937654,0
COST.US,D,20200427,000000,10014.30,10021.19,10000.04,10000.19,1688373,0
COST.US,D,20200427,000000,9957.67,10639.70,9771.10,10458.54,1437180,0
COST.US,D,20200428,000000,10412.37,10871.06,10313.27,10712.25,1922641,0
COST.US,D,20200429,000000,10712.25,11111.70,10633.44,11030.62,1618068,0
COST.US,D,20200430,000000,11117.12,11162.39,10983.69,11056.75,1271344,0
COST.US,D,20200501,000000,10995.99,12315.05,10768.64,11972.47,994213,0
COST.US,D,20200504,000000,11934.34,12484.30,11843.79,12365.98,1494301,0
COST.US,D,20200504,000000,12495.37,12580.84,12475.42,12559.15,2199516,0
COST.US,D,20200504,000000,12542.24,12556.24,12452.56,12491.18,965727,0
COST.US,D,20200505,000000,12465.01,12760.05,12252.39,12620.84,1553744,0
COST.US,D,20200506,000000,12744.98,13014.55,12690.71,12930.19,918859,0
COST.US,D,20200507,000000,12873.77,12994.80,12281.05,12444.76,2149018,0
COST.US,D,20200508,000000,12519.53,13799.96,12486.77,13710.37,2116759,0
COST.US,D,20200511,000000,13428.96,13547.62,12656.31,12836.38,1782602,0
COST.US,D,20200511,000000,12501.54,12569.59,12313.85,12393.13,896905,0
COST.US,D,20200511,000000,12499.07,12846.99,12435.08,12789.05,1280384,0
COST.US,D,20200512,000000,12763.65,13420.57,12507.72,13205.52,1641618,0
COST.US,D,20200513,000000,13145.37,13180.45,12954.39,12972.64,1909980,0
COST.US,D,20200514,000000,13002.30,13004.14,12518.65,12622.61,1080231,0
COST.US,D,20200515,000000,12597.88,12642.84,12233.92,12262.61,1759274,0
COST.US,D,20200518,000000,12146.02,12264.18,11256.97,11332.74,2213455,0
COST.US,D,20200518,000000,11364.60,11651.55,10794.69,10910.78,1032517,0
COST.US,D,20200518,000000,11110.22,11210.52,11037.58,11196.48,828359,0
COST.US,D,20200519,000000,11319.84,11466.53,11300.84,11460.05,2187319,0
COST.US,D,20200520,000000,11335.95,11871.57,11317.43,11826.11,2020222,0
COST.US,D,20200521,000000,11757.38,11834.19,10950.85,11102.95,1882519,0
COST.US,D,20200522,000000,11106.57,11928.70,11055.12,11712.44,1545227,0
COST.US,D,20200525,000000,11780.95,12184.66,10981.74,11363.28,2127025,0
COST.US,D,20200525,000000,11517.47,11518.81,10711.80,11095.40,1091650,0
COST.US,D,20200525,000000,11083.92,11669.99,11043.67,11640.14,1760943,0
COST.US,D,20200526,000000,11558.20,12825.48,11474.51,12783.38,1967473,0
COST.US,D,20200527,000000,12794.13,13046.78,12024.94,12266.60,1135949,0
COST.US,D,20200528,000000,12206.66,12295.22,12204.08,12213.43,1169575,0
COST.US,D,20200529,000000,12060.50,12902.50,11945.55,12712.93,1536207,0
COST.US,D,20200601,000000,12707.80,12794.64,12370.80,12557.83,2136910,0
COST.US,D,20200601,000000,12400.14,13212.41,12237.77,13209.92,2072253,0
COST.US,D,20200601,000000,13386.32,13465.76,13336.17,13462.84,1057817,0
COST.US,D,20200602,000000,13345.03,13454.97,12865.26,12928.06,2078114,0
COST.US,D,20200603,000000,12984.45,13550.43,12969.64,13356.77,1954090,0
COST.US,D,20200604,000000,13197.30,13197.73,13046.58,13171.71,824737,0
COST.US,D,20200605,000000,13314.88,13840.43,13291.64,13833.79,2201359,0
COST.US,D,20200608,000000,13761.03,13818.89,13330.10,13486.68,1816049,0
COST.US,D,20200608,000000,13490.32,13518.80,13388.32,13388.82,1781878,0
COST.US,D,20200608,000000,13455.09,13973.26,13184.28,13939.04,1776868,0
COST.US,D,20200609,000000,13798.58,13819.80,13752.63,13766.12,1653855,0
COST.US,D,20200610,000000,13768.61,13842.77,13762.96,13830.59,2229535,0
COST.US,D,20200611,000000,13924.81,14042.14,13286.61,13401.29,1469606,0
COST.US,D,20200612,000000,13508.68,14019.61,13490.48,13985.15,1420729,0
COST.US,D,20200615,000000,13991.77,14003.28,13465.27,13486.75,1084456,0
COST.US,D,20200615,000000,13454.09,13567.16,13452.83,13540.83,1794025,0
COST.US,D,20200615,000000,13620.57,13650.08,13357.84,13375.29,1710922,0
COST.US,D,20200616,000000,13328.97,13362.90,13127.46,13155.90,1364561,0
COST.US,D,20200617,000000,13133.62,13145.05,12793.64,12876.07,1196794,0
COST.US,D,20200618,000000,12794.42,12859.15,11925.59,12340.10,1435939,0
COST.US,D,20200619,000000,12342.11,13021.56,12252.31,12901.28,1890541,0
COST.US,D,20200622,000000,12771.29,13505.44,12640.96,13312.16,1850035,0
COST.US,D,20200622,000000,13247.51,13271.57,13087.30,13104.46,947612,0
COST.US,D,20200622,000000,13054.65,13066.02,12744.61,12780.09,2040174,0
COST.US,D,20200623,000000,12969.33,12996.19,12453.51,12607.46,1326256,0
COST.US,D,20200624,000000,12591.28,12798.17,12565.95,12763.98,1197252,0
COST.US,D,20200625,000000,12694.32,12745.04,12608.31,12637.79,1376076,0
COST.US,D,20200626,000000,12636.34,12692.36,12595.41,12612.59,1593874,0
COST.US,D,20200629,000000,12606.45,12817.35,12568.35,12755.87,2085014,0
COST.US,D,20200629,000000,12724.30,12745.20,12718.94,12744.81,1234109,0
COST.US,D,20200629,000000,12739.90,12861.28,12728.06,12842.08,2081218,0
COST.US,D,20200630,000000,12837.42,12856.02,12834.59,12847.70,1041715,0
COST.US,D,20200701,000000,12784.67,12835.84,12641.08,12733.19,2208762,0
COST.US,D,20200702,000000,12758.22,12765.18,12605.18,12674.79,826676,0
COST.US,D,20200703,000000,12662.82,12730.56,12642.90,12714.50,1593348,0
COST.US,D,20200706,000000,12646.60,12905.92,12620.75,12868.88,1142129,0
COST.US,D,20200706,000000,12939.05,13523.27,12844.03,13258.47,1957870,0
COST.US,D,20200706,000000,13158.88,13234.72,12961.72,13063.88,1230430,0
COST.US,D,20200707,000000,12992.04,13007.47,12985.95,13006.06,2029843,0
COST.US,D,20200708,000000,12940.09,12954.72,12934.33,12942.80,1721254,0
COST.US,D,20200709,000000,12939.23,12965.22,12911.28,12926.97,962574,0
COST.US,D,20200710,000000,12963.16,13185.43,12938.16,13148.26,1852207,0
COST.US,D,20200713,000000,13156.00,13359.85,12770.06,12914.02,1861178,0
COST.US,D,20200713,000000,12943.28,12952.53,12787.17,12839.81,824744,0
COST.US,D,20200713,000000,12888.94,12956.21,12521.01,12719.27,1233231,0
COST.US,D,20200714,000000,12752.30,12884.99,12706.41,12861.39,2113970,0
COST.US,D,20200715,000000,12817.19,12818.25,12799.59,12808.44,1526052,0
COST.US,D,20200716,000000,12831.38,13121.25,12822.86,13070.77,1782212,0
COST.US,D,20200717,000000,13054.89,13060.44,12999.90,13018.03,2184922,0
COST.US,D,20200720,000000,13054.05,13064.82,12821.60,12901.76,1346640,0
COST.US,D,20200720,000000,12874.27,13136.00,12805.18,13022.04,1107072,0
COST.US,D,20200720,000000,12994.52,12995.02,12958.30,12966.78,1536559,0
COST.US,D,20200721,000000,13054.35,13055.38,13025.85,13033.93,2165390,0
COST.US,D,20200722,000000,13083.79,13094.69,13075.01,13078.59,1807060,0
COST.US,D,20200723,000000,13065.21,13076.42,12933.74,13004.36,1816712,0
COST.US,D,20200724,000000,12941.81,12953.76,12652.90,12739.94,916168,0
COST.US,D,20200727,000000,12710.37,12859.33,12691.14,12840.00,1770486,0
COST.US,D,20200727,000000,12770.16,12776.78,12518.42,12655.13,1841754,0
COST.US,D,20200727,000000,12701.15,12711.51,12654.53,12681.95,1202121,0
COST.US,D,20200728,000000,12774.81,12815.99,12541.07,12593.31,773005,0
COST.US,D,20200729,000000,12610.08,12612.43,12564.21,12566.52,1799894,0
COST.US,D,20200730,000000,12570.48,12591.93,12538.85,12539.19,1765045,0
COST.US,D,20200731,000000,12573.33,12592.13,12445.63,12502.25,994109,0
COST.US,D,20200803,000000,12506.98,12532.03,12499.86,12521.33,1816988,0
COST.US,D,20200803,000000,12484.36,12578.61,12471.20,12550.68,889335,0
COST.US,D,20200803,000000,12530.78,12531.62,12373.29,12413.05,2232473,0
COST.US,D,20200804,000000,12400.63,12452.39,12374.34,12440.30,1431590,0
COST.US,D,20200805,000000,12462.27,12583.32,12305.87,12320.62,841368,0
COST.US,D,20200806,000000,12321.66,12473.58,12298.83,12435.87,1960304,0
COST.US,D,20200807,000000,12470.07,12471.32,12286.90,12333.21,1584445,0
COST.US,D,20200810,000000,12348.07,12443.22,12340.64,12434.01,1794220,0
COST.US,D,20200810,000000,12450.10,12608.56,12436.01,12576.26,2068709,0
COST.US,D,20200810,000000,12527.82,12530.61,12451.27,12464.54,921390,0
COST.US,D,20200811,000000,12467.89,12468.37,12031.65,12047.82,1209616,0
COST.US,D,20200812,000000,12048.67,12067.64,11933.63,11953.28,1870434,0
COST.US,D,20200813,000000,12006.39,12093.08,11623.83,11825.08,1441014,0
COST.US,D,20200814,000000,11803.51,11942.78,11733.89,11870.16,2002227,0
COST.US,D,20200817,000000,11891.81,11911.99,11835.77,11848.57,1150798,0
COST.US,D,20200817,000000,11870.74,11881.45,11852.21,11853.77,1148663,0
COST.US,D,20200817,000000,11864.17,11914.45,11845.73,11893.64,855371,0
COST.US,D,20200818,000000,11951.78,12002.61,11601.41,11676.88,826252,0
COST.US,D,20200819,000000,11669.33,11716.37,11661.55,11706.46,2243646,0
COST.US,D,20200820,000000,11622.21,11808.26,11621.28,11798.30,2132817,0
COST.US,D,20200821,000000,11713.26,11786.79,11691.77,11772.05,1323129,0
COST.US,D,20200824,000000,11792.23,11819.04,11748.82,11759.25,1718618,0
COST.US,D,20200824,000000,11731.20,11923.50,11693.13,11891.43,1705868,0
COST.US,D,20200824,000000,11924.48,11967.40,11694.91,11815.35,2025189,0
COST.US,D,20200825,000000,11747.17,11823.99,11488.16,11572.32,833318,0
COST.US,D,20200826,000000,11580.14,11875.88,11510.77,11796.72,2182503,0
COST.US,D,20200827,000000,11795.07,11796.70,11693.77,11743.49,1741127,0
COST.US,D,20200828,000000,11670.81,11690.29,11441.66,11521.53,971518,0
COST.US,D,20200831,000000,11535.14,11900.25,11522.17,11895.83,1329032,0
COST.US,D,20200831,000000,11850.64,11852.95,11734.43,11757.71,2027877,0
COST.US,D,20200831,000000,11829.66,11868.19,11342.23,11484.95,1226401,0
COST.US,D,20200901,000000,11502.16,11508.08,11450.21,11452.95,1052818,0
COST.US,D,20200902,000000,11316.76,11659.53,11310.75,11526.95,1064364,0
COST.US,D,20200903,000000,11418.87,11442.64,11370.57,11392.55,2003658,0
COST.US,D,20200904,000000,11430.08,11433.81,11399.04,11425.92,796643,0
COST.US,D,20200907,000000,11398.23,11443.76,11386.85,11409.22,2095090,0
COST.US,D,20200907,000000,11399.71,11868.12,11306.75,11699.76,1038298,0
COST.US,D,20200907,000000,11688.10,11998.89,11657.80,11926.77,1793923,0
COST.US,D,20200908,000000,11921.49,12139.94,11904.31,12041.86,2119467,0
COST.US,D,20200909,000000,12126.20,12218.50,12106.08,12186.59,810430,0
COST.US,D,20200910,000000,12074.53,12156.57,12069.53,12144.88,1875620,0
COST.US,D,20200911,000000,12119.31,12530.81,11979.72,12495.34,1426486,0
COST.US,D,20200914,000000,12553.48,12738.05,12539.16,12666.08,1130544,0
COST.US,D,20200914,000000,12484.44,12638.55,12240.68,12246.25,1460453,0
COST.US,D,20200914,000000,12340.26,12621.75,12282.77,12508.40,1574849,0
COST.US,D,20200915,000000,12454.78,12460.76,12426.01,12436.83,1124266,0
COST.US,D,20200916,000000,12524.51,13024.45,12522.22,12816.91,991141,0
COST.US,D,20200917,000000,12951.82,12969.74,12609.24,12620.14,891067,0
COST.US,D,20200918,000000,12640.49,13136.37,12598.99,13129.08,1702651,0
COST.US,D,20200921,000000,13043.09,13795.50,12706.70,13247.69,1475232,0
COST.US,D,20200921,000000,13108.08,13123.91,12970.89,12974.07,1771808,0
COST.US,D,20200921,000000,13063.80,13122.25,12620.12,12686.40,1071230,0
COST.US,D,20200922,000000,12729.95,12924.74,11904.05,11988.63,1273309,0
COST.US,D,20200923,000000,12176.00,12226.12,11947.34,11994.19,1127852,0
COST.US,D,20200924,000000,11949.01,12154.11,11938.58,12141.44,1014527,0
COST.US,D,20200925,000000,12172.50,12515.54,12113.98,12483.62,947100,0
COST.US,D,20200928,000000,12379.19,12509.03,12365.56,12495.96,1983721,0
COST.US,D,20200928,000000,12372.18,12688.82,12272.71,12640.08,1538417,0
COST.US,D,20200928,000000,12592.32,12636.28,12359.92,12458.28,1044499,0
COST.US,D,20200929,000000,12360.96,12417.04,12122.92,12143.68,1109132,0
COST.US,D,20200930,000000,12257.84,12570.89,12211.08,12419.02,1817298,0
COST.US,D,20201001,000000,12404.42,12437.44,11845.94,12037.45,1594191,0
COST.US,D,20201002,000000,11842.07,12936.93,11504.67,12723.58,1164190,0
COST.US,D,20201005,000000,12556.05,12723.30,12550.46,12723.15,1892083,0
COST.US,D,20201005,000000,12556.52,12602.90,11881.95,12027.38,2168213,0
COST.US,D,20201005,000000,12017.17,12323.33,11954.40,12268.23,1138723,0
COST.US,D,20201006,000000,12151.35,12258.47,10844.31,10979.14,1668616,0
COST.US,D,20201007,000000,10818.44,11001.01,10205.97,10391.89,1860629,0
COST.US,D,20201008,000000,10484.38,10635.98,10399.20,10580.64,1393784,0
COST.US,D,20201009,000000,10710.94,10761.60,10086.30,10326.82,1436055,0
COST.US,D,20201012,000000,10198.18,10725.39,10175.73,10547.85,1859646,0
COST.US,D,20201012,000000,10596.04,10678.76,10102.52,10151.02,2248120,0
COST.US,D,20201012,000000,10013.35,10251.76,9497.16,9673.01,1466427,0
COST.US,D,20201013,000000,9714.21,10623.49,9411.64,10550.81,1829377,0
COST.US,D,20201014,000000,10737.21,11452.73,10402.51,11398.57,1117393,0
COST.US,D,20201015,000000,11637.11,11849.94,11279.49,11306.63,2231155,0
COST.US,D,20201016,000000,11176.37,11625.08,11133.44,11564.04,1428265,0
COST.US,D,20201019,000000,11762.78,11763.18,11745.99,11760.48,1350913,0
COST.US,D,20201019,000000,11711.16,11750.38,11365.11,11504.53,1837692,0
COST.US,D,20201019,000000,11662.54,11829.94,11355.75,11529.36,1353011,0
COST.US,D,20201020,000000,11341.67,11943.15,11162.35,11905.99,998425,0
COST.US,D,20201021,000000,11920.27,12221.39,11917.57,12106.81,1465535,0
COST.US,D,20201022,000000,11977.68,11983.95,11836.54,11897.15,2227983,0
COST.US,D,20201023,000000,11860.97,12089.38,11071.94,11265.50,1624488,0
COST.US,D,20201026,000000,11288.62,11689.68,11209.59,11483.97,957765,0
COST.US,D,20201026,000000,11433.64,11497.26,11110.65,11217.15,1350020,0
COST.US,D,20201026,000000,11018.48,11441.52,10974.85,11276.97,1917076,0
COST.US,D,20201027,000000,11237.03,11245.27,10969.70,11094.34,1691507,0
COST.US,D,20201028,000000,11024.32,11410.78,11011.28,11365.06,1787243,0
COST.US,D,20201029,000000,11146.54,11249.66,10577.23,10673.38,1598256,0
COST.US,D,20201030,000000,10752.05,10763.27,10689.19,10692.02,1208740,0
COST.US,D,20201102,000000,10475.71,10536.83,10161.17,10177.39,1182371,0
COST.US,D,20201102,000000,10308.09,10316.59,10240.45,10296.06,949347,0
COST.US,D,20201102,000000,10149.41,10195.20,9953.23,10035.04,2042775,0
COST.US,D,20201103,000000,10094.29,10189.94,10065.38,10185.29,1194234,0
COST.US,D,20201104,000000,10135.89,11309.81,9996.05,11046.00,1104435,0
COST.US,D,20201105,000000,11016.28,11273.23,10970.91,11269.68,1083739,0
COST.US,D,20201106,000000,11460.48,11509.39,11069.31,11125.41,1578192,0
COST.US,D,20201109,000000,11041.22,11113.35,10991.05,11018.15,1981163,0
COST.US,D,20201109,000000,11071.10,11122.83,9822.01,10018.45,1910488,0
COST.US,D,20201109,000000,9950.34,10809.76,9599.13,10444.46,1933878,0
COST.US,D,20201110,000000,10424.58,10535.20,9538.75,9747.76,1670912,0
COST.US,D,20201111,000000,9870.11,9897.64,9347.21,9450.44,1300230,0
COST.US,D,20201112,000000,9450.91,9494.85,9112.47,9204.32,1633948,0
COST.US,D,20201113,000000,9219.77,10118.08,8765.93,9857.48,2124001,0
COST.US,D,20201116,000000,9705.11,9749.65,9524.92,9600.48,961718,0
COST.US,D,20201116,000000,9643.07,9915.73,8201.36,8294.57,1912040,0
COST.US,D,20201116,000000,8400.26,8766.21,8280.17,8617.67,1636666,0
COST.US,D,20201117,000000,8652.68,8714.07,8635.11,8692.54,761794,0
COST.US,D,20201118,000000,8623.59,8895.04,8520.05,8857.00,904822,0
COST.US,D,20201119,000000,8864.99,8879.51,8861.19,8867.26,1238977,0
COST.US,D,20201120,000000,8820.52,9608.96,8782.02,9551.61,764128,0
COST.US,D,20201123,000000,9693.55,9829.62,9658.21,9795.36,1648867,0
COST.US,D,20201123,000000,9911.63,10478.88,9902.72,10127.93,1208429,0
COST.US,D,20201123,000000,10108.35,11220.08,9735.87,10991.66,1929073,0
COST.US,D,20201124,000000,11196.62,11227.03,10537.55,10679.02,818518,0
COST.US,D,20201125,000000,10954.58,11423.37,10707.11,11202.30,1182453,0
COST.US,D,20201126,000000,11320.87,11712.45,11023.95,11546.98,1852212,0
COST.US,D,20201127,000000,11866.35,12132.73,11719.64,12054.41,1908209,0
COST.US,D,20201130,000000,11852.25,14976.26,11297.93,13202.11,1092820,0
COST.US,D,20201130,000000,12921.21,16156.52,12582.92,15265.80,838366,0
COST.US,D,20201130,000000,14792.80,16167.62,14719.11,15761.69,958676,0
COST.US,D,20201201,000000,15488.74,16913.16,15246.49,16474.07,1670455,0
COST.US,D,20201202,000000,16696.79,16762.15,15192.35,15593.32,1189060,0
COST.US,D,20201203,000000,15379.87,18040.48,15092.10,17268.51,2007352,0
COST.US,D,20201204,000000,17907.99,17911.54,17278.16,17678.20,1130485,0
COST.US,D,20201207,000000,17832.39,18313.53,17709.39,18269.07,1309088,0
COST.US,D,20201207,000000,18160.16,18322.43,17947.20,18033.11,754606,0
COST.US,D,20201207,000000,17857.54,20876.35,17167.77,19562.17,1965175,0
COST.US,D,20201208,000000,19241.15,22440.72,18837.92,20919.48,1728454,0
COST.US,D,20201209,000000,21868.22,23328.42,19128.82,19307.48,1967832,0
COST.US,D,20201210,000000,18914.26,21898.16,18263.94,20900.69,1089740,0
COST.US,D,20201211,000000,20800.78,20931.92,18979.67,19510.96,2166794,0
COST.US,D,20201214,000000,20270.15,20575.52,20092.19,20483.53,1548464,0
COST.US,D,20201214,000000,20533.34,22397.17,20200.93,21744.48,1414740,0
COST.US,D,20201214,000000,21671.45,21714.59,21488.26,21594.92,1960494,0
COST.US,D,20201215,000000,21374.71,22012.42,21333.64,21818.02,1523558,0
COST.US,D,20201216,000000,22208.44,23722.78,21886.42,23487.72,1361094,0
COST.US,D,20201217,000000,23010.50,23152.18,22952.89,23011.18,2222589,0
COST.US,D,20201218,000000,23285.71,23470.38,22990.91,23421.73,1805542,0
COST.US,D,20201221,000000,23283.72,23373.99,21836.49,21958.05,1664901,0
COST.US,D,20201221,000000,21885.65,22186.12,19743.64,20109.69,889747,0
COST.US,D,20201221,000000,19896.86,20032.55,17552.28,17837.73,808985,0
COST.US,D,20201222,000000,17801.08,19862.04,17757.50,19301.00,925852,0
COST.US,D,20201223,000000,19209.74,20566.89,19016.68,20076.20,1827199,0
COST.US,D,20201224,000000,20231.74,21839.31,19876.33,21572.61,2212311,0
COST.US,D,20201225,000000,21631.30,21757.39,21027.63,21204.27,1472449,0
COST.US,D,20201228,000000,20778.39,21486.64,17817.86,18384.15,813376,0
COST.US,D,20201228,000000,18480.28,18570.18,17475.60,17765.69,1897704,0
COST.US,D,20201228,000000,18123.06,18736.11,18068.70,18658.28,1490672,0
COST.US,D,20201229,000000,18989.69,20283.71,18564.09,19801.66,1524511,0
COST.US,D,20201230,000000,19618.65,19664.46,19122.84,19205.89,1261876,0
COST.US,D,20201231,000000,18731.31,24709.06,17235.59,23387.83,1192018,0
COST.US,D,20210101,000000,23649.25,23783.11,23298.47,23335.65,927487,0
COST.US,D,20210104,000000,22917.83,23297.75,21858.49,22140.61,1303124,0
COST.US,D,20210104,000000,22240.16,23286.21,21418.29,23028.53,859443,0
COST.US,D,20210104,000000,23309.30,23714.34,22957.66,23646.84,1293971,0
COST.US,D,20210105,000000,23911.36,24504.00,23908.77,24422.15,2239366,0
COST.US,D,20210106,000000,23909.70,25589.24,23768.53,25291.73,1467811,0
COST.US,D,20210107,000000,25791.99,26223.04,23101.36,23310.02,1148779,0
COST.US,D,20210108,000000,23562.54,24550.18,23238.39,23944.25,1082273,0
COST.US,D,20210111,000000,24242.14,27040.91,24022.87,26824.37,1485567,0
COST.US,D,20210111,000000,27534.08,29950.20,27357.22,28738.71,1068955,0
COST.US,D,20210111,000000,28088.39,28238.16,26608.64,26779.26,793039,0
COST.US,D,20210112,000000,26892.44,27394.52,25328.44,25421.90,816743,0
COST.US,D,20210113,000000,25698.71,25794.29,25635.36,25738.71,891082,0
COST.US,D,20210114,000000,25677.03,25718.42,23614.00,24240.62,916583,0
COST.US,D,20210115,000000,24028.44,24043.36,23717.46,23794.18,1197057,0
COST.US,D,20210118,000000,23942.26,24985.45,22628.49,23100.02,1706463,0
COST.US,D,20210118,000000,23757.05,24663.60,18924.25,20585.06,1546955,0
COST.US,D,20210118,000000,20907.32,21556.70,20903.11,21347.44,1667576,0
COST.US,D,20210119,000000,21447.22,23307.83,21052.72,22937.40,1840885,0
COST.US,D,20210120,000000,22612.72,22933.55,22610.86,22904.54,793279,0
COST.US,D,20210121,000000,23066.81,23122.03,21115.12,21941.15,1403079,0
COST.US,D,20210122,000000,21296.40,22567.15,21275.04,21863.16,901731,0
COST.US,D,20210125,000000,21666.01,22458.14,21347.22,22442.68,956502,0
COST.US,D,20210125,000000,22744.73,22925.91,21933.33,22098.20,1505532,0
COST.US,D,20210125,000000,22210.63,22811.55,22152.22,22694.26,757400,0
COST.US,D,20210126,000000,22619.33,23396.90,22356.02,23265.22,1374960,0
COST.US,D,20210127,000000,23600.57,24891.99,22919.87,24613.04,1600226,0
COST.US,D,20210128,000000,24700.78,25459.10,23280.18,23531.79,1360852,0
COST.US,D,20210129,000000,23833.10,24067.48,22326.76,22371.61,1335504,0
COST.US,D,20210201,000000,22680.86,22684.45,22352.54,22378.09,1737729,0
COST.US,D,20210201,000000,22065.98,22265.37,21143.05,21246.61,839844,0
COST.US,D,20210201,000000,21116.28,21256.81,21082.10,21166.09,1546066,0
COST.US,D,20210202,000000,21382.48,21426.87,20931.29,21072.71,1838370,0
COST.US,D,20210203,000000,20731.57,21758.70,20592.69,21545.50,942559,0
COST.US,D,20210204,000000,21440.36,21694.13,20601.45,20653.10,1429868,0
COST.US,D,20210205,000000,20425.37,21033.32,20354.87,21017.25,873701,0
COST.US,D,20210208,000000,21216.62,23339.61,21040.87,23183.50,1289513,0
COST.US,D,20210208,000000,22911.53,23791.63,22284.56,22627.62,811286,0
COST.US,D,20210208,000000,22968.47,23425.93,22776.46,23336.61,1945649,0
COST.US,D,20210209,000000,23345.00,23415.12,20968.55,21838.14,1624522,0
COST.US,D,20210210,000000,21828.82,22424.53,21639.57,22368.66,2136546,0
COST.US,D,20210211,000000,22290.47,22777.51,22255.27,22623.55,1077098,0
COST.US,D,20210212,000000,22558.08,22750.80,22463.94,22654.91,815552,0
COST.US,D,20210215,000000,22502.92,23189.27,22501.99,23144.52,764362,0
COST.US,D,20210215,000000,23834.19,23945.39,22615.44,23142.65,1470585,0
COST.US,D,20210215,000000,23340.69,23354.87,23331.35,23353.12,1539015,0
COST.US,D,20210216,000000,23662.23,23681.51,23434.06,23475.34,1883776,0
COST.US,D,20210217,000000,23003.03,24108.72,22975.12,24044.43,1670794,0
COST.US,D,20210218,000000,24096.21,24347.44,23435.29,23752.31,1495292,0
COST.US,D,20210219,000000,23466.00,23695.64,23188.91,23656.73,1084301,0
COST.US,D,20210222,000000,24001.93,24582.28,24001.01,24264.70,761227,0
COST.US,D,20210222,000000,24088.66,25424.71,23211.55,25164.14,806718,0
COST.US,D,20210222,000000,24853.26,25411.16,24718.62,25174.39,2011131,0
COST.US,D,20210223,000000,25441.30,25509.38,25130.52,25196.14,2093027,0
COST.US,D,20210224,000000,25614.92,25819.39,24676.79,24793.31,1697251,0
COST.US,D,20210225,000000,25217.53,25332.72,24991.26,25108.84,1778178,0
COST.US,D,20210226,000000,25328.24,27693.60,24264.51,27666.66,908959,0
