<TICKER>,<PER>,<DATE>,<TIME>,<OPEN>,<HIGH>,<LOW>,<CLOSE>,<VOL>,<OPENINT>
CRM.US,D,20180102,000000,246.66,247.89,246.05,246.68,3694415,0
CRM.US,D,20180103,000000,245.60,245.97,244.86,244.87,4451535,0
CRM.US,D,20180104,000000,244.79,244.95,243.50,244.06,3347521,0
CRM.US,D,20180105,000000,245.83,250.00,244.31,249.15,2814486,0
CRM.US,D,20180108,000000,252.25,254.03,239.81,245.11,3957113,0
CRM.US,D,20180108,000000,246.42,247.02,243.74,243.83,2744929,0
CRM.US,D,20180108,000000,245.95,256.26,245.52,254.24,2574812,0
CRM.US,D,20180109,000000,254.39,256.96,254.24,254.94,3857904,0
CRM.US,D,20180110,000000,253.69,256.76,253.49,254.75,4275983,0
CRM.US,D,20180111,000000,256.56,259.31,242.45,244.96,3240270,0
CRM.US,D,20180112,000000,245.32,246.23,240.70,241.51,4435420,0
CRM.US,D,20180115,000000,239.47,245.29,239.33,243.48,4159874,0
CRM.US,D,20180115,000000,244.80,252.49,243.61,249.13,1837321,0
CRM.US,D,20180115,000000,250.88,251.58,250.67,251.42,3172150,0
CRM.US,D,20180116,000000,251.15,252.00,250.48,251.44,2933657,0
CRM.US,D,20180117,000000,251.09,254.29,250.97,252.14,2708658,0
CRM.US,D,20180118,000000,251.49,252.30,247.42,249.16,3157880,0
CRM.US,D,20180119,000000,248.57,252.93,248.55,252.06,4102381,0
CRM.US,D,20180122,000000,253.68,255.61,253.52,255.48,2321763,0
CRM.US,D,20180122,000000,258.58,259.84,251.65,252.58,3103190,0
CRM.US,D,20180122,000000,253.03,253.17,247.53,250.37,3270300,0
CRM.US,D,20180123,000000,248.20,250.63,247.84,250.51,3203460,0
CRM.US,D,20180124,000000,249.20,249.31,241.67,243.08,4078555,0
CRM.US,D,20180125,000000,243.79,244.34,240.21,240.74,4323861,0
CRM.US,D,20180126,000000,243.59,245.10,235.33,237.40,3195739,0
CRM.US,D,20180129,000000,236.23,238.05,232.36,232.73,2568706,0
CRM.US,D,20180129,000000,232.19,236.76,219.61,222.69,2123629,0
CRM.US,D,20180129,000000,222.81,222.95,219.65,220.12,2915037,0
CRM.US,D,20180130,000000,220.36,220.79,214.01,215.16,1749514,0
CRM.US,D,20180131,000000,214.98,215.12,213.70,214.22,3839432,0
CRM.US,D,20180201,000000,213.56,218.13,213.33,217.76,3011788,0
CRM.US,D,20180202,000000,218.37,221.67,218.30,220.71,1678103,0
CRM.US,D,20180205,000000,220.41,220.67,219.82,220.03,1806496,0
CRM.US,D,20180205,000000,218.41,218.50,217.80,218.02,1578575,0
CRM.US,D,20180205,000000,218.39,220.09,217.74,219.53,3778693,0
CRM.US,D,20180206,000000,218.96,218.97,217.47,217.77,2027996,0
CRM.US,D,20180207,000000,217.90,218.13,212.63,214.71,2884483,0
CRM.US,D,20180208,000000,214.86,215.45,214.72,215.32,2547711,0
CRM.US,D,20180209,000000,216.54,217.43,212.62,214.72,3527368,0
CRM.US,D,20180212,000000,213.78,218.89,212.52,217.46,1589839,0
CRM.US,D,20180212,000000,218.11,219.74,217.90,219.42,2930586,0
CRM.US,D,20180212,000000,220.30,220.82,218.30,219.59,2324306,0
CRM.US,D,20180213,000000,219.27,220.82,218.74,220.74,3151596,0
CRM.US,D,20180214,000000,220.55,220.58,214.60,214.97,4052423,0
CRM.US,D,20180215,000000,214.55,220.13,213.20,217.72,2688616,0
CRM.US,D,20180216,000000,218.13,218.91,217.89,218.37,2159640,0
CRM.US,D,20180219,000000,218.12,224.91,216.83,223.90,4194303,0
CRM.US,D,20180219,000000,224.50,224.71,223.67,223.68,3695731,0
CRM.US,D,20180219,000000,223.52,224.17,222.62,223.22,4136820,0
CRM.US,D,20180220,000000,223.19,224.00,222.59,223.25,2612299,0
CRM.US,D,20180221,000000,223.27,223.29,220.67,221.72,3794358,0
CRM.US,D,20180222,000000,220.77,225.60,219.22,225.54,3085183,0
CRM.US,D,20180223,000000,225.98,227.41,220.80,223.62,4130726,0
CRM.US,D,20180226,000000,223.64,228.26,223.02,227.81,3950331,0
CRM.US,D,20180226,000000,226.41,226.96,225.97,226.34,2191334,0
CRM.US,D,20180226,000000,227.04,228.59,226.46,228.46,1575148,0
CRM.US,D,20180227,000000,228.88,231.53,228.76,230.70,2558840,0
CRM.US,D,20180228,000000,232.85,234.29,229.25,229.43,3923327,0
CRM.US,D,20180301,000000,230.56,231.44,226.69,230.12,3291306,0
CRM.US,D,20180302,000000,231.50,232.28,227.00,227.13,4447229,0
CRM.US,D,20180305,000000,223.89,228.28,223.71,226.60,2016754,0
CRM.US,D,20180305,000000,225.57,227.09,218.89,221.24,1575845,0
CRM.US,D,20180305,000000,223.81,224.25,217.65,220.10,4197521,0
CRM.US,D,20180306,000000,221.67,224.23,220.30,223.68,3491101,0
CRM.US,D,20180307,000000,223.50,224.94,223.40,224.68,1736509,0
CRM.US,D,20180308,000000,224.34,224.82,222.78,223.23,1792435,0
CRM.US,D,20180309,000000,222.20,223.29,222.10,223.06,3694979,0
CRM.US,D,20180312,000000,220.35,230.17,218.10,226.13,4111477,0
CRM.US,D,20180312,000000,226.66,228.21,226.57,227.44,1973267,0
CRM.US,D,20180312,000000,227.97,233.02,227.14,231.34,4090209,0
CRM.US,D,20180313,000000,233.51,234.04,233.45,233.55,3270692,0
CRM.US,D,20180314,000000,232.93,237.16,231.01,236.91,3327412,0
CRM.US,D,20180315,000000,236.75,246.34,235.50,243.77,4178929,0
CRM.US,D,20180316,000000,243.35,245.28,242.27,245.03,2620648,0
CRM.US,D,20180319,000000,246.69,253.16,243.32,252.56,1889343,0
CRM.US,D,20180319,000000,253.19,253.68,253.15,253.64,3606314,0
CRM.US,D,20180319,000000,254.45,254.94,249.28,250.46,2574931,0
CRM.US,D,20180320,000000,251.77,251.85,251.14,251.34,2329450,0
CRM.US,D,20180321,000000,250.99,251.72,250.55,251.70,1704308,0
CRM.US,D,20180322,000000,251.34,253.70,247.31,249.69,3837852,0
CRM.US,D,20180323,000000,250.06,252.71,249.77,251.74,2993502,0
CRM.US,D,20180326,000000,252.38,252.58,249.72,249.82,3554449,0
CRM.US,D,20180326,000000,250.70,255.47,250.21,254.66,2997779,0
CRM.US,D,20180326,000000,254.98,255.17,253.81,253.95,3036694,0
CRM.US,D,20180327,000000,253.21,253.30,253.02,253.29,3792114,0
CRM.US,D,20180328,000000,253.32,254.20,249.12,249.79,3709513,0
CRM.US,D,20180329,000000,249.09,251.55,249.01,250.75,3228262,0
CRM.US,D,20180330,000000,250.68,250.78,250.16,250.20,2992334,0
CRM.US,D,20180402,000000,250.05,250.07,247.39,248.32,3120308,0
CRM.US,D,20180402,000000,248.14,248.72,246.10,246.66,4444643,0
CRM.US,D,20180402,000000,247.02,249.11,246.41,249.03,2937658,0
CRM.US,D,20180403,000000,249.30,249.76,246.18,247.22,2261124,0
CRM.US,D,20180404,000000,247.75,250.62,247.70,250.42,2537281,0
CRM.US,D,20180405,000000,251.19,251.66,244.59,246.40,2830475,0
CRM.US,D,20180406,000000,247.81,249.13,247.74,248.85,4361588,0
CRM.US,D,20180409,000000,248.89,248.92,248.41,248.44,1647526,0
CRM.US,D,20180409,000000,248.09,249.59,248.07,249.16,2909364,0
CRM.US,D,20180409,000000,248.21,250.80,247.35,249.33,3011754,0
CRM.US,D,20180410,000000,248.88,249.24,248.87,249.06,3487625,0
CRM.US,D,20180411,000000,249.51,249.58,248.10,248.46,2154266,0
CRM.US,D,20180412,000000,248.58,248.83,247.99,248.07,3082446,0
CRM.US,D,20180413,000000,248.08,251.24,247.64,250.30,2917960,0
CRM.US,D,20180416,000000,249.65,250.85,249.43,250.75,1905571,0
CRM.US,D,20180416,000000,250.16,252.01,249.92,251.86,4139744,0
CRM.US,D,20180416,000000,251.04,253.29,250.82,252.39,4385424,0
CRM.US,D,20180417,000000,251.78,251.85,250.77,251.01,2701955,0
CRM.US,D,20180418,000000,250.64,251.74,250.56,251.14,1820470,0
CRM.US,D,20180419,000000,250.24,250.42,248.13,248.44,4299354,0
CRM.US,D,20180420,000000,247.15,247.54,245.78,245.94,3462445,0
CRM.US,D,20180423,000000,246.58,247.33,241.86,242.20,3932323,0
CRM.US,D,20180423,000000,241.78,243.86,241.66,243.46,2931523,0
CRM.US,D,20180423,000000,245.13,252.33,244.16,249.69,4259453,0
CRM.US,D,20180424,000000,251.60,259.03,250.03,256.42,1941140,0
CRM.US,D,20180425,000000,254.76,260.18,253.46,259.04,2766977,0
CRM.US,D,20180426,000000,258.23,259.66,253.74,254.70,2289844,0
CRM.US,D,20180427,000000,254.94,255.08,250.25,251.49,2355736,0
CRM.US,D,20180430,000000,251.44,253.10,250.97,252.90,4269214,0
CRM.US,D,20180430,000000,254.78,260.20,254.59,256.93,3171635,0
CRM.US,D,20180430,000000,255.83,257.26,248.16,248.41,1761080,0
CRM.US,D,20180501,000000,248.50,249.15,247.92,248.53,2828096,0
CRM.US,D,20180502,000000,248.48,250.00,246.65,247.68,2582461,0
CRM.US,D,20180503,000000,249.10,254.11,246.48,253.42,3963324,0
CRM.US,D,20180504,000000,254.94,255.20,254.79,254.86,2217971,0
CRM.US,D,20180507,000000,253.58,258.59,253.10,256.73,1785915,0
CRM.US,D,20180507,000000,257.06,258.33,252.12,252.74,3546406,0
CRM.US,D,20180507,000000,253.46,253.95,253.40,253.84,2253685,0
CRM.US,D,20180508,000000,254.29,255.83,242.63,246.67,2642232,0
CRM.US,D,20180509,000000,247.27,247.89,243.68,244.37,3071786,0
CRM.US,D,20180510,000000,245.40,249.90,245.07,247.61,3781177,0
CRM.US,D,20180511,000000,246.61,248.84,245.91,247.99,1925580,0
CRM.US,D,20180514,000000,248.95,255.78,248.55,253.19,2470788,0
CRM.US,D,20180514,000000,253.29,254.12,252.77,253.72,2082391,0
CRM.US,D,20180514,000000,254.78,254.86,252.90,252.93,2086356,0
CRM.US,D,20180515,000000,252.81,253.77,249.53,250.06,3681920,0
CRM.US,D,20180516,000000,250.81,252.86,250.34,252.47,2919486,0
CRM.US,D,20180517,000000,253.02,253.16,252.32,252.56,3873204,0
CRM.US,D,20180518,000000,252.73,254.86,252.56,254.02,3158222,0
CRM.US,D,20180521,000000,252.71,252.86,252.20,252.35,2895672,0
CRM.US,D,20180521,000000,252.34,252.37,251.36,251.48,2122811,0
CRM.US,D,20180521,000000,251.25,253.41,250.62,253.24,4049473,0
CRM.US,D,20180522,000000,253.16,254.69,253.16,254.45,1712105,0
CRM.US,D,20180523,000000,254.90,255.44,254.58,255.29,3087867,0
CRM.US,D,20180524,000000,254.70,255.07,252.71,253.34,4344915,0
CRM.US,D,20180525,000000,253.33,253.45,252.71,252.76,3466476,0
CRM.US,D,20180528,000000,252.78,253.04,251.37,251.82,2463571,0
CRM.US,D,20180528,000000,252.04,252.69,251.90,252.53,3259960,0
CRM.US,D,20180528,000000,252.73,254.54,252.63,253.93,3477084,0
CRM.US,D,20180529,000000,253.91,253.93,253.02,253.22,2026756,0
CRM.US,D,20180530,000000,253.25,253.85,249.47,250.43,3418444,0
CRM.US,D,20180531,000000,249.78,252.55,249.62,252.17,1512460,0
CRM.US,D,20180601,000000,252.26,252.81,249.44,250.53,2981002,0
CRM.US,D,20180604,000000,250.58,250.70,250.26,250.33,4373286,0
CRM.US,D,20180604,000000,250.57,250.85,250.46,250.84,2346291,0
CRM.US,D,20180604,000000,250.85,251.01,250.81,250.89,2512366,0
CRM.US,D,20180605,000000,250.75,250.84,249.89,250.17,2894726,0
CRM.US,D,20180606,000000,250.41,251.64,250.01,251.52,3565459,0
CRM.US,D,20180607,000000,251.03,251.11,250.04,250.08,2420715,0
CRM.US,D,20180608,000000,250.63,250.94,249.12,249.43,4125947,0
CRM.US,D,20180611,000000,249.47,251.28,249.07,251.15,2199174,0
CRM.US,D,20180611,000000,251.42,252.92,250.95,252.74,3151324,0
CRM.US,D,20180611,000000,252.93,252.98,252.76,252.88,2858332,0
CRM.US,D,20180612,000000,253.38,253.50,253.33,253.47,2256133,0
CRM.US,D,20180613,000000,253.55,253.64,252.78,253.15,2597381,0
CRM.US,D,20180614,000000,253.59,255.30,253.44,255.06,1986250,0
CRM.US,D,20180615,000000,254.52,258.83,253.49,257.56,4038544,0
CRM.US,D,20180618,000000,257.44,257.52,257.27,257.29,4137784,0
CRM.US,D,20180618,000000,257.27,258.84,257.19,258.48,3684004,0
CRM.US,D,20180618,000000,257.14,261.86,256.01,261.30,2404765,0
CRM.US,D,20180619,000000,261.77,262.68,261.57,262.25,2008758,0
CRM.US,D,20180620,000000,262.58,262.73,262.36,262.67,1751156,0
CRM.US,D,20180621,000000,263.69,266.78,263.21,266.16,2567012,0
CRM.US,D,20180622,000000,264.71,265.06,263.31,263.33,3911144,0
CRM.US,D,20180625,000000,262.64,263.93,252.30,253.53,2182039,0
CRM.US,D,20180625,000000,253.41,261.90,250.24,259.48,1853480,0
CRM.US,D,20180625,000000,259.56,260.25,259.44,260.01,4052153,0
CRM.US,D,20180626,000000,263.25,264.36,259.60,260.10,2784222,0
CRM.US,D,20180627,000000,261.86,263.72,256.58,258.45,3737237,0
CRM.US,D,20180628,000000,258.06,259.50,257.53,259.29,3491280,0
CRM.US,D,20180629,000000,261.98,266.19,260.91,265.32,4041492,0
CRM.US,D,20180702,000000,264.55,276.01,263.99,273.04,3572710,0
CRM.US,D,20180702,000000,276.65,285.26,274.59,285.12,4462046,0
CRM.US,D,20180702,000000,286.70,288.72,285.54,287.20,2581321,0
CRM.US,D,20180703,000000,288.82,290.19,278.26,280.80,4485351,0
CRM.US,D,20180704,000000,280.00,281.45,268.53,272.64,3829108,0
CRM.US,D,20180705,000000,271.84,279.36,270.94,276.06,3548856,0
CRM.US,D,20180706,000000,272.00,272.52,271.55,272.29,2170659,0
CRM.US,D,20180709,000000,270.57,298.26,261.34,292.62,1573669,0
CRM.US,D,20180709,000000,295.64,300.02,285.01,285.90,1951632,0
CRM.US,D,20180709,000000,286.00,288.63,274.28,280.14,4422456,0
CRM.US,D,20180710,000000,277.59,279.54,275.30,278.81,2027318,0
CRM.US,D,20180711,000000,276.27,281.61,264.66,267.16,4063768,0
CRM.US,D,20180712,000000,265.87,267.13,258.18,260.05,3585588,0
CRM.US,D,20180713,000000,255.84,255.97,247.76,249.91,2054523,0
CRM.US,D,20180716,000000,250.80,255.39,249.98,254.74,2434765,0
CRM.US,D,20180716,000000,254.75,259.15,251.68,255.37,2486131,0
CRM.US,D,20180716,000000,255.17,264.62,253.85,262.60,2024231,0
CRM.US,D,20180717,000000,261.94,265.66,244.67,249.85,2611342,0
CRM.US,D,20180718,000000,248.46,248.65,235.18,236.46,2834849,0
CRM.US,D,20180719,000000,238.04,244.58,219.84,224.69,3502904,0
CRM.US,D,20180720,000000,227.75,235.90,211.83,216.74,2726567,0
CRM.US,D,20180723,000000,217.13,217.14,201.90,205.05,3481956,0
CRM.US,D,20180723,000000,206.18,209.51,185.67,192.51,2623040,0
CRM.US,D,20180723,000000,190.80,194.28,179.51,180.97,3698330,0
CRM.US,D,20180724,000000,184.95,187.07,184.43,186.49,3638364,0
CRM.US,D,20180725,000000,186.75,189.34,175.52,177.10,3512882,0
CRM.US,D,20180726,000000,177.72,183.74,176.15,181.46,4194703,0
CRM.US,D,20180727,000000,181.61,185.07,181.51,184.27,1809959,0
CRM.US,D,20180730,000000,186.36,189.79,160.81,168.50,3795132,0
CRM.US,D,20180730,000000,165.10,165.18,148.47,149.88,2714047,0
CRM.US,D,20180730,000000,151.87,156.74,135.69,146.02,3082817,0
CRM.US,D,20180731,000000,143.00,147.15,142.95,145.79,3350317,0
CRM.US,D,20180801,000000,143.33,155.15,141.06,152.73,2036357,0
CRM.US,D,20180802,000000,150.44,150.92,148.52,148.85,1971276,0
CRM.US,D,20180803,000000,151.52,152.93,137.89,142.80,1867034,0
CRM.US,D,20180806,000000,143.67,144.69,140.67,141.70,1579707,0
CRM.US,D,20180806,000000,140.94,149.63,139.53,146.60,1964686,0
CRM.US,D,20180806,000000,146.42,155.27,145.43,152.35,4166082,0
CRM.US,D,20180807,000000,152.62,153.21,150.02,150.90,4249933,0
CRM.US,D,20180808,000000,151.16,154.74,132.31,138.08,2389895,0
CRM.US,D,20180809,000000,138.56,141.53,128.05,128.73,2613549,0
CRM.US,D,20180810,000000,131.24,134.95,130.85,134.13,2376773,0
CRM.US,D,20180813,000000,134.08,134.44,128.81,132.15,3573751,0
CRM.US,D,20180813,000000,130.32,134.92,129.73,133.79,3494926,0
CRM.US,D,20180813,000000,131.70,139.60,131.44,138.13,3250769,0
CRM.US,D,20180814,000000,138.92,139.67,132.91,135.65,3203672,0
CRM.US,D,20180815,000000,132.11,143.84,131.86,141.40,3992821,0
CRM.US,D,20180816,000000,139.93,162.42,137.50,157.36,3879190,0
CRM.US,D,20180817,000000,161.37,163.14,142.06,144.47,4453549,0
CRM.US,D,20180820,000000,146.61,157.01,143.70,154.52,2235209,0
CRM.US,D,20180820,000000,154.75,158.20,143.11,146.03,4179221,0
CRM.US,D,20180820,000000,145.60,146.12,139.30,140.35,3881460,0
CRM.US,D,20180821,000000,137.92,138.09,137.41,137.57,4137802,0
CRM.US,D,20180822,000000,137.31,148.54,135.38,147.23,4234592,0
CRM.US,D,20180823,000000,146.88,148.10,132.89,136.29,4074791,0
CRM.US,D,20180824,000000,138.01,138.97,133.08,134.98,1925069,0
CRM.US,D,20180827,000000,141.35,143.86,141.15,142.26,3008861,0
CRM.US,D,20180827,000000,147.43,151.04,145.43,150.39,2519868,0
CRM.US,D,20180827,000000,153.39,153.90,151.59,152.07,4291601,0
CRM.US,D,20180828,000000,150.14,150.58,149.29,149.71,3906149,0
CRM.US,D,20180829,000000,149.66,155.82,148.49,153.65,2568800,0
CRM.US,D,20180830,000000,152.46,158.36,151.77,156.82,2524097,0
CRM.US,D,20180831,000000,160.93,167.08,157.22,161.91,1518397,0
CRM.US,D,20180903,000000,167.47,173.14,167.39,172.78,1953594,0
CRM.US,D,20180903,000000,174.05,174.43,173.83,174.35,2648305,0
CRM.US,D,20180903,000000,175.71,190.06,174.76,184.65,2105835,0
CRM.US,D,20180904,000000,181.88,183.64,169.16,170.80,3327773,0
CRM.US,D,20180905,000000,170.94,170.97,168.86,169.08,2498086,0
CRM.US,D,20180906,000000,168.78,172.53,144.31,154.47,3080217,0
CRM.US,D,20180907,000000,153.14,159.88,152.11,158.38,4456819,0
CRM.US,D,20180910,000000,161.74,162.37,148.26,150.39,4329742,0
CRM.US,D,20180910,000000,152.85,155.86,152.84,154.82,3649160,0
CRM.US,D,20180910,000000,151.48,154.08,150.94,153.37,3018535,0
CRM.US,D,20180911,000000,150.92,152.43,149.77,152.13,3683452,0
CRM.US,D,20180912,000000,150.37,166.53,148.32,162.77,4023256,0
CRM.US,D,20180913,000000,162.96,166.02,159.17,160.50,1659893,0
CRM.US,D,20180914,000000,155.46,155.91,154.70,154.75,1997552,0
CRM.US,D,20180917,000000,155.60,170.84,154.07,169.22,3984127,0
CRM.US,D,20180917,000000,170.43,170.71,151.54,156.32,2711991,0
CRM.US,D,20180917,000000,156.07,158.34,149.52,152.07,3889277,0
CRM.US,D,20180918,000000,150.42,153.18,128.43,137.90,3294012,0
CRM.US,D,20180919,000000,138.16,138.24,136.63,136.70,4314093,0
CRM.US,D,20180920,000000,138.98,144.96,122.92,123.47,4056377,0
CRM.US,D,20180921,000000,117.09,125.06,116.17,121.62,3858958,0
CRM.US,D,20180924,000000,122.93,129.76,100.15,110.74,4242201,0
CRM.US,D,20180924,000000,111.13,114.54,101.25,107.32,3063530,0
CRM.US,D,20180924,000000,108.60,109.79,108.41,109.07,5642641,0
CRM.US,D,20180925,000000,108.04,111.31,106.04,110.95,4312252,0
CRM.US,D,20180926,000000,108.92,116.32,107.25,112.90,5430559,0
CRM.US,D,20180927,000000,113.15,115.15,113.14,113.98,4648169,0
CRM.US,D,20180928,000000,115.23,115.54,114.35,114.85,4234100,0
CRM.US,D,20181001,000000,116.04,117.53,115.98,116.34,3442442,0
CRM.US,D,20181001,000000,117.83,120.31,117.75,118.90,8273282,0
CRM.US,D,20181001,000000,115.08,123.24,113.96,121.84,7989649,0
CRM.US,D,20181002,000000,124.58,126.50,123.83,124.29,8870915,0
CRM.US,D,20181003,000000,123.76,126.65,122.51,126.64,7107401,0
CRM.US,D,20181004,000000,119.51,130.37,118.21,129.16,10290558,0
CRM.US,D,20181005,000000,130.94,134.54,130.30,132.60,9867604,0
CRM.US,D,20181008,000000,133.84,136.37,132.32,136.34,10860268,0
CRM.US,D,20181008,000000,134.42,142.98,131.38,141.26,11419738,0
CRM.US,D,20181008,000000,141.18,148.90,141.14,145.01,4762848,0
CRM.US,D,20181009,000000,144.58,149.41,142.30,148.53,9690210,0
CRM.US,D,20181010,000000,144.97,153.57,144.69,152.53,7965064,0
CRM.US,D,20181011,000000,151.89,160.27,150.88,158.05,13217822,0
CRM.US,D,20181012,000000,157.17,162.20,156.94,161.95,7739530,0
CRM.US,D,20181015,000000,161.93,168.31,159.60,166.94,11104721,0
CRM.US,D,20181015,000000,163.36,179.47,161.38,172.99,7561779,0
CRM.US,D,20181015,000000,171.77,182.89,166.72,180.38,11046209,0
CRM.US,D,20181016,000000,178.50,193.32,177.34,186.98,7830149,0
CRM.US,D,20181017,000000,187.52,212.31,180.51,210.27,1686351,0
CRM.US,D,20181018,000000,209.32,210.23,197.12,198.54,4177223,0
CRM.US,D,20181019,000000,201.67,203.18,185.71,192.01,1611453,0
CRM.US,D,20181022,000000,188.88,196.70,187.17,196.13,2245272,0
CRM.US,D,20181022,000000,194.79,196.61,164.50,177.75,3090478,0
CRM.US,D,20181022,000000,176.03,176.05,173.90,174.72,2831029,0
CRM.US,D,20181023,000000,173.69,182.82,172.91,182.60,2707837,0
CRM.US,D,20181024,000000,184.31,193.66,183.95,193.53,4086815,0
CRM.US,D,20181025,000000,192.60,193.27,179.57,181.26,2500657,0
CRM.US,D,20181026,000000,180.60,199.26,177.61,195.79,2511434,0
CRM.US,D,20181029,000000,200.70,200.78,192.35,194.11,1753345,0
CRM.US,D,20181029,000000,199.41,203.44,192.33,192.96,3082901,0
CRM.US,D,20181029,000000,190.11,191.93,189.74,191.59,2870902,0
CRM.US,D,20181030,000000,190.89,191.30,184.70,186.76,4449839,0
CRM.US,D,20181031,000000,182.14,184.34,176.20,177.44,2345425,0
CRM.US,D,20181101,000000,174.08,179.66,173.14,178.75,2026624,0
CRM.US,D,20181102,000000,178.52,206.29,176.00,193.16,4244625,0
CRM.US,D,20181105,000000,194.19,196.66,192.62,192.68,1906134,0
CRM.US,D,20181105,000000,198.07,208.01,196.66,199.85,3229200,0
CRM.US,D,20181105,000000,198.93,199.81,198.72,199.62,2200920,0
CRM.US,D,20181106,000000,197.94,208.90,196.62,206.64,1802484,0
CRM.US,D,20181107,000000,208.37,209.85,208.00,209.09,2504339,0
CRM.US,D,20181108,000000,213.29,222.91,211.71,220.16,2739236,0
CRM.US,D,20181109,000000,223.71,228.08,207.99,210.52,2980915,0
CRM.US,D,20181112,000000,208.89,211.96,208.70,211.24,3074764,0
CRM.US,D,20181112,000000,211.85,226.71,207.27,222.42,2937003,0
CRM.US,D,20181112,000000,224.81,245.08,222.05,244.61,4374629,0
CRM.US,D,20181113,000000,238.98,244.10,223.11,223.68,3385511,0
CRM.US,D,20181114,000000,223.77,251.07,219.86,242.58,3971766,0
CRM.US,D,20181115,000000,242.50,242.77,233.09,235.00,1933109,0
CRM.US,D,20181116,000000,237.15,240.78,235.28,239.46,4121096,0
CRM.US,D,20181119,000000,234.88,243.04,232.14,241.40,3768162,0
CRM.US,D,20181119,000000,241.10,281.16,234.82,277.21,3848225,0
CRM.US,D,20181119,000000,271.74,278.33,270.28,274.35,3271007,0
CRM.US,D,20181120,000000,269.67,275.97,268.23,274.26,2831608,0
CRM.US,D,20181121,000000,273.87,276.04,263.52,267.29,3851108,0
CRM.US,D,20181122,000000,260.94,283.90,256.01,278.84,3115447,0
CRM.US,D,20181123,000000,273.53,336.66,255.51,328.03,2299212,0
CRM.US,D,20181126,000000,333.03,336.54,323.99,326.14,4289301,0
CRM.US,D,20181126,000000,327.96,330.76,326.06,329.82,3947643,0
CRM.US,D,20181126,000000,326.15,353.32,317.66,353.10,2381222,0
CRM.US,D,20181127,000000,361.73,362.60,321.15,339.78,2575896,0
CRM.US,D,20181128,000000,336.87,337.00,321.29,326.64,2112574,0
CRM.US,D,20181129,000000,329.63,329.89,319.35,320.88,1721980,0
CRM.US,D,20181130,000000,322.26,345.40,320.48,339.44,3381166,0
CRM.US,D,20181203,000000,331.85,343.06,328.71,340.79,3452583,0
CRM.US,D,20181203,000000,342.68,360.47,342.15,346.53,4098986,0
CRM.US,D,20181203,000000,340.99,349.56,340.46,346.14,3692115,0
CRM.US,D,20181204,000000,338.03,362.01,333.65,355.02,1931292,0
CRM.US,D,20181205,000000,348.95,350.41,341.90,342.92,3532720,0
CRM.US,D,20181206,000000,349.37,367.45,346.87,364.90,3102792,0
CRM.US,D,20181207,000000,362.24,369.65,360.80,367.57,2820400,0
CRM.US,D,20181210,000000,369.17,369.76,369.09,369.75,3796640,0
CRM.US,D,20181210,000000,372.53,379.76,370.62,378.92,2702136,0
CRM.US,D,20181210,000000,376.36,380.91,363.57,365.63,2932907,0
CRM.US,D,20181211,000000,362.77,384.10,357.45,377.37,2360026,0
CRM.US,D,20181212,000000,371.80,389.33,366.97,381.74,4421112,0
CRM.US,D,20181213,000000,385.18,385.67,382.69,383.62,3673294,0
CRM.US,D,20181214,000000,380.02,380.88,367.41,368.88,2744300,0
CRM.US,D,20181217,000000,372.42,375.76,336.20,349.38,1601992,0
CRM.US,D,20181217,000000,348.04,369.14,344.84,362.50,1554303,0
CRM.US,D,20181217,000000,364.63,365.99,350.17,355.19,2247001,0
CRM.US,D,20181218,000000,358.28,364.29,329.74,337.09,2010856,0
CRM.US,D,20181219,000000,333.46,343.97,331.45,340.32,2769000,0
CRM.US,D,20181220,000000,343.23,343.58,338.68,340.12,2939354,0
CRM.US,D,20181221,000000,337.86,338.64,315.28,318.75,4110561,0
CRM.US,D,20181224,000000,319.18,322.29,318.47,321.96,1971734,0
CRM.US,D,20181224,000000,321.09,324.87,320.17,324.72,3268014,0
CRM.US,D,20181224,000000,319.24,332.59,315.05,332.56,3538820,0
CRM.US,D,20181225,000000,335.98,336.51,331.86,333.26,2645051,0
CRM.US,D,20181226,000000,333.48,338.36,331.42,337.07,2163521,0
CRM.US,D,20181227,000000,338.18,339.50,335.45,335.86,3637882,0
CRM.US,D,20181228,000000,336.02,339.08,335.41,338.92,1798061,0
CRM.US,D,20181231,000000,337.62,338.14,337.43,337.64,4477997,0
CRM.US,D,20181231,000000,340.94,341.04,339.37,339.73,2630010,0
CRM.US,D,20181231,000000,338.75,340.34,332.65,332.75,2184930,0
CRM.US,D,20190101,000000,333.81,334.17,332.89,333.05,4480523,0
CRM.US,D,20190102,000000,333.13,339.09,332.85,337.88,4332205,0
CRM.US,D,20190103,000000,338.72,365.73,335.03,361.73,3862528,0
CRM.US,D,20190104,000000,362.57,372.55,357.65,372.09,2316342,0
CRM.US,D,20190107,000000,366.58,368.95,361.18,363.62,2529344,0
CRM.US,D,20190107,000000,364.38,372.37,363.97,371.58,3466871,0
CRM.US,D,20190107,000000,372.58,374.22,368.63,371.12,4342413,0
CRM.US,D,20190108,000000,372.65,374.57,367.12,367.32,2250735,0
CRM.US,D,20190109,000000,369.32,370.87,366.99,367.14,1567513,0
CRM.US,D,20190110,000000,368.37,372.09,367.71,371.86,2394095,0
CRM.US,D,20190111,000000,372.53,374.13,358.07,364.74,3547700,0
CRM.US,D,20190114,000000,365.35,368.73,364.77,368.28,2445459,0
CRM.US,D,20190114,000000,370.26,373.46,370.09,372.33,2677508,0
CRM.US,D,20190114,000000,373.17,374.17,351.59,363.11,2997830,0
CRM.US,D,20190115,000000,362.99,363.66,347.35,354.43,3976674,0
CRM.US,D,20190116,000000,355.37,355.39,354.87,355.18,4140350,0
CRM.US,D,20190117,000000,357.06,358.34,348.99,350.74,3554088,0
CRM.US,D,20190118,000000,351.64,367.93,350.01,362.56,1755668,0
CRM.US,D,20190121,000000,362.48,363.11,359.71,360.00,2564830,0
CRM.US,D,20190121,000000,360.97,361.24,354.37,354.77,4124980,0
CRM.US,D,20190121,000000,353.91,354.46,346.49,346.50,4448403,0
CRM.US,D,20190122,000000,346.63,347.01,345.90,346.17,2151595,0
CRM.US,D,20190123,000000,345.36,348.53,344.32,347.98,3533650,0
CRM.US,D,20190124,000000,352.67,359.43,328.27,338.04,3516367,0
CRM.US,D,20190125,000000,340.60,342.41,340.37,341.56,3726098,0
CRM.US,D,20190128,000000,342.19,347.96,316.98,327.89,3963632,0
CRM.US,D,20190128,000000,329.74,332.71,323.67,325.82,2398378,0
CRM.US,D,20190128,000000,324.17,334.49,323.54,330.58,2671478,0
CRM.US,D,20190129,000000,328.36,329.75,322.99,323.44,1954789,0
CRM.US,D,20190130,000000,323.21,324.89,319.87,320.15,3286119,0
CRM.US,D,20190131,000000,319.17,323.99,318.70,321.90,3777620,0
CRM.US,D,20190201,000000,323.50,325.04,315.69,318.22,2039170,0
CRM.US,D,20190204,000000,318.02,321.22,317.27,320.26,3756796,0
CRM.US,D,20190204,000000,318.93,320.87,318.46,320.46,3199984,0
CRM.US,D,20190204,000000,320.48,320.58,319.83,319.93,2333438,0
CRM.US,D,20190205,000000,319.94,320.47,318.66,319.22,2643491,0
CRM.US,D,20190206,000000,319.86,319.95,318.28,318.63,3966435,0
CRM.US,D,20190207,000000,318.66,318.92,317.78,317.79,3425325,0
CRM.US,D,20190208,000000,317.13,317.24,316.30,316.57,2401975,0
CRM.US,D,20190211,000000,318.26,318.27,314.96,316.20,1813900,0
CRM.US,D,20190211,000000,316.60,316.94,314.59,315.12,2291933,0
CRM.US,D,20190211,000000,314.29,316.11,314.05,315.44,2169234,0
CRM.US,D,20190212,000000,315.62,318.34,315.34,317.93,3261992,0
CRM.US,D,20190213,000000,319.19,320.40,313.18,315.38,2945165,0
CRM.US,D,20190214,000000,315.37,318.74,314.48,317.72,1800503,0
CRM.US,D,20190215,000000,317.35,318.18,307.99,308.09,4489201,0
CRM.US,D,20190218,000000,307.11,315.86,304.38,314.96,3440695,0
CRM.US,D,20190218,000000,314.42,314.69,307.91,309.20,1751756,0
CRM.US,D,20190218,000000,309.85,309.94,309.32,309.51,3180134,0
CRM.US,D,20190219,000000,309.07,310.11,308.77,309.92,1862903,0
CRM.US,D,20190220,000000,309.37,311.01,308.83,310.39,1729137,0
CRM.US,D,20190221,000000,310.59,310.65,309.80,310.52,3790635,0
CRM.US,D,20190222,000000,311.78,312.10,302.47,303.04,2417950,0
CRM.US,D,20190225,000000,302.15,307.95,301.56,307.27,2066713,0
CRM.US,D,20190225,000000,306.39,307.49,304.72,305.38,3138821,0
CRM.US,D,20190225,000000,306.02,306.17,305.36,305.86,2563533,0
CRM.US,D,20190226,000000,306.64,306.89,302.78,303.94,2795750,0
CRM.US,D,20190227,000000,304.09,317.07,303.92,311.30,1548342,0
CRM.US,D,20190228,000000,308.23,314.53,307.06,313.74,3451979,0
CRM.US,D,20190301,000000,313.27,313.67,308.68,308.85,1855863,0
CRM.US,D,20190304,000000,307.99,311.21,307.96,310.21,3444286,0
CRM.US,D,20190304,000000,311.64,312.06,309.64,309.73,4121332,0
CRM.US,D,20190304,000000,309.57,309.83,305.46,307.34,2532991,0
CRM.US,D,20190305,000000,308.98,309.97,306.67,306.83,4439377,0
CRM.US,D,20190306,000000,308.52,309.23,306.16,306.63,1672886,0
CRM.US,D,20190307,000000,304.53,307.62,304.24,307.45,4434190,0
CRM.US,D,20190308,000000,310.74,314.24,310.02,313.76,1800331,0
CRM.US,D,20190311,000000,311.53,311.65,311.10,311.61,3533480,0
CRM.US,D,20190311,000000,313.37,318.45,311.29,315.60,1757953,0
CRM.US,D,20190311,000000,320.64,322.60,306.72,311.80,3503613,0
CRM.US,D,20190312,000000,313.08,315.01,302.85,302.85,2565132,0
CRM.US,D,20190313,000000,302.73,311.21,302.09,309.76,4025245,0
CRM.US,D,20190314,000000,309.85,310.42,307.25,308.66,2767130,0
CRM.US,D,20190315,000000,312.64,313.84,301.62,304.02,1989546,0
CRM.US,D,20190318,000000,305.01,308.46,304.04,305.81,2902994,0
CRM.US,D,20190318,000000,300.34,300.83,299.54,300.60,2623594,0
CRM.US,D,20190318,000000,297.48,298.74,293.94,295.11,3028121,0
CRM.US,D,20190319,000000,295.99,318.38,293.38,310.20,3769564,0
CRM.US,D,20190320,000000,312.58,314.73,303.45,306.51,1994562,0
CRM.US,D,20190321,000000,308.40,310.73,306.56,308.76,2736474,0
CRM.US,D,20190322,000000,308.14,312.16,307.31,311.66,1551373,0
CRM.US,D,20190325,000000,312.09,312.68,304.69,307.79,4245777,0
CRM.US,D,20190325,000000,306.72,307.27,306.70,307.17,3772554,0
CRM.US,D,20190325,000000,303.94,310.84,303.15,309.69,2667179,0
CRM.US,D,20190326,000000,308.87,315.69,305.67,312.45,2407577,0
CRM.US,D,20190327,000000,314.84,315.66,310.45,312.71,2111838,0
CRM.US,D,20190328,000000,316.13,318.60,307.70,307.91,1731923,0
CRM.US,D,20190329,000000,312.80,321.97,310.71,319.16,1810647,0
CRM.US,D,20190401,000000,319.26,328.87,315.09,328.37,1540234,0
CRM.US,D,20190401,000000,323.33,323.67,315.27,315.47,2385728,0
CRM.US,D,20190401,000000,313.85,319.94,312.83,319.75,1553245,0
CRM.US,D,20190402,000000,319.18,319.38,303.52,305.05,3039782,0
CRM.US,D,20190403,000000,306.45,309.30,279.91,285.77,3973714,0
CRM.US,D,20190404,000000,283.71,288.19,259.59,266.89,2638779,0
CRM.US,D,20190405,000000,272.41,279.63,271.41,278.65,3984895,0
CRM.US,D,20190408,000000,282.84,284.36,268.58,272.41,2467641,0
CRM.US,D,20190408,000000,274.23,275.71,273.29,275.03,1635395,0
CRM.US,D,20190408,000000,278.35,278.68,277.92,277.94,3686390,0
CRM.US,D,20190409,000000,281.37,281.52,275.45,277.04,2384650,0
CRM.US,D,20190410,000000,272.72,279.53,271.59,278.00,3501918,0
CRM.US,D,20190411,000000,276.30,287.59,273.04,285.05,2215680,0
CRM.US,D,20190412,000000,279.17,290.20,277.01,285.41,4165869,0
CRM.US,D,20190415,000000,287.26,296.23,285.15,293.94,4394833,0
CRM.US,D,20190415,000000,293.34,297.70,292.69,297.56,3588096,0
CRM.US,D,20190415,000000,298.20,300.76,289.47,290.44,2290490,0
CRM.US,D,20190416,000000,288.38,294.77,272.42,273.32,1541753,0
CRM.US,D,20190417,000000,274.81,294.52,273.18,286.38,1731816,0
CRM.US,D,20190418,000000,287.16,290.51,284.69,288.93,3170074,0
CRM.US,D,20190419,000000,288.59,300.83,286.29,298.77,4336266,0
CRM.US,D,20190422,000000,301.12,315.48,300.03,311.01,4234869,0
CRM.US,D,20190422,000000,307.56,325.73,303.31,321.53,2218254,0
CRM.US,D,20190422,000000,318.18,320.56,310.66,310.87,4369948,0
CRM.US,D,20190423,000000,312.14,312.51,309.94,310.58,1672941,0
CRM.US,D,20190424,000000,313.07,313.14,311.68,312.38,4284070,0
CRM.US,D,20190425,000000,310.88,311.12,310.87,311.04,4263281,0
CRM.US,D,20190426,000000,311.71,316.54,311.60,315.69,2871743,0
CRM.US,D,20190429,000000,313.18,320.68,310.82,319.91,2772267,0
CRM.US,D,20190429,000000,318.49,320.19,318.49,320.17,3734759,0
CRM.US,D,20190429,000000,318.57,323.68,318.52,322.72,2492298,0
CRM.US,D,20190430,000000,320.94,324.06,320.63,323.96,2639272,0
CRM.US,D,20190501,000000,320.97,332.17,319.65,327.43,2352123,0
CRM.US,D,20190502,000000,327.52,330.79,324.86,330.27,2186813,0
CRM.US,D,20190503,000000,330.31,335.84,329.99,334.53,2903874,0
CRM.US,D,20190506,000000,331.26,336.73,330.72,336.32,3093441,0
CRM.US,D,20190506,000000,335.45,336.27,327.39,330.78,2954033,0
CRM.US,D,20190506,000000,330.92,333.21,330.66,332.26,2429389,0
CRM.US,D,20190507,000000,333.92,337.21,323.23,327.25,4192006,0
CRM.US,D,20190508,000000,325.21,325.29,321.37,323.31,2301623,0
CRM.US,D,20190509,000000,323.57,324.07,317.28,317.54,1659516,0
CRM.US,D,20190510,000000,318.70,320.91,310.46,313.87,2604257,0
CRM.US,D,20190513,000000,314.10,314.31,312.07,312.22,4091263,0
CRM.US,D,20190513,000000,309.26,312.28,308.75,311.30,2106526,0
CRM.US,D,20190513,000000,307.55,314.43,304.69,312.67,2992711,0
CRM.US,D,20190514,000000,312.13,319.08,310.10,317.30,3129122,0
CRM.US,D,20190515,000000,313.62,314.24,312.09,312.53,3928883,0
CRM.US,D,20190516,000000,310.86,311.11,309.82,309.86,2215160,0
CRM.US,D,20190517,000000,311.12,315.66,310.58,314.02,2504558,0
CRM.US,D,20190520,000000,314.51,335.40,313.80,328.57,4446617,0
CRM.US,D,20190520,000000,324.66,341.39,321.45,336.71,4385222,0
CRM.US,D,20190520,000000,335.42,340.52,334.82,337.92,4272460,0
CRM.US,D,20190521,000000,336.38,338.06,330.88,332.37,2459199,0
CRM.US,D,20190522,000000,332.50,333.59,323.36,324.40,2987562,0
CRM.US,D,20190523,000000,321.90,324.57,316.54,316.78,2939128,0
CRM.US,D,20190524,000000,313.90,315.56,313.19,315.09,1883286,0
CRM.US,D,20190527,000000,313.77,324.98,312.89,322.93,4061675,0
CRM.US,D,20190527,000000,325.09,325.45,311.91,315.99,4209024,0
CRM.US,D,20190527,000000,317.51,319.52,310.64,312.47,3073140,0
CRM.US,D,20190528,000000,310.58,322.87,310.12,318.88,3311417,0
CRM.US,D,20190529,000000,319.93,322.13,307.24,313.63,4268697,0
CRM.US,D,20190530,000000,315.09,320.75,313.22,320.26,3177989,0
CRM.US,D,20190531,000000,321.45,323.11,305.09,311.99,2953481,0
CRM.US,D,20190603,000000,311.67,312.61,303.82,304.08,4018569,0
CRM.US,D,20190603,000000,306.08,317.18,303.51,314.20,2429957,0
CRM.US,D,20190603,000000,313.40,313.85,302.20,305.00,4392403,0
CRM.US,D,20190604,000000,308.34,308.82,301.62,303.20,2593369,0
CRM.US,D,20190605,000000,301.41,306.70,297.68,304.99,3606683,0
CRM.US,D,20190606,000000,304.28,304.34,298.99,300.15,1732201,0
CRM.US,D,20190607,000000,299.16,308.18,298.93,306.15,1629510,0
CRM.US,D,20190610,000000,305.84,318.92,286.13,288.76,1575416,0
CRM.US,D,20190610,000000,290.05,291.96,281.55,284.71,3142444,0
CRM.US,D,20190610,000000,283.25,303.35,277.73,296.46,2480647,0
CRM.US,D,20190611,000000,299.46,304.41,290.84,291.05,3318505,0
CRM.US,D,20190612,000000,290.58,297.44,289.61,296.84,4420420,0
CRM.US,D,20190613,000000,291.62,295.55,291.44,294.27,3875398,0
CRM.US,D,20190614,000000,291.64,292.12,281.23,285.23,2973226,0
CRM.US,D,20190617,000000,283.52,287.89,283.15,285.81,3180254,0
CRM.US,D,20190617,000000,284.51,284.76,283.86,284.10,3910346,0
CRM.US,D,20190617,000000,284.02,288.49,271.15,271.96,4098317,0
CRM.US,D,20190618,000000,273.61,286.06,269.57,281.05,1857153,0
CRM.US,D,20190619,000000,280.94,282.58,280.27,281.46,3805851,0
CRM.US,D,20190620,000000,286.39,287.86,279.09,281.50,2311882,0
CRM.US,D,20190621,000000,279.93,280.61,278.03,278.77,4457924,0
CRM.US,D,20190624,000000,281.15,282.45,276.49,278.12,2918793,0
CRM.US,D,20190624,000000,279.76,282.93,267.74,269.26,3793776,0
CRM.US,D,20190624,000000,271.82,274.97,270.81,273.70,4185971,0
CRM.US,D,20190625,000000,274.75,279.27,262.18,265.54,1726044,0
CRM.US,D,20190626,000000,269.06,270.33,264.60,266.87,1820716,0
CRM.US,D,20190627,000000,269.60,270.85,259.42,261.27,3176110,0
CRM.US,D,20190628,000000,263.02,263.58,257.89,259.19,2131869,0
CRM.US,D,20190701,000000,259.88,278.28,258.40,275.04,2689486,0
CRM.US,D,20190701,000000,277.18,279.20,269.28,271.91,1769725,0
CRM.US,D,20190701,000000,274.76,275.18,271.99,272.51,3249737,0
CRM.US,D,20190702,000000,271.14,273.56,257.71,260.44,3722621,0
CRM.US,D,20190703,000000,259.86,260.11,256.07,256.99,4199725,0
CRM.US,D,20190704,000000,258.74,258.76,253.81,253.97,2055803,0
CRM.US,D,20190705,000000,251.71,257.27,249.50,255.26,4464229,0
CRM.US,D,20190708,000000,256.69,256.83,254.32,254.78,2417929,0
CRM.US,D,20190708,000000,257.47,259.55,256.62,259.13,4269955,0
CRM.US,D,20190708,000000,255.21,269.81,253.87,263.32,3296497,0
CRM.US,D,20190709,000000,265.00,267.18,249.75,255.69,3078879,0
CRM.US,D,20190710,000000,257.00,260.38,256.88,257.46,2681483,0
CRM.US,D,20190711,000000,254.18,269.93,252.15,267.52,2027212,0
CRM.US,D,20190712,000000,266.34,266.67,261.96,263.56,2175752,0
CRM.US,D,20190715,000000,260.99,267.37,260.29,263.83,3165625,0
CRM.US,D,20190715,000000,266.57,273.39,263.50,273.28,1516292,0
CRM.US,D,20190715,000000,274.50,276.52,258.96,260.79,3670203,0
CRM.US,D,20190716,000000,256.61,265.13,256.40,263.90,2443147,0
CRM.US,D,20190717,000000,269.78,288.90,264.68,281.06,3830587,0
CRM.US,D,20190718,000000,281.73,332.46,269.96,311.17,4123423,0
CRM.US,D,20190719,000000,311.08,311.16,301.77,303.67,1522954,0
CRM.US,D,20190722,000000,302.65,321.17,300.13,318.28,3401058,0
CRM.US,D,20190722,000000,318.14,340.42,312.77,333.51,1795768,0
CRM.US,D,20190722,000000,329.03,388.66,323.07,365.80,3807708,0
CRM.US,D,20190723,000000,371.66,376.65,352.98,359.72,1895931,0
CRM.US,D,20190724,000000,355.54,370.85,352.69,368.23,1509503,0
CRM.US,D,20190725,000000,370.90,372.19,353.68,358.68,3857948,0
CRM.US,D,20190726,000000,359.63,359.78,331.27,344.23,4077306,0
CRM.US,D,20190729,000000,345.05,350.11,315.33,317.06,1742678,0
CRM.US,D,20190729,000000,311.46,313.87,304.23,307.58,3065967,0
CRM.US,D,20190729,000000,311.13,312.87,307.54,308.51,1730145,0
CRM.US,D,20190730,000000,302.93,322.53,302.79,319.46,3861746,0
CRM.US,D,20190731,000000,311.81,338.25,309.74,337.28,2951342,0
CRM.US,D,20190801,000000,340.21,344.20,329.24,335.21,1609189,0
CRM.US,D,20190802,000000,335.19,338.79,316.94,323.07,1651354,0
CRM.US,D,20190805,000000,325.46,340.57,325.19,340.54,4470164,0
CRM.US,D,20190805,000000,339.48,344.09,319.51,328.92,1688912,0
CRM.US,D,20190805,000000,335.68,336.14,318.52,320.92,4172804,0
CRM.US,D,20190806,000000,322.21,326.96,298.69,302.50,3106014,0
CRM.US,D,20190807,000000,299.37,300.69,285.03,288.40,3881730,0
CRM.US,D,20190808,000000,290.81,294.21,271.28,275.81,3812644,0
CRM.US,D,20190809,000000,274.10,303.22,271.26,295.01,1637913,0
CRM.US,D,20190812,000000,291.16,291.49,286.75,286.95,2185039,0
CRM.US,D,20190812,000000,287.61,291.99,286.61,291.79,3558683,0
CRM.US,D,20190812,000000,288.37,293.15,287.89,292.64,3638910,0
CRM.US,D,20190813,000000,293.27,301.17,292.06,300.75,3982130,0
CRM.US,D,20190814,000000,301.08,303.96,273.51,281.49,3304502,0
CRM.US,D,20190815,000000,277.82,281.95,247.29,265.01,4144050,0
CRM.US,D,20190816,000000,260.48,279.92,258.85,278.40,2407820,0
CRM.US,D,20190819,000000,274.38,275.97,271.17,271.59,2079007,0
CRM.US,D,20190819,000000,268.73,272.35,268.56,270.47,3600440,0
CRM.US,D,20190819,000000,273.43,274.67,262.12,263.21,3549802,0
CRM.US,D,20190820,000000,263.65,266.94,261.43,266.65,4198840,0
CRM.US,D,20190821,000000,269.28,273.22,269.05,272.47,3373112,0
CRM.US,D,20190822,000000,270.76,277.39,253.01,256.12,3609657,0
CRM.US,D,20190823,000000,255.23,255.44,242.16,242.73,3689060,0
CRM.US,D,20190826,000000,244.52,265.92,238.95,261.49,2925313,0
CRM.US,D,20190826,000000,265.44,272.47,264.54,270.32,3126082,0
CRM.US,D,20190826,000000,264.40,294.57,257.09,291.24,1687904,0
CRM.US,D,20190827,000000,288.80,317.44,279.04,315.16,3482582,0
CRM.US,D,20190828,000000,307.83,335.88,307.42,323.54,3907972,0
CRM.US,D,20190829,000000,330.91,333.34,329.56,332.71,4305494,0
CRM.US,D,20190830,000000,336.61,339.14,332.89,333.12,2459928,0
CRM.US,D,20190902,000000,329.65,346.82,322.78,344.80,3041411,0
CRM.US,D,20190902,000000,339.67,340.77,320.80,325.40,4110198,0
CRM.US,D,20190902,000000,326.69,380.98,319.91,357.42,2992606,0
CRM.US,D,20190903,000000,353.91,362.36,349.69,362.00,3170837,0
CRM.US,D,20190904,000000,369.02,372.63,353.17,356.57,4396578,0
CRM.US,D,20190905,000000,354.66,355.61,339.46,339.83,3084542,0
CRM.US,D,20190906,000000,339.51,341.12,336.26,336.53,3825046,0
CRM.US,D,20190909,000000,326.88,328.21,318.26,318.75,2866862,0
CRM.US,D,20190909,000000,321.97,325.09,320.43,321.99,4429839,0
CRM.US,D,20190909,000000,319.30,332.46,318.93,326.84,6997466,0
CRM.US,D,20190910,000000,326.89,335.43,326.67,334.35,2543539,0
CRM.US,D,20190911,000000,333.79,337.78,333.21,337.49,2925543,0
CRM.US,D,20190912,000000,337.36,346.54,335.50,343.82,6789188,0
CRM.US,D,20190913,000000,340.63,358.04,337.84,349.25,7790643,0
CRM.US,D,20190916,000000,342.14,361.47,340.57,358.23,7960087,0
CRM.US,D,20190916,000000,362.16,372.85,361.44,368.32,6095737,0
CRM.US,D,20190916,000000,363.15,377.45,359.03,374.36,8449160,0
CRM.US,D,20190917,000000,374.16,382.03,371.34,380.87,6360041,0
CRM.US,D,20190918,000000,381.36,392.75,378.90,389.11,3481661,0
CRM.US,D,20190919,000000,385.84,397.34,384.41,397.19,9665982,0
CRM.US,D,20190920,000000,394.59,410.21,391.53,406.73,9638850,0
CRM.US,D,20190923,000000,411.65,419.40,411.22,419.38,4576437,0
CRM.US,D,20190923,000000,421.13,442.35,420.65,434.02,7430851,0
CRM.US,D,20190923,000000,432.22,448.23,432.14,443.71,6846704,0
CRM.US,D,20190924,000000,443.04,459.28,437.34,455.52,9059633,0
CRM.US,D,20190925,000000,452.52,476.01,448.89,468.86,10154163,0
CRM.US,D,20190926,000000,472.47,483.21,471.75,479.02,4597376,0
CRM.US,D,20190927,000000,480.75,500.34,479.96,493.32,6067766,0
CRM.US,D,20190930,000000,498.51,508.03,497.13,505.50,6963587,0
CRM.US,D,20190930,000000,501.10,539.10,494.27,524.08,10345952,0
CRM.US,D,20190930,000000,524.23,538.49,521.33,535.80,8871396,0
CRM.US,D,20191001,000000,541.14,557.55,536.40,553.66,10240938,0
CRM.US,D,20191002,000000,552.06,570.57,550.69,568.84,11404808,0
CRM.US,D,20191003,000000,579.70,584.82,578.64,584.45,7958134,0
CRM.US,D,20191004,000000,586.48,601.24,584.01,600.67,7268383,0
CRM.US,D,20191007,000000,601.97,619.10,598.40,618.62,12748375,0
CRM.US,D,20191007,000000,613.87,640.89,607.09,636.88,8237668,0
CRM.US,D,20191007,000000,631.38,661.68,612.54,661.09,14379626,0
CRM.US,D,20191008,000000,663.27,686.34,660.24,686.03,14899050,0
CRM.US,D,20191009,000000,687.51,736.16,659.86,711.61,12925121,0
CRM.US,D,20191010,000000,715.74,747.33,706.98,737.77,14177528,0
CRM.US,D,20191011,000000,747.11,760.81,742.74,755.60,3722663,0
CRM.US,D,20191014,000000,754.74,756.13,746.82,749.21,1572795,0
CRM.US,D,20191014,000000,742.65,755.44,738.52,750.98,2863405,0
CRM.US,D,20191014,000000,756.49,764.09,722.68,734.14,3497235,0
CRM.US,D,20191015,000000,722.20,729.87,716.59,727.59,3764391,0
CRM.US,D,20191016,000000,726.68,727.91,722.05,723.04,3505990,0
CRM.US,D,20191017,000000,727.97,730.66,662.53,689.66,3538147,0
CRM.US,D,20191018,000000,692.44,752.83,691.32,735.92,1635517,0
CRM.US,D,20191021,000000,740.58,748.24,725.58,731.42,1559916,0
CRM.US,D,20191021,000000,732.19,755.87,725.39,752.40,1883940,0
CRM.US,D,20191021,000000,756.45,757.94,734.32,744.13,4091695,0
CRM.US,D,20191022,000000,747.44,763.31,746.88,755.94,4242612,0
CRM.US,D,20191023,000000,745.56,745.57,732.22,743.93,2453297,0
CRM.US,D,20191024,000000,736.61,807.55,735.57,805.37,4255334,0
CRM.US,D,20191025,000000,804.45,863.30,788.64,854.96,3371212,0
CRM.US,D,20191028,000000,846.53,855.10,820.75,820.96,3060685,0
CRM.US,D,20191028,000000,815.76,865.06,796.92,864.81,3429374,0
CRM.US,D,20191028,000000,867.82,873.54,866.51,873.20,2112289,0
CRM.US,D,20191029,000000,865.19,869.19,827.12,839.45,1704678,0
CRM.US,D,20191030,000000,844.21,848.95,751.01,783.01,3817024,0
CRM.US,D,20191031,000000,793.95,806.40,779.24,791.47,2578050,0
CRM.US,D,20191101,000000,809.25,810.59,783.38,793.54,4175524,0
CRM.US,D,20191104,000000,793.13,847.60,774.93,840.49,3655915,0
CRM.US,D,20191104,000000,830.62,832.15,752.89,780.99,1877939,0
CRM.US,D,20191104,000000,782.31,782.93,775.23,779.47,3271977,0
CRM.US,D,20191105,000000,772.48,786.42,771.01,782.35,3082470,0
CRM.US,D,20191106,000000,775.42,778.38,756.71,765.82,1836903,0
CRM.US,D,20191107,000000,775.80,776.20,758.89,764.17,3424031,0
CRM.US,D,20191108,000000,770.83,775.24,769.50,773.66,2619319,0
CRM.US,D,20191111,000000,788.08,797.06,744.74,756.84,2490203,0
CRM.US,D,20191111,000000,777.02,779.53,771.39,775.07,2137284,0
CRM.US,D,20191111,000000,779.43,816.53,774.80,787.88,2346755,0
CRM.US,D,20191112,000000,786.20,792.25,762.61,765.80,2290250,0
CRM.US,D,20191113,000000,758.60,761.55,748.93,751.33,3198980,0
CRM.US,D,20191114,000000,751.76,769.21,749.52,762.60,2408102,0
CRM.US,D,20191115,000000,758.55,785.87,755.87,785.43,3306323,0
CRM.US,D,20191118,000000,794.68,817.88,793.63,814.76,4412176,0
CRM.US,D,20191118,000000,811.90,825.23,809.61,822.56,2498181,0
CRM.US,D,20191118,000000,814.98,819.91,791.58,791.58,2363519,0
CRM.US,D,20191119,000000,796.22,824.12,795.53,823.05,3432556,0
CRM.US,D,20191120,000000,819.01,837.26,808.35,835.72,4173744,0
CRM.US,D,20191121,000000,841.36,841.61,829.48,830.37,3171014,0
CRM.US,D,20191122,000000,832.99,846.44,828.10,845.49,2750301,0
CRM.US,D,20191125,000000,847.54,858.23,811.44,820.27,3145619,0
CRM.US,D,20191125,000000,816.26,887.38,815.30,861.92,2388403,0
CRM.US,D,20191125,000000,850.93,898.67,843.89,894.29,3534171,0
CRM.US,D,20191126,000000,891.26,904.85,859.44,861.05,3566750,0
CRM.US,D,20191127,000000,863.17,896.36,857.15,882.56,2352471,0
CRM.US,D,20191128,000000,884.81,891.45,856.95,867.76,3158324,0
CRM.US,D,20191129,000000,867.78,868.89,864.49,864.58,3095849,0
CRM.US,D,20191202,000000,866.15,886.94,863.77,880.66,3312702,0
CRM.US,D,20191202,000000,888.97,892.33,888.46,892.07,2857002,0
CRM.US,D,20191202,000000,885.79,889.44,868.91,872.52,2183442,0
CRM.US,D,20191203,000000,887.01,891.90,840.24,855.73,3589912,0
CRM.US,D,20191204,000000,848.41,901.43,848.36,887.66,2863627,0
CRM.US,D,20191205,000000,884.80,884.92,880.50,881.74,2050807,0
CRM.US,D,20191206,000000,887.12,887.77,875.44,875.51,3046026,0
CRM.US,D,20191209,000000,871.18,880.94,847.10,850.26,2515719,0
CRM.US,D,20191209,000000,850.06,889.36,836.07,876.12,3790715,0
CRM.US,D,20191209,000000,872.58,878.34,867.33,874.04,3560832,0
CRM.US,D,20191210,000000,866.17,870.67,863.08,869.47,1610000,0
CRM.US,D,20191211,000000,877.07,888.95,873.99,886.61,1648888,0
CRM.US,D,20191212,000000,884.12,893.85,882.28,889.20,2572055,0
CRM.US,D,20191213,000000,889.95,894.64,878.77,881.97,3119162,0
CRM.US,D,20191216,000000,887.43,890.15,873.44,875.15,2063762,0
CRM.US,D,20191216,000000,876.76,910.20,873.37,902.23,2453375,0
CRM.US,D,20191216,000000,901.32,908.75,897.92,904.90,3855830,0
CRM.US,D,20191217,000000,897.21,897.31,878.09,881.24,4217322,0
CRM.US,D,20191218,000000,874.88,895.44,873.97,887.41,2464095,0
CRM.US,D,20191219,000000,891.93,906.12,888.67,898.17,3448752,0
CRM.US,D,20191220,000000,895.98,897.38,886.80,889.19,3288950,0
CRM.US,D,20191223,000000,876.55,877.49,863.13,866.09,3338810,0
CRM.US,D,20191223,000000,863.09,867.31,860.21,865.26,3257850,0
CRM.US,D,20191223,000000,864.05,867.40,859.09,866.06,2872608,0
CRM.US,D,20191224,000000,866.51,882.11,863.19,880.55,2666718,0
CRM.US,D,20191225,000000,881.14,887.27,863.11,866.89,2824824,0
CRM.US,D,20191226,000000,860.31,860.81,858.29,858.38,2447556,0
CRM.US,D,20191227,000000,859.04,871.62,857.51,868.78,2739262,0
CRM.US,D,20191230,000000,865.44,878.29,862.24,875.39,3290751,0
CRM.US,D,20191230,000000,876.42,876.46,870.16,870.84,3519820,0
CRM.US,D,20191230,000000,870.14,875.31,869.32,873.67,1759688,0
CRM.US,D,20191231,000000,874.37,879.44,872.17,879.20,2940162,0
CRM.US,D,20200101,000000,878.49,881.19,861.48,863.63,4148791,0
CRM.US,D,20200102,000000,865.07,866.06,862.35,862.54,3608519,0
CRM.US,D,20200103,000000,863.49,875.43,861.48,871.18,4112132,0
CRM.US,D,20200106,000000,869.53,874.56,856.66,859.07,2257663,0
CRM.US,D,20200106,000000,857.72,858.67,846.65,847.28,3464197,0
CRM.US,D,20200106,000000,845.95,849.87,845.74,846.25,2524635,0
CRM.US,D,20200107,000000,842.32,847.73,842.09,847.67,2484696,0
CRM.US,D,20200108,000000,849.74,850.49,848.67,849.18,2878187,0
CRM.US,D,20200109,000000,849.46,849.51,847.56,848.07,2358267,0
CRM.US,D,20200110,000000,849.51,849.57,849.39,849.40,2539092,0
CRM.US,D,20200113,000000,849.39,849.92,840.62,841.79,2591895,0
CRM.US,D,20200113,000000,843.02,844.91,841.47,844.56,4309279,0
CRM.US,D,20200113,000000,848.42,848.45,846.39,846.93,3883681,0
CRM.US,D,20200114,000000,850.11,850.37,846.46,846.97,3172753,0
CRM.US,D,20200115,000000,844.68,845.80,839.00,839.75,3486294,0
CRM.US,D,20200116,000000,839.71,841.28,832.50,833.14,3316392,0
CRM.US,D,20200117,000000,830.28,832.34,828.66,832.27,2808217,0
CRM.US,D,20200120,000000,831.18,831.34,806.53,819.03,3954179,0
CRM.US,D,20200120,000000,815.45,816.84,809.11,810.84,3577477,0
CRM.US,D,20200120,000000,810.49,814.38,791.01,791.49,3144909,0
CRM.US,D,20200121,000000,792.77,810.10,788.96,804.55,3263714,0
CRM.US,D,20200122,000000,805.42,809.76,803.35,807.40,4421163,0
CRM.US,D,20200123,000000,809.28,809.82,808.92,808.92,2676654,0
CRM.US,D,20200124,000000,810.78,816.39,809.68,814.91,2484258,0
CRM.US,D,20200127,000000,814.79,816.24,811.53,811.59,3991511,0
CRM.US,D,20200127,000000,809.66,811.16,801.33,802.67,4108903,0
CRM.US,D,20200127,000000,805.80,808.63,805.65,806.61,3551894,0
CRM.US,D,20200128,000000,809.05,812.40,809.05,812.25,2335725,0
CRM.US,D,20200129,000000,811.09,815.12,810.72,813.86,4198383,0
CRM.US,D,20200130,000000,813.69,820.79,812.37,818.02,3244964,0
CRM.US,D,20200131,000000,818.99,819.26,814.44,814.85,2586753,0
CRM.US,D,20200203,000000,815.89,816.78,813.46,814.42,3229200,0
CRM.US,D,20200203,000000,816.02,818.17,816.02,817.42,2110148,0
CRM.US,D,20200203,000000,815.39,817.87,811.77,812.54,2036808,0
CRM.US,D,20200204,000000,812.92,813.82,796.89,801.46,3048922,0
CRM.US,D,20200205,000000,802.65,804.36,800.41,804.36,2483956,0
CRM.US,D,20200206,000000,801.26,807.50,800.86,806.43,3678506,0
CRM.US,D,20200207,000000,804.78,804.85,802.75,803.23,3833243,0
CRM.US,D,20200210,000000,801.43,810.97,795.95,806.68,4395193,0
CRM.US,D,20200210,000000,806.81,807.50,801.17,804.16,1517723,0
CRM.US,D,20200210,000000,803.09,808.70,802.68,807.77,1786425,0
CRM.US,D,20200211,000000,809.47,813.08,808.86,812.09,2423182,0
CRM.US,D,20200212,000000,809.71,810.51,803.48,804.31,1661083,0
CRM.US,D,20200213,000000,807.00,809.86,801.51,804.80,1600032,0
CRM.US,D,20200214,000000,800.55,835.40,792.45,828.23,3855719,0
CRM.US,D,20200217,000000,827.76,828.25,816.05,822.38,1764578,0
CRM.US,D,20200217,000000,817.30,857.24,811.28,846.08,2286159,0
CRM.US,D,20200217,000000,846.14,859.86,812.90,831.41,2365008,0
CRM.US,D,20200218,000000,829.80,831.02,810.41,815.30,3595376,0
CRM.US,D,20200219,000000,821.46,822.64,795.72,799.39,3688567,0
CRM.US,D,20200220,000000,797.86,804.14,793.83,803.68,3600176,0
CRM.US,D,20200221,000000,798.94,799.00,765.53,776.34,3954807,0
CRM.US,D,20200224,000000,778.62,787.97,777.01,786.41,2857442,0
CRM.US,D,20200224,000000,784.76,786.08,777.63,780.35,1915915,0
CRM.US,D,20200224,000000,782.75,784.43,772.59,775.59,2934138,0
CRM.US,D,20200225,000000,775.66,777.90,755.25,758.01,4067517,0
CRM.US,D,20200226,000000,755.89,757.76,754.46,756.81,1979880,0
CRM.US,D,20200227,000000,762.99,766.62,762.16,766.22,2686185,0
CRM.US,D,20200228,000000,758.66,762.30,753.86,754.33,3728788,0
CRM.US,D,20200302,000000,755.92,758.54,753.96,758.14,2973384,0
CRM.US,D,20200302,000000,748.87,755.49,746.75,753.81,1640237,0
CRM.US,D,20200302,000000,750.76,767.88,746.42,764.02,4127048,0
CRM.US,D,20200303,000000,761.65,773.44,760.60,771.69,3155200,0
CRM.US,D,20200304,000000,776.48,779.59,762.32,762.42,1774090,0
CRM.US,D,20200305,000000,762.20,762.51,761.82,762.40,4393253,0
CRM.US,D,20200306,000000,761.70,767.93,760.43,767.36,3045958,0
CRM.US,D,20200309,000000,768.28,768.39,751.95,756.45,2605631,0
CRM.US,D,20200309,000000,757.68,758.68,752.43,752.54,3925651,0
CRM.US,D,20200309,000000,751.82,752.04,750.13,750.25,3490361,0
CRM.US,D,20200310,000000,749.36,751.89,738.02,739.69,3142841,0
CRM.US,D,20200311,000000,739.87,753.58,739.36,746.92,4213903,0
CRM.US,D,20200312,000000,746.92,752.16,745.54,751.22,3211178,0
CRM.US,D,20200313,000000,751.83,754.80,749.30,753.75,3995652,0
CRM.US,D,20200316,000000,753.27,754.48,751.65,751.73,3494434,0
CRM.US,D,20200316,000000,750.12,752.46,749.87,751.87,3182325,0
CRM.US,D,20200316,000000,750.72,751.04,747.60,747.62,2727954,0
CRM.US,D,20200317,000000,747.68,750.83,747.64,750.77,2071894,0
CRM.US,D,20200318,000000,751.59,752.61,750.57,750.77,1632766,0
CRM.US,D,20200319,000000,751.36,752.91,750.93,750.96,3273767,0
CRM.US,D,20200320,000000,750.11,755.99,749.85,753.94,3015312,0
CRM.US,D,20200323,000000,751.43,754.08,751.04,752.13,3605516,0
CRM.US,D,20200323,000000,750.47,767.58,745.06,765.92,3332064,0
CRM.US,D,20200323,000000,768.12,770.60,741.86,746.56,3430208,0
CRM.US,D,20200324,000000,743.79,744.30,737.80,737.84,4392349,0
CRM.US,D,20200325,000000,738.88,741.66,724.40,730.24,2943860,0
CRM.US,D,20200326,000000,727.10,738.51,724.08,734.67,3624388,0
CRM.US,D,20200327,000000,729.33,741.11,726.61,736.34,1722475,0
CRM.US,D,20200330,000000,735.37,736.16,734.76,735.67,3727630,0
CRM.US,D,20200330,000000,736.49,756.28,733.87,749.10,2175182,0
CRM.US,D,20200330,000000,757.40,758.23,744.24,749.25,4121820,0
CRM.US,D,20200331,000000,748.52,756.57,733.40,736.32,1595132,0
CRM.US,D,20200401,000000,737.10,741.77,698.53,707.01,1848889,0
CRM.US,D,20200402,000000,706.94,724.23,703.95,721.65,3847049,0
CRM.US,D,20200403,000000,722.01,722.79,714.90,719.73,3736209,0
CRM.US,D,20200406,000000,718.65,721.28,712.30,715.17,4217377,0
CRM.US,D,20200406,000000,715.57,721.21,714.53,719.02,3987435,0
CRM.US,D,20200406,000000,717.79,726.98,715.94,726.47,3007799,0
CRM.US,D,20200407,000000,729.77,737.21,727.32,733.90,2770593,0
CRM.US,D,20200408,000000,730.67,734.73,716.00,721.32,2266843,0
CRM.US,D,20200409,000000,718.67,720.42,697.78,703.18,4135245,0
CRM.US,D,20200410,000000,698.43,707.66,696.56,705.30,3261116,0
CRM.US,D,20200413,000000,706.47,706.64,679.07,688.66,4398368,0
CRM.US,D,20200413,000000,692.01,693.17,671.09,673.63,3672502,0
CRM.US,D,20200413,000000,673.17,680.04,671.20,677.84,3438399,0
CRM.US,D,20200414,000000,681.59,682.28,676.23,677.11,1931371,0
CRM.US,D,20200415,000000,672.48,692.96,666.60,688.87,3927495,0
CRM.US,D,20200416,000000,682.74,704.89,675.32,699.31,1833222,0
CRM.US,D,20200417,000000,698.50,722.27,696.99,717.85,3190572,0
CRM.US,D,20200420,000000,714.99,717.56,699.63,699.84,3628844,0
CRM.US,D,20200420,000000,703.30,707.27,702.29,704.67,3279850,0
CRM.US,D,20200420,000000,707.18,707.24,687.97,691.08,1990452,0
CRM.US,D,20200421,000000,691.60,692.02,682.53,686.21,2708129,0
CRM.US,D,20200422,000000,692.63,700.20,690.74,699.71,1591577,0
CRM.US,D,20200423,000000,698.31,703.17,697.72,703.01,2559940,0
CRM.US,D,20200424,000000,701.44,706.99,700.64,706.18,1562357,0
CRM.US,D,20200427,000000,703.90,710.28,703.26,708.46,1872274,0
CRM.US,D,20200427,000000,707.96,708.10,705.96,706.51,1546200,0
CRM.US,D,20200427,000000,706.02,711.24,705.68,710.33,3577448,0
CRM.US,D,20200428,000000,711.88,712.69,711.15,712.27,1799735,0
CRM.US,D,20200429,000000,712.28,712.42,712.25,712.40,4168272,0
CRM.US,D,20200430,000000,711.50,715.27,711.15,714.85,3252623,0
CRM.US,D,20200501,000000,713.58,714.03,709.09,709.69,3246249,0
CRM.US,D,20200504,000000,709.95,716.00,700.60,702.42,2792410,0
CRM.US,D,20200504,000000,703.53,704.39,701.76,702.76,4063494,0
CRM.US,D,20200504,000000,701.38,705.63,700.30,703.02,1593528,0
CRM.US,D,20200505,000000,704.57,705.35,700.91,701.96,3489211,0
CRM.US,D,20200506,000000,699.93,701.19,699.80,701.01,3823551,0
CRM.US,D,20200507,000000,701.49,702.22,698.48,698.62,3831511,0
CRM.US,D,20200508,000000,697.68,707.15,693.61,702.54,2325230,0
CRM.US,D,20200511,000000,702.87,705.46,687.85,693.88,3678353,0
CRM.US,D,20200511,000000,694.89,698.29,693.08,693.93,1574814,0
CRM.US,D,20200511,000000,695.94,699.52,695.67,697.84,3359317,0
CRM.US,D,20200512,000000,694.74,698.30,693.56,694.25,1563933,0
CRM.US,D,20200513,000000,689.58,690.36,688.81,688.90,4243800,0
CRM.US,D,20200514,000000,686.77,687.91,684.24,685.42,1839250,0
CRM.US,D,20200515,000000,687.19,688.70,663.76,671.36,4469664,0
CRM.US,D,20200518,000000,672.50,690.37,670.75,687.54,4108495,0
CRM.US,D,20200518,000000,694.24,707.09,694.05,706.89,2025113,0
CRM.US,D,20200518,000000,708.88,726.16,707.51,724.47,1902985,0
CRM.US,D,20200519,000000,728.28,728.70,727.20,727.52,4238975,0
CRM.US,D,20200520,000000,724.07,728.43,723.66,726.41,3396616,0
CRM.US,D,20200521,000000,720.61,723.23,715.80,716.55,3749202,0
CRM.US,D,20200522,000000,714.74,733.28,711.12,731.90,2782088,0
CRM.US,D,20200525,000000,737.29,738.50,732.83,732.94,1732197,0
CRM.US,D,20200525,000000,738.60,764.91,738.02,758.61,2817623,0
CRM.US,D,20200525,000000,757.82,758.23,732.98,737.36,1813068,0
CRM.US,D,20200526,000000,739.42,739.54,715.08,717.59,4494330,0
CRM.US,D,20200527,000000,724.21,725.97,711.86,716.94,2738264,0
CRM.US,D,20200528,000000,713.18,713.61,701.47,706.36,4453756,0
CRM.US,D,20200529,000000,704.60,710.37,698.68,709.82,3937598,0
CRM.US,D,20200601,000000,704.05,709.12,703.24,708.29,2274568,0
CRM.US,D,20200601,000000,697.84,707.13,687.63,703.74,3215392,0
CRM.US,D,20200601,000000,705.08,705.40,695.49,697.51,4307448,0
CRM.US,D,20200602,000000,700.59,700.71,695.42,696.20,3620037,0
CRM.US,D,20200603,000000,695.55,698.93,664.49,674.49,2922922,0
CRM.US,D,20200604,000000,675.06,690.54,670.57,686.69,2459194,0
CRM.US,D,20200605,000000,681.25,681.88,679.96,680.39,2004367,0
CRM.US,D,20200608,000000,680.47,704.56,667.27,700.06,2393222,0
CRM.US,D,20200608,000000,694.35,697.17,692.50,696.12,3909980,0
CRM.US,D,20200608,000000,699.00,702.67,696.69,702.43,1884587,0
CRM.US,D,20200609,000000,702.14,702.61,697.00,700.64,4337493,0
CRM.US,D,20200610,000000,701.75,710.82,701.74,706.42,3970808,0
CRM.US,D,20200611,000000,705.49,721.32,703.07,720.53,3068550,0
CRM.US,D,20200612,000000,717.21,728.80,715.05,725.41,2111647,0
CRM.US,D,20200615,000000,735.03,736.15,719.25,720.53,1834047,0
CRM.US,D,20200615,000000,720.74,720.97,720.00,720.05,2732658,0
CRM.US,D,20200615,000000,727.00,728.83,717.78,718.35,1615943,0
CRM.US,D,20200616,000000,721.34,750.35,721.24,743.38,3006292,0
CRM.US,D,20200617,000000,736.79,771.77,724.51,766.81,2765491,0
CRM.US,D,20200618,000000,771.20,773.39,729.04,731.45,2553099,0
CRM.US,D,20200619,000000,725.74,726.48,696.25,702.75,1687901,0
CRM.US,D,20200622,000000,701.77,713.59,690.38,708.18,3400826,0
CRM.US,D,20200622,000000,717.33,721.03,698.90,703.20,4286254,0
CRM.US,D,20200622,000000,702.59,715.83,700.70,715.77,1837605,0
CRM.US,D,20200623,000000,715.62,720.56,706.11,708.99,2895757,0
CRM.US,D,20200624,000000,710.83,715.42,704.89,706.95,2971945,0
CRM.US,D,20200625,000000,707.04,709.43,706.98,709.18,3516138,0
CRM.US,D,20200626,000000,708.94,710.85,695.03,697.56,4262279,0
CRM.US,D,20200629,000000,699.78,701.17,676.49,687.92,2023604,0
CRM.US,D,20200629,000000,687.16,691.27,671.63,676.46,3955274,0
CRM.US,D,20200629,000000,681.24,684.04,669.28,671.40,2005768,0
CRM.US,D,20200630,000000,678.50,684.47,673.51,683.04,4362010,0
CRM.US,D,20200701,000000,688.33,693.97,679.74,682.49,3156361,0
CRM.US,D,20200702,000000,682.25,725.35,674.69,708.62,3557330,0
CRM.US,D,20200703,000000,709.54,709.80,707.76,708.29,1895594,0
CRM.US,D,20200706,000000,716.23,716.70,712.58,712.99,3901466,0
CRM.US,D,20200706,000000,713.85,714.85,712.03,713.65,2216668,0
CRM.US,D,20200706,000000,713.66,714.63,699.39,701.47,2957996,0
CRM.US,D,20200707,000000,701.09,702.29,663.59,666.71,2954355,0
CRM.US,D,20200708,000000,665.62,669.04,611.01,635.74,1524971,0
CRM.US,D,20200709,000000,643.26,646.55,627.38,628.16,1894347,0
CRM.US,D,20200710,000000,626.38,633.50,606.36,612.06,4235615,0
CRM.US,D,20200713,000000,619.52,622.42,606.43,606.98,4258269,0
CRM.US,D,20200713,000000,614.18,622.99,612.11,620.49,4018360,0
CRM.US,D,20200713,000000,624.99,629.56,621.55,628.91,2698154,0
CRM.US,D,20200714,000000,633.61,640.30,616.78,623.41,2274037,0
CRM.US,D,20200715,000000,626.18,682.41,620.78,661.99,2761343,0
CRM.US,D,20200716,000000,666.37,667.63,649.87,651.61,2850952,0
CRM.US,D,20200717,000000,665.76,674.32,635.19,642.87,1910376,0
CRM.US,D,20200720,000000,648.66,665.40,644.28,660.51,2506923,0
CRM.US,D,20200720,000000,657.67,658.89,647.52,648.86,2916901,0
CRM.US,D,20200720,000000,645.94,647.60,645.21,646.82,3969496,0
CRM.US,D,20200721,000000,640.78,643.63,618.72,620.62,3095717,0
CRM.US,D,20200722,000000,622.89,629.66,609.99,610.20,1987841,0
CRM.US,D,20200723,000000,606.88,609.61,586.52,593.90,1684708,0
CRM.US,D,20200724,000000,592.22,597.78,569.05,572.61,2370051,0
CRM.US,D,20200727,000000,573.69,576.08,553.63,561.63,1772613,0
CRM.US,D,20200727,000000,561.77,562.07,552.82,553.09,3479692,0
CRM.US,D,20200727,000000,553.66,555.23,553.65,554.78,2147686,0
CRM.US,D,20200728,000000,553.70,567.33,553.48,566.89,2802543,0
CRM.US,D,20200729,000000,563.16,571.49,562.76,569.29,1836335,0
CRM.US,D,20200730,000000,573.13,577.12,572.55,575.62,3598853,0
CRM.US,D,20200731,000000,579.65,593.37,574.13,592.96,3029571,0
CRM.US,D,20200803,000000,593.80,600.05,582.35,585.84,3331310,0
CRM.US,D,20200803,000000,585.36,585.76,576.16,578.96,4289689,0
CRM.US,D,20200803,000000,576.04,579.14,575.22,577.13,3994962,0
CRM.US,D,20200804,000000,576.32,576.87,572.18,573.66,2221497,0
CRM.US,D,20200805,000000,575.00,577.10,566.08,568.85,2507613,0
CRM.US,D,20200806,000000,563.39,563.91,557.10,557.45,4081046,0
CRM.US,D,20200807,000000,563.13,565.32,562.73,564.43,2929149,0
CRM.US,D,20200810,000000,565.39,583.88,563.68,576.00,2924245,0
CRM.US,D,20200810,000000,577.25,579.82,575.04,579.32,2531048,0
CRM.US,D,20200810,000000,581.92,582.61,576.86,577.28,2166982,0
CRM.US,D,20200811,000000,579.30,581.55,578.60,581.38,2257701,0
CRM.US,D,20200812,000000,579.42,582.43,572.09,575.22,2609172,0
CRM.US,D,20200813,000000,577.89,578.88,560.94,564.96,2460257,0
CRM.US,D,20200814,000000,558.79,568.12,555.84,567.65,3876172,0
CRM.US,D,20200817,000000,568.07,569.03,566.60,568.80,1941204,0
CRM.US,D,20200817,000000,568.89,576.73,568.57,574.42,3525167,0
CRM.US,D,20200817,000000,575.65,580.10,574.75,578.34,3509914,0
