<TICKER>,<PER>,<DATE>,<TIME>,<OPEN>,<HIGH>,<LOW>,<CLOSE>,<VOL>,<OPENINT>
CSCO.US,D,20180102,000000,49.65,49.68,49.65,49.66,7013197,0
CSCO.US,D,20180103,000000,49.58,50.40,49.52,50.01,6482205,0
CSCO.US,D,20180104,000000,50.05,50.28,48.58,49.10,5040711,0
CSCO.US,D,20180105,000000,49.09,49.13,48.22,48.52,10637677,0
CSCO.US,D,20180108,000000,48.42,48.51,47.91,48.01,5639914,0
CSCO.US,D,20180108,000000,47.68,47.76,47.11,47.37,7940495,0
CSCO.US,D,20180108,000000,47.01,49.34,46.45,48.52,11054568,0
CSCO.US,D,20180109,000000,48.61,49.32,48.56,49.29,11633801,0
CSCO.US,D,20180110,000000,49.26,49.55,49.24,49.36,8790284,0
CSCO.US,D,20180111,000000,49.88,49.98,49.60,49.62,5626334,0
CSCO.US,D,20180112,000000,49.27,51.15,48.77,51.10,5625363,0
CSCO.US,D,20180115,000000,51.11,51.16,51.03,51.07,6875349,0
CSCO.US,D,20180115,000000,50.73,51.91,50.68,51.84,8232243,0
CSCO.US,D,20180115,000000,51.54,51.56,51.05,51.14,4974761,0
CSCO.US,D,20180116,000000,51.17,51.31,49.78,49.87,5332422,0
CSCO.US,D,20180117,000000,50.14,50.31,48.92,49.14,5895731,0
CSCO.US,D,20180118,000000,49.47,49.86,47.96,48.47,5301517,0
CSCO.US,D,20180119,000000,48.43,49.04,48.31,48.86,8626090,0
CSCO.US,D,20180122,000000,48.81,48.92,48.72,48.92,5023224,0
CSCO.US,D,20180122,000000,49.07,49.17,49.06,49.12,6109638,0
CSCO.US,D,20180122,000000,48.92,49.45,48.85,49.40,6854790,0
CSCO.US,D,20180123,000000,49.66,49.89,49.11,49.16,5596650,0
CSCO.US,D,20180124,000000,49.18,49.83,49.12,49.64,8000445,0
CSCO.US,D,20180125,000000,49.66,49.72,49.65,49.71,6573608,0
CSCO.US,D,20180126,000000,49.77,49.94,49.58,49.63,8983143,0
CSCO.US,D,20180129,000000,49.05,49.14,49.02,49.13,11203797,0
CSCO.US,D,20180129,000000,49.15,49.54,49.03,49.27,6146382,0
CSCO.US,D,20180129,000000,49.51,50.97,49.46,50.43,7648597,0
CSCO.US,D,20180130,000000,50.49,50.83,50.07,50.17,4064777,0
CSCO.US,D,20180131,000000,50.25,50.31,50.12,50.13,11922981,0
CSCO.US,D,20180201,000000,50.03,50.79,49.94,50.39,10345794,0
CSCO.US,D,20180202,000000,50.20,50.91,50.04,50.81,11347803,0
CSCO.US,D,20180205,000000,50.75,50.79,50.75,50.77,6900857,0
CSCO.US,D,20180205,000000,50.77,50.84,50.20,50.22,7087536,0
CSCO.US,D,20180205,000000,50.13,50.28,50.11,50.24,9379838,0
CSCO.US,D,20180206,000000,50.40,50.42,50.14,50.21,6332818,0
CSCO.US,D,20180207,000000,50.08,50.12,49.70,49.84,6805295,0
CSCO.US,D,20180208,000000,49.79,50.14,49.79,49.99,11621966,0
CSCO.US,D,20180209,000000,49.95,49.96,49.09,49.16,4485951,0
CSCO.US,D,20180212,000000,48.88,49.74,48.71,49.64,4486905,0
CSCO.US,D,20180212,000000,49.55,49.56,49.44,49.50,6730262,0
CSCO.US,D,20180212,000000,49.54,49.97,49.43,49.83,5703989,0
CSCO.US,D,20180213,000000,49.92,50.04,49.67,49.81,9761583,0
CSCO.US,D,20180214,000000,49.92,49.94,49.60,49.72,9254467,0
CSCO.US,D,20180215,000000,49.64,49.85,49.61,49.80,6389534,0
CSCO.US,D,20180216,000000,49.72,49.73,49.69,49.71,9799173,0
CSCO.US,D,20180219,000000,49.76,49.88,49.25,49.30,5936881,0
CSCO.US,D,20180219,000000,49.32,49.33,48.66,48.77,7884137,0
CSCO.US,D,20180219,000000,48.99,49.00,48.83,48.91,11586758,0
CSCO.US,D,20180220,000000,48.90,49.22,47.70,48.12,10497491,0
CSCO.US,D,20180221,000000,48.02,48.08,47.72,47.89,5553585,0
CSCO.US,D,20180222,000000,47.97,49.00,47.95,48.58,9764839,0
CSCO.US,D,20180223,000000,48.62,48.79,47.83,47.90,4278003,0
CSCO.US,D,20180226,000000,47.67,48.28,47.62,48.08,8854162,0
CSCO.US,D,20180226,000000,48.05,48.41,48.01,48.33,7004829,0
CSCO.US,D,20180226,000000,48.26,48.86,48.23,48.67,7215435,0
CSCO.US,D,20180227,000000,48.65,48.97,48.54,48.86,6441315,0
CSCO.US,D,20180228,000000,48.88,48.89,48.66,48.69,7306793,0
CSCO.US,D,20180301,000000,48.63,48.64,48.53,48.55,10146870,0
CSCO.US,D,20180302,000000,48.52,48.61,48.20,48.30,8906897,0
CSCO.US,D,20180305,000000,48.25,48.66,48.20,48.58,5996432,0
CSCO.US,D,20180305,000000,48.62,48.64,48.34,48.45,9976889,0
CSCO.US,D,20180305,000000,48.51,48.52,48.39,48.43,11885985,0
CSCO.US,D,20180306,000000,48.45,48.56,48.13,48.25,10867306,0
CSCO.US,D,20180307,000000,48.37,48.47,47.65,47.82,5785436,0
CSCO.US,D,20180308,000000,48.00,48.21,46.95,47.23,9867219,0
CSCO.US,D,20180309,000000,47.29,47.33,47.13,47.18,9641367,0
CSCO.US,D,20180312,000000,47.20,47.34,46.82,46.97,5606576,0
CSCO.US,D,20180312,000000,46.99,47.12,46.23,46.42,5127092,0
CSCO.US,D,20180312,000000,46.25,46.52,46.23,46.50,6576336,0
CSCO.US,D,20180313,000000,46.66,46.74,46.36,46.40,11581153,0
CSCO.US,D,20180314,000000,46.35,46.60,46.30,46.55,11769711,0
CSCO.US,D,20180315,000000,46.35,46.36,46.18,46.28,7882995,0
CSCO.US,D,20180316,000000,46.22,46.37,46.19,46.35,11723901,0
CSCO.US,D,20180319,000000,46.28,46.73,46.14,46.66,9820777,0
CSCO.US,D,20180319,000000,46.58,46.72,46.13,46.21,10266401,0
CSCO.US,D,20180319,000000,46.17,46.35,46.11,46.32,4781357,0
CSCO.US,D,20180320,000000,46.20,47.08,46.05,46.91,11032905,0
CSCO.US,D,20180321,000000,46.57,47.22,46.55,47.12,11251540,0
CSCO.US,D,20180322,000000,46.49,46.56,45.78,45.83,5485671,0
CSCO.US,D,20180323,000000,45.98,46.18,45.94,46.15,10731959,0
CSCO.US,D,20180326,000000,45.92,46.70,45.89,46.33,9620019,0
CSCO.US,D,20180326,000000,46.16,47.81,45.80,47.34,7974457,0
CSCO.US,D,20180326,000000,47.24,47.25,46.99,47.09,11189542,0
CSCO.US,D,20180327,000000,46.78,47.24,46.63,47.06,8447891,0
CSCO.US,D,20180328,000000,47.19,47.22,47.11,47.17,4580485,0
CSCO.US,D,20180329,000000,47.30,47.36,47.10,47.12,8683099,0
CSCO.US,D,20180330,000000,47.08,47.32,46.98,47.30,8704486,0
CSCO.US,D,20180402,000000,47.30,47.46,46.74,46.98,4805783,0
CSCO.US,D,20180402,000000,46.82,46.83,46.67,46.72,9096550,0
CSCO.US,D,20180402,000000,46.79,47.04,46.77,46.99,10222011,0
CSCO.US,D,20180403,000000,47.06,47.45,46.93,47.35,7106728,0
CSCO.US,D,20180404,000000,47.46,47.47,47.40,47.44,4349005,0
CSCO.US,D,20180405,000000,47.21,47.33,47.15,47.31,11542595,0
CSCO.US,D,20180406,000000,47.55,47.76,47.00,47.12,10429740,0
CSCO.US,D,20180409,000000,47.03,47.85,46.98,47.49,6574370,0
CSCO.US,D,20180409,000000,47.42,47.45,47.09,47.16,9185914,0
CSCO.US,D,20180409,000000,47.20,48.92,47.17,48.38,6845850,0
CSCO.US,D,20180410,000000,48.51,49.65,48.43,49.23,11511709,0
CSCO.US,D,20180411,000000,49.45,49.61,48.06,48.35,5785118,0
CSCO.US,D,20180412,000000,48.30,48.42,48.12,48.21,10935348,0
CSCO.US,D,20180413,000000,47.94,47.95,47.91,47.93,4002800,0
CSCO.US,D,20180416,000000,47.99,48.01,47.88,47.91,11347453,0
CSCO.US,D,20180416,000000,47.80,48.12,47.79,48.01,5890414,0
CSCO.US,D,20180416,000000,47.98,48.58,47.73,48.23,8571685,0
CSCO.US,D,20180417,000000,48.30,48.31,48.18,48.18,5195832,0
CSCO.US,D,20180418,000000,48.12,48.13,47.99,47.99,9243076,0
CSCO.US,D,20180419,000000,48.05,48.07,47.88,47.94,5039984,0
CSCO.US,D,20180420,000000,48.13,48.19,47.99,48.03,9847979,0
CSCO.US,D,20180423,000000,48.04,48.56,48.03,48.41,11919042,0
CSCO.US,D,20180423,000000,48.27,48.88,48.20,48.70,4164372,0
CSCO.US,D,20180423,000000,48.71,48.72,48.63,48.65,6118478,0
CSCO.US,D,20180424,000000,48.66,48.71,48.37,48.37,5493277,0
CSCO.US,D,20180425,000000,48.39,48.45,48.05,48.06,7738753,0
CSCO.US,D,20180426,000000,47.94,48.03,47.60,47.71,10498804,0
CSCO.US,D,20180427,000000,47.72,47.73,47.40,47.55,5085334,0
CSCO.US,D,20180430,000000,47.47,48.09,47.41,48.00,7514718,0
CSCO.US,D,20180430,000000,47.84,47.90,47.82,47.87,11881906,0
CSCO.US,D,20180430,000000,47.76,48.39,47.67,48.20,5886172,0
CSCO.US,D,20180501,000000,48.23,48.35,47.41,47.72,5234893,0
CSCO.US,D,20180502,000000,47.60,48.07,47.38,48.05,5182219,0
CSCO.US,D,20180503,000000,48.02,48.11,47.29,47.59,9484722,0
CSCO.US,D,20180504,000000,47.80,47.97,47.16,47.38,7183683,0
CSCO.US,D,20180507,000000,47.43,47.53,47.42,47.53,4501127,0
CSCO.US,D,20180507,000000,47.53,47.55,47.13,47.17,9787548,0
CSCO.US,D,20180507,000000,46.91,48.03,46.56,47.92,4495497,0
CSCO.US,D,20180508,000000,47.98,48.02,46.77,46.90,4240920,0
CSCO.US,D,20180509,000000,46.90,46.94,46.21,46.34,6592946,0
CSCO.US,D,20180510,000000,46.22,46.73,46.21,46.59,8288234,0
CSCO.US,D,20180511,000000,46.60,46.60,46.48,46.50,5749932,0
CSCO.US,D,20180514,000000,46.42,46.44,46.38,46.39,7630739,0
CSCO.US,D,20180514,000000,46.40,46.55,46.37,46.45,11430515,0
CSCO.US,D,20180514,000000,46.25,46.79,46.19,46.77,10274532,0
CSCO.US,D,20180515,000000,46.61,46.65,45.93,46.14,8420732,0
CSCO.US,D,20180516,000000,46.13,46.47,46.11,46.35,10898030,0
CSCO.US,D,20180517,000000,46.34,46.50,45.88,45.91,5797531,0
CSCO.US,D,20180518,000000,45.87,45.97,45.84,45.94,8983504,0
CSCO.US,D,20180521,000000,45.91,45.92,45.49,45.56,8156114,0
CSCO.US,D,20180521,000000,45.63,45.79,45.54,45.78,6431229,0
CSCO.US,D,20180521,000000,45.82,45.85,45.39,45.52,6706393,0
CSCO.US,D,20180522,000000,45.63,45.99,45.55,45.81,6726279,0
CSCO.US,D,20180523,000000,45.75,46.26,45.67,46.24,5126924,0
CSCO.US,D,20180524,000000,46.37,46.39,46.34,46.37,5201553,0
CSCO.US,D,20180525,000000,46.45,46.48,46.28,46.32,10766569,0
CSCO.US,D,20180528,000000,46.39,46.50,46.34,46.47,10217842,0
CSCO.US,D,20180528,000000,46.41,46.42,46.31,46.33,7397027,0
CSCO.US,D,20180528,000000,46.28,46.30,45.75,45.90,4975870,0
CSCO.US,D,20180529,000000,45.88,45.95,45.48,45.68,11293192,0
CSCO.US,D,20180530,000000,45.67,45.90,45.62,45.82,6703418,0
CSCO.US,D,20180531,000000,45.68,45.90,45.59,45.85,10620503,0
CSCO.US,D,20180601,000000,45.91,46.12,45.90,46.11,5366126,0
CSCO.US,D,20180604,000000,46.11,46.14,45.95,46.00,6655672,0
CSCO.US,D,20180604,000000,46.10,46.12,45.69,45.73,8059346,0
CSCO.US,D,20180604,000000,45.79,45.79,45.66,45.67,10744807,0
CSCO.US,D,20180605,000000,45.55,45.97,45.45,45.87,6649303,0
CSCO.US,D,20180606,000000,45.82,46.52,45.66,46.48,6827202,0
CSCO.US,D,20180607,000000,46.48,46.49,46.46,46.46,7409053,0
CSCO.US,D,20180608,000000,46.50,46.53,46.34,46.39,4599824,0
CSCO.US,D,20180611,000000,46.44,46.51,45.91,46.04,9418293,0
CSCO.US,D,20180611,000000,45.83,46.33,45.70,46.26,7532109,0
CSCO.US,D,20180611,000000,46.26,46.59,46.19,46.57,5944664,0
CSCO.US,D,20180612,000000,46.46,47.15,46.31,47.00,5688410,0
CSCO.US,D,20180613,000000,46.96,47.03,46.23,46.50,5728545,0
CSCO.US,D,20180614,000000,46.42,46.48,46.13,46.31,4508701,0
CSCO.US,D,20180615,000000,46.16,46.35,46.14,46.33,4598712,0
CSCO.US,D,20180618,000000,46.50,46.52,46.46,46.49,4270662,0
CSCO.US,D,20180618,000000,46.38,46.67,46.37,46.61,4105722,0
CSCO.US,D,20180618,000000,46.61,46.84,46.50,46.83,6976295,0
CSCO.US,D,20180619,000000,46.78,47.00,46.77,46.94,6926097,0
CSCO.US,D,20180620,000000,47.01,47.18,46.94,47.14,5799969,0
CSCO.US,D,20180621,000000,47.11,47.17,46.84,46.86,5515823,0
CSCO.US,D,20180622,000000,46.95,47.23,46.87,47.09,6278293,0
CSCO.US,D,20180625,000000,47.13,47.29,46.95,47.00,9849906,0
CSCO.US,D,20180625,000000,47.03,47.19,46.92,47.13,10938449,0
CSCO.US,D,20180625,000000,47.16,49.10,46.98,48.79,5824350,0
CSCO.US,D,20180626,000000,48.81,48.88,48.79,48.87,9089985,0
CSCO.US,D,20180627,000000,48.91,48.96,48.10,48.39,8329108,0
CSCO.US,D,20180628,000000,48.40,48.89,48.31,48.86,10096199,0
CSCO.US,D,20180629,000000,48.89,48.93,48.73,48.85,7595568,0
CSCO.US,D,20180702,000000,48.91,49.04,48.83,48.97,4052328,0
CSCO.US,D,20180702,000000,49.14,49.21,48.84,48.84,8102362,0
CSCO.US,D,20180702,000000,48.89,49.25,47.85,48.10,11622449,0
CSCO.US,D,20180703,000000,48.01,48.03,47.88,47.91,9490874,0
CSCO.US,D,20180704,000000,47.75,48.18,47.68,48.12,10016432,0
CSCO.US,D,20180705,000000,48.39,48.41,48.04,48.12,8976680,0
CSCO.US,D,20180706,000000,48.13,48.26,47.93,47.99,8493043,0
CSCO.US,D,20180709,000000,47.91,48.37,47.80,48.20,10646527,0
CSCO.US,D,20180709,000000,48.21,48.22,48.16,48.20,10183925,0
CSCO.US,D,20180709,000000,48.32,48.32,48.24,48.26,11890550,0
CSCO.US,D,20180710,000000,48.31,48.64,48.26,48.51,7370165,0
CSCO.US,D,20180711,000000,48.38,49.06,48.29,49.05,7666528,0
CSCO.US,D,20180712,000000,49.08,49.30,49.04,49.29,7131531,0
CSCO.US,D,20180713,000000,49.17,49.82,49.06,49.61,10851874,0
CSCO.US,D,20180716,000000,49.61,49.64,49.31,49.38,11703000,0
CSCO.US,D,20180716,000000,49.37,49.95,49.26,49.79,6692805,0
CSCO.US,D,20180716,000000,49.64,49.70,49.55,49.61,4011990,0
CSCO.US,D,20180717,000000,49.51,49.53,49.32,49.46,11151976,0
CSCO.US,D,20180718,000000,49.56,49.71,49.56,49.64,8339891,0
CSCO.US,D,20180719,000000,49.42,49.66,49.35,49.59,4806047,0
CSCO.US,D,20180720,000000,49.40,49.58,48.15,48.33,10590418,0
CSCO.US,D,20180723,000000,47.99,48.00,47.91,47.91,6371697,0
CSCO.US,D,20180723,000000,47.64,48.50,47.63,48.02,11521308,0
CSCO.US,D,20180723,000000,47.89,48.29,46.86,47.14,11521500,0
CSCO.US,D,20180724,000000,47.07,47.12,45.10,45.23,7016629,0
CSCO.US,D,20180725,000000,45.19,45.26,44.67,44.72,10158504,0
CSCO.US,D,20180726,000000,45.01,45.32,44.25,44.28,6584603,0
CSCO.US,D,20180727,000000,44.20,44.53,44.14,44.41,10479209,0
CSCO.US,D,20180730,000000,44.15,44.16,43.91,44.15,7127612,0
CSCO.US,D,20180730,000000,44.02,44.61,44.02,44.56,10746539,0
CSCO.US,D,20180730,000000,44.46,44.82,44.43,44.80,10161514,0
CSCO.US,D,20180731,000000,44.73,45.82,44.70,45.30,5666995,0
CSCO.US,D,20180801,000000,45.53,45.62,45.00,45.20,11930761,0
CSCO.US,D,20180802,000000,45.12,46.51,45.07,45.98,11668127,0
CSCO.US,D,20180803,000000,45.45,45.52,45.44,45.51,8057057,0
CSCO.US,D,20180806,000000,45.68,46.61,45.61,46.30,7732618,0
CSCO.US,D,20180806,000000,46.01,47.08,45.77,46.71,7163841,0
CSCO.US,D,20180806,000000,47.25,47.66,46.44,46.94,10348676,0
CSCO.US,D,20180807,000000,47.24,47.61,45.24,45.76,4589380,0
CSCO.US,D,20180808,000000,46.49,46.56,43.88,44.94,5838196,0
CSCO.US,D,20180809,000000,45.70,46.36,41.83,43.25,10039125,0
CSCO.US,D,20180810,000000,43.34,44.79,42.77,44.48,8663024,0
CSCO.US,D,20180813,000000,44.43,45.01,44.38,44.96,8325737,0
CSCO.US,D,20180813,000000,44.55,44.72,43.38,43.60,5620051,0
CSCO.US,D,20180813,000000,43.39,43.48,42.61,43.07,5578355,0
CSCO.US,D,20180814,000000,43.39,43.66,39.52,40.51,5824005,0
CSCO.US,D,20180815,000000,40.35,44.01,39.98,42.65,7259815,0
CSCO.US,D,20180816,000000,42.84,43.70,42.06,43.56,10838741,0
CSCO.US,D,20180817,000000,44.00,44.40,41.61,41.65,11846150,0
CSCO.US,D,20180820,000000,41.36,43.25,40.39,43.21,10497890,0
CSCO.US,D,20180820,000000,43.36,45.87,42.23,45.47,11263875,0
CSCO.US,D,20180820,000000,45.63,46.26,40.14,42.28,8923640,0
CSCO.US,D,20180821,000000,43.00,43.72,40.29,40.72,11307029,0
CSCO.US,D,20180822,000000,41.33,44.81,41.15,42.99,11558312,0
CSCO.US,D,20180823,000000,43.32,47.69,41.64,46.37,7850152,0
CSCO.US,D,20180824,000000,46.40,47.11,46.34,46.70,6708401,0
CSCO.US,D,20180827,000000,46.13,50.90,45.54,49.41,8464218,0
CSCO.US,D,20180827,000000,49.23,49.69,49.08,49.60,5730851,0
CSCO.US,D,20180827,000000,50.11,51.86,49.82,51.77,10383374,0
CSCO.US,D,20180828,000000,53.03,53.34,49.99,51.20,9932992,0
CSCO.US,D,20180829,000000,51.97,52.64,50.67,50.94,8027763,0
CSCO.US,D,20180830,000000,50.76,50.81,47.72,48.85,8073550,0
CSCO.US,D,20180831,000000,49.16,49.35,48.10,48.14,10962668,0
CSCO.US,D,20180903,000000,48.41,49.40,48.29,49.32,5712897,0
CSCO.US,D,20180903,000000,50.12,50.23,50.07,50.12,9856803,0
CSCO.US,D,20180903,000000,49.48,50.87,48.28,48.57,11187890,0
CSCO.US,D,20180904,000000,48.84,52.01,48.77,50.79,10254506,0
CSCO.US,D,20180905,000000,50.50,51.22,50.48,51.00,11026281,0
CSCO.US,D,20180906,000000,51.85,52.23,42.72,46.47,4853784,0
CSCO.US,D,20180907,000000,47.70,48.37,46.31,46.33,4845012,0
CSCO.US,D,20180910,000000,47.90,48.05,47.06,47.10,11645738,0
CSCO.US,D,20180910,000000,47.65,47.73,46.33,46.46,8117718,0
CSCO.US,D,20180910,000000,47.03,47.21,44.85,45.56,4068117,0
CSCO.US,D,20180911,000000,46.07,47.79,45.91,47.44,6016789,0
CSCO.US,D,20180912,000000,48.35,51.91,47.23,50.56,6259727,0
CSCO.US,D,20180913,000000,50.69,51.21,48.59,48.61,8318171,0
CSCO.US,D,20180914,000000,50.45,50.68,47.32,47.59,5500923,0
CSCO.US,D,20180917,000000,48.87,49.42,46.78,46.80,6235796,0
CSCO.US,D,20180917,000000,47.49,50.55,47.35,48.78,10679078,0
CSCO.US,D,20180917,000000,49.07,53.70,49.05,51.51,9134338,0
CSCO.US,D,20180918,000000,51.03,53.92,50.13,53.57,5213483,0
CSCO.US,D,20180919,000000,52.55,54.31,49.74,50.71,4814200,0
CSCO.US,D,20180920,000000,50.96,50.98,50.64,50.74,4419522,0
CSCO.US,D,20180921,000000,51.06,53.92,50.57,52.98,11826775,0
CSCO.US,D,20180924,000000,53.18,53.36,52.12,52.67,5135643,0
CSCO.US,D,20180924,000000,52.98,53.88,52.96,53.53,6750225,0
CSCO.US,D,20180924,000000,54.32,54.56,50.56,50.93,5177280,0
CSCO.US,D,20180925,000000,51.78,52.13,51.57,51.91,6021863,0
CSCO.US,D,20180926,000000,51.55,52.95,51.27,52.51,8735794,0
CSCO.US,D,20180927,000000,53.70,53.94,52.72,52.89,11514249,0
CSCO.US,D,20180928,000000,52.97,53.16,52.84,52.94,10591155,0
CSCO.US,D,20181001,000000,53.44,54.87,52.90,54.49,11716775,0
CSCO.US,D,20181001,000000,55.24,55.62,54.00,54.27,7066921,0
CSCO.US,D,20181001,000000,54.05,54.15,53.45,53.96,5551575,0
CSCO.US,D,20181002,000000,54.04,56.03,54.03,55.76,6538167,0
CSCO.US,D,20181003,000000,56.76,56.90,53.35,54.74,8829495,0
CSCO.US,D,20181004,000000,54.31,54.63,52.38,53.02,10157809,0
CSCO.US,D,20181005,000000,52.75,57.63,52.65,56.51,9473434,0
CSCO.US,D,20181008,000000,57.62,62.89,57.34,61.56,8919571,0
CSCO.US,D,20181008,000000,60.88,61.77,60.67,61.77,8917668,0
CSCO.US,D,20181008,000000,62.49,62.67,61.10,61.78,8008403,0
CSCO.US,D,20181009,000000,61.05,62.46,60.74,62.35,5649915,0
CSCO.US,D,20181010,000000,63.43,64.21,63.30,63.99,11471639,0
CSCO.US,D,20181011,000000,64.20,64.27,63.88,64.02,6984890,0
CSCO.US,D,20181012,000000,64.38,67.74,63.58,65.99,11101607,0
CSCO.US,D,20181015,000000,66.44,69.89,66.40,68.68,8752166,0
CSCO.US,D,20181015,000000,69.83,70.30,67.03,67.19,4852979,0
CSCO.US,D,20181015,000000,67.78,68.75,64.44,64.47,11146626,0
CSCO.US,D,20181016,000000,64.67,66.84,64.26,66.14,11696147,0
CSCO.US,D,20181017,000000,66.83,67.13,65.46,66.11,6674265,0
CSCO.US,D,20181018,000000,65.85,67.35,62.42,62.68,8352998,0
CSCO.US,D,20181019,000000,62.78,62.97,61.77,62.32,6750060,0
CSCO.US,D,20181022,000000,61.84,62.54,60.24,60.54,11697264,0
CSCO.US,D,20181022,000000,61.46,61.68,61.38,61.56,7859914,0
CSCO.US,D,20181022,000000,62.47,62.53,59.72,60.75,6393082,0
CSCO.US,D,20181023,000000,60.43,60.55,60.41,60.52,6683384,0
CSCO.US,D,20181024,000000,61.04,61.09,60.90,60.99,4614336,0
CSCO.US,D,20181025,000000,61.41,64.55,60.83,63.50,6394493,0
CSCO.US,D,20181026,000000,63.18,63.24,63.15,63.16,10835499,0
CSCO.US,D,20181029,000000,63.75,65.40,63.75,65.06,11203886,0
CSCO.US,D,20181029,000000,65.54,66.02,65.50,65.84,8745937,0
CSCO.US,D,20181029,000000,65.46,65.77,65.39,65.50,11760131,0
CSCO.US,D,20181030,000000,65.86,67.06,65.86,66.85,4423367,0
CSCO.US,D,20181031,000000,67.65,68.59,67.46,68.45,11784077,0
CSCO.US,D,20181101,000000,69.09,69.33,68.97,69.28,9766665,0
CSCO.US,D,20181102,000000,68.64,69.46,68.28,69.25,11202497,0
CSCO.US,D,20181105,000000,69.08,69.29,68.10,68.14,9670522,0
CSCO.US,D,20181105,000000,68.59,68.62,68.14,68.27,4282874,0
CSCO.US,D,20181105,000000,68.02,69.38,67.73,69.16,9819136,0
CSCO.US,D,20181106,000000,69.18,69.73,67.64,67.66,7794357,0
CSCO.US,D,20181107,000000,67.94,68.39,65.24,66.05,5321331,0
CSCO.US,D,20181108,000000,65.92,66.48,62.23,63.50,5118761,0
CSCO.US,D,20181109,000000,63.60,63.66,63.21,63.35,6843462,0
CSCO.US,D,20181112,000000,63.08,63.13,62.10,62.37,9602631,0
CSCO.US,D,20181112,000000,62.11,65.61,61.57,64.82,4126859,0
CSCO.US,D,20181112,000000,64.99,65.61,64.82,65.49,9552232,0
CSCO.US,D,20181113,000000,65.44,65.72,64.64,65.41,11586477,0
CSCO.US,D,20181114,000000,65.63,67.20,65.43,66.82,10626107,0
CSCO.US,D,20181115,000000,66.87,67.02,65.40,65.72,11433819,0
CSCO.US,D,20181116,000000,65.36,67.51,65.36,67.17,8286957,0
CSCO.US,D,20181119,000000,67.11,72.39,66.50,69.93,6176081,0
CSCO.US,D,20181119,000000,69.92,70.42,68.04,68.51,10411102,0
CSCO.US,D,20181119,000000,68.43,68.51,68.33,68.50,8425476,0
CSCO.US,D,20181120,000000,69.21,69.62,66.49,67.84,6511261,0
CSCO.US,D,20181121,000000,67.60,70.31,67.47,69.49,11941001,0
CSCO.US,D,20181122,000000,69.43,72.89,67.78,71.96,8779052,0
CSCO.US,D,20181123,000000,71.93,72.07,70.22,70.26,7162166,0
CSCO.US,D,20181126,000000,70.51,70.54,69.82,69.83,4457734,0
CSCO.US,D,20181126,000000,70.29,70.95,68.42,68.45,10729216,0
CSCO.US,D,20181126,000000,68.27,68.41,63.43,66.22,7951682,0
CSCO.US,D,20181127,000000,66.25,66.35,65.33,65.38,9113659,0
CSCO.US,D,20181128,000000,65.94,66.25,65.87,66.21,6277701,0
CSCO.US,D,20181129,000000,66.39,66.63,64.73,64.87,5845473,0
CSCO.US,D,20181130,000000,64.50,64.89,64.46,64.84,5138459,0
CSCO.US,D,20181203,000000,64.42,66.17,63.89,65.33,4463769,0
CSCO.US,D,20181203,000000,65.02,67.11,64.70,66.34,9279643,0
CSCO.US,D,20181203,000000,65.94,66.81,65.87,66.51,5006897,0
CSCO.US,D,20181204,000000,66.51,66.68,64.26,64.57,5001115,0
CSCO.US,D,20181205,000000,64.74,65.12,63.05,63.77,6336971,0
CSCO.US,D,20181206,000000,64.14,64.18,61.83,61.84,4179941,0
CSCO.US,D,20181207,000000,62.33,62.76,61.19,61.50,6109079,0
CSCO.US,D,20181210,000000,61.58,62.11,61.44,62.08,9704961,0
CSCO.US,D,20181210,000000,62.31,62.58,61.82,61.92,5231913,0
CSCO.US,D,20181210,000000,62.44,62.63,60.55,61.47,9966626,0
CSCO.US,D,20181211,000000,61.38,61.95,61.25,61.85,6211019,0
CSCO.US,D,20181212,000000,62.01,62.42,61.42,61.50,9216390,0
CSCO.US,D,20181213,000000,61.50,62.47,61.41,62.33,8427248,0
CSCO.US,D,20181214,000000,62.07,62.08,61.38,61.92,5186452,0
CSCO.US,D,20181217,000000,62.07,62.38,61.97,62.16,9100359,0
CSCO.US,D,20181217,000000,62.16,62.35,61.04,61.34,6082986,0
CSCO.US,D,20181217,000000,61.27,61.32,60.71,60.79,10157552,0
CSCO.US,D,20181218,000000,60.74,60.84,59.42,59.68,11880707,0
CSCO.US,D,20181219,000000,59.75,61.64,59.55,60.73,5668910,0
CSCO.US,D,20181220,000000,60.67,61.40,60.63,61.38,5198297,0
CSCO.US,D,20181221,000000,61.67,62.11,61.40,62.04,7662095,0
CSCO.US,D,20181224,000000,62.10,62.79,61.90,62.63,8556125,0
CSCO.US,D,20181224,000000,62.56,62.59,62.55,62.58,4038136,0
CSCO.US,D,20181224,000000,62.44,62.88,62.30,62.85,10948531,0
CSCO.US,D,20181225,000000,62.90,62.93,62.44,62.61,8058366,0
CSCO.US,D,20181226,000000,62.67,62.82,62.58,62.81,9445688,0
CSCO.US,D,20181227,000000,62.76,63.19,62.69,63.12,5196014,0
CSCO.US,D,20181228,000000,63.15,63.20,63.00,63.03,4932722,0
CSCO.US,D,20181231,000000,63.00,63.04,62.84,62.86,11992109,0
CSCO.US,D,20181231,000000,63.10,63.12,62.85,62.86,10521808,0
CSCO.US,D,20181231,000000,62.99,63.07,61.72,62.38,4297073,0
CSCO.US,D,20190101,000000,62.72,63.03,62.69,63.00,8337165,0
CSCO.US,D,20190102,000000,62.66,62.70,62.59,62.62,5861266,0
CSCO.US,D,20190103,000000,61.57,66.88,60.52,64.69,4884857,0
CSCO.US,D,20190104,000000,65.47,65.99,63.16,64.17,4271173,0
CSCO.US,D,20190107,000000,64.23,65.49,63.89,65.12,8209004,0
CSCO.US,D,20190107,000000,65.16,65.19,63.53,63.66,9023346,0
CSCO.US,D,20190107,000000,64.25,65.22,64.05,64.69,10442899,0
CSCO.US,D,20190108,000000,64.35,67.60,63.92,66.30,7975926,0
CSCO.US,D,20190109,000000,66.22,66.23,64.62,64.94,11805486,0
CSCO.US,D,20190110,000000,64.97,65.00,64.34,64.34,7067765,0
CSCO.US,D,20190111,000000,64.28,64.32,63.80,64.00,7560313,0
CSCO.US,D,20190114,000000,63.69,64.86,63.54,64.76,7542619,0
CSCO.US,D,20190114,000000,64.86,64.88,62.90,63.60,6198282,0
CSCO.US,D,20190114,000000,63.44,63.56,62.97,63.12,5476228,0
CSCO.US,D,20190115,000000,63.34,64.02,63.24,63.83,11904376,0
CSCO.US,D,20190116,000000,63.52,63.82,62.88,62.91,8971499,0
CSCO.US,D,20190117,000000,62.95,65.74,62.86,64.66,5023514,0
CSCO.US,D,20190118,000000,64.72,66.58,64.44,66.32,6636634,0
CSCO.US,D,20190121,000000,66.92,67.30,65.19,65.56,10254637,0
CSCO.US,D,20190121,000000,65.93,66.18,64.55,64.86,7790874,0
CSCO.US,D,20190121,000000,64.71,65.07,64.64,65.02,4577033,0
CSCO.US,D,20190122,000000,64.98,65.67,64.66,65.48,11979970,0
CSCO.US,D,20190123,000000,65.31,66.24,65.28,66.00,5164592,0
CSCO.US,D,20190124,000000,66.23,66.34,66.22,66.33,6793790,0
CSCO.US,D,20190125,000000,66.43,66.48,65.90,65.93,4925092,0
CSCO.US,D,20190128,000000,65.97,66.02,65.67,65.78,6631455,0
CSCO.US,D,20190128,000000,65.84,65.86,65.81,65.84,11664397,0
CSCO.US,D,20190128,000000,65.87,65.98,65.83,65.88,6332860,0
CSCO.US,D,20190129,000000,65.82,65.83,65.76,65.76,7549091,0
CSCO.US,D,20190130,000000,65.74,66.05,65.70,66.00,9520936,0
CSCO.US,D,20190131,000000,66.30,66.50,64.81,64.96,9325935,0
CSCO.US,D,20190201,000000,65.15,65.16,63.94,64.25,4306447,0
CSCO.US,D,20190204,000000,64.74,64.80,64.72,64.72,5106482,0
CSCO.US,D,20190204,000000,64.81,64.92,63.42,63.63,5786197,0
CSCO.US,D,20190204,000000,63.63,64.65,63.27,64.30,11416607,0
CSCO.US,D,20190205,000000,64.30,64.38,63.08,63.26,6209992,0
CSCO.US,D,20190206,000000,63.18,63.41,62.54,62.61,7432399,0
CSCO.US,D,20190207,000000,62.70,62.80,61.60,61.62,7382385,0
CSCO.US,D,20190208,000000,61.28,62.01,61.13,62.01,5292462,0
CSCO.US,D,20190211,000000,62.03,63.58,61.40,63.44,5999636,0
CSCO.US,D,20190211,000000,63.11,66.60,62.60,65.40,10886991,0
CSCO.US,D,20190211,000000,65.21,65.58,65.20,65.40,8753964,0
CSCO.US,D,20190212,000000,65.23,67.07,64.89,66.44,10704487,0
CSCO.US,D,20190213,000000,66.49,66.63,65.88,65.98,6347003,0
CSCO.US,D,20190214,000000,65.89,66.72,65.66,66.64,9789740,0
CSCO.US,D,20190215,000000,66.56,66.75,66.54,66.73,10147470,0
CSCO.US,D,20190218,000000,67.03,67.50,66.81,67.42,6250309,0
CSCO.US,D,20190218,000000,67.44,68.41,67.33,68.02,7824995,0
CSCO.US,D,20190218,000000,68.07,69.16,67.78,68.96,4058575,0
CSCO.US,D,20190219,000000,68.80,69.79,68.49,69.50,4640869,0
CSCO.US,D,20190220,000000,70.06,70.21,69.86,70.02,5431614,0
CSCO.US,D,20190221,000000,69.63,69.63,69.05,69.24,11256378,0
CSCO.US,D,20190222,000000,69.32,70.96,68.94,70.88,9884348,0
CSCO.US,D,20190225,000000,71.45,74.22,70.79,73.43,5466262,0
CSCO.US,D,20190225,000000,73.88,73.97,73.23,73.24,7004871,0
CSCO.US,D,20190225,000000,73.03,73.79,73.01,73.64,7942686,0
CSCO.US,D,20190226,000000,73.82,74.80,73.70,74.45,8802535,0
CSCO.US,D,20190227,000000,74.84,74.91,74.61,74.64,6978352,0
CSCO.US,D,20190228,000000,74.48,75.16,74.39,74.98,9961284,0
CSCO.US,D,20190301,000000,74.98,76.83,74.25,76.55,7688498,0
CSCO.US,D,20190304,000000,76.64,77.10,76.57,76.99,10954294,0
CSCO.US,D,20190304,000000,77.06,77.21,76.23,76.24,6106494,0
CSCO.US,D,20190304,000000,76.23,76.59,76.21,76.56,11293895,0
CSCO.US,D,20190305,000000,76.43,76.51,76.42,76.42,6689212,0
CSCO.US,D,20190306,000000,76.42,76.44,76.30,76.38,11267380,0
CSCO.US,D,20190307,000000,76.24,76.28,75.95,76.06,8455199,0
CSCO.US,D,20190308,000000,76.37,76.98,76.00,76.54,5274934,0
CSCO.US,D,20190311,000000,76.19,76.90,76.02,76.86,9925002,0
CSCO.US,D,20190311,000000,77.12,77.22,76.99,77.15,8196553,0
CSCO.US,D,20190311,000000,76.91,76.93,76.82,76.87,7935238,0
CSCO.US,D,20190312,000000,76.87,76.97,76.58,76.60,4711532,0
CSCO.US,D,20190313,000000,76.42,77.85,76.24,77.46,9278387,0
CSCO.US,D,20190314,000000,77.50,77.63,77.18,77.25,7265891,0
CSCO.US,D,20190315,000000,77.12,77.34,77.04,77.30,11222000,0
CSCO.US,D,20190318,000000,77.07,78.04,76.99,77.79,6362471,0
CSCO.US,D,20190318,000000,77.88,78.43,77.85,78.11,5917154,0
CSCO.US,D,20190318,000000,77.86,78.33,77.82,78.18,9673568,0
CSCO.US,D,20190319,000000,78.61,79.49,76.21,76.31,6348441,0
CSCO.US,D,20190320,000000,76.16,76.25,75.91,75.98,4135853,0
CSCO.US,D,20190321,000000,76.13,76.80,74.66,74.79,10001100,0
CSCO.US,D,20190322,000000,75.35,75.52,74.43,74.63,6413067,0
CSCO.US,D,20190325,000000,74.17,74.20,74.03,74.06,8522871,0
CSCO.US,D,20190325,000000,73.99,74.06,72.50,72.83,7582221,0
CSCO.US,D,20190325,000000,72.61,72.72,72.52,72.68,8666863,0
CSCO.US,D,20190326,000000,72.77,75.07,72.43,74.58,5664652,0
CSCO.US,D,20190327,000000,74.99,75.73,74.76,75.60,7493706,0
CSCO.US,D,20190328,000000,75.51,75.78,74.59,74.93,7416389,0
CSCO.US,D,20190329,000000,75.30,75.76,75.20,75.59,7082315,0
CSCO.US,D,20190401,000000,75.58,75.68,75.54,75.66,9162103,0
CSCO.US,D,20190401,000000,75.76,77.04,75.67,76.76,7599318,0
CSCO.US,D,20190401,000000,76.72,77.17,76.65,77.14,10836500,0
CSCO.US,D,20190402,000000,77.14,77.68,77.08,77.55,7606508,0
CSCO.US,D,20190403,000000,77.33,77.37,77.15,77.16,4682509,0
CSCO.US,D,20190404,000000,77.39,77.84,77.25,77.80,5900538,0
CSCO.US,D,20190405,000000,77.39,77.55,77.34,77.50,4134113,0
CSCO.US,D,20190408,000000,77.00,77.55,76.63,77.51,10409523,0
CSCO.US,D,20190408,000000,77.36,77.41,76.40,76.66,10347783,0
CSCO.US,D,20190408,000000,76.32,76.60,76.21,76.35,7253706,0
CSCO.US,D,20190409,000000,76.22,77.33,75.81,76.86,11598081,0
CSCO.US,D,20190410,000000,76.66,76.90,76.55,76.81,5617201,0
CSCO.US,D,20190411,000000,76.52,77.61,76.44,77.41,4278973,0
CSCO.US,D,20190412,000000,77.56,78.31,77.34,78.14,8718601,0
CSCO.US,D,20190415,000000,78.39,78.43,77.10,77.42,9780745,0
CSCO.US,D,20190415,000000,77.31,77.35,76.81,76.98,10283052,0
CSCO.US,D,20190415,000000,77.50,77.57,74.90,75.57,7072787,0
CSCO.US,D,20190416,000000,75.49,77.85,75.06,77.52,9147938,0
CSCO.US,D,20190417,000000,77.56,77.84,77.54,77.84,8701740,0
CSCO.US,D,20190418,000000,77.97,78.56,77.94,78.38,10489922,0
CSCO.US,D,20190419,000000,78.20,78.33,78.13,78.28,7680723,0
CSCO.US,D,20190422,000000,78.26,78.50,78.23,78.48,8524253,0
CSCO.US,D,20190422,000000,78.29,78.38,77.89,78.02,4309523,0
CSCO.US,D,20190422,000000,78.05,78.42,77.97,78.42,7273224,0
CSCO.US,D,20190423,000000,78.28,79.21,78.28,78.79,10199509,0
CSCO.US,D,20190424,000000,78.85,79.05,78.78,79.01,5415434,0
CSCO.US,D,20190425,000000,78.89,79.20,78.87,79.14,11836441,0
CSCO.US,D,20190426,000000,79.18,79.41,79.07,79.34,6458645,0
CSCO.US,D,20190429,000000,79.42,79.58,79.39,79.54,11615926,0
CSCO.US,D,20190429,000000,79.34,79.35,78.61,78.73,11495565,0
CSCO.US,D,20190429,000000,78.66,78.71,78.57,78.65,5595161,0
CSCO.US,D,20190430,000000,78.97,79.66,77.79,77.89,8059102,0
CSCO.US,D,20190501,000000,77.93,77.97,76.88,77.28,7286705,0
CSCO.US,D,20190502,000000,77.18,77.25,77.14,77.19,6098747,0
CSCO.US,D,20190503,000000,77.14,77.35,77.08,77.35,9032537,0
CSCO.US,D,20190506,000000,76.87,78.17,76.84,78.09,8989561,0
CSCO.US,D,20190506,000000,77.80,80.66,76.68,79.44,6074925,0
CSCO.US,D,20190506,000000,79.44,81.70,79.12,80.84,10426536,0
CSCO.US,D,20190507,000000,80.57,82.95,80.13,82.06,7949060,0
CSCO.US,D,20190508,000000,81.25,81.44,80.85,80.94,8795689,0
CSCO.US,D,20190509,000000,80.95,83.24,80.43,82.73,11580270,0
CSCO.US,D,20190510,000000,83.01,84.81,82.88,84.77,5667634,0
CSCO.US,D,20190513,000000,85.07,87.29,83.36,86.23,11327277,0
CSCO.US,D,20190513,000000,85.51,87.84,84.88,87.51,14543410,0
CSCO.US,D,20190513,000000,88.07,89.21,87.92,89.06,14389828,0
CSCO.US,D,20190514,000000,89.55,90.66,89.19,90.65,19390687,0
CSCO.US,D,20190515,000000,91.74,92.32,91.71,92.24,18996036,0
CSCO.US,D,20190516,000000,92.86,93.64,92.13,93.29,13838971,0
CSCO.US,D,20190517,000000,93.14,95.77,92.91,95.53,12750563,0
CSCO.US,D,20190520,000000,93.27,97.79,93.01,96.99,17108698,0
CSCO.US,D,20190520,000000,94.69,101.02,94.41,98.76,23043923,0
CSCO.US,D,20190520,000000,99.04,100.30,98.69,100.27,6136572,0
CSCO.US,D,20190521,000000,99.30,102.90,98.36,101.69,15814168,0
CSCO.US,D,20190522,000000,101.70,104.87,101.09,103.87,10491720,0
CSCO.US,D,20190523,000000,103.56,105.79,103.49,105.40,8778687,0
CSCO.US,D,20190524,000000,105.13,108.60,104.91,107.55,10192190,0
CSCO.US,D,20190527,000000,107.30,111.00,106.79,110.00,11970568,0
CSCO.US,D,20190527,000000,110.23,111.46,110.16,111.20,24535496,0
CSCO.US,D,20190527,000000,112.04,114.49,110.82,114.12,10808907,0
CSCO.US,D,20190528,000000,114.25,118.62,113.90,117.44,16815128,0
CSCO.US,D,20190529,000000,119.27,121.09,118.79,120.25,27533052,0
CSCO.US,D,20190530,000000,118.80,126.84,118.03,123.27,12757225,0
CSCO.US,D,20190531,000000,124.34,128.06,123.01,126.57,19119349,0
CSCO.US,D,20190603,000000,126.93,130.05,125.70,129.45,26197551,0
CSCO.US,D,20190603,000000,130.32,133.58,130.19,133.40,26159616,0
CSCO.US,D,20190603,000000,131.26,140.07,129.81,138.16,20057995,0
CSCO.US,D,20190604,000000,139.27,144.78,138.58,142.51,19872317,0
CSCO.US,D,20190605,000000,144.02,147.59,143.46,146.42,35077858,0
CSCO.US,D,20190606,000000,147.41,151.05,146.81,150.95,34762454,0
CSCO.US,D,20190607,000000,150.81,156.78,149.71,156.19,25409403,0
CSCO.US,D,20190610,000000,155.60,163.17,155.58,161.42,28334989,0
CSCO.US,D,20190610,000000,161.42,168.41,157.13,166.91,24318318,0
CSCO.US,D,20190610,000000,164.77,176.04,164.12,173.49,22636157,0
CSCO.US,D,20190611,000000,174.49,180.18,172.65,178.28,35902529,0
CSCO.US,D,20190612,000000,180.78,185.69,178.32,183.88,26670861,0
CSCO.US,D,20190613,000000,182.66,194.42,181.16,189.79,24943808,0
CSCO.US,D,20190614,000000,190.64,191.72,185.18,186.89,11304594,0
CSCO.US,D,20190617,000000,186.33,187.27,179.25,180.91,9647367,0
CSCO.US,D,20190617,000000,180.28,181.22,180.03,180.80,5524211,0
CSCO.US,D,20190617,000000,181.25,196.76,181.09,192.82,8798587,0
CSCO.US,D,20190618,000000,194.17,194.65,184.31,188.04,6722525,0
CSCO.US,D,20190619,000000,186.90,197.39,184.86,194.07,8688479,0
CSCO.US,D,20190620,000000,195.82,214.24,193.79,211.50,6389791,0
CSCO.US,D,20190621,000000,210.40,219.88,207.45,218.40,10474874,0
CSCO.US,D,20190624,000000,220.40,220.91,220.04,220.78,8955592,0
CSCO.US,D,20190624,000000,215.65,240.32,212.82,228.91,10220108,0
CSCO.US,D,20190624,000000,225.46,233.31,224.36,230.22,9901309,0
CSCO.US,D,20190625,000000,226.24,237.67,226.10,234.46,6711354,0
CSCO.US,D,20190626,000000,237.42,237.46,212.26,220.11,4459537,0
CSCO.US,D,20190627,000000,222.75,229.78,222.53,225.15,6745723,0
CSCO.US,D,20190628,000000,223.00,224.05,192.70,198.79,4008888,0
CSCO.US,D,20190701,000000,200.70,204.02,186.35,191.63,8884810,0
CSCO.US,D,20190701,000000,190.55,192.89,188.87,191.61,6159581,0
CSCO.US,D,20190701,000000,198.19,201.66,198.09,201.17,8321666,0
CSCO.US,D,20190702,000000,201.49,207.20,200.55,206.65,11669227,0
CSCO.US,D,20190703,000000,206.67,207.55,205.78,206.83,11992569,0
CSCO.US,D,20190704,000000,209.52,210.77,195.74,201.80,10397314,0
CSCO.US,D,20190705,000000,203.42,203.91,203.36,203.77,11346427,0
CSCO.US,D,20190708,000000,195.47,196.29,191.45,193.80,7077752,0
CSCO.US,D,20190708,000000,194.11,223.81,189.12,214.62,7817501,0
CSCO.US,D,20190708,000000,214.67,226.29,213.23,224.78,4633856,0
CSCO.US,D,20190709,000000,221.09,225.47,220.60,225.09,4379221,0
CSCO.US,D,20190710,000000,226.73,234.60,226.72,232.73,10675138,0
CSCO.US,D,20190711,000000,238.22,239.80,217.55,225.09,5821100,0
CSCO.US,D,20190712,000000,228.05,228.47,201.21,211.08,6646967,0
CSCO.US,D,20190715,000000,210.22,211.33,193.67,200.26,10819837,0
CSCO.US,D,20190715,000000,197.63,198.74,191.85,193.17,8765944,0
CSCO.US,D,20190715,000000,194.97,213.55,192.91,209.14,10948326,0
CSCO.US,D,20190716,000000,213.34,216.11,206.73,207.56,4999330,0
CSCO.US,D,20190717,000000,211.96,214.65,194.72,196.80,9049676,0
CSCO.US,D,20190718,000000,202.91,206.80,180.56,189.17,8527378,0
CSCO.US,D,20190719,000000,189.26,202.94,184.77,201.71,10993550,0
CSCO.US,D,20190722,000000,203.00,205.03,184.63,189.70,9195373,0
CSCO.US,D,20190722,000000,191.83,201.19,186.22,199.23,8140963,0
CSCO.US,D,20190722,000000,198.26,200.15,196.73,196.73,8259996,0
CSCO.US,D,20190723,000000,191.95,198.04,191.05,196.17,4753743,0
CSCO.US,D,20190724,000000,199.28,201.16,170.74,185.40,6829463,0
CSCO.US,D,20190725,000000,183.74,193.80,181.52,192.92,9903067,0
CSCO.US,D,20190726,000000,190.02,204.57,189.64,202.92,11857310,0
CSCO.US,D,20190729,000000,204.01,207.44,201.06,201.28,5765010,0
CSCO.US,D,20190729,000000,195.30,201.40,193.84,201.11,7725160,0
CSCO.US,D,20190729,000000,196.74,198.35,195.75,197.03,11693252,0
CSCO.US,D,20190730,000000,199.88,200.03,193.68,194.99,4675725,0
CSCO.US,D,20190731,000000,192.38,204.91,191.14,203.67,9824116,0
CSCO.US,D,20190801,000000,202.89,222.39,202.77,216.80,7812789,0
CSCO.US,D,20190802,000000,216.39,217.03,211.13,211.76,9374225,0
CSCO.US,D,20190805,000000,209.58,209.61,209.34,209.54,7543145,0
CSCO.US,D,20190805,000000,200.84,235.13,197.14,226.93,6721451,0
CSCO.US,D,20190805,000000,229.05,229.47,223.28,225.13,8550263,0
CSCO.US,D,20190806,000000,228.64,230.41,219.50,221.37,5684080,0
CSCO.US,D,20190807,000000,218.87,239.33,215.66,236.04,10625070,0
CSCO.US,D,20190808,000000,241.65,242.66,227.33,228.95,5720446,0
CSCO.US,D,20190809,000000,227.76,242.17,222.82,241.09,11780735,0
CSCO.US,D,20190812,000000,239.76,254.56,236.60,249.10,10911174,0
CSCO.US,D,20190812,000000,253.36,258.93,252.34,258.10,11916829,0
CSCO.US,D,20190812,000000,258.67,286.07,257.91,280.39,4191935,0
CSCO.US,D,20190813,000000,279.29,299.39,274.57,291.25,6753440,0
CSCO.US,D,20190814,000000,286.23,286.41,282.92,285.61,11146004,0
CSCO.US,D,20190815,000000,284.97,310.35,278.57,306.69,4428481,0
CSCO.US,D,20190816,000000,303.27,336.19,298.28,331.50,8282841,0
CSCO.US,D,20190819,000000,330.12,349.07,326.57,339.90,6264732,0
CSCO.US,D,20190819,000000,333.86,338.02,332.37,337.98,6401750,0
CSCO.US,D,20190819,000000,336.14,336.95,330.42,331.05,11928156,0
CSCO.US,D,20190820,000000,327.06,327.25,321.20,321.69,6118764,0
CSCO.US,D,20190821,000000,332.55,338.70,325.30,332.19,10013885,0
CSCO.US,D,20190822,000000,325.67,346.73,322.93,340.02,4515504,0
CSCO.US,D,20190823,000000,346.58,398.86,337.75,381.84,8000925,0
CSCO.US,D,20190826,000000,384.90,388.64,383.51,386.44,6457509,0
CSCO.US,D,20190826,000000,384.38,387.05,360.58,372.20,11646853,0
CSCO.US,D,20190826,000000,372.55,373.11,372.17,372.61,7478170,0
CSCO.US,D,20190827,000000,377.07,390.18,328.48,343.92,7550340,0
CSCO.US,D,20190828,000000,348.34,369.93,348.17,366.56,10416845,0
CSCO.US,D,20190829,000000,367.45,372.04,366.33,371.80,11548257,0
CSCO.US,D,20190830,000000,380.72,380.76,339.52,344.12,8641313,0
CSCO.US,D,20190902,000000,350.52,359.51,320.23,320.66,5129311,0
CSCO.US,D,20190902,000000,322.67,323.29,282.81,299.22,5175512,0
CSCO.US,D,20190902,000000,300.31,300.32,291.42,295.10,7843049,0
CSCO.US,D,20190903,000000,295.51,319.71,288.13,316.64,8841032,0
CSCO.US,D,20190904,000000,313.10,316.72,311.75,315.18,10393759,0
CSCO.US,D,20190905,000000,314.82,326.80,313.93,326.14,5380823,0
CSCO.US,D,20190906,000000,328.35,368.11,328.05,355.50,8725524,0
CSCO.US,D,20190909,000000,364.13,371.95,323.48,330.15,9977664,0
CSCO.US,D,20190909,000000,330.31,342.30,328.52,337.88,11109366,0
CSCO.US,D,20190909,000000,344.42,355.78,342.23,355.05,10705724,0
CSCO.US,D,20190910,000000,345.13,374.14,337.96,369.73,5990901,0
CSCO.US,D,20190911,000000,386.02,407.06,382.35,403.69,8402647,0
CSCO.US,D,20190912,000000,400.98,404.39,397.28,404.11,8493263,0
CSCO.US,D,20190913,000000,405.79,407.68,388.15,394.27,8230682,0
CSCO.US,D,20190916,000000,395.82,398.83,389.80,391.05,7818615,0
CSCO.US,D,20190916,000000,394.24,405.76,341.07,352.55,7946168,0
CSCO.US,D,20190916,000000,354.81,388.30,354.52,369.67,6635665,0
CSCO.US,D,20190917,000000,364.83,411.27,363.31,409.25,11264531,0
CSCO.US,D,20190918,000000,406.95,443.96,405.94,439.76,11089507,0
CSCO.US,D,20190919,000000,441.68,497.41,439.98,486.12,7558664,0
CSCO.US,D,20190920,000000,491.40,498.05,428.03,428.85,11712667,0
CSCO.US,D,20190923,000000,437.02,445.61,398.75,404.79,11416554,0
CSCO.US,D,20190923,000000,410.09,455.93,394.77,433.05,4434892,0
CSCO.US,D,20190923,000000,437.99,443.70,372.05,409.19,4462329,0
CSCO.US,D,20190924,000000,403.40,420.30,403.25,411.47,6196487,0
CSCO.US,D,20190925,000000,413.43,416.79,394.82,402.29,11078935,0
CSCO.US,D,20190926,000000,407.11,410.98,363.54,364.54,5935695,0
CSCO.US,D,20190927,000000,370.44,390.90,360.52,385.17,7563626,0
CSCO.US,D,20190930,000000,371.99,390.23,370.37,387.14,11303600,0
CSCO.US,D,20190930,000000,384.75,391.62,352.76,360.21,11807263,0
CSCO.US,D,20190930,000000,342.23,364.09,339.12,359.70,8494335,0
CSCO.US,D,20191001,000000,357.32,366.78,223.12,295.32,9321365,0
CSCO.US,D,20191002,000000,284.44,303.96,284.12,299.97,6827958,0
CSCO.US,D,20191003,000000,303.89,309.48,300.03,307.21,8459354,0
CSCO.US,D,20191004,000000,313.34,325.21,272.63,276.91,4416571,0
CSCO.US,D,20191007,000000,265.97,283.74,263.68,280.10,11004422,0
CSCO.US,D,20191007,000000,280.59,305.38,277.13,302.78,8441053,0
CSCO.US,D,20191007,000000,299.68,304.34,277.98,279.29,4360690,0
CSCO.US,D,20191008,000000,269.09,273.51,264.37,271.26,10396572,0
CSCO.US,D,20191009,000000,275.16,278.10,235.60,256.27,4241653,0
CSCO.US,D,20191010,000000,269.53,270.12,254.49,255.29,4004658,0
CSCO.US,D,20191011,000000,250.05,266.71,248.07,263.05,6223908,0
CSCO.US,D,20191014,000000,263.23,270.47,262.36,269.30,11378168,0
CSCO.US,D,20191014,000000,267.40,272.57,254.18,254.43,8002142,0
CSCO.US,D,20191014,000000,260.61,261.45,254.34,256.22,9686164,0
CSCO.US,D,20191015,000000,249.73,312.78,239.89,293.24,7330237,0
CSCO.US,D,20191016,000000,302.47,311.30,291.81,294.20,7110153,0
CSCO.US,D,20191017,000000,297.87,332.75,293.55,330.39,10738019,0
CSCO.US,D,20191018,000000,326.08,351.48,325.57,343.27,8659673,0
CSCO.US,D,20191021,000000,348.99,354.05,346.48,352.25,5097302,0
CSCO.US,D,20191021,000000,365.57,369.72,337.67,352.90,8177562,0
CSCO.US,D,20191021,000000,346.23,359.77,302.07,309.10,10721338,0
CSCO.US,D,20191022,000000,303.06,303.11,302.71,302.83,6486493,0
CSCO.US,D,20191023,000000,298.68,300.88,255.73,270.77,9058895,0
CSCO.US,D,20191024,000000,272.59,302.88,269.25,300.79,4467356,0
CSCO.US,D,20191025,000000,292.14,325.40,275.43,321.33,10953789,0
CSCO.US,D,20191028,000000,333.76,339.45,331.60,337.43,5416117,0
CSCO.US,D,20191028,000000,324.41,360.23,306.60,349.47,4507534,0
CSCO.US,D,20191028,000000,352.56,357.33,312.78,323.69,9568932,0
CSCO.US,D,20191029,000000,324.44,324.57,311.18,312.67,5200921,0
CSCO.US,D,20191030,000000,297.47,327.56,288.94,315.99,10694301,0
CSCO.US,D,20191031,000000,310.34,326.05,254.18,254.44,6695509,0
CSCO.US,D,20191101,000000,265.50,269.39,227.49,238.30,6228742,0
CSCO.US,D,20191104,000000,239.10,264.25,238.12,257.45,11372824,0
CSCO.US,D,20191104,000000,257.46,283.67,251.20,279.20,7629434,0
CSCO.US,D,20191104,000000,282.49,287.35,281.61,284.73,4126525,0
CSCO.US,D,20191105,000000,274.53,275.55,269.33,270.57,10957843,0
CSCO.US,D,20191106,000000,265.43,289.52,262.58,287.43,5942455,0
CSCO.US,D,20191107,000000,281.09,312.18,278.58,311.82,11907036,0
CSCO.US,D,20191108,000000,319.43,349.85,316.60,345.70,8913845,0
CSCO.US,D,20191111,000000,355.36,362.43,336.67,338.23,4780520,0
CSCO.US,D,20191111,000000,344.76,355.89,327.26,327.35,11604495,0
CSCO.US,D,20191111,000000,322.78,326.49,287.57,294.38,4657420,0
CSCO.US,D,20191112,000000,293.30,297.48,283.44,287.76,5469411,0
CSCO.US,D,20191113,000000,286.39,286.55,267.29,268.86,11735516,0
CSCO.US,D,20191114,000000,277.90,285.95,257.70,260.30,4212318,0
CSCO.US,D,20191115,000000,257.79,266.40,257.65,264.19,6650903,0
CSCO.US,D,20191118,000000,265.70,282.79,206.79,232.14,6369793,0
CSCO.US,D,20191118,000000,235.65,236.63,231.95,235.25,9122115,0
CSCO.US,D,20191118,000000,239.69,244.70,239.31,243.53,10116337,0
CSCO.US,D,20191119,000000,243.70,295.08,236.05,274.59,11039987,0
CSCO.US,D,20191120,000000,280.02,325.07,266.22,303.39,6018371,0
CSCO.US,D,20191121,000000,308.41,308.99,298.79,302.84,5227034,0
CSCO.US,D,20191122,000000,308.76,309.34,278.19,278.79,9115820,0
CSCO.US,D,20191125,000000,283.57,301.92,275.38,300.63,4620782,0
CSCO.US,D,20191125,000000,299.35,312.27,296.38,307.77,10837155,0
CSCO.US,D,20191125,000000,302.05,387.27,298.19,338.81,8160112,0
CSCO.US,D,20191126,000000,339.37,358.67,291.70,304.41,7417692,0
CSCO.US,D,20191127,000000,307.72,340.01,307.48,325.50,8877534,0
CSCO.US,D,20191128,000000,322.14,325.89,318.12,319.94,9866071,0
CSCO.US,D,20191129,000000,320.18,327.04,279.52,281.46,10521319,0
CSCO.US,D,20191202,000000,293.65,309.99,286.99,306.09,11689404,0
CSCO.US,D,20191202,000000,291.42,314.67,290.77,307.94,7536272,0
CSCO.US,D,20191202,000000,297.38,298.45,289.08,289.61,8536204,0
CSCO.US,D,20191203,000000,296.57,310.46,292.39,306.64,6316496,0
CSCO.US,D,20191204,000000,298.19,298.72,272.13,279.20,10059907,0
CSCO.US,D,20191205,000000,278.16,279.94,257.21,257.25,8187637,0
CSCO.US,D,20191206,000000,262.09,275.16,226.34,235.32,5016664,0
CSCO.US,D,20191209,000000,231.66,239.08,229.60,238.67,6776616,0
CSCO.US,D,20191209,000000,237.97,297.66,231.49,285.90,4353362,0
CSCO.US,D,20191209,000000,291.33,292.07,264.53,267.32,8059954,0
CSCO.US,D,20191210,000000,272.52,275.36,250.08,260.27,5384515,0
CSCO.US,D,20191211,000000,256.80,256.92,246.30,252.52,8106947,0
CSCO.US,D,20191212,000000,247.87,285.00,234.64,281.98,10726482,0
CSCO.US,D,20191213,000000,288.27,335.10,285.37,314.53,7408610,0
CSCO.US,D,20191216,000000,313.97,349.56,313.01,342.54,11212089,0
CSCO.US,D,20191216,000000,337.14,342.09,301.23,305.19,5660532,0
CSCO.US,D,20191216,000000,309.64,311.63,290.56,290.74,5785380,0
CSCO.US,D,20191217,000000,281.86,285.70,279.40,283.30,5940794,0
CSCO.US,D,20191218,000000,285.99,288.23,271.94,278.28,8651603,0
CSCO.US,D,20191219,000000,286.67,287.57,275.56,280.98,5706265,0
CSCO.US,D,20191220,000000,280.50,298.39,275.57,285.97,11979210,0
CSCO.US,D,20191223,000000,282.91,368.56,266.08,342.20,6488640,0
CSCO.US,D,20191223,000000,349.08,350.01,304.66,312.31,7836824,0
CSCO.US,D,20191223,000000,322.60,328.27,266.48,283.28,8269303,0
CSCO.US,D,20191224,000000,288.86,327.08,287.40,316.99,5285070,0
CSCO.US,D,20191225,000000,310.50,331.19,309.49,325.58,7444127,0
CSCO.US,D,20191226,000000,326.31,328.11,314.87,315.31,10479071,0
CSCO.US,D,20191227,000000,309.17,312.08,275.27,282.06,5660045,0
CSCO.US,D,20191230,000000,267.38,295.39,265.18,290.07,6660904,0
CSCO.US,D,20191230,000000,295.77,302.95,290.52,301.40,4183880,0
CSCO.US,D,20191230,000000,304.85,326.10,303.46,324.87,4668451,0
CSCO.US,D,20191231,000000,316.57,316.76,314.05,314.40,11201755,0
CSCO.US,D,20200101,000000,324.75,326.16,320.88,321.72,8608701,0
CSCO.US,D,20200102,000000,308.96,321.12,308.18,314.91,9961705,0
CSCO.US,D,20200103,000000,319.91,321.07,290.70,299.39,5074273,0
CSCO.US,D,20200106,000000,296.75,316.32,294.60,316.29,4122733,0
CSCO.US,D,20200106,000000,317.76,319.43,297.32,305.28,18563100,0
CSCO.US,D,20200106,000000,302.58,304.65,291.27,295.28,18148951,0
CSCO.US,D,20200107,000000,301.59,303.28,287.57,288.44,16777873,0
CSCO.US,D,20200108,000000,295.31,307.27,274.80,281.75,29785724,0
CSCO.US,D,20200109,000000,288.37,290.00,258.55,267.52,30724888,0
CSCO.US,D,20200110,000000,259.10,265.94,254.74,260.14,33055380,0
CSCO.US,D,20200113,000000,258.49,259.56,240.71,243.73,19369097,0
CSCO.US,D,20200113,000000,249.20,250.60,218.26,228.98,18610760,0
CSCO.US,D,20200113,000000,230.33,230.51,213.43,215.95,45218444,0
CSCO.US,D,20200114,000000,212.18,216.52,199.66,201.19,22477287,0
CSCO.US,D,20200115,000000,200.23,202.83,182.79,188.04,40643067,0
CSCO.US,D,20200116,000000,190.86,195.12,173.39,175.63,46256452,0
CSCO.US,D,20200117,000000,175.10,175.92,151.91,161.56,46103290,0
CSCO.US,D,20200120,000000,158.26,167.54,157.24,166.27,11495240,0
CSCO.US,D,20200120,000000,164.11,164.95,146.75,151.81,11233532,0
CSCO.US,D,20200120,000000,154.88,170.22,152.65,166.86,5573757,0
CSCO.US,D,20200121,000000,168.29,172.45,156.26,163.18,6639324,0
CSCO.US,D,20200122,000000,166.15,168.22,135.03,147.93,6484473,0
CSCO.US,D,20200123,000000,145.74,175.19,139.30,163.78,10305800,0
CSCO.US,D,20200124,000000,167.35,182.39,167.35,182.06,8548922,0
CSCO.US,D,20200127,000000,183.24,187.65,183.15,187.11,8774402,0
CSCO.US,D,20200127,000000,190.27,196.24,151.23,164.77,9945350,0
CSCO.US,D,20200127,000000,165.00,165.53,163.14,165.03,11622126,0
CSCO.US,D,20200128,000000,167.83,170.06,167.65,168.51,11819227,0
CSCO.US,D,20200129,000000,168.61,170.69,166.65,167.84,5215168,0
CSCO.US,D,20200130,000000,173.05,177.55,156.59,159.78,5002134,0
CSCO.US,D,20200131,000000,158.65,159.03,158.60,159.02,5057300,0
CSCO.US,D,20200203,000000,157.05,157.30,149.32,151.93,4455082,0
CSCO.US,D,20200203,000000,155.78,157.70,155.75,157.04,5604120,0
CSCO.US,D,20200203,000000,160.05,175.49,159.58,171.29,7189029,0
CSCO.US,D,20200204,000000,174.90,175.18,172.53,173.49,7591207,0
CSCO.US,D,20200205,000000,172.84,189.55,169.96,185.01,10742774,0
CSCO.US,D,20200206,000000,186.39,187.75,170.28,179.05,11089137,0
CSCO.US,D,20200207,000000,182.14,182.24,160.36,166.68,6533292,0
CSCO.US,D,20200210,000000,166.58,173.51,166.13,171.52,9848899,0
CSCO.US,D,20200210,000000,169.67,170.06,167.87,168.11,4608006,0
CSCO.US,D,20200210,000000,163.96,164.90,163.51,164.48,9075167,0
CSCO.US,D,20200211,000000,161.84,162.12,158.17,158.83,5572693,0
CSCO.US,D,20200212,000000,159.51,174.55,154.87,173.84,9091221,0
CSCO.US,D,20200213,000000,172.90,173.39,163.97,168.01,10009700,0
CSCO.US,D,20200214,000000,166.66,167.29,161.25,161.43,4147142,0
CSCO.US,D,20200217,000000,165.24,191.79,164.54,180.35,6840677,0
CSCO.US,D,20200217,000000,175.40,182.08,173.94,180.41,6275195,0
CSCO.US,D,20200217,000000,182.94,184.44,176.23,177.61,9918116,0
CSCO.US,D,20200218,000000,178.86,188.38,174.85,180.73,9047629,0
CSCO.US,D,20200219,000000,178.69,179.92,169.43,171.24,7496810,0
CSCO.US,D,20200220,000000,173.18,173.83,154.66,163.51,10581741,0
CSCO.US,D,20200221,000000,161.76,196.00,161.52,181.42,11554275,0
CSCO.US,D,20200224,000000,181.13,182.71,166.91,167.65,7993252,0
CSCO.US,D,20200224,000000,171.20,183.75,170.38,178.04,7078817,0
CSCO.US,D,20200224,000000,179.29,193.98,179.00,186.08,7204777,0
CSCO.US,D,20200225,000000,186.54,193.38,164.17,165.46,9272130,0
CSCO.US,D,20200226,000000,163.50,189.96,158.12,182.43,6808079,0
CSCO.US,D,20200227,000000,185.71,186.46,178.31,179.22,9531131,0
CSCO.US,D,20200228,000000,179.05,183.66,160.39,168.17,4263574,0
CSCO.US,D,20200302,000000,170.71,180.13,169.16,175.19,11011139,0
CSCO.US,D,20200302,000000,176.43,191.81,175.33,181.80,4303337,0
CSCO.US,D,20200302,000000,188.31,191.47,152.82,167.39,5632148,0
CSCO.US,D,20200303,000000,162.69,166.74,161.63,165.61,9706170,0
CSCO.US,D,20200304,000000,164.08,168.21,149.03,149.38,5679599,0
CSCO.US,D,20200305,000000,146.99,158.35,123.94,130.70,9353608,0
CSCO.US,D,20200306,000000,130.68,141.30,125.94,139.62,7427862,0
CSCO.US,D,20200309,000000,141.78,147.36,138.05,145.93,5500858,0
CSCO.US,D,20200309,000000,144.76,147.98,132.06,137.21,6310140,0
CSCO.US,D,20200309,000000,140.49,142.21,134.31,134.57,5228255,0
CSCO.US,D,20200310,000000,135.35,164.98,132.16,156.22,5507230,0
CSCO.US,D,20200311,000000,159.94,166.55,158.10,165.15,4053472,0
CSCO.US,D,20200312,000000,167.74,171.65,135.32,145.39,4991492,0
CSCO.US,D,20200313,000000,141.99,151.01,140.00,149.51,11884751,0
CSCO.US,D,20200316,000000,151.79,155.13,150.85,154.11,11002636,0
CSCO.US,D,20200316,000000,146.27,148.10,145.64,147.64,11172528,0
CSCO.US,D,20200316,000000,150.80,152.80,129.92,137.38,7599070,0
CSCO.US,D,20200317,000000,135.56,136.12,128.38,132.62,7256040,0
CSCO.US,D,20200318,000000,133.30,136.61,132.46,134.10,11639259,0
CSCO.US,D,20200319,000000,131.68,143.66,131.20,139.19,10964785,0
CSCO.US,D,20200320,000000,142.98,143.31,134.22,136.01,9430292,0
CSCO.US,D,20200323,000000,135.92,147.38,135.15,143.87,9171686,0
CSCO.US,D,20200323,000000,146.20,147.55,142.75,143.30,8359769,0
CSCO.US,D,20200323,000000,143.64,144.55,132.01,134.09,8325366,0
CSCO.US,D,20200324,000000,133.28,139.98,132.41,139.86,5798406,0
CSCO.US,D,20200325,000000,141.55,142.51,140.32,140.67,10656588,0
CSCO.US,D,20200326,000000,140.20,149.39,137.68,148.04,6806525,0
CSCO.US,D,20200327,000000,152.03,155.66,134.93,137.02,8424664,0
CSCO.US,D,20200330,000000,138.10,144.44,117.89,118.43,10911192,0
CSCO.US,D,20200330,000000,116.96,119.41,104.07,111.67,9647064,0
CSCO.US,D,20200330,000000,113.69,115.68,108.30,109.34,6819578,0
CSCO.US,D,20200331,000000,106.43,113.63,105.92,111.78,8893873,0
CSCO.US,D,20200401,000000,108.71,121.35,105.41,117.55,4808394,0
CSCO.US,D,20200402,000000,119.91,123.23,113.00,115.10,11083918,0
CSCO.US,D,20200403,000000,118.04,120.19,95.29,99.73,11763845,0
CSCO.US,D,20200406,000000,98.93,107.12,95.05,106.91,4009959,0
CSCO.US,D,20200406,000000,106.50,124.18,105.30,115.80,8612803,0
CSCO.US,D,20200406,000000,115.91,117.72,115.73,116.32,7843957,0
CSCO.US,D,20200407,000000,111.83,122.49,108.54,122.14,4278968,0
CSCO.US,D,20200408,000000,123.53,123.98,119.19,120.59,7638183,0
CSCO.US,D,20200409,000000,121.51,136.27,120.57,135.16,4849368,0
CSCO.US,D,20200410,000000,132.18,133.87,122.67,123.26,9977489,0
CSCO.US,D,20200413,000000,121.12,124.37,114.63,115.36,11576450,0
CSCO.US,D,20200413,000000,114.17,118.95,110.79,116.19,5464150,0
CSCO.US,D,20200413,000000,117.86,122.13,117.03,119.51,9972852,0
CSCO.US,D,20200414,000000,116.84,119.59,105.99,108.00,10617054,0
CSCO.US,D,20200415,000000,103.80,103.82,100.54,103.20,9173724,0
CSCO.US,D,20200416,000000,101.91,102.66,98.59,100.20,9084665,0
CSCO.US,D,20200417,000000,98.20,98.63,93.27,94.47,11608349,0
CSCO.US,D,20200420,000000,92.33,92.47,89.88,91.72,4491836,0
CSCO.US,D,20200420,000000,88.42,96.15,87.80,94.76,6862647,0
CSCO.US,D,20200420,000000,94.44,97.27,84.02,84.57,9529295,0
CSCO.US,D,20200421,000000,85.36,85.52,79.89,80.35,6280150,0
CSCO.US,D,20200422,000000,83.18,89.83,67.60,71.76,11786580,0
CSCO.US,D,20200423,000000,73.97,74.97,66.51,70.79,10351967,0
CSCO.US,D,20200424,000000,72.11,74.75,71.22,74.41,5495191,0
CSCO.US,D,20200427,000000,74.77,75.47,74.73,75.33,5132933,0
CSCO.US,D,20200427,000000,74.25,75.72,67.52,68.60,7234247,0
CSCO.US,D,20200427,000000,70.19,72.24,66.68,67.59,5947060,0
CSCO.US,D,20200428,000000,68.73,73.20,67.61,72.44,6882297,0
CSCO.US,D,20200429,000000,71.24,71.31,69.89,70.17,10509799,0
CSCO.US,D,20200430,000000,70.24,71.47,69.68,70.82,6941288,0
CSCO.US,D,20200501,000000,70.51,75.44,69.71,73.71,7436392,0
CSCO.US,D,20200504,000000,75.68,81.43,75.13,78.20,4049086,0
CSCO.US,D,20200504,000000,75.31,79.79,74.62,79.35,7947757,0
CSCO.US,D,20200504,000000,79.89,83.71,79.43,83.62,4176950,0
CSCO.US,D,20200505,000000,85.37,85.43,75.80,76.53,11009181,0
CSCO.US,D,20200506,000000,77.10,78.01,68.76,69.18,10759613,0
CSCO.US,D,20200507,000000,67.80,69.23,59.78,60.72,9127031,0
CSCO.US,D,20200508,000000,59.82,60.43,59.23,60.23,10297595,0
CSCO.US,D,20200511,000000,59.88,60.34,54.10,55.51,4500422,0
CSCO.US,D,20200511,000000,56.16,57.65,55.90,57.51,8260642,0
CSCO.US,D,20200511,000000,56.62,62.35,55.30,61.27,8744105,0
CSCO.US,D,20200512,000000,60.12,64.45,59.35,62.40,9961225,0
CSCO.US,D,20200513,000000,61.29,62.15,52.47,53.63,4614485,0
CSCO.US,D,20200514,000000,53.75,59.68,53.19,56.82,11515118,0
CSCO.US,D,20200515,000000,56.66,57.87,54.19,54.94,9763890,0
CSCO.US,D,20200518,000000,54.83,54.91,53.89,54.01,4444595,0
CSCO.US,D,20200518,000000,54.99,55.14,53.35,53.37,11467888,0
CSCO.US,D,20200518,000000,52.62,56.39,51.92,56.37,11671161,0
CSCO.US,D,20200519,000000,55.32,63.78,55.11,62.75,6049436,0
CSCO.US,D,20200520,000000,62.35,64.79,61.78,64.34,4503490,0
CSCO.US,D,20200521,000000,65.69,65.81,63.27,63.84,6211374,0
CSCO.US,D,20200522,000000,63.44,66.49,62.19,65.42,4387160,0
CSCO.US,D,20200525,000000,66.17,67.15,61.34,62.42,11264961,0
CSCO.US,D,20200525,000000,62.76,66.05,56.22,56.79,5108383,0
CSCO.US,D,20200525,000000,58.24,58.33,55.08,56.06,4836342,0
CSCO.US,D,20200526,000000,55.66,56.16,53.62,53.81,6701479,0
CSCO.US,D,20200527,000000,55.13,56.25,47.57,50.32,7101912,0
CSCO.US,D,20200528,000000,48.76,53.78,48.57,52.10,6279056,0
CSCO.US,D,20200529,000000,52.36,53.17,51.55,51.80,8394276,0
CSCO.US,D,20200601,000000,52.07,53.05,48.63,49.96,10690206,0
CSCO.US,D,20200601,000000,49.61,50.44,46.81,47.15,5251073,0
CSCO.US,D,20200601,000000,46.02,47.88,45.95,47.57,10937066,0
CSCO.US,D,20200602,000000,48.52,49.00,47.90,48.64,4467939,0
CSCO.US,D,20200603,000000,49.07,49.31,45.83,46.64,4677423,0
CSCO.US,D,20200604,000000,46.98,52.32,46.27,51.65,10118661,0
CSCO.US,D,20200605,000000,50.52,51.96,49.43,51.80,4280929,0
CSCO.US,D,20200608,000000,51.25,54.43,51.17,52.84,11012858,0
CSCO.US,D,20200608,000000,54.77,55.66,48.89,52.16,11526296,0
CSCO.US,D,20200608,000000,53.14,55.65,52.99,54.68,9372681,0
CSCO.US,D,20200609,000000,54.95,56.04,54.67,56.03,8457532,0
CSCO.US,D,20200610,000000,56.74,59.90,56.38,58.70,5294540,0
CSCO.US,D,20200611,000000,59.15,59.42,54.83,56.44,6193061,0
CSCO.US,D,20200612,000000,56.06,59.20,55.88,58.28,8555642,0
CSCO.US,D,20200615,000000,60.03,63.27,58.83,61.48,9436665,0
CSCO.US,D,20200615,000000,61.61,62.10,61.50,62.08,6808253,0
CSCO.US,D,20200615,000000,64.64,65.11,56.57,58.42,8095854,0
CSCO.US,D,20200616,000000,58.48,58.90,57.94,57.95,7813598,0
CSCO.US,D,20200617,000000,58.00,58.81,57.90,58.17,9527322,0
CSCO.US,D,20200618,000000,55.13,55.48,54.48,54.63,6754778,0
CSCO.US,D,20200619,000000,52.61,53.57,52.56,53.57,4163338,0
CSCO.US,D,20200622,000000,52.48,53.08,47.84,49.20,9259040,0
CSCO.US,D,20200622,000000,49.28,53.15,49.01,50.65,9902087,0
CSCO.US,D,20200622,000000,51.47,52.75,48.68,49.41,8223417,0
CSCO.US,D,20200623,000000,49.56,50.31,42.46,44.36,8737124,0
CSCO.US,D,20200624,000000,44.88,50.05,42.73,49.72,11327135,0
CSCO.US,D,20200625,000000,50.95,51.41,47.92,49.22,7393773,0
CSCO.US,D,20200626,000000,49.06,55.83,47.72,53.64,8146675,0
CSCO.US,D,20200629,000000,52.63,53.39,44.73,47.74,10311387,0
CSCO.US,D,20200629,000000,47.23,50.65,46.10,49.68,11866420,0
CSCO.US,D,20200629,000000,49.94,50.13,49.29,49.43,4641368,0
CSCO.US,D,20200630,000000,48.00,48.08,47.29,47.33,5069812,0
CSCO.US,D,20200701,000000,48.17,48.67,48.16,48.51,11581827,0
CSCO.US,D,20200702,000000,46.71,48.50,46.57,47.40,7742640,0
CSCO.US,D,20200703,000000,48.33,48.34,46.62,47.06,6043496,0
CSCO.US,D,20200706,000000,46.32,46.93,44.75,45.55,5262965,0
CSCO.US,D,20200706,000000,45.15,46.04,38.06,41.42,7329640,0
CSCO.US,D,20200706,000000,40.61,41.89,40.43,41.88,9140996,0
CSCO.US,D,20200707,000000,41.93,42.27,37.32,39.82,9040903,0
CSCO.US,D,20200708,000000,39.45,40.08,38.94,40.03,6266349,0
CSCO.US,D,20200709,000000,39.99,41.05,39.80,40.63,10843022,0
CSCO.US,D,20200710,000000,39.43,43.38,36.74,42.98,6202320,0
CSCO.US,D,20200713,000000,44.00,44.21,43.27,43.46,5351286,0
CSCO.US,D,20200713,000000,44.00,44.80,42.48,42.73,8140607,0
CSCO.US,D,20200713,000000,42.31,43.23,37.33,37.71,5849033,0
CSCO.US,D,20200714,000000,37.58,38.16,35.05,35.32,9046885,0
CSCO.US,D,20200715,000000,35.46,36.82,35.36,36.65,10459131,0
CSCO.US,D,20200716,000000,36.45,39.94,34.53,39.56,6127446,0
CSCO.US,D,20200717,000000,40.32,46.37,37.79,45.74,7999642,0
CSCO.US,D,20200720,000000,45.11,49.50,44.42,48.99,6111926,0
CSCO.US,D,20200720,000000,49.41,50.41,44.82,46.42,11398468,0
CSCO.US,D,20200720,000000,46.75,46.89,46.06,46.65,17426358,0
CSCO.US,D,20200721,000000,44.92,48.73,44.49,47.15,7347406,0
CSCO.US,D,20200722,000000,47.54,48.26,47.22,48.06,14675116,0
CSCO.US,D,20200723,000000,47.71,49.67,47.55,48.54,9095333,0
CSCO.US,D,20200724,000000,48.97,49.57,48.77,49.46,19040043,0
CSCO.US,D,20200727,000000,49.84,50.95,49.81,50.80,20278846,0
CSCO.US,D,20200727,000000,50.49,52.36,50.46,51.48,19477656,0
CSCO.US,D,20200727,000000,51.97,52.26,51.11,52.12,8834398,0
CSCO.US,D,20200728,000000,51.48,53.46,51.46,53.34,20669618,0
CSCO.US,D,20200729,000000,54.29,54.40,53.04,54.25,11008431,0
CSCO.US,D,20200730,000000,54.75,56.43,54.30,55.36,26359474,0
CSCO.US,D,20200731,000000,56.23,57.11,55.42,56.56,13100084,0
CSCO.US,D,20200803,000000,55.45,57.92,55.12,57.84,13951577,0
CSCO.US,D,20200803,000000,57.12,59.82,56.71,59.28,21349709,0
CSCO.US,D,20200803,000000,58.76,61.33,58.76,60.69,11534245,0
CSCO.US,D,20200804,000000,60.01,62.54,59.97,62.11,21343723,0
CSCO.US,D,20200805,000000,61.97,63.95,61.75,63.47,25767200,0
CSCO.US,D,20200806,000000,63.22,65.01,62.29,64.73,33680394,0
CSCO.US,D,20200807,000000,65.94,66.14,65.89,66.13,30086392,0
CSCO.US,D,20200810,000000,67.54,69.04,66.95,68.49,34574074,0
CSCO.US,D,20200810,000000,67.99,71.15,67.82,70.39,32090738,0
CSCO.US,D,20200810,000000,71.41,72.65,71.41,72.61,34413632,0
CSCO.US,D,20200811,000000,71.33,76.58,70.48,75.15,15240141,0
CSCO.US,D,20200812,000000,74.53,77.97,73.33,77.92,37787731,0
CSCO.US,D,20200813,000000,78.04,80.67,76.40,80.53,28839329,0
CSCO.US,D,20200814,000000,79.04,85.28,77.73,83.76,15401567,0
CSCO.US,D,20200817,000000,83.28,88.87,82.92,87.51,14213515,0
CSCO.US,D,20200817,000000,88.43,88.60,87.47,87.80,10488038,0
CSCO.US,D,20200817,000000,88.66,91.07,84.92,86.50,10669381,0
CSCO.US,D,20200818,000000,86.50,87.80,86.12,87.79,4341531,0
CSCO.US,D,20200819,000000,86.61,87.46,85.36,85.45,4190203,0
CSCO.US,D,20200820,000000,84.75,94.43,84.27,92.36,6856599,0
CSCO.US,D,20200821,000000,92.40,92.74,92.26,92.65,9161213,0
CSCO.US,D,20200824,000000,90.68,97.13,89.40,97.01,4081596,0
CSCO.US,D,20200824,000000,97.25,97.29,93.46,95.21,6785885,0
CSCO.US,D,20200824,000000,95.60,97.09,93.57,94.59,10237520,0
CSCO.US,D,20200825,000000,93.69,94.60,85.67,89.26,4758877,0
CSCO.US,D,20200826,000000,88.41,92.36,87.96,91.66,10486575,0
CSCO.US,D,20200827,000000,91.27,91.55,88.91,89.25,5582773,0
CSCO.US,D,20200828,000000,88.68,90.32,88.66,89.95,6739022,0
CSCO.US,D,20200831,000000,89.96,97.21,89.09,93.90,7352980,0
CSCO.US,D,20200831,000000,93.61,93.96,93.51,93.94,11286832,0
CSCO.US,D,20200831,000000,92.57,97.32,91.47,95.77,7383779,0
CSCO.US,D,20200901,000000,94.74,101.05,94.41,99.66,8788563,0
CSCO.US,D,20200902,000000,99.23,104.94,99.02,104.20,6081688,0
CSCO.US,D,20200903,000000,103.34,110.87,100.26,107.26,7072423,0
CSCO.US,D,20200904,000000,108.15,109.00,105.07,106.22,4772529,0
CSCO.US,D,20200907,000000,107.38,107.40,107.17,107.28,6055069,0
CSCO.US,D,20200907,000000,108.22,109.64,108.14,109.33,6998816,0
CSCO.US,D,20200907,000000,109.64,119.16,108.82,117.66,4050891,0
CSCO.US,D,20200908,000000,118.85,118.96,116.70,117.34,9293395,0
CSCO.US,D,20200909,000000,115.68,120.33,115.66,119.86,9385095,0
CSCO.US,D,20200910,000000,119.85,121.45,119.39,120.92,8766932,0
CSCO.US,D,20200911,000000,123.09,125.57,112.99,114.64,7623305,0
CSCO.US,D,20200914,000000,114.04,123.42,113.21,123.27,4479944,0
CSCO.US,D,20200914,000000,123.49,126.01,123.08,125.72,10829048,0
CSCO.US,D,20200914,000000,126.18,126.57,122.66,124.37,10066904,0
CSCO.US,D,20200915,000000,125.15,125.54,116.83,120.33,9783557,0
CSCO.US,D,20200916,000000,120.28,120.60,119.24,119.49,8047028,0
CSCO.US,D,20200917,000000,118.38,118.82,114.26,115.58,9700689,0
CSCO.US,D,20200918,000000,115.29,116.03,105.27,107.56,7130030,0
CSCO.US,D,20200921,000000,108.83,109.15,102.48,104.76,9775777,0
CSCO.US,D,20200921,000000,104.06,104.95,103.99,104.86,7813602,0
CSCO.US,D,20200921,000000,104.60,104.67,101.28,102.71,7843125,0
CSCO.US,D,20200922,000000,101.72,103.36,100.93,103.09,10563201,0
CSCO.US,D,20200923,000000,102.11,102.28,96.17,98.48,11823932,0
CSCO.US,D,20200924,000000,98.25,98.59,97.33,97.62,6733052,0
CSCO.US,D,20200925,000000,95.66,96.05,94.77,95.03,7608025,0
CSCO.US,D,20200928,000000,95.19,95.63,93.47,93.99,8552234,0
CSCO.US,D,20200928,000000,93.94,94.42,89.54,90.70,6417341,0
CSCO.US,D,20200928,000000,90.63,93.75,90.24,92.64,7241515,0
CSCO.US,D,20200929,000000,92.23,93.17,88.91,89.18,6063380,0
CSCO.US,D,20200930,000000,89.39,89.95,87.53,88.27,7782573,0
CSCO.US,D,20201001,000000,89.45,89.51,83.18,84.00,10942878,0
CSCO.US,D,20201002,000000,83.00,84.30,82.96,84.27,10355417,0
CSCO.US,D,20201005,000000,83.45,83.97,83.43,83.96,4215995,0
CSCO.US,D,20201005,000000,83.93,84.23,76.33,79.22,6620014,0
CSCO.US,D,20201005,000000,77.99,85.42,77.48,84.06,8874406,0
CSCO.US,D,20201006,000000,84.67,86.63,78.77,79.63,4834289,0
CSCO.US,D,20201007,000000,81.10,82.14,80.95,81.82,9419612,0
CSCO.US,D,20201008,000000,82.94,83.35,79.35,80.15,10210670,0
CSCO.US,D,20201009,000000,80.36,80.75,78.91,79.59,11136778,0
CSCO.US,D,20201012,000000,81.15,82.71,81.02,82.35,5371511,0
CSCO.US,D,20201012,000000,81.52,81.80,80.70,81.13,6492640,0
CSCO.US,D,20201012,000000,80.92,81.16,78.08,79.30,5925721,0
CSCO.US,D,20201013,000000,79.75,86.47,79.66,83.91,8445812,0
CSCO.US,D,20201014,000000,84.03,84.66,80.85,82.01,7755577,0
CSCO.US,D,20201015,000000,82.14,82.70,82.05,82.52,4491331,0
CSCO.US,D,20201016,000000,82.32,83.50,82.08,83.11,7092063,0
CSCO.US,D,20201019,000000,82.36,83.54,82.07,83.30,7050373,0
CSCO.US,D,20201019,000000,83.62,83.79,81.71,82.71,10813106,0
CSCO.US,D,20201019,000000,81.87,82.03,81.23,81.46,4043355,0
CSCO.US,D,20201020,000000,81.44,81.52,80.52,80.73,11214088,0
CSCO.US,D,20201021,000000,80.81,81.99,80.77,81.54,11465913,0
CSCO.US,D,20201022,000000,81.29,83.54,81.22,82.81,8141014,0
CSCO.US,D,20201023,000000,82.70,82.74,82.24,82.30,9950535,0
CSCO.US,D,20201026,000000,81.38,87.40,80.67,85.55,4972994,0
CSCO.US,D,20201026,000000,85.95,86.16,85.82,86.04,11129095,0
CSCO.US,D,20201026,000000,86.50,87.22,86.43,87.02,9387397,0
CSCO.US,D,20201027,000000,86.93,87.20,85.27,86.14,4045624,0
CSCO.US,D,20201028,000000,86.79,86.88,86.54,86.59,10813720,0
CSCO.US,D,20201029,000000,86.46,86.48,84.43,84.86,8158190,0
CSCO.US,D,20201030,000000,85.15,85.26,82.19,83.18,11989428,0
CSCO.US,D,20201102,000000,82.60,84.61,82.41,83.77,5005100,0
CSCO.US,D,20201102,000000,83.73,84.77,81.06,81.69,4414971,0
CSCO.US,D,20201102,000000,81.45,82.27,81.43,82.19,6961917,0
CSCO.US,D,20201103,000000,81.99,82.15,81.32,81.38,9820290,0
CSCO.US,D,20201104,000000,81.58,81.71,80.70,80.71,5355510,0
CSCO.US,D,20201105,000000,80.66,80.69,80.32,80.42,9969726,0
CSCO.US,D,20201106,000000,80.40,80.75,79.41,79.52,10415894,0
CSCO.US,D,20201109,000000,79.81,81.24,79.65,81.01,7543082,0
CSCO.US,D,20201109,000000,81.24,84.52,81.00,83.62,5253096,0
CSCO.US,D,20201109,000000,82.58,83.34,79.31,80.43,11614563,0
CSCO.US,D,20201110,000000,79.86,80.01,77.50,77.87,10756456,0
CSCO.US,D,20201111,000000,77.15,78.62,76.41,77.75,7277352,0
CSCO.US,D,20201112,000000,77.46,78.48,75.09,75.75,5328135,0
CSCO.US,D,20201113,000000,77.61,77.80,75.45,75.63,8550590,0
CSCO.US,D,20201116,000000,74.75,79.02,73.57,77.04,6042798,0
CSCO.US,D,20201116,000000,76.29,84.52,75.41,82.74,8311402,0
CSCO.US,D,20201116,000000,82.98,83.01,81.72,82.07,11113261,0
CSCO.US,D,20201117,000000,80.55,81.29,80.53,80.56,5414241,0
CSCO.US,D,20201118,000000,79.89,79.90,75.52,76.43,9787717,0
CSCO.US,D,20201119,000000,77.44,77.67,73.63,74.61,9625736,0
CSCO.US,D,20201120,000000,73.69,74.26,70.95,71.30,9035316,0
CSCO.US,D,20201123,000000,70.78,74.06,69.29,73.49,10555564,0
CSCO.US,D,20201123,000000,73.14,73.76,73.05,73.57,4996236,0
CSCO.US,D,20201123,000000,72.66,76.42,72.32,74.66,7992801,0
CSCO.US,D,20201124,000000,73.78,73.80,73.27,73.39,7009320,0
CSCO.US,D,20201125,000000,73.27,73.46,69.16,70.36,19972800,0
CSCO.US,D,20201126,000000,70.81,71.03,66.61,68.25,19456945,0
CSCO.US,D,20201127,000000,67.97,68.97,64.77,65.32,30648224,0
CSCO.US,D,20201130,000000,66.08,67.31,62.96,63.82,24061406,0
CSCO.US,D,20201130,000000,63.82,65.87,58.42,60.25,23049124,0
CSCO.US,D,20201130,000000,60.56,61.61,53.15,56.60,24944593,0
CSCO.US,D,20201201,000000,56.42,56.51,53.23,54.18,43592328,0
CSCO.US,D,20201202,000000,54.79,54.88,50.24,50.83,51544508,0
CSCO.US,D,20201203,000000,51.39,52.06,46.98,47.53,28579265,0
CSCO.US,D,20201204,000000,48.95,49.56,42.48,44.04,30206775,0
CSCO.US,D,20201207,000000,43.69,43.94,42.39,42.92,6442000,0
CSCO.US,D,20201207,000000,41.99,45.13,40.30,44.20,7324367,0
CSCO.US,D,20201207,000000,44.60,44.92,42.16,42.93,7879153,0
CSCO.US,D,20201208,000000,43.80,45.69,43.52,45.59,10520637,0
CSCO.US,D,20201209,000000,45.52,45.94,43.41,44.24,4670810,0
CSCO.US,D,20201210,000000,43.74,48.24,42.33,47.40,6120801,0
CSCO.US,D,20201211,000000,47.08,48.62,46.29,47.84,11794856,0
CSCO.US,D,20201214,000000,48.75,50.85,48.71,50.58,9883038,0
CSCO.US,D,20201214,000000,50.09,53.25,49.98,53.17,4532477,0
CSCO.US,D,20201214,000000,51.40,53.36,51.17,52.29,5987394,0
CSCO.US,D,20201215,000000,51.82,54.41,51.26,54.03,10487515,0
CSCO.US,D,20201216,000000,53.97,56.70,53.52,55.68,6549782,0
CSCO.US,D,20201217,000000,54.44,56.04,54.36,55.60,9238581,0
CSCO.US,D,20201218,000000,55.83,56.01,49.90,52.12,4630964,0
CSCO.US,D,20201221,000000,52.17,52.22,49.83,50.56,6452225,0
CSCO.US,D,20201221,000000,50.19,50.63,47.06,48.46,8267886,0
CSCO.US,D,20201221,000000,48.38,53.48,48.08,51.95,4336001,0
CSCO.US,D,20201222,000000,51.99,52.00,49.71,49.94,6441880,0
CSCO.US,D,20201223,000000,52.26,53.59,45.28,46.57,11497188,0
CSCO.US,D,20201224,000000,46.31,46.68,45.57,45.65,10884817,0
CSCO.US,D,20201225,000000,45.24,45.42,43.35,44.32,11077570,0
CSCO.US,D,20201228,000000,44.06,44.27,43.94,44.14,10586450,0
CSCO.US,D,20201228,000000,43.71,44.23,43.62,44.17,11235760,0
CSCO.US,D,20201228,000000,43.36,43.68,39.18,40.46,5740452,0
CSCO.US,D,20201229,000000,40.75,40.83,38.41,38.65,9009743,0
CSCO.US,D,20201230,000000,39.26,39.32,38.31,38.39,9750862,0
CSCO.US,D,20201231,000000,38.72,38.76,36.14,37.27,5795893,0
CSCO.US,D,20210101,000000,36.76,39.07,35.72,38.86,11465857,0
CSCO.US,D,20210104,000000,38.57,39.05,38.08,38.74,11838756,0
CSCO.US,D,20210104,000000,39.07,40.47,38.93,40.02,4591411,0
CSCO.US,D,20210104,000000,39.45,40.87,39.35,40.52,8164155,0
CSCO.US,D,20210105,000000,40.42,44.85,40.05,43.72,10701690,0
CSCO.US,D,20210106,000000,43.39,44.23,43.25,43.94,10844320,0
CSCO.US,D,20210107,000000,44.41,44.59,43.15,43.30,7494531,0
CSCO.US,D,20210108,000000,43.21,44.18,43.13,43.90,6006123,0
CSCO.US,D,20210111,000000,43.40,47.34,42.23,46.21,8047082,0
CSCO.US,D,20210111,000000,46.35,47.06,44.21,44.55,6192351,0
CSCO.US,D,20210111,000000,44.67,46.31,44.47,46.09,11545245,0
CSCO.US,D,20210112,000000,45.57,46.39,45.45,46.25,5409445,0
CSCO.US,D,20210113,000000,45.42,46.97,45.05,46.92,4911797,0
CSCO.US,D,20210114,000000,46.97,50.54,45.06,50.15,11290592,0
CSCO.US,D,20210115,000000,49.57,49.65,46.72,47.39,4673444,0
CSCO.US,D,20210118,000000,47.95,48.25,47.71,47.79,6851367,0
CSCO.US,D,20210118,000000,48.55,48.62,47.68,48.14,11881750,0
CSCO.US,D,20210118,000000,47.58,52.08,47.56,50.88,8682790,0
CSCO.US,D,20210119,000000,52.49,52.63,51.40,51.77,7398711,0
CSCO.US,D,20210120,000000,50.44,55.62,49.86,53.91,4252778,0
CSCO.US,D,20210121,000000,54.52,55.66,54.30,55.41,8006665,0
CSCO.US,D,20210122,000000,55.76,57.82,55.35,57.61,5863810,0
CSCO.US,D,20210125,000000,57.51,58.81,57.12,58.33,5436413,0
CSCO.US,D,20210125,000000,58.94,60.61,58.81,59.92,4786838,0
CSCO.US,D,20210125,000000,59.48,59.74,57.81,58.46,11719782,0
CSCO.US,D,20210126,000000,59.60,59.99,58.79,58.86,9390015,0
CSCO.US,D,20210127,000000,59.26,61.37,58.85,61.30,9025222,0
CSCO.US,D,20210128,000000,61.18,61.19,59.76,60.57,4028634,0
CSCO.US,D,20210129,000000,61.06,61.26,58.63,58.93,6588641,0
CSCO.US,D,20210201,000000,58.03,60.28,57.51,59.73,10253847,0
CSCO.US,D,20210201,000000,60.72,61.45,60.71,61.26,5902254,0
CSCO.US,D,20210201,000000,62.45,65.57,61.89,64.70,7196306,0
CSCO.US,D,20210202,000000,64.26,64.28,63.38,63.52,5727500,0
CSCO.US,D,20210203,000000,63.19,63.30,62.53,62.54,11200950,0
CSCO.US,D,20210204,000000,62.39,64.77,61.24,64.50,6974693,0
CSCO.US,D,20210205,000000,64.41,64.67,61.61,63.12,10116794,0
CSCO.US,D,20210208,000000,64.01,64.44,62.03,62.19,11698707,0
CSCO.US,D,20210208,000000,60.69,64.77,60.54,63.42,7860748,0
CSCO.US,D,20210208,000000,62.31,65.67,61.94,64.41,8603090,0
CSCO.US,D,20210209,000000,64.78,70.15,64.69,69.66,11431265,0
CSCO.US,D,20210210,000000,68.96,69.50,68.35,68.53,4385776,0
CSCO.US,D,20210211,000000,66.40,70.55,66.07,69.19,6016488,0
CSCO.US,D,20210212,000000,70.16,70.57,63.08,64.99,6902080,0
CSCO.US,D,20210215,000000,66.40,67.76,66.10,67.51,7375885,0
CSCO.US,D,20210215,000000,67.47,68.69,67.18,68.27,5609061,0
CSCO.US,D,20210215,000000,66.94,73.47,66.33,71.88,8744761,0
CSCO.US,D,20210216,000000,70.79,71.28,67.75,70.01,10637468,0
CSCO.US,D,20210217,000000,71.66,71.95,70.69,71.01,7652989,0
CSCO.US,D,20210218,000000,71.79,71.91,64.30,65.40,10331935,0
CSCO.US,D,20210219,000000,65.66,66.05,63.53,64.22,5766664,0
CSCO.US,D,20210222,000000,66.71,66.72,61.90,62.58,11970955,0
CSCO.US,D,20210222,000000,62.37,67.41,61.80,64.27,10937860,0
CSCO.US,D,20210222,000000,64.43,66.82,64.31,66.68,11912181,0
CSCO.US,D,20210223,000000,66.27,66.60,65.62,66.21,8086744,0
CSCO.US,D,20210224,000000,68.16,68.85,63.94,64.22,10430695,0
CSCO.US,D,20210225,000000,65.63,66.01,62.55,63.40,8025942,0
CSCO.US,D,20210226,000000,64.44,65.44,58.02,60.73,10158293,0
CSCO.US,D,20210301,000000,60.33,60.35,59.77,60.09,7023716,0
CSCO.US,D,20210301,000000,60.75,61.62,56.39,57.55,6625936,0
CSCO.US,D,20210301,000000,59.04,59.12,58.68,58.79,7234069,0
CSCO.US,D,20210302,000000,58.96,59.93,58.89,59.84,11036916,0
CSCO.US,D,20210303,000000,59.54,70.39,58.01,67.24,8232272,0
CSCO.US,D,20210304,000000,66.82,69.41,66.52,68.79,10110350,0
CSCO.US,D,20210305,000000,68.11,76.24,67.65,73.24,4947855,0
CSCO.US,D,20210308,000000,71.89,72.85,69.21,69.65,9802937,0
CSCO.US,D,20210308,000000,70.19,70.73,68.17,68.45,11336046,0
CSCO.US,D,20210308,000000,67.78,74.48,67.61,74.14,8252750,0
CSCO.US,D,20210309,000000,72.84,83.53,72.11,80.64,5832312,0
CSCO.US,D,20210310,000000,79.45,83.52,79.41,83.17,5851623,0
CSCO.US,D,20210311,000000,83.83,86.37,76.05,76.51,8642860,0
CSCO.US,D,20210312,000000,76.40,76.56,72.39,72.98,5634781,0
CSCO.US,D,20210315,000000,73.38,76.81,72.98,76.23,4300606,0
CSCO.US,D,20210315,000000,76.61,77.92,70.89,71.67,9808225,0
CSCO.US,D,20210315,000000,71.19,75.25,71.12,74.41,8206880,0
CSCO.US,D,20210316,000000,74.99,76.58,73.55,74.47,8936220,0
CSCO.US,D,20210317,000000,73.95,76.50,73.15,75.52,10512299,0
CSCO.US,D,20210318,000000,73.84,80.20,73.60,77.96,4387259,0
CSCO.US,D,20210319,000000,77.76,83.40,76.81,83.32,11970341,0
CSCO.US,D,20210322,000000,84.20,85.46,83.92,84.93,5761695,0
CSCO.US,D,20210322,000000,82.66,82.94,80.88,80.91,4834451,0
CSCO.US,D,20210322,000000,78.56,88.66,77.13,84.03,4188973,0
CSCO.US,D,20210323,000000,85.26,85.66,77.89,79.10,11643939,0
CSCO.US,D,20210324,000000,77.19,81.42,75.93,79.91,8529629,0
CSCO.US,D,20210325,000000,81.03,81.45,77.13,79.31,6256413,0
CSCO.US,D,20210326,000000,80.08,80.14,79.79,79.80,5574806,0
CSCO.US,D,20210329,000000,81.14,81.27,74.17,75.81,10058867,0
CSCO.US,D,20210329,000000,78.47,79.04,73.63,74.36,7666324,0
CSCO.US,D,20210329,000000,74.93,75.99,74.52,75.64,7307456,0
CSCO.US,D,20210330,000000,75.82,76.47,74.20,75.13,9075450,0
CSCO.US,D,20210331,000000,76.11,83.38,75.66,80.06,8547703,0
CSCO.US,D,20210401,000000,79.69,81.21,75.46,75.54,10414832,0
CSCO.US,D,20210402,000000,75.94,76.66,72.11,72.99,8867787,0
CSCO.US,D,20210405,000000,71.94,72.03,70.91,71.47,6635939,0
CSCO.US,D,20210405,000000,71.66,72.44,71.59,72.41,6282022,0
CSCO.US,D,20210405,000000,71.26,74.28,70.31,73.88,6198419,0
CSCO.US,D,20210406,000000,72.86,76.86,72.04,75.71,6903817,0
CSCO.US,D,20210407,000000,76.49,77.95,68.73,69.53,7390439,0
CSCO.US,D,20210408,000000,71.07,74.46,62.67,63.16,11214055,0
CSCO.US,D,20210409,000000,62.99,64.31,60.88,60.91,7977685,0
CSCO.US,D,20210412,000000,62.01,63.25,61.16,63.04,6445904,0
CSCO.US,D,20210412,000000,62.40,63.14,57.01,59.49,4029515,0
CSCO.US,D,20210412,000000,58.46,59.76,57.63,58.90,6607031,0
CSCO.US,D,20210413,000000,58.48,65.16,58.36,63.23,8874626,0
CSCO.US,D,20210414,000000,63.72,65.04,56.56,59.69,9387100,0
CSCO.US,D,20210415,000000,60.81,61.69,56.78,57.61,10255400,0
CSCO.US,D,20210416,000000,57.92,59.97,57.86,58.88,5972632,0
CSCO.US,D,20210419,000000,59.40,59.95,57.75,58.40,4371219,0
CSCO.US,D,20210419,000000,58.77,59.97,56.12,57.02,10180189,0
CSCO.US,D,20210419,000000,58.65,59.73,54.98,56.45,8591670,0
CSCO.US,D,20210420,000000,55.87,55.87,54.20,55.42,8650832,0
CSCO.US,D,20210421,000000,55.41,55.80,52.88,53.23,8792236,0
CSCO.US,D,20210422,000000,53.89,56.34,53.75,55.87,7523263,0
CSCO.US,D,20210423,000000,56.16,57.14,51.65,52.21,4359638,0
CSCO.US,D,20210426,000000,52.73,53.15,52.42,53.11,7858262,0
CSCO.US,D,20210426,000000,53.83,54.52,51.49,52.94,7591435,0
CSCO.US,D,20210426,000000,54.49,55.92,51.19,51.60,11432734,0
CSCO.US,D,20210427,000000,51.71,52.19,49.78,50.50,9702647,0
CSCO.US,D,20210428,000000,50.58,50.69,48.96,49.40,7777963,0
CSCO.US,D,20210429,000000,49.10,50.50,48.14,50.22,7955577,0
CSCO.US,D,20210430,000000,50.19,51.34,49.46,50.21,5844899,0
CSCO.US,D,20210503,000000,51.01,53.10,50.25,52.48,9845355,0
CSCO.US,D,20210503,000000,52.94,54.24,52.57,53.99,5023799,0
CSCO.US,D,20210503,000000,54.42,56.10,54.40,55.58,7491292,0
CSCO.US,D,20210504,000000,57.04,57.59,47.35,50.95,6554788,0
CSCO.US,D,20210505,000000,50.71,51.58,50.64,51.34,11892559,0
CSCO.US,D,20210506,000000,51.34,53.46,45.88,47.22,7485883,0
CSCO.US,D,20210507,000000,46.96,49.60,46.20,49.57,4112401,0
CSCO.US,D,20210510,000000,50.50,50.85,50.33,50.70,8420369,0
CSCO.US,D,20210510,000000,51.54,52.59,51.29,52.52,11736219,0
CSCO.US,D,20210510,000000,53.19,53.92,46.40,46.79,10283021,0
CSCO.US,D,20210511,000000,47.08,47.50,44.35,45.07,5408647,0
CSCO.US,D,20210512,000000,46.06,47.62,45.85,47.10,5744819,0
CSCO.US,D,20210513,000000,46.90,48.19,46.57,47.60,10929541,0
CSCO.US,D,20210514,000000,47.63,48.02,44.81,46.39,5682004,0
CSCO.US,D,20210517,000000,47.48,48.38,44.12,44.26,11891494,0
CSCO.US,D,20210517,000000,44.23,45.87,44.01,45.71,10396917,0
CSCO.US,D,20210517,000000,46.19,47.06,45.77,46.89,8561784,0
CSCO.US,D,20210518,000000,48.63,49.12,48.59,49.04,6638019,0
CSCO.US,D,20210519,000000,49.98,56.62,49.55,54.84,9913703,0
CSCO.US,D,20210520,000000,55.89,56.43,54.08,55.06,11744965,0
CSCO.US,D,20210521,000000,55.04,55.34,51.81,52.48,8480770,0
CSCO.US,D,20210524,000000,53.72,54.81,53.61,54.50,6853037,0
CSCO.US,D,20210524,000000,54.80,57.64,54.68,56.54,8947266,0
CSCO.US,D,20210524,000000,55.71,60.60,55.09,59.56,4319584,0
CSCO.US,D,20210525,000000,60.04,63.59,59.52,63.11,5324548,0
CSCO.US,D,20210526,000000,62.49,65.41,62.11,64.46,8710225,0
CSCO.US,D,20210527,000000,64.69,64.87,62.73,63.37,7480543,0
CSCO.US,D,20210528,000000,63.53,65.22,63.35,64.97,4529139,0
CSCO.US,D,20210531,000000,63.41,63.53,52.90,58.55,6412505,0
CSCO.US,D,20210531,000000,60.16,60.98,53.22,54.85,8178070,0
CSCO.US,D,20210531,000000,54.14,55.82,50.37,52.40,5654271,0
CSCO.US,D,20210601,000000,51.23,54.40,50.73,53.79,8671636,0
CSCO.US,D,20210602,000000,53.69,54.14,51.30,51.39,4487690,0
CSCO.US,D,20210603,000000,51.32,52.98,50.91,52.93,9522331,0
CSCO.US,D,20210604,000000,52.52,53.70,52.06,52.99,9269550,0
CSCO.US,D,20210607,000000,52.75,53.13,50.84,51.61,8399324,0
CSCO.US,D,20210607,000000,51.64,51.79,48.77,49.59,4772335,0
CSCO.US,D,20210607,000000,48.88,49.81,39.60,43.13,7122239,0
CSCO.US,D,20210608,000000,43.88,46.75,43.25,46.19,7964806,0
CSCO.US,D,20210609,000000,47.43,47.44,45.19,46.35,9434459,0
CSCO.US,D,20210610,000000,47.28,49.69,47.13,49.63,11958507,0
CSCO.US,D,20210611,000000,50.00,50.58,44.64,46.55,7475142,0
CSCO.US,D,20210614,000000,46.25,46.28,44.92,45.44,6878328,0
CSCO.US,D,20210614,000000,46.83,49.64,46.27,49.48,9313088,0
CSCO.US,D,20210614,000000,49.58,52.11,48.71,50.89,6891392,0
CSCO.US,D,20210615,000000,52.14,52.62,49.92,50.45,10445779,0
CSCO.US,D,20210616,000000,50.50,50.54,43.45,46.08,8803848,0
CSCO.US,D,20210617,000000,47.17,49.76,47.05,49.55,8746374,0
CSCO.US,D,20210618,000000,49.13,49.30,41.95,43.76,10494972,0
CSCO.US,D,20210621,000000,44.08,44.82,43.84,44.50,10503111,0
CSCO.US,D,20210621,000000,43.21,47.30,42.97,46.68,7974765,0
CSCO.US,D,20210621,000000,46.97,55.72,44.45,54.83,7445421,0
CSCO.US,D,20210622,000000,55.45,61.74,54.13,59.17,9317540,0
CSCO.US,D,20210623,000000,58.02,60.71,57.61,60.70,7643859,0
CSCO.US,D,20210624,000000,61.10,65.08,60.92,62.85,8906388,0
CSCO.US,D,20210625,000000,61.82,65.51,61.74,64.88,5381903,0
CSCO.US,D,20210628,000000,65.99,67.30,64.41,64.49,5562896,0
CSCO.US,D,20210628,000000,64.84,65.33,64.46,65.26,6140382,0
CSCO.US,D,20210628,000000,64.00,64.22,62.62,63.26,11695144,0
CSCO.US,D,20210629,000000,64.00,64.38,57.19,58.14,11793472,0
CSCO.US,D,20210630,000000,57.56,59.16,57.32,58.51,4582420,0
CSCO.US,D,20210701,000000,57.87,60.78,57.44,60.18,5415646,0
CSCO.US,D,20210702,000000,59.99,60.84,59.92,60.63,7982811,0
CSCO.US,D,20210705,000000,61.50,62.71,58.97,59.00,8840271,0
CSCO.US,D,20210705,000000,60.21,60.69,57.77,57.95,11501169,0
CSCO.US,D,20210705,000000,57.69,57.75,57.54,57.56,5067127,0
CSCO.US,D,20210706,000000,58.33,58.72,55.95,57.12,5540798,0
CSCO.US,D,20210707,000000,56.69,59.99,55.95,59.24,4561687,0
CSCO.US,D,20210708,000000,59.07,59.46,56.77,57.29,9812931,0
CSCO.US,D,20210709,000000,58.34,59.50,58.17,59.33,8067183,0
CSCO.US,D,20210712,000000,60.01,61.17,54.78,56.29,4121983,0
CSCO.US,D,20210712,000000,57.26,57.96,53.53,54.91,10437549,0
CSCO.US,D,20210712,000000,54.94,58.25,53.77,58.06,11657441,0
CSCO.US,D,20210713,000000,57.98,58.57,57.54,57.59,4615351,0
CSCO.US,D,20210714,000000,58.20,59.08,55.54,56.90,5689267,0
CSCO.US,D,20210715,000000,57.78,58.72,54.41,54.45,7003135,0
CSCO.US,D,20210716,000000,54.90,54.99,52.75,53.71,9054637,0
CSCO.US,D,20210719,000000,53.97,55.10,52.52,52.68,6563812,0
CSCO.US,D,20210719,000000,53.11,53.15,50.78,51.15,6622855,0
CSCO.US,D,20210719,000000,51.39,51.60,50.66,50.85,11709952,0
CSCO.US,D,20210720,000000,52.20,52.63,49.46,49.60,11507897,0
CSCO.US,D,20210721,000000,49.51,49.93,48.81,48.97,4730235,0
CSCO.US,D,20210722,000000,48.79,51.50,48.69,50.76,9808586,0
CSCO.US,D,20210723,000000,50.74,51.74,50.72,51.67,8249729,0
CSCO.US,D,20210726,000000,50.97,52.76,50.53,52.09,9400250,0
CSCO.US,D,20210726,000000,52.25,53.12,52.12,52.94,8848334,0
CSCO.US,D,20210726,000000,53.45,53.64,52.27,52.65,5812591,0
CSCO.US,D,20210727,000000,52.41,52.67,51.95,52.31,11439447,0
CSCO.US,D,20210728,000000,51.66,53.20,51.52,52.90,6788815,0
CSCO.US,D,20210729,000000,53.32,55.23,53.32,54.28,6235654,0
CSCO.US,D,20210730,000000,54.13,54.20,53.74,53.87,7253402,0
CSCO.US,D,20210802,000000,54.03,54.12,50.39,50.60,5873533,0
CSCO.US,D,20210802,000000,50.48,50.55,48.34,48.56,7913048,0
CSCO.US,D,20210802,000000,48.27,48.44,47.46,47.48,8020116,0
CSCO.US,D,20210803,000000,47.72,48.03,45.62,46.21,11256986,0
CSCO.US,D,20210804,000000,46.70,46.80,45.28,45.67,7532272,0
CSCO.US,D,20210805,000000,46.15,49.64,46.11,48.26,5924921,0
CSCO.US,D,20210806,000000,48.08,50.84,47.86,50.27,7657749,0
CSCO.US,D,20210809,000000,50.23,50.38,48.89,48.98,10061159,0
CSCO.US,D,20210809,000000,49.10,49.16,44.33,47.15,7325233,0
CSCO.US,D,20210809,000000,46.98,48.40,46.92,48.02,8485414,0
CSCO.US,D,20210810,000000,48.71,48.81,48.24,48.25,6963174,0
CSCO.US,D,20210811,000000,49.03,49.17,45.09,46.64,7390228,0
CSCO.US,D,20210812,000000,48.16,48.28,42.90,43.34,5741224,0
CSCO.US,D,20210813,000000,43.62,43.83,42.20,42.61,9626704,0
CSCO.US,D,20210816,000000,43.96,43.98,38.91,39.93,5698651,0
CSCO.US,D,20210816,000000,40.26,40.88,40.20,40.63,11306038,0
CSCO.US,D,20210816,000000,41.25,42.24,40.13,40.52,10033984,0
CSCO.US,D,20210817,000000,41.49,41.82,40.47,41.05,7132030,0
CSCO.US,D,20210818,000000,40.95,44.36,40.56,43.87,7130409,0
CSCO.US,D,20210819,000000,44.54,44.65,39.73,40.24,6769564,0
CSCO.US,D,20210820,000000,40.70,42.28,40.21,42.20,10576438,0
CSCO.US,D,20210823,000000,43.12,46.55,42.30,46.00,10225742,0
CSCO.US,D,20210823,000000,46.38,48.74,46.15,48.29,11217105,0
CSCO.US,D,20210823,000000,49.32,53.55,49.17,52.03,8671508,0
CSCO.US,D,20210824,000000,53.37,55.10,53.36,54.81,11351754,0
CSCO.US,D,20210825,000000,55.45,55.69,53.17,53.24,6252033,0
CSCO.US,D,20210826,000000,54.63,55.59,51.99,53.75,5526384,0
CSCO.US,D,20210827,000000,51.39,53.55,51.12,52.64,4459397,0
CSCO.US,D,20210830,000000,52.30,52.33,49.51,50.15,7311122,0
CSCO.US,D,20210830,000000,49.58,50.69,49.10,50.33,4124030,0
CSCO.US,D,20210830,000000,49.76,50.14,48.48,49.15,5874135,0
CSCO.US,D,20210831,000000,51.57,55.46,51.11,54.97,11688034,0
CSCO.US,D,20210901,000000,56.17,56.34,53.99,55.02,4677395,0
CSCO.US,D,20210902,000000,56.03,57.57,55.75,56.95,7888897,0
CSCO.US,D,20210903,000000,55.74,58.83,55.28,58.49,10411708,0
CSCO.US,D,20210906,000000,59.52,59.83,58.54,59.15,7802054,0
CSCO.US,D,20210906,000000,58.11,58.16,55.78,56.49,4460236,0
CSCO.US,D,20210906,000000,57.34,58.45,52.43,53.61,8693450,0
CSCO.US,D,20210907,000000,51.64,55.04,49.85,54.78,10666679,0
CSCO.US,D,20210908,000000,54.20,61.85,53.45,61.69,9687848,0
CSCO.US,D,20210909,000000,62.85,66.30,62.80,63.98,10007629,0
CSCO.US,D,20210910,000000,65.16,65.89,64.86,65.01,7067669,0
CSCO.US,D,20210913,000000,64.52,64.98,60.49,62.08,6235857,0
CSCO.US,D,20210913,000000,63.44,65.43,63.30,65.24,11806403,0
CSCO.US,D,20210913,000000,62.74,75.48,58.77,72.56,8389535,0
CSCO.US,D,20210914,000000,74.58,78.41,74.23,76.58,7999607,0
CSCO.US,D,20210915,000000,77.24,79.46,77.04,78.71,6667815,0
CSCO.US,D,20210916,000000,80.28,80.72,76.08,77.71,7059888,0
CSCO.US,D,20210917,000000,78.68,80.83,70.42,70.76,8412166,0
CSCO.US,D,20210920,000000,71.33,81.45,71.03,79.77,9621577,0
CSCO.US,D,20210920,000000,80.57,80.63,64.57,66.21,8939738,0
CSCO.US,D,20210920,000000,65.93,66.27,58.72,59.88,5116255,0
CSCO.US,D,20210921,000000,60.54,61.38,56.77,57.11,4609837,0
CSCO.US,D,20210922,000000,55.75,58.46,55.23,57.94,5331926,0
CSCO.US,D,20210923,000000,56.12,65.09,53.97,62.90,11046609,0
CSCO.US,D,20210924,000000,62.89,73.83,60.88,72.32,11632336,0
CSCO.US,D,20210927,000000,73.70,79.76,73.03,78.86,8558835,0
CSCO.US,D,20210927,000000,79.95,80.77,76.24,78.73,7908703,0
CSCO.US,D,20210927,000000,81.05,89.72,77.80,85.90,6845606,0
CSCO.US,D,20210928,000000,85.80,85.99,78.20,79.15,7465642,0
CSCO.US,D,20210929,000000,79.70,79.92,72.81,75.89,9319903,0
CSCO.US,D,20210930,000000,76.07,76.13,67.05,68.81,10701838,0
CSCO.US,D,20211001,000000,70.71,71.28,66.08,66.59,11518114,0
CSCO.US,D,20211004,000000,64.58,74.26,64.05,70.59,5992363,0
CSCO.US,D,20211004,000000,69.80,69.83,68.26,69.45,10012538,0
CSCO.US,D,20211004,000000,69.72,73.20,69.30,72.62,5865318,0
CSCO.US,D,20211005,000000,73.96,75.88,66.75,68.68,10056529,0
CSCO.US,D,20211006,000000,66.02,80.72,61.75,77.40,6565704,0
CSCO.US,D,20211007,000000,77.21,78.34,66.29,67.37,4642132,0
CSCO.US,D,20211008,000000,68.88,72.88,60.38,60.87,8361308,0
CSCO.US,D,20211011,000000,58.39,58.82,58.36,58.55,11471279,0
CSCO.US,D,20211011,000000,57.34,66.16,56.09,62.12,10025451,0
CSCO.US,D,20211011,000000,61.87,74.47,61.65,71.04,6258846,0
CSCO.US,D,20211012,000000,71.91,73.15,69.86,70.61,11237727,0
CSCO.US,D,20211013,000000,71.40,73.99,57.53,60.54,7403836,0
CSCO.US,D,20211014,000000,59.27,60.32,54.39,56.26,7202719,0
CSCO.US,D,20211015,000000,55.62,56.63,53.64,54.25,6617400,0
CSCO.US,D,20211018,000000,55.18,55.35,53.89,54.45,11842422,0
CSCO.US,D,20211018,000000,53.14,53.69,47.64,48.45,7555021,0
CSCO.US,D,20211018,000000,50.64,51.85,48.06,48.37,7729152,0
CSCO.US,D,20211019,000000,46.55,48.19,46.24,48.10,11265557,0
CSCO.US,D,20211020,000000,48.19,50.45,47.68,50.32,4191538,0
CSCO.US,D,20211021,000000,48.66,50.10,48.59,50.06,4217986,0
CSCO.US,D,20211022,000000,50.96,51.30,47.89,48.09,11322847,0
CSCO.US,D,20211025,000000,48.74,52.67,48.70,52.05,11540644,0
CSCO.US,D,20211025,000000,53.75,54.55,47.01,48.67,9958066,0
CSCO.US,D,20211025,000000,48.33,48.75,45.15,45.42,7333854,0
CSCO.US,D,20211026,000000,46.53,46.67,43.74,44.21,10795518,0
CSCO.US,D,20211027,000000,43.30,46.35,42.43,45.74,10219152,0
CSCO.US,D,20211028,000000,45.23,53.06,42.37,52.00,9270551,0
CSCO.US,D,20211029,000000,51.11,53.65,50.98,52.72,11425999,0
CSCO.US,D,20211101,000000,53.05,53.36,52.07,52.21,7863119,0
CSCO.US,D,20211101,000000,49.73,49.96,49.17,49.77,5372837,0
CSCO.US,D,20211101,000000,48.82,49.60,43.95,45.20,10166920,0
CSCO.US,D,20211102,000000,45.93,46.02,44.20,45.49,8831748,0
CSCO.US,D,20211103,000000,45.08,47.51,44.88,46.85,7755479,0
CSCO.US,D,20211104,000000,47.65,50.16,43.59,46.89,5305648,0
CSCO.US,D,20211105,000000,45.98,48.28,45.84,47.82,6699250,0
CSCO.US,D,20211108,000000,47.35,48.55,47.30,48.54,5699792,0
CSCO.US,D,20211108,000000,49.96,50.83,48.44,49.30,6767931,0
CSCO.US,D,20211108,000000,49.46,49.97,49.09,49.79,8234325,0
CSCO.US,D,20211109,000000,49.31,56.43,47.97,54.80,7167446,0
CSCO.US,D,20211110,000000,56.97,64.72,55.95,62.04,10495107,0
CSCO.US,D,20211111,000000,60.99,61.29,57.94,58.02,7001259,0
CSCO.US,D,20211112,000000,59.92,61.75,51.90,53.69,8034631,0
CSCO.US,D,20211115,000000,54.61,55.47,54.21,55.17,6685788,0
CSCO.US,D,20211115,000000,54.13,54.15,52.20,52.63,11987737,0
CSCO.US,D,20211115,000000,53.30,53.47,50.19,50.51,10207465,0
CSCO.US,D,20211116,000000,48.51,56.21,48.34,53.92,9947506,0
CSCO.US,D,20211117,000000,53.96,57.56,53.78,57.00,6194716,0
CSCO.US,D,20211118,000000,57.48,58.09,53.17,56.00,4803671,0
CSCO.US,D,20211119,000000,54.64,60.93,53.39,58.77,11711918,0
CSCO.US,D,20211122,000000,55.45,62.59,54.29,60.36,5351467,0
CSCO.US,D,20211122,000000,61.62,65.90,61.17,65.29,9303902,0
CSCO.US,D,20211122,000000,65.30,69.24,64.01,68.46,4221575,0
CSCO.US,D,20211123,000000,68.54,70.12,63.82,65.75,6401274,0
CSCO.US,D,20211124,000000,68.18,69.23,67.88,68.59,10741586,0
CSCO.US,D,20211125,000000,70.48,71.32,66.72,67.02,9874377,0
CSCO.US,D,20211126,000000,67.99,69.36,59.70,62.45,8462486,0
CSCO.US,D,20211129,000000,62.08,65.14,61.97,64.32,6393641,0
CSCO.US,D,20211129,000000,63.33,64.87,58.84,59.42,11511148,0
CSCO.US,D,20211129,000000,60.15,60.20,60.03,60.04,10912354,0
CSCO.US,D,20211130,000000,60.86,68.52,60.62,67.33,5792612,0
CSCO.US,D,20211201,000000,67.52,67.84,63.27,64.60,5357649,0
CSCO.US,D,20211202,000000,63.24,65.59,62.74,65.34,5955691,0
CSCO.US,D,20211203,000000,64.70,65.47,62.03,64.35,4918915,0
CSCO.US,D,20211206,000000,62.81,69.27,62.51,68.56,11361312,0
CSCO.US,D,20211206,000000,67.24,67.61,53.84,58.99,11663425,0
CSCO.US,D,20211206,000000,59.05,60.26,52.00,52.93,5022582,0
CSCO.US,D,20211207,000000,52.68,59.09,50.79,58.30,8065758,0
CSCO.US,D,20211208,000000,59.73,59.86,54.59,56.75,4360957,0
CSCO.US,D,20211209,000000,54.90,68.17,53.73,62.89,8931441,0
CSCO.US,D,20211210,000000,64.18,65.22,62.40,62.97,9929006,0
CSCO.US,D,20211213,000000,62.76,66.55,62.73,65.98,11695537,0
CSCO.US,D,20211213,000000,65.59,66.08,64.15,64.64,8478663,0
CSCO.US,D,20211213,000000,64.72,66.88,61.63,62.69,6357097,0
CSCO.US,D,20211214,000000,64.20,64.97,58.99,60.37,11721455,0
CSCO.US,D,20211215,000000,62.47,62.81,62.13,62.80,11943241,0
CSCO.US,D,20211216,000000,60.53,62.51,53.49,54.01,5446273,0
CSCO.US,D,20211217,000000,52.61,54.00,52.41,53.85,5513527,0
CSCO.US,D,20211220,000000,54.95,60.31,54.79,58.80,8909033,0
CSCO.US,D,20211220,000000,59.19,59.32,57.54,57.63,5970143,0
CSCO.US,D,20211220,000000,59.96,61.41,59.42,60.89,6239726,0
CSCO.US,D,20211221,000000,60.67,60.86,59.42,59.82,4798565,0
CSCO.US,D,20211222,000000,59.16,64.63,57.39,62.77,11905209,0
CSCO.US,D,20211223,000000,62.70,64.05,55.07,59.37,4119326,0
CSCO.US,D,20211224,000000,59.47,62.19,58.68,62.07,9744241,0
CSCO.US,D,20211227,000000,61.38,61.85,57.02,58.20,6696194,0
CSCO.US,D,20211227,000000,57.94,57.96,57.85,57.90,9105329,0
CSCO.US,D,20211227,000000,58.23,59.61,57.43,59.09,9585252,0
CSCO.US,D,20211228,000000,60.73,61.35,56.29,57.13,10978838,0
CSCO.US,D,20211229,000000,57.07,62.41,56.47,61.80,11398869,0
CSCO.US,D,20211230,000000,62.01,62.63,60.02,60.58,6851239,0
CSCO.US,D,20211231,000000,60.05,60.28,52.06,53.51,5111294,0
CSCO.US,D,20220103,000000,53.41,57.49,52.66,56.02,11049154,0
CSCO.US,D,20220103,000000,56.48,57.58,55.06,55.64,7321771,0
CSCO.US,D,20220103,000000,56.26,56.86,50.87,52.96,4205505,0
CSCO.US,D,20220104,000000,52.78,56.21,52.34,55.03,5387144,0
CSCO.US,D,20220105,000000,54.06,63.96,52.93,62.36,5374392,0
CSCO.US,D,20220106,000000,61.80,61.90,61.52,61.53,4167055,0
CSCO.US,D,20220107,000000,61.57,61.64,60.30,60.78,4304284,0
CSCO.US,D,20220110,000000,60.75,61.47,56.18,57.23,4982828,0
CSCO.US,D,20220110,000000,58.54,58.78,50.97,51.27,4939864,0
CSCO.US,D,20220110,000000,52.18,54.96,51.64,54.23,4751903,0
CSCO.US,D,20220111,000000,53.00,53.30,52.67,53.08,9788580,0
CSCO.US,D,20220112,000000,51.67,54.66,51.51,53.82,11828600,0
CSCO.US,D,20220113,000000,55.03,60.66,54.15,60.58,8610683,0
CSCO.US,D,20220114,000000,62.35,71.15,60.43,71.03,11572378,0
CSCO.US,D,20220117,000000,69.71,69.74,68.33,68.77,5479387,0
CSCO.US,D,20220117,000000,70.93,71.47,69.04,70.14,11226838,0
CSCO.US,D,20220117,000000,70.61,71.20,68.59,68.94,10803777,0
