<TICKER>,<PER>,<DATE>,<TIME>,<OPEN>,<HIGH>,<LOW>,<CLOSE>,<VOL>,<OPENINT>
DASH.US,D,20180102,000000,99.36,102.55,98.44,101.96,4428244,0
DASH.US,D,20180103,000000,101.39,101.48,99.98,100.36,3927074,0
DASH.US,D,20180104,000000,100.69,101.49,100.67,101.22,2262056,0
DASH.US,D,20180105,000000,101.58,102.33,101.33,102.06,2054275,0
DASH.US,D,20180108,000000,101.77,101.95,100.58,100.66,1664870,0
DASH.US,D,20180108,000000,100.82,101.77,100.74,101.47,1624138,0
DASH.US,D,20180108,000000,102.23,102.35,98.11,99.96,2998248,0
DASH.US,D,20180109,000000,98.67,100.20,98.57,99.79,2428985,0
DASH.US,D,20180110,000000,100.03,102.88,98.55,102.64,1940282,0
DASH.US,D,20180111,000000,103.37,105.87,102.79,105.61,2453148,0
DASH.US,D,20180112,000000,105.61,105.75,103.62,104.01,3280116,0
DASH.US,D,20180115,000000,103.44,103.96,100.28,101.41,3284197,0
DASH.US,D,20180115,000000,101.28,101.87,97.02,97.13,2331901,0
DASH.US,D,20180115,000000,97.45,98.48,94.10,95.09,3994850,0
DASH.US,D,20180116,000000,95.34,95.74,95.28,95.67,3734035,0
DASH.US,D,20180117,000000,96.10,96.20,94.69,94.77,1821299,0
DASH.US,D,20180118,000000,94.19,95.15,93.98,94.89,2563569,0
DASH.US,D,20180119,000000,94.52,95.31,94.44,95.17,2653835,0
DASH.US,D,20180122,000000,95.24,95.48,93.97,94.47,1944165,0
DASH.US,D,20180122,000000,94.38,94.82,93.60,94.22,3150241,0
DASH.US,D,20180122,000000,94.75,97.08,94.55,96.98,3974756,0
DASH.US,D,20180123,000000,96.28,96.50,96.11,96.34,2377349,0
DASH.US,D,20180124,000000,96.31,96.57,95.22,95.50,2973478,0
DASH.US,D,20180125,000000,96.60,98.84,96.42,98.06,2963323,0
DASH.US,D,20180126,000000,96.82,96.95,93.96,94.22,1932729,0
DASH.US,D,20180129,000000,93.94,96.06,93.13,95.52,4355902,0
DASH.US,D,20180129,000000,96.10,96.10,94.93,95.17,2699431,0
DASH.US,D,20180129,000000,96.54,98.33,91.82,91.94,3743284,0
DASH.US,D,20180130,000000,91.56,91.83,91.49,91.77,4306876,0
DASH.US,D,20180131,000000,91.68,91.85,91.26,91.45,2255499,0
DASH.US,D,20180201,000000,90.71,95.23,90.63,92.95,3833275,0
DASH.US,D,20180202,000000,93.41,94.03,90.25,91.55,4414019,0
DASH.US,D,20180205,000000,91.66,91.82,87.99,89.43,3428081,0
DASH.US,D,20180205,000000,89.45,89.87,89.27,89.65,1769329,0
DASH.US,D,20180205,000000,89.04,89.77,88.98,89.60,2488254,0
DASH.US,D,20180206,000000,89.20,89.59,89.07,89.42,3373241,0
DASH.US,D,20180207,000000,88.56,95.58,87.83,94.24,1982701,0
DASH.US,D,20180208,000000,94.52,94.73,92.33,93.02,1808812,0
DASH.US,D,20180209,000000,93.04,93.05,92.14,92.20,1639749,0
DASH.US,D,20180212,000000,91.72,95.00,90.87,94.68,3301726,0
DASH.US,D,20180212,000000,93.41,97.98,92.48,96.02,3913596,0
DASH.US,D,20180212,000000,96.74,97.44,96.60,97.40,2206349,0
DASH.US,D,20180213,000000,97.54,102.82,95.43,102.13,2328913,0
DASH.US,D,20180214,000000,102.39,102.48,100.82,100.90,4125888,0
DASH.US,D,20180215,000000,101.40,104.63,100.52,102.96,1804639,0
DASH.US,D,20180216,000000,103.05,103.06,100.97,102.57,3341231,0
DASH.US,D,20180219,000000,102.32,102.34,99.50,100.72,1621332,0
DASH.US,D,20180219,000000,102.48,102.58,98.88,99.37,4440632,0
DASH.US,D,20180219,000000,99.66,103.59,99.31,101.94,1543707,0
DASH.US,D,20180220,000000,102.17,102.36,98.43,98.45,3329589,0
DASH.US,D,20180221,000000,96.58,114.37,95.79,107.18,1958936,0
DASH.US,D,20180222,000000,106.93,107.79,106.27,106.90,3992567,0
DASH.US,D,20180223,000000,107.98,109.97,107.80,109.07,3075438,0
DASH.US,D,20180226,000000,110.03,110.38,105.52,107.12,3744359,0
DASH.US,D,20180226,000000,106.64,107.92,106.35,107.76,3672835,0
DASH.US,D,20180226,000000,107.80,110.49,107.44,109.64,2396361,0
DASH.US,D,20180227,000000,109.82,112.82,109.64,111.85,2619019,0
DASH.US,D,20180228,000000,110.95,115.23,109.77,113.09,3025503,0
DASH.US,D,20180301,000000,113.92,117.15,113.79,117.03,3891529,0
DASH.US,D,20180302,000000,118.08,119.23,117.90,118.11,3308756,0
DASH.US,D,20180305,000000,120.55,121.95,114.43,116.45,2199821,0
DASH.US,D,20180305,000000,116.85,121.17,115.87,119.62,3934686,0
DASH.US,D,20180305,000000,120.36,120.50,118.36,118.79,3988355,0
DASH.US,D,20180306,000000,118.17,119.15,114.90,115.77,1724931,0
DASH.US,D,20180307,000000,117.44,117.90,112.59,113.19,2405138,0
DASH.US,D,20180308,000000,113.35,114.08,110.34,111.04,2233262,0
DASH.US,D,20180309,000000,111.21,111.56,109.33,109.80,4467558,0
DASH.US,D,20180312,000000,107.78,110.60,106.94,110.32,2150792,0
DASH.US,D,20180312,000000,109.87,113.37,109.84,112.86,2210392,0
DASH.US,D,20180312,000000,111.91,112.58,109.54,110.36,3475689,0
DASH.US,D,20180313,000000,110.05,110.28,106.57,107.38,3847160,0
DASH.US,D,20180314,000000,107.84,111.22,107.71,110.56,1949038,0
DASH.US,D,20180315,000000,111.39,112.62,111.33,112.21,2555155,0
DASH.US,D,20180316,000000,110.76,117.26,110.20,115.61,2027396,0
DASH.US,D,20180319,000000,114.81,119.27,114.33,117.53,2652941,0
DASH.US,D,20180319,000000,117.43,117.72,110.70,112.78,4202252,0
DASH.US,D,20180319,000000,112.68,114.33,111.76,114.17,2385866,0
DASH.US,D,20180320,000000,113.18,123.71,111.40,120.75,2167986,0
DASH.US,D,20180321,000000,119.53,129.12,118.28,125.13,3580079,0
DASH.US,D,20180322,000000,124.60,125.85,124.46,125.68,4185758,0
DASH.US,D,20180323,000000,125.96,126.10,124.17,125.11,1919934,0
DASH.US,D,20180326,000000,123.16,127.12,122.16,126.19,2982484,0
DASH.US,D,20180326,000000,125.53,130.33,125.47,128.03,2426979,0
DASH.US,D,20180326,000000,126.88,127.52,121.96,122.95,3792720,0
DASH.US,D,20180327,000000,123.60,123.72,122.40,122.61,1970094,0
DASH.US,D,20180328,000000,121.67,121.81,118.27,118.89,1505598,0
DASH.US,D,20180329,000000,118.98,119.12,117.79,118.71,3933289,0
DASH.US,D,20180330,000000,118.10,118.55,113.98,114.88,1789873,0
DASH.US,D,20180402,000000,114.67,117.69,114.13,116.66,3050552,0
DASH.US,D,20180402,000000,117.49,117.58,113.84,115.15,4153555,0
DASH.US,D,20180402,000000,116.50,117.09,111.93,112.85,4138325,0
DASH.US,D,20180403,000000,113.54,113.96,112.48,112.70,3524255,0
DASH.US,D,20180404,000000,113.44,116.05,112.95,114.87,4489886,0
DASH.US,D,20180405,000000,114.37,115.15,112.26,113.33,4435281,0
DASH.US,D,20180406,000000,111.89,113.94,111.75,113.28,2025299,0
DASH.US,D,20180409,000000,113.05,115.27,112.06,115.14,4439220,0
DASH.US,D,20180409,000000,114.37,115.55,114.25,115.31,4003888,0
DASH.US,D,20180409,000000,114.46,119.17,112.84,116.97,3319205,0
DASH.US,D,20180410,000000,116.06,116.22,111.49,113.48,2132923,0
DASH.US,D,20180411,000000,113.89,123.41,113.25,120.62,4455772,0
DASH.US,D,20180412,000000,120.04,120.24,118.36,118.81,2604183,0
DASH.US,D,20180413,000000,118.00,118.97,112.88,114.37,1715917,0
DASH.US,D,20180416,000000,115.13,115.22,114.60,114.68,2425926,0
DASH.US,D,20180416,000000,114.27,115.05,111.50,111.59,2406807,0
DASH.US,D,20180416,000000,112.12,118.64,110.71,117.74,3654989,0
DASH.US,D,20180417,000000,117.36,119.14,117.13,118.38,2763987,0
DASH.US,D,20180418,000000,119.34,120.91,118.74,119.73,3410473,0
DASH.US,D,20180419,000000,119.88,119.99,117.46,117.52,4108330,0
DASH.US,D,20180420,000000,117.92,118.21,117.47,117.48,2609978,0
DASH.US,D,20180423,000000,118.27,118.39,117.58,117.62,4454352,0
DASH.US,D,20180423,000000,115.76,120.40,114.37,120.19,4129810,0
DASH.US,D,20180423,000000,119.88,120.33,118.02,118.73,2320126,0
DASH.US,D,20180424,000000,118.90,119.15,116.87,117.36,1556117,0
DASH.US,D,20180425,000000,115.89,122.72,114.60,122.39,3987206,0
DASH.US,D,20180426,000000,121.76,122.74,118.29,119.36,2350341,0
DASH.US,D,20180427,000000,119.18,121.75,118.84,121.58,3094470,0
DASH.US,D,20180430,000000,121.20,121.34,115.54,117.34,1716536,0
DASH.US,D,20180430,000000,115.58,119.78,115.27,118.61,2944015,0
DASH.US,D,20180430,000000,118.24,121.92,118.05,120.91,2322212,0
DASH.US,D,20180501,000000,121.26,121.31,119.43,119.67,1973041,0
DASH.US,D,20180502,000000,119.25,121.16,118.59,120.51,1553135,0
DASH.US,D,20180503,000000,121.00,125.78,120.50,123.91,2763783,0
DASH.US,D,20180504,000000,124.26,124.65,120.41,122.19,2993080,0
DASH.US,D,20180507,000000,123.15,124.26,116.58,119.76,3915302,0
DASH.US,D,20180507,000000,118.96,120.63,118.79,120.54,3422743,0
DASH.US,D,20180507,000000,120.46,120.79,118.25,118.92,4005000,0
DASH.US,D,20180508,000000,118.24,118.59,117.53,117.61,3576705,0
DASH.US,D,20180509,000000,118.06,118.91,114.16,114.45,1962585,0
DASH.US,D,20180510,000000,115.40,117.22,107.43,110.73,4374599,0
DASH.US,D,20180511,000000,109.88,110.00,109.32,109.54,4209669,0
DASH.US,D,20180514,000000,109.60,111.50,109.21,110.42,4323382,0
DASH.US,D,20180514,000000,109.46,109.82,106.08,107.00,3846787,0
DASH.US,D,20180514,000000,106.38,108.31,105.73,107.89,2627335,0
DASH.US,D,20180515,000000,107.09,111.85,105.36,110.52,1634053,0
DASH.US,D,20180516,000000,110.59,110.79,108.56,108.63,3601529,0
DASH.US,D,20180517,000000,109.49,110.62,109.31,109.98,4061993,0
DASH.US,D,20180518,000000,110.81,111.80,107.31,108.10,3288169,0
DASH.US,D,20180521,000000,109.67,110.55,106.09,106.71,4414105,0
DASH.US,D,20180521,000000,105.05,110.04,104.58,107.97,1737975,0
DASH.US,D,20180521,000000,107.78,107.85,105.07,106.52,1710029,0
DASH.US,D,20180522,000000,105.34,110.98,103.55,110.19,2640962,0
DASH.US,D,20180523,000000,110.00,110.29,109.22,109.50,3423454,0
DASH.US,D,20180524,000000,108.66,109.20,105.31,106.59,4426405,0
DASH.US,D,20180525,000000,106.91,107.09,103.78,104.21,2571511,0
DASH.US,D,20180528,000000,105.03,105.48,102.19,103.04,2418882,0
DASH.US,D,20180528,000000,103.09,103.48,102.27,102.46,2194325,0
DASH.US,D,20180528,000000,102.98,103.36,102.90,103.27,3582881,0
DASH.US,D,20180529,000000,103.53,106.15,99.46,101.45,4067206,0
DASH.US,D,20180530,000000,100.86,100.89,99.36,99.67,2481920,0
DASH.US,D,20180531,000000,99.70,100.12,98.51,98.69,1814064,0
DASH.US,D,20180601,000000,98.69,101.04,98.23,100.93,1823894,0
DASH.US,D,20180604,000000,99.64,101.48,98.65,101.17,2424217,0
DASH.US,D,20180604,000000,100.30,102.07,100.13,101.43,3076807,0
DASH.US,D,20180604,000000,100.91,103.75,100.10,103.25,2908927,0
DASH.US,D,20180605,000000,103.30,104.33,100.20,100.77,1739667,0
DASH.US,D,20180606,000000,100.92,101.05,100.34,100.38,3301723,0
DASH.US,D,20180607,000000,100.44,100.68,97.83,98.73,3544129,0
DASH.US,D,20180608,000000,98.88,100.12,98.38,99.33,3385914,0
DASH.US,D,20180611,000000,99.86,102.17,99.40,101.62,3622971,0
DASH.US,D,20180611,000000,101.49,102.66,101.46,102.41,4381313,0
DASH.US,D,20180611,000000,102.39,102.75,101.24,101.71,1659418,0
DASH.US,D,20180612,000000,101.71,101.73,99.71,100.29,2382251,0
DASH.US,D,20180613,000000,100.44,101.49,100.35,100.99,3786267,0
DASH.US,D,20180614,000000,100.83,106.56,99.80,105.27,2022824,0
DASH.US,D,20180615,000000,104.61,105.22,104.30,105.12,2089102,0
DASH.US,D,20180618,000000,104.71,107.41,103.98,105.96,4451948,0
DASH.US,D,20180618,000000,106.29,107.29,101.80,103.00,2222342,0
DASH.US,D,20180618,000000,102.51,103.91,98.17,99.87,1638501,0
DASH.US,D,20180619,000000,99.90,100.16,95.65,96.67,2186839,0
DASH.US,D,20180620,000000,95.70,97.59,95.38,97.50,4362884,0
DASH.US,D,20180621,000000,97.18,97.68,95.46,96.42,2795226,0
DASH.US,D,20180622,000000,96.70,97.12,93.84,94.08,1757275,0
DASH.US,D,20180625,000000,93.98,94.01,93.01,93.16,2047619,0
DASH.US,D,20180625,000000,93.19,94.42,92.87,94.17,1888533,0
DASH.US,D,20180625,000000,93.90,94.05,93.44,93.46,2340390,0
DASH.US,D,20180626,000000,93.49,93.63,92.62,92.77,4086956,0
DASH.US,D,20180627,000000,92.57,93.29,92.49,92.99,2650305,0
DASH.US,D,20180628,000000,93.71,93.84,93.24,93.24,1786468,0
DASH.US,D,20180629,000000,93.46,93.60,93.44,93.54,3492692,0
DASH.US,D,20180702,000000,94.38,94.52,93.91,93.94,3023469,0
DASH.US,D,20180702,000000,93.63,94.98,93.35,94.55,4333167,0
DASH.US,D,20180702,000000,94.83,94.84,93.48,93.55,3233298,0
DASH.US,D,20180703,000000,93.19,93.32,92.63,92.79,3490488,0
DASH.US,D,20180704,000000,92.67,93.34,92.47,92.94,3114611,0
DASH.US,D,20180705,000000,93.40,93.68,90.36,91.02,3686061,0
DASH.US,D,20180706,000000,91.44,91.48,91.44,91.48,2013161,0
DASH.US,D,20180709,000000,91.58,91.61,88.29,88.58,2448398,0
DASH.US,D,20180709,000000,87.23,87.90,87.16,87.39,2701584,0
DASH.US,D,20180709,000000,87.64,88.28,82.84,84.12,2306919,0
DASH.US,D,20180710,000000,83.23,86.69,82.93,85.18,1902098,0
DASH.US,D,20180711,000000,85.36,85.66,84.47,84.60,2923388,0
DASH.US,D,20180712,000000,85.08,85.14,83.35,84.03,3855511,0
DASH.US,D,20180713,000000,84.05,84.96,83.79,84.88,2246691,0
DASH.US,D,20180716,000000,85.08,89.67,84.87,87.10,2634820,0
DASH.US,D,20180716,000000,86.24,88.29,85.79,87.51,3922710,0
DASH.US,D,20180716,000000,87.68,88.92,87.58,88.43,3073141,0
DASH.US,D,20180717,000000,87.92,90.38,87.56,90.07,2794083,0
DASH.US,D,20180718,000000,89.45,93.97,88.25,93.18,1577683,0
DASH.US,D,20180719,000000,93.12,93.68,91.93,92.52,1716071,0
DASH.US,D,20180720,000000,92.25,92.63,92.25,92.51,3872901,0
DASH.US,D,20180723,000000,93.00,95.11,92.79,94.03,3140872,0
DASH.US,D,20180723,000000,93.79,95.14,93.69,94.98,3487709,0
DASH.US,D,20180723,000000,95.05,96.02,95.05,95.82,2202266,0
DASH.US,D,20180724,000000,96.01,96.41,95.36,95.75,1767349,0
DASH.US,D,20180725,000000,94.91,96.43,94.68,96.17,3917453,0
DASH.US,D,20180726,000000,96.33,96.69,96.28,96.59,1672695,0
DASH.US,D,20180727,000000,96.88,97.05,95.38,95.61,1595188,0
DASH.US,D,20180730,000000,95.75,95.78,95.06,95.11,2881285,0
DASH.US,D,20180730,000000,95.24,96.46,95.14,95.87,3224226,0
DASH.US,D,20180730,000000,96.58,96.83,95.36,95.67,2798623,0
DASH.US,D,20180731,000000,95.29,95.73,95.21,95.68,1900929,0
DASH.US,D,20180801,000000,95.53,95.64,94.34,94.98,3700772,0
DASH.US,D,20180802,000000,94.58,95.48,88.98,91.79,2236653,0
DASH.US,D,20180803,000000,92.18,93.02,92.01,92.63,4282493,0
DASH.US,D,20180806,000000,92.49,93.21,92.47,92.82,2449361,0
DASH.US,D,20180806,000000,92.30,93.38,92.02,93.28,4074840,0
DASH.US,D,20180806,000000,93.71,93.96,92.48,92.58,2310494,0
DASH.US,D,20180807,000000,92.92,94.73,92.51,94.45,2001598,0
DASH.US,D,20180808,000000,94.41,94.55,93.82,93.92,3180845,0
DASH.US,D,20180809,000000,93.92,94.18,93.89,94.10,3160270,0
DASH.US,D,20180810,000000,94.16,94.26,93.78,93.90,3685367,0
DASH.US,D,20180813,000000,93.55,95.34,93.34,94.85,1702377,0
DASH.US,D,20180813,000000,94.64,94.73,93.53,94.15,2003267,0
DASH.US,D,20180813,000000,94.09,94.09,93.46,93.65,2537917,0
DASH.US,D,20180814,000000,93.74,93.82,92.94,93.10,2785519,0
DASH.US,D,20180815,000000,92.88,93.54,92.64,93.27,1941793,0
DASH.US,D,20180816,000000,93.27,93.37,92.51,92.67,2874051,0
DASH.US,D,20180817,000000,92.38,92.39,92.33,92.37,3740356,0
DASH.US,D,20180820,000000,92.39,93.86,92.19,93.22,2838370,0
DASH.US,D,20180820,000000,93.13,93.33,91.32,91.52,4238254,0
DASH.US,D,20180820,000000,91.98,92.41,90.51,90.73,1768445,0
DASH.US,D,20180821,000000,90.62,90.64,90.60,90.64,2671303,0
DASH.US,D,20180822,000000,90.55,90.61,89.82,90.13,3600426,0
DASH.US,D,20180823,000000,90.25,90.26,89.83,89.92,2496183,0
DASH.US,D,20180824,000000,89.89,92.01,89.86,91.62,2217576,0
DASH.US,D,20180827,000000,91.88,92.09,89.50,89.81,1564531,0
DASH.US,D,20180827,000000,90.13,90.41,88.78,89.16,2772247,0
DASH.US,D,20180827,000000,89.62,89.96,88.39,89.02,2965860,0
DASH.US,D,20180828,000000,88.50,88.95,87.04,87.15,1976176,0
DASH.US,D,20180829,000000,87.37,87.50,86.15,86.68,3145053,0
DASH.US,D,20180830,000000,87.05,87.12,87.00,87.07,3636494,0
DASH.US,D,20180831,000000,87.04,87.70,86.95,87.55,3157036,0
DASH.US,D,20180903,000000,87.45,87.91,86.04,86.34,2664201,0
DASH.US,D,20180903,000000,85.53,87.78,84.69,87.36,2424420,0
DASH.US,D,20180903,000000,87.35,88.80,87.32,88.12,4348932,0
DASH.US,D,20180904,000000,88.14,88.38,84.72,84.75,2312119,0
DASH.US,D,20180905,000000,84.61,84.62,84.29,84.34,4055424,0
DASH.US,D,20180906,000000,83.97,86.47,83.64,86.09,4390473,0
DASH.US,D,20180907,000000,85.75,85.87,85.72,85.77,3271993,0
DASH.US,D,20180910,000000,85.86,85.94,85.84,85.93,3308356,0
DASH.US,D,20180910,000000,85.72,85.80,85.52,85.55,1912529,0
DASH.US,D,20180910,000000,85.42,85.46,85.21,85.25,2245695,0
DASH.US,D,20180911,000000,85.33,85.45,83.84,84.20,3850474,0
DASH.US,D,20180912,000000,84.16,84.22,83.42,83.56,3185385,0
DASH.US,D,20180913,000000,83.41,83.51,83.08,83.13,2908337,0
DASH.US,D,20180914,000000,83.36,83.45,83.32,83.38,2219545,0
DASH.US,D,20180917,000000,83.43,83.48,82.36,82.53,1679157,0
DASH.US,D,20180917,000000,82.47,82.95,82.46,82.81,2782719,0
DASH.US,D,20180917,000000,82.68,83.41,82.60,83.34,4380649,0
DASH.US,D,20180918,000000,83.29,83.45,83.27,83.45,2102351,0
DASH.US,D,20180919,000000,83.63,84.97,83.25,84.57,3203245,0
DASH.US,D,20180920,000000,84.59,84.75,83.52,83.79,4414101,0
DASH.US,D,20180921,000000,83.90,84.08,83.46,83.46,3914341,0
DASH.US,D,20180924,000000,83.54,83.75,82.00,82.16,2697547,0
DASH.US,D,20180924,000000,81.84,83.74,81.74,83.08,3146252,0
DASH.US,D,20180924,000000,83.16,84.27,82.71,84.15,2822584,0
DASH.US,D,20180925,000000,83.72,85.22,83.49,84.94,2372896,0
DASH.US,D,20180926,000000,84.31,85.33,84.16,85.14,2280154,0
DASH.US,D,20180927,000000,84.81,86.48,84.54,86.12,3826186,0
DASH.US,D,20180928,000000,85.90,86.32,85.80,86.31,3342584,0
DASH.US,D,20181001,000000,86.81,87.91,86.80,87.77,2540073,0
DASH.US,D,20181001,000000,87.08,88.47,86.79,87.45,1518011,0
DASH.US,D,20181001,000000,88.19,88.21,86.62,86.70,2321313,0
DASH.US,D,20181002,000000,87.41,87.57,86.67,87.14,3106657,0
DASH.US,D,20181003,000000,87.02,88.46,86.31,87.85,2119529,0
DASH.US,D,20181004,000000,86.83,89.29,86.63,88.50,4089544,0
DASH.US,D,20181005,000000,88.87,89.12,88.65,88.84,3454129,0
DASH.US,D,20181008,000000,88.90,88.95,86.26,86.37,3185718,0
DASH.US,D,20181008,000000,86.88,88.65,80.18,82.83,4110194,0
DASH.US,D,20181008,000000,83.63,83.86,83.59,83.76,2541513,0
DASH.US,D,20181009,000000,84.28,85.01,83.86,84.88,4087232,0
DASH.US,D,20181010,000000,84.82,86.58,84.49,85.64,4427705,0
DASH.US,D,20181011,000000,85.26,87.22,84.97,87.14,4379950,0
DASH.US,D,20181012,000000,87.26,87.74,80.98,84.24,4022010,0
DASH.US,D,20181015,000000,82.97,85.88,82.70,84.79,1595271,0
DASH.US,D,20181015,000000,84.44,87.67,84.21,86.63,2805988,0
DASH.US,D,20181015,000000,87.42,94.86,86.86,93.46,1557851,0
DASH.US,D,20181016,000000,94.83,94.90,90.65,91.44,3219837,0
DASH.US,D,20181017,000000,91.83,95.29,91.24,95.14,2799529,0
DASH.US,D,20181018,000000,94.75,94.76,93.94,94.21,2819290,0
DASH.US,D,20181019,000000,96.03,96.25,94.55,95.44,1840156,0
DASH.US,D,20181022,000000,95.22,100.47,94.91,98.98,1784253,0
DASH.US,D,20181022,000000,99.10,105.29,97.50,105.03,3799791,0
DASH.US,D,20181022,000000,104.80,104.81,104.71,104.71,3594182,0
DASH.US,D,20181023,000000,106.58,106.90,101.36,101.82,3667186,0
DASH.US,D,20181024,000000,101.50,104.57,100.82,104.51,3150478,0
DASH.US,D,20181025,000000,103.83,108.91,103.10,107.38,3007152,0
DASH.US,D,20181026,000000,108.43,108.83,103.37,104.26,3610762,0
DASH.US,D,20181029,000000,103.35,103.52,102.73,102.99,4019456,0
DASH.US,D,20181029,000000,103.93,105.26,98.85,101.76,2201806,0
DASH.US,D,20181029,000000,100.17,105.74,99.60,103.97,3149655,0
DASH.US,D,20181030,000000,104.61,105.70,99.52,100.44,3533853,0
DASH.US,D,20181031,000000,99.55,99.82,98.99,99.75,2213794,0
DASH.US,D,20181101,000000,99.10,99.48,98.36,98.74,1546963,0
DASH.US,D,20181102,000000,98.24,98.47,96.25,97.67,4390005,0
DASH.US,D,20181105,000000,95.20,97.07,94.76,96.75,2089460,0
DASH.US,D,20181105,000000,96.42,102.62,96.16,99.64,1768781,0
DASH.US,D,20181105,000000,99.97,100.04,98.51,98.66,2431620,0
DASH.US,D,20181106,000000,98.22,98.40,97.44,97.53,4125854,0
DASH.US,D,20181107,000000,98.59,98.79,93.19,95.04,2861201,0
DASH.US,D,20181108,000000,95.08,95.99,94.73,95.52,3942984,0
DASH.US,D,20181109,000000,95.65,101.48,94.69,99.93,1634204,0
DASH.US,D,20181112,000000,99.97,101.74,99.91,101.32,1724106,0
DASH.US,D,20181112,000000,101.86,102.84,101.56,102.79,2434643,0
DASH.US,D,20181112,000000,102.18,102.98,101.00,101.12,2908431,0
DASH.US,D,20181113,000000,100.25,101.09,97.80,98.37,3259210,0
DASH.US,D,20181114,000000,98.83,98.99,95.05,96.81,1606975,0
DASH.US,D,20181115,000000,96.20,100.05,95.59,99.13,2050883,0
DASH.US,D,20181116,000000,100.22,101.20,99.89,101.05,3016693,0
DASH.US,D,20181119,000000,101.28,106.75,100.07,104.62,3644556,0
DASH.US,D,20181119,000000,103.89,106.85,103.88,106.37,2910458,0
DASH.US,D,20181119,000000,104.94,110.03,104.28,109.10,2039110,0
DASH.US,D,20181120,000000,108.72,110.49,108.41,110.41,4463478,0
DASH.US,D,20181121,000000,110.31,110.47,106.86,107.56,1961512,0
DASH.US,D,20181122,000000,106.35,107.39,103.06,104.38,3042320,0
DASH.US,D,20181123,000000,103.47,103.66,102.98,103.11,3205010,0
DASH.US,D,20181126,000000,101.37,102.30,99.92,100.16,2601158,0
DASH.US,D,20181126,000000,99.18,101.88,98.02,101.73,2418803,0
DASH.US,D,20181126,000000,101.60,106.75,99.72,105.77,1597528,0
DASH.US,D,20181127,000000,107.06,107.29,102.09,102.52,2367183,0
DASH.US,D,20181128,000000,100.88,106.19,100.66,104.59,3588466,0
DASH.US,D,20181129,000000,104.83,108.58,104.44,107.76,1528020,0
DASH.US,D,20181130,000000,107.34,111.75,106.30,110.21,4060750,0
DASH.US,D,20181203,000000,111.10,113.95,110.87,112.81,3846289,0
DASH.US,D,20181203,000000,113.79,114.51,113.31,114.41,4418374,0
DASH.US,D,20181203,000000,114.80,121.16,114.59,119.20,3941367,0
DASH.US,D,20181204,000000,119.82,121.05,118.13,120.37,2309985,0
DASH.US,D,20181205,000000,120.11,129.65,119.59,126.58,2312965,0
DASH.US,D,20181206,000000,127.09,128.99,126.50,128.22,1615609,0
DASH.US,D,20181207,000000,128.50,129.26,123.07,124.87,3989664,0
DASH.US,D,20181210,000000,126.53,127.40,121.22,122.14,1908062,0
DASH.US,D,20181210,000000,121.80,124.04,121.53,122.98,2364751,0
DASH.US,D,20181210,000000,122.23,128.92,121.51,128.61,1644034,0
DASH.US,D,20181211,000000,127.15,130.55,126.86,128.68,3596189,0
DASH.US,D,20181212,000000,128.39,130.49,127.94,129.53,3844915,0
DASH.US,D,20181213,000000,129.14,134.09,127.80,133.37,3826161,0
DASH.US,D,20181214,000000,133.77,134.90,127.44,128.62,2447219,0
DASH.US,D,20181217,000000,127.94,130.78,127.94,129.92,3510102,0
DASH.US,D,20181217,000000,130.27,132.39,130.08,132.04,3027655,0
DASH.US,D,20181217,000000,132.07,132.92,128.88,129.54,2586892,0
DASH.US,D,20181218,000000,130.14,130.15,129.68,129.83,2963520,0
DASH.US,D,20181219,000000,128.88,129.32,126.29,127.75,2068959,0
DASH.US,D,20181220,000000,128.16,128.46,126.10,127.10,2356829,0
DASH.US,D,20181221,000000,127.51,128.45,127.45,128.18,2676672,0
DASH.US,D,20181224,000000,128.42,129.19,128.38,128.93,3307150,0
DASH.US,D,20181224,000000,129.08,131.26,128.88,129.96,2987387,0
DASH.US,D,20181224,000000,130.45,130.46,127.63,129.01,2243470,0
DASH.US,D,20181225,000000,129.26,129.92,128.92,129.74,2005528,0
DASH.US,D,20181226,000000,129.30,129.32,128.77,128.85,3415347,0
DASH.US,D,20181227,000000,129.16,129.42,128.16,128.30,2517319,0
DASH.US,D,20181228,000000,128.38,128.68,126.19,126.95,3170630,0
DASH.US,D,20181231,000000,127.01,127.33,124.84,125.40,3860965,0
DASH.US,D,20181231,000000,125.41,127.12,124.98,126.90,1780001,0
DASH.US,D,20181231,000000,127.44,127.51,125.22,125.76,3440742,0
DASH.US,D,20190101,000000,125.18,126.57,124.54,126.41,2369599,0
DASH.US,D,20190102,000000,126.07,126.34,123.79,124.66,2555809,0
DASH.US,D,20190103,000000,124.78,125.14,124.74,124.93,2405064,0
DASH.US,D,20190104,000000,124.35,124.37,124.11,124.16,2537507,0
DASH.US,D,20190107,000000,124.49,129.61,124.33,127.72,2184193,0
DASH.US,D,20190107,000000,128.17,128.49,127.01,127.32,2253633,0
DASH.US,D,20190107,000000,127.18,129.73,126.36,129.72,3650566,0
DASH.US,D,20190108,000000,129.92,130.10,127.88,128.46,2253680,0
DASH.US,D,20190109,000000,128.01,132.13,127.17,131.44,2251467,0
DASH.US,D,20190110,000000,133.29,133.76,124.69,129.30,2677013,0
DASH.US,D,20190111,000000,128.46,131.40,128.32,130.72,3601854,0
DASH.US,D,20190114,000000,131.98,133.39,131.82,132.62,3725241,0
DASH.US,D,20190114,000000,132.05,132.31,128.76,129.40,2811574,0
DASH.US,D,20190114,000000,129.84,130.74,122.70,123.37,3139400,0
DASH.US,D,20190115,000000,122.30,123.07,122.23,122.90,2909946,0
DASH.US,D,20190116,000000,122.31,123.18,118.00,118.50,2196401,0
DASH.US,D,20190117,000000,117.89,120.27,117.21,119.95,2951415,0
DASH.US,D,20190118,000000,119.60,120.45,119.28,120.20,2071556,0
DASH.US,D,20190121,000000,122.15,122.33,119.08,119.52,3140502,0
DASH.US,D,20190121,000000,119.34,120.31,119.21,120.30,3032714,0
DASH.US,D,20190121,000000,119.13,121.85,118.81,121.33,3089887,0
DASH.US,D,20190122,000000,120.66,120.68,119.88,120.13,2063954,0
DASH.US,D,20190123,000000,120.06,120.74,118.38,118.42,1629481,0
DASH.US,D,20190124,000000,118.23,118.79,118.16,118.71,4042445,0
DASH.US,D,20190125,000000,118.42,121.15,118.18,121.04,3987732,0
DASH.US,D,20190128,000000,120.74,120.81,120.04,120.33,3898886,0
DASH.US,D,20190128,000000,120.22,122.12,120.19,122.02,2060077,0
DASH.US,D,20190128,000000,122.21,122.84,122.15,122.49,3189746,0
DASH.US,D,20190129,000000,122.22,122.26,121.67,121.74,3342582,0
DASH.US,D,20190130,000000,122.26,122.27,120.74,120.87,2202784,0
DASH.US,D,20190131,000000,120.92,120.95,120.45,120.60,4446155,0
DASH.US,D,20190201,000000,120.27,120.80,119.94,120.68,4192689,0
DASH.US,D,20190204,000000,120.45,120.56,119.58,119.95,4009787,0
DASH.US,D,20190204,000000,119.71,120.20,119.51,120.05,1689172,0
DASH.US,D,20190204,000000,119.94,120.34,119.89,120.26,2266067,0
DASH.US,D,20190205,000000,120.32,120.40,120.21,120.23,4154561,0
DASH.US,D,20190206,000000,120.13,120.25,119.12,119.27,3391315,0
DASH.US,D,20190207,000000,118.97,120.95,118.42,120.58,3807033,0
DASH.US,D,20190208,000000,120.45,120.94,120.35,120.83,3596656,0
DASH.US,D,20190211,000000,120.88,121.30,120.82,121.03,3312351,0
DASH.US,D,20190211,000000,121.38,121.92,121.32,121.76,3274149,0
DASH.US,D,20190211,000000,121.75,122.31,121.74,122.27,2866372,0
DASH.US,D,20190212,000000,122.51,122.58,120.42,120.85,2319079,0
DASH.US,D,20190213,000000,120.86,121.11,120.79,121.05,2455731,0
DASH.US,D,20190214,000000,121.10,121.44,120.06,120.26,2855059,0
DASH.US,D,20190215,000000,120.39,120.43,120.14,120.23,3375264,0
DASH.US,D,20190218,000000,119.56,120.01,119.50,119.97,3827120,0
DASH.US,D,20190218,000000,119.62,122.39,119.29,121.73,2893247,0
DASH.US,D,20190218,000000,121.88,122.07,120.11,120.84,2333769,0
DASH.US,D,20190219,000000,120.19,121.30,120.04,120.50,2286101,0
DASH.US,D,20190220,000000,120.42,121.17,118.28,118.42,3988603,0
DASH.US,D,20190221,000000,118.34,118.50,114.14,115.95,3475959,0
DASH.US,D,20190222,000000,115.84,115.95,110.66,112.95,1777254,0
DASH.US,D,20190225,000000,113.24,114.03,113.21,114.00,1906952,0
DASH.US,D,20190225,000000,113.30,113.57,112.58,112.92,3927070,0
DASH.US,D,20190225,000000,113.23,113.77,109.71,111.00,2184351,0
DASH.US,D,20190226,000000,110.91,111.50,109.83,109.88,4145198,0
DASH.US,D,20190227,000000,109.41,109.98,109.08,109.74,3903386,0
DASH.US,D,20190228,000000,109.58,110.48,109.39,109.79,3426240,0
DASH.US,D,20190301,000000,110.18,111.05,110.11,110.82,1686416,0
DASH.US,D,20190304,000000,110.83,110.96,110.77,110.92,2563430,0
DASH.US,D,20190304,000000,110.65,110.74,110.22,110.50,4125815,0
DASH.US,D,20190304,000000,110.67,110.78,110.26,110.27,3394646,0
DASH.US,D,20190305,000000,110.22,110.30,109.56,109.69,3027678,0
DASH.US,D,20190306,000000,109.58,109.58,109.38,109.53,4391822,0
DASH.US,D,20190307,000000,109.69,109.87,108.35,108.41,4389869,0
DASH.US,D,20190308,000000,108.42,108.48,108.10,108.20,3783562,0
DASH.US,D,20190311,000000,108.43,108.51,107.91,108.19,2856942,0
DASH.US,D,20190311,000000,108.15,110.28,107.71,109.60,1615312,0
DASH.US,D,20190311,000000,109.49,109.80,107.82,108.27,2897519,0
DASH.US,D,20190312,000000,108.26,108.57,108.22,108.56,1988884,0
DASH.US,D,20190313,000000,108.42,108.44,107.63,108.03,2697795,0
DASH.US,D,20190314,000000,107.85,107.89,107.59,107.63,2370705,0
DASH.US,D,20190315,000000,107.49,107.57,107.25,107.57,3399179,0
DASH.US,D,20190318,000000,107.71,108.37,107.40,108.31,2437108,0
DASH.US,D,20190318,000000,108.40,108.71,108.21,108.65,2075110,0
DASH.US,D,20190318,000000,108.68,109.41,108.64,109.28,1822858,0
DASH.US,D,20190319,000000,109.75,109.76,109.35,109.42,3797572,0
DASH.US,D,20190320,000000,109.20,109.34,109.16,109.22,4370118,0
DASH.US,D,20190321,000000,109.34,110.64,109.10,110.61,3017950,0
DASH.US,D,20190322,000000,110.72,110.86,109.05,109.34,1839874,0
DASH.US,D,20190325,000000,109.44,109.89,109.30,109.66,2045014,0
DASH.US,D,20190325,000000,109.92,109.97,109.78,109.83,4220501,0
DASH.US,D,20190325,000000,109.73,110.37,109.64,110.31,2228565,0
DASH.US,D,20190326,000000,110.22,110.82,109.85,110.76,2858407,0
DASH.US,D,20190327,000000,110.96,111.16,110.91,111.15,4380640,0
DASH.US,D,20190328,000000,110.90,110.93,110.42,110.65,1595840,0
DASH.US,D,20190329,000000,110.87,111.62,110.78,111.33,4284463,0
DASH.US,D,20190401,000000,111.57,111.73,111.00,111.11,2826108,0
DASH.US,D,20190401,000000,110.98,111.55,110.98,111.54,1854168,0
DASH.US,D,20190401,000000,111.65,111.92,110.47,110.77,2718656,0
DASH.US,D,20190402,000000,110.97,111.45,108.69,109.35,4252250,0
DASH.US,D,20190403,000000,109.35,109.92,109.28,109.80,2478116,0
DASH.US,D,20190404,000000,109.60,109.73,109.08,109.20,4114228,0
DASH.US,D,20190405,000000,109.23,109.78,109.04,109.65,4020287,0
DASH.US,D,20190408,000000,109.61,109.72,109.28,109.38,1998574,0
DASH.US,D,20190408,000000,109.29,109.41,107.83,108.43,4389875,0
DASH.US,D,20190408,000000,108.49,108.85,105.40,106.98,3828163,0
DASH.US,D,20190409,000000,107.42,107.77,107.16,107.68,2511267,0
DASH.US,D,20190410,000000,107.87,107.91,107.14,107.63,4325052,0
DASH.US,D,20190411,000000,107.70,107.83,107.68,107.81,4189745,0
DASH.US,D,20190412,000000,107.31,107.81,107.13,107.79,4078677,0
DASH.US,D,20190415,000000,108.13,108.27,108.05,108.26,4454552,0
DASH.US,D,20190415,000000,108.32,108.80,108.14,108.69,3756690,0
DASH.US,D,20190415,000000,108.87,109.20,107.54,107.57,2839106,0
DASH.US,D,20190416,000000,107.92,108.03,105.57,105.57,3265569,0
DASH.US,D,20190417,000000,105.35,105.52,103.59,104.10,4194715,0
DASH.US,D,20190418,000000,103.29,105.45,103.06,105.04,3088395,0
DASH.US,D,20190419,000000,104.67,105.84,100.68,101.98,1992430,0
DASH.US,D,20190422,000000,102.03,105.41,101.68,104.35,2800754,0
DASH.US,D,20190422,000000,103.95,105.60,103.13,105.43,4285665,0
DASH.US,D,20190422,000000,104.88,105.10,103.62,103.82,1613508,0
DASH.US,D,20190423,000000,104.44,105.99,102.37,102.42,2947097,0
DASH.US,D,20190424,000000,103.74,104.04,101.28,101.54,2433627,0
DASH.US,D,20190425,000000,103.24,113.66,103.11,109.09,3016486,0
DASH.US,D,20190426,000000,111.53,111.71,110.92,110.92,2174607,0
DASH.US,D,20190429,000000,109.37,118.40,108.66,117.04,3483453,0
DASH.US,D,20190429,000000,119.76,126.03,118.28,125.07,2610785,0
DASH.US,D,20190429,000000,122.79,129.09,120.91,128.16,3696510,0
DASH.US,D,20190430,000000,127.14,137.13,127.10,135.14,3167266,0
DASH.US,D,20190501,000000,134.13,138.43,133.28,137.43,2405845,0
DASH.US,D,20190502,000000,137.38,137.59,132.16,134.09,3392578,0
DASH.US,D,20190503,000000,132.59,132.75,125.69,126.28,3867702,0
DASH.US,D,20190506,000000,125.43,133.57,122.74,132.76,3652116,0
DASH.US,D,20190506,000000,133.85,136.01,120.00,126.20,2703000,0
DASH.US,D,20190506,000000,124.02,129.22,123.45,127.93,3321292,0
DASH.US,D,20190507,000000,127.26,132.92,126.54,129.96,1844104,0
DASH.US,D,20190508,000000,127.93,137.17,126.62,133.68,3249373,0
DASH.US,D,20190509,000000,132.99,134.47,132.90,134.15,2819434,0
DASH.US,D,20190510,000000,132.05,142.33,131.70,138.99,3706603,0
DASH.US,D,20190513,000000,138.42,139.00,138.40,138.86,2256888,0
DASH.US,D,20190513,000000,138.81,139.71,136.05,137.18,4247802,0
DASH.US,D,20190513,000000,137.03,143.94,133.94,141.95,4341087,0
DASH.US,D,20190514,000000,137.39,138.62,122.40,128.29,2721382,0
DASH.US,D,20190515,000000,128.13,130.73,122.66,123.26,3700967,0
DASH.US,D,20190516,000000,125.20,134.81,124.39,132.53,4241056,0
DASH.US,D,20190517,000000,130.78,131.05,112.04,116.70,1865668,0
DASH.US,D,20190520,000000,114.92,117.18,105.12,105.47,1939617,0
DASH.US,D,20190520,000000,108.75,112.37,108.32,110.91,4055830,0
DASH.US,D,20190520,000000,111.22,111.90,110.87,111.46,2935097,0
DASH.US,D,20190521,000000,114.46,119.62,95.71,100.28,4425471,0
DASH.US,D,20190522,000000,101.73,108.21,101.56,106.53,4299817,0
DASH.US,D,20190523,000000,107.68,108.02,93.67,98.14,2756614,0
DASH.US,D,20190524,000000,99.54,100.24,95.26,96.23,1710776,0
DASH.US,D,20190527,000000,96.32,110.96,95.68,108.95,2755981,0
DASH.US,D,20190527,000000,108.11,114.65,107.89,112.83,2654240,0
DASH.US,D,20190527,000000,114.30,116.05,108.34,109.19,1855945,0
DASH.US,D,20190528,000000,105.91,110.65,104.88,109.52,3596363,0
DASH.US,D,20190529,000000,109.37,110.65,101.48,104.20,4370161,0
DASH.US,D,20190530,000000,104.95,107.08,91.70,93.79,1977871,0
DASH.US,D,20190531,000000,93.81,95.31,91.21,92.24,4271330,0
DASH.US,D,20190603,000000,90.02,90.36,85.26,85.38,4425694,0
DASH.US,D,20190603,000000,86.83,87.86,86.55,87.68,1822050,0
DASH.US,D,20190603,000000,88.43,90.03,83.03,83.78,3697506,0
DASH.US,D,20190604,000000,83.47,88.85,82.28,85.85,3670473,0
DASH.US,D,20190605,000000,87.72,88.49,79.57,79.87,1853747,0
DASH.US,D,20190606,000000,81.16,82.10,81.03,81.70,3582565,0
DASH.US,D,20190607,000000,81.71,82.29,76.67,79.45,3010193,0
DASH.US,D,20190610,000000,79.43,79.71,70.78,73.13,2036325,0
DASH.US,D,20190610,000000,75.73,77.48,75.59,77.10,1515935,0
DASH.US,D,20190610,000000,75.53,82.47,74.90,80.30,4074943,0
DASH.US,D,20190611,000000,80.66,82.08,74.02,78.67,3494426,0
DASH.US,D,20190612,000000,79.79,79.86,77.46,78.05,3039518,0
DASH.US,D,20190613,000000,77.84,83.12,76.25,82.98,2090352,0
DASH.US,D,20190614,000000,84.96,85.55,84.71,84.75,3629883,0
DASH.US,D,20190617,000000,85.53,90.10,84.84,89.96,3702881,0
DASH.US,D,20190617,000000,88.26,106.19,88.07,100.45,4174793,0
DASH.US,D,20190617,000000,101.53,102.69,100.87,102.37,1923239,0
DASH.US,D,20190618,000000,103.20,109.76,101.52,108.63,1986657,0
DASH.US,D,20190619,000000,109.02,111.08,97.32,101.31,3279528,0
DASH.US,D,20190620,000000,103.62,105.88,95.87,98.44,1735321,0
DASH.US,D,20190621,000000,100.34,100.84,98.22,98.93,4336088,0
DASH.US,D,20190624,000000,98.95,106.82,98.51,101.75,3665657,0
DASH.US,D,20190624,000000,103.40,105.76,102.75,104.73,4258141,0
DASH.US,D,20190624,000000,102.98,104.39,102.12,103.46,2864396,0
DASH.US,D,20190625,000000,102.17,104.25,97.55,97.85,1889323,0
DASH.US,D,20190626,000000,97.28,100.34,95.40,99.45,2805786,0
DASH.US,D,20190627,000000,97.88,111.62,94.73,106.05,2657443,0
DASH.US,D,20190628,000000,106.23,106.59,106.07,106.48,2103151,0
DASH.US,D,20190701,000000,104.17,110.80,103.21,109.71,3630982,0
DASH.US,D,20190701,000000,109.88,110.23,109.36,109.75,3382763,0
DASH.US,D,20190701,000000,112.01,112.49,109.31,109.83,3731749,0
DASH.US,D,20190702,000000,109.13,109.61,108.65,109.50,4453497,0
DASH.US,D,20190703,000000,109.72,109.74,107.82,108.49,3506892,0
DASH.US,D,20190704,000000,108.92,110.56,108.23,110.34,4205065,0
DASH.US,D,20190705,000000,112.90,112.91,109.91,110.53,4233431,0
DASH.US,D,20190708,000000,110.68,115.55,99.32,102.60,3297042,0
DASH.US,D,20190708,000000,103.64,104.27,99.54,101.57,3341003,0
DASH.US,D,20190708,000000,101.51,102.95,95.04,96.55,2841581,0
DASH.US,D,20190709,000000,96.40,96.57,76.25,84.76,2197535,0
DASH.US,D,20190710,000000,82.85,83.82,79.47,79.93,3720686,0
DASH.US,D,20190711,000000,82.10,82.47,81.77,82.01,2530969,0
DASH.US,D,20190712,000000,84.65,85.71,76.69,80.13,3579117,0
DASH.US,D,20190715,000000,80.92,81.90,72.06,72.17,2196884,0
DASH.US,D,20190715,000000,72.42,72.79,56.70,59.85,2023769,0
DASH.US,D,20190715,000000,59.19,60.31,59.17,59.96,1633122,0
DASH.US,D,20190716,000000,61.65,62.97,58.01,59.38,1617090,0
DASH.US,D,20190717,000000,59.96,62.60,58.99,61.43,2805143,0
DASH.US,D,20190718,000000,61.21,61.91,57.00,57.75,3666277,0
DASH.US,D,20190719,000000,57.47,58.34,56.61,57.37,2010357,0
DASH.US,D,20190722,000000,57.21,60.51,46.17,50.63,1565819,0
DASH.US,D,20190722,000000,49.76,50.35,49.51,49.90,2102552,0
DASH.US,D,20190722,000000,49.95,50.97,49.60,50.95,2722190,0
DASH.US,D,20190723,000000,51.37,51.48,49.49,49.59,2168846,0
DASH.US,D,20190724,000000,50.11,50.69,45.51,47.33,2026146,0
DASH.US,D,20190725,000000,48.28,50.48,44.73,45.10,2302534,0
DASH.US,D,20190726,000000,45.68,46.21,43.43,43.68,1649575,0
DASH.US,D,20190729,000000,42.99,46.48,42.65,45.30,2866682,0
DASH.US,D,20190729,000000,44.40,45.39,44.10,45.27,2633860,0
DASH.US,D,20190729,000000,45.54,46.01,45.47,45.89,2340267,0
DASH.US,D,20190730,000000,46.81,48.86,45.04,48.47,4388384,0
DASH.US,D,20190731,000000,47.45,47.59,44.81,45.29,4416276,0
DASH.US,D,20190801,000000,45.84,47.61,45.18,46.96,4145514,0
DASH.US,D,20190802,000000,47.11,47.62,44.87,45.43,2950745,0
DASH.US,D,20190805,000000,44.41,45.86,44.05,45.13,3386778,0
DASH.US,D,20190805,000000,45.17,48.55,44.73,47.41,3685888,0
DASH.US,D,20190805,000000,47.68,47.71,47.30,47.34,2529154,0
DASH.US,D,20190806,000000,47.81,48.66,47.67,48.33,3432919,0
DASH.US,D,20190807,000000,48.01,49.44,47.26,49.10,3646525,0
DASH.US,D,20190808,000000,50.04,52.27,49.34,51.63,2370386,0
DASH.US,D,20190809,000000,51.83,51.83,46.67,47.77,2992168,0
DASH.US,D,20190812,000000,47.83,48.42,47.82,48.39,1890619,0
DASH.US,D,20190812,000000,48.78,48.91,43.68,44.31,4293682,0
DASH.US,D,20190812,000000,43.37,45.42,43.06,45.10,3655195,0
DASH.US,D,20190813,000000,45.16,47.82,44.84,47.22,3339934,0
DASH.US,D,20190814,000000,47.73,47.92,43.38,44.84,3171029,0
DASH.US,D,20190815,000000,44.57,44.61,43.68,44.23,2532824,0
DASH.US,D,20190816,000000,44.69,44.74,44.65,44.65,4264032,0
DASH.US,D,20190819,000000,42.95,50.03,42.26,47.29,3638748,0
DASH.US,D,20190819,000000,46.98,48.15,46.66,48.14,3421952,0
DASH.US,D,20190819,000000,47.71,52.18,46.62,50.92,4396426,0
DASH.US,D,20190820,000000,51.68,52.12,48.79,49.62,4366826,0
DASH.US,D,20190821,000000,49.45,50.42,44.53,46.69,2364209,0
DASH.US,D,20190822,000000,46.82,48.05,46.72,47.54,3492702,0
DASH.US,D,20190823,000000,47.36,49.47,47.23,49.15,3535000,0
DASH.US,D,20190826,000000,49.72,52.55,49.66,51.91,2603311,0
DASH.US,D,20190826,000000,52.55,57.45,51.38,56.43,2201648,0
DASH.US,D,20190826,000000,57.48,58.36,49.05,52.13,4290444,0
DASH.US,D,20190827,000000,52.63,52.64,50.98,51.70,3996791,0
DASH.US,D,20190828,000000,51.40,51.77,49.86,50.46,4012872,0
DASH.US,D,20190829,000000,51.60,52.01,48.66,49.99,1848657,0
DASH.US,D,20190830,000000,49.72,49.73,46.86,48.16,2408091,0
DASH.US,D,20190902,000000,47.89,50.00,47.38,49.32,2490467,0
DASH.US,D,20190902,000000,49.13,50.35,43.97,44.02,3469058,0
DASH.US,D,20190902,000000,43.31,44.65,43.09,44.32,2633486,0
DASH.US,D,20190903,000000,45.04,45.21,42.26,42.48,2406595,0
DASH.US,D,20190904,000000,42.37,42.71,41.39,41.69,3664960,0
DASH.US,D,20190905,000000,41.96,44.29,41.83,43.25,4128720,0
DASH.US,D,20190906,000000,43.48,43.54,42.63,43.00,3978423,0
DASH.US,D,20190909,000000,42.91,43.10,40.81,41.47,1750205,0
DASH.US,D,20190909,000000,41.47,42.72,41.12,42.07,2765128,0
DASH.US,D,20190909,000000,41.83,44.83,41.44,44.78,3176699,0
DASH.US,D,20190910,000000,44.29,44.31,42.67,43.39,1663629,0
DASH.US,D,20190911,000000,44.53,45.56,44.27,45.30,4143683,0
DASH.US,D,20190912,000000,45.92,45.97,45.44,45.66,2470551,0
DASH.US,D,20190913,000000,46.03,46.22,44.25,44.46,2280101,0
DASH.US,D,20190916,000000,43.98,48.75,43.87,46.68,4194539,0
DASH.US,D,20190916,000000,46.79,47.42,44.23,44.69,3761317,0
DASH.US,D,20190916,000000,43.81,47.11,43.61,46.25,2392311,0
DASH.US,D,20190917,000000,46.08,46.20,46.07,46.15,3423511,0
DASH.US,D,20190918,000000,46.42,50.37,45.65,49.42,2459066,0
DASH.US,D,20190919,000000,49.78,50.27,44.99,46.51,2797919,0
DASH.US,D,20190920,000000,46.91,49.45,45.96,49.39,3320781,0
DASH.US,D,20190923,000000,48.90,49.08,46.34,46.78,1664870,0
DASH.US,D,20190923,000000,46.12,51.08,45.88,50.91,3792378,0
DASH.US,D,20190923,000000,51.85,52.61,48.70,48.76,1558365,0
DASH.US,D,20190924,000000,50.03,50.40,40.39,44.94,1911452,0
DASH.US,D,20190925,000000,44.52,44.97,44.45,44.60,2694807,0
DASH.US,D,20190926,000000,44.78,47.45,43.86,47.30,1830615,0
DASH.US,D,20190927,000000,47.19,48.02,47.00,47.44,1705498,0
DASH.US,D,20190930,000000,46.29,46.58,44.94,45.54,3010775,0
DASH.US,D,20190930,000000,46.17,46.93,40.94,42.32,3915352,0
DASH.US,D,20190930,000000,43.05,44.12,39.41,40.96,1507324,0
DASH.US,D,20191001,000000,41.66,42.14,38.22,39.68,2955357,0
DASH.US,D,20191002,000000,39.72,43.61,38.93,41.55,2575319,0
DASH.US,D,20191003,000000,40.95,41.74,40.87,41.67,3511496,0
DASH.US,D,20191004,000000,41.29,43.98,40.53,43.85,3288925,0
DASH.US,D,20191007,000000,43.08,44.66,36.39,37.94,3944914,0
DASH.US,D,20191007,000000,39.02,39.04,35.97,36.80,3776237,0
DASH.US,D,20191007,000000,36.49,37.59,36.14,37.21,3872705,0
DASH.US,D,20191008,000000,37.24,37.78,31.46,33.85,3570855,0
DASH.US,D,20191009,000000,34.13,35.14,34.02,34.75,4106794,0
DASH.US,D,20191010,000000,34.43,36.69,33.96,36.45,2762772,0
DASH.US,D,20191011,000000,36.88,37.52,33.44,35.06,2816365,0
DASH.US,D,20191014,000000,35.26,39.49,34.52,38.81,2017068,0
DASH.US,D,20191014,000000,38.50,39.45,38.44,39.43,1556390,0
DASH.US,D,20191014,000000,39.69,39.81,33.60,34.53,4442430,0
DASH.US,D,20191015,000000,34.72,34.80,34.43,34.64,3766282,0
DASH.US,D,20191016,000000,33.92,34.03,32.81,33.26,2480680,0
DASH.US,D,20191017,000000,33.28,34.89,33.03,34.46,4185043,0
DASH.US,D,20191018,000000,34.81,36.97,34.62,36.61,2176770,0
DASH.US,D,20191021,000000,36.00,36.66,32.94,34.14,2800274,0
DASH.US,D,20191021,000000,35.26,37.59,35.07,37.06,2223768,0
DASH.US,D,20191021,000000,37.62,47.41,36.06,43.66,2532264,0
DASH.US,D,20191022,000000,43.83,44.21,41.60,41.84,2123589,0
DASH.US,D,20191023,000000,42.59,44.70,42.53,44.50,4333829,0
DASH.US,D,20191024,000000,44.47,44.71,43.71,44.13,4262573,0
DASH.US,D,20191025,000000,45.76,45.79,45.71,45.74,1825794,0
DASH.US,D,20191028,000000,46.06,54.09,44.64,50.94,3883941,0
DASH.US,D,20191028,000000,52.23,52.39,48.47,48.94,4043905,0
DASH.US,D,20191028,000000,48.72,48.82,39.47,40.60,2263390,0
DASH.US,D,20191029,000000,39.24,50.74,36.78,47.37,4015357,0
DASH.US,D,20191030,000000,49.05,49.21,42.56,43.26,2214833,0
DASH.US,D,20191031,000000,43.72,44.45,35.43,38.32,3857232,0
DASH.US,D,20191101,000000,38.16,42.32,36.89,41.24,4146218,0
DASH.US,D,20191104,000000,39.62,42.39,39.02,42.25,2629583,0
DASH.US,D,20191104,000000,42.65,44.26,41.93,43.91,2237938,0
DASH.US,D,20191104,000000,43.47,43.59,43.11,43.17,4308202,0
DASH.US,D,20191105,000000,43.33,44.02,33.02,34.57,3549743,0
DASH.US,D,20191106,000000,33.93,34.28,33.84,34.05,2704739,0
DASH.US,D,20191107,000000,33.75,35.58,33.47,34.73,1694067,0
DASH.US,D,20191108,000000,35.46,35.85,35.24,35.31,2251713,0
DASH.US,D,20191111,000000,35.93,36.08,32.83,32.85,3132568,0
DASH.US,D,20191111,000000,33.17,36.84,32.75,36.23,4284255,0
DASH.US,D,20191111,000000,36.41,36.44,35.14,35.28,2921775,0
DASH.US,D,20191112,000000,35.25,35.34,34.19,34.68,1906471,0
DASH.US,D,20191113,000000,34.72,36.86,33.53,36.78,3493283,0
DASH.US,D,20191114,000000,37.19,37.80,35.89,36.39,3597455,0
DASH.US,D,20191115,000000,36.38,36.42,28.41,30.64,3037167,0
DASH.US,D,20191118,000000,29.27,32.57,28.42,31.66,2147793,0
DASH.US,D,20191118,000000,32.90,35.01,32.88,33.72,2296523,0
DASH.US,D,20191118,000000,32.68,33.67,29.06,29.17,4043193,0
DASH.US,D,20191119,000000,28.87,30.40,28.82,30.07,3907168,0
DASH.US,D,20191120,000000,30.67,30.88,26.03,27.21,2144283,0
DASH.US,D,20191121,000000,27.22,28.68,27.09,28.50,3709857,0
DASH.US,D,20191122,000000,28.17,32.25,26.96,31.36,4180201,0
DASH.US,D,20191125,000000,32.77,33.25,28.19,30.54,4308117,0
DASH.US,D,20191125,000000,30.30,31.56,30.14,30.63,3349675,0
DASH.US,D,20191125,000000,29.99,30.86,29.91,30.42,3882903,0
DASH.US,D,20191126,000000,31.28,33.21,31.22,32.46,3865106,0
DASH.US,D,20191127,000000,33.09,33.16,31.66,31.74,2477349,0
DASH.US,D,20191128,000000,31.76,35.31,31.12,35.04,3242030,0
DASH.US,D,20191129,000000,33.88,35.18,33.65,34.89,3994451,0
DASH.US,D,20191202,000000,35.11,36.92,30.75,31.81,2766824,0
DASH.US,D,20191202,000000,30.55,31.47,29.05,29.08,4082200,0
DASH.US,D,20191202,000000,28.33,31.05,27.31,30.70,2134155,0
DASH.US,D,20191203,000000,31.04,31.29,31.03,31.25,1636164,0
DASH.US,D,20191204,000000,32.23,32.79,32.09,32.64,3048321,0
DASH.US,D,20191205,000000,33.00,33.19,32.71,32.87,4368833,0
DASH.US,D,20191206,000000,32.01,38.70,30.56,37.49,2752271,0
DASH.US,D,20191209,000000,37.02,41.16,35.70,40.30,3710102,0
DASH.US,D,20191209,000000,41.72,42.03,32.29,35.86,2390598,0
DASH.US,D,20191209,000000,34.47,41.71,34.37,39.28,3495748,0
DASH.US,D,20191210,000000,39.64,44.67,38.33,43.65,2259134,0
DASH.US,D,20191211,000000,44.10,48.73,43.23,48.65,2929445,0
DASH.US,D,20191212,000000,48.69,49.20,48.61,49.07,2264618,0
DASH.US,D,20191213,000000,49.68,52.22,49.23,50.89,2193908,0
DASH.US,D,20191216,000000,51.22,68.76,50.24,61.43,3344726,0
DASH.US,D,20191216,000000,61.58,63.38,58.23,58.35,3158179,0
DASH.US,D,20191216,000000,56.54,56.74,55.61,56.35,4229033,0
DASH.US,D,20191217,000000,57.12,59.29,56.25,58.54,1660859,0
DASH.US,D,20191218,000000,58.26,58.28,57.97,57.99,2095231,0
DASH.US,D,20191219,000000,57.99,60.61,55.51,58.16,3695962,0
DASH.US,D,20191220,000000,58.29,58.87,57.35,57.89,2477798,0
DASH.US,D,20191223,000000,58.87,59.81,58.68,59.71,3931383,0
DASH.US,D,20191223,000000,61.67,63.42,54.34,54.66,2879156,0
DASH.US,D,20191223,000000,54.52,56.32,54.52,55.94,4205449,0
DASH.US,D,20191224,000000,55.78,56.75,54.02,54.37,2235076,0
DASH.US,D,20191225,000000,54.14,55.11,54.02,54.65,2980036,0
DASH.US,D,20191226,000000,56.34,56.86,51.20,52.46,3719177,0
DASH.US,D,20191227,000000,50.93,50.99,50.38,50.44,2727765,0
DASH.US,D,20191230,000000,50.02,51.89,49.00,51.48,1629743,0
DASH.US,D,20191230,000000,51.01,55.46,50.28,54.41,2664544,0
DASH.US,D,20191230,000000,54.75,55.27,51.87,52.21,3576407,0
DASH.US,D,20191231,000000,52.62,53.55,49.30,50.92,4061038,0
DASH.US,D,20200101,000000,49.39,49.64,48.05,48.37,2190701,0
DASH.US,D,20200102,000000,45.79,47.53,43.10,43.42,3739766,0
DASH.US,D,20200103,000000,43.98,44.20,38.99,41.72,3646887,0
DASH.US,D,20200106,000000,40.79,41.39,38.48,38.57,4477085,0
DASH.US,D,20200106,000000,38.79,43.03,38.58,40.88,3998122,0
DASH.US,D,20200106,000000,40.49,42.12,32.83,34.92,4147871,0
DASH.US,D,20200107,000000,33.92,38.93,33.41,38.29,3036472,0
DASH.US,D,20200108,000000,37.06,38.17,36.82,37.83,3488204,0
DASH.US,D,20200109,000000,37.18,39.71,36.74,39.10,3805698,0
DASH.US,D,20200110,000000,39.19,39.79,37.06,37.79,3029786,0
DASH.US,D,20200113,000000,37.77,37.88,35.15,35.39,3875314,0
DASH.US,D,20200113,000000,36.35,37.14,31.34,32.97,1879323,0
DASH.US,D,20200113,000000,32.24,32.46,27.71,27.90,3015665,0
DASH.US,D,20200114,000000,29.46,29.99,25.43,27.18,3876205,0
DASH.US,D,20200115,000000,27.44,28.97,26.98,28.70,4295266,0
DASH.US,D,20200116,000000,28.56,30.64,28.16,30.35,2785008,0
DASH.US,D,20200117,000000,30.45,30.98,30.26,30.86,2207696,0
DASH.US,D,20200120,000000,31.75,34.98,31.24,34.02,1523241,0
DASH.US,D,20200120,000000,34.85,35.61,34.74,35.56,2659732,0
DASH.US,D,20200120,000000,33.81,37.47,33.19,37.09,4322833,0
DASH.US,D,20200121,000000,36.21,36.33,35.77,36.10,1774334,0
DASH.US,D,20200122,000000,35.68,38.93,35.60,37.68,2332721,0
DASH.US,D,20200123,000000,37.51,38.62,35.24,35.59,3406644,0
DASH.US,D,20200124,000000,36.68,37.26,29.13,31.67,2433786,0
DASH.US,D,20200127,000000,32.00,33.84,31.72,33.36,2453344,0
DASH.US,D,20200127,000000,33.83,34.24,32.07,32.90,2614400,0
DASH.US,D,20200127,000000,33.51,33.93,27.11,29.08,3535118,0
DASH.US,D,20200128,000000,28.76,31.33,28.69,30.59,2040568,0
DASH.US,D,20200129,000000,30.27,33.20,29.50,31.89,1794381,0
DASH.US,D,20200130,000000,31.43,36.20,29.16,35.51,4400021,0
DASH.US,D,20200131,000000,36.31,37.16,34.52,34.95,2559255,0
DASH.US,D,20200203,000000,34.73,40.22,34.23,39.58,3224340,0
DASH.US,D,20200203,000000,39.62,42.25,38.69,41.98,3963213,0
DASH.US,D,20200203,000000,43.08,43.34,41.15,42.11,2195094,0
DASH.US,D,20200204,000000,40.57,45.45,40.43,44.02,1620716,0
DASH.US,D,20200205,000000,43.23,48.53,40.38,47.09,1866764,0
DASH.US,D,20200206,000000,47.47,49.45,39.95,42.23,3748103,0
DASH.US,D,20200207,000000,43.58,44.14,43.44,44.05,1696810,0
DASH.US,D,20200210,000000,43.00,47.05,42.89,45.73,4081987,0
DASH.US,D,20200210,000000,45.25,58.12,40.56,56.76,3345853,0
DASH.US,D,20200210,000000,58.48,58.84,56.96,57.26,3987352,0
DASH.US,D,20200211,000000,57.26,57.68,47.21,47.82,2854413,0
DASH.US,D,20200212,000000,49.66,49.73,48.94,49.12,3800985,0
DASH.US,D,20200213,000000,48.97,48.97,43.12,45.02,1753296,0
DASH.US,D,20200214,000000,43.62,48.58,42.77,48.34,3095853,0
DASH.US,D,20200217,000000,48.48,48.58,43.23,43.45,3910589,0
DASH.US,D,20200217,000000,41.32,41.44,38.83,39.75,2292322,0
DASH.US,D,20200217,000000,37.78,44.46,37.72,42.47,2823494,0
DASH.US,D,20200218,000000,41.94,45.55,41.17,44.71,1909370,0
DASH.US,D,20200219,000000,44.87,44.95,44.26,44.82,3450042,0
DASH.US,D,20200220,000000,46.73,46.94,46.38,46.67,2712819,0
DASH.US,D,20200221,000000,48.15,48.43,46.74,47.27,3581527,0
DASH.US,D,20200224,000000,48.13,49.08,39.30,41.44,1859820,0
DASH.US,D,20200224,000000,42.71,43.80,29.94,35.98,3212586,0
DASH.US,D,20200224,000000,35.08,44.21,34.73,40.61,2165070,0
DASH.US,D,20200225,000000,39.20,39.68,38.07,39.05,3642391,0
DASH.US,D,20200226,000000,39.45,39.62,35.16,36.47,2620994,0
DASH.US,D,20200227,000000,35.62,41.13,34.44,38.69,1540669,0
DASH.US,D,20200228,000000,37.03,42.56,37.01,41.49,2938477,0
DASH.US,D,20200302,000000,40.62,40.64,40.33,40.62,3461276,0
DASH.US,D,20200302,000000,39.86,41.45,39.83,41.24,1776559,0
DASH.US,D,20200302,000000,41.23,41.72,37.02,38.81,4335272,0
DASH.US,D,20200303,000000,40.94,41.33,35.15,36.69,3390983,0
DASH.US,D,20200304,000000,35.86,36.65,31.61,32.27,3067331,0
DASH.US,D,20200305,000000,31.95,35.61,31.34,34.79,1649758,0
DASH.US,D,20200306,000000,34.70,40.72,34.45,38.87,4377334,0
DASH.US,D,20200309,000000,38.35,39.16,37.73,38.73,1660457,0
DASH.US,D,20200309,000000,37.54,41.47,35.39,40.52,2808340,0
DASH.US,D,20200309,000000,40.23,40.93,37.78,38.33,3464750,0
DASH.US,D,20200310,000000,37.13,43.80,36.38,42.89,4280926,0
DASH.US,D,20200311,000000,44.81,45.63,41.42,41.50,3223468,0
DASH.US,D,20200312,000000,42.46,42.55,38.23,39.73,3373066,0
DASH.US,D,20200313,000000,39.31,39.49,39.26,39.46,3611076,0
DASH.US,D,20200316,000000,37.61,41.43,37.58,40.41,3010090,0
DASH.US,D,20200316,000000,41.19,41.34,39.87,40.17,2000955,0
DASH.US,D,20200316,000000,40.45,44.44,39.80,43.91,2410768,0
DASH.US,D,20200317,000000,44.47,46.12,43.79,45.96,3648775,0
DASH.US,D,20200318,000000,45.13,46.14,45.03,45.74,2102587,0
DASH.US,D,20200319,000000,45.96,55.38,45.27,51.19,3155112,0
DASH.US,D,20200320,000000,51.19,53.81,49.43,49.90,5914453,0
DASH.US,D,20200323,000000,49.85,50.97,44.41,47.07,4010542,0
DASH.US,D,20200323,000000,46.18,46.29,45.88,45.88,11163210,0
DASH.US,D,20200323,000000,44.77,44.88,43.70,43.81,8685700,0
DASH.US,D,20200324,000000,44.75,46.46,41.42,41.77,15433486,0
DASH.US,D,20200325,000000,41.52,42.09,38.89,39.74,13131371,0
DASH.US,D,20200326,000000,39.39,40.60,36.14,37.63,10404822,0
DASH.US,D,20200327,000000,37.62,37.70,33.74,35.30,17861495,0
DASH.US,D,20200330,000000,35.50,38.13,35.20,37.52,3220307,0
DASH.US,D,20200330,000000,37.05,37.70,36.96,37.69,1692879,0
DASH.US,D,20200330,000000,37.33,37.57,33.96,35.70,3045306,0
DASH.US,D,20200331,000000,36.12,36.29,32.97,33.64,2964750,0
DASH.US,D,20200401,000000,33.18,33.35,31.57,32.55,1799098,0
DASH.US,D,20200402,000000,33.48,33.74,31.93,32.23,3457797,0
DASH.US,D,20200403,000000,33.20,33.24,30.67,31.30,1536197,0
DASH.US,D,20200406,000000,30.61,34.24,29.45,32.75,3911691,0
DASH.US,D,20200406,000000,32.78,34.48,32.22,33.93,2380514,0
DASH.US,D,20200406,000000,33.97,34.57,33.93,34.35,1738626,0
DASH.US,D,20200407,000000,35.11,35.24,34.00,34.55,2200910,0
DASH.US,D,20200408,000000,33.91,36.02,33.85,35.58,1871214,0
DASH.US,D,20200409,000000,36.60,36.91,36.57,36.73,1539996,0
DASH.US,D,20200410,000000,37.19,38.73,36.95,38.45,2632306,0
DASH.US,D,20200413,000000,38.23,38.34,36.44,37.17,2899798,0
DASH.US,D,20200413,000000,36.44,39.47,35.88,39.01,3264048,0
DASH.US,D,20200413,000000,38.15,44.97,36.35,43.77,3981126,0
DASH.US,D,20200414,000000,43.31,44.40,38.48,39.80,3478357,0
DASH.US,D,20200415,000000,40.09,40.21,35.80,37.09,4276648,0
DASH.US,D,20200416,000000,36.43,40.29,35.83,39.85,2986729,0
DASH.US,D,20200417,000000,41.00,41.25,39.96,40.21,3742225,0
DASH.US,D,20200420,000000,41.07,42.21,40.60,42.09,4465810,0
DASH.US,D,20200420,000000,42.72,43.71,34.31,37.64,3139736,0
DASH.US,D,20200420,000000,38.18,39.67,38.04,38.85,4048099,0
DASH.US,D,20200421,000000,37.90,38.02,37.46,37.52,1704694,0
DASH.US,D,20200422,000000,37.78,37.82,34.82,35.29,1867633,0
DASH.US,D,20200423,000000,35.27,35.57,30.89,31.57,4407092,0
DASH.US,D,20200424,000000,32.17,34.91,32.14,34.57,3171997,0
DASH.US,D,20200427,000000,33.93,42.70,33.85,39.69,2738902,0
DASH.US,D,20200427,000000,39.54,40.25,39.44,40.19,3054934,0
DASH.US,D,20200427,000000,39.58,41.64,39.57,40.51,2774190,0
DASH.US,D,20200428,000000,41.09,41.34,40.26,40.34,4044286,0
DASH.US,D,20200429,000000,40.89,46.99,38.92,46.20,4200937,0
DASH.US,D,20200430,000000,48.30,54.55,46.70,52.93,3861626,0
DASH.US,D,20200501,000000,50.63,52.31,50.46,51.47,4042271,0
DASH.US,D,20200504,000000,53.18,53.28,49.48,50.15,4179384,0
DASH.US,D,20200504,000000,50.88,53.71,50.76,53.08,3011656,0
DASH.US,D,20200504,000000,53.08,63.67,51.28,60.37,3366366,0
DASH.US,D,20200505,000000,59.59,60.02,59.08,59.13,2810490,0
DASH.US,D,20200506,000000,60.82,60.92,56.44,57.53,3621681,0
DASH.US,D,20200507,000000,57.62,57.66,56.64,56.84,2722156,0
DASH.US,D,20200508,000000,55.70,57.86,55.26,57.79,1575014,0
DASH.US,D,20200511,000000,57.76,57.77,55.85,56.37,3804336,0
DASH.US,D,20200511,000000,57.84,59.43,57.05,58.65,1600148,0
DASH.US,D,20200511,000000,58.04,58.22,54.99,55.69,2199183,0
DASH.US,D,20200512,000000,54.98,55.38,51.01,53.18,3024626,0
DASH.US,D,20200513,000000,53.60,54.44,46.68,47.27,3494372,0
DASH.US,D,20200514,000000,46.43,53.54,45.42,51.04,3726991,0
DASH.US,D,20200515,000000,49.58,52.46,49.03,52.13,2613772,0
DASH.US,D,20200518,000000,52.06,52.95,51.55,52.66,3391051,0
DASH.US,D,20200518,000000,52.60,67.78,50.10,60.28,2638524,0
DASH.US,D,20200518,000000,60.18,69.97,59.79,68.36,4176854,0
DASH.US,D,20200519,000000,68.29,68.89,60.09,64.80,2523752,0
DASH.US,D,20200520,000000,65.87,74.62,65.46,72.12,3643078,0
DASH.US,D,20200521,000000,74.47,82.67,71.56,80.69,3882542,0
DASH.US,D,20200522,000000,81.59,85.17,79.99,83.21,2782261,0
DASH.US,D,20200525,000000,82.14,90.13,78.28,88.98,3323969,0
DASH.US,D,20200525,000000,90.30,94.62,89.02,92.38,4303086,0
DASH.US,D,20200525,000000,90.22,95.73,89.63,95.52,3411948,0
DASH.US,D,20200526,000000,100.01,101.18,93.63,94.48,3889352,0
DASH.US,D,20200527,000000,94.34,100.27,93.72,99.18,3299068,0
DASH.US,D,20200528,000000,96.01,97.27,92.79,93.75,1732588,0
DASH.US,D,20200529,000000,93.35,98.95,92.96,96.08,3130836,0
DASH.US,D,20200601,000000,97.60,100.92,97.41,99.70,2552299,0
DASH.US,D,20200601,000000,99.13,99.80,91.23,93.26,2557840,0
DASH.US,D,20200601,000000,95.48,96.91,95.34,96.35,3993565,0
DASH.US,D,20200602,000000,95.28,97.63,94.22,96.63,4433744,0
DASH.US,D,20200603,000000,99.27,100.59,86.00,92.21,3367847,0
DASH.US,D,20200604,000000,91.13,91.43,88.88,89.47,2419449,0
DASH.US,D,20200605,000000,87.30,87.50,86.40,86.80,4075713,0
DASH.US,D,20200608,000000,86.66,86.70,83.33,85.04,4379478,0
DASH.US,D,20200608,000000,84.68,85.06,83.73,83.81,3691620,0
DASH.US,D,20200608,000000,85.45,86.29,84.06,85.99,2606259,0
DASH.US,D,20200609,000000,83.24,88.25,81.75,85.71,3814342,0
DASH.US,D,20200610,000000,83.97,84.88,77.35,77.82,2609381,0
DASH.US,D,20200611,000000,77.80,77.84,77.30,77.39,2957362,0
DASH.US,D,20200612,000000,76.54,83.07,76.16,80.68,3748911,0
DASH.US,D,20200615,000000,82.82,86.67,73.03,74.75,2789802,0
DASH.US,D,20200615,000000,73.93,74.90,73.92,74.52,3932417,0
DASH.US,D,20200615,000000,75.02,76.06,71.09,71.89,4023476,0
DASH.US,D,20200616,000000,70.96,71.17,70.00,70.10,3590810,0
DASH.US,D,20200617,000000,70.62,73.50,70.38,71.94,2885885,0
DASH.US,D,20200618,000000,73.53,76.26,73.46,75.33,2699153,0
DASH.US,D,20200619,000000,74.99,75.06,72.16,72.85,3544526,0
DASH.US,D,20200622,000000,73.80,77.80,73.34,77.22,4359003,0
DASH.US,D,20200622,000000,77.39,81.85,76.12,80.04,3561358,0
DASH.US,D,20200622,000000,79.63,80.73,79.00,80.06,3265756,0
DASH.US,D,20200623,000000,78.85,79.21,77.36,77.63,3548759,0
DASH.US,D,20200624,000000,81.09,86.33,79.85,85.50,4444548,0
DASH.US,D,20200625,000000,85.95,94.40,84.22,90.50,4120566,0
DASH.US,D,20200626,000000,91.11,92.55,83.77,85.92,3578711,0
DASH.US,D,20200629,000000,86.90,87.48,78.44,79.90,2548164,0
DASH.US,D,20200629,000000,80.43,83.11,79.96,82.90,3380878,0
DASH.US,D,20200629,000000,84.07,84.74,77.65,77.74,3519368,0
DASH.US,D,20200630,000000,76.27,78.80,76.00,78.53,4170433,0
DASH.US,D,20200701,000000,77.93,84.11,77.33,81.34,4451370,0
DASH.US,D,20200702,000000,82.92,91.24,82.56,87.49,4250148,0
DASH.US,D,20200703,000000,85.76,89.29,85.25,87.75,2944815,0
DASH.US,D,20200706,000000,85.50,85.96,83.63,83.71,4458717,0
DASH.US,D,20200706,000000,83.32,86.59,83.16,86.12,3590305,0
DASH.US,D,20200706,000000,87.54,90.41,87.29,89.99,3445381,0
DASH.US,D,20200707,000000,90.11,90.25,89.10,89.57,1723964,0
DASH.US,D,20200708,000000,86.84,97.15,86.55,97.14,4387856,0
DASH.US,D,20200709,000000,97.38,98.48,94.86,95.49,2036733,0
DASH.US,D,20200710,000000,95.47,95.67,93.67,93.71,4055187,0
DASH.US,D,20200713,000000,93.37,99.35,93.03,96.74,1779040,0
DASH.US,D,20200713,000000,97.87,97.94,96.22,97.85,2360911,0
DASH.US,D,20200713,000000,99.36,105.16,99.28,102.95,4435092,0
DASH.US,D,20200714,000000,104.09,105.27,96.88,100.37,2886850,0
DASH.US,D,20200715,000000,100.45,111.61,98.36,106.34,2732126,0
DASH.US,D,20200716,000000,106.72,113.82,102.45,109.82,3906205,0
DASH.US,D,20200717,000000,110.35,110.55,109.86,109.94,3581036,0
DASH.US,D,20200720,000000,108.64,122.73,107.13,118.89,2982466,0
DASH.US,D,20200720,000000,117.78,118.94,114.32,115.47,2024953,0
DASH.US,D,20200720,000000,113.10,114.64,105.56,107.16,4062395,0
DASH.US,D,20200721,000000,107.85,109.56,101.97,102.32,3306074,0
DASH.US,D,20200722,000000,103.26,104.09,101.99,102.45,3888678,0
DASH.US,D,20200723,000000,102.22,105.91,102.15,105.56,3209126,0
DASH.US,D,20200724,000000,104.90,119.19,104.47,113.96,2421426,0
DASH.US,D,20200727,000000,115.32,116.54,114.97,116.46,1994370,0
DASH.US,D,20200727,000000,117.18,118.21,110.56,114.65,4325503,0
DASH.US,D,20200727,000000,112.80,119.30,112.36,118.63,4319263,0
DASH.US,D,20200728,000000,119.41,119.58,112.58,115.07,3816413,0
DASH.US,D,20200729,000000,117.06,117.15,116.29,116.42,4411710,0
DASH.US,D,20200730,000000,117.21,118.32,114.87,115.05,4056335,0
DASH.US,D,20200731,000000,117.21,118.43,115.28,116.67,2032612,0
DASH.US,D,20200803,000000,115.38,120.81,114.82,120.58,3822313,0
DASH.US,D,20200803,000000,116.90,117.16,109.71,110.61,3106237,0
DASH.US,D,20200803,000000,111.09,113.51,110.95,113.05,3583534,0
DASH.US,D,20200804,000000,112.94,120.24,110.94,116.70,3381858,0
DASH.US,D,20200805,000000,117.42,122.68,116.77,121.87,1638774,0
DASH.US,D,20200806,000000,125.15,126.32,122.75,122.95,1728128,0
DASH.US,D,20200807,000000,120.89,135.39,119.07,134.60,2111180,0
DASH.US,D,20200810,000000,135.26,136.59,127.34,127.78,2365219,0
DASH.US,D,20200810,000000,128.71,137.98,126.91,136.42,2424463,0
DASH.US,D,20200810,000000,133.44,140.53,132.90,140.04,3834145,0
DASH.US,D,20200811,000000,139.89,160.97,139.32,154.82,4386771,0
DASH.US,D,20200812,000000,156.91,157.42,146.30,147.80,2391819,0
DASH.US,D,20200813,000000,147.88,151.11,147.28,150.77,2697517,0
DASH.US,D,20200814,000000,153.75,155.48,145.33,151.18,3453036,0
DASH.US,D,20200817,000000,152.61,159.07,137.72,141.78,2833974,0
DASH.US,D,20200817,000000,141.69,145.00,141.44,143.91,1545605,0
DASH.US,D,20200817,000000,143.24,144.44,139.99,140.65,4330542,0
DASH.US,D,20200818,000000,139.67,142.28,124.81,128.72,3842446,0
DASH.US,D,20200819,000000,124.54,125.56,124.38,125.24,1565139,0
DASH.US,D,20200820,000000,125.42,131.80,125.26,130.41,4081579,0
DASH.US,D,20200821,000000,132.30,132.40,127.40,127.52,3281264,0
DASH.US,D,20200824,000000,124.68,125.93,120.01,120.45,3683541,0
DASH.US,D,20200824,000000,119.71,120.26,114.02,114.77,2434364,0
DASH.US,D,20200824,000000,112.66,114.55,109.45,109.51,2226765,0
DASH.US,D,20200825,000000,109.66,110.62,106.83,107.70,1649393,0
DASH.US,D,20200826,000000,108.33,108.90,106.63,107.07,2448484,0
DASH.US,D,20200827,000000,106.94,107.39,100.82,102.36,3958156,0
DASH.US,D,20200828,000000,102.45,102.50,102.20,102.26,3209162,0
DASH.US,D,20200831,000000,101.48,106.08,101.29,104.11,1798287,0
DASH.US,D,20200831,000000,104.92,112.82,104.22,110.22,2360152,0
DASH.US,D,20200831,000000,112.25,114.65,101.98,105.26,2725555,0
DASH.US,D,20200901,000000,103.39,103.53,102.09,102.16,3963883,0
DASH.US,D,20200902,000000,103.30,104.32,103.17,104.16,4396995,0
DASH.US,D,20200903,000000,104.94,105.69,104.83,104.97,2317836,0
DASH.US,D,20200904,000000,106.70,107.60,101.77,102.75,2691490,0
DASH.US,D,20200907,000000,102.29,112.96,97.63,108.36,2935971,0
DASH.US,D,20200907,000000,108.28,114.87,106.00,114.20,3754101,0
DASH.US,D,20200907,000000,114.08,120.99,113.09,118.41,4391190,0
DASH.US,D,20200908,000000,118.29,123.66,115.85,120.80,3326287,0
DASH.US,D,20200909,000000,121.28,124.36,120.81,123.99,1544005,0
DASH.US,D,20200910,000000,124.39,125.29,111.42,113.31,2258342,0
DASH.US,D,20200911,000000,115.25,115.79,113.12,113.94,3718697,0
DASH.US,D,20200914,000000,114.52,115.08,110.56,112.46,1657411,0
DASH.US,D,20200914,000000,112.91,119.72,111.06,117.58,3529678,0
DASH.US,D,20200914,000000,116.14,118.14,115.88,117.24,1693635,0
DASH.US,D,20200915,000000,117.76,118.38,117.62,117.79,2872254,0
DASH.US,D,20200916,000000,116.69,118.33,116.54,117.94,4045198,0
DASH.US,D,20200917,000000,116.88,118.93,116.87,118.62,1514183,0
DASH.US,D,20200918,000000,118.19,120.02,117.97,119.58,3921783,0
DASH.US,D,20200921,000000,118.49,118.59,114.18,115.42,2314897,0
DASH.US,D,20200921,000000,115.49,117.48,112.57,114.92,3784827,0
DASH.US,D,20200921,000000,116.22,116.39,113.84,113.97,3565112,0
DASH.US,D,20200922,000000,113.85,119.80,113.73,118.93,2268657,0
DASH.US,D,20200923,000000,118.17,118.37,115.36,116.35,3761590,0
DASH.US,D,20200924,000000,114.89,116.40,113.50,116.01,3597252,0
DASH.US,D,20200925,000000,114.99,115.57,109.10,109.20,2289553,0
DASH.US,D,20200928,000000,108.64,113.88,107.58,110.87,2892111,0
DASH.US,D,20200928,000000,112.17,112.19,108.97,109.42,1647377,0
DASH.US,D,20200928,000000,109.62,110.61,108.04,109.09,3309405,0
DASH.US,D,20200929,000000,109.07,109.41,109.06,109.35,4181628,0
DASH.US,D,20200930,000000,109.30,112.17,108.18,111.66,3595838,0
DASH.US,D,20201001,000000,111.89,112.39,109.04,109.92,2739760,0
DASH.US,D,20201002,000000,110.21,110.50,109.81,110.33,3702219,0
DASH.US,D,20201005,000000,111.32,111.32,109.92,110.08,3164286,0
DASH.US,D,20201005,000000,108.43,114.92,108.37,113.57,3129151,0
DASH.US,D,20201005,000000,114.15,114.47,108.72,109.25,4076784,0
DASH.US,D,20201006,000000,108.64,111.96,107.91,110.83,2127605,0
DASH.US,D,20201007,000000,110.89,112.03,107.96,108.46,1682098,0
DASH.US,D,20201008,000000,109.32,109.63,100.08,103.29,2974036,0
DASH.US,D,20201009,000000,104.69,106.80,104.21,106.36,1531783,0
DASH.US,D,20201012,000000,106.02,106.52,105.04,106.39,3769325,0
DASH.US,D,20201012,000000,107.04,107.32,105.18,105.63,2786638,0
DASH.US,D,20201012,000000,104.95,105.01,103.23,104.09,3455728,0
DASH.US,D,20201013,000000,104.84,109.72,103.84,108.70,2454314,0
DASH.US,D,20201014,000000,108.96,109.09,107.56,108.32,2564930,0
DASH.US,D,20201015,000000,107.44,114.58,105.36,113.57,3999402,0
DASH.US,D,20201016,000000,112.73,113.40,112.60,113.23,2884022,0
DASH.US,D,20201019,000000,111.78,112.21,104.82,106.65,1983509,0
DASH.US,D,20201019,000000,104.94,105.42,100.76,100.90,4075453,0
DASH.US,D,20201019,000000,101.27,107.33,100.19,105.08,3934342,0
DASH.US,D,20201020,000000,106.46,108.79,100.25,101.26,1503387,0
DASH.US,D,20201021,000000,102.21,102.89,98.89,99.91,4286717,0
DASH.US,D,20201022,000000,100.00,110.14,98.29,108.76,1903441,0
DASH.US,D,20201023,000000,108.18,108.95,97.29,100.86,3816554,0
DASH.US,D,20201026,000000,101.04,112.61,100.98,109.98,4387667,0
DASH.US,D,20201026,000000,111.21,111.34,102.34,104.20,2413119,0
DASH.US,D,20201026,000000,103.68,105.98,103.17,105.50,4141729,0
DASH.US,D,20201027,000000,105.03,105.05,101.65,102.48,2424172,0
DASH.US,D,20201028,000000,101.61,108.50,101.01,106.01,3706555,0
DASH.US,D,20201029,000000,109.14,110.09,104.26,105.02,2465322,0
DASH.US,D,20201030,000000,102.86,104.75,97.77,99.29,3892366,0
DASH.US,D,20201102,000000,100.89,101.25,99.38,99.77,1826136,0
DASH.US,D,20201102,000000,96.15,103.49,92.48,102.39,3258243,0
DASH.US,D,20201102,000000,102.71,103.47,96.53,98.60,3549635,0
DASH.US,D,20201103,000000,99.02,99.93,98.67,99.48,3526702,0
DASH.US,D,20201104,000000,98.22,98.71,94.91,95.23,2991368,0
DASH.US,D,20201105,000000,96.51,97.88,91.99,92.75,2114574,0
DASH.US,D,20201106,000000,92.30,96.58,90.63,95.68,2327158,0
DASH.US,D,20201109,000000,92.95,94.20,92.72,93.88,3156506,0
DASH.US,D,20201109,000000,94.94,96.35,94.27,96.30,3142272,0
DASH.US,D,20201109,000000,96.66,96.69,94.01,95.73,2571531,0
DASH.US,D,20201110,000000,95.88,103.16,95.74,100.93,4081109,0
DASH.US,D,20201111,000000,101.54,102.60,93.24,93.42,2720844,0
DASH.US,D,20201112,000000,94.37,94.76,90.95,92.60,2598964,0
DASH.US,D,20201113,000000,92.64,96.86,92.54,95.72,1983817,0
DASH.US,D,20201116,000000,95.50,97.42,95.14,96.98,2303163,0
DASH.US,D,20201116,000000,99.23,102.01,99.19,101.85,1762228,0
DASH.US,D,20201116,000000,101.62,110.00,99.69,107.50,4328315,0
DASH.US,D,20201117,000000,106.93,113.16,106.70,109.69,3214552,0
DASH.US,D,20201118,000000,109.25,130.85,106.42,121.86,3815217,0
