<TICKER>,<PER>,<DATE>,<TIME>,<OPEN>,<HIGH>,<LOW>,<CLOSE>,<VOL>,<OPENINT>
DKNG.US,D,20180102,000000,35.02,35.26,34.96,35.23,6577808,0
DKNG.US,D,20180103,000000,35.33,35.63,34.49,34.58,3448953,0
DKNG.US,D,20180104,000000,34.05,36.89,33.97,35.91,3748628,0
DKNG.US,D,20180105,000000,35.89,36.45,35.85,36.43,4255378,0
DKNG.US,D,20180108,000000,36.43,36.81,36.37,36.64,5328151,0
DKNG.US,D,20180108,000000,36.83,36.88,35.67,36.05,4881233,0
DKNG.US,D,20180108,000000,36.05,36.72,35.84,36.40,6774529,0
DKNG.US,D,20180109,000000,35.98,36.78,35.98,36.54,4036312,0
DKNG.US,D,20180110,000000,36.86,38.66,36.82,38.41,5506075,0
DKNG.US,D,20180111,000000,38.35,40.11,38.10,39.77,5174546,0
DKNG.US,D,20180112,000000,40.00,41.18,39.95,40.81,4770334,0
DKNG.US,D,20180115,000000,40.70,40.93,39.90,39.93,2821870,0
DKNG.US,D,20180115,000000,39.71,41.61,39.14,41.20,4221599,0
DKNG.US,D,20180115,000000,41.47,41.53,41.23,41.32,6198525,0
DKNG.US,D,20180116,000000,41.35,41.35,41.13,41.19,5863821,0
DKNG.US,D,20180117,000000,41.41,44.72,41.25,43.54,3771109,0
DKNG.US,D,20180118,000000,43.63,45.34,43.42,44.88,4745934,0
DKNG.US,D,20180119,000000,44.93,45.00,44.84,44.90,4759347,0
DKNG.US,D,20180122,000000,45.02,47.00,45.00,46.64,4909723,0
DKNG.US,D,20180122,000000,46.67,46.99,45.20,46.11,4902120,0
DKNG.US,D,20180122,000000,46.22,46.23,46.01,46.13,6185436,0
DKNG.US,D,20180123,000000,45.80,46.13,44.69,44.74,7435247,0
DKNG.US,D,20180124,000000,44.36,47.38,43.90,46.75,6702635,0
DKNG.US,D,20180125,000000,46.83,47.51,46.52,47.13,3968081,0
DKNG.US,D,20180126,000000,47.23,47.28,45.90,46.25,3532477,0
DKNG.US,D,20180129,000000,46.90,47.79,44.77,44.97,6222005,0
DKNG.US,D,20180129,000000,44.27,45.90,43.50,45.52,5360224,0
DKNG.US,D,20180129,000000,45.16,45.31,45.04,45.30,7005994,0
DKNG.US,D,20180130,000000,45.51,46.70,45.50,46.69,6817042,0
DKNG.US,D,20180131,000000,46.28,46.87,46.13,46.53,5787781,0
DKNG.US,D,20180201,000000,46.40,46.58,46.36,46.44,4250741,0
DKNG.US,D,20180202,000000,46.20,46.34,45.03,45.46,4440843,0
DKNG.US,D,20180205,000000,45.68,45.82,45.09,45.25,2990352,0
DKNG.US,D,20180205,000000,45.11,46.72,44.65,46.31,6561106,0
DKNG.US,D,20180205,000000,46.08,46.11,45.98,46.00,5704476,0
DKNG.US,D,20180206,000000,46.14,46.18,45.72,45.89,5855561,0
DKNG.US,D,20180207,000000,45.81,47.02,45.72,46.49,2676971,0
DKNG.US,D,20180208,000000,46.76,47.26,46.70,47.02,5220501,0
DKNG.US,D,20180209,000000,46.85,47.50,46.65,47.18,5189364,0
DKNG.US,D,20180212,000000,47.43,47.61,47.37,47.54,4737848,0
DKNG.US,D,20180212,000000,47.17,47.81,47.13,47.80,3583647,0
DKNG.US,D,20180212,000000,48.18,48.20,47.86,47.96,6654568,0
DKNG.US,D,20180213,000000,48.06,48.82,48.03,48.48,7350939,0
DKNG.US,D,20180214,000000,48.39,49.68,48.07,49.32,7138076,0
DKNG.US,D,20180215,000000,49.38,49.45,48.71,48.73,2977651,0
DKNG.US,D,20180216,000000,48.72,49.34,48.56,49.20,4313808,0
DKNG.US,D,20180219,000000,49.72,49.73,49.58,49.63,5050890,0
DKNG.US,D,20180219,000000,49.69,49.91,47.36,47.64,5512384,0
DKNG.US,D,20180219,000000,47.70,48.87,47.30,48.68,7443555,0
DKNG.US,D,20180220,000000,49.08,49.12,47.50,47.89,6594005,0
DKNG.US,D,20180221,000000,48.10,48.47,47.91,48.40,4014701,0
DKNG.US,D,20180222,000000,48.35,48.42,48.20,48.23,4526487,0
DKNG.US,D,20180223,000000,48.26,48.71,46.42,46.49,6896883,0
DKNG.US,D,20180226,000000,46.56,46.91,45.01,45.12,6688601,0
DKNG.US,D,20180226,000000,45.49,49.01,44.83,46.79,5443500,0
DKNG.US,D,20180226,000000,46.60,47.06,46.47,46.79,6159295,0
DKNG.US,D,20180227,000000,47.24,47.32,42.58,43.38,3750202,0
DKNG.US,D,20180228,000000,42.98,43.42,39.93,41.04,4741182,0
DKNG.US,D,20180301,000000,40.22,41.92,40.11,41.91,4299127,0
DKNG.US,D,20180302,000000,41.42,44.38,40.86,44.10,5084334,0
DKNG.US,D,20180305,000000,44.60,44.72,43.91,44.16,3232776,0
DKNG.US,D,20180305,000000,43.61,45.56,43.31,45.04,7168554,0
DKNG.US,D,20180305,000000,44.32,46.95,43.82,46.41,5324351,0
DKNG.US,D,20180306,000000,46.51,48.68,46.04,48.04,3816487,0
DKNG.US,D,20180307,000000,47.82,51.48,46.69,50.28,2605189,0
DKNG.US,D,20180308,000000,50.24,50.48,49.67,49.91,6229248,0
DKNG.US,D,20180309,000000,49.12,51.43,48.94,50.84,4373768,0
DKNG.US,D,20180312,000000,50.72,50.89,50.04,50.05,3046953,0
DKNG.US,D,20180312,000000,50.98,51.45,49.04,49.25,4440027,0
DKNG.US,D,20180312,000000,49.72,51.26,49.21,51.23,3246524,0
DKNG.US,D,20180313,000000,51.08,52.72,50.75,52.03,6751915,0
DKNG.US,D,20180314,000000,52.06,53.21,51.76,52.76,4677882,0
DKNG.US,D,20180315,000000,53.42,54.09,50.65,50.72,3595110,0
DKNG.US,D,20180316,000000,50.30,53.46,50.29,52.92,2831694,0
DKNG.US,D,20180319,000000,52.07,55.33,51.34,54.76,3939252,0
DKNG.US,D,20180319,000000,54.22,54.63,54.20,54.55,5784728,0
DKNG.US,D,20180319,000000,55.03,55.52,50.53,52.47,4432735,0
DKNG.US,D,20180320,000000,52.33,53.05,51.18,53.02,3631500,0
DKNG.US,D,20180321,000000,53.33,54.08,53.32,53.86,2733619,0
DKNG.US,D,20180322,000000,54.65,54.75,52.70,52.90,2681082,0
DKNG.US,D,20180323,000000,53.64,53.99,53.57,53.85,6821728,0
DKNG.US,D,20180326,000000,53.17,57.57,52.75,57.27,5501003,0
DKNG.US,D,20180326,000000,57.44,57.86,56.08,56.95,3595333,0
DKNG.US,D,20180326,000000,58.90,59.02,58.14,58.40,4786889,0
DKNG.US,D,20180327,000000,58.81,59.78,58.64,59.71,6374360,0
DKNG.US,D,20180328,000000,60.09,61.03,55.21,55.82,6417823,0
DKNG.US,D,20180329,000000,55.83,56.98,55.77,56.71,2590576,0
DKNG.US,D,20180330,000000,57.19,57.63,52.57,54.19,5153404,0
DKNG.US,D,20180402,000000,54.34,54.36,53.76,53.93,7149566,0
DKNG.US,D,20180402,000000,54.11,54.61,50.39,51.52,5791597,0
DKNG.US,D,20180402,000000,50.99,51.58,49.05,49.32,5686881,0
DKNG.US,D,20180403,000000,49.09,49.16,47.62,48.46,6256280,0
DKNG.US,D,20180404,000000,48.54,48.95,47.93,48.46,2892754,0
DKNG.US,D,20180405,000000,47.68,47.73,46.50,46.55,3966281,0
DKNG.US,D,20180406,000000,47.07,48.55,46.70,48.18,2587178,0
DKNG.US,D,20180409,000000,47.98,48.13,47.46,47.66,5272571,0
DKNG.US,D,20180409,000000,47.65,48.32,47.46,48.20,4713930,0
DKNG.US,D,20180409,000000,47.15,47.44,46.76,46.98,6333888,0
DKNG.US,D,20180410,000000,46.85,47.32,45.73,45.90,3702371,0
DKNG.US,D,20180411,000000,45.63,48.50,45.44,47.41,6377881,0
DKNG.US,D,20180412,000000,48.09,48.89,44.57,45.07,6063245,0
DKNG.US,D,20180413,000000,44.77,45.32,44.66,45.12,5156531,0
DKNG.US,D,20180416,000000,45.54,46.88,45.45,46.44,3502938,0
DKNG.US,D,20180416,000000,46.23,46.69,45.01,45.59,6898199,0
DKNG.US,D,20180416,000000,45.80,47.43,45.48,47.06,5400662,0
DKNG.US,D,20180417,000000,47.32,48.31,47.32,48.10,3620046,0
DKNG.US,D,20180418,000000,48.42,49.74,44.65,45.52,6162592,0
DKNG.US,D,20180419,000000,45.68,46.01,44.79,45.46,3211120,0
DKNG.US,D,20180420,000000,44.95,47.30,44.67,46.89,3131921,0
DKNG.US,D,20180423,000000,46.74,48.50,46.54,47.32,3533512,0
DKNG.US,D,20180423,000000,47.05,47.57,46.07,46.11,3451867,0
DKNG.US,D,20180423,000000,45.57,45.72,44.27,44.45,6261781,0
DKNG.US,D,20180424,000000,44.64,45.49,44.60,45.23,5676152,0
DKNG.US,D,20180425,000000,45.64,47.03,45.61,46.94,3451341,0
DKNG.US,D,20180426,000000,46.47,46.61,45.84,45.93,6857253,0
DKNG.US,D,20180427,000000,45.30,46.79,45.09,46.20,5890515,0
DKNG.US,D,20180430,000000,46.37,46.99,45.24,45.55,6745667,0
DKNG.US,D,20180430,000000,44.63,46.27,44.44,46.22,4837435,0
DKNG.US,D,20180430,000000,46.17,46.81,46.09,46.66,4497930,0
DKNG.US,D,20180501,000000,46.84,47.44,46.69,47.09,9275089,0
DKNG.US,D,20180502,000000,47.81,48.70,47.80,48.38,11323324,0
DKNG.US,D,20180503,000000,48.51,49.96,48.46,49.63,5070458,0
DKNG.US,D,20180504,000000,49.48,50.73,48.97,50.63,10035037,0
DKNG.US,D,20180507,000000,50.89,51.82,50.79,51.33,10913347,0
DKNG.US,D,20180507,000000,51.31,52.97,51.01,52.52,9154773,0
DKNG.US,D,20180507,000000,52.52,53.76,52.38,53.47,13506162,0
DKNG.US,D,20180508,000000,54.20,54.41,54.15,54.30,13386551,0
DKNG.US,D,20180509,000000,53.74,56.44,53.52,55.76,15827330,0
DKNG.US,D,20180510,000000,55.85,57.07,55.24,57.01,15594163,0
DKNG.US,D,20180511,000000,55.99,58.72,55.47,58.34,7982178,0
DKNG.US,D,20180514,000000,58.93,61.05,58.91,60.32,13867393,0
DKNG.US,D,20180514,000000,59.39,62.70,58.56,61.89,18995368,0
DKNG.US,D,20180514,000000,61.27,64.68,60.92,63.66,16025236,0
DKNG.US,D,20180515,000000,64.31,65.89,63.67,65.37,10002505,0
DKNG.US,D,20180516,000000,64.91,67.98,64.91,67.07,22213295,0
DKNG.US,D,20180517,000000,66.26,68.48,66.17,68.19,12588477,0
DKNG.US,D,20180518,000000,67.68,70.77,66.69,70.35,13259110,0
DKNG.US,D,20180521,000000,70.08,72.76,69.07,72.55,15459333,0
DKNG.US,D,20180521,000000,72.12,75.54,72.10,74.43,21466358,0
DKNG.US,D,20180521,000000,74.73,76.73,74.60,76.59,8892728,0
DKNG.US,D,20180522,000000,76.39,79.23,74.92,79.23,11447953,0
DKNG.US,D,20180523,000000,78.91,79.77,75.95,76.92,4924673,0
DKNG.US,D,20180524,000000,77.49,78.12,77.44,77.98,4943756,0
DKNG.US,D,20180525,000000,78.66,79.61,75.66,75.85,5113931,0
DKNG.US,D,20180528,000000,75.63,76.14,72.71,74.38,4214341,0
DKNG.US,D,20180528,000000,74.69,75.16,70.85,72.28,3137475,0
DKNG.US,D,20180528,000000,71.10,74.39,70.76,72.80,4252930,0
DKNG.US,D,20180529,000000,72.43,72.63,71.13,71.36,7191261,0
DKNG.US,D,20180530,000000,71.97,73.06,70.08,70.58,5463994,0
DKNG.US,D,20180531,000000,69.32,73.68,68.82,73.41,6207195,0
DKNG.US,D,20180601,000000,73.20,74.12,69.61,69.75,4407817,0
DKNG.US,D,20180604,000000,70.38,70.53,69.41,69.46,5563075,0
DKNG.US,D,20180604,000000,68.89,69.65,68.73,69.13,3666964,0
DKNG.US,D,20180604,000000,69.55,69.63,65.98,66.93,2570401,0
DKNG.US,D,20180605,000000,66.89,67.02,66.86,66.89,5684271,0
DKNG.US,D,20180606,000000,66.75,67.83,66.70,67.10,5661347,0
DKNG.US,D,20180607,000000,66.72,67.47,62.22,64.42,3515877,0
DKNG.US,D,20180608,000000,64.93,65.41,60.60,61.31,3555529,0
DKNG.US,D,20180611,000000,60.82,61.43,58.37,58.55,6405885,0
DKNG.US,D,20180611,000000,58.81,61.73,57.16,61.52,4893603,0
DKNG.US,D,20180611,000000,61.42,61.59,59.18,59.57,7274361,0
DKNG.US,D,20180612,000000,59.19,60.43,59.18,59.55,4216429,0
DKNG.US,D,20180613,000000,59.33,60.96,58.95,60.77,7108918,0
DKNG.US,D,20180614,000000,59.59,60.65,59.54,60.55,4778656,0
DKNG.US,D,20180615,000000,61.45,61.70,59.14,59.74,3617490,0
DKNG.US,D,20180618,000000,59.62,61.86,59.61,61.82,5488814,0
DKNG.US,D,20180618,000000,62.31,62.33,61.53,61.67,5727901,0
DKNG.US,D,20180618,000000,62.08,62.37,60.85,61.17,7367606,0
DKNG.US,D,20180619,000000,60.86,63.87,59.91,62.57,7393276,0
DKNG.US,D,20180620,000000,62.43,62.47,59.69,60.23,4690133,0
DKNG.US,D,20180621,000000,60.33,61.43,60.04,61.07,5387041,0
DKNG.US,D,20180622,000000,61.75,62.72,58.30,59.14,2898276,0
DKNG.US,D,20180625,000000,59.75,59.95,55.92,56.81,3177000,0
DKNG.US,D,20180625,000000,57.54,58.29,57.46,58.10,3697381,0
DKNG.US,D,20180625,000000,57.91,65.50,56.85,63.82,5909672,0
DKNG.US,D,20180626,000000,63.75,64.87,63.68,64.54,5662278,0
DKNG.US,D,20180627,000000,65.15,65.19,63.29,64.22,4197946,0
DKNG.US,D,20180628,000000,63.69,64.10,62.54,62.81,3026810,0
DKNG.US,D,20180629,000000,62.21,62.98,58.95,60.48,4188761,0
DKNG.US,D,20180702,000000,60.22,63.49,59.66,62.25,7094506,0
DKNG.US,D,20180702,000000,61.66,61.73,58.79,60.11,4003385,0
DKNG.US,D,20180702,000000,60.92,62.20,60.92,61.70,4701212,0
DKNG.US,D,20180703,000000,62.42,62.84,62.40,62.50,5360098,0
DKNG.US,D,20180704,000000,62.96,63.42,60.93,61.18,6922433,0
DKNG.US,D,20180705,000000,61.66,62.64,58.62,59.09,6352273,0
DKNG.US,D,20180706,000000,58.88,62.09,58.63,61.06,3311150,0
DKNG.US,D,20180709,000000,60.73,62.88,60.06,62.44,3292460,0
DKNG.US,D,20180709,000000,63.01,63.25,62.90,63.10,6973241,0
DKNG.US,D,20180709,000000,63.48,63.50,62.54,62.70,5742714,0
DKNG.US,D,20180710,000000,62.18,62.21,61.69,61.83,6170862,0
DKNG.US,D,20180711,000000,62.25,62.26,62.10,62.14,5917203,0
DKNG.US,D,20180712,000000,62.53,65.85,62.34,65.68,4314026,0
DKNG.US,D,20180713,000000,64.86,64.91,64.25,64.38,6934469,0
DKNG.US,D,20180716,000000,64.42,65.51,57.41,60.46,6571400,0
DKNG.US,D,20180716,000000,60.01,60.42,58.49,58.72,2847293,0
DKNG.US,D,20180716,000000,58.38,58.38,57.72,57.77,6221951,0
DKNG.US,D,20180717,000000,57.59,59.04,57.13,58.61,7214348,0
DKNG.US,D,20180718,000000,58.16,58.34,57.20,57.36,4471006,0
DKNG.US,D,20180719,000000,56.80,58.59,56.13,58.34,6753719,0
DKNG.US,D,20180720,000000,58.95,59.19,56.15,57.36,5297546,0
DKNG.US,D,20180723,000000,57.14,59.03,56.81,58.49,5661625,0
DKNG.US,D,20180723,000000,58.45,61.95,56.92,61.01,4027674,0
DKNG.US,D,20180723,000000,60.02,63.69,59.23,62.85,7472369,0
DKNG.US,D,20180724,000000,63.80,65.43,62.79,64.51,6874396,0
DKNG.US,D,20180725,000000,65.29,68.23,64.34,67.56,3235403,0
DKNG.US,D,20180726,000000,66.70,67.82,65.92,67.77,7035345,0
DKNG.US,D,20180727,000000,67.54,76.85,64.59,73.49,3706888,0
DKNG.US,D,20180730,000000,72.91,73.77,68.36,69.50,4869980,0
DKNG.US,D,20180730,000000,68.72,68.86,68.64,68.79,4699056,0
DKNG.US,D,20180730,000000,70.40,70.50,69.37,69.76,4656980,0
DKNG.US,D,20180731,000000,68.02,72.85,67.24,72.38,3751403,0
DKNG.US,D,20180801,000000,73.46,77.80,72.64,77.65,4239947,0
DKNG.US,D,20180802,000000,76.08,77.41,75.60,77.17,5861595,0
DKNG.US,D,20180803,000000,76.46,78.06,76.00,77.92,3334777,0
DKNG.US,D,20180806,000000,80.37,81.36,80.31,81.25,3104107,0
DKNG.US,D,20180806,000000,81.38,81.38,79.56,80.12,5760877,0
DKNG.US,D,20180806,000000,79.59,79.70,79.13,79.24,2612677,0
DKNG.US,D,20180807,000000,78.93,90.41,78.00,86.54,2604002,0
DKNG.US,D,20180808,000000,83.70,101.94,82.61,101.00,2819628,0
DKNG.US,D,20180809,000000,98.25,99.09,91.81,93.84,5820246,0
DKNG.US,D,20180810,000000,96.04,96.74,94.91,95.44,4562787,0
DKNG.US,D,20180813,000000,97.57,99.22,91.57,92.36,4401915,0
DKNG.US,D,20180813,000000,94.01,101.86,92.88,100.81,7430904,0
DKNG.US,D,20180813,000000,99.07,99.11,95.27,96.97,7428970,0
DKNG.US,D,20180814,000000,97.88,99.69,82.39,85.21,3429787,0
DKNG.US,D,20180815,000000,84.67,85.57,81.83,83.31,6412648,0
DKNG.US,D,20180816,000000,87.09,89.80,86.27,88.55,4394797,0
DKNG.US,D,20180817,000000,87.84,90.71,87.46,90.38,4267355,0
DKNG.US,D,20180820,000000,90.15,92.07,83.96,84.14,4342593,0
DKNG.US,D,20180820,000000,83.81,86.14,78.42,79.68,4025894,0
DKNG.US,D,20180820,000000,78.25,78.47,74.90,75.87,6095044,0
DKNG.US,D,20180821,000000,76.46,77.01,64.06,66.75,5784596,0
DKNG.US,D,20180822,000000,65.38,65.47,64.28,65.08,2854169,0
DKNG.US,D,20180823,000000,64.50,74.15,64.23,70.84,5795852,0
DKNG.US,D,20180824,000000,68.87,74.53,66.63,73.23,5394394,0
DKNG.US,D,20180827,000000,73.17,76.90,72.43,76.08,3991521,0
DKNG.US,D,20180827,000000,74.42,75.89,73.40,75.41,6207166,0
DKNG.US,D,20180827,000000,75.72,81.25,74.36,78.36,2581651,0
DKNG.US,D,20180828,000000,79.68,80.15,77.57,77.72,6152937,0
DKNG.US,D,20180829,000000,75.43,77.59,75.42,76.58,3812519,0
DKNG.US,D,20180830,000000,76.55,82.95,76.48,82.81,3752010,0
DKNG.US,D,20180831,000000,85.91,94.94,85.23,92.65,4257021,0
DKNG.US,D,20180903,000000,93.04,105.78,89.43,104.40,7295398,0
DKNG.US,D,20180903,000000,106.02,114.41,105.57,112.46,4045486,0
DKNG.US,D,20180903,000000,106.79,112.78,104.97,112.74,7294918,0
DKNG.US,D,20180904,000000,109.89,124.65,107.52,117.74,6979175,0
DKNG.US,D,20180905,000000,119.07,120.88,112.18,113.99,6872885,0
DKNG.US,D,20180906,000000,116.58,116.68,109.40,109.50,5379169,0
DKNG.US,D,20180907,000000,111.25,116.08,110.04,113.34,6232977,0
DKNG.US,D,20180910,000000,111.32,126.02,111.03,124.87,6548902,0
DKNG.US,D,20180910,000000,128.24,129.75,120.09,122.68,7096701,0
DKNG.US,D,20180910,000000,126.17,126.19,124.47,125.46,7071441,0
DKNG.US,D,20180911,000000,127.47,130.57,89.09,104.32,4874663,0
DKNG.US,D,20180912,000000,104.96,108.26,91.99,94.64,5022995,0
DKNG.US,D,20180913,000000,95.00,96.29,82.32,85.56,4939933,0
DKNG.US,D,20180914,000000,86.00,96.02,85.77,92.92,4286135,0
DKNG.US,D,20180917,000000,92.88,92.95,89.80,90.17,5128064,0
DKNG.US,D,20180917,000000,89.67,100.51,87.65,96.32,5440942,0
DKNG.US,D,20180917,000000,91.86,103.60,90.73,99.87,4066803,0
DKNG.US,D,20180918,000000,102.19,102.36,94.11,96.65,7491860,0
DKNG.US,D,20180919,000000,95.61,96.36,69.43,79.04,3807293,0
DKNG.US,D,20180920,000000,75.43,80.77,74.69,79.49,4861190,0
DKNG.US,D,20180921,000000,78.88,84.09,77.55,83.08,6759043,0
DKNG.US,D,20180924,000000,83.67,86.62,82.36,85.94,3656228,0
DKNG.US,D,20180924,000000,87.93,89.56,77.38,78.76,6890380,0
DKNG.US,D,20180924,000000,78.35,78.45,74.84,75.17,6589489,0
DKNG.US,D,20180925,000000,76.59,76.65,63.08,64.47,4452103,0
DKNG.US,D,20180926,000000,64.76,65.96,51.37,55.68,3796985,0
DKNG.US,D,20180927,000000,54.10,57.07,52.26,55.86,7175383,0
DKNG.US,D,20180928,000000,56.82,58.83,56.81,57.33,6728807,0
DKNG.US,D,20181001,000000,58.57,58.69,50.26,52.23,5623668,0
DKNG.US,D,20181001,000000,55.13,57.12,45.39,48.30,5599872,0
DKNG.US,D,20181001,000000,47.17,50.65,47.09,49.76,3461785,0
DKNG.US,D,20181002,000000,50.02,50.56,47.50,48.26,2623868,0
DKNG.US,D,20181003,000000,48.55,54.90,47.81,53.13,4891279,0
DKNG.US,D,20181004,000000,53.75,53.82,51.92,52.57,2632016,0
DKNG.US,D,20181005,000000,50.98,56.31,50.53,56.23,5885072,0
DKNG.US,D,20181008,000000,56.14,62.83,55.80,60.40,3803209,0
DKNG.US,D,20181008,000000,60.97,61.66,58.37,59.13,3963080,0
DKNG.US,D,20181008,000000,57.62,64.65,56.48,63.73,4162157,0
DKNG.US,D,20181009,000000,61.05,65.12,60.85,62.96,7152114,0
DKNG.US,D,20181010,000000,63.13,67.17,61.83,66.55,5060276,0
DKNG.US,D,20181011,000000,64.24,64.25,60.71,61.83,6107290,0
DKNG.US,D,20181012,000000,62.23,77.85,61.61,71.42,4786412,0
DKNG.US,D,20181015,000000,71.01,71.12,61.32,63.66,3749433,0
DKNG.US,D,20181015,000000,62.69,65.04,62.60,63.83,6430058,0
DKNG.US,D,20181015,000000,65.45,68.41,65.45,66.78,3146251,0
DKNG.US,D,20181016,000000,67.13,67.98,66.79,67.47,7305129,0
DKNG.US,D,20181017,000000,68.18,75.81,64.51,73.83,7240831,0
DKNG.US,D,20181018,000000,73.19,73.34,70.09,70.83,5177555,0
DKNG.US,D,20181019,000000,68.26,75.91,66.89,73.80,2597927,0
DKNG.US,D,20181022,000000,73.49,73.95,70.49,71.47,6165912,0
DKNG.US,D,20181022,000000,71.07,78.21,69.55,77.98,4579011,0
DKNG.US,D,20181022,000000,76.93,87.58,75.18,83.08,2895399,0
DKNG.US,D,20181023,000000,81.92,82.70,80.58,80.69,6082491,0
DKNG.US,D,20181024,000000,81.05,87.34,80.83,81.77,3757416,0
DKNG.US,D,20181025,000000,80.89,82.65,80.67,81.25,4334543,0
DKNG.US,D,20181026,000000,82.15,83.92,74.98,76.46,6089703,0
DKNG.US,D,20181029,000000,74.67,74.92,70.95,72.41,3635457,0
DKNG.US,D,20181029,000000,71.29,75.76,70.69,75.44,4713380,0
DKNG.US,D,20181029,000000,74.28,75.98,74.17,75.52,4392785,0
DKNG.US,D,20181030,000000,73.98,74.45,73.06,74.16,4189573,0
DKNG.US,D,20181031,000000,76.06,78.69,62.90,68.23,3878821,0
DKNG.US,D,20181101,000000,67.03,68.22,58.08,60.73,6246935,0
DKNG.US,D,20181102,000000,59.69,61.54,58.65,61.39,5188959,0
DKNG.US,D,20181105,000000,61.46,65.61,60.54,64.78,2922504,0
DKNG.US,D,20181105,000000,64.42,64.50,52.93,53.69,7261918,0
DKNG.US,D,20181105,000000,54.01,63.09,53.67,61.50,4354369,0
DKNG.US,D,20181106,000000,60.53,70.61,60.50,66.99,3987224,0
DKNG.US,D,20181107,000000,67.07,67.27,63.08,65.77,4158318,0
DKNG.US,D,20181108,000000,66.97,68.46,60.08,60.69,4106019,0
DKNG.US,D,20181109,000000,59.46,59.48,59.33,59.36,2998499,0
DKNG.US,D,20181112,000000,60.82,64.94,60.53,64.93,4328653,0
DKNG.US,D,20181112,000000,64.36,67.49,63.69,66.81,6732304,0
DKNG.US,D,20181112,000000,65.80,75.99,63.95,75.26,7490998,0
DKNG.US,D,20181113,000000,74.10,80.06,73.81,78.86,2575805,0
DKNG.US,D,20181114,000000,80.10,81.58,75.78,76.85,4450907,0
DKNG.US,D,20181115,000000,76.62,81.45,75.48,81.07,2899241,0
DKNG.US,D,20181116,000000,81.90,84.32,80.28,83.65,5493313,0
DKNG.US,D,20181119,000000,80.63,82.79,80.48,81.64,3228033,0
DKNG.US,D,20181119,000000,79.02,97.45,76.19,90.85,3349482,0
DKNG.US,D,20181119,000000,92.50,93.08,92.36,92.82,4376943,0
DKNG.US,D,20181120,000000,92.92,94.66,92.31,92.69,5889775,0
DKNG.US,D,20181121,000000,94.14,95.97,91.85,92.70,4847958,0
DKNG.US,D,20181122,000000,90.46,92.97,84.26,84.76,5976428,0
DKNG.US,D,20181123,000000,82.14,85.84,82.08,84.86,4867242,0
DKNG.US,D,20181126,000000,87.97,88.57,84.33,85.21,3304986,0
DKNG.US,D,20181126,000000,84.16,84.24,81.69,82.23,5808132,0
DKNG.US,D,20181126,000000,85.14,87.62,83.07,87.38,2969464,0
DKNG.US,D,20181127,000000,88.78,88.94,84.62,86.38,3717678,0
DKNG.US,D,20181128,000000,84.59,86.67,84.48,86.11,4810826,0
DKNG.US,D,20181129,000000,88.63,89.71,80.64,84.49,5597782,0
DKNG.US,D,20181130,000000,84.13,99.57,79.98,95.52,2665309,0
DKNG.US,D,20181203,000000,94.24,94.58,85.91,87.70,7083027,0
DKNG.US,D,20181203,000000,89.23,100.70,87.04,99.41,5703919,0
DKNG.US,D,20181203,000000,100.35,101.15,99.78,100.95,3035457,0
DKNG.US,D,20181204,000000,102.99,105.56,96.84,99.83,3380984,0
DKNG.US,D,20181205,000000,99.12,106.58,94.22,106.15,5588151,0
DKNG.US,D,20181206,000000,107.50,113.75,106.15,113.22,3977834,0
DKNG.US,D,20181207,000000,110.60,139.11,109.19,127.03,3395299,0
DKNG.US,D,20181210,000000,123.78,150.34,123.52,144.82,5022361,0
DKNG.US,D,20181210,000000,134.43,151.95,133.83,151.26,4714487,0
DKNG.US,D,20181210,000000,154.41,157.87,154.06,156.49,2734420,0
DKNG.US,D,20181211,000000,157.90,159.34,157.41,158.38,7277840,0
DKNG.US,D,20181212,000000,157.55,161.46,157.08,160.90,6453114,0
DKNG.US,D,20181213,000000,154.64,179.72,147.41,170.35,6668910,0
DKNG.US,D,20181214,000000,173.11,185.81,171.29,181.38,5414101,0
DKNG.US,D,20181217,000000,176.64,220.79,173.70,200.94,4100000,0
DKNG.US,D,20181217,000000,201.20,205.98,200.17,205.94,5861157,0
DKNG.US,D,20181217,000000,204.35,215.71,201.99,209.67,7217719,0
DKNG.US,D,20181218,000000,210.71,230.54,209.82,225.33,7058196,0
DKNG.US,D,20181219,000000,222.43,224.66,221.76,222.71,7018197,0
DKNG.US,D,20181220,000000,227.69,265.41,225.65,254.15,4079492,0
DKNG.US,D,20181221,000000,262.12,267.95,260.62,263.43,6886457,0
DKNG.US,D,20181224,000000,257.23,269.95,234.78,248.38,2669246,0
DKNG.US,D,20181224,000000,243.20,247.79,242.17,247.08,5325393,0
DKNG.US,D,20181224,000000,248.14,253.36,232.72,233.34,4964111,0
DKNG.US,D,20181225,000000,226.99,261.27,221.36,255.78,6118452,0
DKNG.US,D,20181226,000000,258.29,279.92,210.62,219.83,6309700,0
DKNG.US,D,20181227,000000,239.10,248.97,233.60,241.76,4159480,0
DKNG.US,D,20181228,000000,246.54,279.42,239.99,273.40,4223067,0
DKNG.US,D,20181231,000000,278.18,280.84,209.52,231.00,3493662,0
DKNG.US,D,20181231,000000,232.18,253.41,232.16,249.60,6740017,0
DKNG.US,D,20181231,000000,253.41,254.00,245.53,247.07,3692892,0
DKNG.US,D,20190101,000000,252.48,255.78,251.69,252.23,2774776,0
DKNG.US,D,20190102,000000,255.15,257.52,237.84,239.27,6317266,0
DKNG.US,D,20190103,000000,238.28,250.50,234.77,247.26,6868126,0
DKNG.US,D,20190104,000000,248.34,249.66,232.85,238.66,2540806,0
DKNG.US,D,20190107,000000,235.46,240.99,233.86,239.59,4432559,0
DKNG.US,D,20190107,000000,238.39,248.22,238.22,244.10,4324919,0
DKNG.US,D,20190107,000000,252.35,252.52,248.00,248.26,6848432,0
DKNG.US,D,20190108,000000,249.55,250.96,236.53,242.91,5506935,0
DKNG.US,D,20190109,000000,244.30,245.86,219.33,234.56,3181105,0
DKNG.US,D,20190110,000000,238.28,251.30,237.26,244.51,5010344,0
DKNG.US,D,20190111,000000,242.51,246.40,241.76,245.97,5161549,0
DKNG.US,D,20190114,000000,250.69,251.67,225.23,234.24,3505780,0
DKNG.US,D,20190114,000000,238.38,257.57,237.41,256.77,5335288,0
DKNG.US,D,20190114,000000,253.38,255.86,247.74,251.42,3738467,0
DKNG.US,D,20190115,000000,251.06,253.85,249.92,251.40,2913786,0
DKNG.US,D,20190116,000000,248.37,251.23,248.24,250.84,2866953,0
DKNG.US,D,20190117,000000,251.09,251.30,233.77,237.66,6956822,0
DKNG.US,D,20190118,000000,233.68,243.20,233.57,240.96,6316358,0
DKNG.US,D,20190121,000000,246.58,252.72,233.47,235.67,3207593,0
DKNG.US,D,20190121,000000,238.37,255.71,231.62,251.97,7384483,0
DKNG.US,D,20190121,000000,253.86,254.70,252.96,253.74,7472838,0
DKNG.US,D,20190122,000000,259.56,279.16,254.96,275.55,5248624,0
DKNG.US,D,20190123,000000,268.71,295.86,264.97,285.93,2568649,0
DKNG.US,D,20190124,000000,287.40,321.73,283.48,308.66,5442385,0
DKNG.US,D,20190125,000000,304.30,307.04,276.92,290.32,5640456,0
DKNG.US,D,20190128,000000,287.22,307.38,285.69,307.17,4542633,0
DKNG.US,D,20190128,000000,314.97,315.23,268.34,275.30,3310051,0
DKNG.US,D,20190128,000000,272.69,279.10,270.26,277.57,5134928,0
DKNG.US,D,20190129,000000,277.85,279.52,264.89,267.30,4551810,0
DKNG.US,D,20190130,000000,277.83,286.80,274.78,286.06,7052502,0
DKNG.US,D,20190131,000000,286.92,291.72,283.52,285.22,4430162,0
DKNG.US,D,20190201,000000,282.92,289.20,265.98,270.75,3342010,0
DKNG.US,D,20190204,000000,269.31,271.93,268.03,271.64,7002621,0
DKNG.US,D,20190204,000000,270.58,275.99,269.00,275.90,6777819,0
DKNG.US,D,20190204,000000,270.89,304.76,266.29,290.81,4377026,0
DKNG.US,D,20190205,000000,294.60,303.54,268.40,275.68,3803278,0
DKNG.US,D,20190206,000000,269.33,277.69,268.95,273.74,7199253,0
DKNG.US,D,20190207,000000,285.10,305.38,281.32,302.86,6034725,0
DKNG.US,D,20190208,000000,299.56,299.88,297.83,297.86,7258386,0
DKNG.US,D,20190211,000000,300.38,300.39,287.15,288.44,3804533,0
DKNG.US,D,20190211,000000,290.34,315.36,284.62,306.21,3549344,0
DKNG.US,D,20190211,000000,298.51,299.14,294.19,295.48,5800975,0
DKNG.US,D,20190212,000000,294.94,303.99,291.59,297.82,6734374,0
DKNG.US,D,20190213,000000,303.10,316.54,302.05,310.01,5963022,0
DKNG.US,D,20190214,000000,305.14,321.20,304.80,320.16,4723460,0
DKNG.US,D,20190215,000000,319.72,336.39,319.43,324.76,3456173,0
DKNG.US,D,20190218,000000,331.37,333.22,329.91,330.97,6728279,0
DKNG.US,D,20190218,000000,332.44,333.45,330.31,330.44,3027690,0
DKNG.US,D,20190218,000000,329.52,332.58,297.19,308.64,6410485,0
DKNG.US,D,20190219,000000,316.46,319.13,288.10,296.60,5571872,0
DKNG.US,D,20190220,000000,293.62,301.79,275.75,280.77,6211591,0
DKNG.US,D,20190221,000000,279.88,329.43,268.63,309.30,5929538,0
DKNG.US,D,20190222,000000,306.71,307.55,296.62,300.89,4074770,0
DKNG.US,D,20190225,000000,304.01,306.87,303.84,305.84,5223904,0
DKNG.US,D,20190225,000000,306.46,309.47,304.58,309.26,9820648,0
DKNG.US,D,20190225,000000,317.44,319.68,309.03,312.63,5045498,0
DKNG.US,D,20190226,000000,312.11,320.74,308.65,317.85,8409673,0
DKNG.US,D,20190227,000000,321.04,323.38,319.57,321.70,5936657,0
DKNG.US,D,20190228,000000,319.09,328.21,314.66,326.90,10166681,0
DKNG.US,D,20190301,000000,320.40,337.65,316.72,332.32,6234393,0
DKNG.US,D,20190304,000000,333.36,340.80,332.80,338.86,7711260,0
DKNG.US,D,20190304,000000,342.42,353.48,336.45,347.93,9112049,0
DKNG.US,D,20190304,000000,341.20,358.67,336.37,354.04,6872011,0
DKNG.US,D,20190305,000000,338.13,366.97,326.45,360.36,10646222,0
DKNG.US,D,20190306,000000,369.66,369.76,369.19,369.48,5164085,0
DKNG.US,D,20190307,000000,358.82,379.94,357.71,375.07,12083702,0
DKNG.US,D,20190308,000000,378.29,391.20,374.38,383.88,15559616,0
DKNG.US,D,20190311,000000,382.67,393.95,379.41,391.83,10419722,0
DKNG.US,D,20190311,000000,394.93,410.48,392.68,400.74,8855465,0
DKNG.US,D,20190311,000000,405.73,409.60,403.76,408.38,14972290,0
DKNG.US,D,20190312,000000,411.76,419.69,409.22,416.76,14425272,0
DKNG.US,D,20190313,000000,415.24,429.20,413.52,427.69,8206699,0
DKNG.US,D,20190314,000000,431.03,442.65,429.79,438.61,8562928,0
DKNG.US,D,20190315,000000,431.36,457.56,430.54,452.55,13835202,0
DKNG.US,D,20190318,000000,455.96,470.65,455.59,465.87,11166607,0
DKNG.US,D,20190318,000000,480.80,481.32,477.91,478.98,13091951,0
DKNG.US,D,20190318,000000,462.44,501.26,453.72,492.38,10581204,0
DKNG.US,D,20190319,000000,481.96,514.86,479.73,507.17,17980485,0
DKNG.US,D,20190320,000000,506.51,526.69,505.14,523.35,8573658,0
DKNG.US,D,20190321,000000,516.53,543.27,513.54,538.47,13041316,0
DKNG.US,D,20190322,000000,536.70,554.87,534.40,550.71,10193617,0
DKNG.US,D,20190325,000000,538.42,598.97,531.06,573.52,12543010,0
DKNG.US,D,20190325,000000,580.54,599.09,580.19,588.19,8478367,0
DKNG.US,D,20190325,000000,579.93,615.27,575.50,608.31,14132246,0
DKNG.US,D,20190326,000000,593.77,637.40,581.53,625.37,12296133,0
DKNG.US,D,20190327,000000,640.53,650.27,637.37,643.92,23551874,0
DKNG.US,D,20190328,000000,646.55,680.77,642.98,674.32,22023847,0
DKNG.US,D,20190329,000000,669.64,704.75,653.74,694.73,10620411,0
DKNG.US,D,20190401,000000,677.73,750.75,675.46,719.48,23092579,0
DKNG.US,D,20190401,000000,715.32,745.94,713.72,742.70,9857259,0
DKNG.US,D,20190401,000000,726.08,767.32,708.40,765.16,20855306,0
DKNG.US,D,20190402,000000,736.14,809.22,726.29,796.26,23030877,0
DKNG.US,D,20190403,000000,794.09,839.90,755.25,830.63,21215721,0
DKNG.US,D,20190404,000000,828.40,833.43,734.99,743.19,3877716,0
DKNG.US,D,20190405,000000,726.20,762.08,721.24,751.75,4885221,0
DKNG.US,D,20190408,000000,744.78,780.37,730.82,773.43,6080393,0
DKNG.US,D,20190408,000000,739.40,782.50,731.37,775.38,7368175,0
DKNG.US,D,20190408,000000,779.84,781.19,670.19,702.52,4329632,0
DKNG.US,D,20190409,000000,707.52,759.66,703.64,744.09,4594448,0
DKNG.US,D,20190410,000000,745.46,763.24,673.55,692.42,3596909,0
DKNG.US,D,20190411,000000,680.13,737.60,665.21,718.39,6763192,0
DKNG.US,D,20190412,000000,713.92,730.36,597.42,660.78,2615719,0
DKNG.US,D,20190415,000000,665.82,677.18,588.74,609.48,5358786,0
DKNG.US,D,20190415,000000,603.76,629.41,598.13,625.04,4203847,0
DKNG.US,D,20190415,000000,644.82,647.68,624.49,629.18,5628262,0
DKNG.US,D,20190416,000000,627.99,631.85,523.52,548.33,5308769,0
DKNG.US,D,20190417,000000,557.33,565.81,467.71,484.12,5698572,0
DKNG.US,D,20190418,000000,484.04,520.62,483.71,517.11,6885379,0
DKNG.US,D,20190419,000000,527.27,527.71,471.74,478.09,4109469,0
DKNG.US,D,20190422,000000,465.03,504.09,459.10,488.80,3455913,0
DKNG.US,D,20190422,000000,477.83,604.43,462.15,547.79,4701726,0
DKNG.US,D,20190422,000000,562.00,565.84,560.70,562.93,4696703,0
DKNG.US,D,20190423,000000,566.30,583.36,561.73,581.37,5478994,0
DKNG.US,D,20190424,000000,574.99,576.34,515.93,517.42,3230033,0
DKNG.US,D,20190425,000000,512.46,541.15,500.45,536.96,6604345,0
DKNG.US,D,20190426,000000,544.15,553.71,486.18,495.11,5631780,0
DKNG.US,D,20190429,000000,486.80,511.05,485.06,500.57,6413725,0
DKNG.US,D,20190429,000000,510.66,510.91,509.70,509.71,4155684,0
DKNG.US,D,20190429,000000,498.09,501.91,466.55,475.13,3758480,0
DKNG.US,D,20190430,000000,478.41,489.15,478.22,488.13,3461281,0
DKNG.US,D,20190501,000000,499.41,501.79,473.66,478.49,3324788,0
DKNG.US,D,20190502,000000,478.93,480.60,467.43,473.07,7097118,0
DKNG.US,D,20190503,000000,463.63,473.66,405.89,409.70,3709248,0
DKNG.US,D,20190506,000000,403.56,406.17,353.73,353.82,4344068,0
DKNG.US,D,20190506,000000,345.94,380.68,336.37,376.23,3413105,0
DKNG.US,D,20190506,000000,367.77,386.54,367.67,384.11,2986914,0
DKNG.US,D,20190507,000000,382.73,392.77,319.53,333.94,6715219,0
DKNG.US,D,20190508,000000,345.38,355.97,312.51,327.07,6278640,0
DKNG.US,D,20190509,000000,318.55,348.88,314.91,341.62,7088875,0
DKNG.US,D,20190510,000000,327.70,392.63,322.58,371.29,4140624,0
DKNG.US,D,20190513,000000,389.52,390.87,372.58,375.17,4457208,0
DKNG.US,D,20190513,000000,379.23,380.75,339.70,360.82,5969160,0
DKNG.US,D,20190513,000000,370.66,390.53,326.11,330.40,4892709,0
DKNG.US,D,20190514,000000,328.46,328.72,323.39,328.01,4480094,0
DKNG.US,D,20190515,000000,332.63,337.95,269.34,277.74,6613440,0
DKNG.US,D,20190516,000000,280.96,299.49,230.86,244.91,6308562,0
DKNG.US,D,20190517,000000,247.45,253.17,233.36,237.53,2890410,0
DKNG.US,D,20190520,000000,242.15,243.09,232.09,233.86,6427371,0
DKNG.US,D,20190520,000000,235.00,236.65,213.60,216.53,6241642,0
DKNG.US,D,20190520,000000,220.36,235.80,217.70,231.30,3459709,0
DKNG.US,D,20190521,000000,229.95,233.92,205.12,205.49,6636620,0
DKNG.US,D,20190522,000000,205.43,244.71,197.80,237.90,4578213,0
DKNG.US,D,20190523,000000,233.53,243.76,206.43,214.52,5385171,0
DKNG.US,D,20190524,000000,214.79,215.45,209.49,213.49,7132388,0
DKNG.US,D,20190527,000000,218.03,223.58,217.84,221.50,3729590,0
DKNG.US,D,20190527,000000,223.47,230.69,220.01,226.93,6144202,0
DKNG.US,D,20190527,000000,223.21,235.09,219.51,234.22,2881598,0
DKNG.US,D,20190528,000000,235.25,235.35,218.02,220.73,5939467,0
DKNG.US,D,20190529,000000,217.09,236.07,211.90,234.21,5143073,0
DKNG.US,D,20190530,000000,227.34,240.40,181.57,206.68,3312398,0
DKNG.US,D,20190531,000000,207.57,213.36,139.45,168.26,4875084,0
DKNG.US,D,20190603,000000,177.59,182.02,153.35,164.40,4361271,0
DKNG.US,D,20190603,000000,163.15,163.35,154.68,155.56,2648532,0
DKNG.US,D,20190603,000000,155.31,163.90,126.01,140.23,3991090,0
DKNG.US,D,20190604,000000,144.47,149.03,118.64,126.96,6151137,0
DKNG.US,D,20190605,000000,125.49,126.45,113.80,119.06,5311140,0
DKNG.US,D,20190606,000000,120.58,124.07,92.95,100.80,6246473,0
DKNG.US,D,20190607,000000,94.95,116.90,87.32,112.09,4224687,0
DKNG.US,D,20190610,000000,108.92,119.85,107.22,116.19,2743127,0
DKNG.US,D,20190610,000000,117.16,117.61,116.98,117.61,3917746,0
DKNG.US,D,20190610,000000,110.11,123.42,108.06,121.39,5740298,0
DKNG.US,D,20190611,000000,118.35,126.17,115.72,124.31,4201800,0
DKNG.US,D,20190612,000000,128.92,130.56,116.47,119.61,6187513,0
DKNG.US,D,20190613,000000,115.63,140.19,114.81,135.91,2712771,0
DKNG.US,D,20190614,000000,135.70,140.03,135.14,139.44,4826887,0
DKNG.US,D,20190617,000000,139.61,147.29,137.94,146.87,7219457,0
DKNG.US,D,20190617,000000,149.45,149.95,147.25,149.87,6171219,0
DKNG.US,D,20190617,000000,147.36,152.30,121.89,133.01,4019267,0
DKNG.US,D,20190618,000000,132.40,163.98,119.74,156.91,7326838,0
DKNG.US,D,20190619,000000,156.24,166.33,155.82,165.20,3251566,0
DKNG.US,D,20190620,000000,162.76,188.94,159.60,188.69,6876167,0
DKNG.US,D,20190621,000000,195.74,206.42,164.60,177.28,6770409,0
DKNG.US,D,20190624,000000,180.24,186.31,166.10,169.11,7010135,0
DKNG.US,D,20190624,000000,172.45,176.63,147.76,156.46,6447868,0
DKNG.US,D,20190624,000000,156.71,156.77,148.69,150.70,5397013,0
DKNG.US,D,20190625,000000,152.68,169.45,151.86,167.86,3415916,0
DKNG.US,D,20190626,000000,172.00,172.04,139.83,150.00,3268400,0
DKNG.US,D,20190627,000000,150.11,156.47,127.91,128.99,6359016,0
DKNG.US,D,20190628,000000,132.79,133.65,109.53,112.83,6244481,0
DKNG.US,D,20190701,000000,105.18,132.56,101.92,132.28,4718992,0
DKNG.US,D,20190701,000000,131.98,138.71,131.16,137.43,2609912,0
DKNG.US,D,20190701,000000,134.05,167.31,127.38,152.21,5269979,0
DKNG.US,D,20190702,000000,149.66,151.45,149.45,150.53,3497227,0
DKNG.US,D,20190703,000000,142.50,148.03,123.52,124.67,7497058,0
DKNG.US,D,20190704,000000,126.59,137.75,126.08,135.44,2926717,0
DKNG.US,D,20190705,000000,133.57,186.58,122.34,168.73,4582981,0
DKNG.US,D,20190708,000000,165.64,168.08,159.34,159.65,4936635,0
DKNG.US,D,20190708,000000,159.35,167.16,157.88,165.02,3496851,0
DKNG.US,D,20190708,000000,166.92,171.91,153.74,158.32,5725858,0
DKNG.US,D,20190709,000000,156.40,165.33,156.22,159.10,2511231,0
DKNG.US,D,20190710,000000,160.07,168.41,159.97,167.05,5920973,0
DKNG.US,D,20190711,000000,173.53,177.43,161.11,162.28,4657030,0
DKNG.US,D,20190712,000000,163.46,171.27,162.22,170.26,7073595,0
DKNG.US,D,20190715,000000,172.45,179.62,157.15,159.31,5263554,0
DKNG.US,D,20190715,000000,160.97,161.17,159.86,160.46,5699397,0
DKNG.US,D,20190715,000000,156.57,166.12,151.23,164.71,5433508,0
DKNG.US,D,20190716,000000,165.00,175.90,161.14,174.56,4079465,0
DKNG.US,D,20190717,000000,173.45,190.74,172.74,185.39,5786207,0
DKNG.US,D,20190718,000000,183.16,188.28,160.63,164.96,3644265,0
DKNG.US,D,20190719,000000,166.82,168.00,141.86,145.12,6380393,0
DKNG.US,D,20190722,000000,147.00,154.77,125.82,134.48,4381632,0
DKNG.US,D,20190722,000000,130.53,132.10,130.41,132.06,7258452,0
DKNG.US,D,20190722,000000,133.48,145.33,133.24,137.43,4983662,0
DKNG.US,D,20190723,000000,138.68,162.28,137.75,152.53,6067151,0
DKNG.US,D,20190724,000000,155.18,156.01,130.90,141.13,6314912,0
DKNG.US,D,20190725,000000,143.81,143.99,134.62,135.65,5558684,0
DKNG.US,D,20190726,000000,135.66,137.07,135.34,137.01,3686942,0
DKNG.US,D,20190729,000000,134.22,145.36,133.07,145.26,6674742,0
DKNG.US,D,20190729,000000,138.03,139.47,121.68,126.36,3951579,0
DKNG.US,D,20190729,000000,123.10,124.95,97.48,107.03,7127811,0
DKNG.US,D,20190730,000000,108.75,114.86,108.58,114.42,5759551,0
DKNG.US,D,20190731,000000,119.83,122.91,100.33,104.57,7373223,0
DKNG.US,D,20190801,000000,103.63,116.40,102.67,111.36,7250838,0
DKNG.US,D,20190802,000000,112.59,114.51,87.53,101.23,7426195,0
DKNG.US,D,20190805,000000,104.50,106.04,87.25,88.39,6722371,0
DKNG.US,D,20190805,000000,90.34,92.71,82.89,84.41,4101315,0
DKNG.US,D,20190805,000000,83.78,92.16,83.54,89.61,6735454,0
DKNG.US,D,20190806,000000,90.21,93.91,83.12,85.48,3589257,0
DKNG.US,D,20190807,000000,85.67,90.58,71.74,74.58,6573835,0
DKNG.US,D,20190808,000000,74.54,77.21,57.13,64.56,4630219,0
DKNG.US,D,20190809,000000,66.39,67.87,60.40,61.49,2683635,0
DKNG.US,D,20190812,000000,62.36,62.66,55.72,58.02,5249337,0
DKNG.US,D,20190812,000000,56.76,56.90,56.69,56.74,6148712,0
DKNG.US,D,20190812,000000,56.91,61.48,55.78,60.42,2560909,0
DKNG.US,D,20190813,000000,61.13,65.37,60.14,63.80,5945620,0
DKNG.US,D,20190814,000000,64.99,75.31,64.99,71.59,3712458,0
DKNG.US,D,20190815,000000,70.06,78.98,69.44,77.87,4302309,0
DKNG.US,D,20190816,000000,76.71,77.20,71.64,73.08,2976225,0
DKNG.US,D,20190819,000000,70.92,74.15,61.19,64.86,3862003,0
DKNG.US,D,20190819,000000,66.15,66.85,62.13,62.85,4550849,0
DKNG.US,D,20190819,000000,60.94,66.39,60.05,65.38,3573028,0
DKNG.US,D,20190820,000000,65.23,65.25,64.53,64.86,3674942,0
DKNG.US,D,20190821,000000,65.60,65.74,61.28,62.63,6388812,0
DKNG.US,D,20190822,000000,63.31,63.95,59.07,60.02,3790256,0
DKNG.US,D,20190823,000000,60.78,62.45,54.50,57.36,3470810,0
DKNG.US,D,20190826,000000,55.83,58.90,54.94,57.92,3150980,0
DKNG.US,D,20190826,000000,59.73,62.22,50.00,50.81,6944247,0
DKNG.US,D,20190826,000000,51.57,52.50,43.39,44.98,5951392,0
DKNG.US,D,20190827,000000,45.31,47.19,44.96,45.60,5831867,0
DKNG.US,D,20190828,000000,43.88,48.77,42.92,47.98,7371767,0
DKNG.US,D,20190829,000000,48.37,48.56,48.09,48.40,4840819,0
DKNG.US,D,20190830,000000,49.37,49.57,43.81,45.31,6589353,0
DKNG.US,D,20190902,000000,46.31,46.38,44.34,44.89,2593392,0
DKNG.US,D,20190902,000000,46.14,46.53,42.06,42.31,6207364,0
DKNG.US,D,20190902,000000,41.09,41.61,41.05,41.24,6893890,0
DKNG.US,D,20190903,000000,40.31,49.08,37.02,47.77,4404677,0
DKNG.US,D,20190904,000000,46.50,46.99,42.79,44.20,7253344,0
DKNG.US,D,20190905,000000,44.00,44.46,41.50,42.34,5622008,0
DKNG.US,D,20190906,000000,43.12,43.98,40.03,40.23,7068914,0
DKNG.US,D,20190909,000000,40.27,40.89,38.07,38.41,3748791,0
DKNG.US,D,20190909,000000,38.52,39.23,32.26,34.61,7420259,0
DKNG.US,D,20190909,000000,34.14,37.25,33.44,36.60,3759015,0
DKNG.US,D,20190910,000000,37.14,38.61,29.64,31.18,6256045,0
DKNG.US,D,20190911,000000,31.60,35.60,31.30,35.20,5632936,0
DKNG.US,D,20190912,000000,35.21,35.90,28.71,29.74,3733865,0
DKNG.US,D,20190913,000000,29.78,31.17,29.19,31.14,3707475,0
DKNG.US,D,20190916,000000,31.61,32.01,30.70,31.70,2605591,0
DKNG.US,D,20190916,000000,30.83,30.97,29.49,29.97,2941251,0
DKNG.US,D,20190916,000000,29.90,30.35,26.72,27.18,5523854,0
DKNG.US,D,20190917,000000,26.56,26.67,25.35,25.69,3367448,0
DKNG.US,D,20190918,000000,26.08,26.44,25.09,25.14,6716191,0
DKNG.US,D,20190919,000000,25.29,26.35,25.10,25.81,5361813,0
DKNG.US,D,20190920,000000,25.59,28.91,24.97,27.92,5288721,0
DKNG.US,D,20190923,000000,26.20,26.34,24.72,25.18,6766736,0
DKNG.US,D,20190923,000000,24.74,26.09,24.54,25.84,5504696,0
DKNG.US,D,20190923,000000,25.49,27.77,24.67,27.10,7402002,0
DKNG.US,D,20190924,000000,25.87,25.99,23.55,24.24,3117202,0
DKNG.US,D,20190925,000000,23.70,27.07,22.62,26.73,2848479,0
DKNG.US,D,20190926,000000,26.34,26.43,23.28,23.99,2707160,0
DKNG.US,D,20190927,000000,23.93,25.78,23.50,25.57,3024752,0
DKNG.US,D,20190930,000000,25.94,26.59,25.90,26.11,3559714,0
DKNG.US,D,20190930,000000,26.67,27.48,26.14,27.40,3498446,0
DKNG.US,D,20190930,000000,27.81,30.65,27.52,29.90,6432146,0
DKNG.US,D,20191001,000000,29.18,29.86,26.10,26.88,6363622,0
DKNG.US,D,20191002,000000,27.82,27.87,25.48,26.20,4845748,0
DKNG.US,D,20191003,000000,26.77,28.09,24.83,24.93,2564279,0
DKNG.US,D,20191004,000000,25.10,26.48,25.01,26.08,3330626,0
DKNG.US,D,20191007,000000,25.87,27.30,25.59,26.54,3793313,0
DKNG.US,D,20191007,000000,26.53,26.83,25.12,25.34,2713386,0
DKNG.US,D,20191007,000000,26.04,26.23,24.16,24.17,5911262,0
DKNG.US,D,20191008,000000,24.48,26.53,23.99,26.14,6588919,0
DKNG.US,D,20191009,000000,25.75,26.19,23.13,23.48,4874923,0
DKNG.US,D,20191010,000000,23.93,24.08,21.95,22.55,7046066,0
DKNG.US,D,20191011,000000,22.11,22.12,22.08,22.08,4493802,0
DKNG.US,D,20191014,000000,22.60,23.84,22.43,23.73,6300567,0
DKNG.US,D,20191014,000000,23.70,25.78,23.30,25.25,6141587,0
DKNG.US,D,20191014,000000,25.32,28.05,24.69,27.55,6203340,0
DKNG.US,D,20191015,000000,27.50,27.87,26.50,26.52,5576613,0
DKNG.US,D,20191016,000000,27.18,27.56,27.09,27.44,7234206,0
DKNG.US,D,20191017,000000,26.68,26.68,26.43,26.44,6853488,0
DKNG.US,D,20191018,000000,26.16,26.36,24.28,24.86,2660353,0
DKNG.US,D,20191021,000000,24.91,24.99,23.36,23.73,4182671,0
DKNG.US,D,20191021,000000,24.22,24.37,22.54,23.54,5617770,0
DKNG.US,D,20191021,000000,23.17,23.49,23.16,23.40,5225064,0
DKNG.US,D,20191022,000000,23.10,25.65,23.03,24.71,3829551,0
DKNG.US,D,20191023,000000,24.56,25.54,24.48,25.26,7289445,0
DKNG.US,D,20191024,000000,24.77,26.18,24.21,25.88,7265687,0
DKNG.US,D,20191025,000000,26.35,26.43,25.97,26.25,6295317,0
DKNG.US,D,20191028,000000,26.24,27.46,26.00,27.23,6439014,0
DKNG.US,D,20191028,000000,27.57,29.88,27.43,28.53,5863484,0
DKNG.US,D,20191028,000000,29.20,31.07,28.78,30.75,3725998,0
DKNG.US,D,20191029,000000,30.72,32.12,30.46,32.11,7276541,0
DKNG.US,D,20191030,000000,32.38,34.48,31.66,34.36,6556159,0
DKNG.US,D,20191031,000000,34.52,34.76,32.86,33.54,3872065,0
DKNG.US,D,20191101,000000,32.88,33.20,32.84,33.14,2805334,0
DKNG.US,D,20191104,000000,34.20,35.47,29.98,30.59,6843686,0
DKNG.US,D,20191104,000000,30.56,31.12,27.04,27.93,4040253,0
DKNG.US,D,20191104,000000,28.08,28.34,24.59,25.42,3131361,0
DKNG.US,D,20191105,000000,25.21,25.93,25.12,25.40,6851718,0
DKNG.US,D,20191106,000000,25.83,26.19,22.66,23.03,3466226,0
DKNG.US,D,20191107,000000,22.93,25.58,22.65,25.06,5553980,0
DKNG.US,D,20191108,000000,24.90,25.24,21.98,22.67,5688445,0
DKNG.US,D,20191111,000000,22.05,25.10,21.13,24.57,4206650,0
DKNG.US,D,20191111,000000,24.56,24.65,23.66,23.82,7140154,0
DKNG.US,D,20191111,000000,23.56,24.04,22.61,22.62,6361553,0
DKNG.US,D,20191112,000000,22.84,22.97,20.96,21.77,4161583,0
DKNG.US,D,20191113,000000,22.25,22.26,20.05,20.15,3873152,0
DKNG.US,D,20191114,000000,20.80,20.85,20.42,20.71,2728061,0
DKNG.US,D,20191115,000000,19.87,22.42,19.29,22.25,3058968,0
DKNG.US,D,20191118,000000,22.87,24.96,22.48,24.92,4016845,0
DKNG.US,D,20191118,000000,25.15,25.55,24.94,25.49,4880850,0
DKNG.US,D,20191118,000000,26.28,26.92,23.42,23.77,4111833,0
DKNG.US,D,20191119,000000,23.73,24.29,23.44,23.55,7138009,0
DKNG.US,D,20191120,000000,22.57,24.56,22.40,24.24,4862311,0
DKNG.US,D,20191121,000000,23.68,24.46,21.77,21.93,7230267,0
DKNG.US,D,20191122,000000,21.85,22.49,21.56,21.68,4863324,0
DKNG.US,D,20191125,000000,22.22,22.36,21.09,21.61,2579449,0
DKNG.US,D,20191125,000000,22.18,22.30,21.63,21.73,4455948,0
DKNG.US,D,20191125,000000,22.31,22.46,21.50,21.92,5402928,0
DKNG.US,D,20191126,000000,21.80,22.14,20.43,20.96,3081660,0
DKNG.US,D,20191127,000000,21.46,22.01,18.24,18.33,6609093,0
DKNG.US,D,20191128,000000,17.84,19.21,17.64,19.00,6284833,0
DKNG.US,D,20191129,000000,18.94,19.02,18.60,18.69,4806662,0
DKNG.US,D,20191202,000000,18.49,21.70,17.92,20.68,5909625,0
DKNG.US,D,20191202,000000,20.59,21.55,20.58,21.52,5393517,0
DKNG.US,D,20191202,000000,21.82,23.44,21.81,22.76,2733048,0
DKNG.US,D,20191203,000000,23.28,23.59,22.62,22.72,5016808,0
DKNG.US,D,20191204,000000,22.51,22.63,21.02,21.44,5907373,0
DKNG.US,D,20191205,000000,20.96,21.05,20.42,20.76,6277692,0
DKNG.US,D,20191206,000000,20.98,20.98,20.84,20.87,5476747,0
DKNG.US,D,20191209,000000,20.81,23.68,20.26,23.20,6290852,0
DKNG.US,D,20191209,000000,23.44,26.92,22.82,25.63,6852153,0
DKNG.US,D,20191209,000000,26.17,26.19,25.42,25.71,6102463,0
DKNG.US,D,20191210,000000,26.31,27.55,26.16,27.15,3912988,0
DKNG.US,D,20191211,000000,27.44,27.78,25.80,26.06,7401781,0
DKNG.US,D,20191212,000000,26.25,27.46,26.11,26.92,3809419,0
DKNG.US,D,20191213,000000,26.92,27.43,23.37,23.74,6778113,0
DKNG.US,D,20191216,000000,23.84,24.14,22.63,23.09,7270794,0
DKNG.US,D,20191216,000000,22.39,24.91,22.11,24.49,6653591,0
DKNG.US,D,20191216,000000,24.24,24.33,23.05,23.48,3087181,0
DKNG.US,D,20191217,000000,23.44,23.86,20.37,21.18,4936259,0
DKNG.US,D,20191218,000000,20.98,22.71,20.97,22.19,6341822,0
DKNG.US,D,20191219,000000,21.56,27.95,21.34,25.38,7240156,0
DKNG.US,D,20191220,000000,25.41,26.27,25.28,25.64,4661096,0
DKNG.US,D,20191223,000000,25.93,27.70,25.54,27.52,5027851,0
DKNG.US,D,20191223,000000,27.85,28.17,24.83,25.53,6690461,0
DKNG.US,D,20191223,000000,25.03,25.35,22.77,23.81,6415912,0
DKNG.US,D,20191224,000000,24.08,24.52,19.68,20.74,6455900,0
DKNG.US,D,20191225,000000,20.85,21.13,17.47,18.16,4973627,0
DKNG.US,D,20191226,000000,18.22,18.32,16.58,16.67,4825643,0
DKNG.US,D,20191227,000000,17.46,17.99,14.22,14.73,3744206,0
DKNG.US,D,20191230,000000,14.91,15.35,14.89,15.29,3572491,0
DKNG.US,D,20191230,000000,15.72,15.82,14.26,14.34,5733488,0
DKNG.US,D,20191230,000000,14.36,14.96,10.05,11.33,3442906,0
DKNG.US,D,20191231,000000,11.55,13.41,11.34,12.97,5515693,0
DKNG.US,D,20200101,000000,13.21,13.31,12.55,12.55,2606125,0
DKNG.US,D,20200102,000000,12.75,12.95,12.49,12.63,4919836,0
DKNG.US,D,20200103,000000,12.52,13.00,12.46,12.89,6754126,0
DKNG.US,D,20200106,000000,12.91,13.77,12.87,13.60,3114628,0
DKNG.US,D,20200106,000000,14.10,14.17,13.30,13.54,7073479,0
DKNG.US,D,20200106,000000,13.73,14.83,13.46,14.52,5969799,0
DKNG.US,D,20200107,000000,14.91,15.32,13.66,13.88,5641618,0
DKNG.US,D,20200108,000000,14.04,14.20,12.13,12.66,6268816,0
DKNG.US,D,20200109,000000,12.98,13.10,12.40,12.48,4871310,0
DKNG.US,D,20200110,000000,11.96,13.32,11.73,13.08,3751302,0
DKNG.US,D,20200113,000000,13.10,13.22,12.44,12.56,10016179,0
DKNG.US,D,20200113,000000,12.89,13.13,11.43,12.01,15417795,0
DKNG.US,D,20200113,000000,11.85,12.20,11.21,11.26,18916856,0
DKNG.US,D,20200114,000000,11.27,11.34,10.73,10.81,12788805,0
DKNG.US,D,20200115,000000,10.06,10.44,9.99,10.25,26722941,0
DKNG.US,D,20200116,000000,10.30,10.56,9.45,9.62,19651457,0
DKNG.US,D,20200117,000000,9.39,9.41,9.01,9.05,33731304,0
DKNG.US,D,20200120,000000,8.63,8.84,7.44,7.90,3863445,0
DKNG.US,D,20200120,000000,8.19,8.52,6.43,6.86,3044754,0
DKNG.US,D,20200120,000000,6.94,6.95,6.75,6.83,3281130,0
DKNG.US,D,20200121,000000,6.58,6.59,6.10,6.23,3534213,0
DKNG.US,D,20200122,000000,6.22,6.74,6.19,6.67,5854843,0
DKNG.US,D,20200123,000000,6.63,7.55,6.39,7.46,6724791,0
DKNG.US,D,20200124,000000,7.57,8.73,7.50,8.30,6644134,0
DKNG.US,D,20200127,000000,8.10,9.01,8.06,8.67,6354371,0
DKNG.US,D,20200127,000000,8.71,8.73,7.88,7.93,4781883,0
DKNG.US,D,20200127,000000,7.70,7.80,7.18,7.22,5494190,0
DKNG.US,D,20200128,000000,7.04,7.52,6.91,7.34,3686164,0
DKNG.US,D,20200129,000000,7.26,7.27,7.18,7.22,6955872,0
DKNG.US,D,20200130,000000,7.08,8.05,6.96,7.86,4235251,0
DKNG.US,D,20200131,000000,7.89,8.31,7.21,7.35,4632424,0
DKNG.US,D,20200203,000000,7.39,9.79,7.13,9.06,5678526,0
DKNG.US,D,20200203,000000,9.14,9.30,8.78,9.01,2913755,0
DKNG.US,D,20200203,000000,9.19,9.52,8.02,8.22,3120117,0
DKNG.US,D,20200204,000000,8.35,8.45,7.28,7.68,6634813,0
DKNG.US,D,20200205,000000,7.54,7.60,7.24,7.25,3757604,0
DKNG.US,D,20200206,000000,7.28,7.45,7.21,7.32,6277401,0
DKNG.US,D,20200207,000000,7.05,7.07,6.42,6.45,2587115,0
DKNG.US,D,20200210,000000,6.62,6.84,5.52,5.72,2763299,0
DKNG.US,D,20200210,000000,5.65,5.67,4.73,5.08,6582722,0
DKNG.US,D,20200210,000000,4.88,5.50,4.87,5.45,5189213,0
DKNG.US,D,20200211,000000,5.42,5.52,4.55,5.02,6214769,0
DKNG.US,D,20200212,000000,4.92,4.93,4.82,4.87,5026536,0
DKNG.US,D,20200213,000000,4.83,5.66,4.80,5.16,3747825,0
DKNG.US,D,20200214,000000,5.26,5.51,5.21,5.43,7237249,0
DKNG.US,D,20200217,000000,5.51,5.69,4.98,5.04,5296891,0
DKNG.US,D,20200217,000000,5.09,5.29,5.06,5.27,4277778,0
DKNG.US,D,20200217,000000,5.10,5.34,5.07,5.28,6286411,0
DKNG.US,D,20200218,000000,5.21,5.26,5.09,5.14,7406705,0
DKNG.US,D,20200219,000000,5.05,5.39,5.04,5.26,2971524,0
DKNG.US,D,20200220,000000,5.48,5.83,5.42,5.65,6005106,0
DKNG.US,D,20200221,000000,5.61,6.67,5.56,6.65,5738184,0
DKNG.US,D,20200224,000000,6.96,6.98,6.61,6.65,5548356,0
DKNG.US,D,20200224,000000,6.53,6.67,5.81,6.05,7301024,0
DKNG.US,D,20200224,000000,6.05,6.52,5.96,6.38,5382069,0
DKNG.US,D,20200225,000000,6.20,7.01,6.14,6.97,7203875,0
DKNG.US,D,20200226,000000,7.18,7.23,6.68,6.82,6114898,0
DKNG.US,D,20200227,000000,6.69,6.73,6.60,6.62,6012986,0
DKNG.US,D,20200228,000000,6.53,7.14,6.42,6.98,5811182,0
DKNG.US,D,20200302,000000,6.94,6.97,6.87,6.95,3190027,0
DKNG.US,D,20200302,000000,7.15,7.22,6.82,7.01,4081178,0
DKNG.US,D,20200302,000000,6.98,7.15,6.95,7.14,4023663,0
DKNG.US,D,20200303,000000,7.25,7.69,7.25,7.57,4077451,0
DKNG.US,D,20200304,000000,7.81,8.32,7.68,8.15,4913475,0
DKNG.US,D,20200305,000000,8.15,8.85,8.04,8.62,3706471,0
DKNG.US,D,20200306,000000,8.86,9.29,8.23,8.38,2960992,0
DKNG.US,D,20200309,000000,8.03,9.52,7.73,9.24,7058414,0
DKNG.US,D,20200309,000000,9.19,10.31,9.04,10.01,5804334,0
DKNG.US,D,20200309,000000,9.95,10.45,9.78,10.09,2976425,0
DKNG.US,D,20200310,000000,9.94,11.02,9.78,10.59,3276562,0
DKNG.US,D,20200311,000000,10.87,11.19,10.72,11.15,7311319,0
DKNG.US,D,20200312,000000,11.24,11.26,11.19,11.19,4962105,0
DKNG.US,D,20200313,000000,11.34,11.46,9.65,10.34,3606785,0
DKNG.US,D,20200316,000000,10.23,10.41,10.12,10.40,3815465,0
DKNG.US,D,20200316,000000,10.27,10.37,8.89,8.98,2697336,0
DKNG.US,D,20200316,000000,9.26,9.55,7.82,8.07,5578160,0
DKNG.US,D,20200317,000000,8.00,8.09,7.64,7.68,6777998,0
DKNG.US,D,20200318,000000,7.30,8.10,6.83,8.02,3990302,0
DKNG.US,D,20200319,000000,7.83,8.99,7.71,8.91,4229613,0
DKNG.US,D,20200320,000000,8.86,9.83,8.78,9.68,6163379,0
DKNG.US,D,20200323,000000,9.49,10.60,9.23,10.12,4295976,0
DKNG.US,D,20200323,000000,10.34,10.39,9.85,10.02,3597675,0
DKNG.US,D,20200323,000000,10.16,10.26,9.68,9.79,6708315,0
DKNG.US,D,20200324,000000,9.59,9.92,8.77,8.98,3752020,0
DKNG.US,D,20200325,000000,8.98,9.02,8.75,8.82,6492251,0
DKNG.US,D,20200326,000000,9.11,10.21,9.05,9.90,4467971,0
DKNG.US,D,20200327,000000,9.86,10.04,8.04,8.72,3387155,0
DKNG.US,D,20200330,000000,8.79,8.92,7.48,8.12,6708188,0
DKNG.US,D,20200330,000000,7.78,8.67,7.40,8.39,2687426,0
DKNG.US,D,20200330,000000,8.52,8.52,8.23,8.32,6932082,0
DKNG.US,D,20200331,000000,8.41,8.62,8.37,8.61,3099806,0
DKNG.US,D,20200401,000000,8.78,8.82,8.15,8.34,2679208,0
DKNG.US,D,20200402,000000,8.40,8.88,8.37,8.79,6095622,0
DKNG.US,D,20200403,000000,8.97,9.45,7.94,8.11,5877951,0
DKNG.US,D,20200406,000000,8.00,9.07,7.79,8.67,6515077,0
DKNG.US,D,20200406,000000,8.94,8.96,8.73,8.75,6676310,0
DKNG.US,D,20200406,000000,8.87,8.89,8.44,8.49,4518530,0
DKNG.US,D,20200407,000000,8.64,9.56,8.63,9.35,3314681,0
DKNG.US,D,20200408,000000,9.52,9.85,7.85,8.30,4825240,0
DKNG.US,D,20200409,000000,8.16,8.22,8.08,8.15,4234179,0
DKNG.US,D,20200410,000000,7.95,7.95,6.04,6.58,7156830,0
DKNG.US,D,20200413,000000,6.76,6.99,5.80,5.89,5769397,0
DKNG.US,D,20200413,000000,6.07,6.10,5.82,5.99,2676987,0
DKNG.US,D,20200413,000000,6.14,6.17,5.26,5.48,4591630,0
DKNG.US,D,20200414,000000,5.56,6.30,5.45,6.10,5949161,0
DKNG.US,D,20200415,000000,6.08,7.08,5.82,6.72,3020945,0
DKNG.US,D,20200416,000000,6.90,7.10,6.08,6.21,6612696,0
DKNG.US,D,20200417,000000,6.29,6.42,5.92,5.94,6534933,0
DKNG.US,D,20200420,000000,5.86,6.16,5.86,6.10,4591993,0
DKNG.US,D,20200420,000000,6.07,6.08,5.66,5.76,6830883,0
DKNG.US,D,20200420,000000,5.53,6.21,5.42,5.99,6110907,0
DKNG.US,D,20200421,000000,5.91,6.88,5.75,6.50,6759190,0
DKNG.US,D,20200422,000000,6.59,7.15,6.55,7.03,3009275,0
DKNG.US,D,20200423,000000,7.03,7.28,7.00,7.18,2587755,0
DKNG.US,D,20200424,000000,6.97,7.25,6.32,6.56,7024074,0
DKNG.US,D,20200427,000000,6.60,6.61,6.21,6.25,6314331,0
DKNG.US,D,20200427,000000,6.15,6.53,6.10,6.46,4616081,0
DKNG.US,D,20200427,000000,6.22,7.92,5.92,7.44,7455594,0
DKNG.US,D,20200428,000000,7.79,7.83,7.35,7.46,3969764,0
DKNG.US,D,20200429,000000,7.76,7.98,6.19,6.50,4673683,0
DKNG.US,D,20200430,000000,6.42,6.47,6.04,6.16,5114227,0
DKNG.US,D,20200501,000000,6.28,6.33,6.01,6.01,4192970,0
DKNG.US,D,20200504,000000,6.00,6.01,5.90,5.92,5031026,0
DKNG.US,D,20200504,000000,6.19,6.32,6.18,6.31,4453861,0
DKNG.US,D,20200504,000000,6.35,6.37,5.65,5.88,3897747,0
DKNG.US,D,20200505,000000,5.99,6.00,5.08,5.19,5976779,0
DKNG.US,D,20200506,000000,5.03,5.86,5.00,5.69,2800815,0
DKNG.US,D,20200507,000000,5.60,6.05,5.51,5.99,4797349,0
DKNG.US,D,20200508,000000,5.83,6.62,5.62,6.23,3191550,0
DKNG.US,D,20200511,000000,6.19,6.70,6.14,6.69,4196914,0
DKNG.US,D,20200511,000000,6.52,7.31,6.15,7.18,4664220,0
DKNG.US,D,20200511,000000,6.80,9.46,6.53,8.32,4942528,0
DKNG.US,D,20200512,000000,8.11,8.68,8.04,8.64,5316738,0
DKNG.US,D,20200513,000000,8.32,8.37,8.21,8.26,6468209,0
DKNG.US,D,20200514,000000,8.12,8.27,8.12,8.19,3680289,0
DKNG.US,D,20200515,000000,8.45,8.66,7.38,7.59,2625200,0
DKNG.US,D,20200518,000000,7.50,7.95,7.50,7.81,4387468,0
DKNG.US,D,20200518,000000,7.65,7.69,7.33,7.36,3681993,0
DKNG.US,D,20200518,000000,6.98,7.73,6.92,7.73,4317364,0
DKNG.US,D,20200519,000000,7.53,7.83,7.40,7.80,6277423,0
DKNG.US,D,20200520,000000,7.58,7.74,6.85,6.92,4215028,0
DKNG.US,D,20200521,000000,7.15,7.34,6.56,6.74,5971910,0
DKNG.US,D,20200522,000000,7.01,7.24,6.39,6.62,3430162,0
DKNG.US,D,20200525,000000,6.56,6.72,6.47,6.65,5451593,0
DKNG.US,D,20200525,000000,6.32,6.81,6.10,6.77,5269647,0
DKNG.US,D,20200525,000000,7.01,7.06,6.29,6.40,6295301,0
DKNG.US,D,20200526,000000,6.64,6.83,5.15,5.93,6208362,0
DKNG.US,D,20200527,000000,5.92,5.95,5.67,5.67,6969913,0
DKNG.US,D,20200528,000000,5.49,5.51,5.48,5.51,6376866,0
DKNG.US,D,20200529,000000,5.49,5.66,5.45,5.55,4177643,0
DKNG.US,D,20200601,000000,5.56,5.76,5.52,5.73,5913735,0
DKNG.US,D,20200601,000000,5.96,5.96,5.67,5.70,5778121,0
DKNG.US,D,20200601,000000,5.71,6.06,5.67,5.97,5685352,0
DKNG.US,D,20200602,000000,5.92,6.00,5.70,5.75,4013390,0
DKNG.US,D,20200603,000000,5.73,6.74,5.59,6.26,6278658,0
DKNG.US,D,20200604,000000,6.36,6.43,5.98,6.13,5197966,0
DKNG.US,D,20200605,000000,6.15,6.15,5.87,5.90,6776359,0
DKNG.US,D,20200608,000000,5.92,5.95,5.70,5.81,3434041,0
DKNG.US,D,20200608,000000,5.67,5.67,5.37,5.49,5223366,0
DKNG.US,D,20200608,000000,5.34,5.58,5.33,5.48,5236865,0
DKNG.US,D,20200609,000000,5.43,5.57,5.41,5.52,4167708,0
DKNG.US,D,20200610,000000,5.74,5.97,5.47,5.52,3929450,0
DKNG.US,D,20200611,000000,5.40,5.48,5.24,5.30,4464672,0
DKNG.US,D,20200612,000000,5.23,5.27,4.86,4.90,5953443,0
DKNG.US,D,20200615,000000,4.91,5.20,4.87,5.19,5869017,0
DKNG.US,D,20200615,000000,5.32,5.39,4.92,4.94,4870293,0
DKNG.US,D,20200615,000000,4.95,4.95,4.90,4.91,5083892,0
DKNG.US,D,20200616,000000,4.94,5.04,4.40,4.54,7088631,0
DKNG.US,D,20200617,000000,4.63,4.63,4.55,4.59,5464330,0
DKNG.US,D,20200618,000000,4.54,4.54,4.52,4.53,3373339,0
DKNG.US,D,20200619,000000,4.66,4.80,4.34,4.45,3216744,0
DKNG.US,D,20200622,000000,4.50,4.59,4.32,4.35,4037381,0
DKNG.US,D,20200622,000000,4.42,4.81,4.39,4.72,5221326,0
DKNG.US,D,20200622,000000,4.68,4.82,4.62,4.80,6243927,0
DKNG.US,D,20200623,000000,4.79,5.06,4.41,4.58,2878978,0
DKNG.US,D,20200624,000000,4.56,4.58,4.46,4.50,3586891,0
DKNG.US,D,20200625,000000,4.40,5.48,4.36,5.03,4503310,0
DKNG.US,D,20200626,000000,4.89,4.98,4.88,4.97,6528573,0
DKNG.US,D,20200629,000000,4.85,4.86,4.70,4.77,3701466,0
DKNG.US,D,20200629,000000,4.85,4.87,4.75,4.76,3806208,0
DKNG.US,D,20200629,000000,4.75,4.81,4.20,4.21,6062993,0
DKNG.US,D,20200630,000000,4.15,4.38,4.10,4.33,3729611,0
DKNG.US,D,20200701,000000,4.42,4.58,3.92,4.08,7193240,0
DKNG.US,D,20200702,000000,4.07,4.47,3.99,4.42,3110174,0
DKNG.US,D,20200703,000000,4.43,4.45,4.27,4.33,5258471,0
DKNG.US,D,20200706,000000,4.47,4.53,4.27,4.29,4294227,0
DKNG.US,D,20200706,000000,4.23,4.23,3.66,3.75,3898431,0
DKNG.US,D,20200706,000000,3.65,3.86,3.62,3.79,3326442,0
DKNG.US,D,20200707,000000,3.79,4.01,3.74,3.99,5520879,0
DKNG.US,D,20200708,000000,3.98,4.33,3.87,4.23,5207890,0
DKNG.US,D,20200709,000000,4.18,4.32,4.17,4.20,3190088,0
DKNG.US,D,20200710,000000,4.39,4.60,3.41,3.55,3652756,0
DKNG.US,D,20200713,000000,3.61,3.67,3.36,3.45,4976845,0
DKNG.US,D,20200713,000000,3.46,3.51,3.06,3.07,6933751,0
DKNG.US,D,20200713,000000,3.10,3.18,3.09,3.14,5125010,0
DKNG.US,D,20200714,000000,3.26,3.34,3.24,3.30,6570315,0
DKNG.US,D,20200715,000000,3.38,3.44,3.09,3.13,4618069,0
DKNG.US,D,20200716,000000,3.20,3.27,3.03,3.06,3332171,0
DKNG.US,D,20200717,000000,3.16,3.35,3.16,3.32,5698232,0
DKNG.US,D,20200720,000000,3.27,3.42,3.14,3.37,4861731,0
DKNG.US,D,20200720,000000,3.31,3.35,3.12,3.24,7055967,0
DKNG.US,D,20200720,000000,3.18,3.20,2.81,2.95,3593360,0
DKNG.US,D,20200721,000000,2.82,3.01,2.79,2.94,3668387,0
DKNG.US,D,20200722,000000,2.83,3.43,2.82,3.33,6635205,0
DKNG.US,D,20200723,000000,3.38,3.47,2.93,2.97,3330358,0
DKNG.US,D,20200724,000000,2.97,3.51,2.87,3.36,7303067,0
DKNG.US,D,20200727,000000,3.28,3.32,3.26,3.32,6065766,0
DKNG.US,D,20200727,000000,3.29,3.33,2.99,3.06,4769498,0
DKNG.US,D,20200727,000000,3.06,3.46,3.04,3.29,5078203,0
DKNG.US,D,20200728,000000,3.25,3.30,3.24,3.26,6213117,0
DKNG.US,D,20200729,000000,3.19,3.19,2.94,2.99,6228546,0
DKNG.US,D,20200730,000000,2.94,2.99,2.94,2.96,6323993,0
DKNG.US,D,20200731,000000,2.91,3.58,2.82,3.29,3258199,0
DKNG.US,D,20200803,000000,3.39,3.60,2.76,2.79,7117297,0
DKNG.US,D,20200803,000000,2.89,2.92,2.77,2.78,3061164,0
DKNG.US,D,20200803,000000,2.82,3.10,2.73,3.04,5106645,0
DKNG.US,D,20200804,000000,3.13,3.13,2.90,2.96,3451752,0
DKNG.US,D,20200805,000000,2.92,2.99,2.65,2.69,3600420,0
DKNG.US,D,20200806,000000,2.64,2.82,2.64,2.80,6765045,0
DKNG.US,D,20200807,000000,2.79,2.81,2.59,2.60,3226290,0
DKNG.US,D,20200810,000000,2.64,2.64,2.51,2.51,3527935,0
DKNG.US,D,20200810,000000,2.51,2.77,2.44,2.75,4604622,0
DKNG.US,D,20200810,000000,2.86,2.94,2.38,2.54,4466463,0
DKNG.US,D,20200811,000000,2.42,2.60,2.40,2.59,5741165,0
DKNG.US,D,20200812,000000,2.64,2.65,2.63,2.64,7450766,0
DKNG.US,D,20200813,000000,2.65,2.74,2.62,2.72,4578524,0
DKNG.US,D,20200814,000000,2.78,2.85,2.46,2.50,3591751,0
DKNG.US,D,20200817,000000,2.48,2.49,1.74,2.00,6878301,0
DKNG.US,D,20200817,000000,2.04,2.19,2.02,2.13,3715873,0
DKNG.US,D,20200817,000000,2.20,2.26,1.97,2.06,5696095,0
DKNG.US,D,20200818,000000,2.10,2.27,2.10,2.18,3833828,0
DKNG.US,D,20200819,000000,2.17,2.29,2.13,2.28,7002123,0
DKNG.US,D,20200820,000000,2.23,2.25,2.17,2.19,6702223,0
DKNG.US,D,20200821,000000,2.14,2.19,1.91,2.00,5365178,0
DKNG.US,D,20200824,000000,2.04,2.05,1.81,1.88,5341116,0
DKNG.US,D,20200824,000000,1.92,1.92,1.65,1.71,6032217,0
DKNG.US,D,20200824,000000,1.69,1.69,1.55,1.59,7095724,0
DKNG.US,D,20200825,000000,1.56,1.59,1.51,1.52,5593107,0
DKNG.US,D,20200826,000000,1.58,1.59,1.52,1.55,4673380,0
DKNG.US,D,20200827,000000,1.54,1.57,1.32,1.40,6627290,0
DKNG.US,D,20200828,000000,1.39,1.42,1.39,1.41,3768878,0
DKNG.US,D,20200831,000000,1.38,1.41,1.23,1.28,6506641,0
DKNG.US,D,20200831,000000,1.24,1.26,1.23,1.24,7292422,0
DKNG.US,D,20200831,000000,1.22,1.28,1.20,1.28,6943362,0
DKNG.US,D,20200901,000000,1.28,1.30,0.97,1.06,6186060,0
DKNG.US,D,20200902,000000,1.07,1.09,1.06,1.09,5841152,0
DKNG.US,D,20200903,000000,1.04,1.11,1.03,1.08,5159472,0
DKNG.US,D,20200904,000000,1.09,1.19,1.06,1.17,5024267,0
DKNG.US,D,20200907,000000,1.18,1.32,1.17,1.24,5444024,0
DKNG.US,D,20200907,000000,1.23,1.36,1.20,1.35,3413382,0
DKNG.US,D,20200907,000000,1.38,1.57,1.37,1.49,3291743,0
DKNG.US,D,20200908,000000,1.45,1.46,1.24,1.34,3954187,0
DKNG.US,D,20200909,000000,1.34,1.40,0.83,1.09,7306838,0
DKNG.US,D,20200910,000000,1.07,1.09,1.02,1.02,3741628,0
DKNG.US,D,20200911,000000,1.06,1.07,1.00,1.00,4242632,0
DKNG.US,D,20200914,000000,1.02,1.03,1.01,1.02,6347963,0
DKNG.US,D,20200914,000000,1.03,1.11,1.02,1.09,3238134,0
DKNG.US,D,20200914,000000,1.08,1.11,0.97,1.00,7476183,0
DKNG.US,D,20200915,000000,1.00,1.01,0.99,1.00,3816550,0
DKNG.US,D,20200916,000000,1.01,1.03,1.00,1.00,2706081,0
DKNG.US,D,20200917,000000,1.00,1.00,1.00,1.00,4639379,0
DKNG.US,D,20200918,000000,1.00,1.08,0.99,1.05,3589190,0
DKNG.US,D,20200921,000000,1.10,1.10,1.09,1.09,5173469,0
DKNG.US,D,20200921,000000,1.06,1.37,1.04,1.26,3264969,0
DKNG.US,D,20200921,000000,1.24,1.25,1.13,1.13,7279262,0
DKNG.US,D,20200922,000000,1.16,1.16,1.08,1.08,7004688,0
DKNG.US,D,20200923,000000,1.04,1.14,1.04,1.11,4759540,0
DKNG.US,D,20200924,000000,1.11,1.17,0.94,1.00,3239606,0
DKNG.US,D,20200925,000000,1.00,1.02,0.98,1.00,3364681,0
DKNG.US,D,20200928,000000,1.06,1.15,1.04,1.13,6836111,0
DKNG.US,D,20200928,000000,1.14,1.15,0.96,1.00,5301894,0
DKNG.US,D,20200928,000000,1.01,1.01,1.00,1.00,4770774,0
DKNG.US,D,20200929,000000,1.03,1.05,1.03,1.04,2798354,0
DKNG.US,D,20200930,000000,1.01,1.03,0.99,1.03,3256120,0
DKNG.US,D,20201001,000000,1.05,1.09,1.04,1.07,6722017,0
DKNG.US,D,20201002,000000,1.11,1.13,1.01,1.04,6003170,0
DKNG.US,D,20201005,000000,1.06,1.07,0.98,1.00,3377265,0
DKNG.US,D,20201005,000000,1.01,1.01,0.99,1.00,3117830,0
DKNG.US,D,20201005,000000,1.04,1.05,1.00,1.01,6112810,0
DKNG.US,D,20201006,000000,1.00,1.00,1.00,1.00,3440330,0
DKNG.US,D,20201007,000000,1.00,1.02,0.99,1.00,3694668,0
DKNG.US,D,20201008,000000,1.02,1.03,0.97,1.00,3185597,0
DKNG.US,D,20201009,000000,1.00,1.00,1.00,1.00,5020791,0
DKNG.US,D,20201012,000000,1.00,1.07,0.95,1.05,4792438,0
DKNG.US,D,20201012,000000,1.06,1.06,0.96,1.00,5630329,0
DKNG.US,D,20201012,000000,1.00,1.14,0.98,1.14,6728568,0
DKNG.US,D,20201013,000000,1.12,1.18,0.96,1.00,5416344,0
DKNG.US,D,20201014,000000,1.00,1.01,1.00,1.00,5406302,0
DKNG.US,D,20201015,000000,1.02,1.03,0.99,1.00,7301840,0
DKNG.US,D,20201016,000000,1.00,1.00,1.00,1.00,2541843,0
DKNG.US,D,20201019,000000,1.00,1.12,1.00,1.08,2650968,0
DKNG.US,D,20201019,000000,1.07,1.07,1.00,1.00,5527508,0
DKNG.US,D,20201019,000000,1.00,1.15,1.00,1.07,2705241,0
DKNG.US,D,20201020,000000,1.09,1.18,1.09,1.17,5787914,0
DKNG.US,D,20201021,000000,1.14,1.17,1.13,1.16,5234778,0
DKNG.US,D,20201022,000000,1.19,1.20,1.19,1.19,4000607,0
DKNG.US,D,20201023,000000,1.17,1.33,1.16,1.33,2939549,0
DKNG.US,D,20201026,000000,1.32,1.33,1.26,1.29,6840814,0
DKNG.US,D,20201026,000000,1.30,1.32,1.11,1.18,2513348,0
DKNG.US,D,20201026,000000,1.18,1.20,1.13,1.13,6184183,0
DKNG.US,D,20201027,000000,1.13,1.21,1.11,1.19,5328798,0
DKNG.US,D,20201028,000000,1.21,1.22,1.07,1.10,7029637,0
DKNG.US,D,20201029,000000,1.10,1.25,1.08,1.21,6233728,0
DKNG.US,D,20201030,000000,1.21,1.22,1.19,1.19,6986614,0
DKNG.US,D,20201102,000000,1.15,1.16,1.12,1.13,4477909,0
DKNG.US,D,20201102,000000,1.14,1.24,1.14,1.20,3934153,0
DKNG.US,D,20201102,000000,1.19,1.32,1.13,1.31,3402190,0
DKNG.US,D,20201103,000000,1.34,1.37,1.23,1.25,2734170,0
DKNG.US,D,20201104,000000,1.28,1.29,1.21,1.22,4207553,0
DKNG.US,D,20201105,000000,1.19,1.20,1.18,1.18,3050845,0
DKNG.US,D,20201106,000000,1.19,1.20,1.15,1.16,7246472,0
DKNG.US,D,20201109,000000,1.17,1.20,1.14,1.19,4874016,0
DKNG.US,D,20201109,000000,1.19,1.24,1.19,1.24,4911080,0
DKNG.US,D,20201109,000000,1.24,1.30,1.23,1.27,4755005,0
DKNG.US,D,20201110,000000,1.25,1.36,1.25,1.35,7004055,0
DKNG.US,D,20201111,000000,1.34,1.54,1.28,1.52,5433373,0
DKNG.US,D,20201112,000000,1.55,1.57,1.50,1.50,2689447,0
DKNG.US,D,20201113,000000,1.52,1.60,1.16,1.22,2933541,0
DKNG.US,D,20201116,000000,1.23,1.23,1.22,1.23,3315223,0
DKNG.US,D,20201116,000000,1.25,1.28,1.19,1.22,2683558,0
DKNG.US,D,20201116,000000,1.23,1.27,1.07,1.10,6461075,0
DKNG.US,D,20201117,000000,1.06,1.11,1.06,1.08,5156233,0
DKNG.US,D,20201118,000000,1.10,1.13,1.00,1.01,7446195,0
DKNG.US,D,20201119,000000,1.01,1.14,1.00,1.14,3239116,0
DKNG.US,D,20201120,000000,1.14,1.14,1.12,1.14,7234397,0
DKNG.US,D,20201123,000000,1.10,1.15,1.10,1.15,3553693,0
DKNG.US,D,20201123,000000,1.16,1.22,1.16,1.21,2947770,0
DKNG.US,D,20201123,000000,1.17,1.20,1.13,1.16,7437889,0
DKNG.US,D,20201124,000000,1.18,1.19,1.17,1.18,4431290,0
DKNG.US,D,20201125,000000,1.18,1.21,1.17,1.20,3399612,0
DKNG.US,D,20201126,000000,1.20,1.22,1.09,1.13,2940344,0
DKNG.US,D,20201127,000000,1.13,1.36,1.12,1.28,7115882,0
DKNG.US,D,20201130,000000,1.26,1.27,1.19,1.20,5717028,0
DKNG.US,D,20201130,000000,1.17,1.17,1.12,1.13,3720604,0
DKNG.US,D,20201130,000000,1.13,1.13,1.10,1.10,7250973,0
DKNG.US,D,20201201,000000,1.09,1.18,1.07,1.12,3954761,0
DKNG.US,D,20201202,000000,1.10,1.11,0.95,1.00,6620832,0
DKNG.US,D,20201203,000000,1.00,1.01,1.00,1.00,3900191,0
DKNG.US,D,20201204,000000,1.01,1.12,0.99,1.11,4889977,0
DKNG.US,D,20201207,000000,1.11,1.13,0.93,1.00,3438132,0
DKNG.US,D,20201207,000000,1.02,1.02,0.99,1.00,5038893,0
DKNG.US,D,20201207,000000,1.02,1.02,0.99,1.00,3918979,0
DKNG.US,D,20201208,000000,1.00,1.00,1.00,1.00,5048326,0
DKNG.US,D,20201209,000000,1.01,1.01,0.96,1.00,5729964,0
DKNG.US,D,20201210,000000,1.02,1.02,0.99,1.00,2677214,0
DKNG.US,D,20201211,000000,1.00,1.00,1.00,1.00,4693778,0
DKNG.US,D,20201214,000000,1.00,1.04,0.97,1.02,2631494,0
DKNG.US,D,20201214,000000,1.02,1.02,0.98,1.00,4727133,0
DKNG.US,D,20201214,000000,1.00,1.01,1.00,1.00,5981457,0
DKNG.US,D,20201215,000000,1.01,1.01,0.99,1.00,5391215,0
DKNG.US,D,20201216,000000,1.00,1.01,1.00,1.00,3579317,0
DKNG.US,D,20201217,000000,1.00,1.01,1.00,1.00,6444272,0
DKNG.US,D,20201218,000000,1.00,1.10,0.98,1.06,3402328,0
DKNG.US,D,20201221,000000,1.05,1.08,0.99,1.00,6973978,0
DKNG.US,D,20201221,000000,1.00,1.00,1.00,1.00,7172142,0
DKNG.US,D,20201221,000000,1.00,1.01,0.99,1.00,6790672,0
DKNG.US,D,20201222,000000,1.00,1.00,1.00,1.00,5570771,0
DKNG.US,D,20201223,000000,1.00,1.03,0.98,1.00,6970735,0
DKNG.US,D,20201224,000000,1.03,1.03,0.99,1.00,5617030,0
DKNG.US,D,20201225,000000,1.02,1.02,1.00,1.00,6684791,0
DKNG.US,D,20201228,000000,1.00,1.00,1.00,1.00,7062597,0
DKNG.US,D,20201228,000000,1.00,1.01,0.99,1.00,3573232,0
DKNG.US,D,20201228,000000,1.04,1.05,0.99,1.00,6352649,0
DKNG.US,D,20201229,000000,1.00,1.02,0.99,1.00,3391920,0
DKNG.US,D,20201230,000000,1.00,1.01,1.00,1.00,7089722,0
DKNG.US,D,20201231,000000,1.01,1.01,0.99,1.00,7205129,0
DKNG.US,D,20210101,000000,1.02,1.26,0.92,1.22,6194540,0
DKNG.US,D,20210104,000000,1.21,1.36,1.19,1.32,5535313,0
DKNG.US,D,20210104,000000,1.29,1.32,1.28,1.30,2875448,0
DKNG.US,D,20210104,000000,1.26,1.27,1.20,1.21,4144800,0
DKNG.US,D,20210105,000000,1.23,1.23,1.12,1.13,2832465,0
DKNG.US,D,20210106,000000,1.11,1.25,1.11,1.21,6229163,0
DKNG.US,D,20210107,000000,1.21,1.22,1.17,1.18,6658124,0
DKNG.US,D,20210108,000000,1.23,1.23,1.19,1.21,5329379,0
DKNG.US,D,20210111,000000,1.22,1.27,0.92,1.02,3408474,0
DKNG.US,D,20210111,000000,1.00,1.04,0.99,1.04,6069461,0
DKNG.US,D,20210111,000000,1.02,1.03,1.01,1.01,3798564,0
DKNG.US,D,20210112,000000,1.02,1.02,1.02,1.02,2817976,0
DKNG.US,D,20210113,000000,1.06,1.12,0.97,1.00,3524039,0
DKNG.US,D,20210114,000000,1.00,1.02,1.00,1.02,3201548,0
DKNG.US,D,20210115,000000,1.01,1.01,1.01,1.01,5842658,0
DKNG.US,D,20210118,000000,1.02,1.05,1.02,1.03,6949180,0
DKNG.US,D,20210118,000000,1.02,1.03,1.02,1.03,4246877,0
DKNG.US,D,20210118,000000,1.06,1.07,0.99,1.00,5623487,0
DKNG.US,D,20210119,000000,1.00,1.00,1.00,1.00,3415516,0
DKNG.US,D,20210120,000000,1.00,1.02,1.00,1.00,5034632,0
DKNG.US,D,20210121,000000,1.00,1.00,1.00,1.00,7001534,0
DKNG.US,D,20210122,000000,1.00,1.00,1.00,1.00,4911691,0
DKNG.US,D,20210125,000000,1.01,1.01,0.99,1.00,6620894,0
DKNG.US,D,20210125,000000,1.00,1.00,1.00,1.00,3981561,0
DKNG.US,D,20210125,000000,1.01,1.09,1.00,1.06,7174007,0
DKNG.US,D,20210126,000000,1.06,1.07,1.02,1.03,5085894,0
DKNG.US,D,20210127,000000,1.00,1.03,1.00,1.02,6124450,0
DKNG.US,D,20210128,000000,1.01,1.01,0.98,1.00,3354225,0
DKNG.US,D,20210129,000000,1.03,1.04,1.00,1.00,4536275,0
DKNG.US,D,20210201,000000,1.02,1.03,1.00,1.01,3375444,0
DKNG.US,D,20210201,000000,1.01,1.02,1.00,1.02,2827103,0
DKNG.US,D,20210201,000000,1.00,1.01,1.00,1.00,4708003,0
DKNG.US,D,20210202,000000,1.00,1.00,1.00,1.00,3184982,0
DKNG.US,D,20210203,000000,1.01,1.05,1.01,1.04,4056460,0
DKNG.US,D,20210204,000000,1.05,1.05,1.00,1.00,4813615,0
DKNG.US,D,20210205,000000,1.00,1.04,0.99,1.03,5401144,0
DKNG.US,D,20210208,000000,1.03,1.03,1.00,1.00,6961424,0
DKNG.US,D,20210208,000000,1.00,1.02,0.99,1.01,4119289,0
DKNG.US,D,20210208,000000,1.00,1.02,1.00,1.00,6088092,0
DKNG.US,D,20210209,000000,1.01,1.03,0.98,1.00,2991496,0
DKNG.US,D,20210210,000000,1.00,1.04,0.99,1.02,6528094,0
DKNG.US,D,20210211,000000,1.00,1.13,0.99,1.07,5238829,0
DKNG.US,D,20210212,000000,1.10,1.10,1.10,1.10,7249398,0
DKNG.US,D,20210215,000000,1.05,1.06,1.01,1.02,4026980,0
DKNG.US,D,20210215,000000,1.02,1.09,1.02,1.09,3950179,0
DKNG.US,D,20210215,000000,1.04,1.15,1.02,1.10,6119421,0
DKNG.US,D,20210216,000000,1.10,1.13,1.09,1.11,8007721,0
DKNG.US,D,20210217,000000,1.09,1.15,1.08,1.14,8518357,0
DKNG.US,D,20210218,000000,1.15,1.16,1.15,1.16,8016658,0
DKNG.US,D,20210219,000000,1.18,1.19,1.16,1.17,7476684,0
DKNG.US,D,20210222,000000,1.18,1.20,1.17,1.19,8990243,0
DKNG.US,D,20210222,000000,1.20,1.23,1.20,1.22,11101129,0
DKNG.US,D,20210222,000000,1.22,1.24,1.22,1.23,8583717,0
DKNG.US,D,20210223,000000,1.23,1.26,1.23,1.25,10650558,0
DKNG.US,D,20210224,000000,1.25,1.31,1.25,1.29,13446702,0
DKNG.US,D,20210225,000000,1.27,1.33,1.27,1.33,8139693,0
DKNG.US,D,20210226,000000,1.29,1.42,1.27,1.36,6096845,0
DKNG.US,D,20210301,000000,1.33,1.40,1.32,1.38,9741027,0
DKNG.US,D,20210301,000000,1.39,1.41,1.39,1.40,16021870,0
DKNG.US,D,20210301,000000,1.40,1.47,1.38,1.45,16029406,0
DKNG.US,D,20210302,000000,1.49,1.49,1.47,1.47,11542786,0
DKNG.US,D,20210303,000000,1.46,1.53,1.44,1.52,16067444,0
DKNG.US,D,20210304,000000,1.53,1.58,1.49,1.55,6157338,0
DKNG.US,D,20210305,000000,1.56,1.60,1.56,1.59,11969335,0
DKNG.US,D,20210308,000000,1.62,1.64,1.61,1.64,17176967,0
DKNG.US,D,20210308,000000,1.66,1.69,1.65,1.68,12928549,0
DKNG.US,D,20210308,000000,1.63,1.72,1.59,1.71,14448620,0
DKNG.US,D,20210309,000000,1.70,1.78,1.68,1.77,14952168,0
DKNG.US,D,20210310,000000,1.80,1.83,1.80,1.82,8619255,0
DKNG.US,D,20210311,000000,1.84,1.91,1.82,1.87,21024828,0
DKNG.US,D,20210312,000000,1.89,1.92,1.88,1.92,17386925,0
DKNG.US,D,20210315,000000,1.92,1.98,1.89,1.98,20259693,0
DKNG.US,D,20210315,000000,1.98,2.03,1.97,2.02,8616502,0
DKNG.US,D,20210315,000000,2.02,2.16,1.98,2.08,15236610,0
DKNG.US,D,20210316,000000,2.11,2.18,2.09,2.15,17631991,0
DKNG.US,D,20210317,000000,2.15,2.27,2.13,2.23,11671672,0
DKNG.US,D,20210318,000000,2.20,2.34,2.19,2.30,12938947,0
DKNG.US,D,20210319,000000,2.29,2.41,2.28,2.38,9030981,0
DKNG.US,D,20210322,000000,2.38,2.53,2.33,2.48,9108798,0
DKNG.US,D,20210322,000000,2.46,2.58,2.45,2.56,22536569,0
DKNG.US,D,20210322,000000,2.59,2.65,2.57,2.63,12529130,0
DKNG.US,D,20210323,000000,2.63,2.70,2.40,2.51,5630947,0
DKNG.US,D,20210324,000000,2.44,2.50,2.25,2.28,4398310,0
DKNG.US,D,20210325,000000,2.28,2.29,2.23,2.24,6040637,0
DKNG.US,D,20210326,000000,2.27,2.32,2.26,2.27,6058684,0
DKNG.US,D,20210329,000000,2.27,2.27,2.22,2.23,4863318,0
DKNG.US,D,20210329,000000,2.19,2.21,2.07,2.11,7379366,0
DKNG.US,D,20210329,000000,2.10,2.16,2.10,2.14,4484286,0
DKNG.US,D,20210330,000000,2.14,2.28,2.12,2.21,4158879,0
DKNG.US,D,20210331,000000,2.27,2.27,2.15,2.17,6805545,0
DKNG.US,D,20210401,000000,2.18,2.20,2.17,2.20,4703039,0
DKNG.US,D,20210402,000000,2.20,2.22,2.09,2.10,5286452,0
DKNG.US,D,20210405,000000,2.10,2.17,2.08,2.16,2717108,0
DKNG.US,D,20210405,000000,2.17,2.20,2.07,2.12,4179167,0
DKNG.US,D,20210405,000000,2.15,2.18,2.14,2.17,2828611,0
DKNG.US,D,20210406,000000,2.20,2.21,2.09,2.10,4322039,0
DKNG.US,D,20210407,000000,2.11,2.12,2.10,2.11,5591091,0
DKNG.US,D,20210408,000000,2.12,2.13,2.12,2.12,4637523,0
DKNG.US,D,20210409,000000,2.15,2.24,2.15,2.21,6382410,0
DKNG.US,D,20210412,000000,2.18,2.25,2.18,2.25,4360751,0
DKNG.US,D,20210412,000000,2.24,2.25,2.13,2.17,3629989,0
DKNG.US,D,20210412,000000,2.15,2.20,2.13,2.19,3162816,0
DKNG.US,D,20210413,000000,2.18,2.18,2.13,2.13,6057809,0
DKNG.US,D,20210414,000000,2.10,2.11,2.10,2.11,5252527,0
DKNG.US,D,20210415,000000,2.11,2.13,2.08,2.10,4316407,0
DKNG.US,D,20210416,000000,2.08,2.10,2.07,2.09,6707405,0
DKNG.US,D,20210419,000000,2.08,2.10,1.98,2.00,7393148,0
DKNG.US,D,20210419,000000,2.04,2.04,1.98,1.99,5846961,0
DKNG.US,D,20210419,000000,1.98,1.98,1.89,1.90,4839149,0
DKNG.US,D,20210420,000000,1.89,1.90,1.84,1.86,2895352,0
DKNG.US,D,20210421,000000,1.85,1.93,1.85,1.91,4858571,0
DKNG.US,D,20210422,000000,1.92,1.94,1.81,1.83,5391465,0
DKNG.US,D,20210423,000000,1.87,1.87,1.68,1.72,3518987,0
DKNG.US,D,20210426,000000,1.70,1.71,1.64,1.65,4124802,0
DKNG.US,D,20210426,000000,1.66,1.66,1.56,1.60,5218977,0
DKNG.US,D,20210426,000000,1.55,1.60,1.55,1.59,6627408,0
DKNG.US,D,20210427,000000,1.56,1.56,1.53,1.54,5016818,0
DKNG.US,D,20210428,000000,1.55,1.56,1.55,1.56,7085001,0
DKNG.US,D,20210429,000000,1.56,1.58,1.56,1.58,4294921,0
DKNG.US,D,20210430,000000,1.59,1.61,1.58,1.60,2805670,0
DKNG.US,D,20210503,000000,1.59,1.59,1.59,1.59,6507571,0
DKNG.US,D,20210503,000000,1.60,1.60,1.58,1.59,3278976,0
DKNG.US,D,20210503,000000,1.60,1.63,1.59,1.63,3528860,0
DKNG.US,D,20210504,000000,1.66,1.66,1.60,1.62,3655203,0
DKNG.US,D,20210505,000000,1.63,1.66,1.53,1.57,7198543,0
DKNG.US,D,20210506,000000,1.59,1.60,1.59,1.59,5667575,0
DKNG.US,D,20210507,000000,1.60,1.60,1.59,1.60,3995880,0
DKNG.US,D,20210510,000000,1.60,1.60,1.59,1.60,4323948,0
DKNG.US,D,20210510,000000,1.59,1.64,1.58,1.62,4096707,0
DKNG.US,D,20210510,000000,1.62,1.63,1.58,1.59,4472877,0
DKNG.US,D,20210511,000000,1.58,1.61,1.58,1.60,7258610,0
DKNG.US,D,20210512,000000,1.60,1.63,1.55,1.55,5444867,0
DKNG.US,D,20210513,000000,1.56,1.56,1.53,1.54,3919803,0
DKNG.US,D,20210514,000000,1.52,1.53,1.42,1.45,7254787,0
DKNG.US,D,20210517,000000,1.43,1.47,1.43,1.46,4822430,0
DKNG.US,D,20210517,000000,1.46,1.46,1.44,1.45,6563197,0
DKNG.US,D,20210517,000000,1.44,1.45,1.38,1.40,4444096,0
DKNG.US,D,20210518,000000,1.41,1.41,1.36,1.38,7121251,0
DKNG.US,D,20210519,000000,1.38,1.39,1.36,1.37,2685412,0
DKNG.US,D,20210520,000000,1.37,1.46,1.35,1.44,3340248,0
DKNG.US,D,20210521,000000,1.43,1.45,1.39,1.42,2948267,0
DKNG.US,D,20210524,000000,1.42,1.43,1.42,1.43,2757384,0
DKNG.US,D,20210524,000000,1.43,1.43,1.34,1.36,5510643,0
DKNG.US,D,20210524,000000,1.37,1.38,1.27,1.29,6610106,0
DKNG.US,D,20210525,000000,1.29,1.31,1.23,1.25,3574796,0
DKNG.US,D,20210526,000000,1.26,1.26,1.22,1.24,4563708,0
DKNG.US,D,20210527,000000,1.25,1.27,1.20,1.21,7471727,0
DKNG.US,D,20210528,000000,1.20,1.27,1.19,1.24,5407314,0
DKNG.US,D,20210531,000000,1.26,1.31,1.25,1.30,7004982,0
DKNG.US,D,20210531,000000,1.27,1.27,1.26,1.27,3699515,0
DKNG.US,D,20210531,000000,1.28,1.28,1.26,1.26,7440723,0
DKNG.US,D,20210601,000000,1.25,1.25,1.22,1.23,3539962,0
DKNG.US,D,20210602,000000,1.23,1.28,1.21,1.26,7494554,0
DKNG.US,D,20210603,000000,1.28,1.28,1.24,1.25,4897741,0
DKNG.US,D,20210604,000000,1.25,1.25,1.24,1.25,7008671,0
DKNG.US,D,20210607,000000,1.24,1.24,1.20,1.22,4081449,0
DKNG.US,D,20210607,000000,1.21,1.27,1.20,1.26,4094843,0
DKNG.US,D,20210607,000000,1.25,1.31,1.25,1.31,6085081,0
DKNG.US,D,20210608,000000,1.31,1.34,1.30,1.33,6039041,0
DKNG.US,D,20210609,000000,1.32,1.34,1.32,1.33,6873834,0
DKNG.US,D,20210610,000000,1.32,1.39,1.30,1.38,6266959,0
DKNG.US,D,20210611,000000,1.38,1.39,1.38,1.39,6316520,0
DKNG.US,D,20210614,000000,1.40,1.42,1.40,1.42,3140371,0
DKNG.US,D,20210614,000000,1.43,1.44,1.37,1.38,4507269,0
DKNG.US,D,20210614,000000,1.38,1.43,1.37,1.42,3609473,0
DKNG.US,D,20210615,000000,1.41,1.42,1.41,1.42,5241649,0
DKNG.US,D,20210616,000000,1.41,1.52,1.41,1.51,7363587,0
DKNG.US,D,20210617,000000,1.51,1.54,1.51,1.53,6252878,0
DKNG.US,D,20210618,000000,1.53,1.57,1.52,1.57,3313096,0
DKNG.US,D,20210621,000000,1.54,1.61,1.53,1.60,6577203,0
DKNG.US,D,20210621,000000,1.60,1.61,1.58,1.58,3283962,0
DKNG.US,D,20210621,000000,1.58,1.60,1.58,1.60,3853098,0
DKNG.US,D,20210622,000000,1.60,1.61,1.55,1.57,3444150,0
DKNG.US,D,20210623,000000,1.55,1.62,1.53,1.60,6491343,0
DKNG.US,D,20210624,000000,1.60,1.63,1.60,1.61,7416927,0
DKNG.US,D,20210625,000000,1.61,1.61,1.57,1.58,5162331,0
DKNG.US,D,20210628,000000,1.57,1.58,1.53,1.53,4949684,0
DKNG.US,D,20210628,000000,1.52,1.52,1.48,1.49,4236503,0
DKNG.US,D,20210628,000000,1.49,1.49,1.44,1.46,5547199,0
DKNG.US,D,20210629,000000,1.47,1.47,1.38,1.39,3861921,0
DKNG.US,D,20210630,000000,1.39,1.44,1.37,1.42,3696624,0
DKNG.US,D,20210701,000000,1.41,1.42,1.40,1.40,5758792,0
DKNG.US,D,20210702,000000,1.41,1.41,1.41,1.41,6911079,0
DKNG.US,D,20210705,000000,1.41,1.42,1.38,1.40,3175397,0
DKNG.US,D,20210705,000000,1.39,1.40,1.39,1.40,4800548,0
DKNG.US,D,20210705,000000,1.41,1.41,1.40,1.40,6374194,0
DKNG.US,D,20210706,000000,1.41,1.41,1.41,1.41,2817999,0
DKNG.US,D,20210707,000000,1.40,1.41,1.39,1.40,5904457,0
DKNG.US,D,20210708,000000,1.41,1.42,1.37,1.37,4240063,0
DKNG.US,D,20210709,000000,1.37,1.39,1.37,1.39,2618623,0
DKNG.US,D,20210712,000000,1.40,1.40,1.36,1.37,5813561,0
DKNG.US,D,20210712,000000,1.38,1.38,1.35,1.36,6349743,0
DKNG.US,D,20210712,000000,1.35,1.36,1.35,1.35,5511261,0
DKNG.US,D,20210713,000000,1.35,1.36,1.34,1.35,4372553,0
DKNG.US,D,20210714,000000,1.35,1.36,1.31,1.33,6438030,0
DKNG.US,D,20210715,000000,1.34,1.34,1.33,1.34,3832030,0
DKNG.US,D,20210716,000000,1.34,1.35,1.34,1.35,5224222,0
DKNG.US,D,20210719,000000,1.35,1.35,1.31,1.32,2641148,0
DKNG.US,D,20210719,000000,1.33,1.33,1.33,1.33,7226114,0
DKNG.US,D,20210719,000000,1.33,1.34,1.33,1.33,7260614,0
DKNG.US,D,20210720,000000,1.33,1.34,1.33,1.34,6286088,0
DKNG.US,D,20210721,000000,1.33,1.34,1.31,1.31,3635456,0
DKNG.US,D,20210722,000000,1.32,1.33,1.31,1.33,5652158,0
DKNG.US,D,20210723,000000,1.35,1.35,1.33,1.34,3714236,0
DKNG.US,D,20210726,000000,1.33,1.37,1.32,1.36,5353305,0
DKNG.US,D,20210726,000000,1.37,1.37,1.34,1.35,6666439,0
DKNG.US,D,20210726,000000,1.36,1.36,1.35,1.35,4974704,0
DKNG.US,D,20210727,000000,1.35,1.35,1.33,1.34,5598765,0
DKNG.US,D,20210728,000000,1.33,1.40,1.31,1.39,5909911,0
DKNG.US,D,20210729,000000,1.37,1.40,1.37,1.39,4363725,0
DKNG.US,D,20210730,000000,1.39,1.43,1.38,1.42,7025778,0
DKNG.US,D,20210802,000000,1.43,1.43,1.40,1.41,3805677,0
DKNG.US,D,20210802,000000,1.41,1.41,1.41,1.41,6701760,0
DKNG.US,D,20210802,000000,1.42,1.43,1.40,1.41,6999743,0
DKNG.US,D,20210803,000000,1.40,1.40,1.37,1.39,3570040,0
DKNG.US,D,20210804,000000,1.38,1.43,1.38,1.42,3905974,0
DKNG.US,D,20210805,000000,1.40,1.42,1.40,1.42,4526017,0
DKNG.US,D,20210806,000000,1.41,1.42,1.41,1.41,5438821,0
DKNG.US,D,20210809,000000,1.41,1.43,1.41,1.42,3192773,0
DKNG.US,D,20210809,000000,1.42,1.47,1.41,1.45,7226233,0
DKNG.US,D,20210809,000000,1.45,1.47,1.41,1.43,6688640,0
DKNG.US,D,20210810,000000,1.43,1.44,1.43,1.43,7157945,0
DKNG.US,D,20210811,000000,1.43,1.44,1.41,1.42,3380609,0
DKNG.US,D,20210812,000000,1.43,1.46,1.42,1.45,5788816,0
DKNG.US,D,20210813,000000,1.45,1.48,1.45,1.48,6095990,0
DKNG.US,D,20210816,000000,1.47,1.48,1.47,1.48,6819802,0
DKNG.US,D,20210816,000000,1.48,1.50,1.48,1.50,5761675,0
DKNG.US,D,20210816,000000,1.50,1.50,1.48,1.48,5799474,0
DKNG.US,D,20210817,000000,1.48,1.51,1.48,1.50,4565937,0
DKNG.US,D,20210818,000000,1.51,1.51,1.50,1.50,6465014,0
DKNG.US,D,20210819,000000,1.50,1.50,1.50,1.50,3678992,0
DKNG.US,D,20210820,000000,1.50,1.51,1.48,1.48,7102619,0
DKNG.US,D,20210823,000000,1.48,1.49,1.43,1.44,5898044,0
DKNG.US,D,20210823,000000,1.43,1.43,1.40,1.41,6430000,0
DKNG.US,D,20210823,000000,1.42,1.43,1.35,1.37,4220370,0
DKNG.US,D,20210824,000000,1.35,1.35,1.34,1.34,4982716,0
DKNG.US,D,20210825,000000,1.32,1.36,1.32,1.35,4537091,0
DKNG.US,D,20210826,000000,1.35,1.36,1.31,1.32,6432344,0
DKNG.US,D,20210827,000000,1.34,1.34,1.26,1.27,5379395,0
DKNG.US,D,20210830,000000,1.28,1.29,1.28,1.28,5642863,0
DKNG.US,D,20210830,000000,1.29,1.30,1.23,1.24,5414764,0
DKNG.US,D,20210830,000000,1.24,1.24,1.23,1.24,7127693,0
DKNG.US,D,20210831,000000,1.23,1.25,1.23,1.24,5370411,0
DKNG.US,D,20210901,000000,1.26,1.27,1.20,1.21,3929982,0
DKNG.US,D,20210902,000000,1.21,1.26,1.21,1.25,3198875,0
DKNG.US,D,20210903,000000,1.24,1.24,1.23,1.23,4028577,0
DKNG.US,D,20210906,000000,1.24,1.25,1.19,1.19,3334367,0
DKNG.US,D,20210906,000000,1.20,1.20,1.19,1.19,3164830,0
DKNG.US,D,20210906,000000,1.18,1.21,1.18,1.21,3459533,0
DKNG.US,D,20210907,000000,1.21,1.21,1.21,1.21,4418291,0
DKNG.US,D,20210908,000000,1.21,1.21,1.16,1.18,6136235,0
DKNG.US,D,20210909,000000,1.17,1.18,1.16,1.16,5371687,0
DKNG.US,D,20210910,000000,1.16,1.19,1.16,1.19,6888245,0
DKNG.US,D,20210913,000000,1.19,1.20,1.19,1.20,4435120,0
DKNG.US,D,20210913,000000,1.20,1.20,1.18,1.19,4515745,0
DKNG.US,D,20210913,000000,1.19,1.19,1.18,1.19,3317480,0
DKNG.US,D,20210914,000000,1.19,1.19,1.18,1.18,4549421,0
DKNG.US,D,20210915,000000,1.18,1.20,1.13,1.15,6303185,0
DKNG.US,D,20210916,000000,1.15,1.18,1.14,1.16,7159505,0
DKNG.US,D,20210917,000000,1.17,1.18,1.16,1.18,4728027,0
DKNG.US,D,20210920,000000,1.17,1.18,1.17,1.18,6400972,0
DKNG.US,D,20210920,000000,1.18,1.19,1.18,1.18,3109493,0
DKNG.US,D,20210920,000000,1.18,1.20,1.18,1.20,5495388,0
DKNG.US,D,20210921,000000,1.20,1.23,1.20,1.23,5093839,0
DKNG.US,D,20210922,000000,1.22,1.22,1.22,1.22,6832763,0
DKNG.US,D,20210923,000000,1.22,1.23,1.20,1.20,6453729,0
DKNG.US,D,20210924,000000,1.20,1.24,1.19,1.24,3693680,0
DKNG.US,D,20210927,000000,1.23,1.25,1.23,1.24,7388511,0
DKNG.US,D,20210927,000000,1.24,1.25,1.23,1.23,5017703,0
DKNG.US,D,20210927,000000,1.24,1.24,1.24,1.24,4091033,0
DKNG.US,D,20210928,000000,1.25,1.25,1.21,1.22,5881250,0
DKNG.US,D,20210929,000000,1.22,1.24,1.22,1.23,3546299,0
DKNG.US,D,20210930,000000,1.23,1.24,1.23,1.24,5008989,0
DKNG.US,D,20211001,000000,1.24,1.24,1.23,1.23,5150234,0
DKNG.US,D,20211004,000000,1.23,1.24,1.21,1.21,4457309,0
DKNG.US,D,20211004,000000,1.21,1.23,1.20,1.23,6039636,0
DKNG.US,D,20211004,000000,1.22,1.27,1.21,1.26,3605605,0
DKNG.US,D,20211005,000000,1.25,1.25,1.25,1.25,4941760,0
DKNG.US,D,20211006,000000,1.25,1.26,1.25,1.25,5167021,0
DKNG.US,D,20211007,000000,1.26,1.29,1.25,1.27,6551263,0
DKNG.US,D,20211008,000000,1.28,1.28,1.23,1.24,3335358,0
DKNG.US,D,20211011,000000,1.24,1.25,1.23,1.25,4789782,0
DKNG.US,D,20211011,000000,1.25,1.27,1.25,1.27,3646242,0
DKNG.US,D,20211011,000000,1.27,1.28,1.26,1.28,6112985,0
DKNG.US,D,20211012,000000,1.28,1.28,1.27,1.27,5668692,0
DKNG.US,D,20211013,000000,1.27,1.29,1.27,1.28,4944458,0
DKNG.US,D,20211014,000000,1.28,1.30,1.28,1.30,4442427,0
DKNG.US,D,20211015,000000,1.29,1.30,1.29,1.30,3428400,0
DKNG.US,D,20211018,000000,1.30,1.33,1.30,1.32,5743731,0
DKNG.US,D,20211018,000000,1.32,1.32,1.31,1.31,3693797,0
DKNG.US,D,20211018,000000,1.31,1.32,1.31,1.32,5631065,0
DKNG.US,D,20211019,000000,1.32,1.32,1.31,1.31,5933819,0
DKNG.US,D,20211020,000000,1.31,1.31,1.31,1.31,5773317,0
DKNG.US,D,20211021,000000,1.31,1.32,1.31,1.32,7370966,0
DKNG.US,D,20211022,000000,1.32,1.32,1.31,1.31,6106900,0
DKNG.US,D,20211025,000000,1.31,1.33,1.31,1.32,5565629,0
DKNG.US,D,20211025,000000,1.32,1.33,1.32,1.32,3933672,0
DKNG.US,D,20211025,000000,1.33,1.34,1.33,1.33,6979595,0
DKNG.US,D,20211026,000000,1.33,1.34,1.33,1.34,5281247,0
DKNG.US,D,20211027,000000,1.34,1.34,1.33,1.33,6732099,0
DKNG.US,D,20211028,000000,1.34,1.34,1.33,1.33,7443437,0
DKNG.US,D,20211029,000000,1.33,1.33,1.33,1.33,3030771,0
DKNG.US,D,20211101,000000,1.33,1.34,1.32,1.32,5614867,0
DKNG.US,D,20211101,000000,1.32,1.34,1.32,1.33,6334584,0
DKNG.US,D,20211101,000000,1.33,1.33,1.33,1.33,7485567,0
DKNG.US,D,20211102,000000,1.33,1.36,1.33,1.35,5841189,0
DKNG.US,D,20211103,000000,1.35,1.36,1.35,1.36,6690189,0
DKNG.US,D,20211104,000000,1.36,1.36,1.35,1.35,5063309,0
DKNG.US,D,20211105,000000,1.35,1.36,1.35,1.36,4268607,0
DKNG.US,D,20211108,000000,1.36,1.36,1.35,1.36,5485256,0
DKNG.US,D,20211108,000000,1.35,1.35,1.35,1.35,4021837,0
DKNG.US,D,20211108,000000,1.35,1.36,1.35,1.35,7238564,0
DKNG.US,D,20211109,000000,1.35,1.35,1.35,1.35,3239695,0
DKNG.US,D,20211110,000000,1.34,1.36,1.34,1.36,5377787,0
DKNG.US,D,20211111,000000,1.35,1.36,1.35,1.36,6633667,0
DKNG.US,D,20211112,000000,1.36,1.36,1.36,1.36,3678274,0
DKNG.US,D,20211115,000000,1.36,1.37,1.36,1.37,3170696,0
DKNG.US,D,20211115,000000,1.37,1.37,1.37,1.37,2637450,0
DKNG.US,D,20211115,000000,1.37,1.38,1.37,1.38,5991468,0
DKNG.US,D,20211116,000000,1.37,1.37,1.36,1.37,3828897,0
DKNG.US,D,20211117,000000,1.37,1.37,1.37,1.37,7106764,0
DKNG.US,D,20211118,000000,1.37,1.37,1.36,1.36,6436954,0
DKNG.US,D,20211119,000000,1.37,1.37,1.35,1.36,4079962,0
DKNG.US,D,20211122,000000,1.35,1.36,1.34,1.34,5761563,0
DKNG.US,D,20211122,000000,1.34,1.34,1.33,1.33,7332019,0
DKNG.US,D,20211122,000000,1.33,1.34,1.33,1.34,3874574,0
DKNG.US,D,20211123,000000,1.34,1.37,1.33,1.36,4752723,0
DKNG.US,D,20211124,000000,1.37,1.37,1.37,1.37,2501924,0
DKNG.US,D,20211125,000000,1.37,1.37,1.37,1.37,7058011,0
DKNG.US,D,20211126,000000,1.37,1.37,1.33,1.34,3674446,0
DKNG.US,D,20211129,000000,1.33,1.36,1.33,1.35,4146115,0
DKNG.US,D,20211129,000000,1.35,1.37,1.34,1.36,3277631,0
DKNG.US,D,20211129,000000,1.36,1.36,1.36,1.36,7016762,0
DKNG.US,D,20211130,000000,1.36,1.38,1.36,1.37,6593978,0
DKNG.US,D,20211201,000000,1.38,1.42,1.37,1.41,5589725,0
DKNG.US,D,20211202,000000,1.41,1.42,1.41,1.42,2983177,0
DKNG.US,D,20211203,000000,1.41,1.41,1.40,1.40,4402704,0
DKNG.US,D,20211206,000000,1.40,1.40,1.39,1.39,5115786,0
DKNG.US,D,20211206,000000,1.39,1.39,1.38,1.38,5031196,0
DKNG.US,D,20211206,000000,1.39,1.39,1.37,1.37,4107523,0
DKNG.US,D,20211207,000000,1.37,1.37,1.37,1.37,2897666,0
DKNG.US,D,20211208,000000,1.36,1.37,1.36,1.37,7185377,0
DKNG.US,D,20211209,000000,1.36,1.39,1.36,1.38,4779615,0
DKNG.US,D,20211210,000000,1.38,1.38,1.36,1.37,7303404,0
DKNG.US,D,20211213,000000,1.37,1.37,1.36,1.36,5963344,0
DKNG.US,D,20211213,000000,1.36,1.36,1.36,1.36,6030878,0
DKNG.US,D,20211213,000000,1.36,1.38,1.36,1.37,6425288,0
DKNG.US,D,20211214,000000,1.37,1.38,1.37,1.37,4218212,0
DKNG.US,D,20211215,000000,1.37,1.37,1.36,1.37,3741571,0
DKNG.US,D,20211216,000000,1.36,1.37,1.36,1.37,4789673,0
DKNG.US,D,20211217,000000,1.36,1.38,1.36,1.38,6559561,0
DKNG.US,D,20211220,000000,1.38,1.38,1.37,1.38,3606595,0
DKNG.US,D,20211220,000000,1.38,1.38,1.37,1.38,5337614,0
DKNG.US,D,20211220,000000,1.38,1.40,1.38,1.40,6797720,0
DKNG.US,D,20211221,000000,1.40,1.41,1.36,1.38,5320940,0
DKNG.US,D,20211222,000000,1.38,1.39,1.37,1.37,5160710,0
DKNG.US,D,20211223,000000,1.37,1.42,1.36,1.41,4429131,0
DKNG.US,D,20211224,000000,1.42,1.42,1.39,1.40,6284548,0
DKNG.US,D,20211227,000000,1.40,1.41,1.40,1.41,5950193,0
DKNG.US,D,20211227,000000,1.42,1.42,1.38,1.39,6312489,0
DKNG.US,D,20211227,000000,1.38,1.39,1.38,1.39,4213510,0
DKNG.US,D,20211228,000000,1.39,1.39,1.35,1.37,3072228,0
DKNG.US,D,20211229,000000,1.37,1.38,1.36,1.37,5697868,0
