<TICKER>,<PER>,<DATE>,<TIME>,<OPEN>,<HIGH>,<LOW>,<CLOSE>,<VOL>,<OPENINT>
GME.US,D,20180102,000000,15.08,15.39,15.07,15.25,13649673,0
GME.US,D,20180103,000000,15.29,15.30,14.66,14.97,8115637,0
GME.US,D,20180104,000000,14.96,14.98,14.79,14.80,8964157,0
GME.US,D,20180105,000000,14.79,14.99,14.73,14.96,10137815,0
GME.US,D,20180108,000000,14.69,15.15,14.64,15.09,21542503,0
GME.US,D,20180108,000000,15.23,16.02,15.15,16.00,20056024,0
GME.US,D,20180108,000000,16.18,16.28,15.63,15.68,21287501,0
GME.US,D,20180109,000000,15.95,16.21,15.52,15.55,18269416,0
GME.US,D,20180110,000000,15.57,15.81,15.42,15.81,15925753,0
GME.US,D,20180111,000000,15.66,15.76,15.09,15.14,15744808,0
GME.US,D,20180112,000000,15.20,15.24,15.19,15.21,19861158,0
GME.US,D,20180115,000000,15.20,15.51,15.18,15.44,11042244,0
GME.US,D,20180115,000000,15.26,15.75,15.26,15.73,13366746,0
GME.US,D,20180115,000000,15.81,15.89,15.33,15.45,19652258,0
GME.US,D,20180116,000000,15.49,15.52,15.37,15.45,9772589,0
GME.US,D,20180117,000000,15.24,15.33,14.75,14.87,18981153,0
GME.US,D,20180118,000000,14.92,14.97,14.77,14.84,18752212,0
GME.US,D,20180119,000000,14.70,15.25,14.51,15.03,13376179,0
GME.US,D,20180122,000000,15.12,15.19,15.10,15.15,11789325,0
GME.US,D,20180122,000000,15.14,15.14,15.11,15.12,13448952,0
GME.US,D,20180122,000000,15.12,15.29,15.11,15.23,15082392,0
GME.US,D,20180123,000000,15.14,15.35,14.58,14.64,16868274,0
GME.US,D,20180124,000000,14.68,14.72,14.31,14.51,11172977,0
GME.US,D,20180125,000000,14.72,14.73,14.58,14.60,12564219,0
GME.US,D,20180126,000000,14.62,14.71,14.62,14.65,10844587,0
GME.US,D,20180129,000000,14.62,15.13,14.46,14.87,12402808,0
GME.US,D,20180129,000000,14.87,14.98,14.76,14.98,18529735,0
GME.US,D,20180129,000000,15.06,15.07,14.81,14.95,20449984,0
GME.US,D,20180130,000000,15.04,15.29,14.47,14.50,15413507,0
GME.US,D,20180131,000000,14.51,14.73,14.41,14.70,20535379,0
GME.US,D,20180201,000000,14.61,14.88,14.59,14.79,17393456,0
GME.US,D,20180202,000000,14.85,14.96,14.83,14.95,14403565,0
GME.US,D,20180205,000000,14.79,15.25,14.75,15.04,13911705,0
GME.US,D,20180205,000000,14.93,14.97,14.75,14.82,16133544,0
GME.US,D,20180205,000000,14.71,15.12,14.69,14.98,22195354,0
GME.US,D,20180206,000000,15.11,15.28,14.55,14.79,17987612,0
GME.US,D,20180207,000000,14.96,15.43,14.83,15.30,18773248,0
GME.US,D,20180208,000000,15.18,15.81,15.11,15.67,11278453,0
GME.US,D,20180209,000000,15.49,15.61,14.79,14.93,16211876,0
GME.US,D,20180212,000000,14.87,15.11,14.06,14.42,14072309,0
GME.US,D,20180212,000000,14.50,14.79,14.47,14.71,17197463,0
GME.US,D,20180212,000000,14.68,15.34,14.45,15.28,9806074,0
GME.US,D,20180213,000000,15.38,15.48,15.35,15.47,9376776,0
GME.US,D,20180214,000000,15.33,15.67,15.31,15.53,21133136,0
GME.US,D,20180215,000000,15.47,16.24,15.28,16.13,11438922,0
GME.US,D,20180216,000000,16.12,16.39,15.99,16.37,11779253,0
GME.US,D,20180219,000000,16.22,16.34,16.14,16.28,12716378,0
GME.US,D,20180219,000000,16.34,16.37,16.14,16.20,8585739,0
GME.US,D,20180219,000000,16.18,16.38,16.16,16.35,9930496,0
GME.US,D,20180220,000000,16.31,16.82,16.24,16.66,21941742,0
GME.US,D,20180221,000000,16.74,16.78,16.40,16.48,18873573,0
GME.US,D,20180222,000000,16.58,16.70,16.20,16.25,11445961,0
GME.US,D,20180223,000000,16.35,16.46,16.35,16.43,13620018,0
GME.US,D,20180226,000000,16.41,16.62,15.78,15.96,22388862,0
GME.US,D,20180226,000000,15.96,16.23,15.09,15.32,20504991,0
GME.US,D,20180226,000000,15.28,15.45,15.28,15.40,11419377,0
GME.US,D,20180227,000000,15.30,15.77,15.20,15.70,7771628,0
GME.US,D,20180228,000000,15.69,15.69,15.42,15.51,15089118,0
GME.US,D,20180301,000000,15.51,15.93,15.37,15.78,17591284,0
GME.US,D,20180302,000000,15.84,16.39,15.80,16.27,19787203,0
GME.US,D,20180305,000000,16.20,16.78,16.13,16.63,9815354,0
GME.US,D,20180305,000000,16.62,17.07,16.55,16.96,19989462,0
GME.US,D,20180305,000000,17.12,17.12,17.01,17.01,15000897,0
GME.US,D,20180306,000000,16.98,17.56,16.95,17.42,9415029,0
GME.US,D,20180307,000000,17.36,17.37,17.30,17.33,7578456,0
GME.US,D,20180308,000000,17.26,17.28,17.20,17.21,11069600,0
GME.US,D,20180309,000000,17.18,17.26,16.76,16.84,9061300,0
GME.US,D,20180312,000000,16.89,16.92,16.83,16.83,18719759,0
GME.US,D,20180312,000000,16.87,16.87,16.50,16.65,21674607,0
GME.US,D,20180312,000000,16.69,16.76,16.35,16.47,9775383,0
GME.US,D,20180313,000000,16.36,17.17,16.33,17.00,19296726,0
GME.US,D,20180314,000000,17.01,17.01,16.96,16.97,13421241,0
GME.US,D,20180315,000000,17.05,17.33,16.99,17.13,15762225,0
GME.US,D,20180316,000000,17.09,17.39,17.09,17.31,22412462,0
GME.US,D,20180319,000000,17.30,17.57,17.29,17.54,8232656,0
GME.US,D,20180319,000000,17.49,17.64,17.46,17.62,13608734,0
GME.US,D,20180319,000000,17.66,17.67,17.45,17.46,14361139,0
GME.US,D,20180320,000000,17.44,17.67,17.41,17.61,14266427,0
GME.US,D,20180321,000000,17.67,17.78,17.66,17.73,19022278,0
GME.US,D,20180322,000000,17.73,17.87,17.70,17.83,8792005,0
GME.US,D,20180323,000000,17.84,17.92,17.62,17.63,17045842,0
GME.US,D,20180326,000000,17.65,17.68,17.50,17.50,8217972,0
GME.US,D,20180326,000000,17.52,17.66,17.30,17.36,8109865,0
GME.US,D,20180326,000000,17.35,17.41,17.33,17.39,8580104,0
GME.US,D,20180327,000000,17.37,17.39,17.36,17.38,20354266,0
GME.US,D,20180328,000000,17.37,17.55,17.34,17.51,16102472,0
GME.US,D,20180329,000000,17.60,17.68,17.41,17.44,10663525,0
GME.US,D,20180330,000000,17.38,17.49,16.92,17.13,9393481,0
GME.US,D,20180402,000000,17.16,17.40,17.04,17.36,17864553,0
GME.US,D,20180402,000000,17.36,17.44,17.35,17.39,20314070,0
GME.US,D,20180402,000000,17.36,17.98,17.30,17.72,12986624,0
GME.US,D,20180403,000000,17.72,17.73,17.71,17.72,8297524,0
GME.US,D,20180404,000000,17.64,17.68,17.58,17.63,15538479,0
GME.US,D,20180405,000000,17.91,18.04,17.85,17.97,13851779,0
GME.US,D,20180406,000000,17.96,17.98,17.38,17.49,11135845,0
GME.US,D,20180409,000000,17.57,17.62,17.40,17.49,19537706,0
GME.US,D,20180409,000000,17.52,17.53,17.39,17.51,10586745,0
GME.US,D,20180409,000000,17.65,17.81,17.63,17.79,9900705,0
GME.US,D,20180410,000000,17.81,18.27,17.77,18.17,8798701,0
GME.US,D,20180411,000000,18.34,18.36,18.22,18.24,19120978,0
GME.US,D,20180412,000000,18.09,18.17,17.76,17.81,11999128,0
GME.US,D,20180413,000000,17.84,18.13,17.75,18.07,12447776,0
GME.US,D,20180416,000000,17.97,18.03,17.62,17.79,19887718,0
GME.US,D,20180416,000000,17.73,18.04,17.67,17.91,22455441,0
GME.US,D,20180416,000000,18.07,18.20,17.59,17.82,18699216,0
GME.US,D,20180417,000000,17.83,18.36,17.64,18.14,17598941,0
GME.US,D,20180418,000000,17.99,18.45,17.99,18.38,22217875,0
GME.US,D,20180419,000000,18.30,18.34,17.70,17.87,15646449,0
GME.US,D,20180420,000000,17.91,17.92,17.84,17.91,22257407,0
GME.US,D,20180423,000000,18.13,18.33,17.53,17.58,16682182,0
GME.US,D,20180423,000000,17.53,18.12,17.47,18.07,18781678,0
GME.US,D,20180423,000000,17.89,18.84,17.42,18.74,20405936,0
GME.US,D,20180424,000000,18.60,18.84,18.02,18.09,10700843,0
GME.US,D,20180425,000000,18.06,18.41,17.74,17.90,18069260,0
GME.US,D,20180426,000000,18.00,18.41,17.89,18.40,11543535,0
GME.US,D,20180427,000000,18.51,18.78,17.36,17.46,12959742,0
GME.US,D,20180430,000000,17.51,17.71,16.65,16.74,21681582,0
GME.US,D,20180430,000000,16.73,16.96,16.69,16.95,8497662,0
GME.US,D,20180430,000000,17.24,17.28,17.06,17.13,9084506,0
GME.US,D,20180501,000000,17.09,18.03,17.07,17.62,21805841,0
GME.US,D,20180502,000000,17.63,18.52,17.53,18.26,22037126,0
GME.US,D,20180503,000000,18.46,18.56,18.43,18.52,19812520,0
GME.US,D,20180504,000000,18.49,18.84,18.44,18.74,8343856,0
GME.US,D,20180507,000000,18.87,18.94,18.39,18.41,14476892,0
GME.US,D,20180507,000000,18.24,18.48,17.70,17.75,13702167,0
GME.US,D,20180507,000000,17.55,18.47,17.43,18.42,9785433,0
GME.US,D,20180508,000000,18.15,18.42,18.09,18.39,7629046,0
GME.US,D,20180509,000000,18.39,18.64,18.34,18.57,21175718,0
GME.US,D,20180510,000000,18.62,18.69,18.57,18.66,9461082,0
GME.US,D,20180511,000000,18.87,18.95,18.22,18.41,21036711,0
GME.US,D,20180514,000000,18.04,18.05,17.30,17.48,14781903,0
GME.US,D,20180514,000000,17.60,17.70,16.66,16.87,20851632,0
GME.US,D,20180514,000000,16.98,17.33,16.91,17.32,8738072,0
GME.US,D,20180515,000000,17.41,17.43,16.81,16.86,13157441,0
GME.US,D,20180516,000000,16.69,16.76,16.57,16.58,9710801,0
GME.US,D,20180517,000000,16.60,16.61,16.58,16.59,20185010,0
GME.US,D,20180518,000000,16.63,16.68,15.87,16.21,8731467,0
GME.US,D,20180521,000000,15.98,16.14,15.95,16.12,19339962,0
GME.US,D,20180521,000000,16.11,16.25,15.58,15.83,13132162,0
GME.US,D,20180521,000000,15.70,15.85,15.18,15.42,14233894,0
GME.US,D,20180522,000000,15.52,15.58,14.59,14.84,14074105,0
GME.US,D,20180523,000000,14.91,14.98,14.50,14.53,17080837,0
GME.US,D,20180524,000000,14.58,14.64,14.46,14.47,12197832,0
GME.US,D,20180525,000000,14.47,15.04,14.40,14.88,14207282,0
GME.US,D,20180528,000000,14.86,15.02,14.38,14.69,17846406,0
GME.US,D,20180528,000000,14.86,15.15,14.32,14.37,20032430,0
GME.US,D,20180528,000000,14.27,14.32,13.89,13.99,8752815,0
GME.US,D,20180529,000000,13.91,13.95,13.47,13.58,18649259,0
GME.US,D,20180530,000000,13.66,14.25,13.57,13.99,17181475,0
GME.US,D,20180531,000000,13.91,13.91,13.86,13.91,8215274,0
GME.US,D,20180601,000000,13.81,14.72,13.64,14.23,9301481,0
GME.US,D,20180604,000000,14.14,14.43,14.11,14.33,17545454,0
GME.US,D,20180604,000000,14.33,14.33,14.33,14.33,10117154,0
GME.US,D,20180604,000000,14.31,14.35,14.23,14.23,17979983,0
GME.US,D,20180605,000000,14.12,14.13,14.00,14.02,12586377,0
GME.US,D,20180606,000000,13.98,14.28,13.91,14.18,13339372,0
GME.US,D,20180607,000000,14.13,14.53,14.12,14.33,14899393,0
GME.US,D,20180608,000000,14.31,14.31,14.28,14.28,14538791,0
GME.US,D,20180611,000000,14.25,14.27,14.17,14.18,15244919,0
GME.US,D,20180611,000000,14.19,14.36,14.19,14.31,12737090,0
GME.US,D,20180611,000000,14.36,14.37,14.33,14.33,19514086,0
GME.US,D,20180612,000000,14.35,14.40,14.03,14.04,18321686,0
GME.US,D,20180613,000000,14.10,14.29,14.07,14.26,19922897,0
GME.US,D,20180614,000000,14.33,14.34,14.23,14.25,9393265,0
GME.US,D,20180615,000000,14.14,14.75,14.14,14.70,10292381,0
GME.US,D,20180618,000000,14.60,14.62,14.49,14.53,11092652,0
GME.US,D,20180618,000000,14.54,14.55,14.54,14.54,18572843,0
GME.US,D,20180618,000000,14.50,14.50,14.49,14.50,16333307,0
GME.US,D,20180619,000000,14.48,14.68,14.47,14.62,15303250,0
GME.US,D,20180620,000000,14.59,14.60,14.55,14.56,19197665,0
GME.US,D,20180621,000000,14.51,15.02,14.50,14.82,12115183,0
GME.US,D,20180622,000000,14.82,14.82,14.68,14.68,18128669,0
GME.US,D,20180625,000000,14.65,14.65,14.63,14.65,14255283,0
GME.US,D,20180625,000000,14.56,14.78,14.54,14.71,14316815,0
GME.US,D,20180625,000000,14.73,14.78,14.51,14.56,18804413,0
GME.US,D,20180626,000000,14.52,14.58,14.51,14.56,8973932,0
GME.US,D,20180627,000000,14.59,14.59,14.55,14.55,13371833,0
GME.US,D,20180628,000000,14.55,14.63,14.53,14.62,14500214,0
GME.US,D,20180629,000000,14.64,14.67,14.57,14.58,14669503,0
GME.US,D,20180702,000000,14.56,14.89,14.56,14.79,18383129,0
GME.US,D,20180702,000000,14.76,14.86,14.75,14.84,19952083,0
GME.US,D,20180702,000000,14.83,14.89,14.82,14.87,13808518,0
GME.US,D,20180703,000000,14.85,14.86,14.83,14.83,22030795,0
GME.US,D,20180704,000000,14.84,14.87,14.59,14.60,20398687,0
GME.US,D,20180705,000000,14.58,14.60,14.45,14.50,21807834,0
GME.US,D,20180706,000000,14.49,14.50,14.40,14.44,16143212,0
GME.US,D,20180709,000000,14.42,14.50,14.42,14.48,22128148,0
GME.US,D,20180709,000000,14.49,14.52,14.47,14.52,13275928,0
GME.US,D,20180709,000000,14.49,14.60,14.47,14.58,20996454,0
GME.US,D,20180710,000000,14.60,14.61,14.50,14.53,17698869,0
GME.US,D,20180711,000000,14.53,14.56,14.51,14.52,8441559,0
GME.US,D,20180712,000000,14.56,14.57,14.50,14.53,11425677,0
GME.US,D,20180713,000000,14.49,14.63,14.49,14.58,14054042,0
GME.US,D,20180716,000000,14.55,14.57,14.53,14.54,8895427,0
GME.US,D,20180716,000000,14.54,14.56,14.53,14.55,15921630,0
GME.US,D,20180716,000000,14.55,14.76,14.52,14.68,13954986,0
GME.US,D,20180717,000000,14.70,14.83,14.69,14.77,17902779,0
GME.US,D,20180718,000000,14.80,14.92,14.78,14.88,18393508,0
GME.US,D,20180719,000000,14.87,14.89,14.82,14.85,10833104,0
GME.US,D,20180720,000000,14.88,14.91,14.71,14.76,16741546,0
GME.US,D,20180723,000000,14.75,14.81,14.70,14.76,15976202,0
GME.US,D,20180723,000000,14.87,14.90,14.75,14.77,16665617,0
GME.US,D,20180723,000000,14.77,14.81,14.69,14.72,19962484,0
GME.US,D,20180724,000000,14.73,14.75,14.69,14.71,12649019,0
GME.US,D,20180725,000000,14.74,14.82,14.64,14.65,12886112,0
GME.US,D,20180726,000000,14.74,14.75,14.70,14.70,17049079,0
GME.US,D,20180727,000000,14.68,14.88,14.67,14.80,8993250,0
GME.US,D,20180730,000000,14.84,14.89,14.57,14.68,10526838,0
GME.US,D,20180730,000000,14.71,14.71,14.62,14.63,22278658,0
GME.US,D,20180730,000000,14.65,14.69,14.62,14.68,13209492,0
GME.US,D,20180731,000000,14.63,14.66,14.62,14.66,21358297,0
GME.US,D,20180801,000000,14.64,14.72,14.64,14.72,17878997,0
GME.US,D,20180802,000000,14.65,14.66,14.48,14.52,17675939,0
GME.US,D,20180803,000000,14.55,14.63,14.51,14.63,18577669,0
GME.US,D,20180806,000000,14.67,14.69,14.65,14.65,15895775,0
GME.US,D,20180806,000000,14.61,14.76,14.61,14.73,9384712,0
GME.US,D,20180806,000000,14.68,14.70,14.61,14.65,8180784,0
GME.US,D,20180807,000000,14.67,14.73,14.51,14.53,20463526,0
GME.US,D,20180808,000000,14.49,14.67,14.48,14.55,14523934,0
GME.US,D,20180809,000000,14.59,14.63,14.38,14.48,17969380,0
GME.US,D,20180810,000000,14.48,14.50,14.40,14.45,18190607,0
GME.US,D,20180813,000000,14.46,14.47,14.36,14.38,16226620,0
GME.US,D,20180813,000000,14.39,14.46,14.38,14.44,8229398,0
GME.US,D,20180813,000000,14.47,14.58,14.46,14.52,14323198,0
GME.US,D,20180814,000000,14.49,14.81,14.48,14.76,17918218,0
GME.US,D,20180815,000000,14.68,14.93,14.61,14.91,13925168,0
GME.US,D,20180816,000000,14.86,14.97,14.61,14.69,19242421,0
GME.US,D,20180817,000000,14.70,15.06,14.66,14.96,19078724,0
GME.US,D,20180820,000000,15.00,15.20,14.97,15.13,21156114,0
GME.US,D,20180820,000000,15.19,15.23,14.69,14.80,19073315,0
GME.US,D,20180820,000000,14.89,14.92,14.75,14.79,19851874,0
GME.US,D,20180821,000000,14.89,15.00,14.88,15.00,16419319,0
GME.US,D,20180822,000000,15.02,15.03,14.83,14.85,15124951,0
GME.US,D,20180823,000000,14.86,14.90,14.16,14.48,19242620,0
GME.US,D,20180824,000000,14.38,14.45,14.22,14.25,9662412,0
GME.US,D,20180827,000000,14.21,14.23,13.60,13.77,16041312,0
GME.US,D,20180827,000000,13.75,14.78,13.64,14.42,12210723,0
GME.US,D,20180827,000000,14.46,15.82,14.32,15.28,17445218,0
GME.US,D,20180828,000000,15.14,16.48,14.97,16.29,17190557,0
GME.US,D,20180829,000000,16.23,16.26,16.05,16.11,8350873,0
GME.US,D,20180830,000000,16.03,16.08,15.63,15.67,13082437,0
GME.US,D,20180831,000000,15.72,16.64,15.57,16.43,21263236,0
GME.US,D,20180903,000000,16.24,16.36,16.20,16.27,11279019,0
GME.US,D,20180903,000000,16.35,16.40,15.66,15.87,17181300,0
GME.US,D,20180903,000000,15.71,15.72,15.39,15.59,21858302,0
GME.US,D,20180904,000000,15.61,15.88,15.48,15.81,17716553,0
GME.US,D,20180905,000000,15.79,15.81,15.63,15.66,9770615,0
GME.US,D,20180906,000000,15.59,15.67,15.33,15.46,11990199,0
GME.US,D,20180907,000000,15.40,15.48,15.13,15.16,10558433,0
GME.US,D,20180910,000000,15.27,15.40,15.25,15.38,12827124,0
GME.US,D,20180910,000000,15.49,15.51,15.12,15.14,15401304,0
GME.US,D,20180910,000000,15.18,15.31,15.15,15.28,18957940,0
GME.US,D,20180911,000000,15.16,15.39,15.12,15.30,7531836,0
GME.US,D,20180912,000000,15.31,16.05,15.04,15.86,14689975,0
GME.US,D,20180913,000000,15.71,15.88,15.45,15.61,9941236,0
GME.US,D,20180914,000000,15.75,15.78,15.50,15.68,12151437,0
GME.US,D,20180917,000000,15.65,16.26,15.59,16.12,19704964,0
GME.US,D,20180917,000000,16.23,16.25,15.64,15.77,9300475,0
GME.US,D,20180917,000000,16.11,16.12,15.75,15.95,10820720,0
GME.US,D,20180918,000000,16.10,16.78,16.06,16.77,10341461,0
GME.US,D,20180919,000000,16.83,16.98,16.75,16.81,19679898,0
GME.US,D,20180920,000000,16.84,17.63,16.71,17.41,13824622,0
GME.US,D,20180921,000000,17.61,17.85,16.63,17.05,7556067,0
GME.US,D,20180924,000000,17.06,17.12,16.79,16.82,11815862,0
GME.US,D,20180924,000000,16.89,16.97,16.04,16.27,13787906,0
GME.US,D,20180924,000000,16.19,16.47,16.12,16.37,7756468,0
GME.US,D,20180925,000000,16.52,16.67,16.21,16.25,16824552,0
GME.US,D,20180926,000000,16.13,16.81,16.13,16.61,17816583,0
GME.US,D,20180927,000000,16.50,17.26,16.45,17.13,9648867,0
GME.US,D,20180928,000000,17.01,17.10,17.01,17.05,12640980,0
GME.US,D,20181001,000000,17.04,17.04,16.34,16.58,12074007,0
GME.US,D,20181001,000000,16.57,16.58,16.12,16.22,14636965,0
GME.US,D,20181001,000000,16.09,16.56,16.07,16.42,16067353,0
GME.US,D,20181002,000000,16.23,16.42,16.16,16.41,7601886,0
GME.US,D,20181003,000000,16.40,16.41,16.38,16.39,8775452,0
GME.US,D,20181004,000000,16.48,16.74,16.47,16.69,20109051,0
GME.US,D,20181005,000000,16.69,16.98,15.80,15.86,19211329,0
GME.US,D,20181008,000000,15.78,15.78,15.50,15.54,10140162,0
GME.US,D,20181008,000000,15.56,15.62,15.14,15.26,20786169,0
GME.US,D,20181008,000000,15.09,15.53,15.09,15.44,17319596,0
GME.US,D,20181009,000000,15.37,15.58,15.33,15.57,8120386,0
GME.US,D,20181010,000000,15.44,15.53,14.56,14.71,15183475,0
GME.US,D,20181011,000000,14.95,15.20,13.76,14.02,20795610,0
GME.US,D,20181012,000000,13.89,14.57,13.82,14.42,9334156,0
GME.US,D,20181015,000000,14.41,14.80,14.37,14.75,7752064,0
GME.US,D,20181015,000000,14.56,15.01,14.50,14.94,15869474,0
GME.US,D,20181015,000000,14.99,16.21,14.98,16.18,21917194,0
GME.US,D,20181016,000000,15.97,17.46,15.83,16.74,12265181,0
GME.US,D,20181017,000000,16.79,17.45,16.75,17.32,21894785,0
GME.US,D,20181018,000000,17.43,17.52,16.86,16.90,10663366,0
GME.US,D,20181019,000000,17.01,17.09,15.86,16.44,20544833,0
GME.US,D,20181022,000000,16.26,16.49,16.25,16.47,14212728,0
GME.US,D,20181022,000000,16.32,17.26,16.26,17.14,16097138,0
GME.US,D,20181022,000000,17.24,17.69,17.14,17.59,12975198,0
GME.US,D,20181023,000000,17.55,19.68,17.39,18.48,17972295,0
GME.US,D,20181024,000000,18.43,20.24,17.68,19.92,15102267,0
GME.US,D,20181025,000000,19.97,20.58,19.93,20.29,7791924,0
GME.US,D,20181026,000000,20.38,20.50,19.88,19.95,9411410,0
GME.US,D,20181029,000000,19.79,20.06,19.75,20.01,21203071,0
GME.US,D,20181029,000000,19.96,21.72,19.46,21.34,7859758,0
GME.US,D,20181029,000000,21.44,21.78,21.34,21.60,7576234,0
GME.US,D,20181030,000000,21.68,21.68,21.51,21.57,12379249,0
GME.US,D,20181031,000000,21.30,21.34,20.81,21.01,8126400,0
GME.US,D,20181101,000000,21.13,21.35,21.12,21.21,16716487,0
GME.US,D,20181102,000000,21.12,21.84,20.94,21.71,11936961,0
GME.US,D,20181105,000000,21.72,21.75,21.65,21.65,15910876,0
GME.US,D,20181105,000000,21.87,22.16,21.85,22.11,14513376,0
GME.US,D,20181105,000000,21.95,22.44,21.84,22.35,15861509,0
GME.US,D,20181106,000000,22.42,22.93,22.41,22.80,13488024,0
GME.US,D,20181107,000000,22.82,22.83,22.71,22.77,13034183,0
GME.US,D,20181108,000000,22.85,22.92,22.18,22.40,10345234,0
GME.US,D,20181109,000000,22.28,22.32,22.02,22.09,18710495,0
GME.US,D,20181112,000000,22.22,22.33,22.07,22.18,20871993,0
GME.US,D,20181112,000000,22.16,22.23,21.47,21.72,9002984,0
GME.US,D,20181112,000000,21.77,22.04,21.75,21.97,18030551,0
GME.US,D,20181113,000000,21.75,21.85,21.32,21.34,10885901,0
GME.US,D,20181114,000000,21.19,21.27,20.78,20.78,12518348,0
GME.US,D,20181115,000000,20.51,20.84,20.34,20.77,19768847,0
GME.US,D,20181116,000000,20.73,20.79,20.63,20.79,8857507,0
GME.US,D,20181119,000000,20.90,21.70,20.75,21.48,12309662,0
GME.US,D,20181119,000000,21.28,21.67,21.20,21.67,17367919,0
GME.US,D,20181119,000000,21.85,21.86,20.96,21.41,12279963,0
GME.US,D,20181120,000000,21.16,21.59,21.09,21.45,15424261,0
GME.US,D,20181121,000000,21.28,21.40,20.97,20.99,21010411,0
GME.US,D,20181122,000000,21.34,21.45,20.29,20.32,11279911,0
GME.US,D,20181123,000000,20.49,20.57,19.27,19.55,14196649,0
GME.US,D,20181126,000000,19.67,19.67,19.58,19.60,15631647,0
GME.US,D,20181126,000000,19.28,20.81,19.19,20.35,17541130,0
GME.US,D,20181126,000000,20.56,20.65,20.43,20.51,9438887,0
GME.US,D,20181127,000000,20.50,20.87,19.19,19.78,10947898,0
GME.US,D,20181128,000000,19.71,19.83,19.70,19.75,12384952,0
GME.US,D,20181129,000000,19.88,19.90,19.70,19.81,10693006,0
GME.US,D,20181130,000000,19.76,20.68,19.73,20.42,8070687,0
GME.US,D,20181203,000000,20.35,21.15,20.22,20.78,20072115,0
GME.US,D,20181203,000000,20.75,20.77,20.70,20.71,15593377,0
GME.US,D,20181203,000000,20.69,20.77,19.86,19.89,17228226,0
GME.US,D,20181204,000000,20.05,20.44,20.04,20.25,16191484,0
GME.US,D,20181205,000000,20.31,20.37,19.74,19.75,7878626,0
GME.US,D,20181206,000000,20.05,20.26,20.00,20.18,7799779,0
GME.US,D,20181207,000000,20.22,20.93,20.03,20.73,14166383,0
GME.US,D,20181210,000000,20.85,20.86,20.69,20.74,16529599,0
GME.US,D,20181210,000000,20.75,20.77,20.67,20.68,12570442,0
GME.US,D,20181210,000000,20.73,20.74,20.10,20.33,20601856,0
GME.US,D,20181211,000000,20.33,20.38,19.97,20.10,13118764,0
GME.US,D,20181212,000000,20.01,20.21,19.94,20.19,17551486,0
GME.US,D,20181213,000000,20.22,20.23,20.06,20.11,18791752,0
GME.US,D,20181214,000000,20.11,20.25,20.08,20.18,8357677,0
GME.US,D,20181217,000000,20.19,20.22,20.01,20.09,15080224,0
GME.US,D,20181217,000000,20.01,20.21,19.98,20.19,15207658,0
GME.US,D,20181217,000000,20.24,20.67,20.23,20.47,11025082,0
GME.US,D,20181218,000000,20.42,20.69,20.38,20.63,18308700,0
GME.US,D,20181219,000000,20.71,20.86,20.70,20.84,16851157,0
GME.US,D,20181220,000000,20.85,20.87,20.67,20.70,11969445,0
GME.US,D,20181221,000000,20.76,20.80,20.58,20.63,20013691,0
GME.US,D,20181224,000000,20.58,20.73,20.57,20.68,13456741,0
GME.US,D,20181224,000000,20.60,21.22,20.56,21.03,18785831,0
GME.US,D,20181224,000000,21.13,21.19,20.70,20.79,19301752,0
GME.US,D,20181225,000000,20.87,20.89,20.77,20.89,13953430,0
GME.US,D,20181226,000000,20.99,21.01,20.34,20.37,7655438,0
GME.US,D,20181227,000000,20.32,20.36,19.96,19.96,15164746,0
GME.US,D,20181228,000000,19.94,20.00,19.83,19.88,22065771,0
GME.US,D,20181231,000000,19.98,20.55,19.94,20.52,15566428,0
GME.US,D,20181231,000000,20.58,20.61,20.47,20.51,8123584,0
GME.US,D,20181231,000000,20.60,21.00,20.57,20.95,9176752,0
GME.US,D,20190101,000000,20.83,20.84,20.72,20.79,22242155,0
GME.US,D,20190102,000000,20.88,21.01,20.87,20.95,14542031,0
GME.US,D,20190103,000000,20.95,21.60,20.93,21.34,16502644,0
GME.US,D,20190104,000000,21.34,22.28,21.31,22.21,22346521,0
GME.US,D,20190107,000000,22.32,22.98,22.16,22.74,12356700,0
GME.US,D,20190107,000000,22.79,23.26,22.77,23.18,15186729,0
GME.US,D,20190107,000000,23.14,23.16,22.94,22.99,14949255,0
GME.US,D,20190108,000000,22.89,23.34,22.86,23.14,20319573,0
GME.US,D,20190109,000000,23.23,23.27,22.92,22.96,13774399,0
GME.US,D,20190110,000000,22.92,22.95,22.81,22.87,19912065,0
GME.US,D,20190111,000000,22.84,22.92,22.25,22.51,15048482,0
GME.US,D,20190114,000000,22.46,22.73,22.45,22.73,11786732,0
GME.US,D,20190114,000000,22.66,22.71,22.65,22.68,10439527,0
GME.US,D,20190114,000000,22.75,22.81,22.75,22.80,21688116,0
GME.US,D,20190115,000000,22.81,22.95,22.79,22.93,17347648,0
GME.US,D,20190116,000000,22.90,23.05,22.90,22.96,14990405,0
GME.US,D,20190117,000000,23.23,23.30,22.76,22.91,11388091,0
GME.US,D,20190118,000000,22.97,22.98,22.96,22.97,19764492,0
GME.US,D,20190121,000000,22.96,23.00,22.71,22.80,17392975,0
GME.US,D,20190121,000000,22.80,23.28,22.68,23.18,8388214,0
GME.US,D,20190121,000000,23.11,23.20,23.06,23.15,15084055,0
GME.US,D,20190122,000000,23.17,23.70,23.04,23.62,15890423,0
GME.US,D,20190123,000000,23.62,24.03,23.61,23.98,12684611,0
GME.US,D,20190124,000000,24.05,24.09,24.05,24.07,13866834,0
GME.US,D,20190125,000000,24.14,24.24,24.09,24.23,15347416,0
GME.US,D,20190128,000000,24.23,24.31,24.20,24.26,21909670,0
GME.US,D,20190128,000000,24.32,24.49,24.30,24.48,21349149,0
GME.US,D,20190128,000000,24.43,24.63,24.38,24.63,12967941,0
GME.US,D,20190129,000000,24.67,24.68,24.65,24.66,16682041,0
GME.US,D,20190130,000000,24.79,25.02,24.64,24.97,14083465,0
GME.US,D,20190131,000000,24.88,24.98,24.87,24.95,12676789,0
GME.US,D,20190201,000000,24.95,24.98,24.62,24.74,7789293,0
GME.US,D,20190204,000000,24.68,24.85,24.65,24.79,9562876,0
GME.US,D,20190204,000000,24.76,25.40,24.66,25.14,15527608,0
GME.US,D,20190204,000000,25.20,25.71,25.19,25.58,8717546,0
GME.US,D,20190205,000000,25.68,25.69,25.37,25.45,22490321,0
GME.US,D,20190206,000000,25.39,25.42,25.29,25.29,17407646,0
GME.US,D,20190207,000000,25.31,25.33,25.03,25.07,17818946,0
GME.US,D,20190208,000000,25.01,25.03,24.89,24.92,21103503,0
GME.US,D,20190211,000000,24.92,25.06,24.91,25.02,10142076,0
GME.US,D,20190211,000000,25.14,25.23,24.74,24.86,19763938,0
GME.US,D,20190211,000000,24.94,24.97,24.69,24.73,8907871,0
GME.US,D,20190212,000000,24.80,24.81,24.54,24.61,17564335,0
GME.US,D,20190213,000000,24.59,24.80,24.59,24.70,17206670,0
GME.US,D,20190214,000000,24.74,25.02,24.73,24.95,20928101,0
GME.US,D,20190215,000000,24.86,25.48,24.77,25.33,19927653,0
GME.US,D,20190218,000000,25.39,25.40,25.24,25.28,19111120,0
GME.US,D,20190218,000000,25.33,25.36,25.18,25.25,19900667,0
GME.US,D,20190218,000000,25.31,25.42,25.05,25.13,10924077,0
GME.US,D,20190219,000000,25.04,26.09,25.03,25.59,17312994,0
GME.US,D,20190220,000000,25.64,25.99,25.57,25.92,10315481,0
GME.US,D,20190221,000000,26.01,26.06,25.39,25.66,8974046,0
GME.US,D,20190222,000000,25.72,25.76,25.67,25.68,7523342,0
GME.US,D,20190225,000000,25.55,25.63,25.55,25.61,13831073,0
GME.US,D,20190225,000000,25.57,26.07,25.51,25.97,17108362,0
GME.US,D,20190225,000000,25.99,26.04,25.67,25.78,14738827,0
GME.US,D,20190226,000000,25.64,25.71,24.85,25.17,8787183,0
GME.US,D,20190227,000000,25.16,25.38,25.10,25.28,13074650,0
GME.US,D,20190228,000000,25.13,25.37,25.08,25.27,13592874,0
GME.US,D,20190301,000000,25.23,25.26,25.00,25.15,9419563,0
GME.US,D,20190304,000000,25.22,25.49,25.22,25.45,20466234,0
GME.US,D,20190304,000000,25.67,25.77,25.23,25.41,8655034,0
GME.US,D,20190304,000000,25.43,25.51,25.42,25.48,22038142,0
GME.US,D,20190305,000000,25.57,25.61,25.24,25.25,20516948,0
GME.US,D,20190306,000000,25.06,25.36,25.03,25.33,16581198,0
GME.US,D,20190307,000000,25.28,25.36,25.24,25.29,17748705,0
GME.US,D,20190308,000000,25.29,25.76,25.22,25.57,8199677,0
GME.US,D,20190311,000000,25.57,25.66,25.28,25.39,14813758,0
GME.US,D,20190311,000000,25.54,25.88,25.45,25.81,14461815,0
GME.US,D,20190311,000000,25.68,25.74,25.67,25.72,13673391,0
GME.US,D,20190312,000000,25.74,25.91,25.71,25.85,15438777,0
GME.US,D,20190313,000000,25.79,25.80,25.65,25.66,16886185,0
GME.US,D,20190314,000000,25.62,25.72,25.61,25.70,21858683,0
GME.US,D,20190315,000000,25.72,25.72,25.65,25.68,18670754,0
GME.US,D,20190318,000000,25.66,25.94,25.60,25.88,19155756,0
GME.US,D,20190318,000000,25.88,25.90,25.40,25.64,8454963,0
GME.US,D,20190318,000000,25.63,25.64,25.59,25.60,16187333,0
GME.US,D,20190319,000000,25.60,25.69,25.40,25.41,10891274,0
GME.US,D,20190320,000000,25.36,25.50,25.33,25.49,15742743,0
GME.US,D,20190321,000000,25.52,25.53,25.44,25.46,8173837,0
GME.US,D,20190322,000000,25.46,25.64,25.41,25.63,10708068,0
GME.US,D,20190325,000000,25.60,25.78,25.57,25.75,19754949,0
GME.US,D,20190325,000000,25.70,25.70,25.57,25.63,9916076,0
GME.US,D,20190325,000000,25.72,25.75,25.71,25.72,11992551,0
GME.US,D,20190326,000000,25.69,25.80,25.68,25.80,16913942,0
GME.US,D,20190327,000000,25.84,26.07,25.77,25.98,21069045,0
GME.US,D,20190328,000000,25.99,26.20,25.96,26.13,22151845,0
GME.US,D,20190329,000000,26.64,27.01,25.68,25.69,21654918,0
GME.US,D,20190401,000000,25.32,25.34,24.69,24.69,40866311,0
GME.US,D,20190401,000000,24.59,24.63,23.34,23.65,30226628,0
GME.US,D,20190401,000000,23.41,23.52,21.83,22.48,58305771,0
GME.US,D,20190402,000000,23.06,23.37,21.71,21.98,39096792,0
GME.US,D,20190403,000000,22.25,22.49,20.75,21.09,42107192,0
GME.US,D,20190404,000000,21.18,21.36,19.54,19.69,67439569,0
GME.US,D,20190405,000000,19.49,19.73,18.55,18.59,62297245,0
GME.US,D,20190408,000000,18.19,18.84,16.31,17.42,30927730,0
GME.US,D,20190408,000000,17.14,17.25,15.64,16.24,87438621,0
GME.US,D,20190408,000000,16.24,16.26,15.26,15.44,56268126,0
GME.US,D,20190409,000000,15.38,15.39,14.12,14.40,97422305,0
GME.US,D,20190410,000000,14.33,14.39,12.84,13.32,89832264,0
GME.US,D,20190411,000000,13.63,13.70,13.49,13.60,8889460,0
GME.US,D,20190412,000000,13.81,13.82,13.19,13.32,12120565,0
GME.US,D,20190415,000000,13.21,14.33,12.99,14.00,19131164,0
GME.US,D,20190415,000000,13.95,14.09,13.46,13.56,8929380,0
GME.US,D,20190415,000000,13.46,13.65,13.33,13.63,8101021,0
GME.US,D,20190416,000000,13.70,14.81,13.51,14.68,14154019,0
GME.US,D,20190417,000000,14.54,15.78,14.50,15.47,20199347,0
GME.US,D,20190418,000000,15.67,15.84,14.79,14.94,13679973,0
GME.US,D,20190419,000000,14.84,14.92,13.79,14.24,16929152,0
GME.US,D,20190422,000000,14.19,14.53,13.34,13.58,15620622,0
GME.US,D,20190422,000000,13.40,13.57,12.98,13.13,21908560,0
GME.US,D,20190422,000000,13.41,13.43,13.06,13.18,21513394,0
GME.US,D,20190423,000000,13.27,13.51,10.64,11.71,10699448,0
GME.US,D,20190424,000000,11.63,11.78,11.16,11.24,8185094,0
GME.US,D,20190425,000000,11.13,11.79,11.08,11.58,16601249,0
GME.US,D,20190426,000000,11.58,11.62,11.40,11.40,9198041,0
GME.US,D,20190429,000000,11.44,12.15,11.19,12.09,19561039,0
GME.US,D,20190429,000000,11.59,12.48,11.46,12.34,11198692,0
GME.US,D,20190429,000000,12.36,12.45,12.09,12.16,20112975,0
GME.US,D,20190430,000000,12.16,12.24,11.67,11.84,18168718,0
GME.US,D,20190501,000000,12.08,12.20,11.26,11.26,8594080,0
GME.US,D,20190502,000000,11.42,11.75,10.23,10.80,16821451,0
GME.US,D,20190503,000000,10.82,11.32,10.24,10.32,10008164,0
GME.US,D,20190506,000000,10.02,10.39,9.95,10.27,18291961,0
GME.US,D,20190506,000000,10.19,11.29,10.08,10.85,17643213,0
GME.US,D,20190506,000000,10.88,10.93,10.75,10.75,10599101,0
GME.US,D,20190507,000000,10.48,11.77,10.21,11.14,22020948,0
GME.US,D,20190508,000000,10.89,11.70,10.68,11.52,9511637,0
GME.US,D,20190509,000000,11.47,11.54,11.32,11.33,9835444,0
GME.US,D,20190510,000000,11.29,11.46,9.55,10.05,11867149,0
GME.US,D,20190513,000000,9.95,10.81,9.89,10.46,21911205,0
GME.US,D,20190513,000000,10.55,10.65,9.38,9.67,10944068,0
GME.US,D,20190513,000000,9.42,9.75,9.42,9.62,20356840,0
GME.US,D,20190514,000000,9.47,9.66,8.65,8.96,20830298,0
GME.US,D,20190515,000000,9.07,9.33,9.02,9.28,22181548,0
GME.US,D,20190516,000000,9.35,9.74,9.30,9.64,12127112,0
GME.US,D,20190517,000000,9.49,9.63,8.76,8.83,11050980,0
GME.US,D,20190520,000000,8.61,8.84,8.58,8.79,18445152,0
GME.US,D,20190520,000000,8.53,9.32,8.27,9.24,16045626,0
GME.US,D,20190520,000000,9.23,10.02,9.12,9.95,15215361,0
GME.US,D,20190521,000000,9.82,9.86,9.81,9.84,16222567,0
GME.US,D,20190522,000000,9.81,9.86,9.41,9.46,17411662,0
GME.US,D,20190523,000000,9.56,9.85,9.53,9.84,10192575,0
GME.US,D,20190524,000000,10.19,10.41,10.18,10.36,19174818,0
GME.US,D,20190527,000000,10.00,10.14,9.56,9.87,11062026,0
GME.US,D,20190527,000000,10.05,10.52,9.97,10.15,16824478,0
GME.US,D,20190527,000000,9.92,9.94,9.83,9.86,20593514,0
GME.US,D,20190528,000000,9.90,9.94,9.27,9.55,8655829,0
GME.US,D,20190529,000000,9.64,9.79,8.33,8.59,18371267,0
GME.US,D,20190530,000000,8.54,8.55,8.54,8.55,11104603,0
GME.US,D,20190531,000000,8.62,8.95,8.59,8.93,14130184,0
GME.US,D,20190603,000000,8.85,8.88,8.78,8.79,14693436,0
GME.US,D,20190603,000000,8.87,9.01,8.14,8.33,16400701,0
GME.US,D,20190603,000000,8.29,8.99,8.16,8.78,11888134,0
GME.US,D,20190604,000000,8.77,8.92,8.72,8.87,11322636,0
GME.US,D,20190605,000000,9.05,9.48,9.00,9.33,13509175,0
GME.US,D,20190606,000000,9.43,9.51,9.12,9.16,22465784,0
GME.US,D,20190607,000000,9.33,9.43,9.28,9.30,17858340,0
GME.US,D,20190610,000000,9.41,9.55,8.63,8.83,22257663,0
GME.US,D,20190610,000000,8.71,9.01,8.62,8.96,17097632,0
GME.US,D,20190610,000000,9.12,9.40,8.78,8.78,22159127,0
GME.US,D,20190611,000000,8.74,9.15,8.68,9.02,10486321,0
GME.US,D,20190612,000000,8.93,9.08,8.90,9.07,7684921,0
GME.US,D,20190613,000000,9.13,9.70,9.13,9.39,9234155,0
GME.US,D,20190614,000000,9.26,9.83,7.95,8.18,11735732,0
GME.US,D,20190617,000000,8.00,8.58,7.94,8.42,11547564,0
GME.US,D,20190617,000000,8.42,8.84,7.99,8.04,8958946,0
GME.US,D,20190617,000000,8.04,8.12,7.93,8.05,19152513,0
GME.US,D,20190618,000000,7.88,8.14,7.87,8.14,17716081,0
GME.US,D,20190619,000000,7.99,8.08,7.96,8.05,15466169,0
GME.US,D,20190620,000000,8.07,8.20,8.03,8.18,11947545,0
GME.US,D,20190621,000000,8.12,8.22,8.11,8.22,19397441,0
GME.US,D,20190624,000000,8.28,8.35,8.26,8.35,19545172,0
GME.US,D,20190624,000000,8.34,8.62,8.31,8.52,15786365,0
GME.US,D,20190624,000000,8.48,8.55,8.27,8.31,7658714,0
GME.US,D,20190625,000000,8.20,8.20,8.16,8.17,14324096,0
GME.US,D,20190626,000000,8.33,8.48,7.54,7.72,21656063,0
GME.US,D,20190627,000000,7.80,7.97,6.90,7.14,8560760,0
GME.US,D,20190628,000000,7.05,7.11,7.04,7.09,11040443,0
GME.US,D,20190701,000000,7.12,7.55,7.04,7.41,19901344,0
GME.US,D,20190701,000000,7.31,7.32,7.28,7.28,18681889,0
GME.US,D,20190701,000000,7.26,7.27,7.19,7.20,11641173,0
GME.US,D,20190702,000000,7.10,7.26,7.04,7.26,17642995,0
GME.US,D,20190703,000000,7.25,7.39,7.15,7.37,12363723,0
GME.US,D,20190704,000000,7.43,7.52,7.37,7.51,24712366,0
GME.US,D,20190705,000000,7.49,7.89,7.43,7.69,21649588,0
GME.US,D,20190708,000000,7.64,7.83,7.49,7.81,25472932,0
GME.US,D,20190708,000000,7.85,8.01,7.78,7.95,38641636,0
GME.US,D,20190708,000000,8.02,8.26,7.94,8.15,14739163,0
GME.US,D,20190709,000000,8.19,8.35,8.15,8.28,31158380,0
GME.US,D,20190710,000000,8.28,8.65,8.27,8.50,35049565,0
GME.US,D,20190711,000000,8.41,8.73,8.35,8.73,20016237,0
GME.US,D,20190712,000000,8.78,8.92,8.74,8.90,26738767,0
GME.US,D,20190715,000000,8.94,9.23,8.91,9.13,29926320,0
GME.US,D,20190715,000000,9.09,9.44,9.04,9.35,22577835,0
GME.US,D,20190715,000000,9.37,9.65,9.34,9.62,27186770,0
GME.US,D,20190716,000000,9.62,9.92,9.58,9.82,39411092,0
GME.US,D,20190717,000000,9.81,10.10,9.81,10.01,41729071,0
GME.US,D,20190718,000000,10.13,10.29,10.08,10.22,50686787,0
GME.US,D,20190719,000000,10.30,10.68,10.30,10.53,20963699,0
GME.US,D,20190722,000000,10.57,10.84,10.49,10.74,50155608,0
GME.US,D,20190722,000000,10.73,11.09,10.71,11.06,39079353,0
GME.US,D,20190722,000000,10.97,11.35,10.95,11.30,26001658,0
GME.US,D,20190723,000000,11.10,11.82,11.02,11.74,51438982,0
GME.US,D,20190724,000000,11.71,12.19,11.60,12.07,33326832,0
GME.US,D,20190725,000000,11.93,12.65,11.79,12.47,33212766,0
GME.US,D,20190726,000000,12.32,13.02,12.22,12.94,37857298,0
GME.US,D,20190729,000000,13.00,13.56,13.00,13.38,60498300,0
GME.US,D,20190729,000000,13.31,13.84,13.25,13.73,60141369,0
GME.US,D,20190729,000000,13.43,14.64,13.42,14.17,44332143,0
GME.US,D,20190730,000000,14.01,14.89,13.75,14.79,34791459,0
GME.US,D,20190731,000000,14.92,14.97,14.35,14.51,17420452,0
GME.US,D,20190801,000000,14.16,14.22,13.88,13.90,12282235,0
GME.US,D,20190802,000000,13.54,14.23,13.44,14.06,9313153,0
GME.US,D,20190805,000000,14.00,14.00,13.56,13.67,17060840,0
GME.US,D,20190805,000000,13.43,13.45,13.33,13.36,15035621,0
GME.US,D,20190805,000000,13.01,13.46,12.86,13.29,18127162,0
GME.US,D,20190806,000000,13.22,13.32,13.21,13.31,8127434,0
GME.US,D,20190807,000000,13.24,13.30,12.82,13.07,10465122,0
GME.US,D,20190808,000000,12.95,13.75,12.84,13.44,12086457,0
GME.US,D,20190809,000000,13.44,13.77,13.15,13.71,18410355,0
GME.US,D,20190812,000000,13.54,13.62,13.19,13.27,12349659,0
GME.US,D,20190812,000000,13.30,14.34,12.89,14.30,13742863,0
GME.US,D,20190812,000000,14.08,15.17,13.61,15.15,16490228,0
GME.US,D,20190813,000000,14.91,15.21,14.89,15.15,10557415,0
GME.US,D,20190814,000000,15.03,15.06,14.86,14.91,17053207,0
GME.US,D,20190815,000000,15.22,15.67,12.71,13.34,18291880,0
GME.US,D,20190816,000000,13.11,13.47,13.05,13.40,8760478,0
GME.US,D,20190819,000000,13.12,14.24,13.02,14.01,21314838,0
GME.US,D,20190819,000000,13.78,13.87,13.39,13.55,22231446,0
GME.US,D,20190819,000000,13.92,14.03,13.61,13.67,13930871,0
GME.US,D,20190820,000000,13.89,14.40,12.20,12.92,19667433,0
GME.US,D,20190821,000000,12.72,13.03,10.97,11.67,13073622,0
GME.US,D,20190822,000000,11.49,11.57,10.45,10.71,10741960,0
GME.US,D,20190823,000000,10.61,10.64,10.23,10.27,15467008,0
GME.US,D,20190826,000000,10.25,10.49,9.79,9.89,15760951,0
GME.US,D,20190826,000000,10.08,10.29,9.43,9.55,21795998,0
GME.US,D,20190826,000000,9.46,9.62,9.23,9.23,9180129,0
GME.US,D,20190827,000000,9.35,9.39,9.22,9.23,19275783,0
GME.US,D,20190828,000000,9.35,9.37,9.20,9.26,16210037,0
GME.US,D,20190829,000000,9.21,9.50,9.19,9.47,8440848,0
GME.US,D,20190830,000000,9.59,9.63,9.19,9.21,17682118,0
GME.US,D,20190902,000000,9.22,9.57,9.13,9.48,7996244,0
GME.US,D,20190902,000000,9.36,9.44,8.51,8.81,13587640,0
GME.US,D,20190902,000000,8.65,8.90,8.41,8.88,20861911,0
GME.US,D,20190903,000000,9.00,9.02,8.64,8.65,18610201,0
GME.US,D,20190904,000000,8.73,9.12,8.59,9.06,22320680,0
GME.US,D,20190905,000000,9.04,9.26,9.01,9.17,12718235,0
GME.US,D,20190906,000000,9.12,9.63,9.06,9.59,10729402,0
GME.US,D,20190909,000000,9.51,9.63,9.48,9.60,20581089,0
GME.US,D,20190909,000000,9.39,9.96,9.37,9.75,12697145,0
GME.US,D,20190909,000000,10.17,10.24,9.27,9.70,15984544,0
GME.US,D,20190910,000000,10.12,10.15,9.55,9.71,13420462,0
GME.US,D,20190911,000000,9.50,10.42,9.43,10.02,13577718,0
GME.US,D,20190912,000000,9.89,9.91,9.59,9.69,16884255,0
GME.US,D,20190913,000000,9.77,9.90,9.05,9.20,21723673,0
GME.US,D,20190916,000000,9.18,10.53,8.88,9.91,10343406,0
GME.US,D,20190916,000000,9.82,9.88,9.79,9.83,21830505,0
GME.US,D,20190916,000000,9.73,9.80,9.51,9.65,19758977,0
GME.US,D,20190917,000000,9.63,9.85,9.57,9.81,19661980,0
GME.US,D,20190918,000000,10.18,10.25,8.76,9.36,19536414,0
GME.US,D,20190919,000000,9.40,9.80,9.36,9.65,21703442,0
GME.US,D,20190920,000000,9.72,9.89,9.47,9.59,21021128,0
GME.US,D,20190923,000000,9.55,9.56,8.73,9.05,11791236,0
GME.US,D,20190923,000000,9.04,9.54,9.02,9.38,16152896,0
GME.US,D,20190923,000000,9.44,9.80,9.37,9.72,18101940,0
GME.US,D,20190924,000000,9.92,9.95,9.32,9.62,10734526,0
GME.US,D,20190925,000000,9.92,10.05,8.99,9.20,8227310,0
GME.US,D,20190926,000000,9.19,9.32,8.25,8.53,20151748,0
GME.US,D,20190927,000000,8.63,9.07,8.55,8.98,19806544,0
GME.US,D,20190930,000000,9.21,9.26,9.04,9.14,16005269,0
GME.US,D,20190930,000000,9.30,9.34,8.08,8.35,15280584,0
GME.US,D,20190930,000000,8.43,8.91,8.18,8.75,9457460,0
GME.US,D,20191001,000000,8.81,8.94,8.80,8.87,8465482,0
GME.US,D,20191002,000000,8.97,9.01,8.77,8.82,21544442,0
GME.US,D,20191003,000000,8.60,8.63,8.42,8.43,22359153,0
GME.US,D,20191004,000000,8.55,8.68,7.93,8.01,13482810,0
GME.US,D,20191007,000000,8.07,8.10,7.97,8.00,18022337,0
GME.US,D,20191007,000000,7.91,8.77,7.86,8.58,16153842,0
GME.US,D,20191007,000000,8.46,8.60,8.16,8.31,21224336,0
GME.US,D,20191008,000000,8.26,8.83,8.10,8.81,17371639,0
GME.US,D,20191009,000000,8.72,9.08,8.64,9.02,12111988,0
GME.US,D,20191010,000000,9.20,9.43,8.18,8.33,17675412,0
GME.US,D,20191011,000000,8.23,9.29,8.12,9.25,16922011,0
GME.US,D,20191014,000000,9.10,9.15,9.01,9.05,16155306,0
GME.US,D,20191014,000000,9.09,9.09,8.72,8.90,16548299,0
GME.US,D,20191014,000000,8.83,8.95,8.83,8.92,20613269,0
GME.US,D,20191015,000000,8.99,9.31,8.91,9.28,21447345,0
GME.US,D,20191016,000000,9.42,9.43,9.10,9.15,13502506,0
GME.US,D,20191017,000000,9.48,9.54,8.56,8.66,9257616,0
GME.US,D,20191018,000000,8.66,8.68,8.62,8.67,16631332,0
GME.US,D,20191021,000000,8.86,9.72,8.77,9.34,10979737,0
GME.US,D,20191021,000000,9.03,9.17,9.01,9.13,11066206,0
GME.US,D,20191021,000000,9.18,9.19,9.06,9.13,18996187,0
GME.US,D,20191022,000000,9.23,9.44,9.14,9.27,8438863,0
GME.US,D,20191023,000000,9.08,9.09,9.07,9.08,16672528,0
GME.US,D,20191024,000000,9.00,9.98,8.83,9.76,11162946,0
GME.US,D,20191025,000000,9.61,9.61,8.93,9.19,22251553,0
GME.US,D,20191028,000000,9.17,10.04,9.09,9.86,11350459,0
GME.US,D,20191028,000000,9.74,9.83,9.19,9.37,11873529,0
GME.US,D,20191028,000000,9.39,10.07,9.27,9.93,19726184,0
GME.US,D,20191029,000000,10.08,10.17,10.06,10.07,21864506,0
GME.US,D,20191030,000000,9.92,10.22,9.86,10.18,14811568,0
GME.US,D,20191031,000000,10.21,10.34,9.77,9.94,16830860,0
GME.US,D,20191101,000000,10.19,10.98,10.09,10.78,14479292,0
GME.US,D,20191104,000000,10.55,11.24,10.26,11.12,17573843,0
GME.US,D,20191104,000000,10.67,11.28,10.54,11.21,15152030,0
GME.US,D,20191104,000000,11.60,11.82,9.13,9.80,21762178,0
GME.US,D,20191105,000000,9.84,9.84,9.44,9.49,8732132,0
GME.US,D,20191106,000000,9.50,10.39,9.43,10.28,16749212,0
GME.US,D,20191107,000000,9.96,10.04,9.82,9.88,14883726,0
GME.US,D,20191108,000000,10.04,10.07,8.91,8.99,9392116,0
GME.US,D,20191111,000000,8.82,9.09,8.80,9.01,21429781,0
GME.US,D,20191111,000000,9.13,9.61,9.05,9.43,7518577,0
GME.US,D,20191111,000000,9.43,9.46,9.10,9.24,14783207,0
GME.US,D,20191112,000000,9.34,9.37,8.95,9.01,10170063,0
GME.US,D,20191113,000000,9.12,9.19,8.80,8.84,18390015,0
GME.US,D,20191114,000000,8.76,9.25,8.48,8.95,18368830,0
GME.US,D,20191115,000000,8.75,10.52,8.58,10.13,16870428,0
GME.US,D,20191118,000000,9.97,10.44,9.92,10.40,20248150,0
GME.US,D,20191118,000000,10.46,10.48,9.70,9.71,17815432,0
GME.US,D,20191118,000000,9.35,11.25,9.27,10.55,20004804,0
GME.US,D,20191119,000000,10.62,12.53,10.42,12.21,10797495,0
GME.US,D,20191120,000000,12.20,13.01,10.18,10.33,17164260,0
GME.US,D,20191121,000000,10.50,10.77,10.44,10.69,21814415,0
GME.US,D,20191122,000000,10.85,10.92,10.73,10.78,21121006,0
GME.US,D,20191125,000000,10.71,10.76,10.70,10.76,9917238,0
GME.US,D,20191125,000000,10.71,10.86,10.07,10.13,17266919,0
GME.US,D,20191125,000000,9.78,9.85,9.68,9.72,17226704,0
GME.US,D,20191126,000000,9.62,10.04,8.22,8.46,17200424,0
GME.US,D,20191127,000000,8.10,10.03,8.06,9.09,12357266,0
GME.US,D,20191128,000000,9.27,9.33,8.62,8.64,13055563,0
GME.US,D,20191129,000000,8.60,9.23,8.37,9.05,13599745,0
GME.US,D,20191202,000000,8.64,8.91,8.61,8.66,20577349,0
GME.US,D,20191202,000000,8.54,8.69,8.40,8.60,10069233,0
GME.US,D,20191202,000000,8.84,9.17,8.68,9.15,21721434,0
GME.US,D,20191203,000000,9.03,9.14,8.93,8.99,8520459,0
GME.US,D,20191204,000000,9.09,9.18,7.69,7.76,14733314,0
GME.US,D,20191205,000000,7.44,7.96,7.27,7.89,11200259,0
GME.US,D,20191206,000000,7.76,8.30,7.75,8.27,14150890,0
GME.US,D,20191209,000000,8.06,8.09,7.29,7.60,22189232,0
GME.US,D,20191209,000000,7.65,7.67,7.25,7.33,19579066,0
GME.US,D,20191209,000000,7.34,8.10,7.21,8.10,15270854,0
GME.US,D,20191210,000000,8.01,8.06,7.14,7.32,16265485,0
GME.US,D,20191211,000000,7.44,7.86,7.40,7.61,19229378,0
GME.US,D,20191212,000000,7.71,8.03,6.07,6.64,20674264,0
GME.US,D,20191213,000000,6.88,6.93,6.69,6.71,12099773,0
GME.US,D,20191216,000000,6.76,6.93,6.73,6.84,12521758,0
GME.US,D,20191216,000000,6.70,7.08,6.61,7.02,30759921,0
GME.US,D,20191216,000000,7.20,7.44,6.74,7.09,29475633,0
GME.US,D,20191217,000000,6.86,7.37,6.83,7.26,22601324,0
GME.US,D,20191218,000000,7.33,7.42,7.30,7.37,41682415,0
GME.US,D,20191219,000000,7.36,7.69,7.31,7.54,41539754,0
GME.US,D,20191220,000000,7.78,7.88,7.70,7.70,44139015,0
GME.US,D,20191223,000000,7.83,8.09,7.80,7.89,31910134,0
GME.US,D,20191223,000000,7.92,8.06,7.87,8.01,24059987,0
GME.US,D,20191223,000000,8.11,8.22,8.06,8.20,37056189,0
GME.US,D,20191224,000000,7.90,8.49,7.81,8.37,33716713,0
GME.US,D,20191225,000000,8.43,8.63,8.43,8.59,29659257,0
GME.US,D,20191226,000000,8.56,9.07,8.45,8.85,29049485,0
GME.US,D,20191227,000000,8.86,9.25,8.70,9.10,30190118,0
GME.US,D,20191230,000000,9.07,9.71,9.06,9.39,55507513,0
GME.US,D,20191230,000000,9.50,9.94,9.48,9.74,39972721,0
GME.US,D,20191230,000000,9.28,10.33,9.10,10.00,45667209,0
GME.US,D,20191231,000000,9.96,10.28,9.87,10.28,28488725,0
GME.US,D,20200101,000000,10.16,10.61,10.12,10.58,65330093,0
GME.US,D,20200102,000000,10.74,11.14,10.72,11.06,70277906,0
GME.US,D,20200103,000000,10.91,11.78,10.66,11.64,22456429,0
GME.US,D,20200106,000000,11.64,11.98,9.96,10.57,22207667,0
GME.US,D,20200106,000000,10.76,10.96,10.72,10.80,11068953,0
GME.US,D,20200106,000000,10.62,10.95,9.52,9.83,18702826,0
GME.US,D,20200107,000000,9.57,9.70,9.21,9.35,22400792,0
GME.US,D,20200108,000000,9.38,10.08,9.23,9.85,18605044,0
GME.US,D,20200109,000000,9.67,9.89,8.06,8.16,11987762,0
GME.US,D,20200110,000000,7.96,8.33,7.89,8.20,12702777,0
GME.US,D,20200113,000000,8.50,10.38,8.30,10.14,14054352,0
GME.US,D,20200113,000000,10.48,10.97,8.20,8.98,18360064,0
GME.US,D,20200113,000000,9.07,9.21,7.38,7.65,17984797,0
GME.US,D,20200114,000000,7.89,7.94,7.86,7.94,10399746,0
GME.US,D,20200115,000000,7.80,8.81,7.52,8.68,21052091,0
GME.US,D,20200116,000000,9.09,9.33,9.09,9.16,11200248,0
GME.US,D,20200117,000000,9.10,9.25,8.59,8.60,18679867,0
GME.US,D,20200120,000000,8.54,8.60,8.39,8.44,16535088,0
GME.US,D,20200120,000000,8.87,9.06,7.79,8.12,18928203,0
GME.US,D,20200120,000000,8.35,8.40,8.31,8.32,18693161,0
GME.US,D,20200121,000000,8.25,8.45,7.17,7.57,13622623,0
GME.US,D,20200122,000000,7.47,7.66,7.14,7.15,13738980,0
GME.US,D,20200123,000000,7.10,7.17,6.37,6.86,11581344,0
GME.US,D,20200124,000000,6.91,6.96,6.73,6.81,21571192,0
GME.US,D,20200127,000000,6.97,7.02,6.78,6.91,22465271,0
GME.US,D,20200127,000000,7.23,7.25,6.93,6.94,12357621,0
GME.US,D,20200127,000000,6.92,7.31,6.90,7.10,19297137,0
GME.US,D,20200128,000000,7.07,7.10,6.95,7.03,16000012,0
GME.US,D,20200129,000000,7.14,7.26,7.14,7.17,12437407,0
GME.US,D,20200130,000000,7.18,7.20,6.45,6.67,12606450,0
GME.US,D,20200131,000000,6.72,6.77,6.59,6.64,10683096,0
GME.US,D,20200203,000000,6.83,6.87,6.70,6.75,14993406,0
GME.US,D,20200203,000000,6.89,7.12,5.67,5.79,12390179,0
GME.US,D,20200203,000000,5.74,5.81,5.72,5.80,18983074,0
GME.US,D,20200204,000000,5.78,5.85,5.66,5.68,17773602,0
GME.US,D,20200205,000000,5.51,5.68,5.11,5.36,19538568,0
GME.US,D,20200206,000000,5.43,6.16,5.24,6.07,19164275,0
GME.US,D,20200207,000000,6.03,6.24,5.15,5.44,9839067,0
GME.US,D,20200210,000000,5.46,5.55,5.43,5.44,21738591,0
GME.US,D,20200210,000000,5.58,5.59,5.43,5.49,15826209,0
GME.US,D,20200210,000000,5.58,5.79,5.54,5.65,7723149,0
GME.US,D,20200211,000000,5.52,5.53,5.47,5.51,9576753,0
GME.US,D,20200212,000000,5.49,5.49,5.27,5.33,15495345,0
GME.US,D,20200213,000000,5.24,6.18,4.91,5.77,9187783,0
GME.US,D,20200214,000000,5.99,6.09,4.85,5.41,19372483,0
GME.US,D,20200217,000000,5.26,5.54,5.25,5.47,20852950,0
GME.US,D,20200217,000000,5.37,5.38,5.27,5.29,11468707,0
GME.US,D,20200217,000000,5.15,5.29,5.12,5.29,8688971,0
GME.US,D,20200218,000000,5.29,6.07,5.28,5.68,8657064,0
GME.US,D,20200219,000000,5.81,5.87,5.45,5.66,15131184,0
GME.US,D,20200220,000000,5.51,5.55,5.46,5.53,9108876,0
GME.US,D,20200221,000000,5.42,5.47,5.37,5.46,12139628,0
GME.US,D,20200224,000000,5.44,6.42,5.38,6.12,17419443,0
GME.US,D,20200224,000000,6.12,6.68,5.92,6.47,9135508,0
GME.US,D,20200224,000000,6.46,6.48,6.30,6.37,10436654,0
GME.US,D,20200225,000000,6.52,6.65,6.45,6.56,17771229,0
GME.US,D,20200226,000000,6.33,7.31,6.05,7.05,11632359,0
GME.US,D,20200227,000000,7.20,7.33,6.08,6.19,19867887,0
GME.US,D,20200228,000000,6.01,6.27,6.00,6.27,9272655,0
GME.US,D,20200302,000000,6.42,6.44,6.26,6.27,10452885,0
GME.US,D,20200302,000000,6.50,6.91,6.44,6.85,21605820,0
GME.US,D,20200302,000000,7.02,7.05,6.33,6.44,13345223,0
GME.US,D,20200303,000000,6.64,6.91,6.61,6.83,22189057,0
GME.US,D,20200304,000000,6.68,6.97,6.65,6.94,13565471,0
GME.US,D,20200305,000000,7.03,7.06,6.19,6.23,15708553,0
GME.US,D,20200306,000000,5.99,7.29,5.81,7.17,17809915,0
GME.US,D,20200309,000000,7.19,7.22,7.10,7.19,11756283,0
GME.US,D,20200309,000000,7.18,8.73,6.84,8.28,10117903,0
GME.US,D,20200309,000000,8.39,8.83,8.26,8.71,20976190,0
GME.US,D,20200310,000000,8.89,9.18,7.36,7.61,14239299,0
GME.US,D,20200311,000000,7.61,7.65,7.58,7.61,17248931,0
GME.US,D,20200312,000000,7.85,8.38,7.75,8.17,7625084,0
GME.US,D,20200313,000000,8.40,9.25,8.36,9.03,20801716,0
GME.US,D,20200316,000000,9.23,9.48,8.59,8.62,20304447,0
GME.US,D,20200316,000000,8.80,8.81,8.67,8.71,8232677,0
GME.US,D,20200316,000000,8.59,9.32,6.36,6.88,18495758,0
GME.US,D,20200317,000000,6.77,7.07,6.74,6.99,14124450,0
GME.US,D,20200318,000000,7.08,8.64,7.00,7.97,11399494,0
GME.US,D,20200319,000000,7.82,8.97,7.34,8.89,12444962,0
GME.US,D,20200320,000000,8.55,9.13,8.42,8.94,15218008,0
GME.US,D,20200323,000000,9.01,9.31,7.77,7.88,12359639,0
GME.US,D,20200323,000000,7.99,8.03,7.28,7.57,11701469,0
GME.US,D,20200323,000000,7.66,7.71,6.62,6.90,17644728,0
GME.US,D,20200324,000000,6.62,7.00,6.59,6.93,19491460,0
GME.US,D,20200325,000000,7.06,7.16,6.70,6.77,21881285,0
GME.US,D,20200326,000000,6.93,7.01,6.92,7.00,22167391,0
GME.US,D,20200327,000000,6.82,6.85,6.43,6.58,10683165,0
GME.US,D,20200330,000000,6.48,7.10,6.46,7.01,16600077,0
GME.US,D,20200330,000000,6.70,7.12,6.56,7.12,17832115,0
GME.US,D,20200330,000000,7.17,7.23,6.49,6.71,7630153,0
GME.US,D,20200331,000000,6.57,6.66,5.69,5.73,8720687,0
GME.US,D,20200401,000000,5.73,6.12,4.60,4.65,20248365,0
GME.US,D,20200402,000000,4.61,4.73,3.79,3.94,18992288,0
GME.US,D,20200403,000000,4.04,4.06,3.95,3.97,9197907,0
GME.US,D,20200406,000000,4.08,4.15,3.54,3.73,9036322,0
GME.US,D,20200406,000000,3.60,4.03,3.44,4.00,19706652,0
GME.US,D,20200406,000000,4.10,4.12,4.09,4.10,11343287,0
GME.US,D,20200407,000000,4.10,4.12,4.04,4.05,15654003,0
GME.US,D,20200408,000000,4.03,4.04,3.83,3.88,13955416,0
GME.US,D,20200409,000000,3.96,4.07,3.43,3.53,18743918,0
GME.US,D,20200410,000000,3.57,3.67,3.22,3.31,8306050,0
GME.US,D,20200413,000000,3.29,3.40,3.07,3.10,19786101,0
GME.US,D,20200413,000000,3.20,3.23,2.58,2.59,18022630,0
GME.US,D,20200413,000000,2.67,2.72,2.53,2.57,16602871,0
GME.US,D,20200414,000000,2.49,2.53,2.39,2.40,9263963,0
GME.US,D,20200415,000000,2.37,2.38,2.37,2.38,22360178,0
GME.US,D,20200416,000000,2.32,2.32,2.31,2.31,17999193,0
GME.US,D,20200417,000000,2.32,2.32,2.28,2.30,10338952,0
GME.US,D,20200420,000000,2.27,2.33,2.12,2.13,10388385,0
GME.US,D,20200420,000000,2.15,2.60,2.12,2.42,17672058,0
GME.US,D,20200420,000000,2.48,2.49,2.44,2.46,16794531,0
GME.US,D,20200421,000000,2.39,2.40,2.31,2.34,19113385,0
GME.US,D,20200422,000000,2.31,2.31,2.23,2.25,20749404,0
GME.US,D,20200423,000000,2.20,2.25,2.08,2.13,20971601,0
GME.US,D,20200424,000000,2.15,2.34,2.10,2.32,11257144,0
GME.US,D,20200427,000000,2.31,2.53,2.29,2.47,19032304,0
GME.US,D,20200427,000000,2.52,2.90,2.46,2.86,19534384,0
GME.US,D,20200427,000000,2.93,3.07,2.91,3.01,7773755,0
GME.US,D,20200428,000000,3.01,3.05,3.01,3.04,10380842,0
GME.US,D,20200429,000000,3.02,3.04,2.32,2.50,18075046,0
GME.US,D,20200430,000000,2.43,2.48,2.40,2.45,9838079,0
GME.US,D,20200501,000000,2.54,2.60,2.05,2.18,19830493,0
GME.US,D,20200504,000000,2.20,2.22,2.11,2.13,12593462,0
GME.US,D,20200504,000000,2.23,2.25,2.04,2.06,21826654,0
GME.US,D,20200504,000000,2.08,2.09,2.05,2.05,15480465,0
GME.US,D,20200505,000000,2.07,2.08,1.96,2.06,9568947,0
GME.US,D,20200506,000000,2.05,2.18,2.03,2.15,11195520,0
GME.US,D,20200507,000000,2.15,2.21,2.11,2.17,15922406,0
GME.US,D,20200508,000000,2.22,2.24,2.06,2.08,9350238,0
GME.US,D,20200511,000000,2.06,2.07,2.01,2.02,18317796,0
GME.US,D,20200511,000000,2.01,2.15,1.99,2.12,8975495,0
GME.US,D,20200511,000000,2.12,2.18,2.12,2.17,18136400,0
GME.US,D,20200512,000000,2.15,2.16,2.04,2.06,18749025,0
GME.US,D,20200513,000000,2.08,2.22,2.06,2.19,13967772,0
GME.US,D,20200514,000000,2.15,2.30,2.13,2.23,19899506,0
GME.US,D,20200515,000000,2.16,2.29,2.16,2.24,15006073,0
GME.US,D,20200518,000000,2.21,2.37,2.17,2.34,19794047,0
GME.US,D,20200518,000000,2.38,2.39,1.99,2.19,15467421,0
GME.US,D,20200518,000000,2.19,2.22,2.05,2.08,20416146,0
GME.US,D,20200519,000000,2.07,2.34,2.06,2.26,12515738,0
GME.US,D,20200520,000000,2.28,2.31,2.16,2.18,11298278,0
GME.US,D,20200521,000000,2.14,2.21,2.11,2.21,20832535,0
GME.US,D,20200522,000000,2.23,2.23,2.16,2.18,14540617,0
GME.US,D,20200525,000000,2.13,2.13,2.13,2.13,9310060,0
GME.US,D,20200525,000000,2.19,2.21,2.15,2.16,13389409,0
GME.US,D,20200525,000000,2.16,2.17,2.13,2.15,19331055,0
GME.US,D,20200526,000000,2.15,2.16,2.09,2.11,11379294,0
GME.US,D,20200527,000000,2.15,2.17,1.85,1.94,15247167,0
GME.US,D,20200528,000000,1.90,1.93,1.89,1.92,8706545,0
GME.US,D,20200529,000000,1.95,1.98,1.88,1.93,22374855,0
GME.US,D,20200601,000000,1.99,2.02,1.81,1.87,21916184,0
GME.US,D,20200601,000000,1.86,1.87,1.73,1.74,10968786,0
GME.US,D,20200601,000000,1.70,1.82,1.65,1.78,18027567,0
GME.US,D,20200602,000000,1.77,1.78,1.71,1.72,13990120,0
GME.US,D,20200603,000000,1.75,2.11,1.71,2.07,14711748,0
GME.US,D,20200604,000000,2.07,2.55,2.03,2.36,18112996,0
GME.US,D,20200605,000000,2.50,2.51,2.34,2.36,21322739,0
GME.US,D,20200608,000000,2.34,2.36,2.23,2.26,16159202,0
GME.US,D,20200608,000000,2.26,2.36,2.19,2.27,15837403,0
GME.US,D,20200608,000000,2.24,2.29,2.23,2.29,22124898,0
GME.US,D,20200609,000000,2.34,2.47,2.30,2.43,11055609,0
GME.US,D,20200610,000000,2.42,2.57,2.41,2.52,14079648,0
GME.US,D,20200611,000000,2.49,2.52,2.16,2.24,15034563,0
GME.US,D,20200612,000000,2.29,2.32,2.26,2.32,15106372,0
GME.US,D,20200615,000000,2.30,2.47,2.26,2.41,10583784,0
GME.US,D,20200615,000000,2.44,2.44,2.27,2.31,15186470,0
GME.US,D,20200615,000000,2.33,2.44,2.29,2.42,19991607,0
GME.US,D,20200616,000000,2.33,2.34,2.29,2.31,16451504,0
GME.US,D,20200617,000000,2.33,2.61,2.28,2.54,14638928,0
GME.US,D,20200618,000000,2.54,2.54,2.47,2.49,17313471,0
GME.US,D,20200619,000000,2.48,2.50,2.28,2.31,15494065,0
GME.US,D,20200622,000000,2.32,2.53,2.30,2.47,16658970,0
GME.US,D,20200622,000000,2.48,2.61,2.46,2.55,15515592,0
GME.US,D,20200622,000000,2.56,2.75,2.51,2.65,12787022,0
GME.US,D,20200623,000000,2.61,2.62,2.61,2.61,14001860,0
GME.US,D,20200624,000000,2.58,2.77,2.55,2.68,20678701,0
GME.US,D,20200625,000000,2.76,3.02,2.72,2.92,13460568,0
GME.US,D,20200626,000000,2.87,2.90,2.86,2.88,21515286,0
GME.US,D,20200629,000000,2.92,2.94,2.73,2.79,20179080,0
GME.US,D,20200629,000000,2.79,2.99,2.79,2.90,15612060,0
GME.US,D,20200629,000000,2.91,2.94,2.90,2.94,9251790,0
GME.US,D,20200630,000000,2.87,3.24,2.84,3.06,18825799,0
GME.US,D,20200701,000000,3.09,3.14,3.09,3.13,19276642,0
GME.US,D,20200702,000000,3.14,3.14,3.09,3.11,8685446,0
GME.US,D,20200703,000000,3.19,3.19,2.93,3.07,21992916,0
GME.US,D,20200706,000000,3.02,3.30,2.90,3.15,20821061,0
GME.US,D,20200706,000000,3.17,3.21,2.68,2.93,17105125,0
GME.US,D,20200706,000000,2.89,3.07,2.85,3.05,8040664,0
GME.US,D,20200707,000000,3.10,3.11,3.07,3.08,16569299,0
GME.US,D,20200708,000000,3.09,3.19,2.87,2.89,10427232,0
GME.US,D,20200709,000000,2.81,2.96,2.78,2.91,8383519,0
GME.US,D,20200710,000000,2.91,2.95,2.69,2.71,10613423,0
GME.US,D,20200713,000000,2.76,2.83,2.74,2.83,11801073,0
GME.US,D,20200713,000000,2.80,2.91,2.79,2.85,21261406,0
GME.US,D,20200713,000000,2.90,2.92,2.87,2.89,10008505,0
GME.US,D,20200714,000000,3.00,3.02,2.50,2.72,15742188,0
GME.US,D,20200715,000000,2.73,2.78,2.71,2.78,10654128,0
GME.US,D,20200716,000000,2.78,2.80,2.71,2.74,17925989,0
GME.US,D,20200717,000000,2.81,2.86,2.78,2.85,22331433,0
GME.US,D,20200720,000000,2.89,2.91,2.76,2.81,20336209,0
GME.US,D,20200720,000000,2.87,2.91,2.84,2.91,18712940,0
GME.US,D,20200720,000000,2.91,3.13,2.90,3.10,18952376,0
GME.US,D,20200721,000000,3.08,3.48,2.95,3.38,9107381,0
GME.US,D,20200722,000000,3.40,3.53,3.37,3.45,12243984,0
GME.US,D,20200723,000000,3.53,3.54,3.41,3.45,13064358,0
GME.US,D,20200724,000000,3.42,3.50,3.40,3.47,7988089,0
GME.US,D,20200727,000000,3.55,3.60,3.55,3.58,14218677,0
GME.US,D,20200727,000000,3.56,3.82,3.53,3.81,7698422,0
GME.US,D,20200727,000000,3.80,4.20,3.74,4.09,13573225,0
GME.US,D,20200728,000000,4.01,4.45,3.89,4.38,10975893,0
GME.US,D,20200729,000000,4.48,4.58,4.47,4.51,20576826,0
GME.US,D,20200730,000000,4.57,4.60,4.38,4.40,13421910,0
GME.US,D,20200731,000000,4.35,4.46,4.34,4.41,17929038,0
GME.US,D,20200803,000000,4.50,4.60,3.94,4.07,10618752,0
GME.US,D,20200803,000000,4.14,4.24,3.94,3.94,14498077,0
GME.US,D,20200803,000000,3.97,4.14,3.95,4.07,13922901,0
GME.US,D,20200804,000000,4.04,4.39,3.97,4.27,16407254,0
GME.US,D,20200805,000000,4.15,4.45,4.10,4.43,19712238,0
GME.US,D,20200806,000000,4.46,4.47,4.18,4.28,9139607,0
GME.US,D,20200807,000000,4.19,4.59,4.19,4.44,10497118,0
GME.US,D,20200810,000000,4.46,4.59,4.44,4.51,15002049,0
GME.US,D,20200810,000000,4.49,4.74,4.38,4.63,12484669,0
GME.US,D,20200810,000000,4.62,4.78,4.58,4.69,10723385,0
GME.US,D,20200811,000000,4.61,4.74,4.58,4.70,8009727,0
GME.US,D,20200812,000000,4.71,4.74,4.16,4.30,12719230,0
GME.US,D,20200813,000000,4.30,4.69,4.24,4.54,15464909,0
GME.US,D,20200814,000000,4.54,4.59,4.41,4.48,13217727,0
GME.US,D,20200817,000000,4.48,4.49,4.20,4.29,21600592,0
GME.US,D,20200817,000000,4.26,4.29,4.26,4.28,16096605,0
GME.US,D,20200817,000000,4.22,4.35,4.21,4.33,22428549,0
GME.US,D,20200818,000000,4.28,4.42,4.25,4.32,13197032,0
GME.US,D,20200819,000000,4.37,4.37,4.37,4.37,18993314,0
GME.US,D,20200820,000000,4.43,4.45,4.11,4.25,14526502,0
GME.US,D,20200821,000000,4.25,4.25,4.23,4.24,10099720,0
GME.US,D,20200824,000000,4.24,4.31,4.21,4.31,16378091,0
GME.US,D,20200824,000000,4.35,4.38,4.26,4.27,19487955,0
GME.US,D,20200824,000000,4.23,4.39,4.22,4.33,13143191,0
GME.US,D,20200825,000000,4.28,4.33,4.22,4.24,14044195,0
GME.US,D,20200826,000000,4.22,4.41,4.19,4.33,8223796,0
GME.US,D,20200827,000000,4.30,4.36,4.05,4.12,19834181,0
GME.US,D,20200828,000000,4.05,4.06,3.99,4.01,19191886,0
GME.US,D,20200831,000000,4.01,4.02,3.88,3.91,11780133,0
GME.US,D,20200831,000000,3.89,3.98,3.88,3.96,22122494,0
GME.US,D,20200831,000000,3.97,3.98,3.82,3.88,11855587,0
GME.US,D,20200901,000000,3.87,3.89,3.86,3.89,20177724,0
GME.US,D,20200902,000000,3.89,4.05,3.89,4.01,19933612,0
GME.US,D,20200903,000000,3.99,4.13,3.98,4.09,12897236,0
GME.US,D,20200904,000000,4.09,4.11,4.09,4.10,19196547,0
GME.US,D,20200907,000000,4.15,4.15,4.10,4.12,12384302,0
GME.US,D,20200907,000000,4.15,4.42,4.07,4.33,21755836,0
GME.US,D,20200907,000000,4.36,4.40,4.20,4.20,19608560,0
GME.US,D,20200908,000000,4.21,4.29,4.17,4.27,21083684,0
GME.US,D,20200909,000000,4.27,4.32,4.25,4.29,20350224,0
GME.US,D,20200910,000000,4.32,4.34,4.28,4.30,8114626,0
GME.US,D,20200911,000000,4.34,4.40,4.00,4.07,17949138,0
GME.US,D,20200914,000000,4.05,4.09,4.01,4.02,14002828,0
GME.US,D,20200914,000000,4.06,4.07,3.96,3.96,19228881,0
GME.US,D,20200914,000000,3.93,4.30,3.80,4.29,12459682,0
GME.US,D,20200915,000000,4.28,4.56,4.15,4.54,12344864,0
GME.US,D,20200916,000000,4.45,4.66,4.42,4.63,7736227,0
GME.US,D,20200917,000000,4.58,4.73,4.55,4.67,19543873,0
GME.US,D,20200918,000000,4.61,4.89,4.59,4.87,8913807,0
GME.US,D,20200921,000000,4.91,4.93,4.90,4.93,16021959,0
GME.US,D,20200921,000000,4.92,4.94,4.64,4.64,19651687,0
GME.US,D,20200921,000000,4.66,4.68,4.65,4.67,14067013,0
GME.US,D,20200922,000000,4.64,4.87,4.59,4.85,16034857,0
GME.US,D,20200923,000000,4.92,4.96,4.87,4.88,8581773,0
GME.US,D,20200924,000000,4.90,4.91,4.80,4.80,9635644,0
GME.US,D,20200925,000000,4.71,5.44,4.68,5.25,10523507,0
GME.US,D,20200928,000000,5.20,5.23,5.00,5.04,10021425,0
GME.US,D,20200928,000000,5.02,5.03,4.94,4.96,8576175,0
GME.US,D,20200928,000000,5.05,5.06,4.75,4.78,8191748,0
GME.US,D,20200929,000000,4.76,5.11,4.69,4.94,7610600,0
GME.US,D,20200930,000000,4.95,4.95,4.89,4.91,21933924,0
GME.US,D,20201001,000000,4.96,4.97,4.80,4.84,22289323,0
GME.US,D,20201002,000000,4.89,4.92,4.87,4.91,13112684,0
GME.US,D,20201005,000000,4.98,5.31,4.98,5.20,16760916,0
GME.US,D,20201005,000000,5.18,5.42,5.17,5.39,14243874,0
GME.US,D,20201005,000000,5.37,5.59,5.34,5.54,12850732,0
GME.US,D,20201006,000000,5.48,5.54,5.48,5.53,18902273,0
GME.US,D,20201007,000000,5.55,5.66,5.46,5.63,18780578,0
GME.US,D,20201008,000000,5.69,5.85,5.66,5.82,10706426,0
GME.US,D,20201009,000000,5.85,5.85,5.47,5.70,16152530,0
GME.US,D,20201012,000000,5.75,5.87,5.68,5.86,18063959,0
GME.US,D,20201012,000000,5.86,5.86,5.83,5.85,13348369,0
GME.US,D,20201012,000000,5.85,5.87,5.79,5.81,20920153,0
GME.US,D,20201013,000000,5.86,5.90,5.41,5.50,9929308,0
GME.US,D,20201014,000000,5.39,5.81,5.29,5.81,19303289,0
GME.US,D,20201015,000000,5.77,6.04,5.72,5.89,20169801,0
GME.US,D,20201016,000000,5.85,5.99,5.85,5.97,20215683,0
GME.US,D,20201019,000000,6.01,6.05,5.96,5.96,21412526,0
GME.US,D,20201019,000000,6.03,6.20,5.99,6.12,15897769,0
GME.US,D,20201019,000000,6.10,6.16,5.73,5.76,13626406,0
GME.US,D,20201020,000000,5.73,6.01,5.69,5.97,18039400,0
GME.US,D,20201021,000000,5.94,6.36,5.94,6.13,19673318,0
GME.US,D,20201022,000000,6.21,6.22,5.90,6.05,9453446,0
GME.US,D,20201023,000000,6.10,6.25,6.08,6.17,16313501,0
GME.US,D,20201026,000000,6.21,6.30,5.72,5.91,16302291,0
GME.US,D,20201026,000000,5.79,5.80,5.79,5.79,13690320,0
GME.US,D,20201026,000000,5.79,5.80,5.68,5.71,12431833,0
GME.US,D,20201027,000000,5.63,5.65,5.62,5.65,17912338,0
GME.US,D,20201028,000000,5.61,5.83,5.58,5.80,15837842,0
GME.US,D,20201029,000000,5.80,6.08,5.75,6.05,10345739,0
GME.US,D,20201030,000000,6.00,6.38,5.97,6.35,22329521,0
GME.US,D,20201102,000000,6.25,6.27,6.15,6.16,20535029,0
GME.US,D,20201102,000000,6.18,6.25,5.92,5.96,18437981,0
GME.US,D,20201102,000000,5.99,5.99,5.99,5.99,9127697,0
GME.US,D,20201103,000000,6.02,6.04,5.80,5.88,15271380,0
GME.US,D,20201104,000000,5.85,6.03,5.84,5.98,19383347,0
GME.US,D,20201105,000000,5.98,6.31,5.93,6.18,12199617,0
GME.US,D,20201106,000000,6.29,6.35,6.28,6.29,17668866,0
GME.US,D,20201109,000000,6.31,6.34,6.18,6.20,21861579,0
GME.US,D,20201109,000000,6.20,6.44,6.11,6.39,17803538,0
GME.US,D,20201109,000000,6.37,6.55,6.33,6.45,11628702,0
GME.US,D,20201110,000000,6.48,6.49,6.24,6.31,20174030,0
GME.US,D,20201111,000000,6.28,6.45,6.27,6.43,22128155,0
GME.US,D,20201112,000000,6.43,6.94,6.38,6.78,10185669,0
GME.US,D,20201113,000000,6.80,7.09,6.72,7.02,14075669,0
GME.US,D,20201116,000000,7.12,7.13,7.09,7.10,11950707,0
GME.US,D,20201116,000000,7.19,7.21,6.88,7.06,13093860,0
GME.US,D,20201116,000000,6.99,7.23,6.96,7.18,11755697,0
GME.US,D,20201117,000000,7.25,7.37,7.24,7.33,18852095,0
GME.US,D,20201118,000000,7.32,7.33,6.99,7.12,7528300,0
GME.US,D,20201119,000000,7.00,7.34,6.98,7.13,22256416,0
GME.US,D,20201120,000000,7.17,7.49,6.53,6.67,11449775,0
GME.US,D,20201123,000000,6.55,6.88,6.53,6.74,18366079,0
GME.US,D,20201123,000000,6.71,6.95,6.70,6.88,11193477,0
GME.US,D,20201123,000000,6.88,7.04,6.85,7.00,8135377,0
