<TICKER>,<PER>,<DATE>,<TIME>,<OPEN>,<HIGH>,<LOW>,<CLOSE>,<VOL>,<OPENINT>
GOEV.US,D,20180102,000000,1.99,2.00,1.95,1.95,2479474,0
GOEV.US,D,20180103,000000,1.97,1.98,1.92,1.92,2706933,0
GOEV.US,D,20180104,000000,1.94,1.94,1.92,1.93,5261542,0
GOEV.US,D,20180105,000000,1.92,1.92,1.88,1.88,2505020,0
GOEV.US,D,20180108,000000,1.86,1.88,1.82,1.83,3540402,0
GOEV.US,D,20180108,000000,1.82,1.87,1.81,1.86,4282215,0
GOEV.US,D,20180108,000000,1.86,1.88,1.82,1.83,5126773,0
GOEV.US,D,20180109,000000,1.82,1.83,1.82,1.83,3404294,0
GOEV.US,D,20180110,000000,1.81,1.88,1.80,1.87,4220692,0
GOEV.US,D,20180111,000000,1.86,1.87,1.84,1.85,2883516,0
GOEV.US,D,20180112,000000,1.87,1.88,1.86,1.87,5782872,0
GOEV.US,D,20180115,000000,1.87,1.88,1.86,1.86,4476305,0
GOEV.US,D,20180115,000000,1.84,1.93,1.84,1.91,2008248,0
GOEV.US,D,20180115,000000,1.89,1.90,1.86,1.88,4974561,0
GOEV.US,D,20180116,000000,1.86,1.87,1.83,1.84,5964702,0
GOEV.US,D,20180117,000000,1.82,1.84,1.82,1.83,5464028,0
GOEV.US,D,20180118,000000,1.83,1.84,1.79,1.81,3983510,0
GOEV.US,D,20180119,000000,1.80,1.85,1.80,1.84,3335209,0
GOEV.US,D,20180122,000000,1.86,1.87,1.85,1.86,5660846,0
GOEV.US,D,20180122,000000,1.85,2.02,1.77,2.00,4702931,0
GOEV.US,D,20180122,000000,2.00,2.06,2.00,2.06,2905430,0
GOEV.US,D,20180123,000000,2.02,2.03,2.01,2.02,3538007,0
GOEV.US,D,20180124,000000,2.01,2.02,1.86,1.87,2212610,0
GOEV.US,D,20180125,000000,1.87,1.93,1.87,1.92,3800915,0
GOEV.US,D,20180126,000000,1.92,1.93,1.79,1.81,4786841,0
GOEV.US,D,20180129,000000,1.79,1.82,1.51,1.63,5978477,0
GOEV.US,D,20180129,000000,1.60,1.71,1.58,1.66,2341338,0
GOEV.US,D,20180129,000000,1.65,1.67,1.56,1.59,2467564,0
GOEV.US,D,20180130,000000,1.57,1.67,1.55,1.65,3483804,0
GOEV.US,D,20180131,000000,1.65,1.65,1.56,1.59,4187056,0
GOEV.US,D,20180201,000000,1.60,1.70,1.59,1.68,4537685,0
GOEV.US,D,20180202,000000,1.67,1.68,1.64,1.64,3864074,0
GOEV.US,D,20180205,000000,1.65,1.66,1.64,1.66,5457822,0
GOEV.US,D,20180205,000000,1.66,1.68,1.62,1.62,2913795,0
GOEV.US,D,20180205,000000,1.62,1.62,1.60,1.60,3366996,0
GOEV.US,D,20180206,000000,1.58,1.69,1.58,1.64,4277669,0
GOEV.US,D,20180207,000000,1.64,1.66,1.57,1.61,4727462,0
GOEV.US,D,20180208,000000,1.57,1.58,1.57,1.57,3712040,0
GOEV.US,D,20180209,000000,1.56,1.56,1.52,1.53,2805397,0
GOEV.US,D,20180212,000000,1.53,1.54,1.50,1.51,3650512,0
GOEV.US,D,20180212,000000,1.51,1.52,1.39,1.42,5635443,0
GOEV.US,D,20180212,000000,1.41,1.49,1.41,1.49,3645692,0
GOEV.US,D,20180213,000000,1.51,1.54,1.51,1.54,4220485,0
GOEV.US,D,20180214,000000,1.53,1.54,1.49,1.50,3763479,0
GOEV.US,D,20180215,000000,1.50,1.52,1.46,1.47,4211252,0
GOEV.US,D,20180216,000000,1.47,1.48,1.43,1.44,2779420,0
GOEV.US,D,20180219,000000,1.45,1.45,1.44,1.45,5329081,0
GOEV.US,D,20180219,000000,1.46,1.49,1.44,1.48,2658409,0
GOEV.US,D,20180219,000000,1.47,1.50,1.46,1.50,5085946,0
GOEV.US,D,20180220,000000,1.52,1.53,1.51,1.53,5162501,0
GOEV.US,D,20180221,000000,1.52,1.54,1.52,1.53,3860995,0
GOEV.US,D,20180222,000000,1.54,1.57,1.52,1.52,3086805,0
GOEV.US,D,20180223,000000,1.52,1.54,1.52,1.53,2375066,0
GOEV.US,D,20180226,000000,1.52,1.58,1.51,1.57,3424724,0
GOEV.US,D,20180226,000000,1.57,1.57,1.55,1.55,3601878,0
GOEV.US,D,20180226,000000,1.57,1.57,1.57,1.57,5622627,0
GOEV.US,D,20180227,000000,1.58,1.59,1.56,1.56,5339891,0
GOEV.US,D,20180228,000000,1.57,1.58,1.56,1.56,3308685,0
GOEV.US,D,20180301,000000,1.57,1.57,1.57,1.57,4567231,0
GOEV.US,D,20180302,000000,1.57,1.62,1.57,1.60,3819649,0
GOEV.US,D,20180305,000000,1.61,1.67,1.60,1.66,5879066,0
GOEV.US,D,20180305,000000,1.66,1.66,1.66,1.66,5001116,0
GOEV.US,D,20180305,000000,1.67,1.68,1.61,1.62,5516114,0
GOEV.US,D,20180306,000000,1.61,1.66,1.59,1.65,4219445,0
GOEV.US,D,20180307,000000,1.65,1.68,1.65,1.68,5454757,0
GOEV.US,D,20180308,000000,1.68,1.70,1.67,1.69,4895523,0
GOEV.US,D,20180309,000000,1.68,1.69,1.66,1.66,3029863,0
GOEV.US,D,20180312,000000,1.65,1.71,1.65,1.69,4605338,0
GOEV.US,D,20180312,000000,1.67,1.71,1.67,1.71,5052444,0
GOEV.US,D,20180312,000000,1.71,1.75,1.70,1.75,3393990,0
GOEV.US,D,20180313,000000,1.76,1.76,1.76,1.76,5570397,0
GOEV.US,D,20180314,000000,1.76,1.76,1.74,1.74,4056935,0
GOEV.US,D,20180315,000000,1.75,1.85,1.75,1.81,2635537,0
GOEV.US,D,20180316,000000,1.80,1.86,1.79,1.85,3581597,0
GOEV.US,D,20180319,000000,1.86,1.87,1.86,1.87,2422126,0
GOEV.US,D,20180319,000000,1.87,1.94,1.86,1.92,4858402,0
GOEV.US,D,20180319,000000,1.93,1.94,1.89,1.89,2706264,0
GOEV.US,D,20180320,000000,1.88,1.90,1.88,1.89,3374988,0
GOEV.US,D,20180321,000000,1.90,1.91,1.89,1.90,4425741,0
GOEV.US,D,20180322,000000,1.90,1.91,1.85,1.86,4026317,0
GOEV.US,D,20180323,000000,1.85,1.85,1.83,1.83,5022420,0
GOEV.US,D,20180326,000000,1.83,1.91,1.81,1.87,3013718,0
GOEV.US,D,20180326,000000,1.87,1.87,1.83,1.84,3621752,0
GOEV.US,D,20180326,000000,1.84,1.94,1.83,1.89,4315412,0
GOEV.US,D,20180327,000000,1.89,1.96,1.87,1.94,5407690,0
GOEV.US,D,20180328,000000,1.94,1.95,1.91,1.91,2262781,0
GOEV.US,D,20180329,000000,1.92,1.93,1.90,1.91,3374623,0
GOEV.US,D,20180330,000000,1.90,1.91,1.90,1.90,4359940,0
GOEV.US,D,20180402,000000,1.90,1.90,1.89,1.90,3779120,0
GOEV.US,D,20180402,000000,1.89,1.90,1.89,1.90,3273619,0
GOEV.US,D,20180402,000000,1.90,1.90,1.90,1.90,5315073,0
GOEV.US,D,20180403,000000,1.90,1.94,1.90,1.93,5595482,0
GOEV.US,D,20180404,000000,1.94,1.95,1.94,1.94,3813241,0
GOEV.US,D,20180405,000000,1.95,1.96,1.90,1.90,5473196,0
GOEV.US,D,20180406,000000,1.90,1.90,1.90,1.90,5949666,0
GOEV.US,D,20180409,000000,1.90,1.92,1.87,1.88,5921436,0
GOEV.US,D,20180409,000000,1.88,1.88,1.86,1.87,2382559,0
GOEV.US,D,20180409,000000,1.87,1.89,1.83,1.85,4871458,0
GOEV.US,D,20180410,000000,1.85,1.85,1.84,1.84,2390405,0
GOEV.US,D,20180411,000000,1.84,1.87,1.84,1.86,2547526,0
GOEV.US,D,20180412,000000,1.87,1.87,1.86,1.86,5136291,0
GOEV.US,D,20180413,000000,1.87,1.87,1.86,1.86,4394039,0
GOEV.US,D,20180416,000000,1.86,1.86,1.85,1.86,5837667,0
GOEV.US,D,20180416,000000,1.86,1.86,1.86,1.86,4027795,0
GOEV.US,D,20180416,000000,1.86,1.86,1.86,1.86,2028072,0
GOEV.US,D,20180417,000000,1.86,1.87,1.86,1.87,4896492,0
GOEV.US,D,20180418,000000,1.87,1.88,1.87,1.88,5324844,0
GOEV.US,D,20180419,000000,1.87,1.89,1.87,1.89,2863350,0
GOEV.US,D,20180420,000000,1.89,1.89,1.89,1.89,4877069,0
GOEV.US,D,20180423,000000,1.89,1.91,1.88,1.90,4480848,0
GOEV.US,D,20180423,000000,1.89,1.90,1.88,1.88,4905789,0
GOEV.US,D,20180423,000000,1.88,1.89,1.86,1.87,4757006,0
GOEV.US,D,20180424,000000,1.86,1.87,1.84,1.84,2001743,0
GOEV.US,D,20180425,000000,1.84,1.84,1.84,1.84,3303086,0
GOEV.US,D,20180426,000000,1.84,1.85,1.83,1.83,2707817,0
GOEV.US,D,20180427,000000,1.84,1.84,1.82,1.82,4743725,0
GOEV.US,D,20180430,000000,1.82,1.82,1.81,1.81,3815121,0
GOEV.US,D,20180430,000000,1.80,1.85,1.80,1.84,5037917,0
GOEV.US,D,20180430,000000,1.84,1.89,1.83,1.88,5778516,0
GOEV.US,D,20180501,000000,1.90,1.90,1.84,1.85,4355934,0
GOEV.US,D,20180502,000000,1.84,1.88,1.84,1.87,5255110,0
GOEV.US,D,20180503,000000,1.86,1.90,1.85,1.88,2357844,0
GOEV.US,D,20180504,000000,1.88,1.90,1.87,1.90,4839217,0
GOEV.US,D,20180507,000000,1.90,1.93,1.89,1.91,5465432,0
GOEV.US,D,20180507,000000,1.92,1.92,1.90,1.90,2155129,0
GOEV.US,D,20180507,000000,1.89,1.90,1.87,1.88,4713982,0
GOEV.US,D,20180508,000000,1.86,1.89,1.86,1.89,2266160,0
GOEV.US,D,20180509,000000,1.88,1.89,1.88,1.89,3667222,0
GOEV.US,D,20180510,000000,1.89,1.91,1.88,1.90,2492666,0
GOEV.US,D,20180511,000000,1.86,1.97,1.81,1.94,7887064,0
GOEV.US,D,20180514,000000,1.98,1.98,1.97,1.97,4933440,0
GOEV.US,D,20180514,000000,1.98,2.00,1.97,1.99,8206389,0
GOEV.US,D,20180514,000000,1.95,2.12,1.91,2.03,4488212,0
GOEV.US,D,20180515,000000,2.00,2.08,2.00,2.07,3684961,0
GOEV.US,D,20180516,000000,2.06,2.15,2.06,2.11,5008764,0
GOEV.US,D,20180517,000000,2.12,2.18,2.10,2.15,6843731,0
GOEV.US,D,20180518,000000,2.12,2.19,2.12,2.18,10000812,0
GOEV.US,D,20180521,000000,2.21,2.23,2.21,2.22,8602522,0
GOEV.US,D,20180521,000000,2.22,2.32,2.21,2.27,5244032,0
GOEV.US,D,20180521,000000,2.25,2.32,2.24,2.31,6732574,0
GOEV.US,D,20180522,000000,2.32,2.38,2.32,2.35,9445205,0
GOEV.US,D,20180523,000000,2.36,2.41,2.35,2.41,11450477,0
GOEV.US,D,20180524,000000,2.37,2.45,2.36,2.45,8610007,0
GOEV.US,D,20180525,000000,2.42,2.53,2.42,2.52,5398489,0
GOEV.US,D,20180528,000000,2.50,2.59,2.49,2.58,9532242,0
GOEV.US,D,20180528,000000,2.53,2.66,2.52,2.62,8983003,0
GOEV.US,D,20180528,000000,2.61,2.68,2.61,2.67,9404759,0
GOEV.US,D,20180529,000000,2.70,2.76,2.69,2.74,13021442,0
GOEV.US,D,20180530,000000,2.78,2.83,2.78,2.81,7963667,0
GOEV.US,D,20180531,000000,2.82,2.91,2.81,2.89,14306977,0
GOEV.US,D,20180601,000000,2.91,3.03,2.90,2.97,7783009,0
GOEV.US,D,20180604,000000,2.95,3.04,2.94,3.03,12815956,0
GOEV.US,D,20180604,000000,3.07,3.15,3.06,3.12,7061820,0
GOEV.US,D,20180604,000000,3.18,3.30,3.15,3.22,11306281,0
GOEV.US,D,20180605,000000,3.19,3.40,3.18,3.32,12670305,0
GOEV.US,D,20180606,000000,3.28,3.47,3.25,3.43,17389502,0
GOEV.US,D,20180607,000000,3.40,3.58,3.37,3.56,16019633,0
GOEV.US,D,20180608,000000,3.52,3.75,3.46,3.68,7690668,0
GOEV.US,D,20180611,000000,3.66,3.81,3.61,3.81,11777024,0
GOEV.US,D,20180611,000000,3.77,4.02,3.76,3.94,9526731,0
GOEV.US,D,20180611,000000,3.93,4.29,3.90,4.10,7439558,0
GOEV.US,D,20180612,000000,4.02,4.04,3.80,3.86,4034142,0
GOEV.US,D,20180613,000000,3.89,3.89,3.79,3.81,4179947,0
GOEV.US,D,20180614,000000,3.81,3.92,3.81,3.92,5393083,0
GOEV.US,D,20180615,000000,4.00,4.02,3.91,3.93,2141389,0
GOEV.US,D,20180618,000000,3.93,3.98,3.93,3.96,3626190,0
GOEV.US,D,20180618,000000,4.02,4.03,4.02,4.03,4891729,0
GOEV.US,D,20180618,000000,4.02,4.02,4.00,4.01,2679078,0
GOEV.US,D,20180619,000000,3.96,4.13,3.93,4.04,5680783,0
GOEV.US,D,20180620,000000,4.09,4.13,3.93,3.96,5280152,0
GOEV.US,D,20180621,000000,3.96,4.09,3.96,4.05,4346382,0
GOEV.US,D,20180622,000000,4.05,4.08,3.96,3.97,2530983,0
GOEV.US,D,20180625,000000,3.97,3.97,3.77,3.82,5423315,0
GOEV.US,D,20180625,000000,3.80,4.35,3.80,4.05,2364809,0
GOEV.US,D,20180625,000000,4.11,4.23,3.80,3.89,3314343,0
GOEV.US,D,20180626,000000,3.85,3.86,3.63,3.72,5697860,0
GOEV.US,D,20180627,000000,3.79,3.80,3.52,3.65,5107517,0
GOEV.US,D,20180628,000000,3.63,3.85,3.58,3.80,5847521,0
GOEV.US,D,20180629,000000,3.81,3.99,3.77,3.93,4100889,0
GOEV.US,D,20180702,000000,4.00,4.05,3.88,3.88,5838986,0
GOEV.US,D,20180702,000000,3.87,3.93,3.85,3.92,2534596,0
GOEV.US,D,20180702,000000,3.89,3.90,3.88,3.89,2234605,0
GOEV.US,D,20180703,000000,3.94,4.03,3.94,4.01,4293032,0
GOEV.US,D,20180704,000000,4.00,4.07,3.84,3.93,3781096,0
GOEV.US,D,20180705,000000,3.92,4.23,3.89,4.14,5853870,0
GOEV.US,D,20180706,000000,4.25,4.37,4.22,4.33,4312150,0
GOEV.US,D,20180709,000000,4.36,4.38,4.25,4.31,5376755,0
GOEV.US,D,20180709,000000,4.29,4.37,4.27,4.35,4271000,0
GOEV.US,D,20180709,000000,4.32,4.34,4.09,4.15,4544159,0
GOEV.US,D,20180710,000000,4.24,4.27,4.20,4.23,2924056,0
GOEV.US,D,20180711,000000,4.21,4.22,4.17,4.18,4406365,0
GOEV.US,D,20180712,000000,4.20,4.27,4.18,4.25,5788248,0
GOEV.US,D,20180713,000000,4.23,4.53,4.21,4.38,3693403,0
GOEV.US,D,20180716,000000,4.39,4.46,3.99,4.10,3557374,0
GOEV.US,D,20180716,000000,4.13,4.14,4.05,4.09,2047161,0
GOEV.US,D,20180716,000000,3.95,4.07,3.91,4.04,3348014,0
GOEV.US,D,20180717,000000,4.08,4.11,3.95,3.96,5515795,0
GOEV.US,D,20180718,000000,3.98,3.98,3.94,3.95,4376336,0
GOEV.US,D,20180719,000000,3.90,4.08,3.89,4.01,3095275,0
GOEV.US,D,20180720,000000,4.09,4.13,3.70,3.84,4107185,0
GOEV.US,D,20180723,000000,3.76,4.16,3.70,4.13,2198426,0
GOEV.US,D,20180723,000000,4.17,4.37,4.14,4.34,2523710,0
GOEV.US,D,20180723,000000,4.37,4.39,4.21,4.22,3609759,0
GOEV.US,D,20180724,000000,4.31,4.43,4.28,4.36,2590832,0
GOEV.US,D,20180725,000000,4.33,4.95,4.32,4.75,4036475,0
GOEV.US,D,20180726,000000,4.63,5.16,4.58,4.89,5197673,0
GOEV.US,D,20180727,000000,4.91,4.98,4.90,4.96,5689653,0
GOEV.US,D,20180730,000000,4.92,5.14,4.91,5.11,4735217,0
GOEV.US,D,20180730,000000,5.04,5.45,5.01,5.40,2858239,0
GOEV.US,D,20180730,000000,5.34,5.48,5.33,5.46,4576161,0
GOEV.US,D,20180731,000000,5.50,5.63,5.47,5.62,2626588,0
GOEV.US,D,20180801,000000,5.54,5.70,5.52,5.67,3898759,0
GOEV.US,D,20180802,000000,5.69,5.88,5.67,5.82,2029198,0
GOEV.US,D,20180803,000000,5.77,5.80,5.60,5.67,2541575,0
GOEV.US,D,20180806,000000,5.64,5.87,5.56,5.77,4522919,0
GOEV.US,D,20180806,000000,5.78,6.01,5.67,5.98,4825261,0
GOEV.US,D,20180806,000000,5.84,5.89,5.83,5.89,5916375,0
GOEV.US,D,20180807,000000,5.81,5.84,5.65,5.68,4828209,0
GOEV.US,D,20180808,000000,5.79,5.91,5.37,5.44,11523642,0
GOEV.US,D,20180809,000000,5.41,5.52,5.18,5.23,16485692,0
GOEV.US,D,20180810,000000,5.21,5.29,4.62,4.91,10597694,0
GOEV.US,D,20180813,000000,4.86,4.90,4.58,4.62,18655077,0
GOEV.US,D,20180813,000000,4.63,4.72,4.35,4.41,8854260,0
GOEV.US,D,20180813,000000,4.33,4.35,4.19,4.24,12792385,0
GOEV.US,D,20180814,000000,4.30,4.31,3.94,3.97,21396350,0
GOEV.US,D,20180815,000000,3.98,4.00,3.54,3.72,23780745,0
GOEV.US,D,20180816,000000,3.74,3.76,3.48,3.51,12708223,0
GOEV.US,D,20180817,000000,3.48,3.91,3.35,3.78,5642743,0
GOEV.US,D,20180820,000000,3.76,3.90,3.43,3.47,4594913,0
GOEV.US,D,20180820,000000,3.47,3.81,3.45,3.71,5486299,0
GOEV.US,D,20180820,000000,3.64,3.85,3.56,3.79,5871741,0
GOEV.US,D,20180821,000000,3.69,3.84,3.68,3.77,4445069,0
GOEV.US,D,20180822,000000,3.77,4.16,3.74,4.13,4862075,0
GOEV.US,D,20180823,000000,4.23,4.24,4.03,4.04,4219331,0
GOEV.US,D,20180824,000000,4.08,4.09,4.07,4.08,2864263,0
GOEV.US,D,20180827,000000,3.95,4.40,3.80,4.32,2417729,0
GOEV.US,D,20180827,000000,4.36,4.93,4.31,4.74,2051935,0
GOEV.US,D,20180827,000000,4.73,4.74,4.70,4.74,2008427,0
GOEV.US,D,20180828,000000,4.75,4.82,4.73,4.80,3602743,0
GOEV.US,D,20180829,000000,4.78,4.80,4.77,4.79,5793643,0
GOEV.US,D,20180830,000000,4.77,4.79,4.30,4.42,5863752,0
GOEV.US,D,20180831,000000,4.36,4.91,4.36,4.81,2844253,0
GOEV.US,D,20180903,000000,4.69,4.75,4.55,4.63,4343137,0
GOEV.US,D,20180903,000000,4.61,4.61,4.49,4.56,4823217,0
GOEV.US,D,20180903,000000,4.57,4.63,4.53,4.60,2758610,0
GOEV.US,D,20180904,000000,4.58,4.65,4.57,4.62,5371197,0
GOEV.US,D,20180905,000000,4.58,4.59,4.34,4.41,2352300,0
GOEV.US,D,20180906,000000,4.51,4.58,4.17,4.23,4658664,0
GOEV.US,D,20180907,000000,4.19,4.74,4.08,4.69,3774062,0
GOEV.US,D,20180910,000000,4.69,4.69,4.58,4.60,3225992,0
GOEV.US,D,20180910,000000,4.59,4.71,3.97,4.20,5448408,0
GOEV.US,D,20180910,000000,4.15,4.15,4.04,4.09,4229125,0
GOEV.US,D,20180911,000000,4.04,4.05,4.02,4.02,2153465,0
GOEV.US,D,20180912,000000,4.06,4.06,3.85,3.94,3186978,0
GOEV.US,D,20180913,000000,3.83,3.87,3.83,3.86,4533713,0
GOEV.US,D,20180914,000000,3.83,3.97,3.83,3.94,5979266,0
GOEV.US,D,20180917,000000,3.92,3.93,3.86,3.87,3562148,0
GOEV.US,D,20180917,000000,3.93,4.08,3.88,4.04,3865807,0
GOEV.US,D,20180917,000000,4.03,4.04,4.01,4.03,2102782,0
GOEV.US,D,20180918,000000,4.08,4.11,3.53,3.63,2126091,0
GOEV.US,D,20180919,000000,3.53,3.56,3.52,3.55,5839509,0
GOEV.US,D,20180920,000000,3.56,3.90,3.47,3.78,3968418,0
GOEV.US,D,20180921,000000,3.72,3.76,3.60,3.62,2296744,0
GOEV.US,D,20180924,000000,3.60,3.63,3.45,3.49,5988921,0
GOEV.US,D,20180924,000000,3.39,3.42,3.34,3.41,4991064,0
GOEV.US,D,20180924,000000,3.43,3.53,3.42,3.49,3382029,0
GOEV.US,D,20180925,000000,3.40,3.81,3.35,3.73,4289758,0
GOEV.US,D,20180926,000000,3.72,4.24,3.69,4.15,4576100,0
GOEV.US,D,20180927,000000,4.21,4.22,4.04,4.06,5303434,0
GOEV.US,D,20180928,000000,4.00,4.27,3.95,4.17,3753942,0
GOEV.US,D,20181001,000000,4.21,4.23,4.11,4.15,2122638,0
GOEV.US,D,20181001,000000,4.13,4.32,4.13,4.28,5153072,0
GOEV.US,D,20181001,000000,4.30,4.89,4.28,4.56,3077730,0
GOEV.US,D,20181002,000000,4.56,4.58,4.53,4.55,3041468,0
GOEV.US,D,20181003,000000,4.57,4.58,4.48,4.49,2185830,0
GOEV.US,D,20181004,000000,4.57,5.20,4.37,4.92,4570771,0
GOEV.US,D,20181005,000000,4.93,5.49,4.91,5.16,5215062,0
GOEV.US,D,20181008,000000,5.07,5.43,5.06,5.28,5679849,0
GOEV.US,D,20181008,000000,5.32,5.69,5.22,5.60,2495956,0
GOEV.US,D,20181008,000000,5.66,5.68,5.30,5.40,5168025,0
GOEV.US,D,20181009,000000,5.32,5.32,5.16,5.21,2988622,0
GOEV.US,D,20181010,000000,5.17,5.21,5.17,5.20,2848726,0
GOEV.US,D,20181011,000000,5.18,5.20,5.06,5.11,2042026,0
GOEV.US,D,20181012,000000,5.14,5.33,5.11,5.33,3393794,0
GOEV.US,D,20181015,000000,5.22,5.71,5.08,5.69,5351809,0
GOEV.US,D,20181015,000000,5.53,5.64,4.85,5.23,5693279,0
GOEV.US,D,20181015,000000,5.23,5.30,5.20,5.28,2369875,0
GOEV.US,D,20181016,000000,5.27,5.33,4.84,5.00,3871165,0
GOEV.US,D,20181017,000000,5.12,5.42,5.10,5.36,5459128,0
GOEV.US,D,20181018,000000,5.49,5.49,4.99,5.06,3478971,0
GOEV.US,D,20181019,000000,5.15,5.15,4.95,5.04,2694858,0
GOEV.US,D,20181022,000000,4.97,5.33,4.90,5.25,2430769,0
GOEV.US,D,20181022,000000,5.24,5.33,5.22,5.31,5636179,0
GOEV.US,D,20181022,000000,5.38,5.47,5.32,5.44,3999186,0
GOEV.US,D,20181023,000000,5.43,5.51,5.06,5.14,2491937,0
GOEV.US,D,20181024,000000,5.17,5.23,5.16,5.22,2893924,0
GOEV.US,D,20181025,000000,5.16,5.33,4.75,4.83,3551708,0
GOEV.US,D,20181026,000000,4.83,4.92,4.78,4.89,2700767,0
GOEV.US,D,20181029,000000,4.94,4.98,4.57,4.59,3093570,0
GOEV.US,D,20181029,000000,4.64,4.66,4.59,4.61,5934138,0
GOEV.US,D,20181029,000000,4.63,4.67,4.33,4.41,3045677,0
GOEV.US,D,20181030,000000,4.43,4.59,4.42,4.56,3483873,0
GOEV.US,D,20181031,000000,4.61,4.62,4.49,4.50,4866477,0
GOEV.US,D,20181101,000000,4.41,4.63,4.41,4.60,3216138,0
GOEV.US,D,20181102,000000,4.64,4.77,4.60,4.75,3253553,0
GOEV.US,D,20181105,000000,4.76,4.94,4.75,4.86,3620997,0
GOEV.US,D,20181105,000000,4.89,4.94,4.75,4.79,2252963,0
GOEV.US,D,20181105,000000,4.82,4.99,4.79,4.95,2039766,0
GOEV.US,D,20181106,000000,4.90,4.91,4.84,4.85,4322525,0
GOEV.US,D,20181107,000000,4.81,5.23,4.76,5.07,2506880,0
GOEV.US,D,20181108,000000,5.09,5.13,4.84,4.91,3611290,0
GOEV.US,D,20181109,000000,4.85,4.89,4.82,4.87,4091218,0
GOEV.US,D,20181112,000000,4.92,4.98,4.64,4.69,4680537,0
GOEV.US,D,20181112,000000,4.63,4.81,4.63,4.76,4670410,0
GOEV.US,D,20181112,000000,4.68,4.69,4.41,4.46,2471120,0
GOEV.US,D,20181113,000000,4.40,4.47,4.33,4.47,2984090,0
GOEV.US,D,20181114,000000,4.38,4.40,4.24,4.27,2534903,0
GOEV.US,D,20181115,000000,4.18,4.23,4.16,4.23,3506058,0
GOEV.US,D,20181116,000000,4.24,4.44,4.24,4.40,2606231,0
GOEV.US,D,20181119,000000,4.40,4.42,4.24,4.24,2461703,0
GOEV.US,D,20181119,000000,4.26,4.29,4.25,4.29,2281347,0
GOEV.US,D,20181119,000000,4.23,4.25,4.17,4.17,2890601,0
GOEV.US,D,20181120,000000,4.11,4.24,4.07,4.22,3979699,0
GOEV.US,D,20181121,000000,4.20,4.20,4.06,4.10,2331878,0
GOEV.US,D,20181122,000000,4.10,4.25,4.04,4.15,2931469,0
GOEV.US,D,20181123,000000,4.19,4.24,3.87,3.96,5693401,0
GOEV.US,D,20181126,000000,4.02,4.06,3.63,3.76,5498009,0
GOEV.US,D,20181126,000000,3.84,3.86,3.76,3.79,2361952,0
GOEV.US,D,20181126,000000,3.82,3.82,3.79,3.79,3734612,0
GOEV.US,D,20181127,000000,3.73,3.85,3.72,3.82,3198711,0
GOEV.US,D,20181128,000000,3.79,3.82,3.78,3.82,4239603,0
GOEV.US,D,20181129,000000,3.77,3.87,3.52,3.62,4327205,0
GOEV.US,D,20181130,000000,3.62,3.82,3.61,3.78,5053555,0
GOEV.US,D,20181203,000000,3.80,4.11,3.79,4.00,5619899,0
GOEV.US,D,20181203,000000,4.05,4.05,3.98,4.00,2417764,0
GOEV.US,D,20181203,000000,3.94,4.22,3.92,4.14,4136100,0
GOEV.US,D,20181204,000000,4.13,4.14,4.12,4.12,3138175,0
GOEV.US,D,20181205,000000,4.18,4.24,3.98,4.05,2828588,0
GOEV.US,D,20181206,000000,4.02,4.03,3.78,3.81,5575922,0
GOEV.US,D,20181207,000000,3.79,3.94,3.76,3.86,3098519,0
GOEV.US,D,20181210,000000,3.85,4.05,3.80,4.02,4398572,0
GOEV.US,D,20181210,000000,3.97,4.12,3.94,4.08,5731044,0
GOEV.US,D,20181210,000000,4.03,4.04,3.94,3.98,5093719,0
GOEV.US,D,20181211,000000,3.90,4.32,3.82,4.23,3171825,0
GOEV.US,D,20181212,000000,4.28,4.36,3.80,3.88,5016756,0
GOEV.US,D,20181213,000000,3.77,3.80,3.75,3.78,5132711,0
GOEV.US,D,20181214,000000,3.79,3.82,3.68,3.72,3952483,0
GOEV.US,D,20181217,000000,3.80,3.96,3.79,3.90,5589731,0
GOEV.US,D,20181217,000000,3.92,4.18,3.85,4.14,3413773,0
GOEV.US,D,20181217,000000,4.17,4.20,4.13,4.18,5797170,0
GOEV.US,D,20181218,000000,4.25,4.39,3.68,3.75,3692211,0
GOEV.US,D,20181219,000000,3.91,3.93,3.56,3.66,5148089,0
GOEV.US,D,20181220,000000,3.67,3.69,3.64,3.64,3670509,0
GOEV.US,D,20181221,000000,3.68,3.73,3.31,3.34,2086186,0
GOEV.US,D,20181224,000000,3.44,3.44,3.40,3.42,5969133,0
GOEV.US,D,20181224,000000,3.41,3.51,3.38,3.48,3078884,0
GOEV.US,D,20181224,000000,3.49,3.57,3.08,3.16,3311918,0
GOEV.US,D,20181225,000000,3.17,3.18,3.01,3.05,5915031,0
GOEV.US,D,20181226,000000,3.02,3.11,2.86,2.89,3718045,0
GOEV.US,D,20181227,000000,2.92,2.94,2.62,2.76,4690632,0
GOEV.US,D,20181228,000000,2.74,3.03,2.66,2.99,2260334,0
GOEV.US,D,20181231,000000,2.96,2.96,2.91,2.92,2551781,0
GOEV.US,D,20181231,000000,2.90,3.18,2.86,3.14,4669546,0
GOEV.US,D,20181231,000000,3.13,3.37,3.11,3.35,3048523,0
GOEV.US,D,20190101,000000,3.35,3.74,3.26,3.72,2863764,0
GOEV.US,D,20190102,000000,3.68,3.98,3.58,3.98,3367095,0
GOEV.US,D,20190103,000000,3.95,4.09,3.94,4.04,5142620,0
GOEV.US,D,20190104,000000,4.03,4.37,3.95,4.33,4291570,0
GOEV.US,D,20190107,000000,4.36,4.76,4.29,4.68,5788197,0
GOEV.US,D,20190107,000000,4.66,4.70,4.19,4.35,3789233,0
GOEV.US,D,20190107,000000,4.38,4.42,4.33,4.35,3046834,0
GOEV.US,D,20190108,000000,4.38,4.39,4.14,4.22,4976585,0
GOEV.US,D,20190109,000000,4.33,4.38,4.31,4.37,2426652,0
GOEV.US,D,20190110,000000,4.35,4.51,4.34,4.46,2364923,0
GOEV.US,D,20190111,000000,4.50,4.53,4.17,4.25,3962350,0
GOEV.US,D,20190114,000000,4.23,4.25,4.15,4.16,4867762,0
GOEV.US,D,20190114,000000,4.24,4.55,4.21,4.49,5121266,0
GOEV.US,D,20190114,000000,4.44,4.74,4.41,4.68,2970862,0
GOEV.US,D,20190115,000000,4.67,4.70,4.62,4.62,2020144,0
GOEV.US,D,20190116,000000,4.60,4.61,4.52,4.54,2430350,0
GOEV.US,D,20190117,000000,4.52,4.53,4.51,4.53,2024065,0
GOEV.US,D,20190118,000000,4.54,4.60,4.35,4.40,3010680,0
GOEV.US,D,20190121,000000,4.44,4.52,4.40,4.49,3169728,0
GOEV.US,D,20190121,000000,4.40,4.99,4.37,4.88,2651882,0
GOEV.US,D,20190121,000000,4.81,5.08,4.78,5.00,4784386,0
GOEV.US,D,20190122,000000,5.04,5.33,4.85,5.32,4847819,0
GOEV.US,D,20190123,000000,5.27,6.30,5.27,6.03,4330215,0
GOEV.US,D,20190124,000000,5.97,6.30,5.92,6.27,5299427,0
GOEV.US,D,20190125,000000,6.26,6.38,6.13,6.17,4895382,0
GOEV.US,D,20190128,000000,6.16,6.62,6.09,6.55,4323094,0
GOEV.US,D,20190128,000000,6.53,6.76,6.45,6.72,4486274,0
GOEV.US,D,20190128,000000,6.61,7.01,6.42,6.94,4712432,0
GOEV.US,D,20190129,000000,6.87,7.27,6.82,7.11,2228762,0
GOEV.US,D,20190130,000000,7.01,7.10,6.60,6.67,3186690,0
GOEV.US,D,20190131,000000,6.76,6.77,6.65,6.75,4320451,0
GOEV.US,D,20190201,000000,6.94,7.36,6.08,6.25,2238430,0
GOEV.US,D,20190204,000000,6.18,6.53,6.15,6.53,3675009,0
GOEV.US,D,20190204,000000,6.50,6.55,6.29,6.34,5609651,0
GOEV.US,D,20190204,000000,6.26,6.44,6.21,6.33,3424102,0
GOEV.US,D,20190205,000000,6.35,6.36,6.30,6.30,5626589,0
GOEV.US,D,20190206,000000,6.38,7.04,6.35,6.98,3816010,0
GOEV.US,D,20190207,000000,7.03,7.72,6.99,7.49,2910346,0
GOEV.US,D,20190208,000000,7.35,7.93,7.32,7.82,2344029,0
GOEV.US,D,20190211,000000,7.98,8.04,7.77,7.80,3118188,0
GOEV.US,D,20190211,000000,7.92,8.17,7.86,8.11,3333572,0
GOEV.US,D,20190211,000000,7.81,9.15,7.40,8.81,2364580,0
GOEV.US,D,20190212,000000,8.68,9.03,8.65,8.84,2880636,0
GOEV.US,D,20190213,000000,8.96,9.44,8.95,9.35,4767479,0
GOEV.US,D,20190214,000000,9.34,9.44,9.25,9.37,5972063,0
GOEV.US,D,20190215,000000,9.19,9.19,9.16,9.17,5368287,0
GOEV.US,D,20190218,000000,9.45,9.68,9.06,9.13,4120976,0
GOEV.US,D,20190218,000000,8.86,9.83,8.55,9.60,3086303,0
GOEV.US,D,20190218,000000,9.39,10.44,8.99,10.42,4334042,0
GOEV.US,D,20190219,000000,10.36,11.47,9.91,11.40,5389292,0
GOEV.US,D,20190220,000000,11.11,11.96,10.95,11.79,2745978,0
GOEV.US,D,20190221,000000,11.92,12.06,11.82,11.97,5383486,0
GOEV.US,D,20190222,000000,12.43,13.38,12.43,13.12,3670539,0
GOEV.US,D,20190225,000000,13.14,13.54,13.04,13.52,4925533,0
GOEV.US,D,20190225,000000,13.83,14.29,13.79,14.06,3981685,0
GOEV.US,D,20190225,000000,14.13,14.44,12.81,13.33,2944145,0
GOEV.US,D,20190226,000000,13.29,13.41,12.53,12.76,4993785,0
GOEV.US,D,20190227,000000,12.82,12.91,12.78,12.80,5574354,0
GOEV.US,D,20190228,000000,12.79,12.97,12.73,12.88,3697833,0
GOEV.US,D,20190301,000000,12.92,13.49,12.70,13.40,3677536,0
GOEV.US,D,20190304,000000,13.34,13.55,12.31,12.60,2949074,0
GOEV.US,D,20190304,000000,12.62,13.18,12.61,12.90,5195120,0
GOEV.US,D,20190304,000000,12.94,13.17,11.40,11.80,2365907,0
GOEV.US,D,20190305,000000,11.99,11.99,11.42,11.56,2772405,0
GOEV.US,D,20190306,000000,11.40,11.42,11.15,11.27,4588242,0
GOEV.US,D,20190307,000000,11.21,11.57,11.20,11.54,3253063,0
GOEV.US,D,20190308,000000,11.62,12.27,11.58,12.19,2148917,0
GOEV.US,D,20190311,000000,12.38,12.39,12.33,12.36,3477144,0
GOEV.US,D,20190311,000000,12.20,12.38,12.20,12.32,4802713,0
GOEV.US,D,20190311,000000,12.56,12.60,11.86,12.08,3328512,0
GOEV.US,D,20190312,000000,12.25,12.41,12.11,12.21,4985356,0
GOEV.US,D,20190313,000000,12.65,12.75,11.34,11.74,5640901,0
GOEV.US,D,20190314,000000,11.96,12.00,11.83,11.88,3087185,0
GOEV.US,D,20190315,000000,11.99,12.10,11.98,12.10,3977582,0
GOEV.US,D,20190318,000000,12.10,12.25,10.59,10.77,3148941,0
GOEV.US,D,20190318,000000,10.84,10.86,10.30,10.63,3753526,0
GOEV.US,D,20190318,000000,10.83,10.88,10.69,10.83,4697814,0
GOEV.US,D,20190319,000000,11.01,11.17,10.95,11.14,3749853,0
GOEV.US,D,20190320,000000,11.06,11.44,10.98,11.25,2479258,0
GOEV.US,D,20190321,000000,11.41,11.49,11.17,11.22,5499704,0
GOEV.US,D,20190322,000000,11.25,11.27,11.16,11.23,5194199,0
GOEV.US,D,20190325,000000,11.41,11.48,10.70,10.86,4724450,0
GOEV.US,D,20190325,000000,10.66,10.78,10.39,10.40,3443651,0
GOEV.US,D,20190325,000000,10.50,10.83,9.84,10.13,4130801,0
GOEV.US,D,20190326,000000,10.08,10.15,10.07,10.12,4968400,0
GOEV.US,D,20190327,000000,9.97,9.98,9.87,9.92,5746697,0
GOEV.US,D,20190328,000000,10.18,10.19,9.15,9.28,5883426,0
GOEV.US,D,20190329,000000,9.29,9.34,8.81,8.97,5747719,0
GOEV.US,D,20190401,000000,9.24,9.31,8.58,8.61,3385827,0
GOEV.US,D,20190401,000000,8.52,8.57,8.51,8.56,5806464,0
GOEV.US,D,20190401,000000,8.48,8.48,8.42,8.44,3486440,0
GOEV.US,D,20190402,000000,8.60,8.61,8.48,8.54,4997743,0
GOEV.US,D,20190403,000000,8.48,8.69,7.72,7.84,2904563,0
GOEV.US,D,20190404,000000,7.84,8.33,7.59,8.31,4736105,0
GOEV.US,D,20190405,000000,8.23,8.92,8.09,8.69,4017245,0
GOEV.US,D,20190408,000000,8.61,8.93,7.85,8.10,2871678,0
GOEV.US,D,20190408,000000,7.98,8.07,7.58,7.65,5328096,0
GOEV.US,D,20190408,000000,7.60,7.83,7.53,7.75,5358766,0
GOEV.US,D,20190409,000000,7.87,7.90,7.78,7.79,4053219,0
GOEV.US,D,20190410,000000,7.77,8.22,7.62,8.20,3495888,0
GOEV.US,D,20190411,000000,8.14,8.40,7.30,7.58,2436487,0
GOEV.US,D,20190412,000000,7.58,7.67,7.41,7.47,4972363,0
GOEV.US,D,20190415,000000,7.56,7.56,7.32,7.37,3535577,0
GOEV.US,D,20190415,000000,7.15,7.57,7.04,7.48,2155063,0
GOEV.US,D,20190415,000000,7.61,7.79,6.64,6.86,4038987,0
GOEV.US,D,20190416,000000,6.75,6.83,6.42,6.43,5891110,0
GOEV.US,D,20190417,000000,6.44,7.33,6.40,7.12,3066708,0
GOEV.US,D,20190418,000000,7.05,7.09,6.96,6.96,5384602,0
GOEV.US,D,20190419,000000,6.96,7.21,6.91,7.12,5329035,0
GOEV.US,D,20190422,000000,7.13,7.23,6.80,6.91,2157236,0
GOEV.US,D,20190422,000000,7.00,7.01,6.79,6.80,2975327,0
GOEV.US,D,20190422,000000,6.83,6.84,6.36,6.36,3448028,0
GOEV.US,D,20190423,000000,6.30,6.35,6.22,6.29,4109525,0
GOEV.US,D,20190424,000000,6.39,6.92,6.37,6.79,2790793,0
GOEV.US,D,20190425,000000,6.72,6.86,6.69,6.83,3417740,0
GOEV.US,D,20190426,000000,6.80,6.98,6.78,6.96,4630868,0
GOEV.US,D,20190429,000000,7.12,7.12,7.07,7.07,6241978,0
GOEV.US,D,20190429,000000,7.15,7.15,7.13,7.14,3347039,0
GOEV.US,D,20190429,000000,7.05,7.62,6.92,7.29,4921074,0
GOEV.US,D,20190430,000000,7.33,7.47,7.27,7.45,8638981,0
GOEV.US,D,20190501,000000,7.48,7.61,7.46,7.59,8127168,0
GOEV.US,D,20190502,000000,7.65,7.74,7.64,7.71,8719358,0
GOEV.US,D,20190503,000000,7.69,7.90,7.64,7.87,8611911,0
GOEV.US,D,20190506,000000,7.96,7.99,7.96,7.99,7598203,0
GOEV.US,D,20190506,000000,7.78,8.13,7.77,8.11,4850854,0
GOEV.US,D,20190506,000000,8.03,8.22,7.97,8.21,3358026,0
GOEV.US,D,20190507,000000,8.28,8.34,8.27,8.31,7012810,0
GOEV.US,D,20190508,000000,8.29,8.50,8.17,8.41,9737077,0
GOEV.US,D,20190509,000000,8.33,8.55,8.31,8.53,8121411,0
GOEV.US,D,20190510,000000,8.37,8.86,8.32,8.66,6612710,0
GOEV.US,D,20190513,000000,8.56,8.96,8.50,8.89,11838081,0
GOEV.US,D,20190513,000000,9.09,9.16,8.85,9.04,8928075,0
GOEV.US,D,20190513,000000,8.80,9.38,8.72,9.25,7624331,0
GOEV.US,D,20190514,000000,9.41,9.54,9.38,9.49,8540472,0
GOEV.US,D,20190515,000000,9.58,9.76,9.49,9.73,10984033,0
GOEV.US,D,20190516,000000,9.59,9.99,9.37,9.96,6949989,0
GOEV.US,D,20190517,000000,10.05,10.16,10.04,10.16,10461968,0
GOEV.US,D,20190520,000000,10.13,10.45,10.11,10.43,5208189,0
GOEV.US,D,20190520,000000,10.62,10.65,10.56,10.59,13368846,0
GOEV.US,D,20190520,000000,10.27,10.97,10.20,10.95,15083128,0
GOEV.US,D,20190521,000000,10.85,11.62,10.72,11.38,10676451,0
GOEV.US,D,20190522,000000,11.25,11.90,11.21,11.78,14869842,0
GOEV.US,D,20190523,000000,11.73,12.23,11.70,12.13,8878310,0
GOEV.US,D,20190524,000000,12.26,12.51,12.21,12.47,10080106,0
GOEV.US,D,20190527,000000,12.57,13.05,12.57,12.87,13397186,0
GOEV.US,D,20190527,000000,12.72,13.43,12.68,13.21,10131192,0
GOEV.US,D,20190527,000000,13.44,13.58,13.39,13.57,12148314,0
GOEV.US,D,20190528,000000,13.87,14.03,13.81,14.02,10795813,0
GOEV.US,D,20190529,000000,13.65,14.74,13.60,14.52,18612363,0
GOEV.US,D,20190530,000000,14.27,15.40,13.71,15.06,7316224,0
GOEV.US,D,20190531,000000,15.00,15.01,14.26,14.44,3301628,0
GOEV.US,D,20190603,000000,14.41,14.51,12.84,12.91,3383048,0
GOEV.US,D,20190603,000000,12.91,14.40,12.54,13.74,5057845,0
GOEV.US,D,20190603,000000,13.92,13.98,13.90,13.98,3353771,0
GOEV.US,D,20190604,000000,13.89,13.93,12.47,12.70,5908496,0
GOEV.US,D,20190605,000000,12.60,13.26,12.39,12.96,4974892,0
GOEV.US,D,20190606,000000,13.18,13.20,12.86,12.96,2415813,0
GOEV.US,D,20190607,000000,13.19,13.54,12.37,12.51,4911157,0
GOEV.US,D,20190610,000000,12.30,12.76,12.20,12.64,3400848,0
GOEV.US,D,20190610,000000,12.71,12.86,11.77,12.01,2822925,0
GOEV.US,D,20190610,000000,12.00,12.06,11.12,11.32,4618170,0
GOEV.US,D,20190611,000000,11.40,11.41,11.33,11.34,3793846,0
GOEV.US,D,20190612,000000,11.42,11.67,11.38,11.59,3677593,0
GOEV.US,D,20190613,000000,11.68,11.81,11.33,11.37,4342572,0
GOEV.US,D,20190614,000000,11.42,11.42,11.24,11.29,2612459,0
GOEV.US,D,20190617,000000,11.32,11.63,11.24,11.46,4461602,0
GOEV.US,D,20190617,000000,11.20,11.31,9.97,10.39,3351029,0
GOEV.US,D,20190617,000000,10.61,10.87,10.60,10.74,2616626,0
GOEV.US,D,20190618,000000,10.61,10.76,10.04,10.16,2526675,0
GOEV.US,D,20190619,000000,10.28,10.35,10.17,10.26,4815562,0
GOEV.US,D,20190620,000000,10.34,10.39,10.33,10.34,3224837,0
GOEV.US,D,20190621,000000,10.45,11.22,10.24,11.16,4042987,0
GOEV.US,D,20190624,000000,11.15,11.26,10.05,10.12,3474349,0
GOEV.US,D,20190624,000000,10.29,10.31,9.96,10.03,4378869,0
GOEV.US,D,20190624,000000,9.93,10.21,9.81,10.08,5675919,0
GOEV.US,D,20190625,000000,9.92,9.95,9.54,9.59,3364821,0
GOEV.US,D,20190626,000000,9.62,9.68,9.16,9.18,2355476,0
GOEV.US,D,20190627,000000,9.19,9.21,7.96,8.06,5319763,0
GOEV.US,D,20190628,000000,7.94,7.97,7.68,7.75,2876677,0
GOEV.US,D,20190701,000000,7.82,8.06,7.79,7.95,3839396,0
GOEV.US,D,20190701,000000,8.05,8.31,8.01,8.20,4223728,0
GOEV.US,D,20190701,000000,8.10,8.32,8.00,8.20,5528890,0
GOEV.US,D,20190702,000000,8.05,8.19,7.52,7.59,5824871,0
GOEV.US,D,20190703,000000,7.45,7.56,7.38,7.53,5182303,0
GOEV.US,D,20190704,000000,7.55,7.76,6.63,7.11,3008747,0
GOEV.US,D,20190705,000000,7.17,7.19,7.05,7.05,2848227,0
GOEV.US,D,20190708,000000,7.08,7.15,6.78,6.82,2859986,0
GOEV.US,D,20190708,000000,6.77,6.86,6.41,6.54,4082751,0
GOEV.US,D,20190708,000000,6.45,6.90,6.39,6.84,4301216,0
GOEV.US,D,20190709,000000,6.84,7.07,6.82,6.89,4141938,0
GOEV.US,D,20190710,000000,7.08,7.28,7.04,7.25,3773559,0
GOEV.US,D,20190711,000000,7.21,7.64,7.10,7.46,4570316,0
GOEV.US,D,20190712,000000,7.46,7.46,7.36,7.38,2732118,0
GOEV.US,D,20190715,000000,7.34,7.51,6.74,6.96,4414986,0
GOEV.US,D,20190715,000000,6.93,7.04,6.04,6.07,4792476,0
GOEV.US,D,20190715,000000,5.82,6.07,5.80,6.01,4018116,0
GOEV.US,D,20190716,000000,5.96,6.40,5.94,6.28,2043677,0
GOEV.US,D,20190717,000000,6.45,6.58,6.40,6.54,4077610,0
GOEV.US,D,20190718,000000,6.68,7.24,6.63,7.22,5616912,0
GOEV.US,D,20190719,000000,7.36,7.37,6.44,6.68,3678889,0
GOEV.US,D,20190722,000000,6.45,6.46,5.69,6.11,4051113,0
GOEV.US,D,20190722,000000,6.09,6.14,5.84,5.91,4204152,0
GOEV.US,D,20190722,000000,6.08,6.14,5.88,6.04,3490032,0
GOEV.US,D,20190723,000000,6.08,6.13,5.66,5.73,3357249,0
GOEV.US,D,20190724,000000,5.72,5.96,5.69,5.95,2434360,0
GOEV.US,D,20190725,000000,5.94,6.11,5.14,5.29,4022324,0
GOEV.US,D,20190726,000000,5.34,5.34,5.29,5.31,2445114,0
GOEV.US,D,20190729,000000,5.32,5.38,5.01,5.05,2915991,0
GOEV.US,D,20190729,000000,4.98,5.26,4.96,5.13,5516064,0
GOEV.US,D,20190729,000000,5.14,5.19,5.13,5.18,3767434,0
GOEV.US,D,20190730,000000,5.19,5.32,4.88,4.94,5558172,0
GOEV.US,D,20190731,000000,5.06,5.07,4.77,4.86,2095608,0
GOEV.US,D,20190801,000000,4.64,4.90,4.63,4.88,5488082,0
GOEV.US,D,20190802,000000,4.84,4.91,4.83,4.88,2276665,0
GOEV.US,D,20190805,000000,4.97,5.06,4.61,4.62,2922107,0
GOEV.US,D,20190805,000000,4.80,4.83,4.45,4.55,5382807,0
GOEV.US,D,20190805,000000,4.59,4.79,4.57,4.77,2812663,0
GOEV.US,D,20190806,000000,4.70,5.34,4.63,5.16,2858524,0
GOEV.US,D,20190807,000000,5.13,5.14,4.68,4.88,2931806,0
GOEV.US,D,20190808,000000,4.81,4.87,4.63,4.79,2205648,0
GOEV.US,D,20190809,000000,4.67,4.87,4.63,4.87,4040879,0
GOEV.US,D,20190812,000000,4.71,5.31,4.65,5.01,2372072,0
GOEV.US,D,20190812,000000,4.98,5.16,4.11,4.27,4188752,0
GOEV.US,D,20190812,000000,4.27,4.30,4.13,4.21,2887968,0
GOEV.US,D,20190813,000000,4.02,4.29,3.94,4.19,4682958,0
GOEV.US,D,20190814,000000,4.12,4.14,3.98,4.10,4817625,0
GOEV.US,D,20190815,000000,4.00,4.01,3.94,3.94,4024965,0
GOEV.US,D,20190816,000000,4.02,4.12,3.51,3.64,3823317,0
GOEV.US,D,20190819,000000,3.60,3.92,3.53,3.84,4140292,0
GOEV.US,D,20190819,000000,3.86,3.89,3.54,3.64,2893986,0
GOEV.US,D,20190819,000000,3.61,3.64,3.25,3.32,4484839,0
GOEV.US,D,20190820,000000,3.36,3.37,3.03,3.09,2516064,0
GOEV.US,D,20190821,000000,3.04,3.19,2.86,3.11,3142270,0
GOEV.US,D,20190822,000000,3.12,3.30,3.07,3.25,5889503,0
GOEV.US,D,20190823,000000,3.25,3.33,3.18,3.31,5533396,0
GOEV.US,D,20190826,000000,3.19,3.33,2.77,2.87,4743275,0
GOEV.US,D,20190826,000000,2.81,2.84,2.67,2.76,2372886,0
GOEV.US,D,20190826,000000,2.84,2.93,2.44,2.53,3942181,0
GOEV.US,D,20190827,000000,2.62,2.96,2.61,2.85,4628626,0
GOEV.US,D,20190828,000000,2.93,3.04,2.72,2.74,5968630,0
GOEV.US,D,20190829,000000,2.78,3.20,2.74,3.17,4765220,0
GOEV.US,D,20190830,000000,3.21,3.30,2.79,2.86,2332524,0
GOEV.US,D,20190902,000000,2.95,2.96,2.79,2.82,2866115,0
GOEV.US,D,20190902,000000,2.94,2.94,2.83,2.84,5588435,0
GOEV.US,D,20190902,000000,2.85,2.95,2.27,2.39,3451701,0
GOEV.US,D,20190903,000000,2.43,2.45,2.31,2.33,2220010,0
GOEV.US,D,20190904,000000,2.30,2.41,2.29,2.37,2286732,0
GOEV.US,D,20190905,000000,2.32,2.35,2.05,2.09,2291205,0
GOEV.US,D,20190906,000000,2.16,2.32,2.15,2.28,2922200,0
GOEV.US,D,20190909,000000,2.27,2.32,2.07,2.14,4303629,0
GOEV.US,D,20190909,000000,2.11,2.18,2.03,2.13,4024307,0
GOEV.US,D,20190909,000000,2.14,2.15,1.99,2.01,2295043,0
GOEV.US,D,20190910,000000,2.04,2.09,2.01,2.07,3890820,0
GOEV.US,D,20190911,000000,2.07,2.07,1.99,2.00,2210019,0
GOEV.US,D,20190912,000000,2.02,2.09,2.00,2.08,2241988,0
GOEV.US,D,20190913,000000,2.06,2.08,2.06,2.07,4481942,0
GOEV.US,D,20190916,000000,2.10,2.12,2.00,2.02,3519100,0
GOEV.US,D,20190916,000000,1.97,2.03,1.64,1.65,2616837,0
GOEV.US,D,20190916,000000,1.61,1.62,1.53,1.54,3152739,0
GOEV.US,D,20190917,000000,1.51,1.64,1.50,1.62,3581419,0
GOEV.US,D,20190918,000000,1.61,1.62,1.60,1.62,3943947,0
GOEV.US,D,20190919,000000,1.55,1.92,1.52,1.85,2176920,0
GOEV.US,D,20190920,000000,1.90,1.96,1.47,1.59,4343970,0
GOEV.US,D,20190923,000000,1.54,1.60,1.53,1.58,5543609,0
GOEV.US,D,20190923,000000,1.57,1.76,1.56,1.65,2643768,0
GOEV.US,D,20190923,000000,1.67,1.68,1.52,1.55,4116080,0
GOEV.US,D,20190924,000000,1.60,1.60,1.54,1.55,4891692,0
GOEV.US,D,20190925,000000,1.56,1.56,1.55,1.55,4863291,0
GOEV.US,D,20190926,000000,1.59,1.61,1.47,1.50,3158765,0
GOEV.US,D,20190927,000000,1.48,1.48,1.42,1.43,3860654,0
GOEV.US,D,20190930,000000,1.44,1.45,1.43,1.44,4154629,0
GOEV.US,D,20190930,000000,1.43,1.45,1.43,1.43,3571149,0
GOEV.US,D,20190930,000000,1.48,1.50,1.48,1.49,5243968,0
GOEV.US,D,20191001,000000,1.46,1.47,1.41,1.44,2815923,0
GOEV.US,D,20191002,000000,1.44,1.45,1.40,1.42,2126764,0
GOEV.US,D,20191003,000000,1.38,1.39,1.37,1.38,4401873,0
GOEV.US,D,20191004,000000,1.40,1.44,1.39,1.42,2562501,0
GOEV.US,D,20191007,000000,1.43,1.47,1.21,1.29,3042520,0
GOEV.US,D,20191007,000000,1.33,1.58,1.27,1.55,4143791,0
GOEV.US,D,20191007,000000,1.60,1.65,1.51,1.55,4219557,0
GOEV.US,D,20191008,000000,1.50,1.52,1.45,1.46,2882685,0
GOEV.US,D,20191009,000000,1.48,1.56,1.46,1.52,3663404,0
GOEV.US,D,20191010,000000,1.52,1.52,1.46,1.47,4207609,0
GOEV.US,D,20191011,000000,1.48,1.58,1.46,1.56,4624248,0
GOEV.US,D,20191014,000000,1.51,1.61,1.48,1.60,5692946,0
GOEV.US,D,20191014,000000,1.56,1.75,1.55,1.65,3201353,0
GOEV.US,D,20191014,000000,1.62,1.80,1.60,1.74,4866189,0
GOEV.US,D,20191015,000000,1.78,1.78,1.77,1.77,4576715,0
GOEV.US,D,20191016,000000,1.73,1.75,1.73,1.75,4343901,0
GOEV.US,D,20191017,000000,1.76,1.76,1.44,1.62,5100249,0
GOEV.US,D,20191018,000000,1.63,1.68,1.63,1.66,4300985,0
GOEV.US,D,20191021,000000,1.63,1.73,1.61,1.68,3459720,0
GOEV.US,D,20191021,000000,1.70,1.73,1.60,1.60,4094308,0
GOEV.US,D,20191021,000000,1.60,1.71,1.58,1.69,5580012,0
GOEV.US,D,20191022,000000,1.66,1.67,1.61,1.64,8863163,0
GOEV.US,D,20191023,000000,1.62,1.63,1.56,1.59,12254394,0
GOEV.US,D,20191024,000000,1.61,1.66,1.45,1.49,14574718,0
GOEV.US,D,20191025,000000,1.48,1.48,1.40,1.43,11085554,0
GOEV.US,D,20191028,000000,1.43,1.47,1.28,1.34,22071494,0
GOEV.US,D,20191028,000000,1.33,1.36,1.21,1.26,13939259,0
GOEV.US,D,20191028,000000,1.25,1.26,1.20,1.20,12259762,0
GOEV.US,D,20191029,000000,1.23,1.27,1.23,1.27,5191711,0
GOEV.US,D,20191030,000000,1.24,1.31,1.24,1.28,5009017,0
GOEV.US,D,20191031,000000,1.26,1.27,1.21,1.21,3005445,0
GOEV.US,D,20191101,000000,1.20,1.21,1.14,1.15,4819395,0
GOEV.US,D,20191104,000000,1.16,1.21,1.15,1.21,4447654,0
GOEV.US,D,20191104,000000,1.20,1.24,1.19,1.24,4189429,0
GOEV.US,D,20191104,000000,1.22,1.24,1.09,1.11,3730754,0
GOEV.US,D,20191105,000000,1.11,1.19,1.11,1.18,2800596,0
GOEV.US,D,20191106,000000,1.17,1.18,1.14,1.15,5209660,0
GOEV.US,D,20191107,000000,1.18,1.24,1.18,1.23,5033177,0
GOEV.US,D,20191108,000000,1.20,1.25,1.19,1.23,3119447,0
GOEV.US,D,20191111,000000,1.23,1.27,1.22,1.25,5218054,0
GOEV.US,D,20191111,000000,1.23,1.26,1.22,1.25,4752466,0
GOEV.US,D,20191111,000000,1.28,1.36,1.26,1.34,2876104,0
GOEV.US,D,20191112,000000,1.35,1.45,1.35,1.43,3273551,0
GOEV.US,D,20191113,000000,1.44,1.45,1.39,1.40,3040168,0
GOEV.US,D,20191114,000000,1.38,1.48,1.36,1.43,2430335,0
GOEV.US,D,20191115,000000,1.42,1.44,1.35,1.39,3718276,0
GOEV.US,D,20191118,000000,1.42,1.42,1.37,1.39,2854318,0
GOEV.US,D,20191118,000000,1.38,1.40,1.37,1.40,3722553,0
GOEV.US,D,20191118,000000,1.41,1.49,1.22,1.28,2676409,0
GOEV.US,D,20191119,000000,1.30,1.36,1.29,1.34,3264723,0
GOEV.US,D,20191120,000000,1.32,1.34,1.30,1.34,2669914,0
GOEV.US,D,20191121,000000,1.34,1.42,1.33,1.41,5866024,0
GOEV.US,D,20191122,000000,1.45,1.46,1.40,1.41,5287779,0
GOEV.US,D,20191125,000000,1.46,1.47,1.25,1.31,2115694,0
GOEV.US,D,20191125,000000,1.32,1.34,1.31,1.33,4026319,0
GOEV.US,D,20191125,000000,1.31,1.32,1.20,1.25,3901463,0
GOEV.US,D,20191126,000000,1.27,1.28,1.25,1.25,2050048,0
GOEV.US,D,20191127,000000,1.26,1.44,1.18,1.42,2610842,0
GOEV.US,D,20191128,000000,1.39,1.42,1.22,1.25,3313826,0
GOEV.US,D,20191129,000000,1.25,1.27,1.24,1.26,5828436,0
GOEV.US,D,20191202,000000,1.26,1.27,1.24,1.26,3779134,0
GOEV.US,D,20191202,000000,1.24,1.29,1.23,1.28,5249465,0
GOEV.US,D,20191202,000000,1.29,1.29,1.17,1.19,2389146,0
GOEV.US,D,20191203,000000,1.23,1.24,1.14,1.15,4505160,0
GOEV.US,D,20191204,000000,1.16,1.19,1.16,1.17,2022345,0
GOEV.US,D,20191205,000000,1.19,1.20,1.12,1.14,3207594,0
GOEV.US,D,20191206,000000,1.15,1.18,1.14,1.17,2485252,0
GOEV.US,D,20191209,000000,1.16,1.23,1.14,1.21,5125133,0
GOEV.US,D,20191209,000000,1.22,1.24,1.21,1.24,4462021,0
GOEV.US,D,20191209,000000,1.23,1.29,1.22,1.27,3299326,0
GOEV.US,D,20191210,000000,1.25,1.28,1.25,1.28,2211397,0
GOEV.US,D,20191211,000000,1.29,1.29,1.25,1.25,3371735,0
GOEV.US,D,20191212,000000,1.24,1.25,1.14,1.15,2191786,0
GOEV.US,D,20191213,000000,1.16,1.18,1.12,1.13,4235777,0
GOEV.US,D,20191216,000000,1.11,1.19,1.10,1.18,2503110,0
GOEV.US,D,20191216,000000,1.15,1.24,1.14,1.22,2287959,0
GOEV.US,D,20191216,000000,1.22,1.25,1.12,1.14,4397429,0
GOEV.US,D,20191217,000000,1.14,1.17,1.05,1.07,4037606,0
GOEV.US,D,20191218,000000,1.08,1.08,1.06,1.07,4332290,0
GOEV.US,D,20191219,000000,1.07,1.15,1.04,1.14,2730800,0
GOEV.US,D,20191220,000000,1.13,1.13,1.13,1.13,3142263,0
GOEV.US,D,20191223,000000,1.10,1.10,1.05,1.05,2966137,0
GOEV.US,D,20191223,000000,1.05,1.12,1.04,1.10,3942118,0
GOEV.US,D,20191223,000000,1.10,1.11,0.99,1.00,3956827,0
GOEV.US,D,20191224,000000,1.00,1.00,1.00,1.00,5611850,0
GOEV.US,D,20191225,000000,1.03,1.04,1.02,1.03,5995572,0
GOEV.US,D,20191226,000000,1.05,1.06,1.02,1.03,5147355,0
GOEV.US,D,20191227,000000,1.03,1.03,0.99,1.01,5468518,0
GOEV.US,D,20191230,000000,1.02,1.03,0.99,1.00,4010773,0
GOEV.US,D,20191230,000000,1.00,1.00,0.99,1.00,2299522,0
GOEV.US,D,20191230,000000,1.02,1.15,0.99,1.09,2471403,0
GOEV.US,D,20191231,000000,1.12,1.20,1.10,1.16,4545543,0
GOEV.US,D,20200101,000000,1.14,1.20,1.10,1.19,2433107,0
GOEV.US,D,20200102,000000,1.17,1.38,1.15,1.31,5122687,0
GOEV.US,D,20200103,000000,1.34,1.35,1.27,1.32,5089081,0
GOEV.US,D,20200106,000000,1.31,1.34,1.31,1.33,3033382,0
GOEV.US,D,20200106,000000,1.34,1.66,1.30,1.54,2030849,0
GOEV.US,D,20200106,000000,1.54,1.71,1.51,1.69,2958563,0
GOEV.US,D,20200107,000000,1.67,1.97,1.62,1.86,3457113,0
GOEV.US,D,20200108,000000,1.91,2.05,1.90,2.01,4920547,0
GOEV.US,D,20200109,000000,2.00,2.00,1.96,1.97,5120742,0
GOEV.US,D,20200110,000000,1.96,2.25,1.88,2.17,4344893,0
GOEV.US,D,20200113,000000,2.14,2.14,2.05,2.05,4444469,0
GOEV.US,D,20200113,000000,2.04,2.30,1.90,2.15,3471321,0
GOEV.US,D,20200113,000000,2.13,2.15,2.10,2.11,5073840,0
GOEV.US,D,20200114,000000,2.10,2.11,2.03,2.03,4150031,0
GOEV.US,D,20200115,000000,2.06,2.07,2.06,2.07,4526815,0
GOEV.US,D,20200116,000000,2.13,2.21,1.84,2.02,5078049,0
GOEV.US,D,20200117,000000,2.00,2.02,2.00,2.01,5067953,0
GOEV.US,D,20200120,000000,1.99,2.07,1.89,1.91,2522061,0
GOEV.US,D,20200120,000000,1.89,2.14,1.88,2.00,2356017,0
GOEV.US,D,20200120,000000,2.01,2.03,1.91,1.95,3270338,0
GOEV.US,D,20200121,000000,1.97,2.01,1.97,2.01,3250024,0
GOEV.US,D,20200122,000000,2.01,2.02,1.98,1.99,3802386,0
GOEV.US,D,20200123,000000,1.99,2.11,1.97,2.07,3379607,0
GOEV.US,D,20200124,000000,2.02,2.16,2.00,2.10,4092288,0
GOEV.US,D,20200127,000000,2.13,2.22,2.12,2.22,3554882,0
GOEV.US,D,20200127,000000,2.21,2.29,2.21,2.27,3747850,0
GOEV.US,D,20200127,000000,2.28,2.29,2.18,2.20,3842255,0
GOEV.US,D,20200128,000000,2.17,2.29,2.11,2.29,4793326,0
GOEV.US,D,20200129,000000,2.31,2.32,2.26,2.28,4414107,0
GOEV.US,D,20200130,000000,2.32,2.41,2.31,2.38,4989097,0
GOEV.US,D,20200131,000000,2.40,2.41,2.18,2.27,3217484,0
GOEV.US,D,20200203,000000,2.22,2.24,2.20,2.21,2650934,0
GOEV.US,D,20200203,000000,2.20,2.22,2.11,2.14,3759443,0
GOEV.US,D,20200203,000000,2.16,2.17,2.15,2.16,5881944,0
GOEV.US,D,20200204,000000,2.17,2.19,2.15,2.17,4613050,0
GOEV.US,D,20200205,000000,2.19,2.22,2.10,2.12,4919019,0
GOEV.US,D,20200206,000000,2.10,2.18,2.08,2.15,5837111,0
GOEV.US,D,20200207,000000,2.11,2.22,2.10,2.18,5616520,0
GOEV.US,D,20200210,000000,2.20,2.23,2.19,2.23,2283786,0
GOEV.US,D,20200210,000000,2.23,2.23,2.22,2.22,4679932,0
GOEV.US,D,20200210,000000,2.21,2.21,2.18,2.19,2210171,0
GOEV.US,D,20200211,000000,2.21,2.22,2.08,2.13,4124846,0
GOEV.US,D,20200212,000000,2.12,2.12,2.06,2.09,4280445,0
GOEV.US,D,20200213,000000,2.09,2.10,2.08,2.09,4836469,0
GOEV.US,D,20200214,000000,2.10,2.24,2.09,2.19,3490152,0
GOEV.US,D,20200217,000000,2.19,2.20,2.12,2.13,5485714,0
GOEV.US,D,20200217,000000,2.12,2.17,2.09,2.15,2461680,0
GOEV.US,D,20200217,000000,2.14,2.24,2.12,2.21,4550533,0
GOEV.US,D,20200218,000000,2.18,2.19,2.12,2.14,2660383,0
GOEV.US,D,20200219,000000,2.17,2.17,2.15,2.16,4796884,0
GOEV.US,D,20200220,000000,2.17,2.18,2.16,2.18,4897217,0
GOEV.US,D,20200221,000000,2.18,2.23,2.17,2.21,5466298,0
GOEV.US,D,20200224,000000,2.21,2.23,2.13,2.16,5479556,0
GOEV.US,D,20200224,000000,2.17,2.18,2.09,2.10,2986857,0
GOEV.US,D,20200224,000000,2.09,2.18,2.07,2.16,4337425,0
GOEV.US,D,20200225,000000,2.17,2.18,2.06,2.12,3642240,0
GOEV.US,D,20200226,000000,2.12,2.12,2.10,2.11,3036256,0
GOEV.US,D,20200227,000000,2.12,2.12,2.09,2.09,4192603,0
GOEV.US,D,20200228,000000,2.08,2.10,2.07,2.10,3167190,0
GOEV.US,D,20200302,000000,2.10,2.10,2.09,2.10,5724888,0
GOEV.US,D,20200302,000000,2.10,2.17,2.09,2.16,3664619,0
GOEV.US,D,20200302,000000,2.16,2.16,2.14,2.14,5220321,0
GOEV.US,D,20200303,000000,2.15,2.15,2.13,2.13,3644332,0
GOEV.US,D,20200304,000000,2.11,2.12,2.05,2.06,2234974,0
GOEV.US,D,20200305,000000,2.05,2.05,2.04,2.04,5697431,0
GOEV.US,D,20200306,000000,2.04,2.05,1.89,1.95,2005546,0
GOEV.US,D,20200309,000000,1.97,1.97,1.94,1.94,4256891,0
GOEV.US,D,20200309,000000,1.93,1.96,1.93,1.95,2269179,0
GOEV.US,D,20200309,000000,1.92,2.02,1.90,1.98,3053198,0
GOEV.US,D,20200310,000000,1.97,1.99,1.95,1.95,3819702,0
GOEV.US,D,20200311,000000,1.96,1.98,1.90,1.93,4261025,0
GOEV.US,D,20200312,000000,1.93,1.99,1.92,1.98,2146246,0
GOEV.US,D,20200313,000000,2.00,2.00,1.99,1.99,4151976,0
GOEV.US,D,20200316,000000,1.98,2.03,1.98,2.02,3795959,0
GOEV.US,D,20200316,000000,1.99,2.09,1.97,2.07,5332685,0
GOEV.US,D,20200316,000000,2.06,2.09,2.00,2.02,2835151,0
GOEV.US,D,20200317,000000,2.01,2.09,1.99,2.06,4657460,0
GOEV.US,D,20200318,000000,2.08,2.13,2.08,2.10,4445987,0
GOEV.US,D,20200319,000000,2.10,2.12,2.10,2.12,3058884,0
GOEV.US,D,20200320,000000,2.12,2.15,2.06,2.09,5834552,0
GOEV.US,D,20200323,000000,2.09,2.14,2.08,2.13,3764354,0
GOEV.US,D,20200323,000000,2.13,2.13,2.08,2.09,2018563,0
GOEV.US,D,20200323,000000,2.08,2.10,2.07,2.09,2771825,0
GOEV.US,D,20200324,000000,2.12,2.12,2.09,2.10,3193703,0
GOEV.US,D,20200325,000000,2.09,2.11,2.09,2.10,5074788,0
GOEV.US,D,20200326,000000,2.10,2.10,2.09,2.10,5366706,0
GOEV.US,D,20200327,000000,2.09,2.10,2.09,2.10,5351915,0
GOEV.US,D,20200330,000000,2.10,2.10,2.09,2.09,2746231,0
GOEV.US,D,20200330,000000,2.08,2.09,2.08,2.09,3495993,0
GOEV.US,D,20200330,000000,2.09,2.09,2.07,2.07,3882311,0
GOEV.US,D,20200331,000000,2.07,2.10,2.06,2.09,3374865,0
GOEV.US,D,20200401,000000,2.09,2.09,2.06,2.07,4547454,0
GOEV.US,D,20200402,000000,2.07,2.08,2.05,2.07,5660515,0
GOEV.US,D,20200403,000000,2.06,2.09,2.06,2.08,2493379,0
GOEV.US,D,20200406,000000,2.07,2.12,2.05,2.10,3067503,0
GOEV.US,D,20200406,000000,2.10,2.17,2.08,2.16,2089660,0
GOEV.US,D,20200406,000000,2.14,2.15,2.10,2.11,4960316,0
GOEV.US,D,20200407,000000,2.10,2.10,2.08,2.08,3009643,0
GOEV.US,D,20200408,000000,2.09,2.13,2.07,2.13,4439071,0
GOEV.US,D,20200409,000000,2.13,2.21,2.12,2.19,4290899,0
GOEV.US,D,20200410,000000,2.20,2.20,2.20,2.20,5537282,0
GOEV.US,D,20200413,000000,2.18,2.18,2.08,2.11,2522733,0
GOEV.US,D,20200413,000000,2.13,2.14,2.08,2.10,3149217,0
GOEV.US,D,20200413,000000,2.11,2.12,2.10,2.11,3756218,0
GOEV.US,D,20200414,000000,2.11,2.16,2.10,2.15,2012049,0
GOEV.US,D,20200415,000000,2.15,2.21,2.14,2.21,3251569,0
GOEV.US,D,20200416,000000,2.24,2.24,2.17,2.19,2390709,0
GOEV.US,D,20200417,000000,2.16,2.22,2.15,2.21,4462943,0
GOEV.US,D,20200420,000000,2.21,2.22,2.18,2.18,5853581,0
GOEV.US,D,20200420,000000,2.17,2.17,2.15,2.16,3177624,0
GOEV.US,D,20200420,000000,2.13,2.15,2.13,2.14,5337374,0
GOEV.US,D,20200421,000000,2.10,2.21,2.09,2.17,3133626,0
GOEV.US,D,20200422,000000,2.17,2.18,2.14,2.14,5049599,0
GOEV.US,D,20200423,000000,2.13,2.17,2.12,2.16,4200405,0
GOEV.US,D,20200424,000000,2.15,2.16,2.15,2.15,5987217,0
GOEV.US,D,20200427,000000,2.16,2.16,2.15,2.16,4649625,0
GOEV.US,D,20200427,000000,2.16,2.17,2.15,2.17,3870587,0
GOEV.US,D,20200427,000000,2.16,2.20,2.15,2.20,4891013,0
GOEV.US,D,20200428,000000,2.18,2.20,2.18,2.19,4499947,0
GOEV.US,D,20200429,000000,2.18,2.20,2.18,2.20,3909377,0
GOEV.US,D,20200430,000000,2.20,2.21,2.16,2.16,5208480,0
GOEV.US,D,20200501,000000,2.17,2.19,2.16,2.19,4780028,0
GOEV.US,D,20200504,000000,2.20,2.28,2.17,2.26,2251205,0
GOEV.US,D,20200504,000000,2.24,2.25,2.22,2.23,4525705,0
GOEV.US,D,20200504,000000,2.23,2.24,2.22,2.23,3269156,0
GOEV.US,D,20200505,000000,2.21,2.28,2.19,2.27,2084718,0
GOEV.US,D,20200506,000000,2.24,2.25,2.23,2.24,5776113,0
GOEV.US,D,20200507,000000,2.22,2.22,2.19,2.20,4341084,0
GOEV.US,D,20200508,000000,2.19,2.26,2.19,2.23,4909236,0
GOEV.US,D,20200511,000000,2.21,2.21,2.20,2.20,2289011,0
GOEV.US,D,20200511,000000,2.18,2.22,2.17,2.22,5564380,0
GOEV.US,D,20200511,000000,2.22,2.22,2.17,2.18,3222295,0
GOEV.US,D,20200512,000000,2.18,2.18,2.14,2.14,2675649,0
GOEV.US,D,20200513,000000,2.14,2.18,2.13,2.17,4612328,0
GOEV.US,D,20200514,000000,2.17,2.27,2.16,2.23,5104561,0
GOEV.US,D,20200515,000000,2.22,2.23,2.20,2.20,5017198,0
GOEV.US,D,20200518,000000,2.22,2.22,2.19,2.19,4422584,0
GOEV.US,D,20200518,000000,2.21,2.22,2.20,2.21,5937448,0
GOEV.US,D,20200518,000000,2.20,2.21,2.05,2.09,4237533,0
GOEV.US,D,20200519,000000,2.06,2.16,2.06,2.14,2669347,0
GOEV.US,D,20200520,000000,2.13,2.14,2.13,2.13,3536676,0
GOEV.US,D,20200521,000000,2.12,2.14,2.11,2.13,5092224,0
GOEV.US,D,20200522,000000,2.12,2.12,2.07,2.08,5203089,0
GOEV.US,D,20200525,000000,2.06,2.12,2.06,2.11,2267958,0
GOEV.US,D,20200525,000000,2.09,2.10,2.09,2.09,2772898,0
GOEV.US,D,20200525,000000,2.07,2.08,2.06,2.06,2158523,0
GOEV.US,D,20200526,000000,2.05,2.07,2.01,2.02,5771954,0
GOEV.US,D,20200527,000000,2.03,2.06,2.02,2.05,3286741,0
GOEV.US,D,20200528,000000,2.05,2.07,2.01,2.02,3442184,0
GOEV.US,D,20200529,000000,2.02,2.03,2.02,2.03,5211992,0
GOEV.US,D,20200601,000000,2.03,2.08,2.01,2.07,3661560,0
GOEV.US,D,20200601,000000,2.07,2.08,2.07,2.08,5977477,0
GOEV.US,D,20200601,000000,2.06,2.14,2.04,2.13,4737533,0
GOEV.US,D,20200602,000000,2.14,2.15,2.09,2.11,5849678,0
GOEV.US,D,20200603,000000,2.10,2.11,2.04,2.04,3361727,0
GOEV.US,D,20200604,000000,2.04,2.05,2.04,2.05,4091454,0
GOEV.US,D,20200605,000000,2.04,2.12,2.04,2.10,5147792,0
GOEV.US,D,20200608,000000,2.10,2.20,2.08,2.18,4362464,0
GOEV.US,D,20200608,000000,2.18,2.23,2.16,2.21,3648502,0
GOEV.US,D,20200608,000000,2.22,2.27,2.20,2.25,4920907,0
GOEV.US,D,20200609,000000,2.25,2.29,2.24,2.27,2796663,0
GOEV.US,D,20200610,000000,2.27,2.27,2.25,2.25,4446729,0
GOEV.US,D,20200611,000000,2.24,2.29,2.22,2.26,2295576,0
GOEV.US,D,20200612,000000,2.25,2.26,2.19,2.21,3429913,0
GOEV.US,D,20200615,000000,2.21,2.23,2.20,2.20,5101817,0
GOEV.US,D,20200615,000000,2.21,2.22,2.16,2.18,3166004,0
GOEV.US,D,20200615,000000,2.17,2.18,2.16,2.16,4211393,0
GOEV.US,D,20200616,000000,2.17,2.17,2.09,2.10,2134284,0
GOEV.US,D,20200617,000000,2.10,2.11,2.07,2.08,4567335,0
GOEV.US,D,20200618,000000,2.10,2.11,2.07,2.07,3378807,0
GOEV.US,D,20200619,000000,2.07,2.08,1.98,2.02,2808874,0
GOEV.US,D,20200622,000000,2.04,2.04,1.99,2.01,2042610,0
GOEV.US,D,20200622,000000,1.97,1.97,1.93,1.94,3689744,0
GOEV.US,D,20200622,000000,1.92,1.93,1.87,1.88,5814623,0
GOEV.US,D,20200623,000000,1.88,1.89,1.85,1.86,4590485,0
GOEV.US,D,20200624,000000,1.84,2.00,1.82,1.95,3835948,0
GOEV.US,D,20200625,000000,1.96,2.07,1.95,2.05,5774968,0
GOEV.US,D,20200626,000000,2.06,2.07,2.06,2.07,4816654,0
GOEV.US,D,20200629,000000,2.06,2.39,1.95,2.28,3120117,0
GOEV.US,D,20200629,000000,2.32,2.33,2.15,2.20,5015023,0
GOEV.US,D,20200629,000000,2.23,2.34,2.22,2.32,3132849,0
GOEV.US,D,20200630,000000,2.34,2.48,2.33,2.43,2868306,0
GOEV.US,D,20200701,000000,2.44,2.45,2.30,2.31,4493712,0
GOEV.US,D,20200702,000000,2.31,2.41,2.31,2.40,5977152,0
GOEV.US,D,20200703,000000,2.39,2.40,2.30,2.33,5024243,0
GOEV.US,D,20200706,000000,2.33,2.36,2.32,2.35,2173822,0
GOEV.US,D,20200706,000000,2.38,2.39,2.28,2.29,2507272,0
GOEV.US,D,20200706,000000,2.23,2.26,2.15,2.20,4838164,0
GOEV.US,D,20200707,000000,2.18,2.20,1.97,2.01,2647974,0
GOEV.US,D,20200708,000000,1.95,2.14,1.94,2.10,3215990,0
GOEV.US,D,20200709,000000,2.14,2.14,1.89,1.91,4367282,0
GOEV.US,D,20200710,000000,1.93,1.94,1.77,1.84,3829759,0
GOEV.US,D,20200713,000000,1.82,1.92,1.80,1.87,2236052,0
GOEV.US,D,20200713,000000,1.88,1.88,1.75,1.76,5692788,0
GOEV.US,D,20200713,000000,1.78,1.78,1.70,1.71,4539521,0
GOEV.US,D,20200714,000000,1.71,1.73,1.71,1.71,3759902,0
GOEV.US,D,20200715,000000,1.72,1.73,1.68,1.69,2357801,0
GOEV.US,D,20200716,000000,1.69,1.70,1.68,1.70,2721472,0
GOEV.US,D,20200717,000000,1.72,1.79,1.51,1.52,3589399,0
GOEV.US,D,20200720,000000,1.53,1.54,1.50,1.50,3826223,0
GOEV.US,D,20200720,000000,1.49,1.50,1.45,1.46,3623086,0
GOEV.US,D,20200720,000000,1.44,1.53,1.40,1.51,4405757,0
GOEV.US,D,20200721,000000,1.49,1.53,1.47,1.53,2003663,0
GOEV.US,D,20200722,000000,1.52,1.53,1.52,1.52,4297859,0
GOEV.US,D,20200723,000000,1.48,1.49,1.40,1.44,4154452,0
GOEV.US,D,20200724,000000,1.46,1.50,1.27,1.37,2407318,0
GOEV.US,D,20200727,000000,1.37,1.39,1.29,1.31,4383827,0
GOEV.US,D,20200727,000000,1.29,1.30,1.25,1.25,5594781,0
GOEV.US,D,20200727,000000,1.24,1.33,1.20,1.30,5664482,0
GOEV.US,D,20200728,000000,1.30,1.34,1.28,1.32,2825613,0
GOEV.US,D,20200729,000000,1.29,1.33,1.23,1.24,5842070,0
GOEV.US,D,20200730,000000,1.24,1.34,1.22,1.34,3332046,0
GOEV.US,D,20200731,000000,1.38,1.42,1.21,1.23,3578790,0
GOEV.US,D,20200803,000000,1.24,1.37,1.24,1.35,4164711,0
GOEV.US,D,20200803,000000,1.36,1.43,1.36,1.42,3867310,0
GOEV.US,D,20200803,000000,1.41,1.47,1.37,1.46,5922133,0
GOEV.US,D,20200804,000000,1.48,1.64,1.42,1.62,4736017,0
GOEV.US,D,20200805,000000,1.64,1.64,1.63,1.64,5146890,0
GOEV.US,D,20200806,000000,1.67,1.67,1.66,1.67,3468886,0
GOEV.US,D,20200807,000000,1.68,1.69,1.53,1.57,2807249,0
GOEV.US,D,20200810,000000,1.55,1.71,1.55,1.64,3163752,0
GOEV.US,D,20200810,000000,1.65,1.65,1.64,1.64,2618756,0
GOEV.US,D,20200810,000000,1.68,1.70,1.62,1.66,5060579,0
GOEV.US,D,20200811,000000,1.62,1.62,1.57,1.59,4135016,0
GOEV.US,D,20200812,000000,1.65,1.66,1.56,1.57,2460836,0
GOEV.US,D,20200813,000000,1.55,1.63,1.54,1.63,4989197,0
GOEV.US,D,20200814,000000,1.59,1.88,1.54,1.80,5750560,0
GOEV.US,D,20200817,000000,1.79,1.94,1.76,1.92,4020771,0
GOEV.US,D,20200817,000000,1.92,1.95,1.75,1.80,4048796,0
GOEV.US,D,20200817,000000,1.81,1.87,1.80,1.87,3673056,0
GOEV.US,D,20200818,000000,1.88,1.92,1.72,1.79,2947332,0
GOEV.US,D,20200819,000000,1.75,1.76,1.74,1.74,5559252,0
GOEV.US,D,20200820,000000,1.79,1.83,1.71,1.71,2413591,0
GOEV.US,D,20200821,000000,1.68,1.72,1.68,1.71,4947867,0
GOEV.US,D,20200824,000000,1.71,1.99,1.66,1.84,5562220,0
GOEV.US,D,20200824,000000,1.85,2.04,1.79,1.99,2498652,0
GOEV.US,D,20200824,000000,1.98,1.98,1.90,1.91,5784761,0
GOEV.US,D,20200825,000000,1.91,1.95,1.90,1.91,4398754,0
GOEV.US,D,20200826,000000,1.89,2.07,1.87,2.01,2989370,0
GOEV.US,D,20200827,000000,2.04,2.04,1.97,2.01,4744059,0
GOEV.US,D,20200828,000000,2.02,2.04,1.88,1.92,4613661,0
GOEV.US,D,20200831,000000,1.91,1.99,1.91,1.98,4988421,0
GOEV.US,D,20200831,000000,1.99,2.02,1.83,1.87,2388551,0
GOEV.US,D,20200831,000000,1.93,1.95,1.79,1.82,3771413,0
GOEV.US,D,20200901,000000,1.77,1.81,1.64,1.69,3540461,0
GOEV.US,D,20200902,000000,1.64,1.66,1.51,1.56,4652250,0
GOEV.US,D,20200903,000000,1.57,1.61,1.56,1.60,5243364,0
GOEV.US,D,20200904,000000,1.63,1.63,1.62,1.63,3818237,0
GOEV.US,D,20200907,000000,1.65,1.65,1.63,1.64,2292804,0
GOEV.US,D,20200907,000000,1.63,1.64,1.62,1.64,3982329,0
GOEV.US,D,20200907,000000,1.65,1.65,1.63,1.64,5657117,0
GOEV.US,D,20200908,000000,1.61,1.64,1.50,1.52,2967264,0
GOEV.US,D,20200909,000000,1.52,1.53,1.45,1.46,4264772,0
GOEV.US,D,20200910,000000,1.50,1.63,1.47,1.62,4839880,0
GOEV.US,D,20200911,000000,1.63,1.65,1.55,1.59,4779957,0
GOEV.US,D,20200914,000000,1.62,1.62,1.50,1.53,2634113,0
GOEV.US,D,20200914,000000,1.54,1.56,1.45,1.46,4349049,0
GOEV.US,D,20200914,000000,1.47,1.51,1.47,1.50,2565439,0
GOEV.US,D,20200915,000000,1.50,1.51,1.50,1.51,2371334,0
GOEV.US,D,20200916,000000,1.48,1.50,1.43,1.44,5636212,0
GOEV.US,D,20200917,000000,1.39,1.41,1.39,1.40,3386684,0
GOEV.US,D,20200918,000000,1.41,1.49,1.39,1.48,2211245,0
GOEV.US,D,20200921,000000,1.48,1.58,1.47,1.57,2862217,0
GOEV.US,D,20200921,000000,1.59,1.66,1.59,1.66,5252679,0
GOEV.US,D,20200921,000000,1.67,1.87,1.65,1.75,5056000,0
GOEV.US,D,20200922,000000,1.76,1.78,1.75,1.77,3709813,0
GOEV.US,D,20200923,000000,1.74,1.83,1.72,1.78,3558329,0
GOEV.US,D,20200924,000000,1.76,1.76,1.62,1.65,4900716,0
GOEV.US,D,20200925,000000,1.59,1.60,1.52,1.53,5114299,0
GOEV.US,D,20200928,000000,1.50,1.59,1.48,1.56,2401255,0
GOEV.US,D,20200928,000000,1.55,1.65,1.54,1.62,3035228,0
GOEV.US,D,20200928,000000,1.63,1.73,1.63,1.71,5847522,0
GOEV.US,D,20200929,000000,1.69,1.70,1.65,1.67,4248836,0
GOEV.US,D,20200930,000000,1.70,1.74,1.69,1.73,4317791,0
GOEV.US,D,20201001,000000,1.73,1.75,1.59,1.65,5840202,0
GOEV.US,D,20201002,000000,1.63,1.63,1.50,1.54,2310467,0
GOEV.US,D,20201005,000000,1.49,1.60,1.47,1.56,3476851,0
GOEV.US,D,20201005,000000,1.54,1.55,1.47,1.47,4422362,0
GOEV.US,D,20201005,000000,1.48,1.58,1.47,1.53,2590775,0
GOEV.US,D,20201006,000000,1.48,1.55,1.48,1.53,4693245,0
GOEV.US,D,20201007,000000,1.53,1.54,1.53,1.53,3811552,0
GOEV.US,D,20201008,000000,1.50,1.67,1.46,1.63,3800927,0
GOEV.US,D,20201009,000000,1.68,1.70,1.67,1.69,4102389,0
GOEV.US,D,20201012,000000,1.70,1.75,1.68,1.72,3943368,0
GOEV.US,D,20201012,000000,1.73,1.75,1.63,1.67,5556146,0
GOEV.US,D,20201012,000000,1.63,1.65,1.53,1.54,5984576,0
GOEV.US,D,20201013,000000,1.54,1.71,1.50,1.66,5206787,0
GOEV.US,D,20201014,000000,1.72,1.73,1.70,1.70,5125107,0
GOEV.US,D,20201015,000000,1.70,1.78,1.70,1.75,5000956,0
GOEV.US,D,20201016,000000,1.70,1.88,1.64,1.87,4614839,0
GOEV.US,D,20201019,000000,1.87,1.90,1.64,1.65,3034095,0
GOEV.US,D,20201019,000000,1.63,1.67,1.62,1.66,3286458,0
GOEV.US,D,20201019,000000,1.68,1.71,1.54,1.58,4191492,0
GOEV.US,D,20201020,000000,1.56,1.59,1.55,1.58,5158574,0
GOEV.US,D,20201021,000000,1.62,1.62,1.56,1.57,2230388,0
GOEV.US,D,20201022,000000,1.61,1.61,1.54,1.55,3875407,0
GOEV.US,D,20201023,000000,1.56,1.62,1.55,1.62,3866867,0
GOEV.US,D,20201026,000000,1.61,1.77,1.60,1.71,2184328,0
GOEV.US,D,20201026,000000,1.73,1.73,1.59,1.61,2630192,0
GOEV.US,D,20201026,000000,1.60,1.61,1.58,1.58,4173786,0
GOEV.US,D,20201027,000000,1.57,1.63,1.57,1.62,3931837,0
GOEV.US,D,20201028,000000,1.65,1.72,1.64,1.69,3339728,0
GOEV.US,D,20201029,000000,1.73,1.75,1.55,1.60,2117378,0
GOEV.US,D,20201030,000000,1.65,1.65,1.58,1.62,4280350,0
GOEV.US,D,20201102,000000,1.59,1.66,1.57,1.62,2801281,0
GOEV.US,D,20201102,000000,1.68,1.79,1.68,1.74,4381135,0
GOEV.US,D,20201102,000000,1.74,1.82,1.74,1.78,5735913,0
GOEV.US,D,20201103,000000,1.79,1.81,1.79,1.79,5021582,0
GOEV.US,D,20201104,000000,1.82,1.83,1.74,1.76,3664544,0
GOEV.US,D,20201105,000000,1.78,1.81,1.78,1.79,2186110,0
GOEV.US,D,20201106,000000,1.79,1.84,1.78,1.82,2905455,0
GOEV.US,D,20201109,000000,1.84,1.85,1.84,1.84,5541882,0
GOEV.US,D,20201109,000000,1.85,1.94,1.81,1.93,5312982,0
GOEV.US,D,20201109,000000,1.95,2.03,1.93,2.03,5001724,0
GOEV.US,D,20201110,000000,2.03,2.04,1.98,1.99,4977859,0
GOEV.US,D,20201111,000000,1.99,2.01,1.80,1.80,4019591,0
GOEV.US,D,20201112,000000,1.82,1.84,1.76,1.78,4717317,0
GOEV.US,D,20201113,000000,1.80,1.88,1.80,1.86,3910816,0
GOEV.US,D,20201116,000000,1.90,1.97,1.51,1.67,2306852,0
GOEV.US,D,20201116,000000,1.64,1.67,1.47,1.52,4874298,0
GOEV.US,D,20201116,000000,1.50,1.54,1.48,1.51,2185885,0
GOEV.US,D,20201117,000000,1.54,1.54,1.43,1.45,4098669,0
GOEV.US,D,20201118,000000,1.45,1.48,1.29,1.35,4798992,0
GOEV.US,D,20201119,000000,1.35,1.42,1.34,1.42,5302627,0
GOEV.US,D,20201120,000000,1.45,1.45,1.37,1.38,2318751,0
GOEV.US,D,20201123,000000,1.37,1.37,1.27,1.31,3313227,0
GOEV.US,D,20201123,000000,1.31,1.32,1.27,1.28,5149897,0
GOEV.US,D,20201123,000000,1.27,1.28,1.27,1.27,4096784,0
GOEV.US,D,20201124,000000,1.25,1.26,1.21,1.23,5003565,0
GOEV.US,D,20201125,000000,1.23,1.30,1.22,1.29,5340612,0
GOEV.US,D,20201126,000000,1.29,1.38,1.29,1.36,4552007,0
GOEV.US,D,20201127,000000,1.37,1.40,1.36,1.38,3927856,0
GOEV.US,D,20201130,000000,1.39,1.44,1.38,1.41,3363065,0
GOEV.US,D,20201130,000000,1.41,1.59,1.38,1.51,5072316,0
GOEV.US,D,20201130,000000,1.51,1.51,1.49,1.49,4461412,0
GOEV.US,D,20201201,000000,1.49,1.53,1.48,1.52,4280052,0
GOEV.US,D,20201202,000000,1.51,1.54,1.49,1.53,4289515,0
GOEV.US,D,20201203,000000,1.54,1.54,1.50,1.51,5675102,0
GOEV.US,D,20201204,000000,1.54,1.60,1.51,1.60,3827723,0
GOEV.US,D,20201207,000000,1.61,1.66,1.61,1.64,2719916,0
GOEV.US,D,20201207,000000,1.66,1.68,1.51,1.54,2849371,0
GOEV.US,D,20201207,000000,1.53,1.63,1.53,1.59,3278373,0
GOEV.US,D,20201208,000000,1.55,1.59,1.47,1.48,4239312,0
GOEV.US,D,20201209,000000,1.48,1.53,1.44,1.47,3454259,0
GOEV.US,D,20201210,000000,1.46,1.49,1.46,1.48,4088193,0
GOEV.US,D,20201211,000000,1.46,1.54,1.44,1.52,2558894,0
GOEV.US,D,20201214,000000,1.53,1.60,1.51,1.58,2869572,0
GOEV.US,D,20201214,000000,1.57,1.60,1.53,1.53,2135934,0
GOEV.US,D,20201214,000000,1.52,1.53,1.46,1.49,2707634,0
GOEV.US,D,20201215,000000,1.48,1.48,1.38,1.39,2336654,0
GOEV.US,D,20201216,000000,1.42,1.43,1.35,1.35,3123360,0
GOEV.US,D,20201217,000000,1.34,1.38,1.24,1.25,5319129,0
GOEV.US,D,20201218,000000,1.27,1.29,1.26,1.29,5957414,0
GOEV.US,D,20201221,000000,1.30,1.32,1.30,1.31,5608508,0
GOEV.US,D,20201221,000000,1.31,1.37,1.30,1.34,3307479,0
GOEV.US,D,20201221,000000,1.32,1.32,1.27,1.27,4107494,0
GOEV.US,D,20201222,000000,1.29,1.33,1.12,1.17,3874142,0
GOEV.US,D,20201223,000000,1.18,1.19,1.11,1.13,2204098,0
GOEV.US,D,20201224,000000,1.12,1.12,1.12,1.12,5444290,0
GOEV.US,D,20201225,000000,1.11,1.11,1.11,1.11,2141531,0
GOEV.US,D,20201228,000000,1.10,1.10,1.08,1.08,5314482,0
GOEV.US,D,20201228,000000,1.04,1.07,1.02,1.06,4374055,0
GOEV.US,D,20201228,000000,1.06,1.10,1.06,1.09,3467720,0
GOEV.US,D,20201229,000000,1.09,1.09,1.05,1.06,2761240,0
GOEV.US,D,20201230,000000,1.05,1.08,1.03,1.06,4981955,0
GOEV.US,D,20201231,000000,1.06,1.13,1.05,1.12,2388247,0
GOEV.US,D,20210101,000000,1.11,1.12,1.09,1.10,5413829,0
GOEV.US,D,20210104,000000,1.09,1.11,1.08,1.11,2793635,0
GOEV.US,D,20210104,000000,1.11,1.21,1.09,1.18,2625523,0
GOEV.US,D,20210104,000000,1.19,1.21,1.18,1.21,4534072,0
GOEV.US,D,20210105,000000,1.20,1.34,1.15,1.30,3582887,0
GOEV.US,D,20210106,000000,1.32,1.36,1.31,1.35,3456941,0
GOEV.US,D,20210107,000000,1.34,1.35,1.34,1.34,5637921,0
GOEV.US,D,20210108,000000,1.35,1.39,1.26,1.28,3730139,0
GOEV.US,D,20210111,000000,1.27,1.28,1.26,1.28,3993658,0
GOEV.US,D,20210111,000000,1.27,1.27,1.26,1.27,4231770,0
GOEV.US,D,20210111,000000,1.27,1.27,1.22,1.24,2079573,0
GOEV.US,D,20210112,000000,1.22,1.24,1.22,1.24,2427165,0
GOEV.US,D,20210113,000000,1.22,1.36,1.21,1.31,4826407,0
GOEV.US,D,20210114,000000,1.30,1.31,1.29,1.29,2853462,0
GOEV.US,D,20210115,000000,1.30,1.37,1.29,1.36,3116245,0
GOEV.US,D,20210118,000000,1.38,1.41,1.37,1.39,2203248,0
GOEV.US,D,20210118,000000,1.39,1.40,1.36,1.37,4334372,0
GOEV.US,D,20210118,000000,1.34,1.44,1.33,1.43,2517466,0
GOEV.US,D,20210119,000000,1.45,1.49,1.31,1.36,3541646,0
GOEV.US,D,20210120,000000,1.35,1.48,1.34,1.43,2944162,0
GOEV.US,D,20210121,000000,1.43,1.45,1.41,1.41,3962303,0
GOEV.US,D,20210122,000000,1.43,1.43,1.39,1.39,5856841,0
GOEV.US,D,20210125,000000,1.38,1.38,1.36,1.37,3424002,0
GOEV.US,D,20210125,000000,1.35,1.38,1.35,1.38,2860091,0
GOEV.US,D,20210125,000000,1.37,1.37,1.37,1.37,2915752,0
GOEV.US,D,20210126,000000,1.38,1.38,1.37,1.37,2486397,0
GOEV.US,D,20210127,000000,1.35,1.36,1.31,1.32,3304967,0
GOEV.US,D,20210128,000000,1.32,1.33,1.29,1.29,2996876,0
GOEV.US,D,20210129,000000,1.28,1.33,1.27,1.31,2943875,0
GOEV.US,D,20210201,000000,1.31,1.32,1.30,1.31,4242290,0
GOEV.US,D,20210201,000000,1.31,1.31,1.24,1.26,5953536,0
GOEV.US,D,20210201,000000,1.27,1.27,1.22,1.22,5055424,0
GOEV.US,D,20210202,000000,1.22,1.26,1.21,1.24,4397906,0
GOEV.US,D,20210203,000000,1.24,1.32,1.23,1.29,4377405,0
GOEV.US,D,20210204,000000,1.27,1.31,1.27,1.30,4516063,0
GOEV.US,D,20210205,000000,1.31,1.35,1.31,1.33,3571698,0
GOEV.US,D,20210208,000000,1.33,1.33,1.33,1.33,2149752,0
GOEV.US,D,20210208,000000,1.34,1.37,1.23,1.24,2534659,0
GOEV.US,D,20210208,000000,1.23,1.24,1.20,1.22,5541815,0
GOEV.US,D,20210209,000000,1.22,1.22,1.18,1.18,4385693,0
GOEV.US,D,20210210,000000,1.18,1.20,1.17,1.19,3109456,0
GOEV.US,D,20210211,000000,1.20,1.22,1.15,1.15,5923872,0
GOEV.US,D,20210212,000000,1.13,1.16,1.13,1.16,5235682,0
GOEV.US,D,20210215,000000,1.15,1.23,1.15,1.20,2980945,0
GOEV.US,D,20210215,000000,1.18,1.18,1.18,1.18,2666546,0
GOEV.US,D,20210215,000000,1.18,1.20,1.18,1.19,2938718,0
GOEV.US,D,20210216,000000,1.18,1.28,1.17,1.27,3217808,0
GOEV.US,D,20210217,000000,1.25,1.25,1.24,1.24,5717698,0
GOEV.US,D,20210218,000000,1.24,1.24,1.17,1.19,3164664,0
GOEV.US,D,20210219,000000,1.17,1.22,1.16,1.20,4713855,0
GOEV.US,D,20210222,000000,1.19,1.25,1.18,1.24,3782299,0
GOEV.US,D,20210222,000000,1.24,1.34,1.24,1.31,3439829,0
GOEV.US,D,20210222,000000,1.30,1.30,1.30,1.30,4567428,0
GOEV.US,D,20210223,000000,1.30,1.30,1.30,1.30,2626415,0
GOEV.US,D,20210224,000000,1.30,1.30,1.27,1.28,3750276,0
GOEV.US,D,20210225,000000,1.28,1.29,1.23,1.24,5423015,0
GOEV.US,D,20210226,000000,1.25,1.27,1.15,1.18,6773018,0
GOEV.US,D,20210301,000000,1.18,1.20,1.12,1.13,13748058,0
GOEV.US,D,20210301,000000,1.14,1.15,1.04,1.06,13450966,0
GOEV.US,D,20210301,000000,1.05,1.07,0.99,1.00,7652629,0
GOEV.US,D,20210302,000000,1.01,1.02,0.99,1.00,22935730,0
GOEV.US,D,20210303,000000,1.02,1.02,1.00,1.00,13598516,0
GOEV.US,D,20210304,000000,1.00,1.01,1.00,1.00,27655307,0
GOEV.US,D,20210305,000000,1.00,1.00,0.99,1.00,5237924,0
GOEV.US,D,20210308,000000,1.00,1.14,0.99,1.12,5032206,0
GOEV.US,D,20210308,000000,1.13,1.29,1.12,1.22,4949870,0
GOEV.US,D,20210308,000000,1.21,1.23,1.18,1.19,4141669,0
GOEV.US,D,20210309,000000,1.17,1.18,1.17,1.18,2952148,0
GOEV.US,D,20210310,000000,1.20,1.21,1.18,1.20,4638672,0
GOEV.US,D,20210311,000000,1.23,1.24,1.12,1.15,2615005,0
GOEV.US,D,20210312,000000,1.14,1.15,1.12,1.14,5571236,0
GOEV.US,D,20210315,000000,1.13,1.23,1.12,1.18,3063928,0
GOEV.US,D,20210315,000000,1.17,1.21,1.16,1.20,4200056,0
GOEV.US,D,20210315,000000,1.19,1.28,1.18,1.23,4127481,0
GOEV.US,D,20210316,000000,1.21,1.22,1.13,1.17,3816977,0
GOEV.US,D,20210317,000000,1.16,1.21,1.00,1.03,5974965,0
GOEV.US,D,20210318,000000,1.04,1.04,1.03,1.04,2273296,0
GOEV.US,D,20210319,000000,1.05,1.05,1.04,1.04,4468923,0
GOEV.US,D,20210322,000000,1.06,1.06,0.99,1.00,3403449,0
GOEV.US,D,20210322,000000,1.01,1.05,0.98,1.03,5995197,0
GOEV.US,D,20210322,000000,1.04,1.04,1.00,1.01,4175906,0
GOEV.US,D,20210323,000000,1.02,1.03,0.99,1.00,2224415,0
GOEV.US,D,20210324,000000,1.00,1.00,1.00,1.00,5556594,0
GOEV.US,D,20210325,000000,1.00,1.00,1.00,1.00,5456477,0
GOEV.US,D,20210326,000000,1.00,1.01,1.00,1.01,4411537,0
GOEV.US,D,20210329,000000,1.00,1.01,1.00,1.01,4399301,0
GOEV.US,D,20210329,000000,1.01,1.07,1.00,1.06,3187281,0
GOEV.US,D,20210329,000000,1.06,1.06,0.98,1.00,2652652,0
GOEV.US,D,20210330,000000,1.00,1.00,1.00,1.00,5633428,0
GOEV.US,D,20210331,000000,1.01,1.01,0.99,1.00,2927521,0
GOEV.US,D,20210401,000000,1.00,1.05,0.99,1.04,3357067,0
GOEV.US,D,20210402,000000,1.04,1.04,1.01,1.02,3959518,0
GOEV.US,D,20210405,000000,1.01,1.06,1.00,1.04,3271285,0
GOEV.US,D,20210405,000000,1.05,1.07,0.99,1.00,5859681,0
GOEV.US,D,20210405,000000,1.00,1.01,1.00,1.00,4895261,0
GOEV.US,D,20210406,000000,1.00,1.00,1.00,1.00,2245519,0
GOEV.US,D,20210407,000000,1.01,1.11,1.00,1.08,2379596,0
GOEV.US,D,20210408,000000,1.10,1.14,1.09,1.13,3072395,0
GOEV.US,D,20210409,000000,1.17,1.19,1.07,1.07,2843799,0
GOEV.US,D,20210412,000000,1.04,1.08,1.03,1.08,3726025,0
GOEV.US,D,20210412,000000,1.06,1.07,1.00,1.02,5674084,0
GOEV.US,D,20210412,000000,1.03,1.03,1.00,1.00,2620610,0
GOEV.US,D,20210413,000000,1.00,1.10,0.97,1.08,4972948,0
GOEV.US,D,20210414,000000,1.07,1.08,1.02,1.04,2305793,0
GOEV.US,D,20210415,000000,1.07,1.08,1.01,1.01,2089371,0
GOEV.US,D,20210416,000000,1.03,1.22,0.96,1.17,2998248,0
GOEV.US,D,20210419,000000,1.17,1.29,1.16,1.28,5682809,0
GOEV.US,D,20210419,000000,1.32,1.33,1.27,1.28,5796031,0
GOEV.US,D,20210419,000000,1.27,1.29,1.27,1.29,4973267,0
GOEV.US,D,20210420,000000,1.26,1.36,1.25,1.34,4697340,0
GOEV.US,D,20210421,000000,1.34,1.34,1.33,1.34,2280703,0
GOEV.US,D,20210422,000000,1.35,1.35,1.35,1.35,5661122,0
GOEV.US,D,20210423,000000,1.38,1.40,1.38,1.39,4735555,0
GOEV.US,D,20210426,000000,1.43,1.43,1.25,1.28,5582367,0
GOEV.US,D,20210426,000000,1.31,1.37,1.31,1.34,5034751,0
GOEV.US,D,20210426,000000,1.35,1.39,1.34,1.39,2556447,0
GOEV.US,D,20210427,000000,1.38,1.56,1.37,1.54,2716685,0
GOEV.US,D,20210428,000000,1.59,1.62,1.39,1.40,2277456,0
GOEV.US,D,20210429,000000,1.43,1.46,1.36,1.39,3748568,0
GOEV.US,D,20210430,000000,1.35,1.36,1.32,1.33,5149406,0
GOEV.US,D,20210503,000000,1.31,1.32,1.18,1.19,2085008,0
GOEV.US,D,20210503,000000,1.23,1.30,1.21,1.26,2125363,0
GOEV.US,D,20210503,000000,1.26,1.27,1.16,1.18,4201047,0
GOEV.US,D,20210504,000000,1.23,1.26,1.14,1.15,4111813,0
GOEV.US,D,20210505,000000,1.16,1.17,1.07,1.12,3270083,0
GOEV.US,D,20210506,000000,1.12,1.22,1.11,1.19,3027937,0
GOEV.US,D,20210507,000000,1.17,1.17,1.13,1.15,2667866,0
GOEV.US,D,20210510,000000,1.18,1.18,1.16,1.17,2051931,0
GOEV.US,D,20210510,000000,1.19,1.24,1.18,1.22,3271294,0
GOEV.US,D,20210510,000000,1.21,1.22,1.10,1.12,4591500,0
GOEV.US,D,20210511,000000,1.10,1.10,1.10,1.10,2873233,0
GOEV.US,D,20210512,000000,1.10,1.12,1.06,1.08,3091075,0
GOEV.US,D,20210513,000000,1.10,1.10,1.09,1.10,4803383,0
GOEV.US,D,20210514,000000,1.10,1.12,0.99,1.02,4285715,0
GOEV.US,D,20210517,000000,1.00,1.10,0.96,1.09,5799735,0
GOEV.US,D,20210517,000000,1.10,1.13,1.09,1.11,5223377,0
GOEV.US,D,20210517,000000,1.14,1.16,0.95,1.02,3270855,0
GOEV.US,D,20210518,000000,1.03,1.07,1.01,1.06,3587195,0
GOEV.US,D,20210519,000000,1.08,1.09,1.07,1.09,5344068,0
GOEV.US,D,20210520,000000,1.05,1.08,1.05,1.07,2964335,0
GOEV.US,D,20210521,000000,1.06,1.08,0.98,1.00,2781096,0
GOEV.US,D,20210524,000000,1.00,1.01,0.99,1.00,4591931,0
GOEV.US,D,20210524,000000,1.00,1.09,1.00,1.05,3634637,0
GOEV.US,D,20210524,000000,1.07,1.07,1.05,1.06,2182159,0
GOEV.US,D,20210525,000000,1.05,1.05,1.04,1.04,5100901,0
GOEV.US,D,20210526,000000,1.08,1.09,1.05,1.05,4733464,0
GOEV.US,D,20210527,000000,1.05,1.21,1.04,1.20,5741787,0
GOEV.US,D,20210528,000000,1.19,1.19,1.16,1.16,3360384,0
GOEV.US,D,20210531,000000,1.14,1.16,1.04,1.10,3823026,0
GOEV.US,D,20210531,000000,1.12,1.17,0.98,1.02,5009717,0
GOEV.US,D,20210531,000000,1.01,1.02,0.95,1.00,2098205,0
GOEV.US,D,20210601,000000,1.01,1.09,1.01,1.07,5047834,0
GOEV.US,D,20210602,000000,1.04,1.05,1.00,1.00,4691745,0
GOEV.US,D,20210603,000000,1.00,1.04,0.99,1.04,4710719,0
GOEV.US,D,20210604,000000,1.04,1.11,1.03,1.09,2589166,0
GOEV.US,D,20210607,000000,1.12,1.13,1.08,1.08,3040829,0
GOEV.US,D,20210607,000000,1.06,1.13,1.04,1.13,3115807,0
GOEV.US,D,20210607,000000,1.11,1.19,1.11,1.16,2520614,0
GOEV.US,D,20210608,000000,1.15,1.17,1.08,1.09,5568058,0
GOEV.US,D,20210609,000000,1.09,1.09,1.00,1.02,4153812,0
GOEV.US,D,20210610,000000,1.04,1.09,1.04,1.09,3020679,0
GOEV.US,D,20210611,000000,1.10,1.10,1.08,1.09,5626891,0
GOEV.US,D,20210614,000000,1.09,1.12,1.03,1.05,5238362,0
GOEV.US,D,20210614,000000,1.04,1.04,1.04,1.04,3209389,0
GOEV.US,D,20210614,000000,1.03,1.07,1.02,1.06,5446428,0
GOEV.US,D,20210615,000000,1.05,1.10,1.05,1.10,4549054,0
GOEV.US,D,20210616,000000,1.11,1.15,1.11,1.13,3763402,0
GOEV.US,D,20210617,000000,1.13,1.14,1.09,1.11,2198210,0
GOEV.US,D,20210618,000000,1.09,1.25,1.08,1.20,3436702,0
GOEV.US,D,20210621,000000,1.15,1.34,1.13,1.26,2145038,0
GOEV.US,D,20210621,000000,1.26,1.28,1.21,1.21,4296618,0
GOEV.US,D,20210621,000000,1.20,1.26,1.17,1.25,2062587,0
GOEV.US,D,20210622,000000,1.26,1.32,1.26,1.29,5660709,0
GOEV.US,D,20210623,000000,1.27,1.30,1.27,1.29,3307590,0
GOEV.US,D,20210624,000000,1.30,1.44,1.29,1.41,3220666,0
GOEV.US,D,20210625,000000,1.40,1.41,1.38,1.39,5085293,0
GOEV.US,D,20210628,000000,1.38,1.42,1.38,1.41,3313677,0
GOEV.US,D,20210628,000000,1.38,1.41,1.38,1.41,5468664,0
GOEV.US,D,20210628,000000,1.41,1.45,1.41,1.44,3853147,0
GOEV.US,D,20210629,000000,1.40,1.53,1.39,1.49,4040360,0
GOEV.US,D,20210630,000000,1.49,1.51,1.42,1.44,3378362,0
GOEV.US,D,20210701,000000,1.44,1.46,1.43,1.45,5795195,0
GOEV.US,D,20210702,000000,1.45,1.57,1.41,1.55,5325841,0
GOEV.US,D,20210705,000000,1.56,1.57,1.49,1.50,5312032,0
GOEV.US,D,20210705,000000,1.51,1.55,1.51,1.55,5090292,0
GOEV.US,D,20210705,000000,1.56,1.62,1.56,1.62,4071143,0
GOEV.US,D,20210706,000000,1.64,1.66,1.56,1.58,3244732,0
GOEV.US,D,20210707,000000,1.55,1.55,1.53,1.54,3941935,0
GOEV.US,D,20210708,000000,1.54,1.54,1.50,1.50,3968297,0
GOEV.US,D,20210709,000000,1.50,1.51,1.49,1.51,3165077,0
GOEV.US,D,20210712,000000,1.51,1.64,1.51,1.61,3815640,0
GOEV.US,D,20210712,000000,1.59,1.63,1.57,1.63,4251474,0
GOEV.US,D,20210712,000000,1.63,1.66,1.62,1.65,5656912,0
GOEV.US,D,20210713,000000,1.66,1.67,1.64,1.64,4006448,0
GOEV.US,D,20210714,000000,1.65,1.68,1.65,1.67,2698388,0
GOEV.US,D,20210715,000000,1.66,1.66,1.63,1.63,5019602,0
GOEV.US,D,20210716,000000,1.63,1.64,1.63,1.64,3100683,0
GOEV.US,D,20210719,000000,1.65,1.67,1.64,1.67,3490619,0
GOEV.US,D,20210719,000000,1.69,1.69,1.65,1.66,4610693,0
GOEV.US,D,20210719,000000,1.66,1.67,1.66,1.67,4426241,0
GOEV.US,D,20210720,000000,1.69,1.70,1.59,1.62,3049079,0
GOEV.US,D,20210721,000000,1.61,1.62,1.60,1.60,5044802,0
GOEV.US,D,20210722,000000,1.59,1.61,1.59,1.60,4847382,0
GOEV.US,D,20210723,000000,1.61,1.62,1.61,1.62,2991880,0
GOEV.US,D,20210726,000000,1.63,1.65,1.62,1.65,5478491,0
GOEV.US,D,20210726,000000,1.61,1.66,1.60,1.64,4516512,0
GOEV.US,D,20210726,000000,1.66,1.66,1.65,1.65,4175055,0
GOEV.US,D,20210727,000000,1.65,1.65,1.63,1.63,4152344,0
GOEV.US,D,20210728,000000,1.64,1.65,1.55,1.59,4699338,0
GOEV.US,D,20210729,000000,1.59,1.61,1.59,1.61,2841621,0
GOEV.US,D,20210730,000000,1.61,1.66,1.61,1.65,5635024,0
GOEV.US,D,20210802,000000,1.64,1.64,1.64,1.64,4278219,0
GOEV.US,D,20210802,000000,1.64,1.67,1.63,1.67,5479536,0
GOEV.US,D,20210802,000000,1.67,1.67,1.61,1.61,2318947,0
GOEV.US,D,20210803,000000,1.59,1.67,1.59,1.65,5432263,0
GOEV.US,D,20210804,000000,1.63,1.74,1.61,1.73,4220132,0
GOEV.US,D,20210805,000000,1.74,1.84,1.74,1.80,4389856,0
GOEV.US,D,20210806,000000,1.84,1.84,1.82,1.83,2666612,0
GOEV.US,D,20210809,000000,1.85,1.89,1.84,1.87,3886737,0
GOEV.US,D,20210809,000000,1.84,1.84,1.84,1.84,4086924,0
GOEV.US,D,20210809,000000,1.86,1.88,1.85,1.88,4042899,0
GOEV.US,D,20210810,000000,1.92,1.92,1.87,1.89,2515148,0
GOEV.US,D,20210811,000000,1.91,1.96,1.68,1.78,4032357,0
GOEV.US,D,20210812,000000,1.77,1.88,1.75,1.85,4457919,0
GOEV.US,D,20210813,000000,1.87,2.00,1.83,1.99,3405359,0
GOEV.US,D,20210816,000000,2.02,2.22,2.00,2.13,5322793,0
GOEV.US,D,20210816,000000,2.15,2.15,2.07,2.08,4810412,0
GOEV.US,D,20210816,000000,2.11,2.12,2.11,2.12,4788476,0
GOEV.US,D,20210817,000000,2.11,2.11,2.10,2.10,5781715,0
GOEV.US,D,20210818,000000,2.09,2.22,2.08,2.20,3083446,0
GOEV.US,D,20210819,000000,2.19,2.21,2.10,2.13,3278900,0
GOEV.US,D,20210820,000000,2.14,2.15,2.14,2.14,3024493,0
GOEV.US,D,20210823,000000,2.14,2.17,2.09,2.10,2376841,0
GOEV.US,D,20210823,000000,2.09,2.15,2.08,2.14,2321911,0
GOEV.US,D,20210823,000000,2.14,2.24,2.11,2.24,4501906,0
GOEV.US,D,20210824,000000,2.26,2.27,2.21,2.22,3608709,0
GOEV.US,D,20210825,000000,2.21,2.21,2.21,2.21,2218908,0
GOEV.US,D,20210826,000000,2.21,2.21,2.16,2.18,2769483,0
GOEV.US,D,20210827,000000,2.19,2.19,2.18,2.18,2060417,0
GOEV.US,D,20210830,000000,2.18,2.18,2.15,2.16,5891891,0
GOEV.US,D,20210830,000000,2.15,2.15,2.10,2.11,4073142,0
GOEV.US,D,20210830,000000,2.12,2.12,2.11,2.11,4258913,0
GOEV.US,D,20210831,000000,2.11,2.12,2.09,2.09,3786778,0
GOEV.US,D,20210901,000000,2.09,2.09,2.03,2.04,3775624,0
GOEV.US,D,20210902,000000,2.01,2.02,1.96,1.98,5419337,0
GOEV.US,D,20210903,000000,1.97,1.98,1.97,1.98,5218293,0
GOEV.US,D,20210906,000000,1.96,1.97,1.94,1.94,2786425,0
GOEV.US,D,20210906,000000,1.94,1.98,1.93,1.97,2422844,0
GOEV.US,D,20210906,000000,1.98,2.03,1.98,2.02,3042022,0
GOEV.US,D,20210907,000000,2.02,2.03,2.02,2.02,2043207,0
GOEV.US,D,20210908,000000,2.02,2.07,2.02,2.05,4752378,0
GOEV.US,D,20210909,000000,2.05,2.12,2.04,2.10,5866874,0
GOEV.US,D,20210910,000000,2.10,2.11,2.08,2.09,4642305,0
GOEV.US,D,20210913,000000,2.10,2.10,2.05,2.06,4584790,0
GOEV.US,D,20210913,000000,2.05,2.08,2.05,2.07,3399435,0
GOEV.US,D,20210913,000000,2.07,2.08,2.03,2.04,5308178,0
GOEV.US,D,20210914,000000,2.05,2.05,2.04,2.05,4785452,0
