<TICKER>,<PER>,<DATE>,<TIME>,<OPEN>,<HIGH>,<LOW>,<CLOSE>,<VOL>,<OPENINT>
GOOGL.US,D,20180102,000000,140.16,142.80,139.54,141.52,5944097,0
GOOGL.US,D,20180103,000000,140.43,145.71,139.50,144.94,4194104,0
GOOGL.US,D,20180104,000000,143.92,146.53,143.46,146.44,7215589,0
GOOGL.US,D,20180105,000000,146.24,146.53,144.40,144.47,3150213,0
GOOGL.US,D,20180108,000000,146.41,147.40,136.77,139.92,6193024,0
GOOGL.US,D,20180108,000000,140.18,141.39,135.31,135.64,6509811,0
GOOGL.US,D,20180108,000000,136.86,138.49,136.85,137.99,7366735,0
GOOGL.US,D,20180109,000000,139.55,140.43,135.27,136.00,5279990,0
GOOGL.US,D,20180110,000000,135.34,142.18,134.84,141.55,3618975,0
GOOGL.US,D,20180111,000000,141.62,142.68,133.27,133.54,7162554,0
GOOGL.US,D,20180112,000000,132.70,133.63,132.62,133.35,4676248,0
GOOGL.US,D,20180115,000000,132.77,136.36,132.72,135.82,4915724,0
GOOGL.US,D,20180115,000000,137.33,137.44,134.05,134.74,6488255,0
GOOGL.US,D,20180115,000000,134.07,137.02,133.62,136.28,4086984,0
GOOGL.US,D,20180116,000000,137.85,138.30,137.13,137.64,4717350,0
GOOGL.US,D,20180117,000000,138.77,143.57,138.75,142.05,2673321,0
GOOGL.US,D,20180118,000000,139.94,148.15,136.41,146.13,4763152,0
GOOGL.US,D,20180119,000000,145.73,158.18,145.01,152.99,3227380,0
GOOGL.US,D,20180122,000000,151.24,153.80,150.47,153.35,5375905,0
GOOGL.US,D,20180122,000000,152.41,152.86,144.26,145.28,7486625,0
GOOGL.US,D,20180122,000000,144.72,146.65,143.88,145.91,2886059,0
GOOGL.US,D,20180123,000000,148.56,149.46,148.37,149.07,6563145,0
GOOGL.US,D,20180124,000000,150.72,158.83,149.59,154.79,5606901,0
GOOGL.US,D,20180125,000000,155.06,156.34,154.78,156.09,3078459,0
GOOGL.US,D,20180126,000000,158.10,158.40,146.76,149.87,4373189,0
GOOGL.US,D,20180129,000000,149.15,149.27,142.33,143.92,7239178,0
GOOGL.US,D,20180129,000000,145.15,145.22,143.87,144.37,5388587,0
GOOGL.US,D,20180129,000000,143.90,148.59,142.86,147.98,3758848,0
GOOGL.US,D,20180130,000000,148.13,157.04,146.75,155.25,4030742,0
GOOGL.US,D,20180131,000000,155.08,155.24,154.84,155.19,2597213,0
GOOGL.US,D,20180201,000000,154.39,155.76,150.10,152.47,4718231,0
GOOGL.US,D,20180202,000000,153.22,153.36,149.52,150.65,6671333,0
GOOGL.US,D,20180205,000000,152.55,153.40,150.53,150.93,4049028,0
GOOGL.US,D,20180205,000000,151.90,154.93,151.85,154.54,6489192,0
GOOGL.US,D,20180205,000000,154.21,157.25,153.81,156.84,5198476,0
GOOGL.US,D,20180206,000000,156.36,161.67,156.02,159.89,6641252,0
GOOGL.US,D,20180207,000000,161.38,161.61,157.46,159.19,5258554,0
GOOGL.US,D,20180208,000000,156.59,161.00,156.39,158.66,3571343,0
GOOGL.US,D,20180209,000000,157.14,161.55,156.66,160.91,6931228,0
GOOGL.US,D,20180212,000000,162.12,171.44,160.99,169.61,5243189,0
GOOGL.US,D,20180212,000000,169.11,175.64,167.96,174.15,3483515,0
GOOGL.US,D,20180212,000000,172.63,173.66,168.24,169.72,4841669,0
GOOGL.US,D,20180213,000000,167.90,169.93,167.80,168.55,5491057,0
GOOGL.US,D,20180214,000000,168.67,173.24,168.01,171.04,3563859,0
GOOGL.US,D,20180215,000000,171.54,172.49,170.99,171.24,3633726,0
GOOGL.US,D,20180216,000000,169.68,173.64,169.46,171.80,5548173,0
GOOGL.US,D,20180219,000000,170.82,171.08,169.56,169.60,4123398,0
GOOGL.US,D,20180219,000000,167.47,170.55,166.72,169.30,2706155,0
GOOGL.US,D,20180219,000000,170.08,190.82,168.55,183.57,6267326,0
GOOGL.US,D,20180220,000000,184.81,185.17,178.22,179.35,6978282,0
GOOGL.US,D,20180221,000000,179.65,186.42,179.13,186.35,4067166,0
GOOGL.US,D,20180222,000000,187.05,187.23,181.93,183.46,3780769,0
GOOGL.US,D,20180223,000000,184.02,185.06,183.67,184.64,5132005,0
GOOGL.US,D,20180226,000000,185.55,186.06,183.72,183.91,4740706,0
GOOGL.US,D,20180226,000000,182.87,185.61,181.82,183.73,3262750,0
GOOGL.US,D,20180226,000000,183.29,183.67,176.56,178.46,4628483,0
GOOGL.US,D,20180227,000000,177.23,179.72,176.54,179.13,5821830,0
GOOGL.US,D,20180228,000000,181.37,185.33,167.78,169.76,2739256,0
GOOGL.US,D,20180301,000000,171.08,172.59,170.29,171.35,6068109,0
GOOGL.US,D,20180302,000000,173.16,177.89,173.08,177.66,3357848,0
GOOGL.US,D,20180305,000000,175.52,179.20,174.68,179.10,3150810,0
GOOGL.US,D,20180305,000000,178.17,179.59,169.51,170.17,3848114,0
GOOGL.US,D,20180305,000000,170.53,173.28,170.45,172.92,4825188,0
GOOGL.US,D,20180306,000000,174.46,174.80,173.98,174.70,5278549,0
GOOGL.US,D,20180307,000000,175.12,175.59,173.40,173.88,2692236,0
GOOGL.US,D,20180308,000000,171.30,177.29,169.34,175.17,2714995,0
GOOGL.US,D,20180309,000000,175.82,176.56,173.94,174.82,6922160,0
GOOGL.US,D,20180312,000000,177.22,182.24,176.47,180.75,6630208,0
GOOGL.US,D,20180312,000000,181.52,186.08,168.04,172.07,3292864,0
GOOGL.US,D,20180312,000000,171.20,172.35,164.45,165.49,7232768,0
GOOGL.US,D,20180313,000000,166.22,166.46,162.10,164.13,5604225,0
GOOGL.US,D,20180314,000000,165.14,165.74,161.66,162.16,3438215,0
GOOGL.US,D,20180315,000000,162.21,162.23,158.41,159.12,3597400,0
GOOGL.US,D,20180316,000000,158.92,159.37,158.67,159.35,7040485,0
GOOGL.US,D,20180319,000000,156.96,160.52,156.53,159.24,5215431,0
GOOGL.US,D,20180319,000000,158.41,158.56,157.20,157.22,4637448,0
GOOGL.US,D,20180319,000000,156.12,156.32,153.30,154.42,4544650,0
GOOGL.US,D,20180320,000000,155.68,156.59,147.63,151.20,7036822,0
GOOGL.US,D,20180321,000000,151.77,153.86,144.94,145.92,2861159,0
GOOGL.US,D,20180322,000000,144.00,147.97,143.69,145.98,3785733,0
GOOGL.US,D,20180323,000000,146.79,146.81,146.24,146.41,6053858,0
GOOGL.US,D,20180326,000000,145.07,149.69,144.46,149.07,4247539,0
GOOGL.US,D,20180326,000000,149.92,150.68,149.09,150.43,5234774,0
GOOGL.US,D,20180326,000000,150.73,151.87,144.89,146.92,4595236,0
GOOGL.US,D,20180327,000000,147.74,152.74,147.38,151.97,5030995,0
GOOGL.US,D,20180328,000000,150.66,151.43,145.10,146.37,3630561,0
GOOGL.US,D,20180329,000000,144.64,150.08,141.45,150.06,5708738,0
GOOGL.US,D,20180330,000000,149.03,154.76,147.20,154.10,3558448,0
GOOGL.US,D,20180402,000000,153.39,154.42,147.50,149.91,4669330,0
GOOGL.US,D,20180402,000000,150.16,151.35,149.32,150.51,5180438,0
GOOGL.US,D,20180402,000000,150.55,164.12,147.00,158.55,3663024,0
GOOGL.US,D,20180403,000000,160.58,160.62,159.77,159.86,3512909,0
GOOGL.US,D,20180404,000000,158.71,158.88,157.53,157.79,5416584,0
GOOGL.US,D,20180405,000000,160.62,164.64,159.79,163.55,2833180,0
GOOGL.US,D,20180406,000000,163.54,165.45,149.03,151.60,2634050,0
GOOGL.US,D,20180409,000000,151.39,160.13,151.31,158.90,4112934,0
GOOGL.US,D,20180409,000000,159.62,163.01,149.80,153.29,4005234,0
GOOGL.US,D,20180409,000000,153.13,158.31,150.00,157.30,2534280,0
GOOGL.US,D,20180410,000000,159.49,160.40,151.19,153.92,5539263,0
GOOGL.US,D,20180411,000000,154.34,154.35,153.40,153.89,5751602,0
GOOGL.US,D,20180412,000000,153.67,155.01,149.40,149.52,4549393,0
GOOGL.US,D,20180413,000000,149.59,152.75,149.47,151.28,5374212,0
GOOGL.US,D,20180416,000000,151.55,153.43,151.16,152.43,6400213,0
GOOGL.US,D,20180416,000000,152.95,154.03,152.70,153.85,4868082,0
GOOGL.US,D,20180416,000000,154.78,158.24,152.81,156.37,3036060,0
GOOGL.US,D,20180417,000000,155.81,156.22,152.17,153.98,5095777,0
GOOGL.US,D,20180418,000000,155.13,158.14,154.06,157.78,4990027,0
GOOGL.US,D,20180419,000000,157.44,157.55,157.08,157.16,7145136,0
GOOGL.US,D,20180420,000000,156.81,164.30,156.35,163.94,6100230,0
GOOGL.US,D,20180423,000000,164.02,164.03,157.60,161.24,5558973,0
GOOGL.US,D,20180423,000000,161.84,162.19,161.77,162.13,3568963,0
GOOGL.US,D,20180423,000000,163.37,168.99,162.97,167.96,5390454,0
GOOGL.US,D,20180424,000000,166.73,168.79,166.48,168.35,2639581,0
GOOGL.US,D,20180425,000000,166.93,169.53,159.05,160.42,3103312,0
GOOGL.US,D,20180426,000000,159.58,163.54,159.15,163.39,6637536,0
GOOGL.US,D,20180427,000000,164.08,164.40,163.36,163.37,6841814,0
GOOGL.US,D,20180430,000000,162.90,163.28,160.08,161.38,6869923,0
GOOGL.US,D,20180430,000000,161.44,161.48,160.21,160.62,4128951,0
GOOGL.US,D,20180430,000000,161.21,162.62,156.90,157.20,4860848,0
GOOGL.US,D,20180501,000000,157.46,159.42,150.95,153.00,5542501,0
GOOGL.US,D,20180502,000000,153.67,156.29,153.40,154.09,2676930,0
GOOGL.US,D,20180503,000000,155.03,155.14,153.81,154.27,5672735,0
GOOGL.US,D,20180504,000000,153.48,156.59,152.68,155.36,6459203,0
GOOGL.US,D,20180507,000000,157.00,157.58,154.89,156.37,7000851,0
GOOGL.US,D,20180507,000000,156.03,165.69,154.91,162.58,6565800,0
GOOGL.US,D,20180507,000000,161.88,165.08,161.43,164.17,5292728,0
GOOGL.US,D,20180508,000000,163.99,165.43,163.84,164.49,5814204,0
GOOGL.US,D,20180509,000000,163.89,166.77,163.16,166.71,4921699,0
GOOGL.US,D,20180510,000000,166.27,166.85,164.60,165.08,3803032,0
GOOGL.US,D,20180511,000000,164.32,164.43,161.43,161.86,5494163,0
GOOGL.US,D,20180514,000000,160.53,160.84,157.61,157.93,6962948,0
GOOGL.US,D,20180514,000000,157.69,158.61,152.61,154.65,3974756,0
GOOGL.US,D,20180514,000000,155.62,156.28,150.47,150.94,6140066,0
GOOGL.US,D,20180515,000000,149.13,155.64,148.09,153.54,6550768,0
GOOGL.US,D,20180516,000000,153.04,153.22,151.93,152.22,4833477,0
GOOGL.US,D,20180517,000000,153.91,154.19,151.27,151.50,2705679,0
GOOGL.US,D,20180518,000000,151.97,156.10,151.15,154.46,6624116,0
GOOGL.US,D,20180521,000000,152.43,155.91,151.59,155.13,2536386,0
GOOGL.US,D,20180521,000000,155.37,157.11,146.75,150.05,2740489,0
GOOGL.US,D,20180521,000000,151.74,154.70,139.09,143.46,6690739,0
GOOGL.US,D,20180522,000000,143.39,143.78,142.95,143.75,2998853,0
GOOGL.US,D,20180523,000000,143.89,144.58,143.82,144.50,5270214,0
GOOGL.US,D,20180524,000000,144.48,146.83,143.52,145.01,5967232,0
GOOGL.US,D,20180525,000000,145.28,148.77,144.67,146.78,5341713,0
GOOGL.US,D,20180528,000000,146.82,150.85,141.78,142.11,4097215,0
GOOGL.US,D,20180528,000000,144.47,148.28,144.16,147.15,3683811,0
GOOGL.US,D,20180528,000000,148.54,148.79,146.93,147.27,6137963,0
GOOGL.US,D,20180529,000000,147.59,154.42,146.35,153.05,2563322,0
GOOGL.US,D,20180530,000000,151.94,159.26,151.24,156.95,6493963,0
GOOGL.US,D,20180531,000000,158.43,158.51,151.67,154.08,3987227,0
GOOGL.US,D,20180601,000000,153.37,158.28,152.91,157.55,6793048,0
GOOGL.US,D,20180604,000000,157.87,161.40,157.51,161.01,6982278,0
GOOGL.US,D,20180604,000000,160.63,161.37,155.96,157.37,6512357,0
GOOGL.US,D,20180604,000000,158.40,158.47,157.37,157.59,7390622,0
GOOGL.US,D,20180605,000000,157.27,157.60,153.98,154.74,4006735,0
GOOGL.US,D,20180606,000000,156.12,156.80,149.28,150.14,4371156,0
GOOGL.US,D,20180607,000000,151.00,153.99,150.67,153.62,2786249,0
GOOGL.US,D,20180608,000000,154.54,156.23,148.70,151.05,4688230,0
GOOGL.US,D,20180611,000000,150.90,151.31,147.54,147.82,5157103,0
GOOGL.US,D,20180611,000000,147.99,148.43,137.84,138.74,3583894,0
GOOGL.US,D,20180611,000000,138.38,138.76,137.76,137.78,6497513,0
GOOGL.US,D,20180612,000000,137.84,138.19,133.75,134.04,5019470,0
GOOGL.US,D,20180613,000000,133.95,137.27,133.69,136.59,6469434,0
GOOGL.US,D,20180614,000000,136.44,140.52,135.82,139.62,4508611,0
GOOGL.US,D,20180615,000000,139.86,141.26,133.64,133.95,3308907,0
GOOGL.US,D,20180618,000000,135.44,136.41,131.36,131.71,7235662,0
GOOGL.US,D,20180618,000000,129.96,136.79,129.47,135.41,4884516,0
GOOGL.US,D,20180618,000000,136.47,136.92,125.94,130.03,4586199,0
GOOGL.US,D,20180619,000000,128.52,129.04,123.99,125.13,5455677,0
GOOGL.US,D,20180620,000000,124.56,129.34,123.89,128.08,7021863,0
GOOGL.US,D,20180621,000000,127.71,129.77,127.05,129.63,6329390,0
GOOGL.US,D,20180622,000000,130.09,132.57,121.56,122.94,6265640,0
GOOGL.US,D,20180625,000000,122.21,123.49,121.61,123.05,4500122,0
GOOGL.US,D,20180625,000000,123.75,123.77,117.66,119.08,4146771,0
GOOGL.US,D,20180625,000000,117.96,118.98,116.63,116.92,4867114,0
GOOGL.US,D,20180626,000000,116.04,116.28,115.95,116.21,3945720,0
GOOGL.US,D,20180627,000000,115.78,121.66,115.72,119.35,5174170,0
GOOGL.US,D,20180628,000000,118.76,120.45,117.19,117.45,2800846,0
GOOGL.US,D,20180629,000000,118.00,120.51,117.80,119.85,2956090,0
GOOGL.US,D,20180702,000000,119.04,120.65,118.25,119.68,6203347,0
GOOGL.US,D,20180702,000000,120.60,121.54,119.70,120.42,7416591,0
GOOGL.US,D,20180702,000000,119.73,129.29,118.30,126.08,6370465,0
GOOGL.US,D,20180703,000000,125.76,128.22,125.15,127.58,3583953,0
GOOGL.US,D,20180704,000000,127.90,128.30,122.22,123.67,6465703,0
GOOGL.US,D,20180705,000000,123.79,124.29,123.29,124.03,2900626,0
GOOGL.US,D,20180706,000000,123.91,124.17,116.18,119.63,4372982,0
GOOGL.US,D,20180709,000000,117.84,120.09,117.42,119.29,6730042,0
GOOGL.US,D,20180709,000000,119.99,120.27,116.94,117.63,7026796,0
GOOGL.US,D,20180709,000000,118.03,118.21,117.18,117.32,4495965,0
GOOGL.US,D,20180710,000000,117.94,120.20,111.67,112.01,6361655,0
GOOGL.US,D,20180711,000000,112.16,114.84,111.98,113.08,5356042,0
GOOGL.US,D,20180712,000000,113.83,116.96,112.86,116.39,7072593,0
GOOGL.US,D,20180713,000000,117.68,120.85,97.07,105.13,3956538,0
GOOGL.US,D,20180716,000000,106.19,106.53,103.11,104.42,5004731,0
GOOGL.US,D,20180716,000000,104.64,104.85,104.20,104.25,2695104,0
GOOGL.US,D,20180716,000000,103.01,103.73,94.96,99.53,4213445,0
GOOGL.US,D,20180717,000000,97.42,97.49,93.07,93.69,6792226,0
GOOGL.US,D,20180718,000000,94.20,96.27,93.28,95.88,2582071,0
GOOGL.US,D,20180719,000000,96.86,97.12,91.01,92.04,2846285,0
GOOGL.US,D,20180720,000000,92.88,94.88,89.28,89.80,3201474,0
GOOGL.US,D,20180723,000000,89.45,93.63,88.97,91.80,4583989,0
GOOGL.US,D,20180723,000000,91.70,97.13,89.77,96.76,7092543,0
GOOGL.US,D,20180723,000000,95.01,98.40,94.75,97.66,6128154,0
GOOGL.US,D,20180724,000000,98.54,103.61,98.43,102.68,3520051,0
GOOGL.US,D,20180725,000000,103.29,109.56,101.98,108.28,3431022,0
GOOGL.US,D,20180726,000000,106.25,108.90,106.03,107.94,7436420,0
GOOGL.US,D,20180727,000000,106.14,107.28,103.38,103.77,6756459,0
GOOGL.US,D,20180730,000000,102.06,103.22,101.74,102.81,2886877,0
GOOGL.US,D,20180730,000000,102.73,103.13,99.90,100.79,7045006,0
GOOGL.US,D,20180730,000000,100.87,104.31,100.48,104.14,4783770,0
GOOGL.US,D,20180731,000000,104.28,106.24,103.87,105.96,7022086,0
GOOGL.US,D,20180801,000000,105.14,106.35,102.76,103.45,2746645,0
GOOGL.US,D,20180802,000000,104.05,115.39,103.62,111.14,7236136,0
GOOGL.US,D,20180803,000000,111.88,111.90,111.85,111.86,3795596,0
GOOGL.US,D,20180806,000000,111.75,112.32,104.92,105.26,2592145,0
GOOGL.US,D,20180806,000000,105.13,105.44,99.66,101.05,3035325,0
GOOGL.US,D,20180806,000000,100.65,103.44,100.05,103.33,5459328,0
GOOGL.US,D,20180807,000000,103.87,104.35,101.93,102.64,3062077,0
GOOGL.US,D,20180808,000000,103.99,104.56,93.56,97.07,7418888,0
GOOGL.US,D,20180809,000000,97.26,101.44,95.85,99.78,5984566,0
GOOGL.US,D,20180810,000000,100.44,100.75,98.86,99.80,7353721,0
GOOGL.US,D,20180813,000000,101.34,101.56,101.07,101.23,4095938,0
GOOGL.US,D,20180813,000000,99.29,99.85,95.96,97.44,4629928,0
GOOGL.US,D,20180813,000000,98.60,99.29,98.51,99.26,7058214,0
GOOGL.US,D,20180814,000000,100.51,100.71,97.16,97.91,4093340,0
GOOGL.US,D,20180815,000000,98.16,100.86,96.96,100.77,7363837,0
GOOGL.US,D,20180816,000000,101.53,105.55,100.18,103.44,4365063,0
GOOGL.US,D,20180817,000000,103.57,104.14,102.21,103.32,6215141,0
GOOGL.US,D,20180820,000000,104.38,104.59,103.05,103.79,6849546,0
GOOGL.US,D,20180820,000000,101.49,107.56,101.46,104.68,6027823,0
GOOGL.US,D,20180820,000000,105.94,106.00,104.30,105.55,3232069,0
GOOGL.US,D,20180821,000000,105.00,109.26,104.98,108.83,5047136,0
GOOGL.US,D,20180822,000000,109.69,111.48,102.00,103.36,3228021,0
GOOGL.US,D,20180823,000000,104.78,105.07,104.30,105.04,2698000,0
GOOGL.US,D,20180824,000000,104.53,114.42,104.20,114.12,5938999,0
GOOGL.US,D,20180827,000000,114.21,115.34,106.84,107.47,6500951,0
GOOGL.US,D,20180827,000000,105.55,112.95,105.54,110.90,5805762,0
GOOGL.US,D,20180827,000000,109.95,112.88,109.94,111.11,3632433,0
GOOGL.US,D,20180828,000000,112.29,113.40,104.56,107.47,3077298,0
GOOGL.US,D,20180829,000000,106.74,115.34,103.80,114.93,6585714,0
GOOGL.US,D,20180830,000000,114.65,114.81,112.24,112.86,6595448,0
GOOGL.US,D,20180831,000000,113.44,113.66,112.09,112.45,5189559,0
GOOGL.US,D,20180903,000000,113.13,113.25,110.27,110.53,6659848,0
GOOGL.US,D,20180903,000000,109.93,110.15,108.66,109.26,4792251,0
GOOGL.US,D,20180903,000000,108.77,109.44,108.69,109.23,2926060,0
GOOGL.US,D,20180904,000000,109.02,109.59,107.87,109.45,7145332,0
GOOGL.US,D,20180905,000000,109.49,110.10,109.35,109.98,6234412,0
GOOGL.US,D,20180906,000000,110.22,110.97,110.06,110.27,7470386,0
GOOGL.US,D,20180907,000000,109.77,114.70,109.26,113.17,4919218,0
GOOGL.US,D,20180910,000000,113.31,113.83,113.15,113.46,7334614,0
GOOGL.US,D,20180910,000000,113.21,113.67,110.29,110.60,7086200,0
GOOGL.US,D,20180910,000000,110.97,116.62,108.29,116.27,2744500,0
GOOGL.US,D,20180911,000000,117.16,117.64,112.73,113.45,5354583,0
GOOGL.US,D,20180912,000000,114.92,115.04,114.45,114.59,5002613,0
GOOGL.US,D,20180913,000000,114.66,115.57,114.57,115.38,6288244,0
GOOGL.US,D,20180914,000000,115.91,116.51,109.04,109.59,5930382,0
GOOGL.US,D,20180917,000000,109.24,113.65,108.52,111.67,5552798,0
GOOGL.US,D,20180917,000000,113.58,113.93,111.96,112.87,5191152,0
GOOGL.US,D,20180917,000000,112.90,120.32,111.67,119.04,2955945,0
GOOGL.US,D,20180918,000000,117.82,125.63,117.66,123.96,7254506,0
GOOGL.US,D,20180919,000000,123.19,125.91,123.01,125.21,3316457,0
GOOGL.US,D,20180920,000000,124.58,124.86,115.59,116.53,3697209,0
GOOGL.US,D,20180921,000000,116.92,117.83,107.41,111.56,3777160,0
GOOGL.US,D,20180924,000000,112.39,112.40,110.10,111.00,5370287,0
GOOGL.US,D,20180924,000000,110.59,113.47,109.87,113.33,7389610,0
GOOGL.US,D,20180924,000000,113.88,115.02,113.35,114.46,7342120,0
GOOGL.US,D,20180925,000000,115.26,115.80,114.50,115.01,4453357,0
GOOGL.US,D,20180926,000000,115.23,115.38,113.36,113.46,7256908,0
GOOGL.US,D,20180927,000000,114.47,115.65,110.00,111.30,5319423,0
GOOGL.US,D,20180928,000000,110.46,110.61,110.08,110.14,6956614,0
GOOGL.US,D,20181001,000000,110.45,110.79,109.30,110.03,2878833,0
GOOGL.US,D,20181001,000000,110.19,110.95,110.17,110.64,3212494,0
GOOGL.US,D,20181001,000000,110.56,111.52,110.48,111.18,6300601,0
GOOGL.US,D,20181002,000000,111.02,111.04,110.70,110.85,3120083,0
GOOGL.US,D,20181003,000000,110.95,111.21,109.80,110.19,3199781,0
GOOGL.US,D,20181004,000000,110.63,110.74,109.21,109.50,6581536,0
GOOGL.US,D,20181005,000000,109.01,109.03,108.72,108.96,6151983,0
GOOGL.US,D,20181008,000000,109.10,110.36,108.01,109.84,2838063,0
GOOGL.US,D,20181008,000000,109.74,112.32,109.09,111.84,6709828,0
GOOGL.US,D,20181008,000000,112.38,112.46,112.04,112.04,3280782,0
GOOGL.US,D,20181009,000000,112.31,112.38,112.29,112.37,6853877,0
GOOGL.US,D,20181010,000000,112.65,114.71,112.33,114.27,3351149,0
GOOGL.US,D,20181011,000000,114.00,114.28,111.28,111.55,5913759,0
GOOGL.US,D,20181012,000000,111.84,112.96,109.07,109.26,4897927,0
GOOGL.US,D,20181015,000000,108.98,109.95,108.83,109.33,2509986,0
GOOGL.US,D,20181015,000000,109.30,111.02,109.24,110.73,5806178,0
GOOGL.US,D,20181015,000000,110.25,110.70,109.94,110.44,5626353,0
GOOGL.US,D,20181016,000000,110.45,111.08,110.29,110.83,4672616,0
GOOGL.US,D,20181017,000000,111.18,111.30,109.99,110.65,6461181,0
GOOGL.US,D,20181018,000000,110.90,111.45,110.89,111.31,5619916,0
GOOGL.US,D,20181019,000000,111.22,111.33,109.94,110.28,4563642,0
GOOGL.US,D,20181022,000000,109.16,115.82,108.67,114.38,6287050,0
GOOGL.US,D,20181022,000000,115.39,115.40,114.20,114.56,6544911,0
GOOGL.US,D,20181022,000000,114.38,115.98,113.90,115.54,3849451,0
GOOGL.US,D,20181023,000000,115.37,115.57,115.35,115.48,5456163,0
GOOGL.US,D,20181024,000000,115.65,116.01,115.55,115.93,6013860,0
GOOGL.US,D,20181025,000000,116.04,116.89,113.37,114.03,5661283,0
GOOGL.US,D,20181026,000000,114.06,115.37,113.91,115.07,5365641,0
GOOGL.US,D,20181029,000000,114.59,114.65,114.27,114.42,7265197,0
GOOGL.US,D,20181029,000000,114.45,114.46,113.25,113.90,3169461,0
GOOGL.US,D,20181029,000000,113.61,114.43,113.47,114.23,4385393,0
GOOGL.US,D,20181030,000000,114.66,114.67,113.79,114.03,4191184,0
GOOGL.US,D,20181031,000000,113.93,115.11,113.67,114.96,5854645,0
GOOGL.US,D,20181101,000000,114.93,116.50,114.59,116.05,3275938,0
GOOGL.US,D,20181102,000000,116.09,117.28,116.02,116.77,3147467,0
GOOGL.US,D,20181105,000000,116.66,116.80,115.18,115.41,3451416,0
GOOGL.US,D,20181105,000000,115.61,116.12,115.55,116.11,2733830,0
GOOGL.US,D,20181105,000000,116.16,116.24,115.73,115.77,3647396,0
GOOGL.US,D,20181106,000000,115.76,115.81,115.59,115.60,6966773,0
GOOGL.US,D,20181107,000000,115.13,116.28,114.95,116.11,2546722,0
GOOGL.US,D,20181108,000000,116.32,116.40,113.68,113.80,2938195,0
GOOGL.US,D,20181109,000000,113.61,114.30,113.51,114.23,5727532,0
GOOGL.US,D,20181112,000000,114.50,115.12,110.88,112.25,5980154,0
GOOGL.US,D,20181112,000000,112.25,112.53,111.10,111.21,3487587,0
GOOGL.US,D,20181112,000000,110.49,111.01,106.61,108.28,3162052,0
GOOGL.US,D,20181113,000000,107.75,111.91,107.72,110.65,3683802,0
GOOGL.US,D,20181114,000000,110.53,111.88,110.50,111.74,5839774,0
GOOGL.US,D,20181115,000000,112.83,113.08,112.10,112.24,6166067,0
GOOGL.US,D,20181116,000000,112.21,113.45,112.02,113.14,3397791,0
GOOGL.US,D,20181119,000000,112.68,113.07,108.34,108.95,2843005,0
GOOGL.US,D,20181119,000000,109.34,111.48,109.24,111.17,4070984,0
GOOGL.US,D,20181119,000000,110.76,110.90,108.22,108.52,7387497,0
GOOGL.US,D,20181120,000000,108.99,110.19,108.64,109.84,7051787,0
GOOGL.US,D,20181121,000000,109.49,109.72,107.76,108.35,3905673,0
GOOGL.US,D,20181122,000000,107.81,108.17,107.77,108.11,5284575,0
GOOGL.US,D,20181123,000000,107.64,110.68,107.45,109.25,3633176,0
GOOGL.US,D,20181126,000000,109.02,109.51,104.87,106.04,3100179,0
GOOGL.US,D,20181126,000000,106.48,106.58,106.15,106.31,5625066,0
GOOGL.US,D,20181126,000000,106.17,106.17,106.04,106.08,3326652,0
GOOGL.US,D,20181127,000000,106.80,106.97,106.26,106.47,3987164,0
GOOGL.US,D,20181128,000000,106.72,106.91,106.57,106.77,7398880,0
GOOGL.US,D,20181129,000000,106.99,109.25,105.82,108.53,6010550,0
GOOGL.US,D,20181130,000000,108.71,110.98,108.33,110.77,2896160,0
GOOGL.US,D,20181203,000000,111.89,112.05,110.94,111.04,7197131,0
GOOGL.US,D,20181203,000000,111.41,114.81,111.19,113.95,2637518,0
GOOGL.US,D,20181203,000000,113.22,117.00,112.48,115.05,6091696,0
GOOGL.US,D,20181204,000000,114.92,115.14,112.59,112.62,4298222,0
GOOGL.US,D,20181205,000000,112.22,112.40,109.25,110.28,2805086,0
GOOGL.US,D,20181206,000000,110.65,110.65,109.17,109.97,3774729,0
GOOGL.US,D,20181207,000000,110.21,110.77,110.07,110.60,4118567,0
GOOGL.US,D,20181210,000000,111.09,111.70,109.30,109.62,4658316,0
GOOGL.US,D,20181210,000000,109.43,109.63,109.41,109.50,2862969,0
GOOGL.US,D,20181210,000000,109.65,110.07,107.15,107.45,5562246,0
GOOGL.US,D,20181211,000000,107.13,110.94,106.43,109.99,4004968,0
GOOGL.US,D,20181212,000000,109.72,116.18,108.64,113.47,3386870,0
GOOGL.US,D,20181213,000000,112.97,115.13,112.93,114.54,6976733,0
GOOGL.US,D,20181214,000000,114.10,115.15,113.88,115.00,3150362,0
GOOGL.US,D,20181217,000000,115.09,116.44,114.76,116.25,5444124,0
GOOGL.US,D,20181217,000000,116.03,116.05,115.25,115.37,3827390,0
GOOGL.US,D,20181217,000000,116.37,118.01,109.00,109.34,6501091,0
GOOGL.US,D,20181218,000000,108.63,110.22,108.51,109.84,7351070,0
GOOGL.US,D,20181219,000000,108.19,109.73,101.31,104.75,5358499,0
GOOGL.US,D,20181220,000000,104.37,104.54,104.31,104.50,5350653,0
GOOGL.US,D,20181221,000000,104.13,109.55,103.92,106.53,5921160,0
GOOGL.US,D,20181224,000000,106.23,106.59,104.18,104.85,2743981,0
GOOGL.US,D,20181224,000000,103.89,107.31,103.04,106.49,5930707,0
GOOGL.US,D,20181224,000000,106.49,108.21,101.93,103.14,4263620,0
GOOGL.US,D,20181225,000000,102.69,105.81,102.19,105.08,4337375,0
GOOGL.US,D,20181226,000000,104.86,105.89,104.75,105.61,5081575,0
GOOGL.US,D,20181227,000000,105.78,106.06,104.53,104.97,3058910,0
GOOGL.US,D,20181228,000000,104.88,109.33,103.63,108.14,2834491,0
GOOGL.US,D,20181231,000000,109.47,112.09,101.68,103.85,5113607,0
GOOGL.US,D,20181231,000000,103.75,103.87,103.73,103.81,4695603,0
GOOGL.US,D,20181231,000000,103.97,103.98,103.01,103.35,5206303,0
GOOGL.US,D,20190101,000000,103.65,104.30,103.55,104.09,6222563,0
GOOGL.US,D,20190102,000000,103.50,103.51,103.30,103.34,6364172,0
GOOGL.US,D,20190103,000000,103.51,103.73,102.78,102.96,4993518,0
GOOGL.US,D,20190104,000000,103.77,103.85,101.40,101.84,4443949,0
GOOGL.US,D,20190107,000000,102.47,102.84,102.31,102.68,4598733,0
GOOGL.US,D,20190107,000000,102.55,103.29,99.51,100.42,4528898,0
GOOGL.US,D,20190107,000000,100.71,101.11,100.31,100.59,5361563,0
GOOGL.US,D,20190108,000000,99.77,106.51,99.33,103.29,5647574,0
GOOGL.US,D,20190109,000000,103.01,103.64,102.72,103.49,3983505,0
GOOGL.US,D,20190110,000000,103.70,104.59,103.32,104.19,2978534,0
GOOGL.US,D,20190111,000000,104.43,104.48,100.88,101.97,4208621,0
GOOGL.US,D,20190114,000000,102.02,103.24,101.85,102.71,6440389,0
GOOGL.US,D,20190114,000000,103.03,103.37,101.17,101.18,3586216,0
GOOGL.US,D,20190114,000000,100.84,101.09,99.79,100.01,4552256,0
GOOGL.US,D,20190115,000000,99.45,100.41,99.37,99.86,6260605,0
GOOGL.US,D,20190116,000000,100.27,100.60,97.38,97.46,5118607,0
GOOGL.US,D,20190117,000000,97.47,97.48,96.69,96.87,4399982,0
GOOGL.US,D,20190118,000000,96.81,97.21,96.79,97.17,5501153,0
GOOGL.US,D,20190121,000000,97.15,97.98,97.11,97.93,4498921,0
GOOGL.US,D,20190121,000000,97.65,97.79,97.24,97.33,2567204,0
GOOGL.US,D,20190121,000000,97.50,97.54,96.93,96.94,4476096,0
GOOGL.US,D,20190122,000000,96.66,97.04,96.44,96.97,3420090,0
GOOGL.US,D,20190123,000000,96.76,96.84,95.38,95.66,7049247,0
GOOGL.US,D,20190124,000000,95.50,95.93,95.45,95.88,5772289,0
GOOGL.US,D,20190125,000000,96.06,97.09,96.00,96.87,3843822,0
GOOGL.US,D,20190128,000000,96.78,96.83,96.63,96.68,4904987,0
GOOGL.US,D,20190128,000000,97.00,97.18,96.24,96.79,6624846,0
GOOGL.US,D,20190128,000000,96.84,97.02,95.51,95.72,2555907,0
GOOGL.US,D,20190129,000000,95.73,95.95,94.34,94.70,6473304,0
GOOGL.US,D,20190130,000000,94.92,95.17,94.86,95.12,3099805,0
GOOGL.US,D,20190131,000000,94.91,95.97,94.71,95.82,6678117,0
GOOGL.US,D,20190201,000000,95.36,95.40,95.31,95.38,3949897,0
GOOGL.US,D,20190204,000000,95.87,95.91,95.56,95.58,5428104,0
GOOGL.US,D,20190204,000000,95.47,95.57,95.03,95.32,6710281,0
GOOGL.US,D,20190204,000000,95.28,95.36,95.25,95.35,4822110,0
GOOGL.US,D,20190205,000000,95.81,95.91,95.17,95.26,2839185,0
GOOGL.US,D,20190206,000000,95.19,95.36,95.11,95.30,5684190,0
GOOGL.US,D,20190207,000000,95.57,95.61,95.48,95.51,4919902,0
GOOGL.US,D,20190208,000000,95.44,96.17,95.35,96.13,2685293,0
GOOGL.US,D,20190211,000000,96.13,97.09,96.10,96.99,5195597,0
GOOGL.US,D,20190211,000000,97.22,97.48,97.18,97.37,6776284,0
GOOGL.US,D,20190211,000000,97.83,97.98,95.78,96.12,3929018,0
GOOGL.US,D,20190212,000000,95.88,97.18,95.64,96.90,3237540,0
GOOGL.US,D,20190213,000000,97.14,97.25,95.15,95.84,2837909,0
GOOGL.US,D,20190214,000000,95.97,96.44,95.90,96.44,4639412,0
GOOGL.US,D,20190215,000000,96.49,96.93,96.40,96.87,3457904,0
GOOGL.US,D,20190218,000000,97.01,97.13,96.99,97.07,5867109,0
GOOGL.US,D,20190218,000000,96.89,97.17,96.88,97.14,3557627,0
GOOGL.US,D,20190218,000000,97.24,97.43,97.22,97.38,5343660,0
GOOGL.US,D,20190219,000000,97.17,97.39,95.80,95.83,6661905,0
GOOGL.US,D,20190220,000000,95.86,95.96,95.14,95.37,2914960,0
GOOGL.US,D,20190221,000000,95.03,96.60,94.83,96.06,2785242,0
GOOGL.US,D,20190222,000000,95.90,96.17,94.73,94.84,4599594,0
GOOGL.US,D,20190225,000000,94.79,95.34,94.77,95.14,3252617,0
GOOGL.US,D,20190225,000000,95.32,95.71,95.30,95.64,4720294,0
GOOGL.US,D,20190225,000000,96.13,96.66,94.46,94.72,4649080,0
GOOGL.US,D,20190226,000000,94.70,95.37,94.56,95.16,3478003,0
GOOGL.US,D,20190227,000000,95.42,95.85,94.22,94.56,3430273,0
GOOGL.US,D,20190228,000000,95.03,95.06,94.90,94.95,4649645,0
GOOGL.US,D,20190301,000000,95.44,96.08,95.37,95.72,3580588,0
GOOGL.US,D,20190304,000000,95.40,96.72,95.22,95.92,5771488,0
GOOGL.US,D,20190304,000000,95.95,96.49,95.87,96.40,6452924,0
GOOGL.US,D,20190304,000000,96.07,96.99,95.90,96.49,6791651,0
GOOGL.US,D,20190305,000000,96.18,96.32,96.14,96.25,3070057,0
GOOGL.US,D,20190306,000000,96.41,96.84,93.99,95.06,5306641,0
GOOGL.US,D,20190307,000000,94.60,96.52,94.29,95.82,2584512,0
GOOGL.US,D,20190308,000000,95.83,97.12,95.49,97.01,5900809,0
GOOGL.US,D,20190311,000000,97.24,97.38,96.93,96.95,6821763,0
GOOGL.US,D,20190311,000000,96.02,99.05,95.58,98.27,6709386,0
GOOGL.US,D,20190311,000000,98.47,98.75,96.96,97.60,3801680,0
GOOGL.US,D,20190312,000000,97.63,99.89,97.56,98.80,6069158,0
GOOGL.US,D,20190313,000000,98.57,98.68,95.19,96.28,6696419,0
GOOGL.US,D,20190314,000000,96.71,96.79,95.84,95.84,3706061,0
GOOGL.US,D,20190315,000000,95.32,95.37,94.92,95.09,6710218,0
GOOGL.US,D,20190318,000000,93.49,94.86,90.03,90.53,14615419,0
GOOGL.US,D,20190318,000000,90.25,90.80,85.20,86.69,10361432,0
GOOGL.US,D,20190318,000000,86.45,86.68,82.51,83.21,17422989,0
GOOGL.US,D,20190319,000000,81.38,81.64,77.50,79.27,22330110,0
GOOGL.US,D,20190320,000000,79.81,80.26,74.27,75.57,26453884,0
GOOGL.US,D,20190321,000000,76.16,76.79,70.44,71.02,29606429,0
GOOGL.US,D,20190322,000000,70.37,71.42,61.91,65.19,15208303,0
GOOGL.US,D,20190325,000000,64.08,64.94,60.59,61.19,18354984,0
GOOGL.US,D,20190325,000000,61.39,61.95,61.32,61.74,3502166,0
GOOGL.US,D,20190325,000000,61.38,65.85,61.30,65.74,5489014,0
GOOGL.US,D,20190326,000000,65.79,67.68,62.44,62.63,5196491,0
GOOGL.US,D,20190327,000000,62.18,62.95,60.95,61.28,5647085,0
GOOGL.US,D,20190328,000000,61.48,64.80,61.24,63.83,6057735,0
GOOGL.US,D,20190329,000000,65.24,65.93,64.41,65.53,4650186,0
GOOGL.US,D,20190401,000000,65.75,66.04,64.61,65.66,4332293,0
GOOGL.US,D,20190401,000000,66.16,70.21,65.00,69.00,4084413,0
GOOGL.US,D,20190401,000000,70.76,71.85,68.39,68.64,6192973,0
GOOGL.US,D,20190402,000000,70.15,70.44,66.96,67.93,5376227,0
GOOGL.US,D,20190403,000000,68.10,68.36,66.77,67.05,4914495,0
GOOGL.US,D,20190404,000000,67.48,67.67,67.45,67.65,2690062,0
GOOGL.US,D,20190405,000000,68.29,68.47,64.26,64.34,5367462,0
GOOGL.US,D,20190408,000000,64.55,64.63,63.04,63.45,2987696,0
GOOGL.US,D,20190408,000000,63.59,63.77,61.94,62.40,4926069,0
GOOGL.US,D,20190408,000000,62.35,62.50,61.64,61.66,6895374,0
GOOGL.US,D,20190409,000000,62.52,63.24,60.53,61.19,3940805,0
GOOGL.US,D,20190410,000000,61.57,61.60,60.70,60.97,3959690,0
GOOGL.US,D,20190411,000000,61.54,65.45,61.24,64.37,3872716,0
GOOGL.US,D,20190412,000000,64.10,64.42,62.33,62.42,6755390,0
GOOGL.US,D,20190415,000000,62.80,65.30,62.09,64.53,2933189,0
GOOGL.US,D,20190415,000000,64.49,66.02,63.89,65.69,3826169,0
GOOGL.US,D,20190415,000000,65.52,66.16,60.22,62.47,4533140,0
GOOGL.US,D,20190416,000000,62.38,62.72,61.84,62.22,6575846,0
GOOGL.US,D,20190417,000000,61.69,62.57,58.41,60.41,6331309,0
GOOGL.US,D,20190418,000000,60.65,60.81,57.37,57.66,5035641,0
GOOGL.US,D,20190419,000000,57.87,59.70,57.81,59.33,4052567,0
GOOGL.US,D,20190422,000000,60.48,61.03,59.75,59.83,5309981,0
GOOGL.US,D,20190422,000000,60.66,61.03,60.65,60.78,3417954,0
GOOGL.US,D,20190422,000000,59.95,64.80,59.87,64.19,3075170,0
GOOGL.US,D,20190423,000000,63.83,66.78,63.05,66.59,5413744,0
GOOGL.US,D,20190424,000000,66.84,68.58,66.40,68.06,3090609,0
GOOGL.US,D,20190425,000000,67.97,68.08,67.63,68.01,6644306,0
GOOGL.US,D,20190426,000000,68.00,68.23,66.78,66.78,7476663,0
GOOGL.US,D,20190429,000000,66.78,66.84,66.00,66.01,7276971,0
GOOGL.US,D,20190429,000000,66.31,66.40,62.72,64.15,5297299,0
GOOGL.US,D,20190429,000000,63.67,64.03,61.35,61.72,7191729,0
GOOGL.US,D,20190430,000000,61.73,64.77,60.43,63.74,6396625,0
GOOGL.US,D,20190501,000000,63.97,63.99,63.53,63.98,4464317,0
GOOGL.US,D,20190502,000000,64.13,65.47,63.80,65.43,5388992,0
GOOGL.US,D,20190503,000000,65.33,65.93,63.72,63.77,2707841,0
GOOGL.US,D,20190506,000000,63.70,63.77,61.72,62.82,2532737,0
GOOGL.US,D,20190506,000000,63.19,63.87,58.11,58.97,5420516,0
GOOGL.US,D,20190506,000000,59.48,59.52,58.40,59.36,3633771,0
GOOGL.US,D,20190507,000000,59.71,59.94,58.42,58.93,4324763,0
GOOGL.US,D,20190508,000000,58.95,60.05,58.70,59.66,2556936,0
GOOGL.US,D,20190509,000000,60.35,60.82,55.55,56.46,3218885,0
GOOGL.US,D,20190510,000000,57.10,57.72,56.99,57.41,6354172,0
GOOGL.US,D,20190513,000000,57.59,61.49,57.16,60.35,5193374,0
GOOGL.US,D,20190513,000000,60.15,60.19,57.20,58.55,2875559,0
GOOGL.US,D,20190513,000000,58.59,58.80,56.81,56.97,6873284,0
GOOGL.US,D,20190514,000000,56.65,61.08,55.95,59.41,2920697,0
GOOGL.US,D,20190515,000000,59.44,61.03,59.16,60.16,4155053,0
GOOGL.US,D,20190516,000000,59.61,60.84,59.55,60.63,6377269,0
GOOGL.US,D,20190517,000000,60.20,60.74,59.79,60.65,7356045,0
GOOGL.US,D,20190520,000000,60.70,60.97,60.30,60.38,6770946,0
GOOGL.US,D,20190520,000000,59.74,60.03,58.59,58.82,5117119,0
GOOGL.US,D,20190520,000000,58.45,60.29,57.56,59.99,2931605,0
GOOGL.US,D,20190521,000000,59.44,59.59,55.71,56.98,2848284,0
GOOGL.US,D,20190522,000000,56.79,57.77,56.77,57.49,3355714,0
GOOGL.US,D,20190523,000000,57.55,57.91,54.47,54.49,3770868,0
GOOGL.US,D,20190524,000000,54.41,55.14,54.16,55.09,6183871,0
GOOGL.US,D,20190527,000000,54.35,56.43,53.98,55.96,4422491,0
GOOGL.US,D,20190527,000000,55.79,56.56,55.74,56.39,4900907,0
GOOGL.US,D,20190527,000000,57.07,57.08,56.99,57.02,4883847,0
GOOGL.US,D,20190528,000000,57.44,57.85,53.33,54.54,3764455,0
GOOGL.US,D,20190529,000000,54.61,57.33,54.54,56.18,6794702,0
GOOGL.US,D,20190530,000000,56.71,56.94,54.26,54.57,4559560,0
GOOGL.US,D,20190531,000000,54.05,54.11,53.35,53.68,7133263,0
GOOGL.US,D,20190603,000000,54.18,54.43,52.66,52.67,3688468,0
GOOGL.US,D,20190603,000000,53.12,53.22,50.33,50.61,5959704,0
GOOGL.US,D,20190603,000000,50.60,51.70,50.29,51.07,6407023,0
GOOGL.US,D,20190604,000000,50.59,51.81,50.49,51.68,3464305,0
GOOGL.US,D,20190605,000000,51.57,52.09,50.37,50.40,5095522,0
GOOGL.US,D,20190606,000000,50.41,50.89,50.34,50.87,5260573,0
GOOGL.US,D,20190607,000000,50.47,50.50,50.06,50.18,6548269,0
GOOGL.US,D,20190610,000000,50.20,50.88,50.08,50.70,5095510,0
GOOGL.US,D,20190610,000000,50.30,51.95,47.57,48.00,5596287,0
GOOGL.US,D,20190610,000000,48.26,48.39,47.26,47.27,4738921,0
GOOGL.US,D,20190611,000000,47.37,47.93,47.07,47.77,5482004,0
GOOGL.US,D,20190612,000000,48.27,48.64,45.50,46.26,6715418,0
GOOGL.US,D,20190613,000000,46.46,46.51,45.71,45.97,3176674,0
GOOGL.US,D,20190614,000000,45.97,46.02,45.38,45.67,5825642,0
GOOGL.US,D,20190617,000000,45.94,46.68,45.82,46.67,4389710,0
GOOGL.US,D,20190617,000000,46.62,46.72,46.28,46.34,2751774,0
GOOGL.US,D,20190617,000000,46.46,46.75,45.69,45.86,3724638,0
GOOGL.US,D,20190618,000000,45.72,46.85,45.70,46.53,6793974,0
GOOGL.US,D,20190619,000000,46.48,47.06,46.26,46.95,4036215,0
GOOGL.US,D,20190620,000000,46.65,46.72,46.16,46.30,3879243,0
GOOGL.US,D,20190621,000000,46.72,46.77,44.79,45.65,4734246,0
GOOGL.US,D,20190624,000000,45.28,45.37,45.16,45.34,6004754,0
GOOGL.US,D,20190624,000000,45.48,45.89,45.46,45.87,5917358,0
GOOGL.US,D,20190624,000000,46.09,46.13,45.22,45.22,7177349,0
GOOGL.US,D,20190625,000000,45.24,46.32,44.98,45.76,2818298,0
GOOGL.US,D,20190626,000000,45.77,46.31,45.72,46.31,2877215,0
GOOGL.US,D,20190627,000000,46.07,46.19,45.53,45.67,5153746,0
GOOGL.US,D,20190628,000000,45.52,47.19,45.48,46.32,5034788,0
GOOGL.US,D,20190701,000000,46.17,47.28,45.80,47.10,3001031,0
GOOGL.US,D,20190701,000000,47.56,47.58,46.30,46.39,5706153,0
GOOGL.US,D,20190701,000000,46.31,46.45,46.13,46.16,3024728,0
GOOGL.US,D,20190702,000000,46.23,46.29,46.10,46.17,6550355,0
GOOGL.US,D,20190703,000000,46.19,46.22,45.33,45.52,3818448,0
GOOGL.US,D,20190704,000000,45.57,45.58,45.42,45.47,3870014,0
GOOGL.US,D,20190705,000000,45.49,45.61,45.39,45.40,7022269,0
GOOGL.US,D,20190708,000000,45.34,45.35,45.18,45.22,5096502,0
GOOGL.US,D,20190708,000000,45.19,46.92,45.18,46.25,6254073,0
GOOGL.US,D,20190708,000000,46.25,46.26,45.23,45.75,3322918,0
GOOGL.US,D,20190709,000000,45.59,46.46,45.54,46.17,4147051,0
GOOGL.US,D,20190710,000000,46.19,46.49,45.34,45.38,2924554,0
GOOGL.US,D,20190711,000000,45.33,45.42,45.31,45.37,3848591,0
GOOGL.US,D,20190712,000000,45.46,45.52,45.36,45.38,3377478,0
GOOGL.US,D,20190715,000000,45.43,45.56,45.43,45.50,3470302,0
GOOGL.US,D,20190715,000000,45.46,45.78,45.45,45.70,7248455,0
GOOGL.US,D,20190715,000000,45.74,45.85,45.36,45.48,7463346,0
GOOGL.US,D,20190716,000000,45.38,45.78,45.21,45.57,3526615,0
GOOGL.US,D,20190717,000000,45.69,45.74,44.95,45.20,3807268,0
GOOGL.US,D,20190718,000000,45.43,45.59,45.25,45.32,4992718,0
GOOGL.US,D,20190719,000000,45.36,45.46,44.58,44.84,4971988,0
GOOGL.US,D,20190722,000000,44.83,45.05,44.82,44.95,6140104,0
GOOGL.US,D,20190722,000000,44.88,45.18,43.85,44.09,4247254,0
GOOGL.US,D,20190722,000000,44.23,44.70,44.16,44.50,4882124,0
GOOGL.US,D,20190723,000000,44.50,44.54,44.42,44.54,4889869,0
GOOGL.US,D,20190724,000000,44.61,44.61,43.91,44.13,3956519,0
GOOGL.US,D,20190725,000000,44.02,44.13,43.31,43.45,5931209,0
GOOGL.US,D,20190726,000000,43.62,43.74,43.13,43.26,4152072,0
GOOGL.US,D,20190729,000000,43.10,44.28,42.68,43.89,7072224,0
GOOGL.US,D,20190729,000000,43.90,43.98,43.37,43.54,3330164,0
GOOGL.US,D,20190729,000000,43.09,43.14,42.43,42.62,7007264,0
GOOGL.US,D,20190730,000000,42.72,42.85,42.26,42.41,4574985,0
GOOGL.US,D,20190731,000000,42.35,42.55,42.29,42.53,5280907,0
GOOGL.US,D,20190801,000000,42.43,43.10,42.40,42.88,2833914,0
GOOGL.US,D,20190802,000000,42.81,43.15,42.66,43.08,4976343,0
GOOGL.US,D,20190805,000000,42.80,43.36,42.72,43.21,5119139,0
GOOGL.US,D,20190805,000000,43.08,44.25,42.94,43.95,3015605,0
GOOGL.US,D,20190805,000000,43.95,44.43,43.91,44.30,5556698,0
GOOGL.US,D,20190806,000000,44.35,45.27,43.91,45.15,7170060,0
GOOGL.US,D,20190807,000000,45.18,45.23,44.84,44.92,7202902,0
GOOGL.US,D,20190808,000000,44.63,44.98,44.54,44.89,6774396,0
GOOGL.US,D,20190809,000000,45.02,45.19,44.41,44.51,6540204,0
GOOGL.US,D,20190812,000000,44.51,44.90,44.46,44.81,7177614,0
GOOGL.US,D,20190812,000000,44.97,45.03,44.37,44.39,5688544,0
GOOGL.US,D,20190812,000000,44.54,44.68,44.53,44.65,3672197,0
GOOGL.US,D,20190813,000000,44.61,44.76,44.61,44.74,4415164,0
GOOGL.US,D,20190814,000000,44.87,45.40,44.84,45.05,4144044,0
GOOGL.US,D,20190815,000000,45.02,45.03,44.95,45.02,5609435,0
GOOGL.US,D,20190816,000000,45.21,45.40,44.39,44.89,4665671,0
GOOGL.US,D,20190819,000000,45.05,45.46,45.01,45.39,4604023,0
GOOGL.US,D,20190819,000000,45.44,45.95,45.38,45.80,6921220,0
GOOGL.US,D,20190819,000000,45.93,46.08,45.03,45.06,7159746,0
GOOGL.US,D,20190820,000000,45.05,45.39,44.10,44.56,5982617,0
GOOGL.US,D,20190821,000000,44.66,44.73,44.48,44.57,6332749,0
GOOGL.US,D,20190822,000000,44.55,44.59,44.52,44.57,4484675,0
GOOGL.US,D,20190823,000000,44.57,44.74,44.54,44.73,4583648,0
GOOGL.US,D,20190826,000000,44.64,44.65,44.44,44.46,7088174,0
GOOGL.US,D,20190826,000000,44.56,44.99,44.37,44.92,6064653,0
GOOGL.US,D,20190826,000000,44.91,45.06,44.69,44.79,5289168,0
GOOGL.US,D,20190827,000000,44.68,44.74,44.66,44.72,3033239,0
GOOGL.US,D,20190828,000000,44.82,44.82,44.65,44.65,2605339,0
GOOGL.US,D,20190829,000000,44.74,45.20,44.61,45.11,5444215,0
GOOGL.US,D,20190830,000000,45.41,45.78,45.36,45.70,3608222,0
GOOGL.US,D,20190902,000000,45.84,45.90,45.63,45.70,5344612,0
GOOGL.US,D,20190902,000000,45.73,46.11,45.70,46.03,6603910,0
GOOGL.US,D,20190902,000000,46.01,47.30,45.69,46.81,3436038,0
GOOGL.US,D,20190903,000000,46.86,46.89,46.65,46.73,2761698,0
GOOGL.US,D,20190904,000000,46.85,46.88,46.63,46.72,4998934,0
GOOGL.US,D,20190905,000000,46.71,46.76,46.41,46.59,6220205,0
GOOGL.US,D,20190906,000000,46.51,47.00,46.45,46.76,4031727,0
GOOGL.US,D,20190909,000000,46.81,47.46,46.60,47.22,7161962,0
GOOGL.US,D,20190909,000000,47.34,47.71,46.57,46.58,6654587,0
GOOGL.US,D,20190909,000000,46.85,47.11,46.01,46.30,5407336,0
GOOGL.US,D,20190910,000000,46.24,46.54,46.20,46.50,5461219,0
GOOGL.US,D,20190911,000000,46.54,47.54,46.42,47.14,5147904,0
GOOGL.US,D,20190912,000000,47.05,47.33,46.92,47.29,5231122,0
GOOGL.US,D,20190913,000000,47.29,47.29,46.81,47.01,3351785,0
GOOGL.US,D,20190916,000000,47.25,48.16,47.14,47.90,2802809,0
GOOGL.US,D,20190916,000000,48.30,49.92,47.69,49.77,6188883,0
GOOGL.US,D,20190916,000000,49.88,51.76,49.65,51.12,4628084,0
GOOGL.US,D,20190917,000000,51.34,51.38,50.82,50.92,6637040,0
GOOGL.US,D,20190918,000000,50.58,52.21,50.53,52.01,3604817,0
GOOGL.US,D,20190919,000000,52.11,52.47,50.39,50.96,5381615,0
GOOGL.US,D,20190920,000000,50.59,52.75,49.91,52.07,6310021,0
GOOGL.US,D,20190923,000000,52.35,52.36,51.34,51.36,6955800,0
GOOGL.US,D,20190923,000000,51.19,51.21,51.19,51.20,3447857,0
GOOGL.US,D,20190923,000000,50.99,52.27,50.96,51.91,3851007,0
GOOGL.US,D,20190924,000000,51.80,53.08,51.16,52.66,3448549,0
GOOGL.US,D,20190925,000000,52.74,54.16,52.58,53.93,5998111,0
GOOGL.US,D,20190926,000000,53.63,53.84,53.63,53.79,7008804,0
GOOGL.US,D,20190927,000000,53.63,54.47,53.48,54.14,3157749,0
GOOGL.US,D,20190930,000000,54.48,54.78,53.26,53.27,6927570,0
GOOGL.US,D,20190930,000000,53.18,53.23,51.92,52.19,6278609,0
GOOGL.US,D,20190930,000000,51.85,53.24,51.52,53.11,5337117,0
GOOGL.US,D,20191001,000000,53.27,55.62,53.07,54.88,6487805,0
GOOGL.US,D,20191002,000000,54.82,55.69,54.80,55.57,4542200,0
GOOGL.US,D,20191003,000000,55.20,55.25,54.55,54.74,4957553,0
GOOGL.US,D,20191004,000000,54.15,55.44,54.01,55.17,3894744,0
GOOGL.US,D,20191007,000000,55.08,55.88,55.05,55.62,3050177,0
GOOGL.US,D,20191007,000000,56.01,56.41,54.60,55.01,4411535,0
GOOGL.US,D,20191007,000000,54.51,54.96,54.45,54.59,7416925,0
GOOGL.US,D,20191008,000000,54.51,55.79,54.20,55.51,5486745,0
GOOGL.US,D,20191009,000000,56.03,56.81,53.30,53.84,3682349,0
GOOGL.US,D,20191010,000000,53.90,54.48,52.05,52.27,4459494,0
GOOGL.US,D,20191011,000000,52.29,52.98,52.22,52.73,6996019,0
GOOGL.US,D,20191014,000000,52.91,54.97,52.75,54.08,5576972,0
GOOGL.US,D,20191014,000000,54.13,57.64,51.92,56.92,6555846,0
GOOGL.US,D,20191014,000000,56.69,56.77,54.81,55.37,5590592,0
GOOGL.US,D,20191015,000000,56.01,56.52,55.73,56.31,6446455,0
GOOGL.US,D,20191016,000000,56.46,57.92,56.44,57.70,2581558,0
GOOGL.US,D,20191017,000000,57.43,58.68,57.35,58.38,7156362,0
GOOGL.US,D,20191018,000000,58.62,61.28,58.60,61.00,6288865,0
GOOGL.US,D,20191021,000000,61.31,61.51,58.17,58.58,6459940,0
GOOGL.US,D,20191021,000000,58.26,58.43,56.91,57.05,3321115,0
GOOGL.US,D,20191021,000000,57.07,58.39,56.31,57.81,4892455,0
GOOGL.US,D,20191022,000000,57.94,58.14,57.54,57.74,5735202,0
GOOGL.US,D,20191023,000000,57.92,57.94,53.56,54.09,2749194,0
GOOGL.US,D,20191024,000000,53.77,58.39,52.15,56.55,3274790,0
GOOGL.US,D,20191025,000000,57.00,57.49,55.07,56.26,5521216,0
GOOGL.US,D,20191028,000000,56.10,56.50,54.74,55.06,4153057,0
GOOGL.US,D,20191028,000000,55.01,56.42,54.97,56.24,3317234,0
GOOGL.US,D,20191028,000000,55.71,61.43,55.30,60.13,2771500,0
GOOGL.US,D,20191029,000000,59.60,60.46,59.55,60.15,5811243,0
GOOGL.US,D,20191030,000000,59.54,59.89,59.43,59.68,6248696,0
GOOGL.US,D,20191031,000000,59.28,59.96,59.15,59.75,5898637,0
GOOGL.US,D,20191101,000000,60.54,61.34,60.46,61.09,3067789,0
GOOGL.US,D,20191104,000000,60.11,62.33,59.58,62.14,7122635,0
GOOGL.US,D,20191104,000000,61.62,61.79,60.46,61.15,4307150,0
GOOGL.US,D,20191104,000000,61.10,62.28,60.69,62.26,6895356,0
GOOGL.US,D,20191105,000000,62.53,64.05,62.43,63.79,6666853,0
GOOGL.US,D,20191106,000000,63.68,63.93,62.33,62.41,6491423,0
GOOGL.US,D,20191107,000000,62.82,63.29,62.34,62.64,4423805,0
GOOGL.US,D,20191108,000000,62.94,63.34,62.19,62.36,5880261,0
GOOGL.US,D,20191111,000000,63.01,65.36,62.45,64.57,5910630,0
GOOGL.US,D,20191111,000000,65.62,65.70,62.17,63.07,4906945,0
GOOGL.US,D,20191111,000000,63.53,65.78,63.50,65.59,2720031,0
GOOGL.US,D,20191112,000000,65.57,66.44,62.16,64.53,6225111,0
GOOGL.US,D,20191113,000000,63.93,64.51,61.68,62.00,6902414,0
GOOGL.US,D,20191114,000000,60.88,60.97,58.88,59.30,2733907,0
GOOGL.US,D,20191115,000000,59.72,59.72,57.60,57.64,7209790,0
GOOGL.US,D,20191118,000000,56.70,61.57,55.46,60.04,2954640,0
GOOGL.US,D,20191118,000000,61.44,63.95,60.92,63.73,2804521,0
GOOGL.US,D,20191118,000000,63.84,64.50,63.84,64.33,7008171,0
GOOGL.US,D,20191119,000000,63.76,65.35,63.24,64.87,6492807,0
GOOGL.US,D,20191120,000000,64.57,64.94,63.78,63.89,4143055,0
GOOGL.US,D,20191121,000000,63.36,63.91,63.17,63.25,5591074,0
GOOGL.US,D,20191122,000000,63.29,65.50,62.65,65.22,7223157,0
GOOGL.US,D,20191125,000000,66.48,66.66,66.40,66.49,6023867,0
GOOGL.US,D,20191125,000000,67.29,67.81,64.92,65.03,5683565,0
GOOGL.US,D,20191125,000000,65.36,68.47,59.00,60.99,4002567,0
GOOGL.US,D,20191126,000000,61.59,61.66,58.98,59.68,2564646,0
GOOGL.US,D,20191127,000000,59.78,60.14,59.47,59.49,7107754,0
GOOGL.US,D,20191128,000000,59.74,59.79,59.68,59.70,3293860,0
GOOGL.US,D,20191129,000000,58.97,59.84,58.91,59.64,5401911,0
GOOGL.US,D,20191202,000000,59.56,59.62,58.50,58.61,4836071,0
GOOGL.US,D,20191202,000000,58.71,61.57,58.58,61.06,7212780,0
GOOGL.US,D,20191202,000000,59.70,62.88,59.09,61.82,5519599,0
GOOGL.US,D,20191203,000000,61.74,62.25,61.62,62.20,7080026,0
GOOGL.US,D,20191204,000000,62.87,63.06,61.00,61.07,3264973,0
GOOGL.US,D,20191205,000000,59.61,61.36,59.48,60.68,5823767,0
GOOGL.US,D,20191206,000000,60.95,64.42,60.08,62.15,4915823,0
GOOGL.US,D,20191209,000000,62.31,62.66,62.05,62.41,4282424,0
GOOGL.US,D,20191209,000000,63.29,63.43,62.54,62.99,5041237,0
GOOGL.US,D,20191209,000000,64.25,64.86,60.09,61.55,2935654,0
GOOGL.US,D,20191210,000000,61.17,67.23,61.10,67.23,3391961,0
GOOGL.US,D,20191211,000000,66.16,66.80,63.74,64.31,3542718,0
GOOGL.US,D,20191212,000000,62.71,65.84,62.63,65.46,6792508,0
GOOGL.US,D,20191213,000000,64.48,67.63,63.77,67.42,4456096,0
GOOGL.US,D,20191216,000000,67.06,69.71,57.20,59.76,7378041,0
GOOGL.US,D,20191216,000000,60.17,61.35,57.65,58.49,3692843,0
GOOGL.US,D,20191216,000000,59.25,59.32,57.87,58.36,7480100,0
GOOGL.US,D,20191217,000000,57.97,65.66,57.83,62.85,5815367,0
GOOGL.US,D,20191218,000000,63.72,63.74,61.24,61.91,6480159,0
GOOGL.US,D,20191219,000000,62.14,68.58,61.54,66.81,3134260,0
GOOGL.US,D,20191220,000000,66.08,71.96,65.85,70.57,4741304,0
GOOGL.US,D,20191223,000000,69.89,77.65,69.33,76.94,4597103,0
GOOGL.US,D,20191223,000000,77.35,78.05,75.00,76.45,5400345,0
GOOGL.US,D,20191223,000000,74.43,74.63,73.10,73.52,2528967,0
GOOGL.US,D,20191224,000000,73.93,74.59,65.41,68.19,4680344,0
GOOGL.US,D,20191225,000000,70.80,71.94,69.68,69.83,2843251,0
GOOGL.US,D,20191226,000000,69.04,69.94,68.93,69.33,7320599,0
GOOGL.US,D,20191227,000000,70.88,71.67,56.62,61.78,4000214,0
GOOGL.US,D,20191230,000000,60.96,63.51,60.22,63.45,5775758,0
GOOGL.US,D,20191230,000000,64.47,65.16,57.44,58.45,7048364,0
GOOGL.US,D,20191230,000000,58.27,58.75,55.40,56.63,5363502,0
GOOGL.US,D,20191231,000000,55.75,55.80,54.41,55.27,4484406,0
GOOGL.US,D,20200101,000000,55.48,59.95,54.95,58.10,6512568,0
GOOGL.US,D,20200102,000000,58.31,60.30,57.59,60.13,5886282,0
GOOGL.US,D,20200103,000000,58.60,61.21,58.32,60.40,6162561,0
GOOGL.US,D,20200106,000000,58.53,60.48,57.99,60.45,4558316,0
GOOGL.US,D,20200106,000000,60.22,62.75,60.02,62.10,4473717,0
GOOGL.US,D,20200106,000000,62.64,67.64,62.12,65.41,4420977,0
GOOGL.US,D,20200107,000000,65.25,65.97,64.26,64.65,6748982,0
GOOGL.US,D,20200108,000000,66.17,68.16,65.66,66.96,6724555,0
GOOGL.US,D,20200109,000000,66.87,75.67,64.42,72.92,6736552,0
GOOGL.US,D,20200110,000000,74.73,82.04,71.85,80.94,6229368,0
GOOGL.US,D,20200113,000000,81.15,91.91,80.13,88.93,7248143,0
GOOGL.US,D,20200113,000000,89.12,95.63,87.97,94.30,3184737,0
GOOGL.US,D,20200113,000000,93.25,104.37,92.78,103.71,5635473,0
GOOGL.US,D,20200114,000000,101.27,102.67,100.66,102.59,3083818,0
GOOGL.US,D,20200115,000000,104.44,105.03,101.95,102.28,5021280,0
GOOGL.US,D,20200116,000000,103.52,118.42,102.85,111.66,2928711,0
GOOGL.US,D,20200117,000000,112.40,113.25,108.56,109.23,5644143,0
GOOGL.US,D,20200120,000000,112.84,112.92,109.95,110.94,4364670,0
GOOGL.US,D,20200120,000000,109.14,126.35,108.26,122.84,5302047,0
GOOGL.US,D,20200120,000000,123.98,127.32,123.07,127.08,3475028,0
GOOGL.US,D,20200121,000000,129.04,129.24,126.53,127.01,3215016,0
GOOGL.US,D,20200122,000000,125.55,131.98,123.63,131.30,3986357,0
GOOGL.US,D,20200123,000000,129.66,130.77,128.85,129.17,5908060,0
GOOGL.US,D,20200124,000000,128.20,128.52,122.00,123.97,6267497,0
GOOGL.US,D,20200127,000000,122.36,127.46,122.07,126.90,5752763,0
GOOGL.US,D,20200127,000000,126.39,130.20,117.21,118.99,4898805,0
GOOGL.US,D,20200127,000000,119.29,119.37,118.14,118.58,3773394,0
GOOGL.US,D,20200128,000000,118.00,127.94,114.30,126.65,3853209,0
GOOGL.US,D,20200129,000000,125.76,132.03,102.99,104.36,5972083,0
GOOGL.US,D,20200130,000000,102.51,102.70,97.90,100.04,3116704,0
GOOGL.US,D,20200131,000000,99.31,99.43,96.68,98.64,6198788,0
GOOGL.US,D,20200203,000000,96.74,98.59,96.20,98.33,4865697,0
GOOGL.US,D,20200203,000000,96.94,99.59,96.67,99.57,2746566,0
GOOGL.US,D,20200203,000000,101.16,101.18,100.56,100.72,6261988,0
GOOGL.US,D,20200204,000000,99.07,101.68,98.81,101.48,6570092,0
GOOGL.US,D,20200205,000000,100.18,112.68,99.19,110.86,6647944,0
GOOGL.US,D,20200206,000000,111.13,125.22,110.28,124.20,5993363,0
GOOGL.US,D,20200207,000000,127.10,129.35,109.06,111.43,6149353,0
GOOGL.US,D,20200210,000000,109.53,114.24,109.52,111.97,5618978,0
GOOGL.US,D,20200210,000000,111.54,117.52,111.29,116.02,5905023,0
GOOGL.US,D,20200210,000000,117.55,118.44,111.94,112.25,7467908,0
GOOGL.US,D,20200211,000000,114.22,123.94,113.25,120.79,5456582,0
GOOGL.US,D,20200212,000000,121.75,121.97,119.63,120.55,5475746,0
GOOGL.US,D,20200213,000000,118.07,118.74,116.93,118.66,2504591,0
GOOGL.US,D,20200214,000000,119.44,129.18,117.28,129.17,4859874,0
GOOGL.US,D,20200217,000000,127.20,131.46,126.72,129.52,4631631,0
GOOGL.US,D,20200217,000000,128.08,131.21,127.31,131.12,6228687,0
GOOGL.US,D,20200217,000000,128.25,142.06,125.81,139.83,3573010,0
GOOGL.US,D,20200218,000000,144.80,144.92,134.01,138.38,5912764,0
GOOGL.US,D,20200219,000000,137.78,138.54,134.90,135.35,7205049,0
GOOGL.US,D,20200220,000000,133.31,137.99,112.05,120.80,3914208,0
GOOGL.US,D,20200221,000000,120.93,121.12,118.62,120.80,5006447,0
GOOGL.US,D,20200224,000000,119.75,139.05,116.94,132.41,5429662,0
GOOGL.US,D,20200224,000000,136.48,138.93,126.84,127.24,6452125,0
GOOGL.US,D,20200224,000000,124.78,129.63,124.19,129.41,4274813,0
GOOGL.US,D,20200225,000000,128.70,135.47,127.67,131.17,6469691,0
GOOGL.US,D,20200226,000000,129.52,138.84,129.25,135.72,2800164,0
GOOGL.US,D,20200227,000000,139.47,139.70,132.22,133.82,5115322,0
GOOGL.US,D,20200228,000000,130.50,155.91,128.89,151.12,3468187,0
GOOGL.US,D,20200302,000000,153.34,166.87,149.80,165.25,3347256,0
GOOGL.US,D,20200302,000000,164.11,171.73,163.09,170.95,4390244,0
GOOGL.US,D,20200302,000000,171.68,174.07,164.27,164.44,3190098,0
GOOGL.US,D,20200303,000000,164.70,166.17,163.78,165.25,6510003,0
GOOGL.US,D,20200304,000000,161.47,172.16,160.90,172.06,6670762,0
GOOGL.US,D,20200305,000000,173.22,177.03,162.26,166.01,4757877,0
GOOGL.US,D,20200306,000000,164.78,166.50,161.23,163.09,4023797,0
GOOGL.US,D,20200309,000000,162.42,162.79,159.94,160.18,7326502,0
GOOGL.US,D,20200309,000000,155.96,169.37,152.90,167.43,4323729,0
GOOGL.US,D,20200309,000000,172.83,176.18,162.42,163.18,5106944,0
GOOGL.US,D,20200310,000000,163.38,169.20,141.46,148.16,6849358,0
GOOGL.US,D,20200311,000000,149.74,156.32,145.64,153.56,4688059,0
GOOGL.US,D,20200312,000000,151.99,152.86,151.96,152.51,5710804,0
GOOGL.US,D,20200313,000000,154.36,156.67,142.55,146.08,6089670,0
GOOGL.US,D,20200316,000000,146.81,152.16,145.25,151.58,4955093,0
GOOGL.US,D,20200316,000000,149.89,158.38,149.13,154.64,3307842,0
GOOGL.US,D,20200316,000000,156.80,169.30,155.83,163.87,5691307,0
GOOGL.US,D,20200317,000000,156.89,170.09,154.40,167.27,6772952,0
GOOGL.US,D,20200318,000000,169.34,175.70,142.87,151.08,2683193,0
GOOGL.US,D,20200319,000000,150.89,152.40,149.53,150.12,5558120,0
GOOGL.US,D,20200320,000000,150.42,152.36,136.47,138.56,6218182,0
GOOGL.US,D,20200323,000000,142.03,145.67,140.84,144.51,6700463,0
GOOGL.US,D,20200323,000000,145.39,153.97,143.74,152.99,3757614,0
GOOGL.US,D,20200323,000000,151.56,154.51,140.61,146.12,6850576,0
GOOGL.US,D,20200324,000000,140.28,150.34,137.30,148.64,4450209,0
GOOGL.US,D,20200325,000000,147.85,160.65,145.97,157.80,6763617,0
GOOGL.US,D,20200326,000000,155.53,156.23,149.11,150.77,6599932,0
GOOGL.US,D,20200327,000000,151.14,179.51,144.30,172.10,4723968,0
GOOGL.US,D,20200330,000000,170.73,179.01,169.64,175.63,6409025,0
GOOGL.US,D,20200330,000000,178.61,183.79,151.00,166.24,3610499,0
GOOGL.US,D,20200330,000000,169.27,169.86,145.98,150.60,6694466,0
GOOGL.US,D,20200331,000000,146.77,166.74,144.67,158.94,4309169,0
GOOGL.US,D,20200401,000000,158.94,160.77,153.35,153.51,7333909,0
GOOGL.US,D,20200402,000000,152.57,153.12,149.31,149.83,5653192,0
GOOGL.US,D,20200403,000000,148.64,154.76,133.60,136.58,5941842,0
GOOGL.US,D,20200406,000000,140.10,140.44,137.21,139.48,3509449,0
GOOGL.US,D,20200406,000000,138.08,139.40,137.74,138.98,5686346,0
GOOGL.US,D,20200406,000000,136.12,139.90,136.07,139.07,7475738,0
GOOGL.US,D,20200407,000000,141.40,152.49,138.94,150.29,2569998,0
GOOGL.US,D,20200408,000000,149.86,154.71,148.81,153.98,6319699,0
GOOGL.US,D,20200409,000000,149.89,151.12,145.31,147.68,4659293,0
GOOGL.US,D,20200410,000000,149.31,152.22,148.28,151.99,4612755,0
GOOGL.US,D,20200413,000000,153.36,161.61,152.22,160.39,5278885,0
GOOGL.US,D,20200413,000000,158.56,161.79,145.61,149.67,2519173,0
GOOGL.US,D,20200413,000000,151.17,153.69,140.07,144.49,3811794,0
GOOGL.US,D,20200414,000000,142.42,145.95,139.90,145.48,5348238,0
GOOGL.US,D,20200415,000000,147.65,147.68,139.74,140.52,4464941,0
GOOGL.US,D,20200416,000000,144.20,147.33,133.46,133.65,4193515,0
GOOGL.US,D,20200417,000000,131.04,143.54,131.01,141.93,5278193,0
GOOGL.US,D,20200420,000000,144.50,147.05,135.65,138.85,5890880,0
GOOGL.US,D,20200420,000000,137.38,140.09,125.90,129.21,7343715,0
GOOGL.US,D,20200420,000000,126.84,138.75,126.72,136.43,5937735,0
GOOGL.US,D,20200421,000000,135.37,142.86,134.44,141.03,2688757,0
GOOGL.US,D,20200422,000000,143.20,153.40,141.41,150.06,6813492,0
GOOGL.US,D,20200423,000000,151.33,153.55,142.46,142.61,5615889,0
GOOGL.US,D,20200424,000000,143.76,147.34,137.90,138.14,2661578,0
GOOGL.US,D,20200427,000000,133.20,135.66,132.02,135.39,4914899,0
GOOGL.US,D,20200427,000000,134.97,139.10,134.72,138.53,7157349,0
GOOGL.US,D,20200427,000000,137.09,140.45,136.94,138.53,3431993,0
GOOGL.US,D,20200428,000000,138.86,140.92,113.31,122.34,3715833,0
GOOGL.US,D,20200429,000000,123.89,125.77,119.30,119.86,4969179,0
GOOGL.US,D,20200430,000000,119.34,120.03,102.55,105.73,2545403,0
GOOGL.US,D,20200501,000000,107.55,108.27,107.38,108.12,3356738,0
GOOGL.US,D,20200504,000000,104.50,104.66,104.00,104.24,4587513,0
GOOGL.US,D,20200504,000000,101.75,102.08,96.74,97.35,4089372,0
GOOGL.US,D,20200504,000000,95.15,95.65,94.96,95.13,4703366,0
GOOGL.US,D,20200505,000000,97.23,97.67,95.37,96.57,5106178,0
GOOGL.US,D,20200506,000000,98.55,107.62,96.53,105.66,5943724,0
GOOGL.US,D,20200507,000000,108.49,108.62,101.29,104.80,3600705,0
GOOGL.US,D,20200508,000000,104.13,110.98,102.89,108.45,5167327,0
GOOGL.US,D,20200511,000000,109.25,112.82,108.67,112.29,5371552,0
GOOGL.US,D,20200511,000000,114.07,114.08,109.59,111.09,4428381,0
GOOGL.US,D,20200511,000000,109.11,109.83,105.77,106.86,3705312,0
GOOGL.US,D,20200512,000000,105.34,107.24,104.91,106.10,3673340,0
GOOGL.US,D,20200513,000000,108.11,115.95,107.36,112.55,5805109,0
GOOGL.US,D,20200514,000000,112.74,117.24,111.98,117.15,6673115,0
GOOGL.US,D,20200515,000000,118.96,120.01,108.93,109.15,3759409,0
GOOGL.US,D,20200518,000000,109.21,110.27,109.01,109.69,3660253,0
GOOGL.US,D,20200518,000000,107.18,116.52,106.34,115.36,3886319,0
GOOGL.US,D,20200518,000000,114.32,116.47,106.03,107.73,5406190,0
GOOGL.US,D,20200519,000000,108.43,111.81,99.90,102.58,7139888,0
GOOGL.US,D,20200520,000000,101.29,101.53,98.62,98.85,7183626,0
GOOGL.US,D,20200521,000000,97.13,97.94,95.00,95.55,6777163,0
GOOGL.US,D,20200522,000000,94.62,96.01,94.61,95.88,4481781,0
GOOGL.US,D,20200525,000000,94.66,95.14,91.64,92.19,4060813,0
GOOGL.US,D,20200525,000000,92.02,95.68,90.51,94.90,5452806,0
GOOGL.US,D,20200525,000000,94.02,98.16,93.53,97.06,7495541,0
GOOGL.US,D,20200526,000000,96.43,105.46,96.21,104.50,6208943,0
GOOGL.US,D,20200527,000000,105.50,106.54,102.56,104.88,4710779,0
GOOGL.US,D,20200528,000000,105.10,105.24,100.11,101.41,4136314,0
GOOGL.US,D,20200529,000000,99.99,100.82,96.18,97.58,7044270,0
GOOGL.US,D,20200601,000000,98.47,100.89,97.23,100.00,6841740,0
GOOGL.US,D,20200601,000000,98.39,98.74,93.15,95.01,3706434,0
GOOGL.US,D,20200601,000000,95.04,103.97,92.99,102.08,3554683,0
GOOGL.US,D,20200602,000000,103.68,104.25,98.83,101.15,3559892,0
GOOGL.US,D,20200603,000000,99.77,102.29,99.53,100.41,5429723,0
GOOGL.US,D,20200604,000000,101.14,101.48,99.45,100.52,5774273,0
GOOGL.US,D,20200605,000000,100.27,100.46,98.97,99.25,5273515,0
GOOGL.US,D,20200608,000000,98.19,99.65,97.25,99.03,4694693,0
GOOGL.US,D,20200608,000000,99.24,99.57,98.71,99.02,5590757,0
GOOGL.US,D,20200608,000000,101.33,104.72,89.62,93.30,5443521,0
GOOGL.US,D,20200609,000000,92.48,92.76,90.34,91.30,5015266,0
GOOGL.US,D,20200610,000000,92.46,93.83,89.49,90.42,3970003,0
GOOGL.US,D,20200611,000000,91.46,92.44,86.29,87.03,6302558,0
GOOGL.US,D,20200612,000000,86.54,86.60,85.02,85.65,2977778,0
GOOGL.US,D,20200615,000000,86.45,86.88,79.47,81.99,3954095,0
GOOGL.US,D,20200615,000000,81.04,82.22,75.76,76.05,4246137,0
GOOGL.US,D,20200615,000000,75.02,79.39,74.19,79.20,7367192,0
GOOGL.US,D,20200616,000000,81.05,81.66,80.09,80.23,5578664,0
GOOGL.US,D,20200617,000000,81.22,81.79,79.50,80.27,4869990,0
GOOGL.US,D,20200618,000000,82.84,83.01,81.50,81.74,4679733,0
GOOGL.US,D,20200619,000000,82.22,82.90,75.23,77.65,4683872,0
GOOGL.US,D,20200622,000000,75.67,77.17,73.68,74.74,4337500,0
GOOGL.US,D,20200622,000000,73.62,74.71,71.07,72.01,5981504,0
GOOGL.US,D,20200622,000000,72.05,72.64,66.42,68.97,6242419,0
GOOGL.US,D,20200623,000000,69.39,69.70,68.10,68.51,5135797,0
GOOGL.US,D,20200624,000000,67.28,67.31,67.18,67.21,4412819,0
GOOGL.US,D,20200625,000000,65.96,66.30,62.81,62.85,4168225,0
GOOGL.US,D,20200626,000000,63.09,63.46,58.00,60.29,3396499,0
GOOGL.US,D,20200629,000000,61.72,61.99,59.01,60.25,7268924,0
GOOGL.US,D,20200629,000000,60.62,61.14,52.73,53.88,3468875,0
GOOGL.US,D,20200629,000000,55.78,55.97,54.05,54.31,5062421,0
GOOGL.US,D,20200630,000000,54.37,54.86,52.92,53.49,6353395,0
GOOGL.US,D,20200701,000000,54.90,55.93,49.35,51.40,3169370,0
GOOGL.US,D,20200702,000000,49.56,55.66,49.45,55.05,4144890,0
GOOGL.US,D,20200703,000000,55.70,61.39,55.15,60.04,6917662,0
GOOGL.US,D,20200706,000000,60.26,60.39,56.38,57.86,2926175,0
GOOGL.US,D,20200706,000000,57.52,57.89,57.05,57.26,7267070,0
GOOGL.US,D,20200706,000000,57.30,57.37,56.33,56.83,7007965,0
GOOGL.US,D,20200707,000000,57.15,57.74,53.03,55.27,2527559,0
GOOGL.US,D,20200708,000000,55.38,55.43,54.99,55.07,2952785,0
GOOGL.US,D,20200709,000000,56.34,57.53,49.23,50.51,3928370,0
GOOGL.US,D,20200710,000000,50.75,50.80,47.97,48.65,4951333,0
GOOGL.US,D,20200713,000000,49.45,50.08,48.29,48.92,3220031,0
GOOGL.US,D,20200713,000000,48.48,49.52,48.11,49.33,3831094,0
GOOGL.US,D,20200713,000000,50.21,50.32,46.89,47.91,5893525,0
GOOGL.US,D,20200714,000000,47.27,50.54,46.74,49.10,5646712,0
GOOGL.US,D,20200715,000000,50.41,50.76,48.91,49.75,5410868,0
GOOGL.US,D,20200716,000000,50.09,54.11,48.94,52.14,2513365,0
GOOGL.US,D,20200717,000000,50.06,56.36,48.40,54.16,6095452,0
GOOGL.US,D,20200720,000000,54.03,63.62,53.25,59.59,5556115,0
GOOGL.US,D,20200720,000000,60.70,61.28,55.69,56.94,4801129,0
GOOGL.US,D,20200720,000000,58.19,58.48,54.06,56.38,3913899,0
GOOGL.US,D,20200721,000000,56.89,56.90,53.90,54.84,5194306,0
GOOGL.US,D,20200722,000000,54.37,54.75,53.88,54.45,2550444,0
GOOGL.US,D,20200723,000000,55.24,56.71,54.76,56.27,4099858,0
GOOGL.US,D,20200724,000000,56.88,57.20,54.16,55.72,5236225,0
GOOGL.US,D,20200727,000000,55.67,55.70,55.33,55.44,6005369,0
GOOGL.US,D,20200727,000000,56.90,59.71,56.04,58.59,6784932,0
GOOGL.US,D,20200727,000000,58.56,58.68,57.47,57.54,2622226,0
GOOGL.US,D,20200728,000000,56.84,57.05,53.76,53.78,6570621,0
GOOGL.US,D,20200729,000000,53.18,53.43,52.96,53.38,7291243,0
GOOGL.US,D,20200730,000000,53.12,53.42,51.32,52.01,2773545,0
GOOGL.US,D,20200731,000000,53.01,53.12,49.44,50.90,7364993,0
GOOGL.US,D,20200803,000000,50.55,51.12,48.38,49.57,3029571,0
GOOGL.US,D,20200803,000000,48.96,49.78,48.02,49.54,2975388,0
GOOGL.US,D,20200803,000000,48.84,49.80,48.65,49.49,5325560,0
GOOGL.US,D,20200804,000000,49.27,49.53,48.69,48.79,3151127,0
GOOGL.US,D,20200805,000000,48.61,51.75,47.54,51.64,5416894,0
GOOGL.US,D,20200806,000000,51.78,51.89,50.68,50.71,3837642,0
GOOGL.US,D,20200807,000000,51.27,51.55,49.88,50.53,6635653,0
GOOGL.US,D,20200810,000000,50.38,51.27,50.36,50.84,7491667,0
GOOGL.US,D,20200810,000000,50.50,51.44,49.88,51.08,6630276,0
GOOGL.US,D,20200810,000000,50.72,51.41,46.64,48.08,3633702,0
GOOGL.US,D,20200811,000000,47.67,48.17,45.69,46.05,5374821,0
GOOGL.US,D,20200812,000000,45.78,48.66,45.06,48.34,4716366,0
GOOGL.US,D,20200813,000000,48.08,50.86,47.92,50.37,3400903,0
GOOGL.US,D,20200814,000000,50.59,50.59,48.51,48.70,4040306,0
GOOGL.US,D,20200817,000000,48.28,49.03,48.08,48.90,6368316,0
GOOGL.US,D,20200817,000000,48.43,49.29,48.41,48.83,6715460,0
GOOGL.US,D,20200817,000000,48.75,51.33,48.09,50.93,7154806,0
GOOGL.US,D,20200818,000000,50.71,50.77,50.35,50.43,6826484,0
GOOGL.US,D,20200819,000000,49.90,51.85,49.73,51.27,6174361,0
GOOGL.US,D,20200820,000000,51.23,51.25,50.81,50.98,3109228,0
GOOGL.US,D,20200821,000000,51.10,51.16,50.22,50.69,3185177,0
GOOGL.US,D,20200824,000000,50.34,50.37,49.96,50.09,3708143,0
GOOGL.US,D,20200824,000000,50.24,50.25,50.20,50.23,4503754,0
GOOGL.US,D,20200824,000000,49.88,50.17,49.77,50.16,2889347,0
GOOGL.US,D,20200825,000000,50.69,50.70,50.34,50.36,2638638,0
GOOGL.US,D,20200826,000000,50.99,51.92,50.88,51.83,4207745,0
GOOGL.US,D,20200827,000000,52.00,52.27,51.75,51.78,5763664,0
GOOGL.US,D,20200828,000000,51.26,53.89,50.99,53.36,3249508,0
GOOGL.US,D,20200831,000000,53.26,55.57,52.89,55.56,4962403,0
GOOGL.US,D,20200831,000000,55.16,56.19,55.05,55.77,6503649,0
GOOGL.US,D,20200831,000000,56.05,56.05,55.99,56.00,2898706,0
GOOGL.US,D,20200901,000000,55.66,56.08,55.62,55.99,3015974,0
GOOGL.US,D,20200902,000000,56.44,56.54,55.64,56.06,5678736,0
GOOGL.US,D,20200903,000000,56.58,56.61,53.18,54.70,4169600,0
GOOGL.US,D,20200904,000000,54.86,54.91,51.94,53.17,6878514,0
GOOGL.US,D,20200907,000000,53.17,53.18,52.69,52.90,4567140,0
GOOGL.US,D,20200907,000000,52.54,53.46,52.21,53.44,3672073,0
GOOGL.US,D,20200907,000000,53.27,54.32,53.21,53.95,4808767,0
GOOGL.US,D,20200908,000000,53.88,53.97,52.98,53.33,4223295,0
GOOGL.US,D,20200909,000000,53.18,53.53,53.14,53.51,4231786,0
GOOGL.US,D,20200910,000000,53.40,53.96,53.23,53.86,3930419,0
GOOGL.US,D,20200911,000000,54.02,54.04,53.68,53.81,3386255,0
GOOGL.US,D,20200914,000000,54.02,54.10,53.75,53.78,4444223,0
GOOGL.US,D,20200914,000000,54.08,54.77,53.93,54.65,5704280,0
GOOGL.US,D,20200914,000000,54.40,56.13,53.99,56.03,4636964,0
GOOGL.US,D,20200915,000000,55.86,55.86,55.43,55.55,3049344,0
GOOGL.US,D,20200916,000000,55.56,55.62,54.05,54.27,3610134,0
GOOGL.US,D,20200917,000000,53.43,54.18,53.43,54.11,4373329,0
GOOGL.US,D,20200918,000000,53.98,54.67,53.95,54.57,4491612,0
GOOGL.US,D,20200921,000000,54.47,55.15,54.46,54.87,7219066,0
GOOGL.US,D,20200921,000000,54.48,54.83,54.47,54.76,4258906,0
GOOGL.US,D,20200921,000000,54.69,54.74,54.46,54.51,5955392,0
GOOGL.US,D,20200922,000000,54.52,54.95,53.75,53.77,2858432,0
GOOGL.US,D,20200923,000000,53.73,55.28,53.53,54.48,7083783,0
GOOGL.US,D,20200924,000000,54.71,54.82,54.51,54.53,5397216,0
GOOGL.US,D,20200925,000000,54.67,54.86,52.95,53.98,4761261,0
GOOGL.US,D,20200928,000000,54.29,54.34,53.33,53.61,5242142,0
GOOGL.US,D,20200928,000000,53.76,53.93,52.75,52.98,4346230,0
GOOGL.US,D,20200928,000000,53.02,54.22,52.68,53.94,3835439,0
GOOGL.US,D,20200929,000000,54.07,54.31,54.02,54.14,6831165,0
GOOGL.US,D,20200930,000000,54.09,54.24,53.03,53.23,2809009,0
GOOGL.US,D,20201001,000000,53.01,53.98,52.96,53.60,3920016,0
GOOGL.US,D,20201002,000000,53.71,53.89,53.65,53.75,5340506,0
GOOGL.US,D,20201005,000000,53.78,54.85,53.42,54.28,5008329,0
GOOGL.US,D,20201005,000000,54.07,54.83,53.95,54.43,3810692,0
GOOGL.US,D,20201005,000000,54.73,55.20,54.65,55.06,7466068,0
GOOGL.US,D,20201006,000000,54.92,54.97,54.63,54.64,3632003,0
GOOGL.US,D,20201007,000000,54.95,55.12,53.94,53.95,2706000,0
GOOGL.US,D,20201008,000000,54.13,54.71,53.69,54.67,6127385,0
GOOGL.US,D,20201009,000000,54.84,54.89,54.58,54.71,4465960,0
GOOGL.US,D,20201012,000000,54.82,55.39,54.72,55.14,5398187,0
GOOGL.US,D,20201012,000000,55.07,55.10,54.62,54.86,6667831,0
GOOGL.US,D,20201012,000000,54.99,56.37,54.92,56.23,2673604,0
GOOGL.US,D,20201013,000000,56.49,56.99,56.42,56.70,4469094,0
GOOGL.US,D,20201014,000000,56.75,58.83,56.64,58.67,4449268,0
GOOGL.US,D,20201015,000000,58.84,60.95,58.50,60.70,5598815,0
GOOGL.US,D,20201016,000000,60.48,61.43,60.04,61.24,3821325,0
GOOGL.US,D,20201019,000000,60.87,61.86,60.79,61.74,4331512,0
GOOGL.US,D,20201019,000000,62.39,62.39,62.34,62.35,4215652,0
GOOGL.US,D,20201019,000000,62.50,62.55,61.91,62.03,4746826,0
GOOGL.US,D,20201020,000000,62.20,63.34,62.03,63.25,4743538,0
GOOGL.US,D,20201021,000000,62.82,64.12,62.54,63.49,5417818,0
GOOGL.US,D,20201022,000000,63.39,63.40,63.14,63.19,3617384,0
GOOGL.US,D,20201023,000000,62.96,63.56,62.86,63.29,3926719,0
GOOGL.US,D,20201026,000000,63.58,64.28,62.06,62.27,2619783,0
GOOGL.US,D,20201026,000000,62.14,62.18,61.91,61.92,4392814,0
GOOGL.US,D,20201026,000000,61.56,61.58,61.45,61.51,5335663,0
GOOGL.US,D,20201027,000000,61.32,61.32,61.29,61.31,4798649,0
GOOGL.US,D,20201028,000000,61.21,61.94,61.11,61.87,5578574,0
GOOGL.US,D,20201029,000000,61.81,62.47,61.75,62.28,5935223,0
GOOGL.US,D,20201030,000000,61.91,62.32,61.85,62.12,6924473,0
GOOGL.US,D,20201102,000000,62.22,62.24,61.67,61.77,5722902,0
GOOGL.US,D,20201102,000000,61.64,61.70,61.30,61.42,4372332,0
GOOGL.US,D,20201102,000000,61.34,62.46,61.11,62.04,3669149,0
GOOGL.US,D,20201103,000000,62.08,62.20,62.08,62.16,6302172,0
GOOGL.US,D,20201104,000000,62.16,62.23,61.76,61.95,5340385,0
GOOGL.US,D,20201105,000000,62.06,62.48,61.95,62.37,5673141,0
GOOGL.US,D,20201106,000000,62.49,62.91,62.45,62.77,6872696,0
GOOGL.US,D,20201109,000000,62.67,62.69,62.34,62.42,2520493,0
GOOGL.US,D,20201109,000000,62.48,62.50,62.11,62.26,5554691,0
GOOGL.US,D,20201109,000000,62.37,62.40,62.03,62.15,6301666,0
GOOGL.US,D,20201110,000000,62.08,62.44,62.03,62.28,7131704,0
GOOGL.US,D,20201111,000000,62.38,63.08,62.18,63.03,6217335,0
GOOGL.US,D,20201112,000000,63.30,63.33,62.24,62.42,3179987,0
GOOGL.US,D,20201113,000000,62.36,62.39,61.44,61.58,3030586,0
GOOGL.US,D,20201116,000000,61.52,62.57,61.42,62.43,7151935,0
GOOGL.US,D,20201116,000000,62.00,62.79,61.90,62.29,2582989,0
GOOGL.US,D,20201116,000000,62.45,63.35,62.37,63.32,7416566,0
GOOGL.US,D,20201117,000000,63.32,63.36,60.96,61.22,4552836,0
GOOGL.US,D,20201118,000000,60.80,61.36,60.79,61.31,6269143,0
GOOGL.US,D,20201119,000000,61.11,61.20,60.84,60.90,4458352,0
GOOGL.US,D,20201120,000000,61.05,61.31,59.58,59.68,2707206,0
GOOGL.US,D,20201123,000000,59.58,59.74,59.27,59.39,3480859,0
GOOGL.US,D,20201123,000000,59.79,59.84,58.42,58.73,3447583,0
GOOGL.US,D,20201123,000000,58.34,59.43,58.21,58.90,5109624,0
GOOGL.US,D,20201124,000000,59.18,59.18,58.96,59.04,2805817,0
GOOGL.US,D,20201125,000000,59.66,59.69,59.11,59.25,6588162,0
GOOGL.US,D,20201126,000000,59.10,59.84,58.87,59.39,5866056,0
GOOGL.US,D,20201127,000000,59.26,60.25,58.84,60.18,2892492,0
GOOGL.US,D,20201130,000000,60.20,60.30,59.94,60.01,2921217,0
GOOGL.US,D,20201130,000000,59.52,62.11,59.42,61.83,2654841,0
GOOGL.US,D,20201130,000000,61.79,65.33,61.30,63.96,5244299,0
GOOGL.US,D,20201201,000000,63.85,65.83,63.72,65.09,4184387,0
GOOGL.US,D,20201202,000000,64.17,65.01,63.78,64.88,6879196,0
GOOGL.US,D,20201203,000000,64.98,65.92,64.90,65.71,3895510,0
GOOGL.US,D,20201204,000000,65.56,68.06,65.30,67.43,4279076,0
GOOGL.US,D,20201207,000000,68.29,68.51,67.21,67.31,7372064,0
GOOGL.US,D,20201207,000000,66.97,68.89,66.89,68.36,5635674,0
GOOGL.US,D,20201207,000000,68.40,68.77,66.89,67.55,4991721,0
GOOGL.US,D,20201208,000000,67.62,68.13,66.05,66.46,2856014,0
GOOGL.US,D,20201209,000000,65.54,68.27,65.18,67.60,3460432,0
GOOGL.US,D,20201210,000000,68.44,69.46,68.39,69.08,6997004,0
GOOGL.US,D,20201211,000000,69.49,72.83,69.22,71.83,6522812,0
GOOGL.US,D,20201214,000000,71.12,76.40,69.46,75.09,3905231,0
GOOGL.US,D,20201214,000000,74.56,75.20,74.18,74.22,3504766,0
GOOGL.US,D,20201214,000000,74.16,77.24,73.40,77.10,4730309,0
GOOGL.US,D,20201215,000000,76.41,76.96,72.83,73.77,5333654,0
GOOGL.US,D,20201216,000000,73.54,74.62,70.95,71.69,3484281,0
GOOGL.US,D,20201217,000000,71.91,74.05,71.20,72.68,2632308,0
GOOGL.US,D,20201218,000000,72.68,76.75,71.65,76.09,5249251,0
GOOGL.US,D,20201221,000000,77.37,77.49,76.14,76.58,2706550,0
GOOGL.US,D,20201221,000000,76.06,76.30,73.96,74.04,2514238,0
GOOGL.US,D,20201221,000000,73.24,74.38,69.82,71.38,6011384,0
GOOGL.US,D,20201222,000000,70.99,71.62,70.78,71.31,6841838,0
GOOGL.US,D,20201223,000000,71.41,72.79,71.05,72.78,4882146,0
GOOGL.US,D,20201224,000000,73.07,73.30,70.37,71.93,3036322,0
GOOGL.US,D,20201225,000000,72.20,74.50,71.63,74.04,4469954,0
GOOGL.US,D,20201228,000000,73.20,79.24,71.58,77.79,6982276,0
GOOGL.US,D,20201228,000000,78.38,79.47,77.80,78.83,4228808,0
GOOGL.US,D,20201228,000000,79.15,81.21,78.95,80.40,6616986,0
GOOGL.US,D,20201229,000000,81.18,81.62,75.16,77.47,7222618,0
GOOGL.US,D,20201230,000000,77.09,78.27,77.05,78.14,5690214,0
GOOGL.US,D,20201231,000000,78.32,79.25,78.24,78.98,7057187,0
GOOGL.US,D,20210101,000000,78.30,78.85,78.26,78.66,4638800,0
GOOGL.US,D,20210104,000000,78.51,80.56,78.12,79.91,4055187,0
GOOGL.US,D,20210104,000000,80.00,83.52,79.74,81.54,3090691,0
GOOGL.US,D,20210104,000000,81.05,86.43,80.93,86.04,7336381,0
GOOGL.US,D,20210105,000000,85.31,86.61,84.84,86.40,3669761,0
GOOGL.US,D,20210106,000000,88.42,88.52,84.73,86.79,4679768,0
GOOGL.US,D,20210107,000000,87.06,87.19,86.64,86.69,2867634,0
GOOGL.US,D,20210108,000000,86.03,86.81,84.95,85.04,3997767,0
GOOGL.US,D,20210111,000000,83.75,83.77,81.74,82.32,6270438,0
GOOGL.US,D,20210111,000000,81.69,84.05,81.68,83.53,4286736,0
GOOGL.US,D,20210111,000000,83.47,83.67,78.53,80.53,6749585,0
GOOGL.US,D,20210112,000000,79.74,81.55,74.58,75.54,3817965,0
GOOGL.US,D,20210113,000000,75.95,76.59,73.58,73.73,4379962,0
GOOGL.US,D,20210114,000000,73.46,74.69,72.98,74.37,6434705,0
GOOGL.US,D,20210115,000000,75.03,78.86,74.34,77.46,6887154,0
GOOGL.US,D,20210118,000000,78.19,80.24,77.91,80.22,4569012,0
GOOGL.US,D,20210118,000000,79.63,84.00,79.57,81.71,5909264,0
GOOGL.US,D,20210118,000000,80.46,80.58,75.91,78.02,6945327,0
GOOGL.US,D,20210119,000000,78.21,80.02,77.94,79.27,6363912,0
GOOGL.US,D,20210120,000000,79.19,79.45,78.40,78.55,5897383,0
GOOGL.US,D,20210121,000000,77.40,78.33,77.37,78.07,4390056,0
GOOGL.US,D,20210122,000000,78.03,84.00,77.40,81.91,3566688,0
GOOGL.US,D,20210125,000000,81.82,85.26,80.54,84.60,5554379,0
GOOGL.US,D,20210125,000000,83.84,83.85,77.78,78.83,3460399,0
GOOGL.US,D,20210125,000000,78.98,79.10,77.59,77.66,3506716,0
GOOGL.US,D,20210126,000000,77.60,77.72,77.15,77.24,2626401,0
GOOGL.US,D,20210127,000000,76.34,76.41,76.27,76.36,3428900,0
GOOGL.US,D,20210128,000000,76.55,77.06,76.23,76.30,4696992,0
GOOGL.US,D,20210129,000000,76.85,80.30,76.80,79.68,2804938,0
GOOGL.US,D,20210201,000000,79.87,80.08,79.10,79.49,5406032,0
GOOGL.US,D,20210201,000000,77.63,86.11,75.92,82.84,5757844,0
GOOGL.US,D,20210201,000000,83.29,84.06,80.43,81.73,4668997,0
GOOGL.US,D,20210202,000000,82.32,83.56,82.24,82.81,3904791,0
GOOGL.US,D,20210203,000000,83.52,83.91,79.07,79.95,2550112,0
GOOGL.US,D,20210204,000000,79.78,79.96,76.99,77.78,2679942,0
GOOGL.US,D,20210205,000000,78.36,78.78,78.09,78.63,3002150,0
GOOGL.US,D,20210208,000000,79.32,81.91,79.06,81.05,6992845,0
GOOGL.US,D,20210208,000000,81.57,81.65,80.51,80.78,5434094,0
GOOGL.US,D,20210208,000000,79.72,80.51,77.61,78.18,4802040,0
GOOGL.US,D,20210209,000000,78.76,79.77,78.69,79.43,4684233,0
GOOGL.US,D,20210210,000000,78.77,78.97,77.09,77.81,5922658,0
GOOGL.US,D,20210211,000000,77.75,78.82,77.73,78.60,7032766,0
GOOGL.US,D,20210212,000000,78.34,78.49,77.92,78.15,5655412,0
GOOGL.US,D,20210215,000000,79.24,79.74,78.92,79.70,6778309,0
GOOGL.US,D,20210215,000000,81.38,81.64,78.62,79.20,3642843,0
GOOGL.US,D,20210215,000000,78.69,81.47,77.97,80.89,7291240,0
GOOGL.US,D,20210216,000000,80.59,80.85,79.62,79.79,3830441,0
GOOGL.US,D,20210217,000000,79.93,80.02,76.13,77.70,6240869,0
GOOGL.US,D,20210218,000000,78.15,79.45,77.98,79.04,4272229,0
GOOGL.US,D,20210219,000000,78.44,80.78,77.90,80.69,2591718,0
GOOGL.US,D,20210222,000000,80.10,80.88,76.84,78.42,6282431,0
GOOGL.US,D,20210222,000000,77.80,78.42,77.72,78.26,3937015,0
GOOGL.US,D,20210222,000000,78.02,78.28,77.95,78.18,4044083,0
GOOGL.US,D,20210223,000000,78.75,78.84,77.63,78.61,4101008,0
GOOGL.US,D,20210224,000000,78.32,80.25,77.96,79.37,5429369,0
GOOGL.US,D,20210225,000000,79.40,80.47,76.09,76.34,5183059,0
GOOGL.US,D,20210226,000000,76.19,76.23,75.74,75.76,2582597,0
GOOGL.US,D,20210301,000000,76.08,78.20,75.68,77.70,6445838,0
GOOGL.US,D,20210301,000000,77.69,79.02,77.53,78.77,5047202,0
GOOGL.US,D,20210301,000000,79.61,79.92,79.25,79.57,7042238,0
GOOGL.US,D,20210302,000000,79.74,79.78,77.01,77.42,3719563,0
GOOGL.US,D,20210303,000000,77.20,77.35,73.84,76.31,5893142,0
GOOGL.US,D,20210304,000000,76.66,83.02,76.42,82.97,4621231,0
GOOGL.US,D,20210305,000000,83.46,84.15,77.85,79.51,2890075,0
GOOGL.US,D,20210308,000000,79.60,80.44,79.47,79.76,7401275,0
GOOGL.US,D,20210308,000000,78.68,80.01,78.60,80.01,3906205,0
GOOGL.US,D,20210308,000000,80.69,85.67,79.84,84.03,3945168,0
GOOGL.US,D,20210309,000000,84.53,86.45,84.50,85.34,6636003,0
GOOGL.US,D,20210310,000000,86.72,88.15,86.56,87.71,6773095,0
GOOGL.US,D,20210311,000000,89.07,89.79,85.22,85.56,6026841,0
GOOGL.US,D,20210312,000000,85.76,89.47,85.23,89.15,3526297,0
GOOGL.US,D,20210315,000000,89.74,90.47,86.46,87.75,5960684,0
GOOGL.US,D,20210315,000000,88.12,88.27,86.21,86.36,3702522,0
GOOGL.US,D,20210315,000000,84.84,85.05,83.68,84.11,4827916,0
GOOGL.US,D,20210316,000000,83.80,83.88,81.05,81.50,2508153,0
GOOGL.US,D,20210317,000000,80.70,85.45,80.07,84.09,2623036,0
GOOGL.US,D,20210318,000000,83.75,83.81,83.53,83.67,3682611,0
GOOGL.US,D,20210319,000000,83.53,84.11,83.50,83.92,5170909,0
GOOGL.US,D,20210322,000000,83.03,83.18,81.17,82.02,4556483,0
GOOGL.US,D,20210322,000000,82.68,83.10,79.08,79.65,6432939,0
GOOGL.US,D,20210322,000000,79.18,86.20,78.29,84.69,7015774,0
GOOGL.US,D,20210323,000000,83.63,84.18,76.07,78.95,4639202,0
GOOGL.US,D,20210324,000000,78.32,81.96,78.23,81.48,6620760,0
GOOGL.US,D,20210325,000000,82.49,84.49,76.49,76.85,7418621,0
GOOGL.US,D,20210326,000000,77.16,77.25,76.35,76.39,4397118,0
GOOGL.US,D,20210329,000000,75.46,75.63,72.22,72.99,6168988,0
GOOGL.US,D,20210329,000000,72.45,76.83,72.03,74.88,6270679,0
GOOGL.US,D,20210329,000000,75.96,76.82,74.25,75.64,2893528,0
GOOGL.US,D,20210330,000000,75.47,75.60,74.49,74.78,6156685,0
GOOGL.US,D,20210331,000000,74.72,74.80,72.61,74.23,5919538,0
GOOGL.US,D,20210401,000000,74.81,77.90,73.97,77.04,3124912,0
GOOGL.US,D,20210402,000000,77.27,78.83,77.02,78.11,5417715,0
GOOGL.US,D,20210405,000000,77.76,78.51,75.20,75.57,7150672,0
GOOGL.US,D,20210405,000000,75.20,80.22,73.31,79.86,2530953,0
GOOGL.US,D,20210405,000000,79.71,80.25,78.97,79.27,6998098,0
GOOGL.US,D,20210406,000000,78.52,90.51,78.15,86.23,6405028,0
GOOGL.US,D,20210407,000000,86.23,86.36,77.27,80.68,3495077,0
GOOGL.US,D,20210408,000000,79.98,85.98,79.00,83.84,5740740,0
GOOGL.US,D,20210409,000000,83.68,83.68,80.59,81.09,4034951,0
GOOGL.US,D,20210412,000000,80.86,81.12,78.54,78.58,5762745,0
GOOGL.US,D,20210412,000000,76.20,76.29,71.26,72.43,3055050,0
GOOGL.US,D,20210412,000000,74.08,74.81,70.27,71.10,5918862,0
GOOGL.US,D,20210413,000000,69.86,71.03,66.65,67.08,6255628,0
GOOGL.US,D,20210414,000000,67.54,68.51,64.49,64.60,3093726,0
GOOGL.US,D,20210415,000000,64.18,65.59,64.16,65.18,5632393,0
GOOGL.US,D,20210416,000000,66.60,66.91,63.97,64.79,6304254,0
GOOGL.US,D,20210419,000000,66.18,66.54,63.20,64.48,3078801,0
GOOGL.US,D,20210419,000000,63.90,66.62,63.74,66.03,7372978,0
GOOGL.US,D,20210419,000000,66.03,67.49,64.89,67.44,6819657,0
GOOGL.US,D,20210420,000000,67.60,68.16,66.33,66.55,2647053,0
GOOGL.US,D,20210421,000000,68.43,69.14,66.38,66.52,7369403,0
GOOGL.US,D,20210422,000000,67.30,67.89,63.56,64.11,6900770,0
GOOGL.US,D,20210423,000000,63.40,63.91,59.02,59.42,2628559,0
GOOGL.US,D,20210426,000000,59.51,60.20,59.48,59.99,5611623,0
GOOGL.US,D,20210426,000000,59.90,64.99,59.08,64.73,6723971,0
GOOGL.US,D,20210426,000000,64.41,64.97,62.29,62.61,4225747,0
GOOGL.US,D,20210427,000000,63.50,64.40,63.39,64.33,5474456,0
GOOGL.US,D,20210428,000000,63.60,64.25,61.11,61.47,5704371,0
GOOGL.US,D,20210429,000000,62.62,62.73,62.49,62.60,3345242,0
GOOGL.US,D,20210430,000000,62.79,63.05,62.63,62.72,3046496,0
GOOGL.US,D,20210503,000000,63.58,64.70,59.25,60.62,6746083,0
GOOGL.US,D,20210503,000000,60.62,62.73,60.62,61.77,3299999,0
GOOGL.US,D,20210503,000000,62.23,65.44,60.87,64.77,7444199,0
GOOGL.US,D,20210504,000000,65.20,65.44,64.30,64.32,6376837,0
GOOGL.US,D,20210505,000000,64.40,64.77,64.23,64.32,3623804,0
GOOGL.US,D,20210506,000000,65.53,71.51,64.60,70.09,3782963,0
GOOGL.US,D,20210507,000000,70.49,70.90,68.79,68.89,3763416,0
GOOGL.US,D,20210510,000000,68.31,70.25,68.16,68.59,4446389,0
GOOGL.US,D,20210510,000000,70.10,70.68,59.03,63.26,7467854,0
GOOGL.US,D,20210510,000000,62.60,62.62,58.83,60.39,3828288,0
GOOGL.US,D,20210511,000000,59.51,59.83,54.45,57.36,7480230,0
GOOGL.US,D,20210512,000000,56.63,57.36,56.57,57.03,4493581,0
GOOGL.US,D,20210513,000000,55.80,61.75,53.69,60.13,6458003,0
GOOGL.US,D,20210514,000000,58.66,64.76,57.42,63.36,5590610,0
GOOGL.US,D,20210517,000000,63.47,64.55,59.27,59.29,6511703,0
GOOGL.US,D,20210517,000000,59.01,62.75,58.84,61.65,2789793,0
GOOGL.US,D,20210517,000000,61.67,62.06,57.29,57.75,5051732,0
GOOGL.US,D,20210518,000000,58.99,64.69,58.25,63.30,6905799,0
GOOGL.US,D,20210519,000000,62.60,62.77,61.57,61.70,2810974,0
GOOGL.US,D,20210520,000000,61.31,64.66,60.78,64.14,7358107,0
GOOGL.US,D,20210521,000000,64.22,67.17,63.05,66.48,5740573,0
GOOGL.US,D,20210524,000000,65.63,66.90,61.13,61.96,5779879,0
GOOGL.US,D,20210524,000000,61.97,65.52,61.20,63.94,3511629,0
GOOGL.US,D,20210524,000000,62.71,77.08,62.13,71.57,7284728,0
GOOGL.US,D,20210525,000000,71.98,72.43,64.69,66.37,3651183,0
GOOGL.US,D,20210526,000000,66.88,68.42,60.64,62.72,5141396,0
GOOGL.US,D,20210527,000000,64.70,73.16,64.16,70.03,6091476,0
GOOGL.US,D,20210528,000000,69.71,71.39,69.40,70.89,2515014,0
GOOGL.US,D,20210531,000000,70.95,72.48,70.62,71.85,4562304,0
GOOGL.US,D,20210531,000000,70.97,71.12,68.71,68.96,3848176,0
GOOGL.US,D,20210531,000000,69.83,72.36,69.21,71.98,4153592,0
GOOGL.US,D,20210601,000000,72.02,72.52,70.04,70.64,5206524,0
GOOGL.US,D,20210602,000000,71.66,74.93,62.07,63.73,3250392,0
GOOGL.US,D,20210603,000000,65.16,67.78,64.86,66.88,3441051,0
GOOGL.US,D,20210604,000000,66.07,66.31,65.81,66.02,2583557,0
GOOGL.US,D,20210607,000000,66.27,67.21,66.21,66.66,2566622,0
GOOGL.US,D,20210607,000000,66.04,70.37,64.81,70.17,5221718,0
GOOGL.US,D,20210607,000000,70.72,71.92,66.33,68.88,7133345,0
GOOGL.US,D,20210608,000000,68.97,69.09,66.64,67.08,5752622,0
GOOGL.US,D,20210609,000000,68.53,70.48,60.44,60.91,4568902,0
GOOGL.US,D,20210610,000000,61.27,61.57,58.14,59.32,6297021,0
GOOGL.US,D,20210611,000000,60.89,61.77,54.53,55.90,3121312,0
GOOGL.US,D,20210614,000000,54.39,57.45,53.59,57.40,5511805,0
GOOGL.US,D,20210614,000000,57.40,60.47,56.77,60.34,7398688,0
GOOGL.US,D,20210614,000000,60.99,62.16,60.82,61.67,3540948,0
GOOGL.US,D,20210615,000000,60.93,64.79,60.90,63.33,3817238,0
GOOGL.US,D,20210616,000000,63.31,67.32,62.38,66.77,4898903,0
GOOGL.US,D,20210617,000000,65.48,68.30,65.12,67.04,5285715,0
GOOGL.US,D,20210618,000000,67.52,70.87,66.32,69.20,6054310,0
GOOGL.US,D,20210621,000000,69.96,75.24,69.12,73.77,4552566,0
GOOGL.US,D,20210621,000000,73.93,74.33,69.16,70.25,10202842,0
GOOGL.US,D,20210621,000000,69.87,71.14,67.52,67.76,12977103,0
GOOGL.US,D,20210622,000000,68.09,68.34,63.97,66.39,12521065,0
GOOGL.US,D,20210623,000000,65.20,66.02,64.31,64.43,7635579,0
GOOGL.US,D,20210624,000000,65.21,65.27,61.67,61.80,20272117,0
GOOGL.US,D,20210625,000000,61.92,62.22,58.95,59.69,11803380,0
GOOGL.US,D,20210628,000000,59.09,60.38,56.92,57.05,22920734,0
GOOGL.US,D,20210628,000000,56.70,57.04,51.96,52.54,22438727,0
GOOGL.US,D,20210628,000000,51.55,51.75,49.77,50.28,27776174,0
GOOGL.US,D,20210629,000000,49.73,49.76,45.95,47.93,19975620,0
GOOGL.US,D,20210630,000000,47.75,47.78,43.22,44.21,18050763,0
GOOGL.US,D,20210701,000000,43.20,43.63,41.49,41.80,16065237,0
GOOGL.US,D,20210702,000000,42.04,42.41,37.73,38.27,18649887,0
GOOGL.US,D,20210705,000000,37.47,37.52,34.62,35.44,37109666,0
GOOGL.US,D,20210705,000000,36.03,36.15,35.78,36.06,6488213,0
GOOGL.US,D,20210705,000000,36.30,36.31,35.26,35.48,6708867,0
GOOGL.US,D,20210706,000000,35.32,35.34,35.31,35.31,4761722,0
GOOGL.US,D,20210707,000000,35.75,36.57,33.40,34.44,7330517,0
GOOGL.US,D,20210708,000000,33.82,38.62,33.60,36.35,4556527,0
GOOGL.US,D,20210709,000000,36.40,37.90,36.00,37.30,4737045,0
GOOGL.US,D,20210712,000000,36.95,38.19,36.70,37.89,4002748,0
GOOGL.US,D,20210712,000000,37.16,37.47,37.11,37.41,3676546,0
GOOGL.US,D,20210712,000000,36.77,36.90,34.75,35.15,6304883,0
GOOGL.US,D,20210713,000000,35.27,37.06,35.02,36.78,6845785,0
GOOGL.US,D,20210714,000000,36.26,36.35,35.89,36.15,5553506,0
GOOGL.US,D,20210715,000000,35.97,36.17,35.84,35.89,6328881,0
GOOGL.US,D,20210716,000000,35.53,38.34,34.49,37.27,5908673,0
GOOGL.US,D,20210719,000000,37.11,37.40,35.08,35.33,4499858,0
GOOGL.US,D,20210719,000000,35.37,35.57,33.71,34.65,3511686,0
GOOGL.US,D,20210719,000000,34.28,34.37,33.46,33.55,5747539,0
GOOGL.US,D,20210720,000000,32.90,34.71,32.55,34.56,6631247,0
GOOGL.US,D,20210721,000000,34.80,35.55,34.79,35.40,6064482,0
GOOGL.US,D,20210722,000000,35.76,35.84,34.86,35.01,5111979,0
GOOGL.US,D,20210723,000000,35.12,37.69,34.92,37.38,4154827,0
GOOGL.US,D,20210726,000000,36.67,39.34,36.40,38.98,3189498,0
GOOGL.US,D,20210726,000000,38.88,38.95,38.60,38.77,5898608,0
GOOGL.US,D,20210726,000000,38.64,40.08,38.58,39.42,5176226,0
GOOGL.US,D,20210727,000000,39.54,41.97,39.10,41.75,7269791,0
GOOGL.US,D,20210728,000000,41.58,43.12,41.45,43.12,5558197,0
GOOGL.US,D,20210729,000000,42.93,45.66,42.34,44.76,6596666,0
GOOGL.US,D,20210730,000000,44.63,45.09,43.87,44.50,2752408,0
GOOGL.US,D,20210802,000000,44.85,48.66,44.73,46.92,3485394,0
GOOGL.US,D,20210802,000000,47.09,47.54,47.04,47.52,4909875,0
GOOGL.US,D,20210802,000000,49.23,49.61,49.18,49.42,6641320,0
GOOGL.US,D,20210803,000000,49.36,49.40,48.89,49.02,4653341,0
GOOGL.US,D,20210804,000000,48.57,49.14,46.92,47.35,2634301,0
GOOGL.US,D,20210805,000000,47.88,48.58,47.85,48.08,4616074,0
GOOGL.US,D,20210806,000000,47.81,52.97,47.56,52.14,2558278,0
GOOGL.US,D,20210809,000000,53.28,53.72,52.54,53.38,6424855,0
GOOGL.US,D,20210809,000000,54.89,56.34,54.86,55.84,4525173,0
GOOGL.US,D,20210809,000000,54.39,55.06,51.32,52.01,5070487,0
GOOGL.US,D,20210810,000000,52.50,52.93,47.23,49.38,3300942,0
GOOGL.US,D,20210811,000000,49.88,51.26,49.77,50.92,3847837,0
GOOGL.US,D,20210812,000000,51.67,52.21,49.95,50.15,4024262,0
GOOGL.US,D,20210813,000000,50.89,52.07,48.11,49.40,6017434,0
GOOGL.US,D,20210816,000000,49.85,50.41,46.22,46.87,4191589,0
GOOGL.US,D,20210816,000000,47.58,47.75,45.38,45.85,4514587,0
GOOGL.US,D,20210816,000000,45.54,45.68,45.34,45.63,4425459,0
GOOGL.US,D,20210817,000000,44.67,49.94,43.46,48.87,4163421,0
GOOGL.US,D,20210818,000000,48.62,48.74,48.60,48.67,5888206,0
GOOGL.US,D,20210819,000000,48.99,50.18,48.92,50.07,4287193,0
GOOGL.US,D,20210820,000000,52.12,53.17,45.83,48.56,6042765,0
GOOGL.US,D,20210823,000000,48.46,49.26,48.21,49.04,4899091,0
GOOGL.US,D,20210823,000000,48.55,48.75,47.76,48.04,4013884,0
GOOGL.US,D,20210823,000000,48.00,49.98,47.76,49.59,4312550,0
GOOGL.US,D,20210824,000000,49.09,51.97,48.40,50.90,3339804,0
GOOGL.US,D,20210825,000000,51.84,53.49,51.67,53.38,6638107,0
GOOGL.US,D,20210826,000000,54.01,60.49,53.94,57.46,6741875,0
GOOGL.US,D,20210827,000000,57.53,60.54,56.38,59.95,6320507,0
GOOGL.US,D,20210830,000000,60.20,60.30,57.13,58.03,2546102,0
GOOGL.US,D,20210830,000000,58.75,58.75,54.50,54.92,6012118,0
GOOGL.US,D,20210830,000000,54.73,56.23,54.58,55.78,3019141,0
GOOGL.US,D,20210831,000000,55.66,56.90,51.07,52.67,2784110,0
GOOGL.US,D,20210901,000000,52.37,52.63,48.01,49.02,3805303,0
GOOGL.US,D,20210902,000000,47.85,49.38,47.54,49.34,3489472,0
GOOGL.US,D,20210903,000000,49.95,52.92,49.20,51.16,5062668,0
GOOGL.US,D,20210906,000000,50.83,51.62,42.79,43.80,6920614,0
GOOGL.US,D,20210906,000000,43.41,44.15,43.34,44.06,4435255,0
GOOGL.US,D,20210906,000000,44.41,44.77,40.77,41.88,5095457,0
GOOGL.US,D,20210907,000000,42.08,43.37,42.02,43.19,6463549,0
GOOGL.US,D,20210908,000000,42.79,43.84,42.70,43.59,3666223,0
GOOGL.US,D,20210909,000000,42.89,44.85,42.89,44.18,6448537,0
GOOGL.US,D,20210910,000000,44.29,45.97,44.29,45.77,6235928,0
GOOGL.US,D,20210913,000000,45.19,45.88,45.10,45.52,5131772,0
GOOGL.US,D,20210913,000000,45.13,45.67,41.54,42.70,6376016,0
GOOGL.US,D,20210913,000000,43.30,43.94,42.61,42.91,5217646,0
GOOGL.US,D,20210914,000000,42.51,42.54,42.26,42.31,6459479,0
GOOGL.US,D,20210915,000000,42.38,43.06,42.03,42.98,3633568,0
GOOGL.US,D,20210916,000000,43.95,44.53,41.55,42.30,7281225,0
GOOGL.US,D,20210917,000000,42.35,43.79,41.92,43.25,4751955,0
GOOGL.US,D,20210920,000000,43.61,44.40,38.77,40.55,7000786,0
GOOGL.US,D,20210920,000000,40.61,40.75,40.37,40.47,7487843,0
GOOGL.US,D,20210920,000000,40.72,41.10,39.04,39.31,5025288,0
GOOGL.US,D,20210921,000000,40.38,41.28,40.15,41.00,2898535,0
GOOGL.US,D,20210922,000000,40.03,40.60,39.96,40.27,4448615,0
GOOGL.US,D,20210923,000000,40.30,42.71,39.22,42.68,2710891,0
GOOGL.US,D,20210924,000000,42.65,42.87,41.05,41.51,2596407,0
GOOGL.US,D,20210927,000000,41.34,41.68,41.10,41.55,5914228,0
GOOGL.US,D,20210927,000000,41.27,41.72,38.45,38.83,7253361,0
GOOGL.US,D,20210927,000000,38.82,41.32,38.70,41.26,4349090,0
GOOGL.US,D,20210928,000000,41.95,42.34,41.22,41.85,4189379,0
GOOGL.US,D,20210929,000000,41.67,42.09,39.08,39.99,3043649,0
GOOGL.US,D,20210930,000000,39.83,39.91,36.81,37.58,4799387,0
GOOGL.US,D,20211001,000000,37.19,38.25,36.79,38.03,5100446,0
GOOGL.US,D,20211004,000000,38.29,38.41,38.17,38.40,4188522,0
GOOGL.US,D,20211004,000000,38.71,40.33,35.07,35.76,4081319,0
GOOGL.US,D,20211004,000000,35.30,35.64,34.58,35.03,3717760,0
GOOGL.US,D,20211005,000000,34.61,35.57,34.49,35.18,6459513,0
GOOGL.US,D,20211006,000000,34.61,34.68,31.06,31.84,6617415,0
GOOGL.US,D,20211007,000000,31.85,32.06,30.03,30.45,5423858,0
GOOGL.US,D,20211008,000000,30.75,30.93,28.57,29.03,3758572,0
GOOGL.US,D,20211011,000000,29.34,29.73,29.33,29.60,6064144,0
GOOGL.US,D,20211011,000000,29.20,29.39,28.62,28.69,2500539,0
GOOGL.US,D,20211011,000000,28.37,28.43,28.37,28.41,3346482,0
GOOGL.US,D,20211012,000000,27.99,29.00,27.89,28.91,7312400,0
GOOGL.US,D,20211013,000000,28.57,29.67,25.46,25.56,6437149,0
GOOGL.US,D,20211014,000000,25.71,27.11,25.42,26.65,5586637,0
GOOGL.US,D,20211015,000000,26.82,26.83,26.40,26.46,4144883,0
GOOGL.US,D,20211018,000000,26.83,26.94,25.83,26.17,4688734,0
GOOGL.US,D,20211018,000000,25.68,26.55,25.64,26.54,6484449,0
GOOGL.US,D,20211018,000000,26.41,26.52,23.42,24.65,4695248,0
GOOGL.US,D,20211019,000000,24.37,24.74,23.70,23.74,7266020,0
GOOGL.US,D,20211020,000000,23.07,25.59,22.63,25.37,2748848,0
GOOGL.US,D,20211021,000000,24.87,25.84,24.78,25.73,5292928,0
GOOGL.US,D,20211022,000000,26.43,26.60,25.68,25.84,4767798,0
GOOGL.US,D,20211025,000000,25.92,26.05,25.78,25.80,4077916,0
GOOGL.US,D,20211025,000000,25.93,25.98,25.67,25.72,3841175,0
GOOGL.US,D,20211025,000000,25.98,26.21,24.76,24.77,3193011,0
GOOGL.US,D,20211026,000000,24.67,24.91,23.70,24.11,4272945,0
GOOGL.US,D,20211027,000000,23.86,23.90,22.54,22.81,7428553,0
GOOGL.US,D,20211028,000000,22.91,23.76,21.15,21.59,5672099,0
GOOGL.US,D,20211029,000000,22.18,22.39,21.66,22.05,4796534,0
GOOGL.US,D,20211101,000000,22.21,22.29,21.57,21.67,4175077,0
GOOGL.US,D,20211101,000000,21.55,21.64,21.40,21.43,2797596,0
GOOGL.US,D,20211101,000000,21.23,21.40,20.84,20.84,6310800,0
GOOGL.US,D,20211102,000000,20.69,20.77,19.87,19.98,6470447,0
GOOGL.US,D,20211103,000000,20.16,20.37,19.73,19.76,2663701,0
GOOGL.US,D,20211104,000000,19.96,20.49,17.50,18.85,5901370,0
GOOGL.US,D,20211105,000000,19.14,19.21,18.78,18.91,2811968,0
GOOGL.US,D,20211108,000000,18.87,18.97,18.77,18.80,3294434,0
GOOGL.US,D,20211108,000000,19.07,19.33,17.86,18.24,5078031,0
GOOGL.US,D,20211108,000000,18.27,18.99,18.25,18.97,4392647,0
GOOGL.US,D,20211109,000000,19.01,19.25,17.47,17.68,3997627,0
GOOGL.US,D,20211110,000000,17.67,18.09,16.62,16.68,3748943,0
GOOGL.US,D,20211111,000000,16.85,16.95,16.59,16.64,5899378,0
GOOGL.US,D,20211112,000000,16.61,16.62,14.57,15.20,3663807,0
GOOGL.US,D,20211115,000000,15.19,15.45,15.17,15.32,3150006,0
GOOGL.US,D,20211115,000000,15.38,16.69,15.28,16.27,4793762,0
GOOGL.US,D,20211115,000000,16.36,16.37,16.08,16.11,3808185,0
GOOGL.US,D,20211116,000000,16.20,16.25,15.84,16.00,5561478,0
GOOGL.US,D,20211117,000000,15.74,15.78,15.55,15.72,5623070,0
GOOGL.US,D,20211118,000000,15.78,15.91,15.77,15.88,7200898,0
GOOGL.US,D,20211119,000000,15.91,16.00,15.43,15.60,7088220,0
GOOGL.US,D,20211122,000000,15.54,15.55,15.35,15.38,3741312,0
GOOGL.US,D,20211122,000000,15.35,15.40,14.77,15.04,4363123,0
GOOGL.US,D,20211122,000000,15.25,15.26,15.23,15.24,5066715,0
GOOGL.US,D,20211123,000000,15.29,15.34,15.20,15.22,4944815,0
GOOGL.US,D,20211124,000000,15.53,16.01,15.44,15.83,7377717,0
GOOGL.US,D,20211125,000000,15.92,15.93,15.32,15.35,4522396,0
GOOGL.US,D,20211126,000000,15.41,15.51,14.90,14.95,7240854,0
GOOGL.US,D,20211129,000000,14.96,15.98,14.94,15.79,4163428,0
GOOGL.US,D,20211129,000000,16.01,16.02,15.86,15.90,5727696,0
GOOGL.US,D,20211129,000000,15.92,16.06,15.89,15.99,6245720,0
GOOGL.US,D,20211130,000000,15.96,16.07,15.86,15.88,3998792,0
GOOGL.US,D,20211201,000000,15.90,15.95,15.39,15.44,4027642,0
GOOGL.US,D,20211202,000000,15.27,15.28,15.23,15.24,6407884,0
GOOGL.US,D,20211203,000000,15.21,16.46,14.75,15.96,2997236,0
GOOGL.US,D,20211206,000000,16.08,16.10,15.73,15.85,5933888,0
GOOGL.US,D,20211206,000000,15.89,15.90,15.41,15.67,3262108,0
GOOGL.US,D,20211206,000000,15.78,15.85,15.66,15.73,3483653,0
GOOGL.US,D,20211207,000000,15.80,15.83,15.21,15.38,6015726,0
GOOGL.US,D,20211208,000000,15.37,15.41,15.07,15.13,5024747,0
GOOGL.US,D,20211209,000000,15.10,15.21,14.45,14.52,4297926,0
GOOGL.US,D,20211210,000000,14.51,14.53,14.03,14.19,2976359,0
GOOGL.US,D,20211213,000000,14.25,14.30,14.24,14.29,5402270,0
GOOGL.US,D,20211213,000000,14.20,14.24,13.68,13.88,5735973,0
GOOGL.US,D,20211213,000000,13.86,14.03,13.83,13.95,5924763,0
GOOGL.US,D,20211214,000000,13.97,14.00,13.85,13.87,3813650,0
GOOGL.US,D,20211215,000000,13.87,13.90,13.57,13.62,4416060,0
GOOGL.US,D,20211216,000000,13.63,13.92,13.60,13.86,2957288,0
GOOGL.US,D,20211217,000000,13.77,13.82,13.76,13.81,4873684,0
GOOGL.US,D,20211220,000000,13.86,13.88,13.79,13.84,3491786,0
GOOGL.US,D,20211220,000000,13.85,13.86,13.63,13.68,4630040,0
GOOGL.US,D,20211220,000000,13.74,13.76,13.50,13.53,3762194,0
GOOGL.US,D,20211221,000000,13.60,13.85,13.55,13.75,3838880,0
GOOGL.US,D,20211222,000000,13.84,13.88,13.81,13.82,4124834,0
GOOGL.US,D,20211223,000000,13.80,13.81,13.57,13.63,3560880,0
GOOGL.US,D,20211224,000000,13.60,13.63,13.08,13.37,5804337,0
GOOGL.US,D,20211227,000000,13.32,13.41,13.32,13.40,5855100,0
GOOGL.US,D,20211227,000000,13.41,13.45,13.41,13.41,4814319,0
GOOGL.US,D,20211227,000000,13.44,13.45,13.28,13.33,4767197,0
GOOGL.US,D,20211228,000000,13.39,13.60,13.38,13.56,3562211,0
GOOGL.US,D,20211229,000000,13.58,13.58,13.51,13.51,2776229,0
GOOGL.US,D,20211230,000000,13.45,13.45,13.35,13.41,5504117,0
GOOGL.US,D,20211231,000000,13.44,13.46,13.16,13.20,6756067,0
GOOGL.US,D,20220103,000000,13.22,13.30,13.20,13.26,2546373,0
GOOGL.US,D,20220103,000000,13.36,13.37,12.86,13.06,2711755,0
GOOGL.US,D,20220103,000000,12.96,13.33,12.95,13.17,5935842,0
GOOGL.US,D,20220104,000000,13.21,13.21,13.08,13.10,6258535,0
GOOGL.US,D,20220105,000000,13.12,13.60,13.09,13.56,5532053,0
GOOGL.US,D,20220106,000000,13.57,13.57,13.50,13.53,2949468,0
GOOGL.US,D,20220107,000000,13.55,13.59,13.53,13.56,5009067,0
GOOGL.US,D,20220110,000000,13.62,13.67,13.42,13.47,7221366,0
GOOGL.US,D,20220110,000000,13.52,13.52,13.50,13.50,7030225,0
GOOGL.US,D,20220110,000000,13.46,13.46,13.43,13.44,4398080,0
GOOGL.US,D,20220111,000000,13.40,13.46,13.14,13.24,3073257,0
GOOGL.US,D,20220112,000000,13.23,13.24,13.18,13.23,7433759,0
GOOGL.US,D,20220113,000000,13.25,13.31,13.21,13.25,7298756,0
GOOGL.US,D,20220114,000000,13.29,13.29,13.27,13.28,4603423,0
GOOGL.US,D,20220117,000000,13.30,13.33,13.02,13.09,2739931,0
GOOGL.US,D,20220117,000000,13.13,13.17,12.75,12.86,5635547,0
GOOGL.US,D,20220117,000000,12.91,13.11,12.88,13.10,5006401,0
GOOGL.US,D,20220118,000000,13.11,13.20,13.07,13.18,2901810,0
GOOGL.US,D,20220119,000000,13.17,13.24,12.95,13.02,7410074,0
GOOGL.US,D,20220120,000000,13.01,13.10,13.00,13.06,6831917,0
GOOGL.US,D,20220121,000000,13.06,13.08,12.82,12.92,4012381,0
GOOGL.US,D,20220124,000000,12.95,12.99,12.86,12.90,3061656,0
GOOGL.US,D,20220124,000000,12.91,12.96,12.91,12.95,5843143,0
GOOGL.US,D,20220124,000000,12.95,12.96,12.81,12.83,4311405,0
GOOGL.US,D,20220125,000000,12.86,12.87,12.76,12.79,3973935,0
GOOGL.US,D,20220126,000000,12.78,13.16,12.77,12.97,7352039,0
GOOGL.US,D,20220127,000000,12.97,13.09,12.68,12.79,7269915,0
GOOGL.US,D,20220128,000000,12.81,12.82,12.80,12.80,6540879,0
GOOGL.US,D,20220131,000000,12.86,12.94,12.69,12.70,3634241,0
GOOGL.US,D,20220131,000000,12.72,12.83,12.72,12.81,3222491,0
GOOGL.US,D,20220131,000000,12.80,12.82,12.64,12.69,2787811,0
GOOGL.US,D,20220201,000000,12.58,12.69,12.54,12.68,2506240,0
