<TICKER>,<PER>,<DATE>,<TIME>,<OPEN>,<HIGH>,<LOW>,<CLOSE>,<VOL>,<OPENINT>
HOOD.US,D,20180102,000000,15.13,15.39,15.02,15.35,7259212,0
HOOD.US,D,20180103,000000,15.40,15.44,14.88,14.93,4190769,0
HOOD.US,D,20180104,000000,14.80,14.99,14.76,14.95,11598866,0
HOOD.US,D,20180105,000000,14.95,15.11,14.91,15.07,11660441,0
HOOD.US,D,20180108,000000,15.05,15.22,14.98,15.14,4453018,0
HOOD.US,D,20180108,000000,15.13,15.54,14.96,15.43,10328676,0
HOOD.US,D,20180108,000000,15.43,15.45,14.97,15.06,4098063,0
HOOD.US,D,20180109,000000,15.06,15.17,15.02,15.11,9916373,0
HOOD.US,D,20180110,000000,15.26,15.26,15.23,15.24,4187768,0
HOOD.US,D,20180111,000000,15.11,15.11,14.77,14.85,7376560,0
HOOD.US,D,20180112,000000,14.77,14.78,14.75,14.76,11643814,0
HOOD.US,D,20180115,000000,14.74,14.81,14.40,14.44,8841024,0
HOOD.US,D,20180115,000000,14.46,14.57,13.92,14.17,7208864,0
HOOD.US,D,20180115,000000,13.98,14.01,13.59,13.78,8699398,0
HOOD.US,D,20180116,000000,13.86,14.11,13.02,13.26,9967472,0
HOOD.US,D,20180117,000000,13.26,13.27,12.90,13.01,6482351,0
HOOD.US,D,20180118,000000,12.99,13.89,12.97,13.56,8425797,0
HOOD.US,D,20180119,000000,13.60,13.61,13.38,13.56,6135310,0
HOOD.US,D,20180122,000000,13.56,13.61,12.61,12.98,7468897,0
HOOD.US,D,20180122,000000,12.95,12.97,12.68,12.75,10539314,0
HOOD.US,D,20180122,000000,12.79,13.14,12.76,13.11,11739661,0
HOOD.US,D,20180123,000000,13.04,13.38,12.01,12.39,11618994,0
HOOD.US,D,20180124,000000,12.31,12.83,12.00,12.79,7346796,0
HOOD.US,D,20180125,000000,12.81,12.88,12.79,12.83,10547635,0
HOOD.US,D,20180126,000000,12.85,12.89,12.51,12.56,5620192,0
HOOD.US,D,20180129,000000,12.64,12.81,12.63,12.75,6157151,0
HOOD.US,D,20180129,000000,12.62,12.84,12.57,12.78,11823231,0
HOOD.US,D,20180129,000000,12.76,12.80,12.75,12.75,8245606,0
HOOD.US,D,20180130,000000,12.73,12.74,12.61,12.64,10588024,0
HOOD.US,D,20180131,000000,12.66,12.74,12.65,12.74,9212316,0
HOOD.US,D,20180201,000000,12.75,12.77,12.71,12.72,11706527,0
HOOD.US,D,20180202,000000,12.75,12.90,12.72,12.86,5669534,0
HOOD.US,D,20180205,000000,12.80,12.81,12.80,12.80,10637537,0
HOOD.US,D,20180205,000000,12.78,12.91,12.77,12.88,5598200,0
HOOD.US,D,20180205,000000,12.89,12.91,12.83,12.85,7889995,0
HOOD.US,D,20180206,000000,12.87,12.96,12.87,12.92,8772421,0
HOOD.US,D,20180207,000000,12.94,12.95,12.75,12.80,9416660,0
HOOD.US,D,20180208,000000,12.81,12.82,12.73,12.75,4366893,0
HOOD.US,D,20180209,000000,12.79,12.94,12.28,12.34,11164394,0
HOOD.US,D,20180212,000000,12.36,12.36,12.34,12.35,5136904,0
HOOD.US,D,20180212,000000,12.32,12.37,12.29,12.35,6833040,0
HOOD.US,D,20180212,000000,12.31,12.34,12.31,12.34,8731426,0
HOOD.US,D,20180213,000000,12.34,12.35,12.24,12.27,10971141,0
HOOD.US,D,20180214,000000,12.28,12.29,12.14,12.17,9738377,0
HOOD.US,D,20180215,000000,12.19,12.22,11.96,12.03,7734610,0
HOOD.US,D,20180216,000000,12.02,12.20,11.98,12.15,4739872,0
HOOD.US,D,20180219,000000,12.14,12.25,12.12,12.19,7118355,0
HOOD.US,D,20180219,000000,12.16,12.28,12.16,12.27,7361712,0
HOOD.US,D,20180219,000000,12.30,12.31,12.23,12.24,10071037,0
HOOD.US,D,20180220,000000,12.25,12.26,12.14,12.19,7230320,0
HOOD.US,D,20180221,000000,12.21,12.21,12.21,12.21,4733906,0
HOOD.US,D,20180222,000000,12.24,12.24,12.18,12.20,11143832,0
HOOD.US,D,20180223,000000,12.18,12.19,12.17,12.18,11906694,0
HOOD.US,D,20180226,000000,12.20,12.25,12.19,12.25,4499240,0
HOOD.US,D,20180226,000000,12.24,12.24,12.19,12.22,5034998,0
HOOD.US,D,20180226,000000,12.23,12.31,12.22,12.28,9076273,0
HOOD.US,D,20180227,000000,12.30,12.36,12.29,12.31,7035949,0
HOOD.US,D,20180228,000000,12.28,12.38,12.14,12.38,8547929,0
HOOD.US,D,20180301,000000,12.47,12.48,12.23,12.33,11546076,0
HOOD.US,D,20180302,000000,12.39,12.48,12.36,12.44,10943362,0
HOOD.US,D,20180305,000000,12.49,12.77,12.46,12.77,10404565,0
HOOD.US,D,20180305,000000,12.67,12.71,12.19,12.37,9239702,0
HOOD.US,D,20180305,000000,12.31,12.35,12.19,12.23,5498784,0
HOOD.US,D,20180306,000000,12.24,12.31,11.90,12.00,7458936,0
HOOD.US,D,20180307,000000,12.04,12.18,12.03,12.13,9552035,0
HOOD.US,D,20180308,000000,12.17,12.36,12.07,12.32,4414257,0
HOOD.US,D,20180309,000000,12.34,12.57,12.32,12.56,8715722,0
HOOD.US,D,20180312,000000,12.54,12.56,12.33,12.38,4822893,0
HOOD.US,D,20180312,000000,12.36,12.69,12.32,12.66,9170847,0
HOOD.US,D,20180312,000000,12.64,12.67,12.44,12.50,9115478,0
HOOD.US,D,20180313,000000,12.52,12.75,12.47,12.73,11951404,0
HOOD.US,D,20180314,000000,12.74,12.74,12.63,12.65,9147791,0
HOOD.US,D,20180315,000000,12.70,12.75,12.70,12.73,9158081,0
HOOD.US,D,20180316,000000,12.80,12.92,12.75,12.90,8993641,0
HOOD.US,D,20180319,000000,12.84,12.88,12.60,12.65,9982152,0
HOOD.US,D,20180319,000000,12.68,12.88,12.63,12.86,7749329,0
HOOD.US,D,20180319,000000,12.91,12.98,12.45,12.49,9883704,0
HOOD.US,D,20180320,000000,12.48,12.94,12.40,12.93,10381839,0
HOOD.US,D,20180321,000000,12.93,13.00,12.89,12.99,11440202,0
HOOD.US,D,20180322,000000,12.93,12.95,12.73,12.81,9490405,0
HOOD.US,D,20180323,000000,12.71,12.80,12.66,12.79,8675860,0
HOOD.US,D,20180326,000000,12.71,12.96,12.65,12.89,9282306,0
HOOD.US,D,20180326,000000,12.85,12.89,12.85,12.86,5663945,0
HOOD.US,D,20180326,000000,12.87,12.88,12.85,12.86,9935632,0
HOOD.US,D,20180327,000000,12.89,13.09,12.85,13.08,9432255,0
HOOD.US,D,20180328,000000,13.15,13.15,13.01,13.07,8386580,0
HOOD.US,D,20180329,000000,13.08,13.13,13.04,13.13,9801037,0
HOOD.US,D,20180330,000000,13.16,13.16,13.04,13.06,9523246,0
HOOD.US,D,20180402,000000,13.08,13.09,12.94,12.97,11669330,0
HOOD.US,D,20180402,000000,12.94,12.95,12.80,12.81,7777516,0
HOOD.US,D,20180402,000000,12.78,12.85,12.76,12.83,5616849,0
HOOD.US,D,20180403,000000,12.90,13.00,12.49,12.54,10360634,0
HOOD.US,D,20180404,000000,12.54,12.55,12.34,12.44,7920399,0
HOOD.US,D,20180405,000000,12.47,12.57,12.40,12.54,9656585,0
HOOD.US,D,20180406,000000,12.58,12.59,12.48,12.49,5643260,0
HOOD.US,D,20180409,000000,12.45,12.55,12.39,12.54,10749754,0
HOOD.US,D,20180409,000000,12.53,12.55,12.46,12.50,11125605,0
HOOD.US,D,20180409,000000,12.47,12.58,12.46,12.55,11417602,0
HOOD.US,D,20180410,000000,12.51,13.17,12.51,13.03,8298634,0
HOOD.US,D,20180411,000000,13.08,13.21,12.92,12.96,4712969,0
HOOD.US,D,20180412,000000,12.93,12.94,12.91,12.92,6811050,0
HOOD.US,D,20180413,000000,12.95,12.99,12.71,12.82,7858003,0
HOOD.US,D,20180416,000000,12.85,12.89,12.48,12.58,5994251,0
HOOD.US,D,20180416,000000,12.58,12.60,12.52,12.55,10037377,0
HOOD.US,D,20180416,000000,12.53,12.53,12.48,12.51,10330974,0
HOOD.US,D,20180417,000000,12.49,12.50,12.37,12.38,8156019,0
HOOD.US,D,20180418,000000,12.39,12.51,12.37,12.49,7432580,0
HOOD.US,D,20180419,000000,12.50,12.54,12.47,12.53,10782080,0
HOOD.US,D,20180420,000000,12.52,12.64,12.49,12.63,4079276,0
HOOD.US,D,20180423,000000,12.61,12.80,12.60,12.74,6264963,0
HOOD.US,D,20180423,000000,12.71,12.72,12.70,12.72,4612844,0
HOOD.US,D,20180423,000000,12.70,12.73,12.59,12.60,4371294,0
HOOD.US,D,20180424,000000,12.60,12.66,12.24,12.37,6123993,0
HOOD.US,D,20180425,000000,12.28,12.53,12.22,12.46,7219707,0
HOOD.US,D,20180426,000000,12.48,12.48,12.47,12.48,9957719,0
HOOD.US,D,20180427,000000,12.45,12.53,11.98,12.01,8468951,0
HOOD.US,D,20180430,000000,11.98,12.20,11.95,12.07,11008879,0
HOOD.US,D,20180430,000000,12.08,12.08,12.02,12.02,8757586,0
HOOD.US,D,20180430,000000,12.01,12.31,11.98,12.27,7815471,0
HOOD.US,D,20180501,000000,12.47,12.53,12.27,12.28,5787564,0
HOOD.US,D,20180502,000000,12.16,12.58,12.08,12.57,10328335,0
HOOD.US,D,20180503,000000,12.59,12.72,12.16,12.21,6258123,0
HOOD.US,D,20180504,000000,12.15,12.45,12.11,12.32,6688355,0
HOOD.US,D,20180507,000000,12.36,12.91,12.26,12.86,9217052,0
HOOD.US,D,20180507,000000,12.69,12.91,12.67,12.89,4829704,0
HOOD.US,D,20180507,000000,12.92,13.54,12.91,13.28,4839663,0
HOOD.US,D,20180508,000000,13.20,13.29,12.46,12.66,5220284,0
HOOD.US,D,20180509,000000,12.59,12.62,12.18,12.26,6353870,0
HOOD.US,D,20180510,000000,12.30,12.33,12.25,12.32,10158140,0
HOOD.US,D,20180511,000000,12.36,12.49,11.75,11.95,5797661,0
HOOD.US,D,20180514,000000,11.99,12.16,11.63,11.66,10134687,0
HOOD.US,D,20180514,000000,11.61,12.05,11.59,12.04,6203240,0
HOOD.US,D,20180514,000000,12.00,12.45,11.99,12.31,9397314,0
HOOD.US,D,20180515,000000,12.21,12.31,11.93,11.95,8774705,0
HOOD.US,D,20180516,000000,12.07,12.14,11.40,11.57,5337038,0
HOOD.US,D,20180517,000000,11.53,11.96,11.47,11.80,4611220,0
HOOD.US,D,20180518,000000,11.86,11.87,11.78,11.80,8155671,0
HOOD.US,D,20180521,000000,11.69,12.29,11.50,12.21,7733198,0
HOOD.US,D,20180521,000000,12.21,12.23,11.61,11.74,4091362,0
HOOD.US,D,20180521,000000,11.75,11.77,11.63,11.69,7082745,0
HOOD.US,D,20180522,000000,11.73,11.93,11.72,11.83,5457358,0
HOOD.US,D,20180523,000000,11.80,12.04,11.78,12.02,4657581,0
HOOD.US,D,20180524,000000,12.06,12.14,11.85,11.90,6851142,0
HOOD.US,D,20180525,000000,11.89,11.92,11.83,11.85,5958022,0
HOOD.US,D,20180528,000000,11.94,11.96,11.84,11.88,8101078,0
HOOD.US,D,20180528,000000,11.85,11.85,11.80,11.81,8894650,0
HOOD.US,D,20180528,000000,11.78,11.86,11.25,11.40,7206818,0
HOOD.US,D,20180529,000000,11.41,11.73,11.33,11.69,11574881,0
HOOD.US,D,20180530,000000,11.66,11.67,11.35,11.39,6917010,0
HOOD.US,D,20180531,000000,11.45,11.46,11.32,11.34,10360189,0
HOOD.US,D,20180601,000000,11.28,11.52,11.24,11.48,10083230,0
HOOD.US,D,20180604,000000,11.47,11.76,11.38,11.75,11989676,0
HOOD.US,D,20180604,000000,11.69,11.78,11.48,11.59,10360827,0
HOOD.US,D,20180604,000000,11.58,11.61,11.21,11.39,7500597,0
HOOD.US,D,20180605,000000,11.42,11.44,10.93,11.07,7660569,0
HOOD.US,D,20180606,000000,11.09,11.09,11.04,11.06,4377132,0
HOOD.US,D,20180607,000000,11.04,11.64,10.91,11.39,7215801,0
HOOD.US,D,20180608,000000,11.40,11.40,11.39,11.40,11934428,0
HOOD.US,D,20180611,000000,11.36,11.40,11.36,11.38,7184150,0
HOOD.US,D,20180611,000000,11.55,11.58,11.40,11.42,6475343,0
HOOD.US,D,20180611,000000,11.39,11.41,11.19,11.21,6800173,0
HOOD.US,D,20180612,000000,11.18,11.31,11.16,11.26,7813737,0
HOOD.US,D,20180613,000000,11.33,11.42,11.08,11.29,5334745,0
HOOD.US,D,20180614,000000,11.37,11.37,11.17,11.26,7795729,0
HOOD.US,D,20180615,000000,11.29,11.29,10.69,10.77,8202945,0
HOOD.US,D,20180618,000000,10.69,10.77,10.66,10.73,4173678,0
HOOD.US,D,20180618,000000,10.67,10.76,10.66,10.76,7304677,0
HOOD.US,D,20180618,000000,10.83,10.84,10.83,10.84,8817515,0
HOOD.US,D,20180619,000000,10.94,10.95,10.56,10.62,11388793,0
HOOD.US,D,20180620,000000,10.49,10.64,10.10,10.22,9787695,0
HOOD.US,D,20180621,000000,10.20,10.25,10.07,10.08,6061356,0
HOOD.US,D,20180622,000000,10.03,10.31,10.00,10.21,9868918,0
HOOD.US,D,20180625,000000,10.18,10.47,10.17,10.39,5129821,0
HOOD.US,D,20180625,000000,10.36,10.36,10.35,10.35,8508906,0
HOOD.US,D,20180625,000000,10.39,10.48,10.35,10.48,6667566,0
HOOD.US,D,20180626,000000,10.44,10.44,10.27,10.28,5783599,0
HOOD.US,D,20180627,000000,10.28,10.32,10.27,10.31,11138042,0
HOOD.US,D,20180628,000000,10.29,10.37,10.28,10.35,7032167,0
HOOD.US,D,20180629,000000,10.39,10.39,10.37,10.38,7481543,0
HOOD.US,D,20180702,000000,10.37,10.39,10.35,10.35,5182980,0
HOOD.US,D,20180702,000000,10.34,10.43,10.33,10.41,7642616,0
HOOD.US,D,20180702,000000,10.42,10.43,10.32,10.32,9564206,0
HOOD.US,D,20180703,000000,10.30,10.52,10.22,10.50,10749102,0
HOOD.US,D,20180704,000000,10.49,10.51,10.45,10.48,4468951,0
HOOD.US,D,20180705,000000,10.47,10.69,10.42,10.64,5275397,0
HOOD.US,D,20180706,000000,10.62,10.68,10.51,10.51,9762013,0
HOOD.US,D,20180709,000000,10.53,10.58,10.51,10.55,9898067,0
HOOD.US,D,20180709,000000,10.59,10.62,10.37,10.44,10623759,0
HOOD.US,D,20180709,000000,10.42,10.46,10.40,10.46,8152403,0
HOOD.US,D,20180710,000000,10.51,10.54,10.22,10.29,8167070,0
HOOD.US,D,20180711,000000,10.29,10.46,10.29,10.37,11927712,0
HOOD.US,D,20180712,000000,10.36,10.41,10.28,10.30,5360356,0
HOOD.US,D,20180713,000000,10.30,10.31,10.15,10.19,6017430,0
HOOD.US,D,20180716,000000,10.22,10.26,10.21,10.25,9300440,0
HOOD.US,D,20180716,000000,10.23,10.23,10.22,10.23,10788480,0
HOOD.US,D,20180716,000000,10.18,10.28,10.17,10.26,10083785,0
HOOD.US,D,20180717,000000,10.23,10.25,10.17,10.17,6979883,0
HOOD.US,D,20180718,000000,10.16,10.40,10.11,10.35,7961161,0
HOOD.US,D,20180719,000000,10.31,10.46,10.30,10.41,5370443,0
HOOD.US,D,20180720,000000,10.48,10.58,10.16,10.26,6454797,0
HOOD.US,D,20180723,000000,10.17,10.27,10.15,10.26,5306362,0
HOOD.US,D,20180723,000000,10.25,10.44,10.23,10.43,6841263,0
HOOD.US,D,20180723,000000,10.36,10.37,10.22,10.29,8602929,0
HOOD.US,D,20180724,000000,10.19,10.21,10.18,10.19,8685820,0
HOOD.US,D,20180725,000000,10.25,10.39,10.24,10.37,7504193,0
HOOD.US,D,20180726,000000,10.34,10.35,10.32,10.33,4370996,0
HOOD.US,D,20180727,000000,10.37,10.41,10.13,10.20,4579111,0
HOOD.US,D,20180730,000000,10.19,10.30,10.18,10.28,6137571,0
HOOD.US,D,20180730,000000,10.24,10.27,10.08,10.09,8499263,0
HOOD.US,D,20180730,000000,10.19,10.33,10.19,10.31,11132300,0
HOOD.US,D,20180731,000000,10.35,10.43,10.07,10.10,8024640,0
HOOD.US,D,20180801,000000,10.14,10.28,10.10,10.26,10792239,0
HOOD.US,D,20180802,000000,10.26,10.28,9.96,9.96,5053213,0
HOOD.US,D,20180803,000000,9.89,9.93,9.86,9.90,11888008,0
HOOD.US,D,20180806,000000,9.91,9.96,9.90,9.93,6153517,0
HOOD.US,D,20180806,000000,9.89,9.90,9.86,9.87,10775884,0
HOOD.US,D,20180806,000000,9.76,10.06,9.76,10.06,9271477,0
HOOD.US,D,20180807,000000,10.07,10.24,9.99,10.21,6542831,0
HOOD.US,D,20180808,000000,10.18,10.20,10.17,10.18,10488008,0
HOOD.US,D,20180809,000000,10.19,10.23,10.18,10.23,4578800,0
HOOD.US,D,20180810,000000,10.24,10.44,10.23,10.43,9273309,0
HOOD.US,D,20180813,000000,10.38,10.40,10.33,10.33,11544986,0
HOOD.US,D,20180813,000000,10.34,10.35,10.31,10.33,5933954,0
HOOD.US,D,20180813,000000,10.34,10.52,10.33,10.51,4396156,0
HOOD.US,D,20180814,000000,10.53,10.54,10.51,10.52,7830769,0
HOOD.US,D,20180815,000000,10.61,10.64,10.50,10.53,10680984,0
HOOD.US,D,20180816,000000,10.51,10.53,10.48,10.50,11837486,0
HOOD.US,D,20180817,000000,10.38,10.46,10.37,10.44,10575462,0
HOOD.US,D,20180820,000000,10.34,10.83,10.30,10.77,10190114,0
HOOD.US,D,20180820,000000,10.83,10.84,10.82,10.84,9840813,0
HOOD.US,D,20180820,000000,10.78,10.82,10.76,10.82,10082370,0
HOOD.US,D,20180821,000000,10.80,11.08,10.76,11.03,6459173,0
HOOD.US,D,20180822,000000,11.10,11.53,11.08,11.51,8970505,0
HOOD.US,D,20180823,000000,11.52,11.63,10.79,11.09,11702475,0
HOOD.US,D,20180824,000000,11.18,11.26,11.15,11.22,4600548,0
HOOD.US,D,20180827,000000,11.21,11.83,11.16,11.71,10446568,0
HOOD.US,D,20180827,000000,11.69,11.72,11.46,11.58,10148566,0
HOOD.US,D,20180827,000000,11.44,11.73,11.41,11.71,8400714,0
HOOD.US,D,20180828,000000,11.75,11.76,11.68,11.70,5563144,0
HOOD.US,D,20180829,000000,11.66,11.93,11.64,11.81,11582635,0
HOOD.US,D,20180830,000000,11.81,11.89,11.42,11.46,9676526,0
HOOD.US,D,20180831,000000,11.47,11.98,11.44,11.72,6450723,0
HOOD.US,D,20180903,000000,11.74,11.82,11.73,11.78,8680399,0
HOOD.US,D,20180903,000000,11.80,11.94,11.79,11.91,11079423,0
HOOD.US,D,20180903,000000,11.72,11.86,11.67,11.81,5082376,0
HOOD.US,D,20180904,000000,11.80,11.99,11.77,11.96,10742565,0
HOOD.US,D,20180905,000000,11.96,12.08,11.24,11.47,8345995,0
HOOD.US,D,20180906,000000,11.48,11.51,11.24,11.25,9536191,0
HOOD.US,D,20180907,000000,11.29,11.58,11.25,11.44,9935742,0
HOOD.US,D,20180910,000000,11.45,11.48,11.01,11.16,8359056,0
HOOD.US,D,20180910,000000,11.20,11.20,11.03,11.06,11029827,0
HOOD.US,D,20180910,000000,11.07,11.21,11.02,11.09,5066199,0
HOOD.US,D,20180911,000000,11.16,11.35,11.14,11.33,5937980,0
HOOD.US,D,20180912,000000,11.22,11.31,10.76,10.89,10943159,0
HOOD.US,D,20180913,000000,10.85,11.05,10.81,10.98,9840035,0
HOOD.US,D,20180914,000000,10.88,11.33,10.85,11.25,10928282,0
HOOD.US,D,20180917,000000,11.17,12.30,11.17,11.96,10703081,0
HOOD.US,D,20180917,000000,11.86,12.02,11.78,12.00,7636801,0
HOOD.US,D,20180917,000000,11.96,12.41,11.76,12.24,11615398,0
HOOD.US,D,20180918,000000,12.21,12.52,12.17,12.41,11158828,0
HOOD.US,D,20180919,000000,12.45,12.49,12.19,12.28,7555851,0
HOOD.US,D,20180920,000000,12.08,12.46,11.92,12.43,6100411,0
HOOD.US,D,20180921,000000,12.38,12.41,12.08,12.18,8470105,0
HOOD.US,D,20180924,000000,12.14,12.66,12.05,12.63,11852549,0
HOOD.US,D,20180924,000000,12.75,12.81,12.25,12.41,8629796,0
HOOD.US,D,20180924,000000,12.34,12.37,12.33,12.35,5172302,0
HOOD.US,D,20180925,000000,12.48,12.50,12.47,12.49,8479116,0
HOOD.US,D,20180926,000000,12.45,12.63,12.42,12.62,11898217,0
HOOD.US,D,20180927,000000,12.57,12.62,12.20,12.39,10681053,0
HOOD.US,D,20180928,000000,12.43,12.60,12.41,12.58,4911646,0
HOOD.US,D,20181001,000000,12.67,12.77,12.56,12.77,8958953,0
HOOD.US,D,20181001,000000,12.81,13.05,12.37,12.49,10903837,0
HOOD.US,D,20181001,000000,12.56,12.57,12.44,12.46,9048653,0
HOOD.US,D,20181002,000000,12.45,12.61,12.38,12.58,7613597,0
HOOD.US,D,20181003,000000,12.52,12.58,12.52,12.57,6844441,0
HOOD.US,D,20181004,000000,12.59,12.72,12.08,12.22,8612986,0
HOOD.US,D,20181005,000000,12.23,12.46,12.18,12.40,11548746,0
HOOD.US,D,20181008,000000,12.39,12.49,12.38,12.48,9449445,0
HOOD.US,D,20181008,000000,12.59,12.60,12.49,12.52,11908637,0
HOOD.US,D,20181008,000000,12.52,12.53,12.51,12.52,8346411,0
HOOD.US,D,20181009,000000,12.44,12.55,12.42,12.52,8469299,0
HOOD.US,D,20181010,000000,12.57,12.61,12.57,12.59,8793298,0
HOOD.US,D,20181011,000000,12.62,12.63,12.57,12.58,10347808,0
HOOD.US,D,20181012,000000,12.59,12.89,12.51,12.84,4604176,0
HOOD.US,D,20181015,000000,12.83,13.19,12.76,13.08,7642039,0
HOOD.US,D,20181015,000000,13.05,13.12,12.94,12.96,10249967,0
HOOD.US,D,20181015,000000,12.93,13.00,12.73,12.81,4236765,0
HOOD.US,D,20181016,000000,12.86,12.96,12.83,12.96,5643447,0
HOOD.US,D,20181017,000000,12.98,13.12,12.97,13.09,5347741,0
HOOD.US,D,20181018,000000,13.08,13.32,13.08,13.30,11609256,0
HOOD.US,D,20181019,000000,13.39,13.39,13.38,13.39,9472813,0
HOOD.US,D,20181022,000000,13.23,13.76,13.21,13.74,11496801,0
HOOD.US,D,20181022,000000,13.70,13.91,13.67,13.89,11776247,0
HOOD.US,D,20181022,000000,13.93,13.96,13.69,13.78,9926780,0
HOOD.US,D,20181023,000000,13.73,14.20,13.57,13.99,10858244,0
HOOD.US,D,20181024,000000,14.13,14.14,13.79,13.88,10174324,0
HOOD.US,D,20181025,000000,13.94,14.28,13.93,14.23,4238126,0
HOOD.US,D,20181026,000000,14.15,14.70,14.15,14.51,10599679,0
HOOD.US,D,20181029,000000,14.53,14.59,14.39,14.39,4845581,0
HOOD.US,D,20181029,000000,14.19,14.63,14.15,14.51,5285161,0
HOOD.US,D,20181029,000000,14.56,14.63,14.26,14.30,8069636,0
HOOD.US,D,20181030,000000,14.29,14.65,14.27,14.60,7734230,0
HOOD.US,D,20181031,000000,14.52,14.56,14.47,14.50,8748202,0
HOOD.US,D,20181101,000000,14.36,14.39,13.89,13.97,11167774,0
HOOD.US,D,20181102,000000,13.96,13.98,13.92,13.92,9421807,0
HOOD.US,D,20181105,000000,13.94,13.99,13.92,13.95,10360373,0
HOOD.US,D,20181105,000000,13.88,14.14,13.86,14.11,6969621,0
HOOD.US,D,20181105,000000,14.19,14.51,14.14,14.42,8300886,0
HOOD.US,D,20181106,000000,14.35,14.46,13.99,14.02,10811969,0
HOOD.US,D,20181107,000000,14.20,14.28,14.15,14.17,6039093,0
HOOD.US,D,20181108,000000,14.14,14.15,13.66,13.92,7016641,0
HOOD.US,D,20181109,000000,13.84,14.01,13.82,13.96,4786194,0
HOOD.US,D,20181112,000000,14.11,14.13,13.90,13.97,4379506,0
HOOD.US,D,20181112,000000,13.94,14.11,13.10,13.41,5408761,0
HOOD.US,D,20181112,000000,13.56,13.57,13.40,13.42,6509530,0
HOOD.US,D,20181113,000000,13.33,13.44,13.29,13.43,10106798,0
HOOD.US,D,20181114,000000,13.43,13.51,13.23,13.31,5940033,0
HOOD.US,D,20181115,000000,13.32,13.33,13.31,13.32,9046924,0
HOOD.US,D,20181116,000000,13.28,13.38,13.26,13.36,6756416,0
HOOD.US,D,20181119,000000,13.37,13.61,13.34,13.57,4713044,0
HOOD.US,D,20181119,000000,13.67,13.67,13.60,13.64,9130475,0
HOOD.US,D,20181119,000000,13.59,13.63,13.34,13.36,11923870,0
HOOD.US,D,20181120,000000,13.30,13.62,13.26,13.59,8349553,0
HOOD.US,D,20181121,000000,13.63,13.65,12.89,12.97,11970529,0
HOOD.US,D,20181122,000000,12.94,13.33,12.88,13.22,5505577,0
HOOD.US,D,20181123,000000,13.25,13.26,13.03,13.05,9867895,0
HOOD.US,D,20181126,000000,13.02,13.54,12.95,13.30,8979693,0
HOOD.US,D,20181126,000000,13.28,13.28,13.28,13.28,11421965,0
HOOD.US,D,20181126,000000,13.24,13.31,13.23,13.29,5824444,0
HOOD.US,D,20181127,000000,13.24,13.45,13.22,13.41,10806187,0
HOOD.US,D,20181128,000000,13.38,13.48,13.12,13.23,9871087,0
HOOD.US,D,20181129,000000,13.20,13.25,13.19,13.21,11234570,0
HOOD.US,D,20181130,000000,13.19,13.43,13.14,13.34,11500320,0
HOOD.US,D,20181203,000000,13.38,13.41,13.24,13.24,8665311,0
HOOD.US,D,20181203,000000,13.31,13.49,13.29,13.48,8899878,0
HOOD.US,D,20181203,000000,13.54,13.55,13.32,13.36,10574161,0
HOOD.US,D,20181204,000000,13.33,13.35,12.91,13.02,8704327,0
HOOD.US,D,20181205,000000,12.96,12.97,12.95,12.95,6837583,0
HOOD.US,D,20181206,000000,12.96,13.04,12.88,13.00,9891040,0
HOOD.US,D,20181207,000000,13.11,13.50,13.05,13.44,9089621,0
HOOD.US,D,20181210,000000,13.56,13.69,13.55,13.69,9038729,0
HOOD.US,D,20181210,000000,13.90,14.13,13.35,13.42,4110639,0
HOOD.US,D,20181210,000000,13.29,14.34,13.16,14.27,6907405,0
HOOD.US,D,20181211,000000,14.37,15.12,14.33,14.77,7000924,0
HOOD.US,D,20181212,000000,14.76,15.15,14.64,15.07,5599649,0
HOOD.US,D,20181213,000000,15.03,15.05,14.82,14.85,7367330,0
HOOD.US,D,20181214,000000,14.86,15.02,14.84,14.91,7846855,0
HOOD.US,D,20181217,000000,14.85,14.86,14.85,14.86,4400093,0
HOOD.US,D,20181217,000000,14.82,15.42,14.71,15.35,7772310,0
HOOD.US,D,20181217,000000,15.26,16.36,14.97,16.24,6114378,0
HOOD.US,D,20181218,000000,16.21,16.21,15.73,15.73,9991658,0
HOOD.US,D,20181219,000000,15.56,15.56,15.04,15.26,6670788,0
HOOD.US,D,20181220,000000,15.25,15.29,15.15,15.19,8236760,0
HOOD.US,D,20181221,000000,15.25,15.30,15.06,15.08,9525659,0
HOOD.US,D,20181224,000000,15.23,15.31,14.24,14.40,11236486,0
HOOD.US,D,20181224,000000,14.33,14.34,14.15,14.21,8405032,0
HOOD.US,D,20181224,000000,14.12,14.13,14.04,14.07,9813348,0
HOOD.US,D,20181225,000000,13.97,13.98,13.68,13.80,6738677,0
HOOD.US,D,20181226,000000,13.87,13.90,13.23,13.31,10024591,0
HOOD.US,D,20181227,000000,13.41,13.43,12.91,13.19,5107987,0
HOOD.US,D,20181228,000000,13.15,13.28,13.12,13.26,10765611,0
HOOD.US,D,20181231,000000,13.26,13.65,13.24,13.58,10200606,0
HOOD.US,D,20181231,000000,13.60,13.90,12.86,12.93,6336470,0
HOOD.US,D,20181231,000000,13.24,13.28,12.62,12.75,4342382,0
HOOD.US,D,20190101,000000,12.67,13.42,12.55,13.14,10662578,0
HOOD.US,D,20190102,000000,13.29,13.32,12.77,12.85,6247741,0
HOOD.US,D,20190103,000000,13.03,13.33,11.97,12.33,10331636,0
HOOD.US,D,20190104,000000,12.41,13.02,12.39,12.83,5963339,0
HOOD.US,D,20190107,000000,13.09,13.11,12.61,12.70,4506376,0
HOOD.US,D,20190107,000000,12.73,12.91,12.72,12.87,6997627,0
HOOD.US,D,20190107,000000,13.01,13.02,12.12,12.35,10221273,0
HOOD.US,D,20190108,000000,12.41,12.46,12.04,12.13,5398825,0
HOOD.US,D,20190109,000000,12.24,12.67,12.22,12.65,5589941,0
HOOD.US,D,20190110,000000,12.60,13.04,12.58,12.82,6651175,0
HOOD.US,D,20190111,000000,12.99,13.04,11.80,11.83,8841553,0
HOOD.US,D,20190114,000000,11.85,11.87,11.62,11.73,7073197,0
HOOD.US,D,20190114,000000,11.84,11.92,11.22,11.36,4571934,0
HOOD.US,D,20190114,000000,11.42,11.68,11.40,11.55,7938390,0
HOOD.US,D,20190115,000000,11.46,11.84,11.28,11.82,8252494,0
HOOD.US,D,20190116,000000,11.86,11.87,11.72,11.76,5923563,0
HOOD.US,D,20190117,000000,11.78,11.82,11.58,11.71,5379206,0
HOOD.US,D,20190118,000000,11.66,11.78,11.40,11.46,6556136,0
HOOD.US,D,20190121,000000,11.29,11.44,11.27,11.40,9132826,0
HOOD.US,D,20190121,000000,11.56,11.72,11.46,11.61,6159590,0
HOOD.US,D,20190121,000000,11.62,11.73,9.95,10.46,7178205,0
HOOD.US,D,20190122,000000,10.46,10.99,10.44,10.82,4766941,0
HOOD.US,D,20190123,000000,11.06,11.11,10.65,10.75,5559787,0
HOOD.US,D,20190124,000000,10.79,10.80,10.56,10.67,4259870,0
HOOD.US,D,20190125,000000,10.63,11.14,10.57,11.11,9827176,0
HOOD.US,D,20190128,000000,11.17,11.74,11.16,11.45,5286693,0
HOOD.US,D,20190128,000000,11.12,11.73,11.10,11.51,10164977,0
HOOD.US,D,20190128,000000,11.59,11.72,10.28,10.53,8632794,0
HOOD.US,D,20190129,000000,10.41,11.38,10.29,11.13,5108053,0
HOOD.US,D,20190130,000000,11.17,11.34,11.14,11.28,4929882,0
HOOD.US,D,20190131,000000,11.24,11.36,10.75,10.83,21920438,0
HOOD.US,D,20190201,000000,10.79,10.85,10.25,10.32,12293485,0
HOOD.US,D,20190204,000000,10.63,10.67,9.43,9.90,17801524,0
HOOD.US,D,20190204,000000,9.76,9.89,9.46,9.54,18433013,0
HOOD.US,D,20190204,000000,9.83,9.89,8.92,9.16,31053229,0
HOOD.US,D,20190205,000000,9.06,9.13,8.71,8.76,17280633,0
HOOD.US,D,20190206,000000,8.94,9.05,7.93,8.29,18693313,0
HOOD.US,D,20190207,000000,8.24,8.32,7.99,8.00,40676241,0
HOOD.US,D,20190208,000000,8.12,8.14,7.50,7.72,25213878,0
HOOD.US,D,20190211,000000,7.76,7.81,6.75,7.04,21494290,0
HOOD.US,D,20190211,000000,6.86,6.93,6.37,6.61,43656701,0
HOOD.US,D,20190211,000000,6.71,6.88,6.19,6.29,19967444,0
HOOD.US,D,20190212,000000,6.38,6.61,5.56,5.78,39956768,0
HOOD.US,D,20190213,000000,5.72,6.03,5.63,6.02,8290784,0
HOOD.US,D,20190214,000000,6.07,6.12,6.07,6.11,4008078,0
HOOD.US,D,20190215,000000,6.15,6.54,6.12,6.51,9651628,0
HOOD.US,D,20190218,000000,6.36,6.41,6.34,6.39,7498350,0
HOOD.US,D,20190218,000000,6.35,6.84,6.29,6.77,9194326,0
HOOD.US,D,20190218,000000,6.73,7.13,6.61,7.11,4599852,0
HOOD.US,D,20190219,000000,7.29,7.32,6.67,6.92,10472793,0
HOOD.US,D,20190220,000000,6.96,6.99,6.87,6.91,9727055,0
HOOD.US,D,20190221,000000,7.11,7.13,6.82,6.84,4039066,0
HOOD.US,D,20190222,000000,6.73,6.74,6.46,6.53,8936575,0
HOOD.US,D,20190225,000000,6.58,6.61,6.00,6.26,6673848,0
HOOD.US,D,20190225,000000,6.20,6.45,6.19,6.41,11899340,0
HOOD.US,D,20190225,000000,6.47,6.49,6.18,6.32,5458266,0
HOOD.US,D,20190226,000000,6.26,6.39,6.26,6.37,8325136,0
HOOD.US,D,20190227,000000,6.32,6.36,5.96,6.04,11739751,0
HOOD.US,D,20190228,000000,5.94,6.07,5.91,6.07,10026250,0
HOOD.US,D,20190301,000000,6.14,6.16,6.06,6.08,10968676,0
HOOD.US,D,20190304,000000,6.11,6.14,5.83,6.00,11814478,0
HOOD.US,D,20190304,000000,5.92,6.35,5.86,6.23,6597694,0
HOOD.US,D,20190304,000000,6.20,6.23,5.93,6.03,9250268,0
HOOD.US,D,20190305,000000,5.93,6.14,5.86,6.09,10322684,0
HOOD.US,D,20190306,000000,6.00,6.49,5.89,6.39,9666289,0
HOOD.US,D,20190307,000000,6.44,6.70,6.41,6.67,11121529,0
HOOD.US,D,20190308,000000,6.79,6.84,6.64,6.72,11469307,0
HOOD.US,D,20190311,000000,6.77,6.78,6.69,6.70,6717748,0
HOOD.US,D,20190311,000000,6.74,7.05,6.69,6.87,11617220,0
HOOD.US,D,20190311,000000,6.92,6.92,6.76,6.76,8770473,0
HOOD.US,D,20190312,000000,6.71,6.76,6.44,6.49,9557300,0
HOOD.US,D,20190313,000000,6.54,6.57,6.02,6.26,5184938,0
HOOD.US,D,20190314,000000,6.28,6.37,5.95,5.97,5959417,0
HOOD.US,D,20190315,000000,6.00,6.04,5.76,5.82,8054664,0
HOOD.US,D,20190318,000000,5.81,6.06,5.72,5.96,7551601,0
HOOD.US,D,20190318,000000,5.94,5.95,5.86,5.87,4436757,0
HOOD.US,D,20190318,000000,5.88,6.22,5.86,6.14,11005611,0
HOOD.US,D,20190319,000000,6.20,6.25,5.98,6.08,10609750,0
HOOD.US,D,20190320,000000,5.96,6.40,5.75,6.27,9796892,0
HOOD.US,D,20190321,000000,6.28,6.39,6.25,6.35,7892727,0
HOOD.US,D,20190322,000000,6.37,6.68,6.31,6.63,11061325,0
HOOD.US,D,20190325,000000,6.64,6.66,6.44,6.48,4860154,0
HOOD.US,D,20190325,000000,6.51,6.59,6.48,6.58,9154436,0
HOOD.US,D,20190325,000000,6.50,6.53,6.18,6.30,11736109,0
HOOD.US,D,20190326,000000,6.32,6.58,6.24,6.50,4652104,0
HOOD.US,D,20190327,000000,6.44,6.49,6.43,6.49,8479636,0
HOOD.US,D,20190328,000000,6.42,6.83,6.39,6.82,9823506,0
HOOD.US,D,20190329,000000,6.83,7.09,6.79,7.04,7391280,0
HOOD.US,D,20190401,000000,6.95,7.72,6.90,7.41,11172418,0
HOOD.US,D,20190401,000000,7.50,7.55,7.00,7.14,7336759,0
HOOD.US,D,20190401,000000,7.16,7.17,7.07,7.09,11094972,0
HOOD.US,D,20190402,000000,7.10,7.71,7.03,7.54,8994679,0
HOOD.US,D,20190403,000000,7.39,8.07,7.35,7.78,6302244,0
HOOD.US,D,20190404,000000,7.68,7.79,7.66,7.74,4308924,0
HOOD.US,D,20190405,000000,7.74,7.77,7.27,7.37,9713497,0
HOOD.US,D,20190408,000000,7.51,7.96,7.35,7.89,7654281,0
HOOD.US,D,20190408,000000,7.85,7.94,7.83,7.92,11552270,0
HOOD.US,D,20190408,000000,7.90,8.06,7.89,7.97,10658539,0
HOOD.US,D,20190409,000000,8.07,8.14,7.60,7.72,10133735,0
HOOD.US,D,20190410,000000,7.58,7.89,7.52,7.87,8930265,0
HOOD.US,D,20190411,000000,7.80,8.55,7.69,8.28,5195779,0
HOOD.US,D,20190412,000000,8.37,8.44,8.17,8.19,10047942,0
HOOD.US,D,20190415,000000,8.06,8.82,7.96,8.73,10422001,0
HOOD.US,D,20190415,000000,8.65,9.22,8.62,9.03,11640340,0
HOOD.US,D,20190415,000000,8.88,8.90,8.06,8.12,9267058,0
HOOD.US,D,20190416,000000,8.13,8.25,7.57,7.71,4078016,0
HOOD.US,D,20190417,000000,7.83,8.37,7.77,8.35,4356019,0
HOOD.US,D,20190418,000000,8.36,8.39,8.31,8.34,11078018,0
HOOD.US,D,20190419,000000,8.28,8.58,8.25,8.52,11957825,0
HOOD.US,D,20190422,000000,8.35,8.66,8.30,8.50,4947227,0
HOOD.US,D,20190422,000000,8.44,9.06,8.26,8.97,9106314,0
HOOD.US,D,20190422,000000,8.93,9.37,8.84,9.25,4639171,0
HOOD.US,D,20190423,000000,9.18,9.39,9.18,9.31,5722033,0
HOOD.US,D,20190424,000000,9.33,9.34,9.29,9.30,5351074,0
HOOD.US,D,20190425,000000,9.25,9.44,9.19,9.42,7950735,0
HOOD.US,D,20190426,000000,9.58,9.82,8.93,9.08,4530591,0
HOOD.US,D,20190429,000000,9.01,9.40,8.91,9.34,9696745,0
HOOD.US,D,20190429,000000,9.59,9.68,9.22,9.23,7320000,0
HOOD.US,D,20190429,000000,9.17,9.32,9.15,9.27,9481884,0
HOOD.US,D,20190430,000000,9.21,9.68,9.16,9.65,5591436,0
HOOD.US,D,20190501,000000,9.54,9.75,9.54,9.75,8893993,0
HOOD.US,D,20190502,000000,9.78,10.02,9.74,9.97,9017268,0
HOOD.US,D,20190503,000000,9.94,10.09,9.93,10.00,4685767,0
HOOD.US,D,20190506,000000,9.87,10.05,9.84,9.97,4419977,0
HOOD.US,D,20190506,000000,9.95,10.33,9.87,10.23,10602123,0
HOOD.US,D,20190506,000000,10.07,10.16,9.86,9.93,5129750,0
HOOD.US,D,20190507,000000,10.08,10.51,10.04,10.47,6799169,0
HOOD.US,D,20190508,000000,10.37,10.57,9.67,9.75,7801394,0
HOOD.US,D,20190509,000000,9.61,9.79,9.51,9.74,4194760,0
HOOD.US,D,20190510,000000,9.65,9.66,9.57,9.58,11379027,0
HOOD.US,D,20190513,000000,9.47,9.73,9.34,9.68,7500902,0
HOOD.US,D,20190513,000000,9.69,9.70,9.69,9.70,4552134,0
HOOD.US,D,20190513,000000,9.60,9.84,9.59,9.81,9384398,0
HOOD.US,D,20190514,000000,9.69,9.80,9.67,9.78,5460752,0
HOOD.US,D,20190515,000000,9.68,11.01,9.56,10.65,8998993,0
HOOD.US,D,20190516,000000,10.88,10.93,10.30,10.52,8064595,0
HOOD.US,D,20190517,000000,10.43,11.21,10.10,11.08,7909891,0
HOOD.US,D,20190520,000000,11.11,11.15,10.36,10.51,4018482,0
HOOD.US,D,20190520,000000,10.38,10.43,10.19,10.25,7498158,0
HOOD.US,D,20190520,000000,10.34,10.76,10.28,10.58,9872556,0
HOOD.US,D,20190521,000000,10.45,10.47,10.07,10.20,7509239,0
HOOD.US,D,20190522,000000,10.22,10.23,10.16,10.17,7811566,0
HOOD.US,D,20190523,000000,10.16,10.19,9.85,9.97,7437730,0
HOOD.US,D,20190524,000000,10.04,10.33,9.99,10.12,8276666,0
HOOD.US,D,20190527,000000,10.26,10.28,10.06,10.12,11551364,0
HOOD.US,D,20190527,000000,10.05,10.53,10.00,10.48,9726436,0
HOOD.US,D,20190527,000000,10.45,10.76,10.39,10.68,4303761,0
HOOD.US,D,20190528,000000,10.60,10.62,10.34,10.34,4591908,0
HOOD.US,D,20190529,000000,10.29,10.61,10.11,10.55,10487698,0
HOOD.US,D,20190530,000000,10.52,10.70,10.22,10.38,8283054,0
HOOD.US,D,20190531,000000,10.36,11.18,10.20,10.71,8768504,0
HOOD.US,D,20190603,000000,10.60,10.73,10.57,10.67,11040072,0
HOOD.US,D,20190603,000000,10.68,11.08,10.64,11.02,8139353,0
HOOD.US,D,20190603,000000,11.00,11.10,10.37,10.53,10205329,0
HOOD.US,D,20190604,000000,10.48,10.84,10.41,10.71,5930334,0
HOOD.US,D,20190605,000000,10.65,10.82,9.92,9.94,6899454,0
HOOD.US,D,20190606,000000,9.89,9.91,9.82,9.83,4721475,0
HOOD.US,D,20190607,000000,9.88,10.09,9.21,9.46,4419010,0
HOOD.US,D,20190610,000000,9.53,9.63,9.50,9.62,9513868,0
HOOD.US,D,20190610,000000,9.67,9.68,9.57,9.58,10601816,0
HOOD.US,D,20190610,000000,9.57,10.28,9.25,10.10,4987406,0
HOOD.US,D,20190611,000000,10.22,10.28,10.20,10.27,8611315,0
HOOD.US,D,20190612,000000,10.17,10.79,10.00,10.63,7217267,0
HOOD.US,D,20190613,000000,10.53,10.73,10.46,10.60,8297397,0
HOOD.US,D,20190614,000000,10.73,11.09,10.67,10.98,4365713,0
HOOD.US,D,20190617,000000,10.84,11.04,10.80,10.99,8038687,0
HOOD.US,D,20190617,000000,10.88,11.20,10.78,11.16,8742608,0
HOOD.US,D,20190617,000000,11.24,11.28,10.79,10.81,9170387,0
HOOD.US,D,20190618,000000,10.74,10.83,10.59,10.62,8993505,0
HOOD.US,D,20190619,000000,10.69,10.77,10.35,10.43,4663999,0
HOOD.US,D,20190620,000000,10.54,10.66,10.07,10.14,9845915,0
HOOD.US,D,20190621,000000,10.03,10.07,9.68,9.79,7909067,0
HOOD.US,D,20190624,000000,9.70,9.83,8.97,9.25,10348592,0
HOOD.US,D,20190624,000000,9.31,9.32,8.60,8.91,8178817,0
HOOD.US,D,20190624,000000,8.84,9.20,8.78,9.12,11160960,0
HOOD.US,D,20190625,000000,9.07,9.07,9.02,9.02,5906203,0
HOOD.US,D,20190626,000000,8.94,8.98,8.36,8.56,10210626,0
HOOD.US,D,20190627,000000,8.45,8.62,8.39,8.51,10171265,0
HOOD.US,D,20190628,000000,8.52,8.93,8.34,8.83,6390900,0
HOOD.US,D,20190701,000000,8.86,9.36,8.85,9.25,9888509,0
HOOD.US,D,20190701,000000,9.11,9.16,9.11,9.16,11195709,0
HOOD.US,D,20190701,000000,9.07,9.38,9.06,9.33,11506241,0
HOOD.US,D,20190702,000000,9.26,9.54,9.18,9.42,9260565,0
HOOD.US,D,20190703,000000,9.35,9.70,9.31,9.64,6357076,0
HOOD.US,D,20190704,000000,9.55,10.15,9.46,10.05,6316207,0
HOOD.US,D,20190705,000000,10.22,10.30,9.98,10.07,5725945,0
HOOD.US,D,20190708,000000,10.09,10.12,9.97,10.01,11511874,0
HOOD.US,D,20190708,000000,9.98,10.79,9.93,10.40,4393069,0
HOOD.US,D,20190708,000000,10.41,10.42,10.07,10.13,8754525,0
HOOD.US,D,20190709,000000,10.24,10.26,9.99,10.00,5978312,0
HOOD.US,D,20190710,000000,10.03,10.23,9.35,9.39,5160395,0
HOOD.US,D,20190711,000000,9.52,9.56,9.52,9.54,7028729,0
HOOD.US,D,20190712,000000,9.66,9.67,9.45,9.45,5429230,0
HOOD.US,D,20190715,000000,9.58,9.63,9.40,9.43,8613951,0
HOOD.US,D,20190715,000000,9.42,9.44,9.24,9.28,11404038,0
HOOD.US,D,20190715,000000,9.27,9.90,9.16,9.77,5460908,0
HOOD.US,D,20190716,000000,9.70,9.91,8.88,9.24,5773246,0
HOOD.US,D,20190717,000000,9.19,9.32,9.19,9.29,6262712,0
HOOD.US,D,20190718,000000,9.45,9.56,8.83,9.05,6131736,0
HOOD.US,D,20190719,000000,9.09,9.13,8.88,8.90,11337462,0
HOOD.US,D,20190722,000000,8.87,8.92,8.60,8.65,4588454,0
HOOD.US,D,20190722,000000,8.55,9.29,8.34,9.21,6046069,0
HOOD.US,D,20190722,000000,9.10,9.71,8.85,9.51,11022691,0
HOOD.US,D,20190723,000000,9.55,9.60,9.11,9.21,7338691,0
HOOD.US,D,20190724,000000,9.31,9.68,9.16,9.54,10933319,0
HOOD.US,D,20190725,000000,9.55,9.61,8.93,9.17,9156933,0
HOOD.US,D,20190726,000000,9.17,9.59,9.16,9.54,4945904,0
HOOD.US,D,20190729,000000,9.50,9.51,9.24,9.34,8492644,0
HOOD.US,D,20190729,000000,9.45,9.55,9.24,9.25,7260801,0
HOOD.US,D,20190729,000000,9.18,9.72,9.18,9.62,4226939,0
HOOD.US,D,20190730,000000,9.47,9.71,9.43,9.66,5458750,0
HOOD.US,D,20190731,000000,9.56,9.59,9.32,9.33,6348247,0
HOOD.US,D,20190801,000000,9.38,9.41,9.18,9.19,11057746,0
HOOD.US,D,20190802,000000,9.27,9.33,9.19,9.22,4898450,0
HOOD.US,D,20190805,000000,9.03,9.13,8.98,9.09,11962013,0
HOOD.US,D,20190805,000000,8.96,9.32,8.83,9.30,11536783,0
HOOD.US,D,20190805,000000,9.32,9.33,9.14,9.19,5385247,0
HOOD.US,D,20190806,000000,9.23,9.45,9.19,9.41,4183344,0
HOOD.US,D,20190807,000000,9.30,9.37,9.30,9.37,6817878,0
HOOD.US,D,20190808,000000,9.38,9.47,9.03,9.18,11732911,0
HOOD.US,D,20190809,000000,9.16,9.16,9.05,9.09,9498543,0
HOOD.US,D,20190812,000000,8.97,9.15,8.96,9.10,4926293,0
HOOD.US,D,20190812,000000,8.98,9.14,8.92,9.12,9961352,0
HOOD.US,D,20190812,000000,9.20,9.20,8.46,8.81,10193235,0
HOOD.US,D,20190813,000000,8.87,9.46,8.81,9.27,5223208,0
HOOD.US,D,20190814,000000,9.42,9.95,9.35,9.65,6818718,0
HOOD.US,D,20190815,000000,9.77,9.90,9.72,9.89,7901339,0
HOOD.US,D,20190816,000000,10.20,10.24,9.07,9.14,10882954,0
HOOD.US,D,20190819,000000,9.26,9.26,8.19,8.51,10321931,0
HOOD.US,D,20190819,000000,8.49,8.69,8.01,8.06,7199100,0
HOOD.US,D,20190819,000000,8.04,8.67,8.02,8.41,4381891,0
HOOD.US,D,20190820,000000,8.30,9.32,7.97,9.23,9778210,0
HOOD.US,D,20190821,000000,9.17,9.46,9.16,9.37,8283260,0
HOOD.US,D,20190822,000000,9.32,10.68,8.92,10.46,8540696,0
HOOD.US,D,20190823,000000,10.63,11.47,10.58,11.43,9822843,0
HOOD.US,D,20190826,000000,11.77,11.83,11.70,11.83,5703505,0
HOOD.US,D,20190826,000000,11.86,12.83,11.72,12.44,11111615,0
HOOD.US,D,20190826,000000,12.43,13.36,12.26,13.25,6033957,0
HOOD.US,D,20190827,000000,12.95,14.07,12.75,13.57,4359176,0
HOOD.US,D,20190828,000000,13.60,13.95,12.33,12.81,5968387,0
HOOD.US,D,20190829,000000,12.96,13.07,12.88,12.98,6680289,0
HOOD.US,D,20190830,000000,13.02,13.16,12.98,13.08,13217835,0
HOOD.US,D,20190902,000000,13.12,13.27,13.12,13.21,10901874,0
HOOD.US,D,20190902,000000,13.38,13.47,13.36,13.39,15712230,0
HOOD.US,D,20190902,000000,13.18,13.65,13.17,13.64,11988956,0
HOOD.US,D,20190903,000000,13.38,13.97,13.26,13.90,10446994,0
HOOD.US,D,20190904,000000,14.06,14.29,13.97,14.26,16306683,0
HOOD.US,D,20190905,000000,14.09,14.60,14.04,14.40,14776410,0
HOOD.US,D,20190906,000000,14.52,14.66,14.48,14.59,19921584,0
HOOD.US,D,20190909,000000,14.69,14.76,14.64,14.71,15996015,0
HOOD.US,D,20190909,000000,15.07,15.10,14.82,14.91,14529281,0
HOOD.US,D,20190909,000000,15.03,15.19,14.99,15.19,8688093,0
HOOD.US,D,20190910,000000,14.94,15.59,14.89,15.52,9025404,0
HOOD.US,D,20190911,000000,15.72,16.01,15.71,15.93,10382192,0
HOOD.US,D,20190912,000000,16.03,16.43,15.96,16.30,25944061,0
HOOD.US,D,20190913,000000,16.32,16.83,16.07,16.75,21112539,0
HOOD.US,D,20190916,000000,17.07,17.17,17.03,17.16,15088893,0
HOOD.US,D,20190916,000000,17.22,17.68,17.16,17.63,12209497,0
HOOD.US,D,20190916,000000,17.41,18.08,17.19,18.06,12523833,0
HOOD.US,D,20190917,000000,17.94,18.81,17.85,18.52,23857265,0
HOOD.US,D,20190918,000000,18.38,19.14,18.27,18.98,29172931,0
HOOD.US,D,20190919,000000,18.86,19.51,18.76,19.36,28966879,0
HOOD.US,D,20190920,000000,19.76,19.87,19.74,19.85,28294824,0
HOOD.US,D,20190923,000000,19.84,20.31,19.78,20.31,12481617,0
HOOD.US,D,20190923,000000,20.28,21.13,19.96,20.81,11039112,0
HOOD.US,D,20190923,000000,20.72,21.95,20.60,21.52,20790717,0
HOOD.US,D,20190924,000000,21.87,22.07,21.73,22.06,17808273,0
HOOD.US,D,20190925,000000,21.99,22.92,21.68,22.79,28327470,0
HOOD.US,D,20190926,000000,22.66,23.67,22.57,23.49,12844555,0
HOOD.US,D,20190927,000000,23.68,24.41,23.51,24.31,23184285,0
HOOD.US,D,20190930,000000,24.15,25.17,23.99,25.02,23890628,0
HOOD.US,D,20190930,000000,25.38,25.75,25.26,25.74,13479083,0
HOOD.US,D,20190930,000000,26.13,27.00,25.94,26.60,17134941,0
HOOD.US,D,20191001,000000,26.72,27.80,26.30,27.42,36816913,0
HOOD.US,D,20191002,000000,27.52,28.40,27.47,28.16,30796944,0
HOOD.US,D,20191003,000000,28.03,29.86,27.85,29.13,31742622,0
HOOD.US,D,20191004,000000,28.70,30.20,28.59,29.99,24384187,0
HOOD.US,D,20191007,000000,30.17,31.92,30.04,31.47,22646938,0
HOOD.US,D,20191007,000000,30.97,33.08,30.59,32.57,20048170,0
HOOD.US,D,20191007,000000,32.02,34.15,31.88,33.62,38474128,0
HOOD.US,D,20191008,000000,33.45,34.96,32.77,34.87,16901492,0
HOOD.US,D,20191009,000000,34.70,34.77,31.82,32.62,9175070,0
HOOD.US,D,20191010,000000,32.51,35.00,32.32,33.95,7145332,0
HOOD.US,D,20191011,000000,33.57,35.40,33.46,35.06,7965965,0
HOOD.US,D,20191014,000000,35.32,35.54,34.82,35.15,9069814,0
HOOD.US,D,20191014,000000,35.45,35.97,29.66,31.79,7174797,0
HOOD.US,D,20191014,000000,31.82,33.60,31.56,33.38,8683868,0
HOOD.US,D,20191015,000000,33.86,34.50,31.69,32.11,10975196,0
HOOD.US,D,20191016,000000,31.98,33.77,31.88,33.66,10443002,0
HOOD.US,D,20191017,000000,33.08,34.86,32.37,34.11,8765970,0
HOOD.US,D,20191018,000000,34.03,35.19,33.89,34.71,11065584,0
HOOD.US,D,20191021,000000,35.16,35.53,35.15,35.22,7636097,0
HOOD.US,D,20191021,000000,35.83,36.93,33.12,33.50,5567668,0
HOOD.US,D,20191021,000000,33.87,36.09,33.18,35.42,4951414,0
HOOD.US,D,20191022,000000,34.76,34.88,33.74,33.97,9345607,0
HOOD.US,D,20191023,000000,34.11,36.28,32.77,36.00,5028210,0
HOOD.US,D,20191024,000000,35.31,38.17,35.24,37.91,10903683,0
HOOD.US,D,20191025,000000,38.33,38.91,38.32,38.79,9498743,0
HOOD.US,D,20191028,000000,38.00,39.57,37.95,39.12,4695154,0
HOOD.US,D,20191028,000000,39.68,40.44,39.63,40.22,5499681,0
HOOD.US,D,20191028,000000,41.70,41.92,40.42,40.64,4211214,0
HOOD.US,D,20191029,000000,41.92,42.97,41.63,42.07,10526449,0
HOOD.US,D,20191030,000000,41.85,43.66,41.48,43.15,7264028,0
HOOD.US,D,20191031,000000,43.95,44.16,41.23,41.86,9590720,0
HOOD.US,D,20191101,000000,41.69,41.83,37.80,39.47,9929497,0
HOOD.US,D,20191104,000000,39.34,39.80,38.30,38.35,5585296,0
HOOD.US,D,20191104,000000,38.84,38.99,38.79,38.95,10261279,0
HOOD.US,D,20191104,000000,38.91,41.54,36.85,41.22,8668460,0
HOOD.US,D,20191105,000000,41.99,42.20,41.07,41.51,10705386,0
HOOD.US,D,20191106,000000,41.38,42.65,41.30,42.24,6922661,0
HOOD.US,D,20191107,000000,42.18,45.91,42.13,45.74,8056526,0
HOOD.US,D,20191108,000000,45.39,47.28,45.37,46.75,8727785,0
HOOD.US,D,20191111,000000,47.06,47.81,43.84,44.16,4079543,0
HOOD.US,D,20191111,000000,43.35,43.64,39.23,39.76,8006017,0
HOOD.US,D,20191111,000000,39.73,40.27,39.70,39.96,5847461,0
HOOD.US,D,20191112,000000,39.85,41.80,39.21,40.93,4470031,0
HOOD.US,D,20191113,000000,41.10,41.20,39.37,39.63,6056568,0
HOOD.US,D,20191114,000000,39.33,42.45,38.42,41.51,9040949,0
HOOD.US,D,20191115,000000,41.86,41.97,38.74,39.15,9821718,0
HOOD.US,D,20191118,000000,39.51,41.08,38.98,40.32,9480949,0
HOOD.US,D,20191118,000000,41.26,42.14,40.96,42.13,7301215,0
HOOD.US,D,20191118,000000,41.67,42.50,41.52,42.33,5989186,0
HOOD.US,D,20191119,000000,43.28,45.12,35.18,36.05,11115644,0
HOOD.US,D,20191120,000000,36.01,36.16,35.80,36.13,5252635,0
HOOD.US,D,20191121,000000,36.09,36.11,33.64,34.28,5262951,0
HOOD.US,D,20191122,000000,33.92,35.93,33.69,35.83,8028125,0
HOOD.US,D,20191125,000000,36.06,38.11,35.99,37.83,9921432,0
HOOD.US,D,20191125,000000,38.27,38.68,36.71,36.73,9614623,0
HOOD.US,D,20191125,000000,37.75,37.91,32.87,33.19,9876553,0
HOOD.US,D,20191126,000000,33.43,34.38,32.37,33.26,9088538,0
HOOD.US,D,20191127,000000,33.51,34.08,30.84,31.57,8747596,0
HOOD.US,D,20191128,000000,31.43,35.15,30.48,35.07,7109397,0
HOOD.US,D,20191129,000000,34.51,34.52,33.14,33.47,11093787,0
HOOD.US,D,20191202,000000,34.19,35.21,31.88,32.51,5205672,0
HOOD.US,D,20191202,000000,33.24,33.62,33.07,33.37,11889051,0
HOOD.US,D,20191202,000000,32.08,32.76,31.99,32.61,4518027,0
HOOD.US,D,20191203,000000,32.04,32.67,29.75,30.77,11881211,0
HOOD.US,D,20191204,000000,30.45,31.00,30.06,30.80,11726846,0
HOOD.US,D,20191205,000000,31.06,31.27,30.43,30.78,6308569,0
HOOD.US,D,20191206,000000,30.97,31.02,29.42,29.72,8619559,0
HOOD.US,D,20191209,000000,29.75,30.79,29.64,30.33,10059762,0
HOOD.US,D,20191209,000000,30.56,30.58,30.15,30.19,5520557,0
HOOD.US,D,20191209,000000,30.49,30.85,30.22,30.36,6921190,0
HOOD.US,D,20191210,000000,30.74,31.27,28.07,28.79,5846984,0
HOOD.US,D,20191211,000000,28.36,30.27,28.17,29.62,8313613,0
HOOD.US,D,20191212,000000,30.73,30.83,30.57,30.64,5619570,0
HOOD.US,D,20191213,000000,30.98,34.44,30.77,33.79,8896144,0
HOOD.US,D,20191216,000000,33.95,34.06,33.52,33.61,5399871,0
HOOD.US,D,20191216,000000,32.96,34.86,32.93,34.41,8945060,0
HOOD.US,D,20191216,000000,33.77,34.01,33.66,33.68,8144894,0
HOOD.US,D,20191217,000000,33.80,38.98,32.98,37.21,6915234,0
HOOD.US,D,20191218,000000,36.55,38.56,36.51,38.25,9861150,0
HOOD.US,D,20191219,000000,39.34,43.60,39.24,42.02,9850120,0
HOOD.US,D,20191220,000000,41.20,42.85,40.86,42.85,6585344,0
HOOD.US,D,20191223,000000,41.77,44.79,41.68,44.11,9656309,0
HOOD.US,D,20191223,000000,44.58,46.91,44.27,46.26,11619649,0
HOOD.US,D,20191223,000000,46.02,46.38,44.19,44.82,8973386,0
HOOD.US,D,20191224,000000,44.91,47.11,44.35,46.90,6174475,0
HOOD.US,D,20191225,000000,46.67,46.77,46.33,46.56,11731632,0
HOOD.US,D,20191226,000000,47.04,48.64,46.30,47.82,9419003,0
HOOD.US,D,20191227,000000,47.81,50.44,47.75,49.80,10506287,0
HOOD.US,D,20191230,000000,49.38,51.08,48.71,50.94,9988067,0
HOOD.US,D,20191230,000000,51.03,51.41,46.68,48.15,5852179,0
HOOD.US,D,20191230,000000,46.90,48.08,46.86,47.87,4393289,0
HOOD.US,D,20191231,000000,48.14,49.74,47.77,49.46,7091978,0
HOOD.US,D,20200101,000000,49.54,51.47,49.51,51.04,10204698,0
HOOD.US,D,20200102,000000,52.07,52.68,52.05,52.40,9974412,0
HOOD.US,D,20200103,000000,52.36,52.46,51.38,51.91,11876775,0
HOOD.US,D,20200106,000000,50.77,54.77,50.53,54.47,6584782,0
HOOD.US,D,20200106,000000,53.70,54.26,53.53,54.11,10752012,0
HOOD.US,D,20200106,000000,53.57,53.80,51.41,52.63,8590259,0
HOOD.US,D,20200107,000000,53.18,56.61,53.05,56.06,5381168,0
HOOD.US,D,20200108,000000,55.81,56.46,53.23,53.31,8638789,0
HOOD.US,D,20200109,000000,53.36,54.71,52.93,54.27,7463332,0
HOOD.US,D,20200110,000000,53.09,55.05,52.92,55.00,10578758,0
HOOD.US,D,20200113,000000,54.01,56.02,53.86,55.99,18430514,0
HOOD.US,D,20200113,000000,56.10,57.89,55.93,57.41,12249742,0
HOOD.US,D,20200113,000000,57.01,59.56,56.74,58.59,11245526,0
HOOD.US,D,20200114,000000,58.75,59.48,58.56,59.48,19895680,0
HOOD.US,D,20200115,000000,59.90,61.69,59.86,60.88,9842168,0
HOOD.US,D,20200116,000000,60.76,62.84,60.62,62.15,10276565,0
HOOD.US,D,20200117,000000,62.31,63.69,62.03,63.40,10871496,0
HOOD.US,D,20200120,000000,63.59,64.78,63.18,64.59,18459329,0
HOOD.US,D,20200120,000000,65.51,65.93,64.98,65.50,12750242,0
HOOD.US,D,20200120,000000,64.77,66.77,64.46,66.64,16539117,0
HOOD.US,D,20200121,000000,66.68,67.93,66.46,67.75,9316805,0
HOOD.US,D,20200122,000000,67.97,69.83,67.65,69.77,16696794,0
HOOD.US,D,20200123,000000,67.85,72.10,65.49,71.88,22131903,0
HOOD.US,D,20200124,000000,71.22,73.97,71.00,72.98,23212798,0
HOOD.US,D,20200127,000000,73.84,75.19,73.84,74.60,16223655,0
HOOD.US,D,20200127,000000,74.74,77.84,74.72,76.63,16397457,0
HOOD.US,D,20200127,000000,76.20,79.35,75.77,78.54,17605398,0
HOOD.US,D,20200128,000000,78.69,80.44,78.56,80.13,22714081,0
HOOD.US,D,20200129,000000,80.76,82.89,80.52,82.71,32353819,0
HOOD.US,D,20200130,000000,81.43,86.37,79.61,84.39,31629531,0
HOOD.US,D,20200131,000000,83.60,89.64,83.13,87.12,30210842,0
HOOD.US,D,20200203,000000,88.77,90.85,88.76,90.76,34721705,0
HOOD.US,D,20200203,000000,91.42,94.62,91.32,94.03,21100456,0
HOOD.US,D,20200203,000000,93.83,98.18,92.55,98.04,24736889,0
HOOD.US,D,20200204,000000,98.14,101.57,97.22,101.22,38558139,0
HOOD.US,D,20200205,000000,101.99,105.53,101.77,104.65,30488997,0
HOOD.US,D,20200206,000000,103.86,109.77,103.44,108.14,18667895,0
HOOD.US,D,20200207,000000,109.03,111.78,108.54,111.76,28177699,0
HOOD.US,D,20200210,000000,109.73,110.72,109.32,110.68,11559771,0
HOOD.US,D,20200210,000000,109.60,109.72,109.44,109.59,7541126,0
HOOD.US,D,20200210,000000,109.82,119.19,107.98,117.82,7778550,0
HOOD.US,D,20200211,000000,117.47,117.76,111.15,112.92,10532945,0
HOOD.US,D,20200212,000000,113.05,113.17,109.31,109.92,7433630,0
HOOD.US,D,20200213,000000,107.85,109.66,107.60,108.43,4642144,0
HOOD.US,D,20200214,000000,107.77,112.53,107.74,110.39,6859394,0
HOOD.US,D,20200217,000000,111.62,113.64,111.34,113.30,7142784,0
HOOD.US,D,20200217,000000,111.37,116.37,110.66,114.83,7451823,0
HOOD.US,D,20200217,000000,114.38,125.52,113.33,124.52,6734871,0
HOOD.US,D,20200218,000000,125.12,125.45,117.40,118.36,7914850,0
HOOD.US,D,20200219,000000,116.81,117.53,113.19,113.73,7171022,0
HOOD.US,D,20200220,000000,115.25,115.81,105.03,106.88,7148924,0
HOOD.US,D,20200221,000000,107.68,107.73,104.73,106.58,7286141,0
HOOD.US,D,20200224,000000,104.68,107.02,104.58,106.09,11978187,0
HOOD.US,D,20200224,000000,107.12,112.58,106.79,110.21,4846932,0
HOOD.US,D,20200224,000000,109.68,113.51,108.71,111.36,10320219,0
HOOD.US,D,20200225,000000,111.95,113.81,111.93,113.10,7080835,0
HOOD.US,D,20200226,000000,114.03,114.44,109.98,110.07,10619522,0
HOOD.US,D,20200227,000000,108.29,109.26,108.01,109.17,11072216,0
HOOD.US,D,20200228,000000,108.89,109.11,103.09,106.54,7871501,0
HOOD.US,D,20200302,000000,106.29,106.74,106.20,106.73,4818357,0
HOOD.US,D,20200302,000000,108.50,109.46,100.91,103.93,4380689,0
HOOD.US,D,20200302,000000,101.81,102.22,95.43,96.73,6605981,0
HOOD.US,D,20200303,000000,97.26,105.03,97.11,102.35,9161350,0
HOOD.US,D,20200304,000000,103.35,104.80,102.99,103.90,11339077,0
HOOD.US,D,20200305,000000,101.76,108.45,100.26,106.48,7553958,0
HOOD.US,D,20200306,000000,107.62,107.75,97.70,98.54,6545391,0
HOOD.US,D,20200309,000000,99.53,100.05,98.67,98.77,5207373,0
HOOD.US,D,20200309,000000,98.46,101.21,95.76,100.78,7139385,0
HOOD.US,D,20200309,000000,102.29,103.46,97.65,98.63,5701931,0
HOOD.US,D,20200310,000000,97.25,100.75,96.97,99.15,6320628,0
HOOD.US,D,20200311,000000,100.12,106.00,99.99,104.47,7114910,0
HOOD.US,D,20200312,000000,105.68,107.09,102.01,102.36,9539989,0
HOOD.US,D,20200313,000000,102.75,103.01,101.26,101.41,6110015,0
HOOD.US,D,20200316,000000,100.60,100.89,96.10,97.70,11739622,0
HOOD.US,D,20200316,000000,94.22,94.32,93.67,94.01,23476474,0
HOOD.US,D,20200316,000000,92.88,92.96,89.71,90.29,11096078,0
HOOD.US,D,20200317,000000,89.62,92.64,84.85,85.60,26354593,0
HOOD.US,D,20200318,000000,83.77,83.91,82.33,82.38,35394814,0
HOOD.US,D,20200319,000000,81.58,83.73,74.22,77.83,24073966,0
HOOD.US,D,20200320,000000,76.68,76.78,73.18,73.69,23007189,0
HOOD.US,D,20200323,000000,74.32,74.39,66.84,69.07,18851904,0
HOOD.US,D,20200323,000000,70.71,71.06,59.69,64.00,23003459,0
HOOD.US,D,20200323,000000,62.92,63.21,55.32,59.36,59911238,0
HOOD.US,D,20200324,000000,59.23,62.32,59.11,61.26,7549873,0
HOOD.US,D,20200325,000000,61.73,62.06,61.11,61.28,5378003,0
HOOD.US,D,20200326,000000,60.84,61.10,60.22,60.80,4232271,0
HOOD.US,D,20200327,000000,59.77,60.23,55.61,55.74,10185233,0
HOOD.US,D,20200330,000000,55.53,56.63,52.05,53.39,10200999,0
HOOD.US,D,20200330,000000,54.47,54.84,53.76,53.77,8920286,0
HOOD.US,D,20200330,000000,54.74,55.24,52.93,53.71,10754256,0
HOOD.US,D,20200331,000000,53.60,57.99,52.89,56.75,11653505,0
HOOD.US,D,20200401,000000,56.73,63.04,56.05,61.92,7060667,0
HOOD.US,D,20200402,000000,62.11,62.13,61.50,61.99,9226590,0
HOOD.US,D,20200403,000000,62.48,64.80,62.03,64.22,9992848,0
HOOD.US,D,20200406,000000,64.47,66.38,63.69,66.04,4021404,0
HOOD.US,D,20200406,000000,67.24,68.59,62.71,64.12,5349580,0
HOOD.US,D,20200406,000000,64.37,64.73,59.86,60.68,7798362,0
HOOD.US,D,20200407,000000,61.27,62.37,61.20,62.16,9443069,0
HOOD.US,D,20200408,000000,62.57,64.42,57.23,57.62,4539690,0
HOOD.US,D,20200409,000000,57.15,57.45,56.13,56.30,7528913,0
HOOD.US,D,20200410,000000,56.85,57.50,56.57,57.18,8608442,0
HOOD.US,D,20200413,000000,56.92,57.20,53.48,54.64,5043324,0
HOOD.US,D,20200413,000000,53.02,53.05,53.01,53.05,5835739,0
HOOD.US,D,20200413,000000,53.22,54.76,53.01,54.62,4706699,0
HOOD.US,D,20200414,000000,55.96,56.30,53.58,53.93,7675341,0
HOOD.US,D,20200415,000000,55.04,55.44,52.12,52.21,11387888,0
HOOD.US,D,20200416,000000,51.75,55.64,50.37,54.71,4328142,0
HOOD.US,D,20200417,000000,55.13,56.16,51.62,51.98,8508180,0
HOOD.US,D,20200420,000000,51.61,58.28,51.53,56.49,9423896,0
HOOD.US,D,20200420,000000,58.21,58.28,57.54,57.71,9433519,0
HOOD.US,D,20200420,000000,57.88,60.85,57.85,60.73,5683648,0
HOOD.US,D,20200421,000000,61.05,62.39,56.67,57.66,8342954,0
HOOD.US,D,20200422,000000,59.01,59.14,50.06,53.05,9657951,0
HOOD.US,D,20200423,000000,52.51,54.14,50.08,50.23,10387111,0
HOOD.US,D,20200424,000000,50.82,53.88,45.07,45.66,4265042,0
HOOD.US,D,20200427,000000,45.18,51.92,43.76,49.80,4422009,0
HOOD.US,D,20200427,000000,48.98,50.51,48.35,50.29,8463415,0
HOOD.US,D,20200427,000000,51.18,51.23,46.78,48.23,11792672,0
HOOD.US,D,20200428,000000,47.34,47.43,46.96,47.05,4370403,0
HOOD.US,D,20200429,000000,47.34,47.40,46.60,47.02,5232085,0
HOOD.US,D,20200430,000000,46.55,48.30,46.15,48.04,4725998,0
HOOD.US,D,20200501,000000,47.89,48.16,47.79,47.82,6367997,0
HOOD.US,D,20200504,000000,48.01,50.91,46.12,49.79,11415641,0
HOOD.US,D,20200504,000000,51.36,51.49,49.63,49.76,5253114,0
HOOD.US,D,20200504,000000,49.66,49.69,49.44,49.49,6023735,0
HOOD.US,D,20200505,000000,47.96,54.02,46.71,51.73,4388449,0
HOOD.US,D,20200506,000000,50.95,59.67,50.63,56.45,6142635,0
HOOD.US,D,20200507,000000,55.83,56.56,55.74,56.50,7086733,0
HOOD.US,D,20200508,000000,56.37,59.10,55.86,58.20,11496564,0
HOOD.US,D,20200511,000000,58.16,70.06,57.61,66.12,9639281,0
HOOD.US,D,20200511,000000,65.08,65.68,61.45,62.76,7055580,0
HOOD.US,D,20200511,000000,61.98,66.41,60.30,65.67,11375032,0
HOOD.US,D,20200512,000000,63.83,63.85,63.22,63.67,9313660,0
HOOD.US,D,20200513,000000,65.02,66.31,61.13,62.36,5771812,0
HOOD.US,D,20200514,000000,62.79,63.08,59.86,60.77,4100789,0
HOOD.US,D,20200515,000000,61.56,63.00,61.48,62.48,9696621,0
HOOD.US,D,20200518,000000,63.52,63.98,59.53,59.70,9050406,0
HOOD.US,D,20200518,000000,57.41,58.61,56.95,58.61,5510906,0
HOOD.US,D,20200518,000000,59.14,69.54,57.68,69.27,8166127,0
HOOD.US,D,20200519,000000,68.68,69.40,64.06,64.96,10770296,0
HOOD.US,D,20200520,000000,64.25,68.93,63.98,68.07,11720436,0
HOOD.US,D,20200521,000000,67.54,73.35,63.96,73.23,8147083,0
HOOD.US,D,20200522,000000,71.24,72.24,70.32,72.18,4130308,0
HOOD.US,D,20200525,000000,72.96,85.06,70.45,77.43,6045562,0
HOOD.US,D,20200525,000000,77.37,82.57,77.32,80.72,9444590,0
HOOD.US,D,20200525,000000,80.50,80.55,78.61,79.32,7424274,0
HOOD.US,D,20200526,000000,80.24,82.13,73.40,73.93,11137348,0
HOOD.US,D,20200527,000000,77.24,78.29,71.62,74.04,11051554,0
HOOD.US,D,20200528,000000,71.14,72.75,70.54,72.70,8230002,0
HOOD.US,D,20200529,000000,72.21,72.63,70.89,71.20,7683226,0
HOOD.US,D,20200601,000000,70.63,80.87,67.00,79.44,11946607,0
HOOD.US,D,20200601,000000,81.12,90.15,79.78,87.29,8501851,0
HOOD.US,D,20200601,000000,85.33,89.49,83.96,89.45,8158825,0
HOOD.US,D,20200602,000000,90.11,90.72,86.56,87.47,6588208,0
HOOD.US,D,20200603,000000,89.01,106.15,88.71,99.62,11243021,0
HOOD.US,D,20200604,000000,99.88,105.13,98.85,103.93,8452762,0
HOOD.US,D,20200605,000000,103.20,106.78,103.11,105.11,10380824,0
HOOD.US,D,20200608,000000,104.21,104.65,103.02,103.18,9549389,0
HOOD.US,D,20200608,000000,103.31,105.32,101.15,104.51,7556238,0
HOOD.US,D,20200608,000000,99.76,102.77,99.60,102.63,8883593,0
HOOD.US,D,20200609,000000,103.29,104.10,103.23,103.66,7151476,0
HOOD.US,D,20200610,000000,101.32,102.22,100.38,102.06,5512923,0
HOOD.US,D,20200611,000000,102.35,102.69,101.37,101.63,5954664,0
HOOD.US,D,20200612,000000,103.45,106.11,103.19,104.33,10430795,0
HOOD.US,D,20200615,000000,103.43,103.86,93.97,97.44,4693355,0
HOOD.US,D,20200615,000000,98.26,101.29,80.37,89.46,7634928,0
HOOD.US,D,20200615,000000,85.80,88.53,74.51,78.25,10123677,0
HOOD.US,D,20200616,000000,80.66,82.98,77.05,79.84,4009201,0
HOOD.US,D,20200617,000000,79.33,88.31,76.74,87.87,7889384,0
HOOD.US,D,20200618,000000,87.61,93.84,85.60,93.46,4721161,0
HOOD.US,D,20200619,000000,90.79,99.43,90.75,97.99,8416797,0
HOOD.US,D,20200622,000000,98.32,98.42,96.55,96.91,6875689,0
HOOD.US,D,20200622,000000,96.08,97.88,95.98,96.96,8690619,0
HOOD.US,D,20200622,000000,94.01,97.30,92.76,96.02,10534463,0
HOOD.US,D,20200623,000000,95.61,102.27,95.38,101.03,9544297,0
HOOD.US,D,20200624,000000,101.96,105.16,100.32,105.13,8369696,0
HOOD.US,D,20200625,000000,106.47,107.87,99.49,102.03,11007086,0
HOOD.US,D,20200626,000000,102.77,103.94,96.51,97.64,8434169,0
HOOD.US,D,20200629,000000,96.43,100.13,86.25,90.44,4632584,0
HOOD.US,D,20200629,000000,89.80,90.71,82.52,84.84,7016123,0
HOOD.US,D,20200629,000000,82.01,87.52,81.22,83.73,6013654,0
HOOD.US,D,20200630,000000,85.07,85.39,83.04,84.44,5528077,0
HOOD.US,D,20200701,000000,84.66,84.72,82.42,83.33,8035270,0
HOOD.US,D,20200702,000000,83.14,83.82,83.07,83.55,8181541,0
HOOD.US,D,20200703,000000,82.34,83.80,80.54,83.55,7388374,0
HOOD.US,D,20200706,000000,82.28,90.90,82.02,89.94,10975134,0
HOOD.US,D,20200706,000000,91.64,92.17,83.35,84.06,7705927,0
HOOD.US,D,20200706,000000,82.14,87.41,81.88,85.75,4938689,0
HOOD.US,D,20200707,000000,87.40,87.64,83.03,84.77,4066009,0
HOOD.US,D,20200708,000000,83.86,84.28,83.74,84.22,10737481,0
HOOD.US,D,20200709,000000,84.69,87.30,84.20,86.43,6350877,0
HOOD.US,D,20200710,000000,85.60,88.41,85.26,87.18,5007444,0
HOOD.US,D,20200713,000000,87.30,90.89,85.55,88.53,6668404,0
HOOD.US,D,20200713,000000,88.15,94.26,88.08,93.62,10483451,0
HOOD.US,D,20200713,000000,94.58,95.65,84.73,90.10,7743005,0
HOOD.US,D,20200714,000000,89.37,90.62,83.19,84.03,7912119,0
HOOD.US,D,20200715,000000,82.93,87.22,69.62,73.13,7975683,0
HOOD.US,D,20200716,000000,72.10,74.20,71.89,74.12,7633797,0
HOOD.US,D,20200717,000000,75.19,76.24,75.13,75.63,11071684,0
HOOD.US,D,20200720,000000,75.89,79.40,75.76,78.63,5342593,0
HOOD.US,D,20200720,000000,81.78,84.96,81.41,84.88,4248867,0
HOOD.US,D,20200720,000000,85.35,85.81,84.33,84.84,10565222,0
HOOD.US,D,20200721,000000,85.28,85.65,82.64,83.64,8439402,0
HOOD.US,D,20200722,000000,84.36,90.72,84.17,90.35,7660447,0
HOOD.US,D,20200723,000000,91.96,97.48,91.36,97.47,7055398,0
HOOD.US,D,20200724,000000,96.99,97.16,94.60,95.22,11487549,0
HOOD.US,D,20200727,000000,96.68,98.58,92.74,93.14,7923666,0
HOOD.US,D,20200727,000000,93.46,102.49,93.04,98.91,5911110,0
HOOD.US,D,20200727,000000,97.88,98.11,96.50,97.11,10439248,0
HOOD.US,D,20200728,000000,96.60,96.86,95.51,96.59,6141316,0
HOOD.US,D,20200729,000000,97.21,103.98,96.61,101.00,9292200,0
HOOD.US,D,20200730,000000,100.96,101.83,95.57,96.42,8061226,0
HOOD.US,D,20200731,000000,94.69,96.70,94.53,95.69,10609975,0
HOOD.US,D,20200803,000000,96.05,98.45,85.88,87.88,5115233,0
HOOD.US,D,20200803,000000,88.45,89.13,87.73,89.06,10317236,0
HOOD.US,D,20200803,000000,88.22,89.72,81.19,82.76,10564200,0
HOOD.US,D,20200804,000000,80.89,81.80,79.05,79.68,5215909,0
HOOD.US,D,20200805,000000,80.19,80.64,72.65,72.93,10361814,0
HOOD.US,D,20200806,000000,72.31,76.16,72.28,75.73,8222984,0
HOOD.US,D,20200807,000000,73.54,74.12,71.99,72.73,7451695,0
HOOD.US,D,20200810,000000,73.59,74.23,72.53,72.62,11648021,0
HOOD.US,D,20200810,000000,73.76,74.43,70.55,71.35,11227332,0
HOOD.US,D,20200810,000000,72.09,74.05,72.09,73.72,10708803,0
HOOD.US,D,20200811,000000,75.24,75.74,67.99,69.89,8493716,0
HOOD.US,D,20200812,000000,68.32,68.72,59.48,62.42,4852274,0
HOOD.US,D,20200813,000000,62.02,63.26,61.48,62.75,9030998,0
HOOD.US,D,20200814,000000,63.57,65.37,60.42,61.27,7688014,0
HOOD.US,D,20200817,000000,62.62,62.91,59.04,59.32,9897602,0
HOOD.US,D,20200817,000000,58.55,60.03,58.11,59.93,7014448,0
HOOD.US,D,20200817,000000,59.57,59.76,57.48,58.77,6750628,0
HOOD.US,D,20200818,000000,58.14,64.83,57.11,62.29,7757121,0
HOOD.US,D,20200819,000000,64.14,67.39,63.52,67.20,8323166,0
HOOD.US,D,20200820,000000,67.64,68.28,64.97,65.35,6487956,0
HOOD.US,D,20200821,000000,64.94,65.11,63.38,63.84,11514783,0
HOOD.US,D,20200824,000000,62.90,71.80,61.58,70.20,5216208,0
HOOD.US,D,20200824,000000,71.05,72.40,69.55,70.96,11972396,0
HOOD.US,D,20200824,000000,70.03,77.41,69.83,74.92,5909233,0
HOOD.US,D,20200825,000000,75.96,79.38,71.54,71.72,7703332,0
HOOD.US,D,20200826,000000,70.85,73.37,69.03,73.34,5068817,0
HOOD.US,D,20200827,000000,74.36,82.04,72.44,80.14,9825516,0
HOOD.US,D,20200828,000000,81.19,81.71,80.41,80.79,5569092,0
HOOD.US,D,20200831,000000,83.22,88.12,81.96,87.48,10446506,0
HOOD.US,D,20200831,000000,86.77,86.86,84.92,85.39,6941339,0
HOOD.US,D,20200831,000000,86.30,86.69,84.54,84.60,7394134,0
HOOD.US,D,20200901,000000,83.94,88.01,82.79,87.35,10242245,0
HOOD.US,D,20200902,000000,87.87,91.59,87.63,90.12,5183408,0
HOOD.US,D,20200903,000000,89.58,90.41,85.19,85.24,8380552,0
HOOD.US,D,20200904,000000,85.65,87.51,85.25,86.80,9919517,0
HOOD.US,D,20200907,000000,87.11,89.36,87.10,88.73,8261609,0
HOOD.US,D,20200907,000000,90.15,92.30,89.07,92.29,9564702,0
HOOD.US,D,20200907,000000,91.95,93.61,90.89,92.18,5074632,0
HOOD.US,D,20200908,000000,91.67,92.44,86.85,87.19,9733800,0
HOOD.US,D,20200909,000000,88.12,90.15,87.64,89.29,10609508,0
HOOD.US,D,20200910,000000,89.18,89.82,85.51,86.82,6083022,0
HOOD.US,D,20200911,000000,87.08,89.68,86.57,89.49,8584292,0
HOOD.US,D,20200914,000000,89.07,89.70,87.49,88.72,6438911,0
HOOD.US,D,20200914,000000,90.31,93.47,90.05,92.45,7792959,0
HOOD.US,D,20200914,000000,92.65,93.79,88.21,88.63,6158405,0
HOOD.US,D,20200915,000000,88.68,89.13,88.59,89.01,4882812,0
HOOD.US,D,20200916,000000,89.08,90.87,83.06,84.94,11586742,0
HOOD.US,D,20200917,000000,85.16,85.32,83.44,84.21,5292651,0
HOOD.US,D,20200918,000000,84.06,84.40,82.19,83.20,10334949,0
HOOD.US,D,20200921,000000,82.99,84.16,82.88,83.33,6173333,0
HOOD.US,D,20200921,000000,83.73,86.51,82.67,85.75,10660907,0
HOOD.US,D,20200921,000000,84.18,85.65,83.95,85.43,7888807,0
HOOD.US,D,20200922,000000,85.08,85.22,84.00,84.32,6210926,0
HOOD.US,D,20200923,000000,84.59,86.18,84.38,86.00,5225301,0
HOOD.US,D,20200924,000000,85.80,86.32,85.58,85.82,6365278,0
HOOD.US,D,20200925,000000,85.41,85.53,84.44,84.75,7939435,0
HOOD.US,D,20200928,000000,84.35,84.36,82.71,83.46,7479136,0
HOOD.US,D,20200928,000000,83.45,83.48,82.68,82.69,11411868,0
HOOD.US,D,20200928,000000,83.05,83.05,80.87,80.95,6773334,0
HOOD.US,D,20200929,000000,81.19,81.39,79.43,79.55,9428507,0
HOOD.US,D,20200930,000000,79.70,80.18,78.56,78.65,10692867,0
HOOD.US,D,20201001,000000,78.66,78.81,76.94,77.43,4396737,0
HOOD.US,D,20201002,000000,77.06,79.66,75.95,79.02,7605222,0
HOOD.US,D,20201005,000000,78.98,79.74,78.66,79.43,8187056,0
HOOD.US,D,20201005,000000,79.79,79.96,78.81,78.96,11003680,0
HOOD.US,D,20201005,000000,78.93,78.93,78.47,78.53,9996346,0
HOOD.US,D,20201006,000000,78.77,79.13,78.62,79.00,7585818,0
HOOD.US,D,20201007,000000,78.67,79.18,78.53,78.96,4786377,0
HOOD.US,D,20201008,000000,79.26,79.61,78.95,79.40,7479416,0
HOOD.US,D,20201009,000000,78.91,79.11,77.63,78.14,8691988,0
HOOD.US,D,20201012,000000,78.01,79.02,77.83,78.62,11082855,0
HOOD.US,D,20201012,000000,78.00,79.04,77.87,79.00,10645464,0
HOOD.US,D,20201012,000000,78.72,80.42,78.56,80.38,8330817,0
HOOD.US,D,20201013,000000,80.76,81.22,79.71,80.12,8044972,0
HOOD.US,D,20201014,000000,80.18,82.74,79.88,81.86,8179983,0
HOOD.US,D,20201015,000000,81.74,81.78,80.58,80.68,6480717,0
HOOD.US,D,20201016,000000,80.73,80.77,80.22,80.34,11124854,0
HOOD.US,D,20201019,000000,80.50,80.63,79.59,80.03,9869660,0
HOOD.US,D,20201019,000000,79.07,79.11,78.85,78.97,8504990,0
HOOD.US,D,20201019,000000,79.02,79.53,78.91,79.03,8412056,0
HOOD.US,D,20201020,000000,79.49,80.34,79.42,80.26,7238497,0
HOOD.US,D,20201021,000000,80.74,80.77,79.74,80.05,4770886,0
HOOD.US,D,20201022,000000,81.08,81.18,80.42,80.63,7132997,0
HOOD.US,D,20201023,000000,80.71,80.78,80.05,80.32,8052292,0
HOOD.US,D,20201026,000000,80.01,81.10,79.98,81.00,5946751,0
HOOD.US,D,20201026,000000,79.95,82.21,79.62,81.13,10304652,0
HOOD.US,D,20201026,000000,80.65,80.78,77.38,78.87,5130599,0
HOOD.US,D,20201027,000000,78.90,79.23,76.41,76.60,6996354,0
HOOD.US,D,20201028,000000,77.60,77.61,77.17,77.48,5973223,0
HOOD.US,D,20201029,000000,76.60,83.06,76.56,82.24,7839839,0
HOOD.US,D,20201030,000000,82.66,82.74,81.31,81.73,4078793,0
HOOD.US,D,20201102,000000,81.92,88.72,81.36,86.78,10615838,0
HOOD.US,D,20201102,000000,86.88,86.98,85.67,85.92,4705466,0
HOOD.US,D,20201102,000000,85.43,85.65,81.63,82.70,7812080,0
HOOD.US,D,20201103,000000,82.06,82.19,80.06,80.43,8628901,0
HOOD.US,D,20201104,000000,80.24,80.79,79.88,80.73,4131024,0
HOOD.US,D,20201105,000000,80.50,80.75,77.98,78.69,5464157,0
HOOD.US,D,20201106,000000,78.14,78.17,77.13,77.50,9315751,0
HOOD.US,D,20201109,000000,78.31,78.42,77.76,78.10,9912879,0
HOOD.US,D,20201109,000000,79.95,80.21,79.92,80.04,4785083,0
HOOD.US,D,20201109,000000,79.78,80.22,78.71,79.72,11458110,0
HOOD.US,D,20201110,000000,78.93,79.21,77.62,77.69,7574693,0
HOOD.US,D,20201111,000000,77.89,78.13,77.74,77.92,11498471,0
HOOD.US,D,20201112,000000,78.69,78.71,77.60,77.72,5314398,0
HOOD.US,D,20201113,000000,77.18,79.60,76.98,78.80,8475010,0
HOOD.US,D,20201116,000000,78.39,78.48,78.01,78.12,9822347,0
HOOD.US,D,20201116,000000,77.80,77.81,77.69,77.70,7120684,0
HOOD.US,D,20201116,000000,77.89,77.98,75.57,76.72,5325445,0
HOOD.US,D,20201117,000000,77.11,77.81,75.46,77.00,11117642,0
HOOD.US,D,20201118,000000,77.41,77.61,76.94,77.31,5791431,0
HOOD.US,D,20201119,000000,78.63,78.86,77.64,77.70,8506629,0
HOOD.US,D,20201120,000000,79.09,80.18,78.82,79.84,11924894,0
HOOD.US,D,20201123,000000,80.26,80.33,80.12,80.31,9399413,0
HOOD.US,D,20201123,000000,80.05,81.21,79.68,81.06,10703725,0
HOOD.US,D,20201123,000000,80.41,80.82,79.07,79.40,10200737,0
HOOD.US,D,20201124,000000,79.08,86.27,78.42,84.53,5822295,0
HOOD.US,D,20201125,000000,84.32,84.42,84.17,84.22,5677641,0
HOOD.US,D,20201126,000000,85.17,87.11,79.41,81.40,7461196,0
HOOD.US,D,20201127,000000,81.55,81.56,80.64,80.99,7477271,0
HOOD.US,D,20201130,000000,81.02,81.98,80.83,81.93,7871710,0
HOOD.US,D,20201130,000000,81.93,82.15,78.91,80.10,7958738,0
HOOD.US,D,20201130,000000,79.90,80.90,79.69,80.51,10825594,0
HOOD.US,D,20201201,000000,80.31,80.40,80.29,80.34,6671030,0
HOOD.US,D,20201202,000000,80.41,81.07,78.82,79.33,4884809,0
HOOD.US,D,20201203,000000,79.36,79.53,77.56,77.69,11581300,0
HOOD.US,D,20201204,000000,77.24,79.93,76.58,79.58,4513325,0
HOOD.US,D,20201207,000000,80.00,80.08,79.62,79.75,5191184,0
HOOD.US,D,20201207,000000,79.13,79.33,78.21,78.44,7556040,0
HOOD.US,D,20201207,000000,78.61,79.98,78.55,79.42,9409964,0
HOOD.US,D,20201208,000000,79.08,80.95,78.91,80.52,8375374,0
HOOD.US,D,20201209,000000,80.58,84.42,79.28,83.07,4651201,0
HOOD.US,D,20201210,000000,83.15,84.02,82.75,83.94,4005566,0
HOOD.US,D,20201211,000000,84.05,84.09,83.34,83.43,9251678,0
HOOD.US,D,20201214,000000,84.19,84.29,83.15,83.34,9689103,0
HOOD.US,D,20201214,000000,83.00,84.41,82.63,84.07,7754182,0
HOOD.US,D,20201214,000000,83.54,83.69,83.33,83.64,10781469,0
HOOD.US,D,20201215,000000,82.89,83.35,82.88,83.33,6575245,0
HOOD.US,D,20201216,000000,83.22,83.48,82.05,82.34,6354867,0
HOOD.US,D,20201217,000000,81.88,81.92,81.83,81.89,4407752,0
HOOD.US,D,20201218,000000,82.28,83.38,82.02,83.02,6788627,0
HOOD.US,D,20201221,000000,83.15,83.52,81.45,81.66,5661223,0
HOOD.US,D,20201221,000000,80.75,80.80,80.16,80.26,9011772,0
HOOD.US,D,20201221,000000,80.32,80.74,76.42,77.79,9707514,0
HOOD.US,D,20201222,000000,77.13,77.26,76.62,76.62,5040980,0
HOOD.US,D,20201223,000000,76.51,76.84,72.15,73.28,7582368,0
HOOD.US,D,20201224,000000,73.38,75.08,72.64,74.40,4811195,0
HOOD.US,D,20201225,000000,75.41,75.67,73.08,73.71,4562933,0
HOOD.US,D,20201228,000000,73.24,73.49,71.73,71.77,5782770,0
HOOD.US,D,20201228,000000,71.61,71.75,69.71,70.53,5273133,0
HOOD.US,D,20201228,000000,69.81,70.26,68.68,68.79,5974315,0
HOOD.US,D,20201229,000000,68.30,68.38,67.31,67.34,6712495,0
HOOD.US,D,20201230,000000,68.02,68.36,64.95,65.29,8641940,0
HOOD.US,D,20201231,000000,65.31,66.16,61.88,62.90,11183721,0
HOOD.US,D,20210101,000000,63.18,64.97,62.74,64.85,8810001,0
HOOD.US,D,20210104,000000,65.10,69.35,64.73,67.64,5846027,0
HOOD.US,D,20210104,000000,67.49,71.74,66.77,69.71,8806615,0
HOOD.US,D,20210104,000000,68.73,72.58,68.11,71.39,5104789,0
HOOD.US,D,20210105,000000,70.99,71.29,67.70,68.25,5467599,0
HOOD.US,D,20210106,000000,68.58,69.30,66.79,67.03,11899556,0
HOOD.US,D,20210107,000000,66.82,66.99,66.30,66.33,8756608,0
HOOD.US,D,20210108,000000,66.57,66.94,65.15,65.53,4655486,0
HOOD.US,D,20210111,000000,64.60,66.27,64.33,66.10,7390431,0
HOOD.US,D,20210111,000000,66.12,66.47,63.87,64.61,5197620,0
HOOD.US,D,20210111,000000,65.11,65.72,64.86,65.48,6574453,0
HOOD.US,D,20210112,000000,66.38,66.97,65.53,66.36,10777863,0
HOOD.US,D,20210113,000000,66.84,67.31,64.34,64.35,10090642,0
HOOD.US,D,20210114,000000,64.48,65.29,62.46,62.69,7972840,0
HOOD.US,D,20210115,000000,61.11,66.54,59.39,66.13,4563147,0
HOOD.US,D,20210118,000000,66.51,67.53,63.14,63.51,6582625,0
HOOD.US,D,20210118,000000,63.02,63.54,61.73,61.76,4220886,0
HOOD.US,D,20210118,000000,61.95,62.08,61.19,61.25,4481782,0
HOOD.US,D,20210119,000000,60.50,65.06,59.24,63.88,7041460,0
HOOD.US,D,20210120,000000,63.46,64.54,62.97,64.47,8419053,0
HOOD.US,D,20210121,000000,64.18,65.95,63.98,65.51,5579917,0
HOOD.US,D,20210122,000000,65.43,66.59,65.17,66.49,10567083,0
HOOD.US,D,20210125,000000,66.82,67.28,65.31,65.78,11427436,0
HOOD.US,D,20210125,000000,66.00,69.20,65.44,68.57,10717770,0
HOOD.US,D,20210125,000000,69.55,70.21,62.20,64.87,8517464,0
HOOD.US,D,20210126,000000,64.94,65.24,63.55,63.80,8925887,0
HOOD.US,D,20210127,000000,64.04,64.34,63.38,63.43,11833854,0
HOOD.US,D,20210128,000000,63.44,64.47,63.37,64.04,7378000,0
HOOD.US,D,20210129,000000,64.33,65.61,63.78,65.00,5671187,0
HOOD.US,D,20210201,000000,64.69,65.14,64.54,65.12,10480705,0
HOOD.US,D,20210201,000000,65.15,65.85,65.14,65.32,5589126,0
HOOD.US,D,20210201,000000,65.21,65.86,64.91,65.46,8007974,0
HOOD.US,D,20210202,000000,64.78,67.42,64.33,66.85,4676345,0
HOOD.US,D,20210203,000000,65.92,69.78,64.55,68.93,9916715,0
HOOD.US,D,20210204,000000,68.60,68.83,67.92,67.93,4322834,0
HOOD.US,D,20210205,000000,67.83,68.17,66.44,66.75,10620507,0
HOOD.US,D,20210208,000000,67.73,67.93,66.96,67.26,11025903,0
HOOD.US,D,20210208,000000,66.52,70.33,66.43,69.54,8999854,0
HOOD.US,D,20210208,000000,69.24,73.50,68.57,72.55,8192896,0
HOOD.US,D,20210209,000000,71.95,72.31,69.37,70.26,4680201,0
HOOD.US,D,20210210,000000,69.39,72.38,68.99,71.63,9220981,0
HOOD.US,D,20210211,000000,71.39,71.56,71.36,71.53,6077714,0
HOOD.US,D,20210212,000000,70.70,71.33,70.66,70.94,5408712,0
HOOD.US,D,20210215,000000,71.21,72.13,71.18,71.94,9932226,0
HOOD.US,D,20210215,000000,72.51,72.78,72.48,72.53,11033468,0
HOOD.US,D,20210215,000000,72.36,74.76,72.03,74.26,6637097,0
HOOD.US,D,20210216,000000,73.78,74.45,73.66,74.17,4586894,0
HOOD.US,D,20210217,000000,74.35,75.21,71.51,72.45,6807350,0
HOOD.US,D,20210218,000000,72.41,72.61,71.76,71.81,7419292,0
HOOD.US,D,20210219,000000,71.64,73.63,71.02,72.89,11899049,0
HOOD.US,D,20210222,000000,73.11,74.73,65.85,68.77,4577339,0
HOOD.US,D,20210222,000000,68.99,71.82,68.22,71.69,4399228,0
HOOD.US,D,20210222,000000,72.25,72.41,72.01,72.10,7890782,0
HOOD.US,D,20210223,000000,71.48,71.81,71.14,71.62,4005464,0
HOOD.US,D,20210224,000000,71.49,71.68,70.53,70.68,10963278,0
HOOD.US,D,20210225,000000,70.51,71.29,68.63,69.66,11316401,0
HOOD.US,D,20210226,000000,69.82,70.18,69.40,69.94,5041176,0
HOOD.US,D,20210301,000000,68.54,71.00,68.38,70.59,7324292,0
HOOD.US,D,20210301,000000,70.76,71.09,70.25,70.26,7545929,0
HOOD.US,D,20210301,000000,69.80,69.98,69.76,69.85,11840109,0
HOOD.US,D,20210302,000000,69.21,74.57,69.20,73.07,6885728,0
HOOD.US,D,20210303,000000,72.89,72.98,72.72,72.80,8950967,0
HOOD.US,D,20210304,000000,72.88,77.13,71.30,75.83,6878666,0
HOOD.US,D,20210305,000000,75.03,80.26,74.28,78.93,4464229,0
HOOD.US,D,20210308,000000,78.37,80.75,77.91,80.09,8570607,0
HOOD.US,D,20210308,000000,79.91,81.14,78.98,80.98,10381930,0
HOOD.US,D,20210308,000000,80.90,81.68,80.84,81.32,9815629,0
HOOD.US,D,20210309,000000,81.98,82.50,81.91,82.44,9972956,0
HOOD.US,D,20210310,000000,82.89,83.00,79.93,80.62,9351662,0
HOOD.US,D,20210311,000000,80.11,80.49,75.72,76.00,6289086,0
HOOD.US,D,20210312,000000,75.78,76.89,74.06,75.30,5342184,0
HOOD.US,D,20210315,000000,75.36,78.64,74.10,77.10,6846259,0
HOOD.US,D,20210315,000000,76.75,77.08,76.24,76.34,11709156,0
HOOD.US,D,20210315,000000,76.94,77.31,76.88,77.07,6003047,0
HOOD.US,D,20210316,000000,78.11,83.03,77.71,81.31,4468898,0
HOOD.US,D,20210317,000000,80.98,81.54,79.74,79.99,9078299,0
HOOD.US,D,20210318,000000,80.43,82.02,74.94,76.97,7368762,0
HOOD.US,D,20210319,000000,76.97,77.38,76.42,77.09,4357305,0
HOOD.US,D,20210322,000000,77.93,78.98,77.90,78.46,4719261,0
HOOD.US,D,20210322,000000,79.25,79.76,77.98,78.08,5218565,0
HOOD.US,D,20210322,000000,78.08,78.41,76.16,76.68,4340107,0
HOOD.US,D,20210323,000000,76.72,76.74,75.52,75.70,8617493,0
HOOD.US,D,20210324,000000,75.73,77.94,74.28,77.83,4773373,0
HOOD.US,D,20210325,000000,78.24,78.35,76.01,76.07,9806220,0
HOOD.US,D,20210326,000000,76.45,79.64,75.95,78.95,6915469,0
HOOD.US,D,20210329,000000,78.76,78.97,77.83,78.42,6022107,0
HOOD.US,D,20210329,000000,78.43,80.66,78.01,80.60,10110660,0
HOOD.US,D,20210329,000000,80.67,80.75,78.25,78.79,11567819,0
HOOD.US,D,20210330,000000,78.79,81.39,78.26,80.91,9248948,0
HOOD.US,D,20210331,000000,80.72,80.88,79.44,79.46,4254112,0
HOOD.US,D,20210401,000000,79.15,79.22,76.99,77.77,4632518,0
HOOD.US,D,20210402,000000,76.72,77.51,76.65,77.36,4591666,0
HOOD.US,D,20210405,000000,77.53,77.81,77.53,77.75,9357314,0
HOOD.US,D,20210405,000000,78.05,78.23,74.30,75.75,6167037,0
HOOD.US,D,20210405,000000,76.04,77.41,71.00,71.37,9620259,0
HOOD.US,D,20210406,000000,71.15,75.25,70.82,73.13,8774864,0
HOOD.US,D,20210407,000000,72.74,72.86,72.66,72.86,10685561,0
HOOD.US,D,20210408,000000,72.91,75.38,72.64,75.02,7788374,0
HOOD.US,D,20210409,000000,74.36,77.13,73.61,76.07,9109282,0
HOOD.US,D,20210412,000000,76.86,77.11,75.59,75.63,9630443,0
HOOD.US,D,20210412,000000,75.17,75.29,74.43,74.98,9440938,0
HOOD.US,D,20210412,000000,74.94,75.77,74.82,75.65,6151571,0
HOOD.US,D,20210413,000000,75.33,80.17,74.19,79.46,4769145,0
HOOD.US,D,20210414,000000,80.70,81.04,80.69,80.74,10078346,0
HOOD.US,D,20210415,000000,80.62,81.38,80.07,80.37,6863644,0
HOOD.US,D,20210416,000000,80.09,83.28,79.70,82.54,11327138,0
HOOD.US,D,20210419,000000,83.33,83.38,79.27,80.42,4049712,0
HOOD.US,D,20210419,000000,80.51,80.60,80.45,80.51,8886335,0
HOOD.US,D,20210419,000000,79.64,88.63,79.36,86.89,7857884,0
HOOD.US,D,20210420,000000,86.17,88.03,86.13,87.98,10946159,0
HOOD.US,D,20210421,000000,86.87,90.15,86.36,88.71,5911978,0
HOOD.US,D,20210422,000000,90.49,90.50,87.58,87.73,4067428,0
HOOD.US,D,20210423,000000,87.29,88.56,86.89,87.73,7906071,0
HOOD.US,D,20210426,000000,87.94,90.60,87.75,90.14,10813806,0
HOOD.US,D,20210426,000000,89.68,94.50,87.33,94.50,7404830,0
HOOD.US,D,20210426,000000,94.39,95.28,92.79,93.68,9798112,0
HOOD.US,D,20210427,000000,91.80,93.06,91.02,92.60,6281307,0
HOOD.US,D,20210428,000000,91.61,91.67,89.17,90.20,7585881,0
HOOD.US,D,20210429,000000,90.29,91.79,90.06,91.18,11746545,0
HOOD.US,D,20210430,000000,91.31,92.22,90.99,91.52,5303793,0
HOOD.US,D,20210503,000000,91.43,92.88,88.98,89.71,5664821,0
HOOD.US,D,20210503,000000,90.16,90.64,86.21,86.61,11014709,0
HOOD.US,D,20210503,000000,86.96,89.21,86.85,88.56,4164986,0
HOOD.US,D,20210504,000000,89.46,90.77,89.33,90.67,10932683,0
HOOD.US,D,20210505,000000,90.85,93.19,90.34,92.85,11635743,0
HOOD.US,D,20210506,000000,92.97,93.43,91.40,91.61,7153977,0
HOOD.US,D,20210507,000000,91.85,92.15,89.00,89.56,9045937,0
HOOD.US,D,20210510,000000,90.31,90.77,88.23,88.72,4512459,0
HOOD.US,D,20210510,000000,88.07,90.01,87.87,89.94,7767849,0
HOOD.US,D,20210510,000000,89.82,92.19,89.69,91.28,4436719,0
HOOD.US,D,20210511,000000,90.98,94.77,90.69,94.39,8548436,0
HOOD.US,D,20210512,000000,94.30,94.34,91.17,91.49,4118388,0
HOOD.US,D,20210513,000000,91.22,91.30,90.57,90.80,11057719,0
HOOD.US,D,20210514,000000,90.75,93.59,90.37,93.17,5188257,0
HOOD.US,D,20210517,000000,92.69,92.74,91.91,91.97,6195141,0
HOOD.US,D,20210517,000000,92.49,93.54,90.14,90.70,11148949,0
HOOD.US,D,20210517,000000,90.72,90.89,90.64,90.84,5346444,0
HOOD.US,D,20210518,000000,90.08,90.23,86.25,87.63,11244254,0
HOOD.US,D,20210519,000000,87.84,88.91,87.47,88.80,5468319,0
HOOD.US,D,20210520,000000,88.27,89.22,88.18,88.65,7762450,0
HOOD.US,D,20210521,000000,88.14,88.22,87.85,87.95,8900504,0
HOOD.US,D,20210524,000000,87.48,88.84,87.46,88.68,5470166,0
HOOD.US,D,20210524,000000,88.12,88.19,86.33,87.09,10586282,0
HOOD.US,D,20210524,000000,86.94,88.06,86.94,87.70,9894155,0
HOOD.US,D,20210525,000000,88.06,88.48,87.99,88.44,9340751,0
HOOD.US,D,20210526,000000,86.86,90.50,86.74,89.74,10353592,0
HOOD.US,D,20210527,000000,89.88,91.83,89.63,91.60,7839745,0
HOOD.US,D,20210528,000000,92.08,93.34,89.25,90.57,11940140,0
HOOD.US,D,20210531,000000,90.32,95.62,89.51,94.36,4616072,0
HOOD.US,D,20210531,000000,93.69,98.81,91.91,96.91,6489363,0
HOOD.US,D,20210531,000000,96.54,97.41,91.98,92.69,10397665,0
HOOD.US,D,20210601,000000,92.77,93.64,90.95,91.68,10246741,0
HOOD.US,D,20210602,000000,92.36,93.13,89.65,90.44,10908154,0
HOOD.US,D,20210603,000000,90.46,93.55,90.19,93.02,9066229,0
HOOD.US,D,20210604,000000,93.93,94.85,93.22,94.68,9675993,0
HOOD.US,D,20210607,000000,95.00,95.07,95.00,95.06,11717981,0
HOOD.US,D,20210607,000000,95.05,95.75,93.56,93.81,6612475,0
HOOD.US,D,20210607,000000,93.33,93.65,93.17,93.56,8519287,0
HOOD.US,D,20210608,000000,94.44,94.65,94.38,94.62,4905709,0
HOOD.US,D,20210609,000000,95.26,96.65,87.08,87.71,5272138,0
HOOD.US,D,20210610,000000,87.65,87.87,86.93,87.04,8116021,0
HOOD.US,D,20210611,000000,88.07,93.78,88.03,91.67,6334601,0
HOOD.US,D,20210614,000000,92.89,93.77,92.83,93.56,10682728,0
HOOD.US,D,20210614,000000,93.58,93.94,91.27,91.87,10461226,0
HOOD.US,D,20210614,000000,91.44,91.54,91.37,91.49,10322455,0
HOOD.US,D,20210615,000000,92.19,96.89,91.12,96.41,7880010,0
HOOD.US,D,20210616,000000,96.22,98.71,96.17,98.41,6327600,0
HOOD.US,D,20210617,000000,98.48,100.43,98.39,100.03,4385807,0
HOOD.US,D,20210618,000000,100.01,100.11,99.62,99.78,6699992,0
HOOD.US,D,20210621,000000,100.32,103.94,99.48,103.60,9049710,0
HOOD.US,D,20210621,000000,104.34,104.65,101.45,103.25,7796122,0
HOOD.US,D,20210621,000000,103.48,104.70,103.46,104.29,11187689,0
HOOD.US,D,20210622,000000,104.67,104.70,104.26,104.42,6892458,0
HOOD.US,D,20210623,000000,103.89,105.57,103.63,104.71,5080333,0
HOOD.US,D,20210624,000000,104.86,107.88,104.15,107.72,9547060,0
HOOD.US,D,20210625,000000,108.27,109.43,104.97,105.38,7443830,0
HOOD.US,D,20210628,000000,104.38,104.43,102.46,102.92,7374759,0
HOOD.US,D,20210628,000000,102.90,103.02,97.09,97.85,10340579,0
HOOD.US,D,20210628,000000,98.35,98.55,93.55,94.25,5329050,0
HOOD.US,D,20210629,000000,94.53,94.73,92.89,93.38,9848988,0
HOOD.US,D,20210630,000000,93.74,94.37,93.09,93.16,9124103,0
HOOD.US,D,20210701,000000,93.50,94.59,93.38,94.37,4079812,0
HOOD.US,D,20210702,000000,93.89,94.34,92.80,92.86,5398148,0
HOOD.US,D,20210705,000000,92.48,92.78,92.39,92.72,9263216,0
HOOD.US,D,20210705,000000,93.03,93.10,91.26,91.82,4946283,0
HOOD.US,D,20210705,000000,92.27,94.86,89.26,89.39,10715623,0
HOOD.US,D,20210706,000000,90.01,90.09,86.94,87.43,9362455,0
HOOD.US,D,20210707,000000,88.08,88.13,88.07,88.10,5743442,0
HOOD.US,D,20210708,000000,88.52,92.72,87.39,92.15,8461082,0
HOOD.US,D,20210709,000000,94.01,94.38,89.71,91.70,10817751,0
HOOD.US,D,20210712,000000,91.11,93.91,89.69,93.67,8399270,0
HOOD.US,D,20210712,000000,93.13,97.28,93.07,94.90,11531298,0
HOOD.US,D,20210712,000000,93.95,94.21,93.22,93.52,8967240,0
HOOD.US,D,20210713,000000,93.06,96.12,91.95,95.27,11124618,0
HOOD.US,D,20210714,000000,95.34,95.41,94.05,94.06,7990560,0
HOOD.US,D,20210715,000000,94.00,94.80,93.67,94.48,8290567,0
HOOD.US,D,20210716,000000,94.62,94.68,93.93,94.11,4312017,0
HOOD.US,D,20210719,000000,94.69,94.91,91.60,92.64,5525206,0
HOOD.US,D,20210719,000000,92.91,93.56,91.83,92.03,10550624,0
HOOD.US,D,20210719,000000,90.98,91.72,90.57,90.60,7539447,0
HOOD.US,D,20210720,000000,91.12,91.27,90.31,90.52,8995217,0
HOOD.US,D,20210721,000000,90.73,91.31,87.86,88.17,11156956,0
HOOD.US,D,20210722,000000,87.94,89.38,87.44,89.12,7447583,0
HOOD.US,D,20210723,000000,89.69,92.03,89.64,91.29,11768895,0
HOOD.US,D,20210726,000000,91.39,91.75,88.46,89.47,7915166,0
HOOD.US,D,20210726,000000,89.56,89.57,89.27,89.37,6551695,0
HOOD.US,D,20210726,000000,90.09,90.20,89.71,89.85,8140934,0
HOOD.US,D,20210727,000000,89.97,90.56,89.76,90.53,11273132,0
HOOD.US,D,20210728,000000,90.32,91.25,89.90,91.22,8389813,0
HOOD.US,D,20210729,000000,91.30,91.61,91.26,91.49,4105108,0
HOOD.US,D,20210730,000000,91.55,91.56,90.91,90.99,9809302,0
HOOD.US,D,20210802,000000,90.94,91.06,90.33,90.44,6497625,0
HOOD.US,D,20210802,000000,90.31,90.52,89.04,89.32,7891101,0
HOOD.US,D,20210802,000000,89.46,90.08,89.25,89.95,6618323,0
HOOD.US,D,20210803,000000,89.86,89.89,89.43,89.47,10573848,0
HOOD.US,D,20210804,000000,89.50,89.70,89.37,89.67,10522727,0
HOOD.US,D,20210805,000000,89.73,89.81,88.86,89.04,10289939,0
HOOD.US,D,20210806,000000,89.21,89.32,88.67,88.85,8477399,0
HOOD.US,D,20210809,000000,88.86,90.07,88.24,89.93,9552786,0
HOOD.US,D,20210809,000000,90.79,92.96,90.77,92.70,4707708,0
HOOD.US,D,20210809,000000,93.21,94.53,92.72,94.21,5427538,0
HOOD.US,D,20210810,000000,94.34,94.60,92.91,93.13,8078605,0
HOOD.US,D,20210811,000000,93.08,93.85,92.83,93.66,11370003,0
HOOD.US,D,20210812,000000,93.20,94.15,93.13,93.85,6828651,0
HOOD.US,D,20210813,000000,94.15,94.27,90.46,90.98,11122621,0
HOOD.US,D,20210816,000000,91.37,91.53,91.19,91.37,9624957,0
HOOD.US,D,20210816,000000,90.95,92.00,90.92,91.93,7387117,0
HOOD.US,D,20210816,000000,91.74,94.88,91.67,93.43,9993307,0
HOOD.US,D,20210817,000000,93.19,93.21,91.79,92.09,10801634,0
HOOD.US,D,20210818,000000,92.01,92.13,92.01,92.13,4749984,0
HOOD.US,D,20210819,000000,91.53,92.14,91.20,92.05,4903483,0
HOOD.US,D,20210820,000000,92.57,92.61,92.27,92.34,9984987,0
HOOD.US,D,20210823,000000,92.27,92.95,91.87,92.73,8693940,0
HOOD.US,D,20210823,000000,93.29,93.31,91.19,91.47,4825669,0
HOOD.US,D,20210823,000000,91.95,92.10,90.07,90.33,4259305,0
HOOD.US,D,20210824,000000,90.49,90.51,90.35,90.35,9107913,0
HOOD.US,D,20210825,000000,90.54,91.28,90.39,90.91,7693536,0
HOOD.US,D,20210826,000000,91.30,92.31,90.82,92.00,7051375,0
HOOD.US,D,20210827,000000,92.42,92.71,91.27,91.30,10077308,0
HOOD.US,D,20210830,000000,91.15,91.21,90.74,90.84,5525948,0
HOOD.US,D,20210830,000000,90.93,92.84,90.20,92.67,5361447,0
HOOD.US,D,20210830,000000,92.53,92.60,89.74,90.36,11248621,0
HOOD.US,D,20210831,000000,89.71,89.94,88.81,89.20,7539001,0
HOOD.US,D,20210901,000000,89.82,89.87,89.60,89.79,8477629,0
HOOD.US,D,20210902,000000,89.90,90.01,89.24,89.28,11936784,0
HOOD.US,D,20210903,000000,88.96,89.38,87.78,87.81,5642693,0
HOOD.US,D,20210906,000000,88.86,90.30,88.53,90.08,9372986,0
HOOD.US,D,20210906,000000,90.59,90.66,90.06,90.18,5315058,0
HOOD.US,D,20210906,000000,89.69,90.56,89.42,90.38,8115726,0
HOOD.US,D,20210907,000000,90.31,93.33,89.74,92.75,11933375,0
HOOD.US,D,20210908,000000,92.58,92.59,87.22,88.28,11174857,0
HOOD.US,D,20210909,000000,88.74,92.27,88.59,91.37,9510526,0
HOOD.US,D,20210910,000000,91.93,92.05,91.90,91.96,10426658,0
HOOD.US,D,20210913,000000,92.84,96.88,92.43,95.42,9881021,0
HOOD.US,D,20210913,000000,94.89,95.05,89.34,92.01,6583447,0
HOOD.US,D,20210913,000000,91.43,94.40,91.03,94.10,5350182,0
HOOD.US,D,20210914,000000,96.06,96.89,91.15,91.49,7490880,0
HOOD.US,D,20210915,000000,91.23,93.63,91.13,93.47,9911767,0
HOOD.US,D,20210916,000000,92.83,96.30,92.14,95.94,4065298,0
HOOD.US,D,20210917,000000,96.98,98.06,96.57,97.20,4315510,0
HOOD.US,D,20210920,000000,98.83,101.63,98.46,101.28,8417283,0
HOOD.US,D,20210920,000000,102.03,103.37,101.22,102.92,6562338,0
HOOD.US,D,20210920,000000,102.09,105.81,101.88,105.20,4317725,0
HOOD.US,D,20210921,000000,105.15,105.68,104.97,105.68,9529820,0
HOOD.US,D,20210922,000000,106.06,106.63,104.01,104.07,4348154,0
HOOD.US,D,20210923,000000,104.63,105.05,101.09,101.58,11594449,0
HOOD.US,D,20210924,000000,101.65,102.02,98.30,99.50,9390936,0
HOOD.US,D,20210927,000000,99.08,105.78,98.51,103.72,11263232,0
HOOD.US,D,20210927,000000,102.06,109.08,101.04,107.98,7771509,0
HOOD.US,D,20210927,000000,107.38,111.01,107.28,109.88,10852753,0
HOOD.US,D,20210928,000000,108.69,110.71,108.38,110.63,11778407,0
HOOD.US,D,20210929,000000,111.11,112.07,106.78,109.39,5639854,0
HOOD.US,D,20210930,000000,108.75,109.93,108.18,109.67,10070478,0
HOOD.US,D,20211001,000000,109.06,110.71,103.31,103.95,5526389,0
HOOD.US,D,20211004,000000,105.13,106.29,100.32,102.18,7703578,0
