<TICKER>,<PER>,<DATE>,<TIME>,<OPEN>,<HIGH>,<LOW>,<CLOSE>,<VOL>,<OPENINT>
INTC.US,D,20180102,000000,35.18,35.23,34.62,34.68,20730185,0
INTC.US,D,20180103,000000,34.67,34.73,34.20,34.30,13204953,0
INTC.US,D,20180104,000000,34.56,34.60,34.11,34.25,16134194,0
INTC.US,D,20180105,000000,34.39,34.43,34.11,34.21,7692559,0
INTC.US,D,20180108,000000,33.98,34.53,33.91,34.25,18140344,0
INTC.US,D,20180108,000000,34.43,34.47,34.15,34.21,18101054,0
INTC.US,D,20180108,000000,34.44,34.60,34.26,34.36,7530076,0
INTC.US,D,20180109,000000,34.30,34.44,33.62,33.80,11580439,0
INTC.US,D,20180110,000000,33.49,34.47,33.27,34.24,10192076,0
INTC.US,D,20180111,000000,34.56,35.22,34.51,35.18,10064294,0
INTC.US,D,20180112,000000,34.97,35.01,34.55,34.66,13513668,0
INTC.US,D,20180115,000000,35.10,35.19,33.33,33.35,19958765,0
INTC.US,D,20180115,000000,33.69,33.77,33.65,33.77,10342896,0
INTC.US,D,20180115,000000,33.64,33.73,33.05,33.17,18630439,0
INTC.US,D,20180116,000000,33.44,34.21,33.43,34.02,14009344,0
INTC.US,D,20180117,000000,34.25,34.66,33.37,33.55,18488775,0
INTC.US,D,20180118,000000,33.63,33.64,33.57,33.63,22497798,0
INTC.US,D,20180119,000000,33.74,34.37,33.71,34.31,20972918,0
INTC.US,D,20180122,000000,34.26,34.71,34.07,34.52,20445552,0
INTC.US,D,20180122,000000,34.69,34.81,32.67,33.30,17022744,0
INTC.US,D,20180122,000000,32.98,34.68,32.67,33.92,11905935,0
INTC.US,D,20180123,000000,33.86,34.10,32.31,33.08,21428911,0
INTC.US,D,20180124,000000,33.10,34.05,33.04,33.98,12915350,0
INTC.US,D,20180125,000000,33.73,34.51,33.53,34.42,22429266,0
INTC.US,D,20180126,000000,34.42,34.58,33.47,33.87,19224504,0
INTC.US,D,20180129,000000,33.77,33.88,32.87,33.06,22021206,0
INTC.US,D,20180129,000000,32.83,32.97,32.42,32.63,11576966,0
INTC.US,D,20180129,000000,32.79,32.93,31.35,31.67,16644527,0
INTC.US,D,20180130,000000,31.66,32.36,31.44,32.17,15900896,0
INTC.US,D,20180131,000000,31.69,31.76,31.23,31.59,15362017,0
INTC.US,D,20180201,000000,31.47,32.77,31.39,32.60,11688591,0
INTC.US,D,20180202,000000,32.59,32.68,32.47,32.50,12621624,0
INTC.US,D,20180205,000000,32.57,32.63,32.43,32.43,15201787,0
INTC.US,D,20180205,000000,32.43,32.50,31.61,31.90,9861871,0
INTC.US,D,20180205,000000,31.97,32.46,31.96,32.36,10447424,0
INTC.US,D,20180206,000000,32.19,32.71,32.09,32.70,13266791,0
INTC.US,D,20180207,000000,32.85,32.87,32.45,32.58,19764201,0
INTC.US,D,20180208,000000,32.53,32.54,32.49,32.50,20838751,0
INTC.US,D,20180209,000000,32.54,33.01,32.48,32.88,21898981,0
INTC.US,D,20180212,000000,32.82,32.82,32.81,32.81,7741217,0
INTC.US,D,20180212,000000,32.80,32.82,32.73,32.77,9558508,0
INTC.US,D,20180212,000000,32.82,32.85,32.80,32.85,20050826,0
INTC.US,D,20180213,000000,32.82,33.06,32.76,32.99,18651814,0
INTC.US,D,20180214,000000,32.99,33.02,32.70,32.76,17461445,0
INTC.US,D,20180215,000000,32.73,32.81,32.48,32.55,9806538,0
INTC.US,D,20180216,000000,32.48,32.86,32.30,32.75,17770508,0
INTC.US,D,20180219,000000,32.75,32.82,32.02,32.28,20392184,0
INTC.US,D,20180219,000000,32.20,32.28,32.02,32.08,14553489,0
INTC.US,D,20180219,000000,31.87,32.87,31.84,32.42,8923713,0
INTC.US,D,20180220,000000,32.42,32.79,32.31,32.64,17431652,0
INTC.US,D,20180221,000000,32.64,32.65,32.42,32.49,20809093,0
INTC.US,D,20180222,000000,32.68,32.82,32.21,32.29,15632902,0
INTC.US,D,20180223,000000,32.24,32.37,32.24,32.35,16850676,0
INTC.US,D,20180226,000000,32.37,32.52,32.23,32.26,15410513,0
INTC.US,D,20180226,000000,32.36,32.41,32.07,32.13,22153821,0
INTC.US,D,20180226,000000,32.10,32.17,32.09,32.17,8540858,0
INTC.US,D,20180227,000000,32.16,32.19,31.83,31.91,15826557,0
INTC.US,D,20180228,000000,31.84,31.87,31.84,31.86,9568897,0
INTC.US,D,20180301,000000,31.68,32.97,31.56,32.56,7833503,0
INTC.US,D,20180302,000000,32.55,32.58,32.33,32.36,14987201,0
INTC.US,D,20180305,000000,32.34,32.42,32.06,32.13,17426659,0
INTC.US,D,20180305,000000,32.11,32.43,32.04,32.34,15915329,0
INTC.US,D,20180305,000000,32.30,32.38,31.88,32.01,12713665,0
INTC.US,D,20180306,000000,32.11,32.23,32.10,32.18,20804594,0
INTC.US,D,20180307,000000,32.18,32.44,32.15,32.38,9109752,0
INTC.US,D,20180308,000000,32.48,32.58,32.04,32.10,22495040,0
INTC.US,D,20180309,000000,32.04,32.07,32.01,32.04,10414473,0
INTC.US,D,20180312,000000,32.07,32.46,32.01,32.42,17461028,0
INTC.US,D,20180312,000000,32.28,33.08,32.15,32.62,21058696,0
INTC.US,D,20180312,000000,32.59,32.70,32.33,32.42,12306132,0
INTC.US,D,20180313,000000,32.49,32.95,32.47,32.71,18939626,0
INTC.US,D,20180314,000000,32.78,32.78,32.39,32.56,20744972,0
INTC.US,D,20180315,000000,32.58,33.25,32.34,33.19,21544018,0
INTC.US,D,20180316,000000,32.97,33.99,32.69,33.93,9314170,0
INTC.US,D,20180319,000000,34.01,34.52,33.96,34.37,8454281,0
INTC.US,D,20180319,000000,34.25,35.68,34.20,35.04,14936375,0
INTC.US,D,20180319,000000,34.89,35.10,33.77,33.89,20337200,0
INTC.US,D,20180320,000000,33.73,33.95,32.65,33.43,21558416,0
INTC.US,D,20180321,000000,33.37,33.41,32.81,32.99,15214103,0
INTC.US,D,20180322,000000,32.86,33.33,31.31,32.02,21251723,0
INTC.US,D,20180323,000000,32.08,32.23,32.02,32.21,8605571,0
INTC.US,D,20180326,000000,32.18,32.28,31.64,31.76,13798575,0
INTC.US,D,20180326,000000,31.85,32.07,31.84,32.03,15689974,0
INTC.US,D,20180326,000000,32.06,32.10,31.79,31.85,13149112,0
INTC.US,D,20180327,000000,31.81,32.07,31.70,32.05,19522429,0
INTC.US,D,20180328,000000,32.04,32.08,31.90,31.91,11681628,0
INTC.US,D,20180329,000000,31.90,31.95,31.66,31.68,8779623,0
INTC.US,D,20180330,000000,31.64,31.76,30.91,31.14,12297357,0
INTC.US,D,20180402,000000,31.10,31.51,30.83,31.40,7814349,0
INTC.US,D,20180402,000000,31.48,31.49,31.37,31.39,16503545,0
INTC.US,D,20180402,000000,31.37,31.82,31.27,31.80,13901396,0
INTC.US,D,20180403,000000,31.73,32.31,31.63,32.23,14715539,0
INTC.US,D,20180404,000000,32.13,32.30,32.10,32.26,9103117,0
INTC.US,D,20180405,000000,32.28,32.74,32.02,32.61,8597483,0
INTC.US,D,20180406,000000,32.58,32.86,32.54,32.74,15229843,0
INTC.US,D,20180409,000000,32.68,33.36,32.62,33.32,18159903,0
INTC.US,D,20180409,000000,33.41,33.55,32.82,32.88,9828143,0
INTC.US,D,20180409,000000,32.88,32.89,32.80,32.87,8379889,0
INTC.US,D,20180410,000000,32.81,32.84,32.80,32.83,18746518,0
INTC.US,D,20180411,000000,32.85,32.90,32.84,32.90,16349800,0
INTC.US,D,20180412,000000,32.95,33.15,32.93,33.09,21953164,0
INTC.US,D,20180413,000000,33.04,33.43,33.02,33.37,11622899,0
INTC.US,D,20180416,000000,33.41,33.44,32.95,33.12,8693260,0
INTC.US,D,20180416,000000,33.26,33.32,32.01,32.49,10982214,0
INTC.US,D,20180416,000000,32.61,32.80,32.57,32.74,16705316,0
INTC.US,D,20180417,000000,32.75,32.77,32.47,32.51,17725672,0
INTC.US,D,20180418,000000,32.65,33.21,32.55,33.06,16076091,0
INTC.US,D,20180419,000000,32.91,34.54,32.69,33.86,13554264,0
INTC.US,D,20180420,000000,33.82,34.14,33.69,34.08,8910267,0
INTC.US,D,20180423,000000,34.09,34.63,33.95,34.48,10037478,0
INTC.US,D,20180423,000000,34.66,34.71,34.19,34.19,17008605,0
INTC.US,D,20180423,000000,34.24,34.26,34.00,34.10,18666388,0
INTC.US,D,20180424,000000,34.14,34.20,33.57,33.69,21186550,0
INTC.US,D,20180425,000000,33.67,33.70,33.65,33.69,20439426,0
INTC.US,D,20180426,000000,33.78,33.99,33.75,33.94,12678970,0
INTC.US,D,20180427,000000,33.89,34.30,33.81,34.28,21507314,0
INTC.US,D,20180430,000000,34.29,34.54,34.28,34.39,17213168,0
INTC.US,D,20180430,000000,34.44,34.45,34.42,34.45,7518892,0
INTC.US,D,20180430,000000,34.48,34.49,34.35,34.39,16728728,0
INTC.US,D,20180501,000000,34.39,34.67,34.39,34.62,16598418,0
INTC.US,D,20180502,000000,34.67,34.70,34.54,34.60,11893003,0
INTC.US,D,20180503,000000,34.59,34.63,34.32,34.43,13266043,0
INTC.US,D,20180504,000000,34.53,34.57,34.46,34.46,17588153,0
INTC.US,D,20180507,000000,34.46,34.80,34.44,34.66,20575938,0
INTC.US,D,20180507,000000,34.68,34.70,34.19,34.36,11451345,0
INTC.US,D,20180507,000000,34.30,34.43,34.26,34.41,13847891,0
INTC.US,D,20180508,000000,34.38,34.99,34.29,34.75,20570711,0
INTC.US,D,20180509,000000,34.72,34.73,34.61,34.62,16039196,0
INTC.US,D,20180510,000000,34.61,34.88,34.58,34.85,17476527,0
INTC.US,D,20180511,000000,34.87,34.92,34.39,34.59,19822504,0
INTC.US,D,20180514,000000,34.50,34.75,34.45,34.68,9697253,0
INTC.US,D,20180514,000000,34.65,34.68,34.34,34.47,15925010,0
INTC.US,D,20180514,000000,34.38,34.87,34.34,34.80,17907701,0
INTC.US,D,20180515,000000,34.95,35.16,34.92,35.07,19065742,0
INTC.US,D,20180516,000000,34.95,35.02,34.85,34.91,22349817,0
INTC.US,D,20180517,000000,34.84,35.40,34.83,35.32,11016234,0
INTC.US,D,20180518,000000,35.33,35.36,35.14,35.21,21118478,0
INTC.US,D,20180521,000000,35.28,35.32,35.14,35.17,11567206,0
INTC.US,D,20180521,000000,35.17,35.20,34.65,34.80,18320051,0
INTC.US,D,20180521,000000,35.15,35.39,35.10,35.27,20066495,0
INTC.US,D,20180522,000000,34.63,36.46,34.25,35.98,28273543,0
INTC.US,D,20180523,000000,35.84,37.22,35.59,36.70,33901407,0
INTC.US,D,20180524,000000,37.12,37.48,36.79,37.36,16565989,0
INTC.US,D,20180525,000000,36.91,37.94,36.55,37.83,15211939,0
INTC.US,D,20180528,000000,37.99,39.09,37.93,38.95,31088547,0
INTC.US,D,20180528,000000,38.90,40.06,38.19,39.77,17771981,0
INTC.US,D,20180528,000000,39.73,41.23,39.72,40.91,19290032,0
INTC.US,D,20180529,000000,40.66,41.74,39.79,41.69,43350073,0
INTC.US,D,20180530,000000,41.57,43.80,41.18,42.69,22889406,0
INTC.US,D,20180531,000000,43.24,44.51,42.87,43.68,49096950,0
INTC.US,D,20180601,000000,43.92,45.18,43.88,44.80,30841695,0
INTC.US,D,20180604,000000,44.59,46.98,44.24,46.00,26082313,0
INTC.US,D,20180604,000000,46.09,48.11,45.68,47.38,29258894,0
INTC.US,D,20180604,000000,47.09,48.90,46.42,48.79,30049676,0
INTC.US,D,20180605,000000,49.26,50.19,49.05,50.17,25028165,0
INTC.US,D,20180606,000000,50.33,52.26,50.06,51.69,25253458,0
INTC.US,D,20180607,000000,52.37,54.06,51.25,53.43,60171552,0
INTC.US,D,20180608,000000,52.86,59.03,51.12,55.46,52724304,0
INTC.US,D,20180611,000000,55.26,57.24,55.15,56.97,26257660,0
INTC.US,D,20180611,000000,56.88,60.46,56.43,59.05,28911096,0
INTC.US,D,20180611,000000,58.21,60.80,57.95,60.49,45111512,0
INTC.US,D,20180612,000000,60.69,62.92,60.46,62.59,74497320,0
INTC.US,D,20180613,000000,63.97,65.34,59.59,61.56,18609298,0
INTC.US,D,20180614,000000,61.41,61.84,58.18,58.82,15683481,0
INTC.US,D,20180615,000000,59.28,59.60,59.13,59.51,19440086,0
INTC.US,D,20180618,000000,59.66,62.25,58.82,62.18,21599369,0
INTC.US,D,20180618,000000,60.61,61.58,60.50,61.44,9148089,0
INTC.US,D,20180618,000000,61.88,62.19,56.96,58.77,21496655,0
INTC.US,D,20180619,000000,58.89,59.05,56.79,57.17,11851828,0
INTC.US,D,20180620,000000,56.54,57.20,56.32,56.82,13099824,0
INTC.US,D,20180621,000000,57.11,58.70,55.95,58.64,9821772,0
INTC.US,D,20180622,000000,58.57,58.76,58.18,58.49,14250599,0
INTC.US,D,20180625,000000,58.16,61.80,56.18,61.20,10298277,0
INTC.US,D,20180625,000000,60.95,61.87,60.45,61.61,8770803,0
INTC.US,D,20180625,000000,61.85,62.03,60.39,60.89,13339479,0
INTC.US,D,20180626,000000,60.32,62.29,59.78,62.06,14980701,0
INTC.US,D,20180627,000000,60.94,63.59,60.26,62.54,21194409,0
INTC.US,D,20180628,000000,63.33,63.62,60.98,61.14,8697899,0
INTC.US,D,20180629,000000,61.64,61.85,61.37,61.59,12251449,0
INTC.US,D,20180702,000000,62.27,62.86,60.95,61.31,18448646,0
INTC.US,D,20180702,000000,60.62,60.65,60.11,60.49,7547718,0
INTC.US,D,20180702,000000,60.18,60.90,59.98,60.80,20387176,0
INTC.US,D,20180703,000000,59.85,60.99,59.65,60.55,8600672,0
INTC.US,D,20180704,000000,60.65,65.93,60.56,64.68,18484854,0
INTC.US,D,20180705,000000,65.02,65.49,63.56,63.91,16530062,0
INTC.US,D,20180706,000000,64.18,64.59,62.07,62.52,15204413,0
INTC.US,D,20180709,000000,62.17,68.11,61.40,65.01,20648429,0
INTC.US,D,20180709,000000,64.66,64.72,62.70,63.04,9950949,0
INTC.US,D,20180709,000000,62.75,63.07,60.56,60.81,12401374,0
INTC.US,D,20180710,000000,60.64,66.68,59.94,63.78,12175906,0
INTC.US,D,20180711,000000,63.71,64.44,63.66,64.32,11640785,0
INTC.US,D,20180712,000000,64.35,64.86,63.22,63.28,14576998,0
INTC.US,D,20180713,000000,63.38,63.87,62.34,62.88,19409257,0
INTC.US,D,20180716,000000,62.89,63.99,62.59,63.46,14749864,0
INTC.US,D,20180716,000000,63.83,65.42,63.33,65.01,16511947,0
INTC.US,D,20180716,000000,64.61,67.08,64.38,66.49,9368477,0
INTC.US,D,20180717,000000,66.87,67.65,64.59,65.03,8860794,0
INTC.US,D,20180718,000000,65.57,67.83,64.69,67.21,19532867,0
INTC.US,D,20180719,000000,67.11,69.25,67.06,68.80,12399137,0
INTC.US,D,20180720,000000,68.42,68.56,66.11,67.34,14884624,0
INTC.US,D,20180723,000000,67.40,67.40,67.21,67.27,13062259,0
INTC.US,D,20180723,000000,66.67,67.01,65.19,65.20,11894077,0
INTC.US,D,20180723,000000,64.50,70.99,64.05,66.82,10161512,0
INTC.US,D,20180724,000000,66.58,67.53,66.14,67.20,8011547,0
INTC.US,D,20180725,000000,67.17,67.47,66.39,66.47,14405136,0
INTC.US,D,20180726,000000,66.67,67.19,63.87,64.72,20900169,0
INTC.US,D,20180727,000000,63.93,65.56,63.92,65.03,11114552,0
INTC.US,D,20180730,000000,65.72,66.19,65.49,65.62,21826966,0
INTC.US,D,20180730,000000,65.35,66.43,65.04,66.19,14280219,0
INTC.US,D,20180730,000000,66.15,66.49,65.93,66.37,11230383,0
INTC.US,D,20180731,000000,65.67,70.17,65.20,68.76,17548292,0
INTC.US,D,20180801,000000,68.70,70.78,68.35,70.48,15514835,0
INTC.US,D,20180802,000000,70.53,72.14,69.98,71.93,10182378,0
INTC.US,D,20180803,000000,71.81,72.30,71.09,71.83,14853941,0
INTC.US,D,20180806,000000,72.05,72.53,70.70,71.09,14394452,0
INTC.US,D,20180806,000000,70.60,72.58,70.58,72.56,10818563,0
INTC.US,D,20180806,000000,72.67,74.07,72.65,73.50,20332810,0
INTC.US,D,20180807,000000,72.96,74.47,72.79,73.89,16493818,0
INTC.US,D,20180808,000000,74.37,74.61,71.96,72.63,13509428,0
INTC.US,D,20180809,000000,72.86,73.54,70.07,71.17,16137550,0
INTC.US,D,20180810,000000,71.08,71.33,68.60,69.06,10484233,0
INTC.US,D,20180813,000000,69.21,69.96,67.21,67.25,19340735,0
INTC.US,D,20180813,000000,67.75,69.67,62.60,65.44,9730662,0
INTC.US,D,20180813,000000,65.51,68.97,65.14,68.93,14732178,0
INTC.US,D,20180814,000000,69.45,69.64,64.75,66.06,8260261,0
INTC.US,D,20180815,000000,66.04,66.10,65.83,65.92,15748411,0
INTC.US,D,20180816,000000,66.18,66.51,63.16,63.82,8402154,0
INTC.US,D,20180817,000000,63.82,65.38,63.32,65.13,17137985,0
INTC.US,D,20180820,000000,65.47,67.15,65.19,66.61,10023867,0
INTC.US,D,20180820,000000,66.62,69.83,66.35,68.98,18455714,0
INTC.US,D,20180820,000000,69.54,69.77,69.46,69.72,9364742,0
INTC.US,D,20180821,000000,69.84,70.08,66.81,68.46,7891578,0
INTC.US,D,20180822,000000,68.53,68.71,67.53,67.54,22420655,0
INTC.US,D,20180823,000000,67.27,67.82,66.89,67.72,16519658,0
INTC.US,D,20180824,000000,67.89,71.17,67.46,70.60,9797961,0
INTC.US,D,20180827,000000,71.09,71.60,68.56,68.88,13479572,0
INTC.US,D,20180827,000000,68.90,69.28,67.30,67.50,14215306,0
INTC.US,D,20180827,000000,67.50,68.38,67.34,68.25,15347075,0
INTC.US,D,20180828,000000,68.63,68.94,67.02,67.20,10926853,0
INTC.US,D,20180829,000000,66.89,67.11,66.33,66.56,17373624,0
INTC.US,D,20180830,000000,66.66,67.78,66.62,67.57,9415880,0
INTC.US,D,20180831,000000,67.64,67.71,66.98,67.01,14009288,0
INTC.US,D,20180903,000000,67.02,67.04,64.35,64.80,15298220,0
INTC.US,D,20180903,000000,64.69,64.80,64.04,64.10,8813655,0
INTC.US,D,20180903,000000,64.30,66.94,63.52,66.34,18598978,0
INTC.US,D,20180904,000000,66.41,67.60,66.41,66.91,22227135,0
INTC.US,D,20180905,000000,66.82,67.08,66.74,66.96,16801602,0
INTC.US,D,20180906,000000,67.20,67.45,65.44,65.74,15764978,0
INTC.US,D,20180907,000000,66.15,66.62,64.14,64.83,10855324,0
INTC.US,D,20180910,000000,64.32,66.16,63.89,66.14,11381806,0
INTC.US,D,20180910,000000,66.18,66.60,65.60,65.82,16283552,0
INTC.US,D,20180910,000000,66.25,66.91,64.33,64.74,7947770,0
INTC.US,D,20180911,000000,65.04,65.27,64.99,65.18,20627344,0
INTC.US,D,20180912,000000,65.19,65.29,62.42,63.38,11685878,0
INTC.US,D,20180913,000000,63.37,63.50,62.75,62.91,8609813,0
INTC.US,D,20180914,000000,62.62,62.67,62.49,62.54,14435068,0
INTC.US,D,20180917,000000,62.94,63.40,60.43,61.31,15492011,0
INTC.US,D,20180917,000000,61.30,61.36,61.24,61.32,18203352,0
INTC.US,D,20180917,000000,61.45,64.15,61.26,63.98,8127700,0
INTC.US,D,20180918,000000,64.33,64.67,61.81,62.42,19392479,0
INTC.US,D,20180919,000000,62.11,62.24,61.31,61.34,12403754,0
INTC.US,D,20180920,000000,61.25,63.85,61.11,62.45,14981422,0
INTC.US,D,20180921,000000,62.37,62.60,61.08,61.65,13689892,0
INTC.US,D,20180924,000000,62.08,64.58,61.87,63.63,11359045,0
INTC.US,D,20180924,000000,63.76,65.02,63.59,64.80,18788457,0
INTC.US,D,20180924,000000,64.94,65.29,63.22,63.63,14222092,0
INTC.US,D,20180925,000000,62.97,64.03,62.79,63.78,14291243,0
INTC.US,D,20180926,000000,63.58,63.78,62.89,63.29,9684450,0
INTC.US,D,20180927,000000,63.16,64.48,63.12,64.23,12140402,0
INTC.US,D,20180928,000000,63.96,64.82,63.69,64.70,15371677,0
INTC.US,D,20181001,000000,64.85,65.13,64.82,65.12,20708698,0
INTC.US,D,20181001,000000,65.14,65.15,65.10,65.11,15161866,0
INTC.US,D,20181001,000000,64.94,65.16,64.89,65.08,20210861,0
INTC.US,D,20181002,000000,64.98,65.07,64.10,64.10,13091275,0
INTC.US,D,20181003,000000,64.06,64.33,62.72,63.16,15468696,0
INTC.US,D,20181004,000000,63.15,63.35,62.86,62.92,8243154,0
INTC.US,D,20181005,000000,63.07,63.32,62.87,63.19,12937873,0
INTC.US,D,20181008,000000,63.30,63.34,63.26,63.34,16198968,0
INTC.US,D,20181008,000000,63.13,63.22,62.96,63.00,7613163,0
INTC.US,D,20181008,000000,62.99,63.44,62.99,63.33,14316352,0
INTC.US,D,20181009,000000,63.42,63.52,63.25,63.35,11084529,0
INTC.US,D,20181010,000000,63.30,63.39,63.28,63.36,20917645,0
INTC.US,D,20181011,000000,63.38,63.40,63.15,63.24,22423106,0
INTC.US,D,20181012,000000,63.17,63.19,62.70,62.73,17808787,0
INTC.US,D,20181015,000000,62.84,62.92,62.84,62.90,17778462,0
INTC.US,D,20181015,000000,62.98,63.04,62.72,62.73,11707757,0
INTC.US,D,20181015,000000,62.66,62.67,62.63,62.64,14900420,0
INTC.US,D,20181016,000000,62.71,62.79,62.23,62.27,7922379,0
INTC.US,D,20181017,000000,62.22,62.57,62.15,62.54,18308483,0
INTC.US,D,20181018,000000,62.60,62.65,61.05,61.63,18186039,0
INTC.US,D,20181019,000000,61.54,61.57,61.52,61.55,8366685,0
INTC.US,D,20181022,000000,61.48,61.53,61.29,61.33,20034638,0
INTC.US,D,20181022,000000,61.18,61.22,61.09,61.10,15231293,0
INTC.US,D,20181022,000000,61.20,62.25,60.93,61.90,15938293,0
INTC.US,D,20181023,000000,61.41,63.41,60.84,62.74,12272814,0
INTC.US,D,20181024,000000,63.06,63.12,62.40,62.50,9236983,0
INTC.US,D,20181025,000000,62.49,62.61,62.43,62.50,18256851,0
INTC.US,D,20181026,000000,62.46,62.95,61.26,61.42,8740421,0
INTC.US,D,20181029,000000,61.37,61.93,61.19,61.87,13925203,0
INTC.US,D,20181029,000000,61.78,62.04,61.77,62.00,10920796,0
INTC.US,D,20181029,000000,62.24,62.48,60.83,60.91,11550603,0
INTC.US,D,20181030,000000,60.63,60.87,59.00,59.42,14844374,0
INTC.US,D,20181031,000000,59.54,59.91,57.69,58.02,20265079,0
INTC.US,D,20181101,000000,58.17,58.60,57.22,57.34,21363847,0
INTC.US,D,20181102,000000,57.27,57.49,57.24,57.43,16053559,0
INTC.US,D,20181105,000000,57.48,57.63,56.96,57.16,10941203,0
INTC.US,D,20181105,000000,57.15,58.02,57.11,57.83,9311404,0
INTC.US,D,20181105,000000,57.79,57.93,57.71,57.89,10088691,0
INTC.US,D,20181106,000000,57.85,58.34,57.74,58.22,21400043,0
INTC.US,D,20181107,000000,58.21,58.92,56.89,56.94,21563589,0
INTC.US,D,20181108,000000,56.74,56.76,56.41,56.56,11302606,0
INTC.US,D,20181109,000000,56.65,57.16,56.49,56.99,10167472,0
INTC.US,D,20181112,000000,57.03,57.48,56.74,57.43,16180408,0
INTC.US,D,20181112,000000,57.30,57.39,57.17,57.37,7590077,0
INTC.US,D,20181112,000000,57.87,57.91,56.70,56.71,13480168,0
INTC.US,D,20181113,000000,56.77,56.79,56.61,56.66,18371148,0
INTC.US,D,20181114,000000,56.60,57.94,56.41,57.43,20335182,0
INTC.US,D,20181115,000000,57.44,57.84,57.40,57.67,10705844,0
INTC.US,D,20181116,000000,58.05,58.22,56.89,56.97,11382296,0
INTC.US,D,20181119,000000,56.93,56.99,56.91,56.95,20761994,0
INTC.US,D,20181119,000000,56.84,57.59,56.84,57.53,15035594,0
INTC.US,D,20181119,000000,57.91,57.92,57.74,57.88,18213511,0
INTC.US,D,20181120,000000,57.78,58.84,57.53,58.35,9115032,0
INTC.US,D,20181121,000000,58.43,58.97,58.33,58.84,9030141,0
INTC.US,D,20181122,000000,58.78,58.88,58.47,58.55,21602445,0
INTC.US,D,20181123,000000,58.54,58.64,58.29,58.39,11596307,0
INTC.US,D,20181126,000000,58.54,58.67,58.09,58.13,21691431,0
INTC.US,D,20181126,000000,58.01,59.37,57.77,59.35,17100708,0
INTC.US,D,20181126,000000,58.90,59.53,58.71,59.25,20110287,0
INTC.US,D,20181127,000000,59.26,61.85,58.78,61.62,14035001,0
INTC.US,D,20181128,000000,61.95,63.26,61.90,62.87,21827103,0
INTC.US,D,20181129,000000,62.92,63.88,62.62,63.78,15431985,0
INTC.US,D,20181130,000000,63.90,63.97,62.76,63.09,12944920,0
INTC.US,D,20181203,000000,63.02,63.26,62.91,63.11,12959870,0
INTC.US,D,20181203,000000,63.31,64.04,61.56,61.80,7801127,0
INTC.US,D,20181203,000000,62.18,62.64,60.86,61.27,18272671,0
INTC.US,D,20181204,000000,60.84,61.99,60.72,61.82,21000793,0
INTC.US,D,20181205,000000,62.28,62.44,62.23,62.35,7875349,0
INTC.US,D,20181206,000000,62.14,62.17,61.40,61.54,9286403,0
INTC.US,D,20181207,000000,61.70,62.68,61.65,62.48,16729956,0
INTC.US,D,20181210,000000,62.81,62.97,61.77,62.02,11531548,0
INTC.US,D,20181210,000000,62.38,63.54,62.22,63.21,17512956,0
INTC.US,D,20181210,000000,63.88,64.07,63.77,63.84,21195744,0
INTC.US,D,20181211,000000,63.73,63.91,61.73,62.64,20010320,0
INTC.US,D,20181212,000000,62.72,62.85,62.69,62.79,21475518,0
INTC.US,D,20181213,000000,62.82,63.71,62.44,63.30,17509577,0
INTC.US,D,20181214,000000,63.89,64.10,61.75,62.06,16240380,0
INTC.US,D,20181217,000000,61.71,62.34,61.17,62.31,13139219,0
INTC.US,D,20181217,000000,62.25,62.41,61.18,61.59,10204529,0
INTC.US,D,20181217,000000,61.59,61.94,60.57,60.81,21660402,0
INTC.US,D,20181218,000000,60.72,61.25,60.59,61.03,10161648,0
INTC.US,D,20181219,000000,60.95,61.05,58.56,59.44,21565576,0
INTC.US,D,20181220,000000,59.92,61.92,59.77,61.29,19798931,0
INTC.US,D,20181221,000000,61.41,61.48,60.97,61.10,10486880,0
INTC.US,D,20181224,000000,61.04,62.51,60.75,61.90,9987626,0
INTC.US,D,20181224,000000,61.51,61.53,61.22,61.32,7565494,0
INTC.US,D,20181224,000000,61.32,61.74,61.27,61.59,15127838,0
INTC.US,D,20181225,000000,61.64,62.51,61.58,62.04,18437888,0
INTC.US,D,20181226,000000,61.67,62.18,61.59,62.01,7811335,0
INTC.US,D,20181227,000000,61.61,62.61,61.59,62.35,22310923,0
INTC.US,D,20181228,000000,61.91,62.46,59.89,60.06,22104054,0
INTC.US,D,20181231,000000,59.57,59.74,59.06,59.30,21061282,0
INTC.US,D,20181231,000000,59.53,60.17,59.41,60.02,20761958,0
INTC.US,D,20181231,000000,60.43,61.38,60.31,61.34,22149923,0
INTC.US,D,20190101,000000,61.79,61.87,61.46,61.66,20910259,0
INTC.US,D,20190102,000000,61.88,62.03,61.37,61.41,7765159,0
INTC.US,D,20190103,000000,61.45,61.65,61.41,61.62,16224182,0
INTC.US,D,20190104,000000,61.56,61.65,61.41,61.50,9251072,0
INTC.US,D,20190107,000000,61.65,61.65,61.49,61.49,21926126,0
INTC.US,D,20190107,000000,61.33,61.98,61.25,61.97,14071670,0
INTC.US,D,20190107,000000,62.10,62.18,61.21,61.47,10482898,0
INTC.US,D,20190108,000000,61.35,61.52,61.33,61.50,16682824,0
INTC.US,D,20190109,000000,61.49,61.95,61.48,61.79,11936576,0
INTC.US,D,20190110,000000,61.86,62.05,61.07,61.32,17329639,0
INTC.US,D,20190111,000000,61.29,62.35,61.22,62.35,17815199,0
INTC.US,D,20190114,000000,62.42,62.46,61.98,62.09,7773932,0
INTC.US,D,20190114,000000,62.23,62.42,62.22,62.34,16744357,0
INTC.US,D,20190114,000000,62.22,64.47,61.76,64.29,19172378,0
INTC.US,D,20190115,000000,64.44,64.82,64.26,64.52,20413662,0
INTC.US,D,20190116,000000,64.40,66.13,63.99,66.00,12217492,0
INTC.US,D,20190117,000000,66.32,66.38,64.89,65.04,16813304,0
INTC.US,D,20190118,000000,64.86,64.89,64.36,64.59,9947393,0
INTC.US,D,20190121,000000,64.51,65.81,64.26,65.69,17236320,0
INTC.US,D,20190121,000000,65.74,66.31,63.84,65.02,14757849,0
INTC.US,D,20190121,000000,65.16,65.43,64.13,64.59,14988944,0
INTC.US,D,20190122,000000,64.23,64.71,63.03,63.37,18017158,0
INTC.US,D,20190123,000000,63.10,63.65,63.00,63.44,20373073,0
INTC.US,D,20190124,000000,63.00,64.73,62.69,64.63,20760235,0
INTC.US,D,20190125,000000,64.43,64.52,63.58,63.62,14723951,0
INTC.US,D,20190128,000000,63.61,63.78,62.92,63.19,16917919,0
INTC.US,D,20190128,000000,63.09,63.14,60.91,61.55,18118132,0
INTC.US,D,20190128,000000,61.37,62.17,61.20,61.98,16115189,0
INTC.US,D,20190129,000000,61.88,62.15,61.70,61.71,18047941,0
INTC.US,D,20190130,000000,61.63,62.96,61.25,62.91,22190369,0
INTC.US,D,20190131,000000,62.84,62.96,62.29,62.42,18932422,0
INTC.US,D,20190201,000000,62.39,63.56,62.32,63.35,7613007,0
INTC.US,D,20190204,000000,63.31,63.61,61.87,62.21,16165225,0
INTC.US,D,20190204,000000,62.10,62.86,62.05,62.51,12417436,0
INTC.US,D,20190204,000000,62.93,63.09,61.78,62.15,12697174,0
INTC.US,D,20190205,000000,62.14,62.15,62.12,62.14,11882942,0
INTC.US,D,20190206,000000,62.12,62.14,62.00,62.02,14434949,0
INTC.US,D,20190207,000000,61.91,62.74,61.38,62.59,18569858,0
INTC.US,D,20190208,000000,62.71,62.75,61.73,61.91,12759479,0
INTC.US,D,20190211,000000,61.91,61.93,61.30,61.31,17837536,0
INTC.US,D,20190211,000000,61.16,62.12,61.06,61.81,20038503,0
INTC.US,D,20190211,000000,61.72,64.03,61.46,63.33,16921955,0
INTC.US,D,20190212,000000,63.58,64.07,63.46,63.98,19947525,0
INTC.US,D,20190213,000000,64.10,65.37,63.54,64.92,9236375,0
INTC.US,D,20190214,000000,65.35,66.05,61.87,62.83,9661580,0
INTC.US,D,20190215,000000,62.76,62.92,60.67,61.25,9200286,0
INTC.US,D,20190218,000000,61.79,61.83,59.65,59.97,10202757,0
INTC.US,D,20190218,000000,59.98,60.24,59.82,60.21,16406473,0
INTC.US,D,20190218,000000,60.25,60.31,59.77,60.07,12442004,0
INTC.US,D,20190219,000000,59.67,59.90,58.70,59.07,9528068,0
INTC.US,D,20190220,000000,59.43,59.56,58.26,58.78,7768977,0
INTC.US,D,20190221,000000,59.10,59.34,58.97,59.27,9875957,0
INTC.US,D,20190222,000000,59.13,60.63,58.91,60.59,16169178,0
INTC.US,D,20190225,000000,59.83,63.02,59.48,62.08,9311460,0
INTC.US,D,20190225,000000,61.98,63.15,61.77,62.35,19624961,0
INTC.US,D,20190225,000000,62.30,62.42,61.61,61.74,9370828,0
INTC.US,D,20190226,000000,62.00,62.14,59.03,60.02,20075555,0
INTC.US,D,20190227,000000,59.71,60.58,59.51,60.04,19887007,0
INTC.US,D,20190228,000000,60.05,60.34,58.58,59.14,16272576,0
INTC.US,D,20190301,000000,59.47,61.09,59.02,60.44,15568205,0
INTC.US,D,20190304,000000,60.82,61.14,59.18,59.56,11982930,0
INTC.US,D,20190304,000000,59.47,61.33,59.04,60.64,7662287,0
INTC.US,D,20190304,000000,60.74,60.88,60.71,60.83,20488804,0
INTC.US,D,20190305,000000,60.10,60.94,59.93,60.80,10039014,0
INTC.US,D,20190306,000000,60.56,62.09,60.55,61.55,14309124,0
INTC.US,D,20190307,000000,61.56,61.76,61.30,61.70,19412466,0
INTC.US,D,20190308,000000,61.49,63.51,61.03,62.60,17713612,0
INTC.US,D,20190311,000000,62.79,62.90,62.44,62.54,14767220,0
INTC.US,D,20190311,000000,62.57,62.66,62.17,62.18,20115564,0
INTC.US,D,20190311,000000,61.54,64.82,60.66,63.96,21663240,0
INTC.US,D,20190312,000000,63.96,65.47,63.86,64.72,19186778,0
INTC.US,D,20190313,000000,64.38,66.17,64.26,65.32,19863280,0
INTC.US,D,20190314,000000,65.37,65.44,64.32,64.52,17371722,0
INTC.US,D,20190315,000000,64.46,65.56,64.37,65.10,18105119,0
INTC.US,D,20190318,000000,65.39,65.80,64.46,64.86,13596665,0
INTC.US,D,20190318,000000,65.19,65.38,64.57,64.66,14053204,0
INTC.US,D,20190318,000000,64.07,64.96,64.01,64.91,12900046,0
INTC.US,D,20190319,000000,65.10,65.61,63.67,64.03,18685603,0
INTC.US,D,20190320,000000,64.34,64.34,63.99,64.03,21310978,0
INTC.US,D,20190321,000000,63.84,63.97,63.76,63.95,21883719,0
INTC.US,D,20190322,000000,64.07,64.20,63.69,63.70,11965453,0
INTC.US,D,20190325,000000,63.73,63.83,63.72,63.83,21688695,0
INTC.US,D,20190325,000000,63.70,64.13,63.67,64.12,15581443,0
INTC.US,D,20190325,000000,64.03,64.26,63.45,63.61,7965710,0
INTC.US,D,20190326,000000,63.83,64.01,63.82,63.94,8876914,0
INTC.US,D,20190327,000000,63.89,63.92,63.89,63.92,17714733,0
INTC.US,D,20190328,000000,64.18,64.20,63.16,63.34,21869251,0
INTC.US,D,20190329,000000,63.17,64.96,63.02,64.46,13334122,0
INTC.US,D,20190401,000000,64.49,64.52,62.78,63.34,7511275,0
INTC.US,D,20190401,000000,63.38,63.44,62.59,63.02,16699698,0
INTC.US,D,20190401,000000,63.05,63.13,62.67,62.69,17053752,0
INTC.US,D,20190402,000000,62.57,62.72,62.54,62.71,18737786,0
INTC.US,D,20190403,000000,62.63,62.69,61.57,61.97,15853742,0
INTC.US,D,20190404,000000,62.06,62.09,61.38,61.70,20590022,0
INTC.US,D,20190405,000000,61.56,61.58,61.38,61.44,21974692,0
INTC.US,D,20190408,000000,61.62,61.70,61.18,61.30,10484542,0
INTC.US,D,20190408,000000,61.06,61.68,60.84,61.59,13865518,0
INTC.US,D,20190408,000000,61.51,61.69,61.49,61.65,12140013,0
INTC.US,D,20190409,000000,61.80,62.21,61.50,62.14,7714720,0
INTC.US,D,20190410,000000,62.14,62.16,61.79,61.88,13655937,0
INTC.US,D,20190411,000000,61.90,61.98,61.76,61.77,21148640,0
INTC.US,D,20190412,000000,61.57,61.66,61.50,61.57,12512180,0
INTC.US,D,20190415,000000,61.40,61.50,61.40,61.44,10244306,0
INTC.US,D,20190415,000000,61.35,62.39,61.17,62.38,12563603,0
INTC.US,D,20190415,000000,62.31,62.38,62.28,62.31,13668539,0
INTC.US,D,20190416,000000,62.42,62.72,61.49,61.52,8025538,0
INTC.US,D,20190417,000000,61.62,62.57,61.53,62.30,7558594,0
INTC.US,D,20190418,000000,62.52,63.86,62.52,63.48,9671670,0
INTC.US,D,20190419,000000,63.68,64.10,63.54,63.88,10584676,0
INTC.US,D,20190422,000000,64.17,64.19,64.00,64.06,10309500,0
INTC.US,D,20190422,000000,64.02,64.12,63.45,63.54,16046056,0
INTC.US,D,20190422,000000,63.68,64.31,62.01,62.34,16174278,0
INTC.US,D,20190423,000000,62.31,62.45,61.21,61.47,21021160,0
INTC.US,D,20190424,000000,61.39,61.45,61.38,61.45,12061060,0
INTC.US,D,20190425,000000,61.28,61.46,61.16,61.27,10137839,0
INTC.US,D,20190426,000000,61.20,62.91,61.02,62.59,11670211,0
INTC.US,D,20190429,000000,62.62,62.86,61.35,61.85,17269673,0
INTC.US,D,20190429,000000,61.75,61.92,61.61,61.72,12300448,0
INTC.US,D,20190429,000000,61.84,61.86,61.69,61.74,8523925,0
INTC.US,D,20190430,000000,61.61,61.94,61.51,61.92,18501997,0
INTC.US,D,20190501,000000,61.97,62.30,61.71,62.15,19419432,0
INTC.US,D,20190502,000000,62.23,62.35,61.88,61.88,20031354,0
INTC.US,D,20190503,000000,61.85,62.49,61.72,62.48,11527695,0
INTC.US,D,20190506,000000,62.63,62.93,62.58,62.87,10462705,0
INTC.US,D,20190506,000000,62.83,63.36,62.82,63.32,19969179,0
INTC.US,D,20190506,000000,63.27,63.75,63.25,63.62,15623947,0
INTC.US,D,20190507,000000,63.43,63.63,63.43,63.53,15943274,0
INTC.US,D,20190508,000000,63.44,63.73,63.35,63.61,10708412,0
INTC.US,D,20190509,000000,63.77,63.93,63.75,63.93,18729503,0
INTC.US,D,20190510,000000,63.89,65.21,63.64,64.85,15571537,0
INTC.US,D,20190513,000000,65.20,65.25,64.45,64.65,19140081,0
INTC.US,D,20190513,000000,64.64,64.78,64.26,64.49,7855183,0
INTC.US,D,20190513,000000,64.46,64.48,63.89,63.94,11773161,0
INTC.US,D,20190514,000000,63.95,64.15,63.40,63.71,13864056,0
INTC.US,D,20190515,000000,63.34,63.99,63.25,63.94,14243297,0
INTC.US,D,20190516,000000,63.74,65.11,63.65,64.72,14215622,0
INTC.US,D,20190517,000000,64.88,65.22,63.47,63.71,18052643,0
INTC.US,D,20190520,000000,63.65,64.54,63.49,64.19,17653726,0
INTC.US,D,20190520,000000,64.46,64.59,63.11,63.60,17515350,0
INTC.US,D,20190520,000000,63.72,64.89,63.48,64.42,7689686,0
INTC.US,D,20190521,000000,64.34,64.93,64.25,64.66,11408345,0
INTC.US,D,20190522,000000,64.95,65.00,64.93,64.95,21954251,0
INTC.US,D,20190523,000000,64.98,65.12,64.91,65.09,9041332,0
INTC.US,D,20190524,000000,64.82,67.02,64.52,66.73,22300238,0
INTC.US,D,20190527,000000,66.77,67.45,66.67,67.39,14581528,0
INTC.US,D,20190527,000000,67.36,67.63,65.65,66.01,18565876,0
INTC.US,D,20190527,000000,66.10,66.17,65.65,65.70,15086004,0
INTC.US,D,20190528,000000,65.87,66.26,64.20,64.62,9426637,0
INTC.US,D,20190529,000000,64.61,64.83,64.51,64.75,13679179,0
INTC.US,D,20190530,000000,64.68,65.01,64.67,64.96,22451286,0
INTC.US,D,20190531,000000,65.02,65.52,65.00,65.35,14698641,0
INTC.US,D,20190603,000000,65.36,65.88,65.29,65.80,14024745,0
INTC.US,D,20190603,000000,65.87,65.90,65.62,65.66,13197725,0
INTC.US,D,20190603,000000,65.86,66.03,65.45,65.50,18385961,0
INTC.US,D,20190604,000000,65.34,65.50,65.33,65.46,10588968,0
INTC.US,D,20190605,000000,65.57,66.24,65.56,66.20,11180545,0
INTC.US,D,20190606,000000,66.34,66.45,65.80,65.90,15396766,0
INTC.US,D,20190607,000000,65.92,66.09,65.48,65.53,13254054,0
INTC.US,D,20190610,000000,65.78,65.84,64.55,64.98,20818108,0
INTC.US,D,20190610,000000,64.89,65.03,64.72,64.84,16935157,0
INTC.US,D,20190610,000000,64.83,64.91,63.85,64.05,21787069,0
INTC.US,D,20190611,000000,63.90,63.93,63.66,63.66,9444417,0
INTC.US,D,20190612,000000,63.41,65.32,63.07,65.01,14672809,0
INTC.US,D,20190613,000000,64.92,65.01,63.55,63.59,8681459,0
INTC.US,D,20190614,000000,64.13,64.32,63.24,63.39,12852883,0
INTC.US,D,20190617,000000,63.59,63.66,63.58,63.64,21239054,0
INTC.US,D,20190617,000000,63.78,63.84,63.65,63.67,15483414,0
INTC.US,D,20190617,000000,63.19,63.24,63.18,63.24,12513208,0
INTC.US,D,20190618,000000,63.03,64.42,62.91,64.42,12525723,0
INTC.US,D,20190619,000000,64.75,64.76,63.34,63.51,7877087,0
INTC.US,D,20190620,000000,63.54,63.74,62.69,62.73,14417517,0
INTC.US,D,20190621,000000,63.07,63.28,60.98,61.48,11770967,0
INTC.US,D,20190624,000000,61.59,62.09,61.53,61.87,17075388,0
INTC.US,D,20190624,000000,62.05,62.08,60.31,60.40,15848698,0
INTC.US,D,20190624,000000,59.94,60.03,58.91,59.05,8595976,0
INTC.US,D,20190625,000000,59.44,59.50,59.07,59.17,10069748,0
INTC.US,D,20190626,000000,58.99,59.24,57.53,57.58,8566080,0
INTC.US,D,20190627,000000,57.21,57.36,56.28,56.76,7996070,0
INTC.US,D,20190628,000000,56.74,56.81,55.77,55.78,19664979,0
INTC.US,D,20190701,000000,56.19,57.04,54.88,55.09,8569081,0
INTC.US,D,20190701,000000,55.26,56.75,55.21,56.71,11235504,0
INTC.US,D,20190701,000000,56.56,57.87,54.37,54.38,22356845,0
INTC.US,D,20190702,000000,54.12,56.45,54.08,55.92,14506892,0
INTC.US,D,20190703,000000,55.59,55.69,54.44,55.00,12827819,0
INTC.US,D,20190704,000000,55.20,55.82,53.85,53.99,11887827,0
INTC.US,D,20190705,000000,54.27,54.38,51.56,52.66,22419012,0
INTC.US,D,20190708,000000,52.91,54.82,52.81,54.69,9380189,0
INTC.US,D,20190708,000000,54.49,54.51,54.27,54.30,11733345,0
INTC.US,D,20190708,000000,54.40,55.85,54.03,55.49,15522837,0
INTC.US,D,20190709,000000,55.18,56.44,54.68,56.30,14673977,0
INTC.US,D,20190710,000000,56.33,56.65,53.08,53.24,9079290,0
INTC.US,D,20190711,000000,53.27,53.30,53.19,53.25,14655004,0
INTC.US,D,20190712,000000,53.10,53.20,52.54,52.78,18001708,0
INTC.US,D,20190715,000000,53.01,53.05,51.93,52.24,21494410,0
INTC.US,D,20190715,000000,53.29,53.44,52.18,52.28,9520069,0
INTC.US,D,20190715,000000,51.67,52.77,51.54,52.19,18807416,0
INTC.US,D,20190716,000000,51.85,53.26,51.56,52.99,11408395,0
INTC.US,D,20190717,000000,53.57,55.96,53.23,55.96,21441568,0
INTC.US,D,20190718,000000,55.36,59.17,53.84,59.09,18956762,0
INTC.US,D,20190719,000000,59.04,63.34,58.77,62.99,19526866,0
INTC.US,D,20190722,000000,63.49,63.99,60.50,61.49,8384511,0
INTC.US,D,20190722,000000,61.66,61.83,61.02,61.16,21039870,0
INTC.US,D,20190722,000000,60.78,60.86,56.05,57.79,16787293,0
INTC.US,D,20190723,000000,58.11,60.95,57.32,60.75,7773908,0
INTC.US,D,20190724,000000,60.38,60.40,60.12,60.18,7544166,0
INTC.US,D,20190725,000000,59.97,61.09,59.58,60.74,12116870,0
INTC.US,D,20190726,000000,60.09,62.20,59.33,61.80,10824226,0
INTC.US,D,20190729,000000,60.72,61.32,58.91,59.32,17142532,0
INTC.US,D,20190729,000000,59.30,59.48,59.28,59.31,18168962,0
INTC.US,D,20190729,000000,59.03,59.13,57.59,58.46,17541320,0
INTC.US,D,20190730,000000,59.39,60.97,59.06,60.61,13823342,0
INTC.US,D,20190731,000000,60.82,62.62,60.71,62.39,11428796,0
INTC.US,D,20190801,000000,61.86,65.21,61.68,65.10,14577607,0
INTC.US,D,20190802,000000,64.74,67.95,63.60,67.67,14682844,0
INTC.US,D,20190805,000000,66.02,67.48,65.68,66.85,15640391,0
INTC.US,D,20190805,000000,66.65,68.09,66.09,68.05,21460498,0
INTC.US,D,20190805,000000,67.50,69.39,66.81,69.14,8532974,0
INTC.US,D,20190806,000000,66.63,74.17,65.49,71.68,15676385,0
INTC.US,D,20190807,000000,71.95,75.95,71.00,75.94,18996830,0
INTC.US,D,20190808,000000,75.54,76.47,71.39,72.50,20797362,0
INTC.US,D,20190809,000000,71.64,72.66,71.50,72.65,16065529,0
INTC.US,D,20190812,000000,72.14,72.64,70.79,70.79,9983745,0
INTC.US,D,20190812,000000,70.71,70.96,68.28,69.10,9208994,0
INTC.US,D,20190812,000000,70.29,71.08,70.19,70.88,12084873,0
INTC.US,D,20190813,000000,71.06,71.65,66.46,66.56,9142542,0
INTC.US,D,20190814,000000,65.95,72.00,65.29,70.69,21518413,0
INTC.US,D,20190815,000000,70.79,70.80,69.14,69.57,20161157,0
INTC.US,D,20190816,000000,70.16,77.27,69.80,75.03,13958246,0
INTC.US,D,20190819,000000,76.39,77.28,73.30,73.81,14193255,0
INTC.US,D,20190819,000000,73.00,73.24,71.89,72.32,14232345,0
INTC.US,D,20190819,000000,72.58,73.37,69.80,71.19,13028551,0
INTC.US,D,20190820,000000,71.76,75.58,70.68,73.89,11568928,0
INTC.US,D,20190821,000000,72.53,75.38,72.09,75.16,19085888,0
INTC.US,D,20190822,000000,75.09,79.39,74.38,79.22,15551705,0
INTC.US,D,20190823,000000,78.45,82.95,78.35,82.29,17058472,0
INTC.US,D,20190826,000000,82.79,82.89,82.56,82.74,14912115,0
INTC.US,D,20190826,000000,82.18,83.41,80.76,82.08,15785994,0
INTC.US,D,20190826,000000,81.43,81.62,80.35,80.92,15500168,0
INTC.US,D,20190827,000000,81.13,82.30,80.84,81.90,16900423,0
INTC.US,D,20190828,000000,82.24,82.47,79.88,80.10,18837334,0
INTC.US,D,20190829,000000,80.21,82.07,80.09,81.04,11019611,0
INTC.US,D,20190830,000000,81.36,81.75,71.70,74.11,15160167,0
INTC.US,D,20190902,000000,73.51,74.44,72.99,73.18,12174811,0
INTC.US,D,20190902,000000,71.73,72.77,71.69,72.40,14408933,0
INTC.US,D,20190902,000000,73.57,74.10,70.22,70.37,18164626,0
INTC.US,D,20190903,000000,71.64,71.89,68.31,69.07,18127901,0
INTC.US,D,20190904,000000,69.19,69.20,69.16,69.18,17400029,0
INTC.US,D,20190905,000000,68.92,69.11,67.74,68.12,8678556,0
INTC.US,D,20190906,000000,68.00,70.80,67.66,70.30,20834513,0
INTC.US,D,20190909,000000,69.99,72.05,69.41,71.90,14330592,0
INTC.US,D,20190909,000000,72.09,72.51,71.79,72.46,22036899,0
INTC.US,D,20190909,000000,72.22,72.39,70.62,71.58,10521543,0
INTC.US,D,20190910,000000,71.91,72.91,71.64,72.44,16402483,0
INTC.US,D,20190911,000000,73.32,73.53,71.11,71.67,15872108,0
INTC.US,D,20190912,000000,71.74,71.80,69.24,70.20,13766854,0
INTC.US,D,20190913,000000,70.22,70.93,70.11,70.73,13389196,0
INTC.US,D,20190916,000000,71.02,73.15,70.12,72.32,21976437,0
INTC.US,D,20190916,000000,72.31,72.33,68.61,69.27,21810728,0
INTC.US,D,20190916,000000,69.04,69.89,68.94,69.59,10456121,0
INTC.US,D,20190917,000000,69.09,70.03,69.05,69.66,7749158,0
INTC.US,D,20190918,000000,69.47,69.48,69.33,69.37,18007788,0
INTC.US,D,20190919,000000,69.55,69.55,69.16,69.25,18004554,0
INTC.US,D,20190920,000000,69.40,73.08,69.27,71.93,11047602,0
INTC.US,D,20190923,000000,73.00,73.14,68.17,69.66,21938617,0
INTC.US,D,20190923,000000,69.47,70.50,69.33,70.20,16598976,0
INTC.US,D,20190923,000000,69.97,71.81,69.97,71.76,9769553,0
INTC.US,D,20190924,000000,72.11,74.30,71.87,73.79,14020598,0
INTC.US,D,20190925,000000,73.82,75.06,70.03,71.55,15923158,0
INTC.US,D,20190926,000000,70.40,70.44,69.13,69.56,22228232,0
INTC.US,D,20190927,000000,69.69,69.71,69.03,69.52,8135759,0
INTC.US,D,20190930,000000,68.84,69.07,67.92,68.53,20329453,0
INTC.US,D,20190930,000000,68.65,68.74,66.32,66.49,19524747,0
INTC.US,D,20190930,000000,66.66,66.80,63.50,64.68,18471748,0
INTC.US,D,20191001,000000,65.44,65.49,64.98,65.07,12611668,0
INTC.US,D,20191002,000000,65.06,65.27,64.59,64.67,14791273,0
INTC.US,D,20191003,000000,65.00,66.60,64.76,65.75,19598135,0
INTC.US,D,20191004,000000,65.32,65.34,62.55,62.69,13758308,0
INTC.US,D,20191007,000000,62.27,64.73,62.22,64.21,16418581,0
INTC.US,D,20191007,000000,64.19,64.23,63.30,63.41,15271282,0
INTC.US,D,20191007,000000,63.59,63.85,63.38,63.49,15307622,0
INTC.US,D,20191008,000000,63.60,65.63,62.92,65.34,19924434,0
INTC.US,D,20191009,000000,64.94,66.25,64.07,66.05,16696796,0
INTC.US,D,20191010,000000,66.52,66.84,65.98,66.65,19401538,0
INTC.US,D,20191011,000000,67.44,67.49,67.27,67.29,21264879,0
INTC.US,D,20191014,000000,68.09,69.56,67.86,69.33,14442350,0
INTC.US,D,20191014,000000,68.27,68.35,68.14,68.17,15830678,0
INTC.US,D,20191014,000000,67.77,68.82,67.73,68.78,20081584,0
INTC.US,D,20191015,000000,69.37,70.69,69.33,70.04,10211161,0
INTC.US,D,20191016,000000,69.81,72.80,69.68,72.17,10700915,0
INTC.US,D,20191017,000000,72.60,72.67,71.40,71.51,14200254,0
INTC.US,D,20191018,000000,71.68,72.15,71.56,72.12,16403012,0
INTC.US,D,20191021,000000,71.65,72.27,69.42,69.81,11214405,0
INTC.US,D,20191021,000000,69.96,70.25,69.01,69.32,11464645,0
INTC.US,D,20191021,000000,69.31,70.48,69.24,70.05,8059127,0
INTC.US,D,20191022,000000,69.90,70.19,68.98,69.06,21250806,0
INTC.US,D,20191023,000000,68.99,70.14,68.46,69.59,17551089,0
INTC.US,D,20191024,000000,69.38,69.43,65.41,67.43,17314687,0
INTC.US,D,20191025,000000,66.97,68.48,66.77,68.22,15488750,0
INTC.US,D,20191028,000000,68.35,68.61,67.28,67.48,7731357,0
INTC.US,D,20191028,000000,67.24,70.10,66.96,69.41,11308780,0
INTC.US,D,20191028,000000,69.76,70.23,63.06,64.91,12392775,0
INTC.US,D,20191029,000000,65.05,65.38,63.72,64.24,20018112,0
INTC.US,D,20191030,000000,64.58,65.54,61.16,61.48,19434635,0
INTC.US,D,20191031,000000,61.54,62.98,61.34,62.57,22317582,0
INTC.US,D,20191101,000000,62.03,62.25,58.47,58.96,18526074,0
INTC.US,D,20191104,000000,59.19,59.98,58.98,59.52,21517921,0
INTC.US,D,20191104,000000,59.19,59.47,58.04,58.31,20005501,0
INTC.US,D,20191104,000000,58.28,59.04,58.28,58.89,9583449,0
INTC.US,D,20191105,000000,58.48,59.55,58.31,59.09,8242478,0
INTC.US,D,20191106,000000,59.24,59.45,58.45,58.69,19354689,0
INTC.US,D,20191107,000000,57.85,58.52,57.71,58.05,17313408,0
INTC.US,D,20191108,000000,58.46,58.68,56.64,56.69,7509812,0
INTC.US,D,20191111,000000,57.05,57.07,56.62,56.67,13265675,0
INTC.US,D,20191111,000000,56.14,59.84,56.08,58.43,13509851,0
INTC.US,D,20191111,000000,58.20,58.68,56.89,56.93,12126267,0
INTC.US,D,20191112,000000,56.65,56.93,56.63,56.71,9753395,0
INTC.US,D,20191113,000000,57.21,58.14,54.41,54.82,9671002,0
INTC.US,D,20191114,000000,55.35,57.12,54.66,56.53,22114862,0
INTC.US,D,20191115,000000,56.97,57.04,56.24,56.62,15030173,0
INTC.US,D,20191118,000000,55.39,57.07,54.69,56.74,20232015,0
INTC.US,D,20191118,000000,55.77,59.83,55.53,59.60,15613775,0
INTC.US,D,20191118,000000,59.44,60.14,59.37,60.04,9254624,0
INTC.US,D,20191119,000000,60.16,61.28,55.16,55.76,20490559,0
INTC.US,D,20191120,000000,56.78,57.07,55.34,56.17,7710068,0
INTC.US,D,20191121,000000,56.20,60.52,55.62,59.50,14786275,0
INTC.US,D,20191122,000000,58.68,61.08,58.10,61.01,18601712,0
INTC.US,D,20191125,000000,61.52,61.61,61.02,61.35,11028579,0
INTC.US,D,20191125,000000,60.84,62.37,60.50,62.19,22334555,0
INTC.US,D,20191125,000000,61.66,62.49,57.06,57.17,15941669,0
INTC.US,D,20191126,000000,57.41,57.60,56.26,56.93,8615839,0
INTC.US,D,20191127,000000,56.59,57.08,56.58,57.03,19154397,0
INTC.US,D,20191128,000000,56.98,57.58,56.80,57.41,16310531,0
INTC.US,D,20191129,000000,57.84,58.29,57.48,57.52,19381582,0
INTC.US,D,20191202,000000,57.35,58.19,52.33,53.34,14990905,0
INTC.US,D,20191202,000000,53.11,53.31,52.93,53.29,19222185,0
INTC.US,D,20191202,000000,53.15,53.17,50.32,51.60,11760156,0
INTC.US,D,20191203,000000,51.78,53.73,51.64,53.08,13515815,0
INTC.US,D,20191204,000000,53.37,54.28,53.30,53.90,8774538,0
INTC.US,D,20191205,000000,53.58,56.06,53.42,55.72,15362634,0
INTC.US,D,20191206,000000,55.89,56.88,55.72,56.19,12861015,0
INTC.US,D,20191209,000000,56.14,56.19,54.00,54.69,21087898,0
INTC.US,D,20191209,000000,54.74,54.94,53.20,53.20,12639622,0
INTC.US,D,20191209,000000,53.17,53.83,51.12,51.54,9929170,0
INTC.US,D,20191210,000000,51.82,52.19,51.43,51.53,22040961,0
INTC.US,D,20191211,000000,51.50,52.25,51.42,52.10,13644879,0
INTC.US,D,20191212,000000,52.47,52.70,50.87,51.56,18529559,0
INTC.US,D,20191213,000000,51.94,52.65,51.80,52.43,8976680,0
INTC.US,D,20191216,000000,52.77,54.09,52.49,53.35,17544886,0
INTC.US,D,20191216,000000,53.52,53.63,49.69,50.55,14761872,0
INTC.US,D,20191216,000000,50.15,50.16,48.85,49.21,9753884,0
INTC.US,D,20191217,000000,50.27,51.68,50.17,51.44,22322910,0
INTC.US,D,20191218,000000,51.62,54.27,50.35,53.61,11172840,0
INTC.US,D,20191219,000000,53.27,54.72,53.22,54.55,16427792,0
INTC.US,D,20191220,000000,54.72,54.77,53.83,53.93,8042630,0
INTC.US,D,20191223,000000,53.84,53.95,53.70,53.83,16275234,0
INTC.US,D,20191223,000000,53.81,54.07,49.15,50.94,22289129,0
INTC.US,D,20191223,000000,50.89,51.76,50.77,51.73,13658299,0
INTC.US,D,20191224,000000,51.90,52.12,51.67,52.08,8373585,0
INTC.US,D,20191225,000000,53.25,53.59,51.57,51.82,18098761,0
INTC.US,D,20191226,000000,52.05,52.62,49.77,50.47,7692227,0
INTC.US,D,20191227,000000,50.54,50.66,48.19,48.85,17537969,0
INTC.US,D,20191230,000000,48.57,50.63,48.40,49.98,15119253,0
INTC.US,D,20191230,000000,50.41,50.45,50.23,50.40,9242301,0
INTC.US,D,20191230,000000,50.36,51.57,49.90,51.54,10206406,0
INTC.US,D,20191231,000000,51.36,54.59,51.22,52.82,11928209,0
INTC.US,D,20200101,000000,53.36,53.48,53.33,53.44,20652209,0
INTC.US,D,20200102,000000,52.77,53.93,52.47,53.24,9936403,0
INTC.US,D,20200103,000000,53.78,53.87,52.82,53.16,10675500,0
INTC.US,D,20200106,000000,53.96,54.52,53.89,54.42,19027854,0
INTC.US,D,20200106,000000,54.25,55.01,52.86,53.44,20884795,0
INTC.US,D,20200106,000000,54.17,55.27,49.19,49.59,16709502,0
INTC.US,D,20200107,000000,49.05,49.63,48.84,49.61,19292216,0
INTC.US,D,20200108,000000,50.03,51.19,47.76,48.26,16210867,0
INTC.US,D,20200109,000000,48.80,50.58,47.86,49.80,14310123,0
INTC.US,D,20200110,000000,49.89,50.03,48.46,49.27,8430358,0
INTC.US,D,20200113,000000,49.71,51.12,48.99,50.89,12242770,0
INTC.US,D,20200113,000000,51.63,55.37,51.39,54.73,16719786,0
INTC.US,D,20200113,000000,54.09,54.73,53.61,53.68,14716757,0
INTC.US,D,20200114,000000,54.26,58.81,54.17,57.63,17671464,0
INTC.US,D,20200115,000000,57.37,58.33,53.20,54.05,22020291,0
INTC.US,D,20200116,000000,53.43,55.07,53.10,54.97,11459886,0
INTC.US,D,20200117,000000,53.99,55.04,53.93,54.45,20249123,0
INTC.US,D,20200120,000000,54.27,54.40,54.25,54.36,13798931,0
INTC.US,D,20200120,000000,54.22,55.01,49.84,49.91,8703630,0
INTC.US,D,20200120,000000,50.36,50.39,49.83,50.07,16773387,0
INTC.US,D,20200121,000000,49.92,50.75,49.02,49.42,17995234,0
INTC.US,D,20200122,000000,49.66,49.76,49.34,49.55,14273695,0
INTC.US,D,20200123,000000,49.87,50.53,49.72,50.44,11127361,0
INTC.US,D,20200124,000000,50.82,54.07,49.87,53.85,17286251,0
INTC.US,D,20200127,000000,53.47,54.16,51.68,51.69,12971810,0
INTC.US,D,20200127,000000,52.13,52.15,48.13,48.61,22493778,0
INTC.US,D,20200127,000000,48.00,48.21,46.64,46.75,12135321,0
INTC.US,D,20200128,000000,47.27,50.73,46.62,49.35,18354111,0
INTC.US,D,20200129,000000,49.67,50.22,49.66,49.99,12856433,0
INTC.US,D,20200130,000000,49.42,49.63,45.99,46.21,18113502,0
INTC.US,D,20200131,000000,46.63,47.22,46.47,46.92,16486234,0
INTC.US,D,20200203,000000,47.17,47.73,46.91,47.53,18671866,0
INTC.US,D,20200203,000000,48.13,48.18,45.83,46.24,14453994,0
INTC.US,D,20200203,000000,45.90,46.90,45.62,46.69,8714418,0
INTC.US,D,20200204,000000,47.74,47.88,43.38,44.71,20062990,0
INTC.US,D,20200205,000000,44.55,44.65,43.63,43.92,15135562,0
INTC.US,D,20200206,000000,44.20,46.16,43.45,45.71,14492317,0
INTC.US,D,20200207,000000,46.29,46.91,40.42,41.46,13298895,0
INTC.US,D,20200210,000000,41.87,42.54,38.81,39.54,17260812,0
INTC.US,D,20200210,000000,39.39,42.40,38.98,42.01,22113548,0
INTC.US,D,20200210,000000,42.28,45.70,41.82,44.31,11632350,0
INTC.US,D,20200211,000000,43.18,44.40,42.88,44.16,19880653,0
INTC.US,D,20200212,000000,44.38,48.04,43.54,47.59,9075880,0
INTC.US,D,20200213,000000,47.58,49.61,47.55,48.96,19083159,0
INTC.US,D,20200214,000000,47.59,51.81,47.09,49.92,15322750,0
INTC.US,D,20200217,000000,49.89,50.75,49.70,50.45,11389623,0
INTC.US,D,20200217,000000,49.56,50.19,46.64,46.66,18649886,0
INTC.US,D,20200217,000000,46.58,47.56,46.26,47.18,15817708,0
INTC.US,D,20200218,000000,47.86,48.90,46.83,48.58,15993828,0
INTC.US,D,20200219,000000,49.08,49.61,48.48,48.95,9345283,0
INTC.US,D,20200220,000000,48.72,57.30,48.64,55.59,9321871,0
INTC.US,D,20200221,000000,54.59,60.49,51.79,59.62,12634566,0
INTC.US,D,20200224,000000,57.80,58.66,55.38,55.47,10197524,0
INTC.US,D,20200224,000000,54.18,54.76,52.30,52.72,16441885,0
INTC.US,D,20200224,000000,53.00,53.30,48.75,48.94,14360484,0
INTC.US,D,20200225,000000,48.80,49.06,48.73,48.75,12259750,0
INTC.US,D,20200226,000000,49.57,51.86,49.16,51.70,9965592,0
INTC.US,D,20200227,000000,50.61,52.38,50.42,51.95,11238405,0
INTC.US,D,20200228,000000,51.32,57.18,51.16,55.82,17007931,0
INTC.US,D,20200302,000000,55.44,55.54,54.93,55.04,19927597,0
INTC.US,D,20200302,000000,55.07,57.47,54.10,56.57,12813771,0
INTC.US,D,20200302,000000,56.26,56.26,53.71,54.20,19104773,0
INTC.US,D,20200303,000000,53.91,54.72,51.09,52.29,14735241,0
INTC.US,D,20200304,000000,52.83,56.27,51.95,55.24,12485621,0
INTC.US,D,20200305,000000,53.35,55.53,52.64,54.71,11010053,0
INTC.US,D,20200306,000000,55.39,55.79,53.20,53.99,28704490,0
INTC.US,D,20200309,000000,53.87,54.01,51.22,51.65,22995598,0
INTC.US,D,20200309,000000,51.35,51.50,48.79,49.61,37075529,0
INTC.US,D,20200309,000000,48.58,49.30,46.59,47.44,36558575,0
INTC.US,D,20200310,000000,46.85,46.89,44.87,45.53,52387196,0
INTC.US,D,20200311,000000,45.84,46.76,43.38,43.73,38505535,0
INTC.US,D,20200312,000000,43.34,43.62,41.59,41.60,73626421,0
INTC.US,D,20200313,000000,41.40,41.70,39.12,39.42,63723628,0
INTC.US,D,20200316,000000,39.66,39.74,34.88,36.34,82167693,0
INTC.US,D,20200316,000000,36.22,36.55,34.32,34.58,51808401,0
INTC.US,D,20200316,000000,34.37,35.32,32.16,32.42,63775415,0
INTC.US,D,20200317,000000,32.09,32.18,29.83,29.93,52958055,0
INTC.US,D,20200318,000000,29.92,32.12,29.45,31.36,10886633,0
INTC.US,D,20200319,000000,31.42,31.47,30.80,30.91,7561842,0
INTC.US,D,20200320,000000,30.66,30.84,29.16,29.39,20113608,0
INTC.US,D,20200323,000000,28.81,31.24,28.42,30.02,11514412,0
INTC.US,D,20200323,000000,29.89,32.36,29.14,30.94,8695250,0
INTC.US,D,20200323,000000,31.20,33.14,30.84,32.78,20196788,0
INTC.US,D,20200324,000000,32.45,33.23,28.94,30.02,16319460,0
INTC.US,D,20200325,000000,29.26,34.25,27.97,32.39,13653157,0
INTC.US,D,20200326,000000,32.41,36.21,31.79,34.72,20262868,0
INTC.US,D,20200327,000000,36.22,37.38,29.89,30.34,8920766,0
INTC.US,D,20200330,000000,30.90,31.41,27.94,28.46,21979343,0
INTC.US,D,20200330,000000,29.09,30.86,28.96,30.49,13194936,0
INTC.US,D,20200330,000000,30.75,31.30,30.30,31.01,14880984,0
INTC.US,D,20200331,000000,31.20,31.69,27.15,28.86,11443006,0
INTC.US,D,20200401,000000,29.15,29.44,27.56,28.08,16053765,0
INTC.US,D,20200402,000000,27.91,28.10,26.68,26.80,16072562,0
INTC.US,D,20200403,000000,26.69,29.83,26.32,29.46,20992153,0
INTC.US,D,20200406,000000,29.84,30.84,29.66,30.60,8285144,0
INTC.US,D,20200406,000000,30.40,30.49,29.61,29.68,20702702,0
INTC.US,D,20200406,000000,29.28,31.09,28.51,30.78,21078563,0
INTC.US,D,20200407,000000,30.63,30.81,30.18,30.49,14380091,0
INTC.US,D,20200408,000000,30.64,30.69,29.63,30.27,13640383,0
INTC.US,D,20200409,000000,29.51,33.54,28.97,32.46,18478944,0
INTC.US,D,20200410,000000,32.03,36.35,30.43,36.06,17090373,0
INTC.US,D,20200413,000000,36.75,36.87,32.55,33.80,12435110,0
INTC.US,D,20200413,000000,34.76,37.04,34.34,36.24,21807548,0
INTC.US,D,20200413,000000,35.94,36.31,31.14,32.37,12596623,0
INTC.US,D,20200414,000000,33.43,39.21,32.40,37.40,8269355,0
INTC.US,D,20200415,000000,36.83,39.16,27.07,30.15,21915318,0
INTC.US,D,20200416,000000,29.78,30.13,27.43,28.59,20120673,0
INTC.US,D,20200417,000000,28.55,28.93,27.03,27.75,19794606,0
INTC.US,D,20200420,000000,26.44,27.26,26.17,27.20,15049662,0
INTC.US,D,20200420,000000,27.97,28.32,25.29,26.44,22136015,0
INTC.US,D,20200420,000000,26.32,27.14,23.92,24.35,10946493,0
INTC.US,D,20200421,000000,22.86,23.08,21.34,21.57,13617587,0
INTC.US,D,20200422,000000,21.69,22.17,21.65,22.06,15323857,0
INTC.US,D,20200423,000000,23.02,23.42,22.73,22.78,16106882,0
INTC.US,D,20200424,000000,22.96,26.19,22.73,26.14,14726608,0
INTC.US,D,20200427,000000,25.00,25.00,22.66,23.35,18471463,0
INTC.US,D,20200427,000000,23.76,24.63,23.59,24.48,10949811,0
INTC.US,D,20200427,000000,24.26,28.58,24.23,27.55,15266704,0
INTC.US,D,20200428,000000,27.36,30.00,26.68,29.76,21558586,0
INTC.US,D,20200429,000000,29.12,29.30,26.92,27.99,9602846,0
INTC.US,D,20200430,000000,29.39,30.74,29.27,30.52,17749231,0
INTC.US,D,20200501,000000,30.13,30.29,27.86,28.16,21584504,0
INTC.US,D,20200504,000000,28.01,32.81,27.95,30.96,20990594,0
INTC.US,D,20200504,000000,31.85,32.39,28.59,29.23,10480276,0
INTC.US,D,20200504,000000,28.98,30.60,28.95,29.74,24727106,0
INTC.US,D,20200505,000000,28.98,31.22,27.70,30.39,14539551,0
INTC.US,D,20200506,000000,30.76,30.98,30.73,30.82,19945521,0
INTC.US,D,20200507,000000,30.02,31.89,29.68,31.51,28016536,0
INTC.US,D,20200508,000000,31.39,31.45,30.46,30.53,30460009,0
INTC.US,D,20200511,000000,30.29,30.35,29.66,29.84,30780693,0
INTC.US,D,20200511,000000,30.64,31.39,28.47,28.55,20574831,0
INTC.US,D,20200511,000000,27.82,28.09,27.19,27.28,34047666,0
INTC.US,D,20200512,000000,26.93,27.12,26.13,26.23,40943782,0
INTC.US,D,20200513,000000,26.11,26.29,24.70,25.08,29044885,0
INTC.US,D,20200514,000000,25.08,25.40,23.51,23.60,40530651,0
INTC.US,D,20200515,000000,24.27,24.93,20.07,22.16,46167219,0
INTC.US,D,20200518,000000,21.37,21.48,20.12,20.65,21629011,0
INTC.US,D,20200518,000000,20.55,20.75,19.03,19.59,47976818,0
INTC.US,D,20200518,000000,19.80,19.81,17.21,18.51,57499804,0
INTC.US,D,20200519,000000,18.44,18.71,17.19,17.24,32081946,0
INTC.US,D,20200520,000000,16.82,16.95,15.66,16.06,75680726,0
INTC.US,D,20200521,000000,16.08,16.75,15.74,16.44,23725386,0
INTC.US,D,20200522,000000,16.88,16.90,16.81,16.85,26686819,0
INTC.US,D,20200525,000000,17.71,18.29,16.04,17.22,42974770,0
INTC.US,D,20200525,000000,16.83,18.04,16.35,17.64,25938735,0
INTC.US,D,20200525,000000,17.59,18.58,17.28,18.28,33663730,0
INTC.US,D,20200526,000000,18.38,19.92,17.98,18.80,55335567,0
INTC.US,D,20200527,000000,19.03,19.55,18.97,19.50,32207233,0
INTC.US,D,20200528,000000,20.03,20.08,19.80,19.88,66136485,0
INTC.US,D,20200529,000000,19.97,21.23,19.94,20.52,56161558,0
INTC.US,D,20200601,000000,20.95,21.33,20.78,21.23,45135114,0
INTC.US,D,20200601,000000,20.95,22.20,20.56,21.73,47117420,0
INTC.US,D,20200601,000000,21.10,22.52,20.77,22.39,67756507,0
INTC.US,D,20200602,000000,23.03,23.41,22.88,23.34,44967902,0
INTC.US,D,20200603,000000,23.51,25.70,23.42,24.34,41287211,0
INTC.US,D,20200604,000000,24.61,25.50,24.59,25.29,53893274,0
INTC.US,D,20200605,000000,25.48,26.22,25.37,26.01,69159469,0
INTC.US,D,20200608,000000,25.47,27.46,25.36,26.90,60726980,0
INTC.US,D,20200608,000000,27.33,27.49,27.28,27.41,16776253,0
INTC.US,D,20200608,000000,28.41,28.59,26.08,26.92,15319204,0
INTC.US,D,20200609,000000,26.41,26.67,26.04,26.64,11063150,0
INTC.US,D,20200610,000000,27.84,28.04,23.33,24.15,21813420,0
INTC.US,D,20200611,000000,23.23,23.49,22.65,22.68,16508214,0
INTC.US,D,20200612,000000,22.91,27.46,22.61,26.38,10923568,0
INTC.US,D,20200615,000000,27.42,28.69,23.56,24.42,16935898,0
INTC.US,D,20200615,000000,25.04,27.46,24.87,27.08,18325922,0
INTC.US,D,20200615,000000,26.81,29.40,26.02,28.45,14982089,0
INTC.US,D,20200616,000000,28.82,30.47,28.29,30.15,19715635,0
INTC.US,D,20200617,000000,29.76,30.45,29.56,30.30,11512325,0
INTC.US,D,20200618,000000,31.32,31.43,27.06,27.80,9662599,0
INTC.US,D,20200619,000000,26.76,30.70,26.66,30.24,16541063,0
INTC.US,D,20200622,000000,30.40,31.65,24.18,24.49,7887462,0
INTC.US,D,20200622,000000,24.74,26.09,24.16,25.89,15896154,0
INTC.US,D,20200622,000000,25.92,25.98,25.77,25.82,21421038,0
INTC.US,D,20200623,000000,25.78,26.21,24.79,25.02,15847880,0
INTC.US,D,20200624,000000,25.04,25.44,23.80,23.91,19706051,0
INTC.US,D,20200625,000000,24.04,24.26,21.95,23.15,10224253,0
INTC.US,D,20200626,000000,22.59,27.39,22.11,25.67,22076879,0
INTC.US,D,20200629,000000,25.05,27.19,24.96,26.90,10434086,0
INTC.US,D,20200629,000000,27.20,27.54,27.18,27.54,8647557,0
INTC.US,D,20200629,000000,28.37,29.37,28.34,29.04,19569707,0
INTC.US,D,20200630,000000,28.75,29.12,28.46,28.81,17341935,0
INTC.US,D,20200701,000000,28.57,32.77,28.54,31.50,21587367,0
INTC.US,D,20200702,000000,30.82,31.04,29.78,30.55,14877295,0
INTC.US,D,20200703,000000,30.17,31.77,29.99,31.66,16954008,0
INTC.US,D,20200706,000000,32.47,36.36,31.63,35.63,22371735,0
INTC.US,D,20200706,000000,35.20,35.49,34.04,34.11,10478516,0
INTC.US,D,20200706,000000,35.00,35.12,34.85,34.97,8041467,0
INTC.US,D,20200707,000000,35.10,41.57,33.49,41.12,19747357,0
INTC.US,D,20200708,000000,41.74,43.10,41.72,42.78,20816481,0
INTC.US,D,20200709,000000,42.73,42.97,40.04,40.72,13871206,0
INTC.US,D,20200710,000000,40.70,50.02,37.90,48.48,13750758,0
INTC.US,D,20200713,000000,48.80,50.42,45.80,46.71,17746019,0
INTC.US,D,20200713,000000,45.37,49.12,43.96,48.97,19546548,0
INTC.US,D,20200713,000000,48.38,52.07,47.18,50.52,15531141,0
INTC.US,D,20200714,000000,48.84,52.36,48.56,52.18,19533050,0
INTC.US,D,20200715,000000,53.31,53.82,47.39,50.37,11485402,0
INTC.US,D,20200716,000000,51.41,54.20,51.04,52.85,19474811,0
INTC.US,D,20200717,000000,52.30,57.23,51.70,57.00,10267930,0
INTC.US,D,20200720,000000,56.15,56.20,55.90,55.97,15265484,0
INTC.US,D,20200720,000000,54.64,56.04,54.53,55.61,19413909,0
INTC.US,D,20200720,000000,55.41,57.74,54.24,56.65,21076420,0
INTC.US,D,20200721,000000,57.17,61.90,57.13,60.90,9119097,0
INTC.US,D,20200722,000000,59.83,61.22,59.56,61.18,10097077,0
INTC.US,D,20200723,000000,61.17,61.51,57.27,57.59,10599228,0
INTC.US,D,20200724,000000,57.32,60.25,56.28,59.32,16306642,0
INTC.US,D,20200727,000000,58.67,59.18,50.95,52.60,13046001,0
INTC.US,D,20200727,000000,55.00,55.08,52.04,52.05,17690644,0
INTC.US,D,20200727,000000,50.95,55.07,49.94,54.71,8959627,0
INTC.US,D,20200728,000000,53.04,56.29,52.64,56.11,20053113,0
INTC.US,D,20200729,000000,56.22,56.98,50.04,51.55,20329891,0
INTC.US,D,20200730,000000,49.36,58.88,46.82,56.63,11540472,0
INTC.US,D,20200731,000000,56.24,57.00,55.62,56.72,13938393,0
INTC.US,D,20200803,000000,55.90,57.35,55.61,57.04,20261701,0
INTC.US,D,20200803,000000,56.84,57.85,51.00,52.13,12486060,0
INTC.US,D,20200803,000000,53.00,53.90,48.77,49.65,21134313,0
INTC.US,D,20200804,000000,48.94,49.45,45.09,45.54,15850051,0
INTC.US,D,20200805,000000,46.80,46.80,42.97,43.05,11341023,0
INTC.US,D,20200806,000000,42.06,42.44,38.91,39.04,8496030,0
INTC.US,D,20200807,000000,40.18,40.49,38.05,38.46,15787251,0
INTC.US,D,20200810,000000,39.57,39.86,36.22,36.74,7958469,0
INTC.US,D,20200810,000000,37.73,41.56,37.67,40.61,21495882,0
INTC.US,D,20200810,000000,39.91,42.46,39.59,42.07,15398706,0
INTC.US,D,20200811,000000,41.04,44.14,39.53,42.50,8510014,0
INTC.US,D,20200812,000000,41.25,41.67,40.83,41.45,21303996,0
INTC.US,D,20200813,000000,40.81,49.13,40.51,45.59,19183340,0
INTC.US,D,20200814,000000,45.88,53.37,44.94,52.95,21143979,0
INTC.US,D,20200817,000000,51.86,56.72,51.84,55.02,20730133,0
INTC.US,D,20200817,000000,53.59,56.69,52.77,56.56,8434397,0
INTC.US,D,20200817,000000,59.14,60.10,51.81,55.09,12410165,0
INTC.US,D,20200818,000000,54.35,55.60,48.21,48.63,17670204,0
INTC.US,D,20200819,000000,47.84,50.84,47.49,50.10,19262642,0
INTC.US,D,20200820,000000,48.58,52.71,48.01,52.17,16568576,0
INTC.US,D,20200821,000000,52.60,56.19,51.15,55.64,8393917,0
INTC.US,D,20200824,000000,55.40,56.50,50.98,52.28,21927590,0
INTC.US,D,20200824,000000,52.81,55.09,46.72,48.13,22098266,0
INTC.US,D,20200824,000000,49.20,59.50,47.47,56.54,19029594,0
INTC.US,D,20200825,000000,54.24,54.52,50.59,50.90,17142217,0
INTC.US,D,20200826,000000,48.43,51.63,47.66,50.87,18525145,0
INTC.US,D,20200827,000000,50.70,55.96,49.51,54.80,16672650,0
INTC.US,D,20200828,000000,54.58,55.42,45.41,48.66,18270123,0
INTC.US,D,20200831,000000,50.14,52.26,49.90,52.17,18709428,0
INTC.US,D,20200831,000000,52.16,54.02,51.95,53.96,20745109,0
INTC.US,D,20200831,000000,54.07,54.25,52.41,52.61,19866879,0
INTC.US,D,20200901,000000,52.99,53.82,52.72,53.60,10174533,0
INTC.US,D,20200902,000000,53.55,53.62,51.74,52.00,28828464,0
INTC.US,D,20200903,000000,53.29,53.80,49.18,50.40,36094779,0
INTC.US,D,20200904,000000,50.19,50.39,47.86,48.07,59340354,0
INTC.US,D,20200907,000000,47.46,47.66,45.37,46.23,30248131,0
INTC.US,D,20200907,000000,47.49,47.93,41.92,43.62,91109807,0
INTC.US,D,20200907,000000,43.72,44.03,37.09,40.54,49310071,0
INTC.US,D,20200908,000000,39.74,43.99,39.08,42.55,17701598,0
INTC.US,D,20200909,000000,42.69,43.12,40.27,41.54,7728196,0
INTC.US,D,20200910,000000,41.00,43.28,40.84,42.99,21909006,0
INTC.US,D,20200911,000000,40.97,47.00,38.67,46.22,13327103,0
INTC.US,D,20200914,000000,46.57,47.57,46.34,47.10,10685640,0
INTC.US,D,20200914,000000,45.85,47.47,42.64,42.76,21637010,0
INTC.US,D,20200914,000000,43.11,51.11,42.91,48.19,20081419,0
INTC.US,D,20200915,000000,48.22,49.97,41.16,43.58,15934193,0
INTC.US,D,20200916,000000,43.69,44.57,43.48,43.82,21985672,0
INTC.US,D,20200917,000000,43.46,44.33,42.61,43.02,14802138,0
INTC.US,D,20200918,000000,43.74,43.76,39.52,40.74,17963346,0
INTC.US,D,20200921,000000,40.26,40.89,37.90,38.60,18186899,0
INTC.US,D,20200921,000000,40.10,40.26,39.05,39.19,7514969,0
INTC.US,D,20200921,000000,40.29,41.47,33.65,35.78,19357807,0
INTC.US,D,20200922,000000,36.43,36.45,36.27,36.44,15826105,0
INTC.US,D,20200923,000000,36.59,37.06,35.73,35.81,7595243,0
INTC.US,D,20200924,000000,36.83,42.75,36.48,41.45,21388979,0
INTC.US,D,20200925,000000,41.18,41.70,39.08,39.75,21046750,0
INTC.US,D,20200928,000000,40.79,41.88,40.75,41.57,18780062,0
INTC.US,D,20200928,000000,42.60,43.11,37.87,39.91,18448075,0
INTC.US,D,20200928,000000,39.84,41.05,39.66,41.04,8052990,0
INTC.US,D,20200929,000000,41.04,42.06,40.92,41.91,10641886,0
INTC.US,D,20200930,000000,42.31,46.18,40.99,43.16,16118732,0
INTC.US,D,20201001,000000,43.30,48.92,42.85,46.47,14182220,0
INTC.US,D,20201002,000000,46.38,50.82,45.67,50.29,17900452,0
INTC.US,D,20201005,000000,50.37,50.39,49.88,50.30,8822638,0
INTC.US,D,20201005,000000,49.72,52.41,49.49,51.31,9615836,0
INTC.US,D,20201005,000000,51.47,55.10,50.64,54.64,13144112,0
INTC.US,D,20201006,000000,54.15,63.81,49.85,62.84,15447445,0
INTC.US,D,20201007,000000,58.83,66.74,58.80,61.02,15226260,0
INTC.US,D,20201008,000000,59.18,62.73,58.25,61.12,20762856,0
INTC.US,D,20201009,000000,61.15,63.06,50.64,54.63,9828876,0
INTC.US,D,20201012,000000,52.26,52.51,51.99,52.38,8324066,0
INTC.US,D,20201012,000000,52.94,53.75,32.46,38.51,16068431,0
INTC.US,D,20201012,000000,38.21,40.34,38.08,39.21,18305953,0
INTC.US,D,20201013,000000,40.36,40.54,40.11,40.35,14881451,0
INTC.US,D,20201014,000000,39.59,42.69,39.16,41.57,10808193,0
INTC.US,D,20201015,000000,42.59,43.25,39.91,41.34,17234114,0
INTC.US,D,20201016,000000,41.77,43.20,36.45,38.36,15371461,0
INTC.US,D,20201019,000000,36.63,37.01,36.57,36.82,19807831,0
INTC.US,D,20201019,000000,36.36,38.86,36.27,38.42,16203087,0
INTC.US,D,20201019,000000,38.49,39.29,35.27,36.32,19764877,0
INTC.US,D,20201020,000000,37.95,39.19,30.25,32.46,20342137,0
INTC.US,D,20201021,000000,31.85,31.94,30.17,30.44,8338344,0
INTC.US,D,20201022,000000,30.38,30.72,30.10,30.45,16519124,0
INTC.US,D,20201023,000000,31.06,32.68,30.77,32.51,22234452,0
INTC.US,D,20201026,000000,33.77,34.83,33.59,34.61,8004345,0
INTC.US,D,20201026,000000,34.35,37.04,33.72,36.46,13732119,0
INTC.US,D,20201026,000000,35.59,35.81,34.46,34.54,11421254,0
INTC.US,D,20201027,000000,35.26,36.91,28.51,30.21,17910406,0
INTC.US,D,20201028,000000,30.35,32.98,30.22,32.77,20330198,0
INTC.US,D,20201029,000000,32.71,32.74,30.81,31.25,15291627,0
INTC.US,D,20201030,000000,31.19,34.65,30.57,34.30,19198658,0
INTC.US,D,20201102,000000,34.95,35.39,32.28,32.57,12655101,0
INTC.US,D,20201102,000000,33.06,37.33,32.97,36.11,14776047,0
INTC.US,D,20201102,000000,37.24,37.59,35.81,36.01,19639463,0
INTC.US,D,20201103,000000,35.83,36.90,32.29,32.66,17110756,0
INTC.US,D,20201104,000000,32.93,33.37,32.29,32.55,18640255,0
INTC.US,D,20201105,000000,32.32,33.18,32.02,32.88,21633119,0
INTC.US,D,20201106,000000,33.21,36.17,32.91,36.09,12272978,0
INTC.US,D,20201109,000000,37.12,40.41,36.39,40.00,11940356,0
INTC.US,D,20201109,000000,40.39,40.74,38.90,39.36,14863300,0
INTC.US,D,20201109,000000,39.52,40.12,34.90,35.41,14357717,0
INTC.US,D,20201110,000000,35.61,37.10,25.94,29.79,8764222,0
INTC.US,D,20201111,000000,29.67,29.74,26.86,27.09,11492245,0
INTC.US,D,20201112,000000,26.87,30.10,26.14,29.95,16044347,0
INTC.US,D,20201113,000000,30.48,30.84,27.60,27.92,12748321,0
INTC.US,D,20201116,000000,27.16,27.46,27.03,27.32,17068357,0
INTC.US,D,20201116,000000,26.98,27.18,26.06,26.50,15744333,0
INTC.US,D,20201116,000000,28.20,28.85,24.14,25.21,9143126,0
INTC.US,D,20201117,000000,25.28,26.91,25.00,26.40,8756668,0
INTC.US,D,20201118,000000,26.71,26.73,26.36,26.43,19586705,0
INTC.US,D,20201119,000000,27.27,27.93,24.91,25.15,11658702,0
INTC.US,D,20201120,000000,24.97,25.46,23.85,23.90,14680061,0
INTC.US,D,20201123,000000,22.97,23.04,22.47,22.75,16713588,0
INTC.US,D,20201123,000000,23.23,23.74,22.14,22.38,12853566,0
INTC.US,D,20201123,000000,21.74,22.69,21.60,22.68,13962276,0
INTC.US,D,20201124,000000,23.00,23.24,21.82,22.61,10620905,0
INTC.US,D,20201125,000000,22.15,22.66,22.08,22.21,18158410,0
INTC.US,D,20201126,000000,22.04,25.73,21.26,24.69,14428896,0
INTC.US,D,20201127,000000,25.84,26.21,24.87,24.95,21699817,0
INTC.US,D,20201130,000000,25.40,27.26,24.96,26.87,18141042,0
INTC.US,D,20201130,000000,26.13,27.85,24.84,27.04,11403032,0
INTC.US,D,20201130,000000,26.26,29.45,25.68,29.13,13850188,0
INTC.US,D,20201201,000000,28.82,31.77,28.32,31.20,8594716,0
INTC.US,D,20201202,000000,31.88,35.08,30.21,34.54,9746235,0
INTC.US,D,20201203,000000,34.31,40.16,33.92,39.09,12104583,0
INTC.US,D,20201204,000000,38.06,38.57,38.06,38.35,11926819,0
INTC.US,D,20201207,000000,38.64,38.69,36.89,37.73,18413499,0
INTC.US,D,20201207,000000,37.72,45.66,37.02,43.88,17623408,0
INTC.US,D,20201207,000000,45.53,46.85,38.44,40.58,22304365,0
INTC.US,D,20201208,000000,40.50,40.63,37.29,38.88,19700176,0
INTC.US,D,20201209,000000,38.39,41.53,37.54,40.82,11034905,0
INTC.US,D,20201210,000000,40.23,43.96,40.08,43.72,9461342,0
INTC.US,D,20201211,000000,44.57,46.62,44.02,45.83,8106865,0
INTC.US,D,20201214,000000,45.92,46.54,42.11,43.08,18524231,0
INTC.US,D,20201214,000000,43.14,43.26,39.78,39.90,17770143,0
INTC.US,D,20201214,000000,38.60,40.96,38.32,40.10,19555639,0
INTC.US,D,20201215,000000,40.17,40.50,37.79,38.04,9604205,0
INTC.US,D,20201216,000000,37.94,39.00,37.83,38.88,21325423,0
INTC.US,D,20201217,000000,39.84,40.57,39.67,40.29,11915843,0
INTC.US,D,20201218,000000,40.52,43.75,40.11,43.54,16759600,0
INTC.US,D,20201221,000000,43.44,48.28,42.79,47.05,11044772,0
INTC.US,D,20201221,000000,47.10,47.61,45.18,46.09,19314637,0
INTC.US,D,20201221,000000,45.64,45.95,45.29,45.31,13074912,0
INTC.US,D,20201222,000000,45.28,46.07,45.25,45.99,7814867,0
INTC.US,D,20201223,000000,44.85,48.13,44.76,47.52,22320257,0
INTC.US,D,20201224,000000,47.99,50.26,36.56,42.43,22332619,0
INTC.US,D,20201225,000000,41.56,45.66,40.56,43.38,9165685,0
INTC.US,D,20201228,000000,43.00,43.10,42.64,42.99,21639891,0
INTC.US,D,20201228,000000,42.90,43.39,42.54,43.25,13315428,0
INTC.US,D,20201228,000000,42.32,49.56,41.66,46.63,12695368,0
INTC.US,D,20201229,000000,45.81,50.23,45.65,49.51,18680693,0
INTC.US,D,20201230,000000,49.08,49.78,45.31,46.93,18911022,0
INTC.US,D,20201231,000000,46.04,46.40,42.63,43.71,18749788,0
INTC.US,D,20210101,000000,43.76,45.02,43.71,44.70,17325446,0
INTC.US,D,20210104,000000,43.56,45.89,43.37,45.34,12625629,0
INTC.US,D,20210104,000000,44.57,47.11,44.09,46.48,17342800,0
INTC.US,D,20210104,000000,46.69,48.85,46.33,47.74,13663432,0
INTC.US,D,20210105,000000,48.97,55.47,48.89,53.86,20024224,0
INTC.US,D,20210106,000000,53.20,53.89,52.37,52.40,10949254,0
INTC.US,D,20210107,000000,53.16,55.24,53.00,53.99,11219716,0
INTC.US,D,20210108,000000,52.23,52.54,50.77,51.01,8893850,0
INTC.US,D,20210111,000000,51.36,57.42,50.80,55.52,14522669,0
INTC.US,D,20210111,000000,54.90,59.44,53.58,58.34,9677753,0
INTC.US,D,20210111,000000,60.20,60.39,58.95,59.02,16006413,0
INTC.US,D,20210112,000000,58.60,58.71,54.11,55.16,9670675,0
INTC.US,D,20210113,000000,56.04,56.44,52.10,53.26,12651196,0
INTC.US,D,20210114,000000,51.37,57.47,51.27,56.50,14214149,0
INTC.US,D,20210115,000000,57.10,58.61,56.96,57.89,21956916,0
INTC.US,D,20210118,000000,58.59,62.20,58.37,60.88,11502066,0
INTC.US,D,20210118,000000,61.44,67.60,61.15,66.09,21768483,0
INTC.US,D,20210118,000000,65.82,71.57,65.19,70.45,8857204,0
INTC.US,D,20210119,000000,69.89,69.99,69.49,69.66,9347240,0
INTC.US,D,20210120,000000,70.23,70.27,67.96,68.45,15828778,0
INTC.US,D,20210121,000000,68.93,70.62,55.50,60.44,11651811,0
INTC.US,D,20210122,000000,60.19,60.41,52.44,53.35,20314054,0
INTC.US,D,20210125,000000,51.41,52.27,51.32,51.86,13314454,0
INTC.US,D,20210125,000000,52.30,52.34,50.62,51.17,21952531,0
INTC.US,D,20210125,000000,53.11,54.76,46.62,47.98,16988987,0
INTC.US,D,20210126,000000,47.87,50.08,46.58,49.57,12692364,0
INTC.US,D,20210127,000000,49.50,50.01,48.51,48.83,15357223,0
INTC.US,D,20210128,000000,49.49,52.25,41.11,44.47,16416239,0
INTC.US,D,20210129,000000,44.33,45.84,43.36,45.09,8908423,0
INTC.US,D,20210201,000000,43.93,45.47,43.59,45.02,8595773,0
INTC.US,D,20210201,000000,46.18,47.29,42.60,43.86,16788538,0
INTC.US,D,20210201,000000,43.16,43.18,42.82,42.95,9772098,0
INTC.US,D,20210202,000000,42.69,43.75,42.63,43.52,14771264,0
INTC.US,D,20210203,000000,44.46,45.04,39.53,40.17,20838347,0
INTC.US,D,20210204,000000,38.43,39.03,37.85,38.11,17786746,0
INTC.US,D,20210205,000000,38.68,39.22,37.15,37.27,14724040,0
INTC.US,D,20210208,000000,37.42,38.92,36.91,38.06,9639577,0
INTC.US,D,20210208,000000,37.06,38.24,36.79,37.95,9668330,0
INTC.US,D,20210208,000000,38.33,38.85,37.02,37.69,20979218,0
INTC.US,D,20210209,000000,37.98,39.91,36.76,39.24,16324415,0
INTC.US,D,20210210,000000,40.19,40.25,39.50,39.62,9805673,0
INTC.US,D,20210211,000000,38.23,38.79,32.26,35.10,12831855,0
INTC.US,D,20210212,000000,34.70,34.75,32.75,32.91,15187703,0
INTC.US,D,20210215,000000,32.85,33.00,32.83,32.97,19909701,0
INTC.US,D,20210215,000000,32.92,33.17,30.90,31.29,20330206,0
INTC.US,D,20210215,000000,30.86,32.23,30.78,31.82,12104627,0
INTC.US,D,20210216,000000,31.83,32.53,31.77,32.29,8294286,0
INTC.US,D,20210217,000000,31.17,37.53,30.13,35.53,14034892,0
INTC.US,D,20210218,000000,35.90,35.90,28.47,31.32,17850171,0
INTC.US,D,20210219,000000,31.39,32.43,31.26,32.18,16928311,0
INTC.US,D,20210222,000000,31.77,32.03,31.72,31.77,10900109,0
INTC.US,D,20210222,000000,32.19,38.62,30.46,36.82,17139048,0
INTC.US,D,20210222,000000,37.71,37.86,35.61,35.65,15319415,0
INTC.US,D,20210223,000000,35.14,35.19,33.73,33.87,10778917,0
INTC.US,D,20210224,000000,34.34,35.68,34.31,35.55,14944411,0
INTC.US,D,20210225,000000,34.43,34.54,33.88,34.05,21151404,0
INTC.US,D,20210226,000000,34.40,35.64,29.34,29.99,8092176,0
INTC.US,D,20210301,000000,30.56,30.75,28.66,29.49,12442925,0
INTC.US,D,20210301,000000,29.59,29.67,28.56,28.68,11778124,0
INTC.US,D,20210301,000000,27.87,31.34,26.58,30.87,22350200,0
INTC.US,D,20210302,000000,31.16,33.23,31.11,32.97,9285057,0
INTC.US,D,20210303,000000,32.68,36.09,31.27,35.42,17307277,0
INTC.US,D,20210304,000000,35.44,36.41,35.32,36.32,10594369,0
INTC.US,D,20210305,000000,35.79,35.93,34.78,34.87,10049356,0
INTC.US,D,20210308,000000,35.10,36.26,34.68,36.05,17417951,0
INTC.US,D,20210308,000000,36.50,37.17,32.55,33.64,11704028,0
INTC.US,D,20210308,000000,33.91,34.19,33.69,33.71,11751801,0
INTC.US,D,20210309,000000,33.43,33.62,33.33,33.49,19778784,0
INTC.US,D,20210310,000000,34.44,34.53,34.04,34.26,8733273,0
INTC.US,D,20210311,000000,33.97,38.17,33.88,37.12,18185451,0
INTC.US,D,20210312,000000,36.44,38.91,36.15,38.66,20707657,0
INTC.US,D,20210315,000000,38.17,39.46,38.13,38.82,8868131,0
INTC.US,D,20210315,000000,39.17,40.76,38.98,40.72,19586307,0
INTC.US,D,20210315,000000,42.22,42.47,39.08,39.16,17565845,0
INTC.US,D,20210316,000000,40.29,43.09,40.16,42.90,11997995,0
INTC.US,D,20210317,000000,43.41,45.03,43.04,44.62,14000508,0
INTC.US,D,20210318,000000,43.11,45.82,42.91,44.80,10223928,0
INTC.US,D,20210319,000000,45.06,46.59,44.97,46.32,10550299,0
INTC.US,D,20210322,000000,46.91,47.29,42.39,42.53,20019945,0
INTC.US,D,20210322,000000,41.56,44.29,40.82,43.95,7850396,0
INTC.US,D,20210322,000000,44.00,46.14,43.89,45.24,13494881,0
INTC.US,D,20210323,000000,45.82,46.05,45.35,45.59,8766095,0
INTC.US,D,20210324,000000,45.84,46.36,39.28,40.86,18945793,0
INTC.US,D,20210325,000000,40.13,40.23,39.37,39.63,18167010,0
INTC.US,D,20210326,000000,40.16,40.17,39.05,39.24,7697691,0
INTC.US,D,20210329,000000,38.95,39.19,38.36,38.44,11072213,0
INTC.US,D,20210329,000000,38.28,40.76,38.17,39.86,14049937,0
INTC.US,D,20210329,000000,40.18,42.51,39.92,41.59,22120537,0
INTC.US,D,20210330,000000,41.01,42.23,38.20,39.32,7914479,0
INTC.US,D,20210331,000000,39.36,39.86,37.51,38.18,18417781,0
INTC.US,D,20210401,000000,38.15,40.20,33.61,34.52,17429999,0
INTC.US,D,20210402,000000,33.88,34.89,33.02,33.30,18509390,0
INTC.US,D,20210405,000000,33.88,35.77,33.87,35.75,17191903,0
INTC.US,D,20210405,000000,36.15,36.77,35.86,36.64,16755779,0
INTC.US,D,20210405,000000,37.47,37.52,36.66,36.79,18903872,0
INTC.US,D,20210406,000000,36.28,37.02,34.27,34.40,15806270,0
INTC.US,D,20210407,000000,32.97,34.95,32.48,34.72,17132313,0
INTC.US,D,20210408,000000,34.64,36.39,34.42,36.23,18647128,0
INTC.US,D,20210409,000000,35.80,35.89,33.98,34.33,13508772,0
INTC.US,D,20210412,000000,34.28,35.67,33.81,35.24,17917954,0
INTC.US,D,20210412,000000,35.99,36.06,31.58,32.67,11864743,0
INTC.US,D,20210412,000000,33.01,33.16,31.41,32.16,16795772,0
INTC.US,D,20210413,000000,32.17,34.54,32.14,34.15,19850522,0
INTC.US,D,20210414,000000,33.66,35.38,33.18,35.36,7507589,0
INTC.US,D,20210415,000000,35.79,35.87,32.36,32.78,20268085,0
INTC.US,D,20210416,000000,32.16,32.76,32.14,32.71,8317724,0
INTC.US,D,20210419,000000,33.07,33.98,31.48,31.58,19316559,0
INTC.US,D,20210419,000000,31.59,34.31,21.80,27.40,20792744,0
INTC.US,D,20210419,000000,27.66,28.01,26.69,26.98,11175920,0
INTC.US,D,20210420,000000,27.01,27.36,24.86,24.86,13575443,0
INTC.US,D,20210421,000000,25.02,26.30,24.36,26.07,15122480,0
INTC.US,D,20210422,000000,26.03,26.18,23.95,24.46,16818163,0
INTC.US,D,20210423,000000,23.78,24.63,23.76,24.51,16693117,0
INTC.US,D,20210426,000000,23.97,24.22,21.89,22.75,17596772,0
INTC.US,D,20210426,000000,22.03,23.37,21.90,23.15,22046692,0
INTC.US,D,20210426,000000,23.74,23.77,23.32,23.43,18868863,0
INTC.US,D,20210427,000000,23.82,23.83,22.98,23.15,22126307,0
INTC.US,D,20210428,000000,22.62,23.22,22.30,23.13,14488702,0
INTC.US,D,20210429,000000,23.31,23.33,19.04,20.48,10232206,0
INTC.US,D,20210430,000000,21.12,21.16,20.18,20.50,10058711,0
INTC.US,D,20210503,000000,20.34,25.03,19.27,23.11,8500718,0
INTC.US,D,20210503,000000,23.44,23.58,22.84,22.96,8985300,0
INTC.US,D,20210503,000000,23.02,23.43,22.70,22.84,17564334,0
INTC.US,D,20210504,000000,23.43,25.20,23.35,25.04,16008556,0
INTC.US,D,20210505,000000,24.27,27.98,24.15,26.86,7585285,0
INTC.US,D,20210506,000000,27.49,28.37,25.57,26.22,14666039,0
INTC.US,D,20210507,000000,25.62,25.88,25.31,25.62,15173949,0
INTC.US,D,20210510,000000,26.18,26.46,22.71,23.68,15452339,0
INTC.US,D,20210510,000000,23.91,25.35,23.82,25.30,9574020,0
INTC.US,D,20210510,000000,25.53,27.17,24.95,26.87,16437451,0
INTC.US,D,20210511,000000,27.21,29.14,27.16,28.76,13132647,0
INTC.US,D,20210512,000000,28.54,28.61,27.64,28.20,19285754,0
INTC.US,D,20210513,000000,28.71,29.16,26.52,26.99,11502138,0
INTC.US,D,20210514,000000,26.11,28.62,25.82,28.61,22223120,0
INTC.US,D,20210517,000000,28.41,28.82,27.86,28.35,9305867,0
INTC.US,D,20210517,000000,28.40,28.48,28.34,28.40,18914123,0
INTC.US,D,20210517,000000,28.29,29.39,28.20,28.82,15444621,0
INTC.US,D,20210518,000000,29.62,33.73,29.21,32.12,19032324,0
INTC.US,D,20210519,000000,32.04,32.44,31.28,31.76,21014166,0
INTC.US,D,20210520,000000,32.09,32.18,31.78,31.89,10395240,0
INTC.US,D,20210521,000000,32.78,33.71,28.84,29.46,13621458,0
INTC.US,D,20210524,000000,29.43,29.49,27.34,28.33,17586139,0
INTC.US,D,20210524,000000,28.89,30.46,24.01,24.53,16920624,0
INTC.US,D,20210524,000000,24.01,24.56,22.48,22.64,21296927,0
INTC.US,D,20210525,000000,22.61,22.72,22.53,22.53,13737974,0
INTC.US,D,20210526,000000,22.89,22.91,22.03,22.07,12597439,0
INTC.US,D,20210527,000000,22.57,22.77,21.29,21.47,21008955,0
INTC.US,D,20210528,000000,21.79,21.82,20.26,20.71,10055974,0
INTC.US,D,20210531,000000,20.33,20.96,20.25,20.95,11665727,0
INTC.US,D,20210531,000000,20.91,22.44,20.69,22.24,14232646,0
INTC.US,D,20210531,000000,22.09,24.78,21.99,23.65,13928917,0
INTC.US,D,20210601,000000,23.92,24.20,22.78,22.91,20508622,0
INTC.US,D,20210602,000000,22.87,23.18,20.91,21.30,11283229,0
INTC.US,D,20210603,000000,21.32,22.16,21.13,21.83,9022122,0
INTC.US,D,20210604,000000,21.88,21.92,21.72,21.80,20099403,0
INTC.US,D,20210607,000000,21.90,21.93,21.61,21.61,7707034,0
INTC.US,D,20210607,000000,21.23,22.67,21.11,22.14,10360218,0
INTC.US,D,20210607,000000,22.25,22.70,22.20,22.63,7844290,0
INTC.US,D,20210608,000000,22.65,23.87,22.42,23.56,8197115,0
INTC.US,D,20210609,000000,23.24,23.35,23.22,23.24,21829606,0
INTC.US,D,20210610,000000,23.24,23.32,22.75,22.99,15437682,0
INTC.US,D,20210611,000000,22.75,22.81,21.95,22.36,10997674,0
INTC.US,D,20210614,000000,22.41,22.73,22.28,22.66,11074547,0
INTC.US,D,20210614,000000,22.57,23.31,22.44,23.09,11897011,0
INTC.US,D,20210614,000000,23.22,24.16,23.17,24.07,21546604,0
INTC.US,D,20210615,000000,23.72,24.39,23.69,24.29,15266630,0
INTC.US,D,20210616,000000,24.00,24.48,23.96,24.47,8773366,0
INTC.US,D,20210617,000000,24.46,24.71,23.49,23.64,18300919,0
INTC.US,D,20210618,000000,23.67,24.09,23.65,24.01,19882555,0
INTC.US,D,20210621,000000,23.81,26.11,23.68,25.24,8002963,0
INTC.US,D,20210621,000000,25.53,25.59,25.00,25.17,9252867,0
INTC.US,D,20210621,000000,24.72,25.21,23.36,23.59,12740267,0
INTC.US,D,20210622,000000,23.93,24.16,22.02,22.37,19088755,0
INTC.US,D,20210623,000000,22.74,22.79,22.21,22.32,21202615,0
INTC.US,D,20210624,000000,22.35,23.66,22.11,23.34,11690178,0
INTC.US,D,20210625,000000,22.85,23.27,22.83,23.23,9769078,0
INTC.US,D,20210628,000000,23.48,23.51,23.10,23.13,10965702,0
INTC.US,D,20210628,000000,23.10,23.49,21.10,21.45,18287155,0
INTC.US,D,20210628,000000,21.29,21.78,21.26,21.42,22119130,0
INTC.US,D,20210629,000000,21.41,21.48,20.99,20.99,11181804,0
INTC.US,D,20210630,000000,21.29,21.80,19.28,19.84,13699460,0
INTC.US,D,20210701,000000,20.14,20.80,20.02,20.71,18323216,0
INTC.US,D,20210702,000000,20.84,21.01,20.00,20.14,17661429,0
INTC.US,D,20210705,000000,20.11,20.99,20.05,20.82,16488201,0
INTC.US,D,20210705,000000,20.90,21.00,20.10,20.18,12538517,0
INTC.US,D,20210705,000000,20.01,20.19,18.74,19.00,20754373,0
INTC.US,D,20210706,000000,19.22,19.68,19.13,19.54,12956637,0
INTC.US,D,20210707,000000,19.49,20.39,19.11,20.36,10762688,0
INTC.US,D,20210708,000000,20.59,20.63,20.26,20.31,12255449,0
INTC.US,D,20210709,000000,19.96,20.17,19.94,20.11,12883141,0
INTC.US,D,20210712,000000,20.17,21.03,19.75,20.65,10364266,0
INTC.US,D,20210712,000000,20.62,20.78,18.26,19.05,20443672,0
INTC.US,D,20210712,000000,18.65,18.70,18.43,18.54,18474304,0
INTC.US,D,20210713,000000,18.20,19.43,17.92,18.83,11409281,0
INTC.US,D,20210714,000000,18.77,19.07,18.76,18.88,15945491,0
INTC.US,D,20210715,000000,18.78,19.27,18.77,19.22,9229177,0
INTC.US,D,20210716,000000,18.99,19.02,18.85,18.88,10217969,0
INTC.US,D,20210719,000000,18.98,19.18,18.90,19.08,7678817,0
INTC.US,D,20210719,000000,18.91,19.07,18.83,19.05,19496740,0
INTC.US,D,20210719,000000,19.16,19.54,18.65,18.73,10616529,0
INTC.US,D,20210720,000000,18.95,18.97,18.27,18.56,13940877,0
INTC.US,D,20210721,000000,18.86,18.93,17.80,17.95,19681561,0
INTC.US,D,20210722,000000,17.98,18.25,17.97,18.12,19146176,0
INTC.US,D,20210723,000000,18.20,18.70,18.18,18.66,11325669,0
INTC.US,D,20210726,000000,18.83,19.32,18.65,19.25,15588849,0
INTC.US,D,20210726,000000,19.44,19.55,18.50,18.94,16044316,0
INTC.US,D,20210726,000000,18.72,18.89,18.68,18.71,18458292,0
INTC.US,D,20210727,000000,18.33,19.10,18.14,18.94,7904601,0
INTC.US,D,20210728,000000,18.90,18.99,18.67,18.76,13803712,0
INTC.US,D,20210729,000000,18.59,18.59,18.22,18.29,15399933,0
INTC.US,D,20210730,000000,18.13,18.20,17.89,17.89,22205601,0
INTC.US,D,20210802,000000,17.65,18.23,17.40,18.15,8467807,0
INTC.US,D,20210802,000000,18.24,18.25,17.75,17.84,11288923,0
INTC.US,D,20210802,000000,18.03,18.10,17.42,17.59,16678053,0
INTC.US,D,20210803,000000,18.18,18.19,18.01,18.04,11406065,0
INTC.US,D,20210804,000000,18.16,18.17,17.15,17.60,20897995,0
INTC.US,D,20210805,000000,17.40,18.38,17.10,18.31,11323610,0
INTC.US,D,20210806,000000,18.41,18.76,18.34,18.61,17794187,0
INTC.US,D,20210809,000000,18.43,18.92,18.34,18.72,15553495,0
INTC.US,D,20210809,000000,18.57,18.57,18.54,18.56,18505380,0
INTC.US,D,20210809,000000,18.45,18.51,17.76,18.06,15900280,0
INTC.US,D,20210810,000000,18.08,18.62,17.91,18.39,14939040,0
INTC.US,D,20210811,000000,18.67,18.69,17.27,17.79,8749513,0
INTC.US,D,20210812,000000,17.81,18.84,17.57,18.42,10198109,0
INTC.US,D,20210813,000000,18.25,18.65,18.21,18.51,22250699,0
INTC.US,D,20210816,000000,18.58,19.09,18.52,18.97,21507708,0
INTC.US,D,20210816,000000,19.04,19.14,18.21,18.42,19643587,0
INTC.US,D,20210816,000000,18.27,19.37,18.22,18.80,8246528,0
INTC.US,D,20210817,000000,18.47,19.35,18.20,19.33,14357967,0
INTC.US,D,20210818,000000,19.36,19.62,19.36,19.54,12726084,0
INTC.US,D,20210819,000000,19.57,19.60,19.34,19.41,12032028,0
INTC.US,D,20210820,000000,19.26,19.33,18.20,18.53,20980556,0
INTC.US,D,20210823,000000,18.61,18.70,17.24,18.04,20127406,0
INTC.US,D,20210823,000000,17.66,17.67,17.49,17.51,9450038,0
INTC.US,D,20210823,000000,17.47,17.94,17.38,17.70,20055911,0
INTC.US,D,20210824,000000,17.40,18.19,17.32,18.02,19305848,0
INTC.US,D,20210825,000000,18.23,18.34,17.69,17.85,16093280,0
INTC.US,D,20210826,000000,17.65,18.91,17.36,18.46,16990536,0
INTC.US,D,20210827,000000,18.76,19.38,18.62,19.33,14642790,0
INTC.US,D,20210830,000000,19.28,19.39,17.64,18.14,12995734,0
INTC.US,D,20210830,000000,18.17,18.51,18.13,18.37,8584494,0
INTC.US,D,20210830,000000,19.04,19.06,18.01,18.10,11202791,0
INTC.US,D,20210831,000000,18.57,18.82,18.55,18.70,10381496,0
INTC.US,D,20210901,000000,18.51,18.82,18.43,18.79,17768991,0
INTC.US,D,20210902,000000,19.27,19.28,18.79,18.94,12961490,0
INTC.US,D,20210903,000000,18.77,18.92,17.82,18.15,11949404,0
INTC.US,D,20210906,000000,18.09,18.13,17.87,17.96,13846764,0
INTC.US,D,20210906,000000,18.19,18.31,17.87,18.09,17477060,0
INTC.US,D,20210906,000000,18.20,18.22,17.91,18.00,17642350,0
INTC.US,D,20210907,000000,18.03,18.25,17.71,17.77,9593776,0
INTC.US,D,20210908,000000,17.58,17.59,17.01,17.18,11205950,0
INTC.US,D,20210909,000000,17.14,17.90,16.96,17.75,15874950,0
INTC.US,D,20210910,000000,17.84,18.11,17.83,18.04,8390961,0
INTC.US,D,20210913,000000,17.99,18.09,17.60,17.61,12680309,0
INTC.US,D,20210913,000000,17.57,17.60,17.31,17.37,12477283,0
INTC.US,D,20210913,000000,17.44,17.50,16.91,17.00,8991670,0
INTC.US,D,20210914,000000,16.84,16.88,16.74,16.77,17937011,0
INTC.US,D,20210915,000000,16.83,16.91,15.94,16.20,17670775,0
INTC.US,D,20210916,000000,16.23,16.27,15.80,15.83,22277864,0
INTC.US,D,20210917,000000,15.95,15.99,15.80,15.83,20981083,0
INTC.US,D,20210920,000000,15.86,15.94,15.48,15.55,16230152,0
INTC.US,D,20210920,000000,15.56,15.65,14.93,15.02,11251338,0
INTC.US,D,20210920,000000,15.11,15.24,14.84,14.91,8073380,0
INTC.US,D,20210921,000000,15.04,15.25,14.99,15.23,22144620,0
INTC.US,D,20210922,000000,15.23,15.41,15.21,15.39,16922919,0
INTC.US,D,20210923,000000,15.32,15.38,15.16,15.19,8034436,0
INTC.US,D,20210924,000000,15.09,15.46,15.07,15.31,13920467,0
INTC.US,D,20210927,000000,15.35,15.40,15.22,15.22,9208459,0
INTC.US,D,20210927,000000,15.26,15.28,15.23,15.24,7795285,0
INTC.US,D,20210927,000000,15.27,15.28,15.02,15.06,16861520,0
INTC.US,D,20210928,000000,15.08,15.20,14.66,14.66,13490950,0
INTC.US,D,20210929,000000,14.64,14.70,14.63,14.65,15689278,0
INTC.US,D,20210930,000000,14.75,15.00,14.74,14.98,16191184,0
INTC.US,D,20211001,000000,14.96,14.98,14.76,14.82,15126967,0
INTC.US,D,20211004,000000,14.74,14.85,14.19,14.24,19279792,0
INTC.US,D,20211004,000000,14.13,14.32,14.08,14.30,13300317,0
INTC.US,D,20211004,000000,14.33,14.86,14.26,14.82,16656285,0
INTC.US,D,20211005,000000,14.59,14.85,14.21,14.31,22367864,0
INTC.US,D,20211006,000000,14.19,14.23,14.16,14.18,8464306,0
INTC.US,D,20211007,000000,14.21,14.26,13.75,13.84,17722949,0
INTC.US,D,20211008,000000,14.00,14.89,13.91,14.83,11496267,0
INTC.US,D,20211011,000000,14.76,15.17,14.63,15.00,21971615,0
INTC.US,D,20211011,000000,14.92,15.27,14.91,15.19,19108628,0
INTC.US,D,20211011,000000,15.23,15.24,14.37,14.40,20955931,0
INTC.US,D,20211012,000000,14.59,14.64,14.15,14.29,10524663,0
INTC.US,D,20211013,000000,14.16,14.23,13.39,13.47,9715015,0
INTC.US,D,20211014,000000,13.35,14.25,13.26,14.02,10588658,0
INTC.US,D,20211015,000000,13.93,15.08,13.89,14.52,11766992,0
INTC.US,D,20211018,000000,14.58,14.70,14.25,14.32,16641468,0
INTC.US,D,20211018,000000,14.28,14.35,14.26,14.30,12371523,0
INTC.US,D,20211018,000000,14.23,14.25,13.78,14.04,21529130,0
INTC.US,D,20211019,000000,14.08,14.87,13.97,14.75,14846711,0
INTC.US,D,20211020,000000,14.89,15.23,14.89,15.12,15105373,0
INTC.US,D,20211021,000000,14.98,14.98,14.42,14.62,22441415,0
INTC.US,D,20211022,000000,14.77,14.78,14.56,14.58,22096625,0
INTC.US,D,20211025,000000,14.50,14.77,14.26,14.73,14402034,0
