<TICKER>,<PER>,<DATE>,<TIME>,<OPEN>,<HIGH>,<LOW>,<CLOSE>,<VOL>,<OPENINT>
IRNT.US,D,20180102,000000,4.02,4.03,3.95,3.96,4035870,0
IRNT.US,D,20180103,000000,3.98,3.99,3.91,3.93,4923325,0
IRNT.US,D,20180104,000000,3.91,3.95,3.91,3.93,6077276,0
IRNT.US,D,20180105,000000,3.90,3.96,3.90,3.96,3994851,0
IRNT.US,D,20180108,000000,3.95,3.96,3.90,3.90,2860570,0
IRNT.US,D,20180108,000000,3.90,3.91,3.87,3.88,7019758,0
IRNT.US,D,20180108,000000,3.89,4.13,3.82,4.07,4803279,0
IRNT.US,D,20180109,000000,4.05,4.08,4.04,4.06,2875462,0
IRNT.US,D,20180110,000000,4.03,4.14,3.99,4.12,5025770,0
IRNT.US,D,20180111,000000,4.13,4.38,4.11,4.32,5970441,0
IRNT.US,D,20180112,000000,4.30,4.46,4.26,4.42,3896320,0
IRNT.US,D,20180115,000000,4.41,4.49,4.36,4.49,2953123,0
IRNT.US,D,20180115,000000,4.45,4.46,4.31,4.34,7063770,0
IRNT.US,D,20180115,000000,4.35,4.62,4.35,4.55,3652520,0
IRNT.US,D,20180116,000000,4.58,4.61,4.45,4.51,5592321,0
IRNT.US,D,20180117,000000,4.52,4.60,4.15,4.33,7046594,0
IRNT.US,D,20180118,000000,4.29,4.37,4.28,4.36,3044602,0
IRNT.US,D,20180119,000000,4.37,4.57,4.29,4.56,7372199,0
IRNT.US,D,20180122,000000,4.61,4.74,4.36,4.40,2827036,0
IRNT.US,D,20180122,000000,4.36,4.71,4.30,4.67,2768020,0
IRNT.US,D,20180122,000000,4.71,4.81,4.58,4.60,4279174,0
IRNT.US,D,20180123,000000,4.61,4.63,4.48,4.51,6807979,0
IRNT.US,D,20180124,000000,4.46,4.51,4.45,4.49,3733967,0
IRNT.US,D,20180125,000000,4.45,4.56,4.44,4.55,3583139,0
IRNT.US,D,20180126,000000,4.55,4.59,4.46,4.52,6672781,0
IRNT.US,D,20180129,000000,4.51,4.52,4.20,4.21,3319102,0
IRNT.US,D,20180129,000000,4.20,4.32,4.16,4.32,3560471,0
IRNT.US,D,20180129,000000,4.25,4.51,4.24,4.50,3014534,0
IRNT.US,D,20180130,000000,4.48,4.50,4.48,4.50,5363835,0
IRNT.US,D,20180131,000000,4.58,4.63,4.13,4.27,6867780,0
IRNT.US,D,20180201,000000,4.29,4.32,4.21,4.24,5831645,0
IRNT.US,D,20180202,000000,4.23,4.24,4.12,4.15,6614940,0
IRNT.US,D,20180205,000000,4.13,4.31,4.04,4.25,6274249,0
IRNT.US,D,20180205,000000,4.22,4.25,4.22,4.24,3939699,0
IRNT.US,D,20180205,000000,4.25,4.38,4.19,4.36,7158055,0
IRNT.US,D,20180206,000000,4.33,4.38,4.32,4.37,6175890,0
IRNT.US,D,20180207,000000,4.34,4.36,4.25,4.29,5781605,0
IRNT.US,D,20180208,000000,4.28,4.28,4.27,4.28,7313114,0
IRNT.US,D,20180209,000000,4.32,4.88,4.17,4.70,4415513,0
IRNT.US,D,20180212,000000,4.72,4.88,4.68,4.86,3914460,0
IRNT.US,D,20180212,000000,4.84,5.01,4.84,4.93,6772619,0
IRNT.US,D,20180212,000000,4.97,5.02,4.96,5.02,3701964,0
IRNT.US,D,20180213,000000,5.12,5.21,4.93,4.96,5248739,0
IRNT.US,D,20180214,000000,4.92,4.96,4.91,4.93,6013101,0
IRNT.US,D,20180215,000000,4.92,4.97,4.86,4.86,6252016,0
IRNT.US,D,20180216,000000,4.85,5.00,4.80,5.00,5066245,0
IRNT.US,D,20180219,000000,5.06,5.06,4.87,4.92,3858489,0
IRNT.US,D,20180219,000000,4.88,5.17,4.83,5.11,3074312,0
IRNT.US,D,20180219,000000,5.13,5.13,4.99,5.03,6887084,0
IRNT.US,D,20180220,000000,5.02,5.02,5.01,5.01,3387600,0
IRNT.US,D,20180221,000000,5.06,5.17,5.05,5.09,6520275,0
IRNT.US,D,20180222,000000,5.13,5.19,4.96,4.97,4728966,0
IRNT.US,D,20180223,000000,4.97,5.13,4.94,5.10,7339031,0
IRNT.US,D,20180226,000000,5.13,5.14,4.95,5.01,4494978,0
IRNT.US,D,20180226,000000,5.05,5.05,4.98,5.03,4466819,0
IRNT.US,D,20180226,000000,5.05,5.07,4.90,4.95,6169879,0
IRNT.US,D,20180227,000000,4.99,5.01,4.79,4.85,5748181,0
IRNT.US,D,20180228,000000,4.84,4.94,4.82,4.91,4229328,0
IRNT.US,D,20180301,000000,4.89,4.90,4.89,4.89,7079873,0
IRNT.US,D,20180302,000000,4.88,4.99,4.87,4.99,2547929,0
IRNT.US,D,20180305,000000,4.99,4.99,4.91,4.94,3643702,0
IRNT.US,D,20180305,000000,4.94,5.08,4.92,5.02,2648815,0
IRNT.US,D,20180305,000000,5.03,5.08,5.02,5.08,7426861,0
IRNT.US,D,20180306,000000,5.08,5.09,5.05,5.05,5874920,0
IRNT.US,D,20180307,000000,5.06,5.07,5.05,5.05,2576602,0
IRNT.US,D,20180308,000000,5.07,5.10,4.92,4.96,3471554,0
IRNT.US,D,20180309,000000,4.96,5.01,4.94,5.00,7254080,0
IRNT.US,D,20180312,000000,5.00,5.05,5.00,5.03,6412509,0
IRNT.US,D,20180312,000000,5.01,5.03,5.01,5.03,6475089,0
IRNT.US,D,20180312,000000,5.01,5.08,4.99,5.07,5317270,0
IRNT.US,D,20180313,000000,5.05,5.12,5.03,5.12,4309517,0
IRNT.US,D,20180314,000000,5.10,5.11,5.07,5.08,7326962,0
IRNT.US,D,20180315,000000,5.08,5.09,5.07,5.09,6235531,0
IRNT.US,D,20180316,000000,5.09,5.11,5.08,5.11,4303765,0
IRNT.US,D,20180319,000000,5.10,5.13,5.09,5.13,5281396,0
IRNT.US,D,20180319,000000,5.13,5.14,5.08,5.09,4163595,0
IRNT.US,D,20180319,000000,5.09,5.14,5.08,5.12,3438120,0
IRNT.US,D,20180320,000000,5.11,5.15,5.10,5.14,4554603,0
IRNT.US,D,20180321,000000,5.12,5.13,5.04,5.06,4882210,0
IRNT.US,D,20180322,000000,5.10,5.10,5.09,5.10,7166042,0
IRNT.US,D,20180323,000000,5.07,5.11,5.05,5.10,7105627,0
IRNT.US,D,20180326,000000,5.10,5.10,5.03,5.05,6365995,0
IRNT.US,D,20180326,000000,5.05,5.09,4.96,4.97,5468387,0
IRNT.US,D,20180326,000000,4.94,4.95,4.92,4.93,6287595,0
IRNT.US,D,20180327,000000,4.95,4.95,4.92,4.93,5113462,0
IRNT.US,D,20180328,000000,4.90,4.93,4.89,4.91,3397736,0
IRNT.US,D,20180329,000000,4.91,4.96,4.90,4.94,6011208,0
IRNT.US,D,20180330,000000,4.93,4.97,4.93,4.96,6403355,0
IRNT.US,D,20180402,000000,4.98,4.98,4.94,4.95,3009745,0
IRNT.US,D,20180402,000000,4.94,5.02,4.94,5.00,4932771,0
IRNT.US,D,20180402,000000,5.00,5.02,4.97,4.98,3317998,0
IRNT.US,D,20180403,000000,4.98,5.03,4.97,5.03,4481710,0
IRNT.US,D,20180404,000000,5.03,5.04,5.03,5.04,4174719,0
IRNT.US,D,20180405,000000,5.03,5.04,5.03,5.03,3665390,0
IRNT.US,D,20180406,000000,5.03,5.03,4.91,4.93,4544953,0
IRNT.US,D,20180409,000000,4.93,4.93,4.90,4.92,3590949,0
IRNT.US,D,20180409,000000,4.92,4.97,4.91,4.96,5399245,0
IRNT.US,D,20180409,000000,4.97,5.00,4.97,4.99,5676788,0
IRNT.US,D,20180410,000000,4.99,5.01,4.99,5.00,3795445,0
IRNT.US,D,20180411,000000,5.01,5.02,5.01,5.01,4059576,0
IRNT.US,D,20180412,000000,5.02,5.03,5.02,5.03,3589502,0
IRNT.US,D,20180413,000000,5.04,5.04,5.04,5.04,5062402,0
IRNT.US,D,20180416,000000,5.03,5.03,5.02,5.03,4578537,0
IRNT.US,D,20180416,000000,5.03,5.12,5.02,5.10,4233416,0
IRNT.US,D,20180416,000000,5.10,5.10,5.06,5.07,4652636,0
IRNT.US,D,20180417,000000,5.06,5.18,5.03,5.16,7348739,0
IRNT.US,D,20180418,000000,5.19,5.32,5.19,5.31,7199255,0
IRNT.US,D,20180419,000000,5.32,5.34,5.32,5.34,2911823,0
IRNT.US,D,20180420,000000,5.33,5.38,5.32,5.36,4909868,0
IRNT.US,D,20180423,000000,5.37,5.38,5.34,5.34,2509919,0
IRNT.US,D,20180423,000000,5.35,5.42,5.35,5.40,4909153,0
IRNT.US,D,20180423,000000,5.39,5.45,5.39,5.43,5004802,0
IRNT.US,D,20180424,000000,5.43,5.45,5.42,5.45,4618792,0
IRNT.US,D,20180425,000000,5.47,5.57,5.44,5.52,6191638,0
IRNT.US,D,20180426,000000,5.52,5.52,5.49,5.50,6628889,0
IRNT.US,D,20180427,000000,5.51,5.53,5.32,5.38,2915863,0
IRNT.US,D,20180430,000000,5.38,5.39,5.34,5.35,5895027,0
IRNT.US,D,20180430,000000,5.34,5.44,5.34,5.41,2880022,0
IRNT.US,D,20180430,000000,5.41,5.42,5.22,5.31,6072509,0
IRNT.US,D,20180501,000000,5.30,5.33,5.29,5.32,3405697,0
IRNT.US,D,20180502,000000,5.34,5.35,5.26,5.27,6552613,0
IRNT.US,D,20180503,000000,5.22,5.22,5.20,5.21,3572601,0
IRNT.US,D,20180504,000000,5.19,5.21,5.19,5.20,5907492,0
IRNT.US,D,20180507,000000,5.17,5.22,5.15,5.19,5737516,0
IRNT.US,D,20180507,000000,5.19,5.19,5.13,5.14,5851522,0
IRNT.US,D,20180507,000000,5.16,5.16,5.13,5.14,6509967,0
IRNT.US,D,20180508,000000,5.15,5.19,5.15,5.17,4642762,0
IRNT.US,D,20180509,000000,5.17,5.18,5.17,5.18,5112327,0
IRNT.US,D,20180510,000000,5.18,5.22,5.17,5.21,4909533,0
IRNT.US,D,20180511,000000,5.22,5.22,5.15,5.18,3794753,0
IRNT.US,D,20180514,000000,5.20,5.21,5.20,5.21,4667796,0
IRNT.US,D,20180514,000000,5.19,5.28,5.19,5.25,6174456,0
IRNT.US,D,20180514,000000,5.27,5.41,5.23,5.36,7392109,0
IRNT.US,D,20180515,000000,5.37,5.37,5.36,5.37,3923258,0
IRNT.US,D,20180516,000000,5.38,5.56,5.36,5.52,2642577,0
IRNT.US,D,20180517,000000,5.49,5.62,5.24,5.26,4020611,0
IRNT.US,D,20180518,000000,5.25,5.29,5.25,5.28,5631572,0
IRNT.US,D,20180521,000000,5.28,5.30,5.23,5.26,6250790,0
IRNT.US,D,20180521,000000,5.27,5.41,5.21,5.34,5370832,0
IRNT.US,D,20180521,000000,5.37,5.38,5.34,5.34,3236978,0
IRNT.US,D,20180522,000000,5.35,5.43,5.34,5.43,4979026,0
IRNT.US,D,20180523,000000,5.39,5.41,5.30,5.33,7291792,0
IRNT.US,D,20180524,000000,5.32,5.32,5.15,5.18,7248407,0
IRNT.US,D,20180525,000000,5.17,5.26,5.16,5.25,7334166,0
IRNT.US,D,20180528,000000,5.27,5.27,5.25,5.26,3559484,0
IRNT.US,D,20180528,000000,5.24,5.30,5.21,5.30,2653718,0
IRNT.US,D,20180528,000000,5.27,5.29,5.21,5.25,3387324,0
IRNT.US,D,20180529,000000,5.20,5.40,5.19,5.35,2651934,0
IRNT.US,D,20180530,000000,5.35,5.38,5.04,5.22,4335332,0
IRNT.US,D,20180531,000000,5.20,5.22,5.12,5.13,3604283,0
IRNT.US,D,20180601,000000,5.11,5.24,4.65,4.77,6187377,0
IRNT.US,D,20180604,000000,4.71,4.73,4.53,4.63,3896932,0
IRNT.US,D,20180604,000000,4.61,4.82,4.59,4.76,7058149,0
IRNT.US,D,20180604,000000,4.76,4.77,4.41,4.44,6354917,0
IRNT.US,D,20180605,000000,4.46,4.47,4.46,4.47,7263891,0
IRNT.US,D,20180606,000000,4.42,4.46,4.41,4.44,5349630,0
IRNT.US,D,20180607,000000,4.50,4.53,4.31,4.38,5052768,0
IRNT.US,D,20180608,000000,4.50,4.50,4.49,4.50,6138524,0
IRNT.US,D,20180611,000000,4.57,4.60,4.43,4.52,6357245,0
IRNT.US,D,20180611,000000,4.51,4.74,4.49,4.63,2697227,0
IRNT.US,D,20180611,000000,4.60,5.11,4.54,4.91,6221480,0
IRNT.US,D,20180612,000000,5.01,5.05,4.63,4.73,6656972,0
IRNT.US,D,20180613,000000,4.73,4.86,4.71,4.82,5574314,0
IRNT.US,D,20180614,000000,4.80,4.85,4.71,4.74,4346473,0
IRNT.US,D,20180615,000000,4.72,4.98,4.66,4.88,4616893,0
IRNT.US,D,20180618,000000,4.89,5.30,4.77,5.13,3357344,0
IRNT.US,D,20180618,000000,5.11,5.13,5.04,5.05,4060429,0
IRNT.US,D,20180618,000000,5.01,5.22,4.92,5.19,6653768,0
IRNT.US,D,20180619,000000,5.13,5.15,5.11,5.15,5491919,0
IRNT.US,D,20180620,000000,5.08,5.63,5.02,5.43,6359599,0
IRNT.US,D,20180621,000000,5.39,5.74,5.37,5.69,2622567,0
IRNT.US,D,20180622,000000,5.86,5.95,5.82,5.89,6811272,0
IRNT.US,D,20180625,000000,5.89,5.93,5.81,5.88,6493248,0
IRNT.US,D,20180625,000000,5.73,5.85,5.60,5.64,3895336,0
IRNT.US,D,20180625,000000,5.66,5.69,5.55,5.61,4616827,0
IRNT.US,D,20180626,000000,5.56,5.60,5.52,5.58,3108070,0
IRNT.US,D,20180627,000000,5.45,5.61,4.74,4.92,3881537,0
IRNT.US,D,20180628,000000,4.96,5.11,4.95,5.09,7189666,0
IRNT.US,D,20180629,000000,5.07,5.16,5.06,5.13,3929812,0
IRNT.US,D,20180702,000000,5.19,5.33,5.19,5.31,5851289,0
IRNT.US,D,20180702,000000,5.39,5.66,5.36,5.60,6751380,0
IRNT.US,D,20180702,000000,5.65,5.70,5.12,5.31,5137706,0
IRNT.US,D,20180703,000000,5.33,5.58,5.25,5.56,4292476,0
IRNT.US,D,20180704,000000,5.74,5.74,5.52,5.54,7085599,0
IRNT.US,D,20180705,000000,5.45,5.89,5.36,5.88,3933457,0
IRNT.US,D,20180706,000000,5.98,6.40,5.95,6.30,6270940,0
IRNT.US,D,20180709,000000,6.23,6.28,5.89,6.08,6803123,0
IRNT.US,D,20180709,000000,6.08,6.19,5.55,5.62,4913680,0
IRNT.US,D,20180709,000000,5.58,5.60,5.54,5.54,3429334,0
IRNT.US,D,20180710,000000,5.57,5.75,5.52,5.70,6806109,0
IRNT.US,D,20180711,000000,5.76,5.88,5.71,5.78,5239043,0
IRNT.US,D,20180712,000000,5.71,6.02,5.66,5.79,4184973,0
IRNT.US,D,20180713,000000,5.86,6.17,5.82,6.02,3212584,0
IRNT.US,D,20180716,000000,6.24,6.30,5.99,5.99,2565724,0
IRNT.US,D,20180716,000000,6.07,6.24,5.95,6.10,5614866,0
IRNT.US,D,20180716,000000,6.24,6.25,6.13,6.14,5013341,0
IRNT.US,D,20180717,000000,6.09,6.17,5.85,5.89,6582919,0
IRNT.US,D,20180718,000000,5.78,6.21,5.67,6.20,3474494,0
IRNT.US,D,20180719,000000,6.25,6.47,6.03,6.05,6453252,0
IRNT.US,D,20180720,000000,6.16,6.27,5.87,5.96,3559581,0
IRNT.US,D,20180723,000000,5.97,6.43,5.90,6.33,3793747,0
IRNT.US,D,20180723,000000,6.44,6.56,6.15,6.25,3969672,0
IRNT.US,D,20180723,000000,6.56,6.57,6.51,6.52,2651108,0
IRNT.US,D,20180724,000000,6.40,6.68,6.29,6.66,3409088,0
IRNT.US,D,20180725,000000,6.75,6.87,6.22,6.51,5329338,0
IRNT.US,D,20180726,000000,6.49,6.56,6.49,6.56,6904279,0
IRNT.US,D,20180727,000000,6.44,7.62,6.27,7.18,6378079,0
IRNT.US,D,20180730,000000,7.27,7.30,6.89,7.01,2584503,0
IRNT.US,D,20180730,000000,6.95,7.20,6.89,7.07,2618128,0
IRNT.US,D,20180730,000000,7.01,7.09,6.58,6.64,5420523,0
IRNT.US,D,20180731,000000,6.75,6.79,6.59,6.61,5509732,0
IRNT.US,D,20180801,000000,6.66,6.97,6.61,6.96,4507655,0
IRNT.US,D,20180802,000000,6.90,6.99,6.89,6.93,7156863,0
IRNT.US,D,20180803,000000,7.09,7.12,6.76,6.89,4041132,0
IRNT.US,D,20180806,000000,6.95,7.21,6.93,7.19,6118089,0
IRNT.US,D,20180806,000000,7.12,7.84,7.05,7.68,5236315,0
IRNT.US,D,20180806,000000,7.63,7.63,7.23,7.24,7477757,0
IRNT.US,D,20180807,000000,7.30,7.75,7.28,7.74,7079272,0
IRNT.US,D,20180808,000000,7.60,7.66,7.08,7.29,5745998,0
IRNT.US,D,20180809,000000,7.46,7.51,6.39,6.64,6978900,0
IRNT.US,D,20180810,000000,6.56,6.60,5.66,5.99,6821371,0
IRNT.US,D,20180813,000000,5.94,5.97,5.83,5.86,7019997,0
IRNT.US,D,20180813,000000,5.84,6.04,5.82,5.98,7242556,0
IRNT.US,D,20180813,000000,5.92,6.16,5.83,6.05,4327118,0
IRNT.US,D,20180814,000000,6.05,6.05,6.01,6.01,5303623,0
IRNT.US,D,20180815,000000,6.11,6.14,6.10,6.14,3960223,0
IRNT.US,D,20180816,000000,6.20,6.35,5.83,5.93,4551994,0
IRNT.US,D,20180817,000000,5.95,6.47,5.83,6.23,6089355,0
IRNT.US,D,20180820,000000,6.30,6.53,6.24,6.52,5422016,0
IRNT.US,D,20180820,000000,6.55,6.78,6.10,6.15,6404783,0
IRNT.US,D,20180820,000000,6.24,6.35,6.19,6.29,6494258,0
IRNT.US,D,20180821,000000,6.26,6.26,6.18,6.19,5700454,0
IRNT.US,D,20180822,000000,6.07,6.25,6.01,6.24,3513065,0
IRNT.US,D,20180823,000000,6.16,6.19,5.78,5.96,3151129,0
IRNT.US,D,20180824,000000,5.90,5.91,5.70,5.75,4479179,0
IRNT.US,D,20180827,000000,5.69,5.69,5.64,5.65,6338266,0
IRNT.US,D,20180827,000000,5.88,6.10,5.86,6.03,5309737,0
IRNT.US,D,20180827,000000,5.83,5.84,5.53,5.65,3281934,0
IRNT.US,D,20180828,000000,5.66,5.67,5.53,5.58,4450631,0
IRNT.US,D,20180829,000000,5.47,5.80,5.31,5.76,6377537,0
IRNT.US,D,20180830,000000,5.75,5.80,5.56,5.68,3089934,0
IRNT.US,D,20180831,000000,5.85,6.10,5.85,6.07,5049650,0
IRNT.US,D,20180903,000000,6.09,6.11,6.07,6.08,2545445,0
IRNT.US,D,20180903,000000,5.99,6.77,5.92,6.49,6125361,0
IRNT.US,D,20180903,000000,6.60,6.61,6.30,6.40,6123853,0
IRNT.US,D,20180904,000000,6.53,6.54,6.19,6.23,7013800,0
IRNT.US,D,20180905,000000,6.06,6.60,5.96,6.47,4365929,0
IRNT.US,D,20180906,000000,6.39,6.42,5.77,6.22,3569249,0
IRNT.US,D,20180907,000000,6.35,6.39,6.16,6.19,6234861,0
IRNT.US,D,20180910,000000,6.05,6.34,6.03,6.23,5523248,0
IRNT.US,D,20180910,000000,6.21,6.41,5.35,5.69,4126638,0
IRNT.US,D,20180910,000000,5.67,5.68,5.58,5.60,5577176,0
IRNT.US,D,20180911,000000,5.79,5.80,5.64,5.67,3547854,0
IRNT.US,D,20180912,000000,5.60,6.03,5.50,5.97,7272362,0
IRNT.US,D,20180913,000000,5.82,6.32,5.80,6.11,3062132,0
IRNT.US,D,20180914,000000,6.21,6.42,6.20,6.39,6629151,0
IRNT.US,D,20180917,000000,6.41,6.55,6.39,6.43,6950950,0
IRNT.US,D,20180917,000000,6.32,6.47,5.07,5.47,4984038,0
IRNT.US,D,20180917,000000,5.51,5.64,4.87,4.93,2651520,0
IRNT.US,D,20180918,000000,4.88,4.90,4.63,4.64,6404037,0
IRNT.US,D,20180919,000000,4.66,4.79,4.64,4.75,3065693,0
IRNT.US,D,20180920,000000,4.68,4.91,4.62,4.79,4268273,0
IRNT.US,D,20180921,000000,4.79,5.35,4.66,5.24,2677573,0
IRNT.US,D,20180924,000000,5.31,5.34,5.23,5.30,5087343,0
IRNT.US,D,20180924,000000,5.42,6.00,5.28,5.79,6244477,0
IRNT.US,D,20180924,000000,5.85,6.26,5.78,6.02,4402992,0
IRNT.US,D,20180925,000000,6.18,6.34,5.21,5.58,6464911,0
IRNT.US,D,20180926,000000,5.76,5.81,5.51,5.53,5599871,0
IRNT.US,D,20180927,000000,5.44,5.46,4.83,5.01,6484197,0
IRNT.US,D,20180928,000000,5.04,5.10,4.27,4.65,3968264,0
IRNT.US,D,20181001,000000,4.66,4.69,4.18,4.21,4067283,0
IRNT.US,D,20181001,000000,4.12,4.41,4.04,4.18,7279561,0
IRNT.US,D,20181001,000000,4.20,4.22,3.86,3.94,3982597,0
IRNT.US,D,20181002,000000,3.97,4.23,3.92,4.21,5733242,0
IRNT.US,D,20181003,000000,4.23,4.37,3.76,3.85,4393813,0
IRNT.US,D,20181004,000000,3.82,3.86,3.57,3.64,7446628,0
IRNT.US,D,20181005,000000,3.79,3.82,3.51,3.65,3814052,0
IRNT.US,D,20181008,000000,3.70,3.95,3.61,3.88,2591138,0
IRNT.US,D,20181008,000000,3.90,4.00,3.71,3.75,3302566,0
IRNT.US,D,20181008,000000,3.79,3.85,3.31,3.39,6783526,0
IRNT.US,D,20181009,000000,3.38,3.56,3.37,3.53,3113731,0
IRNT.US,D,20181010,000000,3.50,3.73,3.42,3.69,6426336,0
IRNT.US,D,20181011,000000,3.63,3.68,3.31,3.43,7294254,0
IRNT.US,D,20181012,000000,3.47,3.75,3.46,3.74,3942792,0
IRNT.US,D,20181015,000000,3.73,3.74,3.53,3.61,2646497,0
IRNT.US,D,20181015,000000,3.62,4.60,3.52,4.21,4554264,0
IRNT.US,D,20181015,000000,4.17,4.55,3.37,3.61,6190532,0
IRNT.US,D,20181016,000000,3.67,3.73,3.23,3.37,5128355,0
IRNT.US,D,20181017,000000,3.45,3.67,3.41,3.67,7394348,0
IRNT.US,D,20181018,000000,3.56,3.63,3.47,3.49,3199041,0
IRNT.US,D,20181019,000000,3.45,3.63,3.39,3.48,4795151,0
IRNT.US,D,20181022,000000,3.50,3.60,3.23,3.24,3637294,0
IRNT.US,D,20181022,000000,3.20,3.27,2.94,3.03,6756456,0
IRNT.US,D,20181022,000000,3.01,3.02,2.61,2.70,3308793,0
IRNT.US,D,20181023,000000,2.74,2.74,2.69,2.73,4663836,0
IRNT.US,D,20181024,000000,2.78,2.84,2.15,2.24,4339838,0
IRNT.US,D,20181025,000000,2.33,2.48,2.31,2.41,4314062,0
IRNT.US,D,20181026,000000,2.37,2.39,2.30,2.31,4356762,0
IRNT.US,D,20181029,000000,2.30,2.44,2.25,2.40,3892914,0
IRNT.US,D,20181029,000000,2.38,2.39,2.14,2.15,7405692,0
IRNT.US,D,20181029,000000,2.21,2.34,2.18,2.28,7242218,0
IRNT.US,D,20181030,000000,2.30,2.32,2.02,2.06,4702335,0
IRNT.US,D,20181031,000000,2.09,2.19,2.05,2.19,5513565,0
IRNT.US,D,20181101,000000,2.18,2.22,2.18,2.19,5110424,0
IRNT.US,D,20181102,000000,2.18,2.34,2.14,2.34,3507022,0
IRNT.US,D,20181105,000000,2.33,2.35,2.20,2.24,5690095,0
IRNT.US,D,20181105,000000,2.19,2.20,2.19,2.19,5535980,0
IRNT.US,D,20181105,000000,2.22,2.23,2.14,2.18,6410261,0
IRNT.US,D,20181106,000000,2.16,2.48,2.15,2.44,4146998,0
IRNT.US,D,20181107,000000,2.48,2.57,2.46,2.56,4868332,0
IRNT.US,D,20181108,000000,2.61,2.61,2.55,2.57,2587312,0
IRNT.US,D,20181109,000000,2.59,2.60,2.38,2.54,3523776,0
IRNT.US,D,20181112,000000,2.65,2.65,2.63,2.65,3675072,0
IRNT.US,D,20181112,000000,2.60,2.62,2.44,2.47,6224317,0
IRNT.US,D,20181112,000000,2.51,2.52,2.42,2.44,6124995,0
IRNT.US,D,20181113,000000,2.48,2.50,2.34,2.37,3089960,0
IRNT.US,D,20181114,000000,2.33,2.44,2.13,2.20,5351866,0
IRNT.US,D,20181115,000000,2.20,2.24,2.19,2.20,6514938,0
IRNT.US,D,20181116,000000,2.16,2.21,2.02,2.07,3299434,0
IRNT.US,D,20181119,000000,2.05,2.05,2.01,2.02,3298665,0
IRNT.US,D,20181119,000000,1.90,2.00,1.88,1.96,7388887,0
IRNT.US,D,20181119,000000,1.99,2.06,1.51,1.62,6404956,0
IRNT.US,D,20181120,000000,1.67,1.71,1.45,1.52,5963541,0
IRNT.US,D,20181121,000000,1.54,1.56,1.53,1.53,7059303,0
IRNT.US,D,20181122,000000,1.46,1.52,1.46,1.51,7214434,0
IRNT.US,D,20181123,000000,1.49,1.49,1.48,1.48,4478344,0
IRNT.US,D,20181126,000000,1.50,1.51,1.44,1.44,2949805,0
IRNT.US,D,20181126,000000,1.49,1.50,1.38,1.41,5431759,0
IRNT.US,D,20181126,000000,1.38,1.50,1.36,1.49,3402169,0
IRNT.US,D,20181127,000000,1.50,1.66,1.45,1.57,6393595,0
IRNT.US,D,20181128,000000,1.62,1.69,1.60,1.68,6481621,0
IRNT.US,D,20181129,000000,1.68,1.78,1.63,1.71,2710431,0
IRNT.US,D,20181130,000000,1.67,1.70,1.58,1.59,6808053,0
IRNT.US,D,20181203,000000,1.58,1.58,1.52,1.52,4965548,0
IRNT.US,D,20181203,000000,1.53,1.85,1.49,1.78,3070306,0
IRNT.US,D,20181203,000000,1.83,1.87,1.69,1.76,2592317,0
IRNT.US,D,20181204,000000,1.70,1.85,1.67,1.82,2851085,0
IRNT.US,D,20181205,000000,1.86,1.92,1.85,1.91,6702423,0
IRNT.US,D,20181206,000000,1.90,1.90,1.75,1.79,7398269,0
IRNT.US,D,20181207,000000,1.74,1.80,1.73,1.78,5575041,0
IRNT.US,D,20181210,000000,1.79,1.81,1.64,1.68,5839127,0
IRNT.US,D,20181210,000000,1.59,1.74,1.58,1.69,4281149,0
IRNT.US,D,20181210,000000,1.71,1.80,1.71,1.80,4236846,0
IRNT.US,D,20181211,000000,1.74,1.80,1.71,1.79,3996098,0
IRNT.US,D,20181212,000000,1.89,1.89,1.88,1.88,2560984,0
IRNT.US,D,20181213,000000,1.85,1.98,1.83,1.89,3329794,0
IRNT.US,D,20181214,000000,1.89,1.93,1.74,1.80,5606195,0
IRNT.US,D,20181217,000000,1.84,2.03,1.41,1.55,7157298,0
IRNT.US,D,20181217,000000,1.51,1.76,1.44,1.69,3545505,0
IRNT.US,D,20181217,000000,1.63,1.66,1.36,1.41,4500682,0
IRNT.US,D,20181218,000000,1.44,1.48,1.43,1.48,4335298,0
IRNT.US,D,20181219,000000,1.49,1.53,1.48,1.53,7232095,0
IRNT.US,D,20181220,000000,1.50,1.89,1.45,1.87,3973451,0
IRNT.US,D,20181221,000000,1.78,1.79,1.60,1.66,6589313,0
IRNT.US,D,20181224,000000,1.68,1.69,1.49,1.51,7112018,0
IRNT.US,D,20181224,000000,1.47,1.49,1.45,1.46,2997906,0
IRNT.US,D,20181224,000000,1.44,1.45,1.22,1.28,6861011,0
IRNT.US,D,20181225,000000,1.34,1.47,1.32,1.44,5638477,0
IRNT.US,D,20181226,000000,1.44,1.48,1.43,1.46,5288192,0
IRNT.US,D,20181227,000000,1.48,1.55,1.47,1.55,4803271,0
IRNT.US,D,20181228,000000,1.54,1.56,1.25,1.35,4322531,0
IRNT.US,D,20181231,000000,1.33,1.37,1.33,1.34,5574473,0
IRNT.US,D,20181231,000000,1.32,1.44,1.31,1.42,4051001,0
IRNT.US,D,20181231,000000,1.44,1.45,1.39,1.42,5847139,0
IRNT.US,D,20190101,000000,1.46,1.48,1.32,1.32,5830469,0
IRNT.US,D,20190102,000000,1.38,1.48,1.37,1.43,5432910,0
IRNT.US,D,20190103,000000,1.45,1.65,1.42,1.64,5930402,0
IRNT.US,D,20190104,000000,1.61,1.82,1.59,1.74,3660477,0
IRNT.US,D,20190107,000000,1.74,1.85,1.73,1.83,6070016,0
IRNT.US,D,20190107,000000,1.86,1.87,1.83,1.84,5303611,0
IRNT.US,D,20190107,000000,1.91,1.94,1.64,1.75,3393191,0
IRNT.US,D,20190108,000000,1.74,1.81,1.74,1.81,6668067,0
IRNT.US,D,20190109,000000,1.86,1.89,1.70,1.73,3650715,0
IRNT.US,D,20190110,000000,1.72,1.75,1.70,1.74,2663185,0
IRNT.US,D,20190111,000000,1.74,1.94,1.69,1.90,3720088,0
IRNT.US,D,20190114,000000,1.95,1.97,1.70,1.71,6627743,0
IRNT.US,D,20190114,000000,1.71,1.72,1.68,1.70,7243618,0
IRNT.US,D,20190114,000000,1.75,1.75,1.68,1.71,5361491,0
IRNT.US,D,20190115,000000,1.75,1.79,1.45,1.60,3744467,0
IRNT.US,D,20190116,000000,1.63,1.70,1.62,1.69,3699043,0
IRNT.US,D,20190117,000000,1.74,1.75,1.54,1.54,2980874,0
IRNT.US,D,20190118,000000,1.59,1.90,1.55,1.90,5005635,0
IRNT.US,D,20190121,000000,1.88,2.08,1.75,2.05,5627081,0
IRNT.US,D,20190121,000000,2.10,2.16,1.84,1.87,3414614,0
IRNT.US,D,20190121,000000,1.89,1.92,1.74,1.75,4721208,0
IRNT.US,D,20190122,000000,1.77,1.77,1.41,1.56,5533442,0
IRNT.US,D,20190123,000000,1.57,1.60,1.55,1.60,5300665,0
IRNT.US,D,20190124,000000,1.58,1.59,1.57,1.58,2719637,0
IRNT.US,D,20190125,000000,1.64,1.71,1.46,1.50,5915871,0
IRNT.US,D,20190128,000000,1.51,1.51,1.50,1.51,7207289,0
IRNT.US,D,20190128,000000,1.51,1.53,1.48,1.48,3764577,0
IRNT.US,D,20190128,000000,1.47,1.48,1.39,1.41,7059420,0
IRNT.US,D,20190129,000000,1.43,1.78,1.43,1.66,6086893,0
IRNT.US,D,20190130,000000,1.65,1.72,1.63,1.69,5046995,0
IRNT.US,D,20190131,000000,1.64,1.72,1.62,1.70,6098012,0
IRNT.US,D,20190201,000000,1.71,1.72,1.70,1.72,6410911,0
IRNT.US,D,20190204,000000,1.70,1.75,1.58,1.65,7042487,0
IRNT.US,D,20190204,000000,1.65,1.76,1.63,1.74,4028279,0
IRNT.US,D,20190204,000000,1.79,1.85,1.78,1.83,7270989,0
IRNT.US,D,20190205,000000,1.78,1.79,1.61,1.64,4023411,0
IRNT.US,D,20190206,000000,1.63,1.85,1.62,1.82,3779331,0
IRNT.US,D,20190207,000000,1.77,1.92,1.77,1.86,7193140,0
IRNT.US,D,20190208,000000,1.86,1.87,1.39,1.44,6462738,0
IRNT.US,D,20190211,000000,1.44,1.44,1.36,1.39,4612961,0
IRNT.US,D,20190211,000000,1.37,1.38,1.30,1.34,5558940,0
IRNT.US,D,20190211,000000,1.38,1.40,1.06,1.16,5915147,0
IRNT.US,D,20190212,000000,1.16,1.17,1.00,1.03,2650673,0
IRNT.US,D,20190213,000000,1.01,1.03,1.01,1.03,6939072,0
IRNT.US,D,20190214,000000,1.05,1.05,1.00,1.02,7066510,0
IRNT.US,D,20190215,000000,1.03,1.03,1.00,1.00,2983654,0
IRNT.US,D,20190218,000000,1.00,1.09,0.99,1.07,3625135,0
IRNT.US,D,20190218,000000,1.10,1.11,1.10,1.11,6081379,0
IRNT.US,D,20190218,000000,1.14,1.15,1.07,1.07,5902668,0
IRNT.US,D,20190219,000000,1.09,1.10,1.09,1.09,6052221,0
IRNT.US,D,20190220,000000,1.13,1.13,1.08,1.09,6182738,0
IRNT.US,D,20190221,000000,1.06,1.08,1.03,1.03,4457399,0
IRNT.US,D,20190222,000000,1.03,1.10,1.02,1.06,5864715,0
IRNT.US,D,20190225,000000,1.07,1.24,1.04,1.19,5539045,0
IRNT.US,D,20190225,000000,1.21,1.25,1.21,1.25,3206708,0
IRNT.US,D,20190225,000000,1.25,1.28,1.15,1.18,6390777,0
IRNT.US,D,20190226,000000,1.16,1.16,1.10,1.10,7421226,0
IRNT.US,D,20190227,000000,1.10,1.11,0.94,1.02,6993463,0
IRNT.US,D,20190228,000000,1.01,1.02,1.00,1.00,4460771,0
IRNT.US,D,20190301,000000,1.00,1.00,1.00,1.00,4989186,0
IRNT.US,D,20190304,000000,1.00,1.01,1.00,1.00,6622191,0
IRNT.US,D,20190304,000000,1.00,1.00,0.99,1.00,4665953,0
IRNT.US,D,20190304,000000,1.03,1.06,0.98,1.01,3834532,0
IRNT.US,D,20190305,000000,1.00,1.17,0.98,1.12,5308740,0
IRNT.US,D,20190306,000000,1.12,1.16,0.96,1.00,4059110,0
IRNT.US,D,20190307,000000,1.00,1.00,1.00,1.00,3063951,0
IRNT.US,D,20190308,000000,1.01,1.15,1.00,1.12,7377212,0
IRNT.US,D,20190311,000000,1.12,1.18,1.08,1.18,3865593,0
IRNT.US,D,20190311,000000,1.14,1.33,1.10,1.28,6065855,0
IRNT.US,D,20190311,000000,1.25,1.30,1.24,1.29,2569308,0
IRNT.US,D,20190312,000000,1.31,1.38,1.28,1.36,7029004,0
IRNT.US,D,20190313,000000,1.31,1.35,1.10,1.13,6385862,0
IRNT.US,D,20190314,000000,1.14,1.17,1.12,1.17,7047315,0
IRNT.US,D,20190315,000000,1.17,1.20,1.10,1.12,2864597,0
IRNT.US,D,20190318,000000,1.19,1.20,1.08,1.11,6641846,0
IRNT.US,D,20190318,000000,1.10,1.25,1.09,1.23,2832442,0
IRNT.US,D,20190318,000000,1.21,1.39,1.21,1.36,6102466,0
IRNT.US,D,20190319,000000,1.35,1.36,1.25,1.27,2590016,0
IRNT.US,D,20190320,000000,1.25,1.34,1.19,1.32,3446893,0
IRNT.US,D,20190321,000000,1.32,1.32,1.28,1.29,3456989,0
IRNT.US,D,20190322,000000,1.25,1.28,1.24,1.25,2892213,0
IRNT.US,D,20190325,000000,1.24,1.27,0.89,1.00,5966072,0
IRNT.US,D,20190325,000000,1.00,1.01,1.00,1.00,4727049,0
IRNT.US,D,20190325,000000,1.02,1.08,1.01,1.08,7309803,0
IRNT.US,D,20190326,000000,1.08,1.10,0.99,1.00,5987305,0
IRNT.US,D,20190327,000000,1.02,1.03,0.99,1.00,5977841,0
IRNT.US,D,20190328,000000,1.00,1.06,0.97,1.05,6866179,0
IRNT.US,D,20190329,000000,1.02,1.09,1.00,1.08,4254372,0
IRNT.US,D,20190401,000000,1.09,1.22,1.07,1.18,3026139,0
IRNT.US,D,20190401,000000,1.16,1.31,1.15,1.27,6636751,0
IRNT.US,D,20190401,000000,1.25,1.39,1.24,1.34,5072616,0
IRNT.US,D,20190402,000000,1.32,1.41,1.31,1.37,7115690,0
IRNT.US,D,20190403,000000,1.37,1.39,1.34,1.35,5061408,0
IRNT.US,D,20190404,000000,1.36,1.36,1.32,1.33,6146769,0
IRNT.US,D,20190405,000000,1.28,1.31,1.11,1.14,2659438,0
IRNT.US,D,20190408,000000,1.14,1.15,1.13,1.13,3926282,0
IRNT.US,D,20190408,000000,1.16,1.19,1.02,1.06,2536688,0
IRNT.US,D,20190408,000000,1.06,1.13,1.06,1.12,4336275,0
IRNT.US,D,20190409,000000,1.09,1.14,1.06,1.13,2653260,0
IRNT.US,D,20190410,000000,1.14,1.16,1.10,1.10,7434438,0
IRNT.US,D,20190411,000000,1.08,1.12,1.08,1.11,4625014,0
IRNT.US,D,20190412,000000,1.12,1.12,1.01,1.02,5055299,0
IRNT.US,D,20190415,000000,1.00,1.15,0.98,1.13,7417661,0
IRNT.US,D,20190415,000000,1.12,1.12,1.12,1.12,6102037,0
IRNT.US,D,20190415,000000,1.13,1.16,1.11,1.15,4300324,0
IRNT.US,D,20190416,000000,1.15,1.15,1.12,1.13,2669404,0
IRNT.US,D,20190417,000000,1.15,1.15,1.10,1.11,4358493,0
IRNT.US,D,20190418,000000,1.11,1.13,1.11,1.12,7110310,0
IRNT.US,D,20190419,000000,1.13,1.19,1.10,1.19,5076548,0
IRNT.US,D,20190422,000000,1.19,1.23,1.18,1.22,6658138,0
IRNT.US,D,20190422,000000,1.22,1.22,1.18,1.20,5888195,0
IRNT.US,D,20190422,000000,1.23,1.23,1.21,1.21,4252213,0
IRNT.US,D,20190423,000000,1.22,1.25,1.21,1.24,6184434,0
IRNT.US,D,20190424,000000,1.23,1.27,1.21,1.25,5667709,0
IRNT.US,D,20190425,000000,1.24,1.24,1.19,1.20,7061175,0
IRNT.US,D,20190426,000000,1.20,1.26,1.20,1.24,4587795,0
IRNT.US,D,20190429,000000,1.23,1.25,1.21,1.22,3089297,0
IRNT.US,D,20190429,000000,1.23,1.24,1.21,1.22,3538989,0
IRNT.US,D,20190429,000000,1.23,1.26,1.12,1.17,3873166,0
IRNT.US,D,20190430,000000,1.18,1.41,1.15,1.32,3477284,0
IRNT.US,D,20190501,000000,1.28,1.32,1.28,1.31,4863706,0
IRNT.US,D,20190502,000000,1.33,1.34,1.33,1.34,3107066,0
IRNT.US,D,20190503,000000,1.31,1.42,1.31,1.41,2939616,0
IRNT.US,D,20190506,000000,1.39,1.40,1.39,1.40,7128650,0
IRNT.US,D,20190506,000000,1.40,1.42,1.24,1.28,3847091,0
IRNT.US,D,20190506,000000,1.27,1.34,1.27,1.31,4139360,0
IRNT.US,D,20190507,000000,1.32,1.53,1.23,1.52,5253245,0
IRNT.US,D,20190508,000000,1.55,1.58,1.54,1.57,5447368,0
IRNT.US,D,20190509,000000,1.54,1.63,1.54,1.60,4311391,0
IRNT.US,D,20190510,000000,1.57,1.62,1.56,1.62,3355107,0
IRNT.US,D,20190513,000000,1.67,1.68,1.48,1.48,5042264,0
IRNT.US,D,20190513,000000,1.47,1.52,1.46,1.50,4046242,0
IRNT.US,D,20190513,000000,1.45,1.55,1.44,1.54,3307721,0
IRNT.US,D,20190514,000000,1.55,1.55,1.47,1.48,5432141,0
IRNT.US,D,20190515,000000,1.47,1.51,1.45,1.50,5466050,0
IRNT.US,D,20190516,000000,1.45,1.51,1.44,1.49,5152904,0
IRNT.US,D,20190517,000000,1.48,1.65,1.48,1.58,6601104,0
IRNT.US,D,20190520,000000,1.56,1.74,1.52,1.69,6558718,0
IRNT.US,D,20190520,000000,1.68,1.70,1.68,1.68,5550606,0
IRNT.US,D,20190520,000000,1.68,1.70,1.57,1.58,4989867,0
IRNT.US,D,20190521,000000,1.61,1.75,1.60,1.72,6540264,0
IRNT.US,D,20190522,000000,1.72,1.75,1.34,1.50,3603310,0
IRNT.US,D,20190523,000000,1.51,1.56,1.48,1.48,4257675,0
IRNT.US,D,20190524,000000,1.52,1.55,1.44,1.53,4560809,0
IRNT.US,D,20190527,000000,1.52,1.65,1.51,1.61,6432831,0
IRNT.US,D,20190527,000000,1.57,1.61,1.42,1.48,3580428,0
IRNT.US,D,20190527,000000,1.46,1.66,1.44,1.62,2749813,0
IRNT.US,D,20190528,000000,1.64,1.72,1.41,1.52,2871023,0
IRNT.US,D,20190529,000000,1.54,1.56,1.45,1.47,5328737,0
IRNT.US,D,20190530,000000,1.46,1.48,1.44,1.48,3708188,0
IRNT.US,D,20190531,000000,1.44,1.45,1.33,1.36,5574989,0
IRNT.US,D,20190603,000000,1.38,1.39,1.38,1.38,7445531,0
IRNT.US,D,20190603,000000,1.39,1.45,1.39,1.44,4083026,0
IRNT.US,D,20190603,000000,1.43,1.44,1.43,1.43,5074987,0
IRNT.US,D,20190604,000000,1.47,1.47,1.25,1.30,5402848,0
IRNT.US,D,20190605,000000,1.31,1.33,1.29,1.31,3202147,0
IRNT.US,D,20190606,000000,1.31,1.47,1.31,1.46,3244698,0
IRNT.US,D,20190607,000000,1.50,1.52,1.47,1.49,5683557,0
IRNT.US,D,20190610,000000,1.48,1.55,1.47,1.53,2915229,0
IRNT.US,D,20190610,000000,1.54,1.61,1.52,1.61,7380168,0
IRNT.US,D,20190610,000000,1.63,1.79,1.62,1.70,5306088,0
IRNT.US,D,20190611,000000,1.65,1.93,1.64,1.85,5919468,0
IRNT.US,D,20190612,000000,1.85,1.89,1.69,1.70,5357560,0
IRNT.US,D,20190613,000000,1.68,1.70,1.66,1.70,4296854,0
IRNT.US,D,20190614,000000,1.69,1.75,1.67,1.72,5893343,0
IRNT.US,D,20190617,000000,1.75,1.75,1.74,1.75,6344545,0
IRNT.US,D,20190617,000000,1.74,1.88,1.72,1.87,2709865,0
IRNT.US,D,20190617,000000,1.83,1.93,1.82,1.91,6891817,0
IRNT.US,D,20190618,000000,1.87,1.98,1.79,1.98,5370500,0
IRNT.US,D,20190619,000000,1.93,1.94,1.81,1.85,6971856,0
IRNT.US,D,20190620,000000,1.89,2.04,1.88,1.98,5686762,0
IRNT.US,D,20190621,000000,2.01,2.05,1.72,1.75,5749891,0
IRNT.US,D,20190624,000000,1.77,1.77,1.75,1.76,3021990,0
IRNT.US,D,20190624,000000,1.69,1.90,1.69,1.82,7195596,0
IRNT.US,D,20190624,000000,1.79,1.80,1.79,1.80,4115620,0
IRNT.US,D,20190625,000000,1.85,1.86,1.83,1.84,4542858,0
IRNT.US,D,20190626,000000,1.76,1.96,1.76,1.93,4046797,0
IRNT.US,D,20190627,000000,1.93,2.01,1.81,1.84,7186209,0
IRNT.US,D,20190628,000000,1.79,1.81,1.70,1.71,7430052,0
IRNT.US,D,20190701,000000,1.68,1.75,1.64,1.72,4060672,0
IRNT.US,D,20190701,000000,1.82,1.82,1.80,1.81,5997639,0
IRNT.US,D,20190701,000000,1.82,1.90,1.81,1.89,4861276,0
IRNT.US,D,20190702,000000,1.88,1.90,1.70,1.73,4432730,0
IRNT.US,D,20190703,000000,1.74,1.77,1.69,1.70,6191836,0
IRNT.US,D,20190704,000000,1.69,1.69,1.61,1.61,6342096,0
IRNT.US,D,20190705,000000,1.62,1.68,1.61,1.67,3125930,0
IRNT.US,D,20190708,000000,1.64,1.76,1.59,1.74,5247309,0
IRNT.US,D,20190708,000000,1.75,1.75,1.65,1.70,6213573,0
IRNT.US,D,20190708,000000,1.76,1.81,1.51,1.64,5558126,0
IRNT.US,D,20190709,000000,1.63,1.63,1.37,1.42,6083943,0
IRNT.US,D,20190710,000000,1.32,1.49,1.28,1.39,6339687,0
IRNT.US,D,20190711,000000,1.34,1.43,1.31,1.40,6181146,0
IRNT.US,D,20190712,000000,1.35,1.40,1.34,1.39,2985109,0
IRNT.US,D,20190715,000000,1.41,1.44,1.30,1.30,5610335,0
IRNT.US,D,20190715,000000,1.33,1.34,1.31,1.32,3767985,0
IRNT.US,D,20190715,000000,1.31,1.38,1.17,1.18,2898706,0
IRNT.US,D,20190716,000000,1.22,1.23,1.05,1.11,5886344,0
IRNT.US,D,20190717,000000,1.11,1.12,1.09,1.10,5233483,0
IRNT.US,D,20190718,000000,1.13,1.13,1.12,1.12,4216312,0
IRNT.US,D,20190719,000000,1.13,1.24,1.12,1.22,3822063,0
IRNT.US,D,20190722,000000,1.21,1.21,1.18,1.18,5629868,0
IRNT.US,D,20190722,000000,1.20,1.21,1.18,1.19,3966413,0
IRNT.US,D,20190722,000000,1.21,1.22,1.16,1.17,4188194,0
IRNT.US,D,20190723,000000,1.18,1.19,1.12,1.13,3654193,0
IRNT.US,D,20190724,000000,1.12,1.13,1.10,1.10,6520139,0
IRNT.US,D,20190725,000000,1.10,1.23,1.10,1.19,4975474,0
IRNT.US,D,20190726,000000,1.20,1.22,1.13,1.17,6228017,0
IRNT.US,D,20190729,000000,1.16,1.17,1.15,1.17,6202498,0
IRNT.US,D,20190729,000000,1.18,1.18,1.15,1.15,6415765,0
IRNT.US,D,20190729,000000,1.12,1.21,1.08,1.20,7435637,0
IRNT.US,D,20190730,000000,1.18,1.27,1.17,1.26,5209016,0
IRNT.US,D,20190731,000000,1.22,1.33,1.17,1.31,3336929,0
IRNT.US,D,20190801,000000,1.28,1.42,1.28,1.42,6304416,0
IRNT.US,D,20190802,000000,1.46,1.46,1.43,1.45,5957502,0
IRNT.US,D,20190805,000000,1.46,1.48,1.45,1.48,4106094,0
IRNT.US,D,20190805,000000,1.48,1.50,1.39,1.40,6925169,0
IRNT.US,D,20190805,000000,1.36,1.37,1.26,1.28,5252611,0
IRNT.US,D,20190806,000000,1.29,1.30,1.19,1.22,7303496,0
IRNT.US,D,20190807,000000,1.23,1.24,1.22,1.23,5592427,0
IRNT.US,D,20190808,000000,1.25,1.26,1.19,1.23,3868460,0
IRNT.US,D,20190809,000000,1.23,1.24,1.22,1.22,6156031,0
IRNT.US,D,20190812,000000,1.21,1.21,1.10,1.12,5472264,0
IRNT.US,D,20190812,000000,1.10,1.13,1.10,1.13,6991149,0
IRNT.US,D,20190812,000000,1.10,1.22,1.09,1.22,5324428,0
IRNT.US,D,20190813,000000,1.23,1.24,1.17,1.18,5759542,0
IRNT.US,D,20190814,000000,1.19,1.22,1.18,1.21,4269228,0
IRNT.US,D,20190815,000000,1.20,1.21,1.11,1.12,4511494,0
IRNT.US,D,20190816,000000,1.14,1.14,1.10,1.11,6462429,0
IRNT.US,D,20190819,000000,1.11,1.18,1.10,1.14,2995752,0
IRNT.US,D,20190819,000000,1.14,1.17,1.13,1.17,4427294,0
IRNT.US,D,20190819,000000,1.18,1.19,1.09,1.10,3008486,0
IRNT.US,D,20190820,000000,1.10,1.11,1.08,1.09,3586332,0
IRNT.US,D,20190821,000000,1.08,1.16,1.06,1.13,5491756,0
IRNT.US,D,20190822,000000,1.12,1.18,0.95,1.00,5381236,0
IRNT.US,D,20190823,000000,1.00,1.01,1.00,1.00,3798571,0
IRNT.US,D,20190826,000000,1.00,1.02,0.99,1.02,4334562,0
IRNT.US,D,20190826,000000,1.02,1.03,1.01,1.01,7454959,0
IRNT.US,D,20190826,000000,1.04,1.04,0.99,1.00,3383638,0
IRNT.US,D,20190827,000000,1.00,1.00,1.00,1.00,2841219,0
IRNT.US,D,20190828,000000,1.02,1.02,0.99,1.00,7093494,0
IRNT.US,D,20190829,000000,1.00,1.03,0.98,1.00,5303669,0
IRNT.US,D,20190830,000000,1.02,1.04,0.98,1.00,6018399,0
IRNT.US,D,20190902,000000,1.00,1.00,1.00,1.00,6654344,0
IRNT.US,D,20190902,000000,1.02,1.11,0.97,1.10,4066012,0
IRNT.US,D,20190902,000000,1.11,1.12,1.05,1.06,4414824,0
IRNT.US,D,20190903,000000,1.05,1.06,1.00,1.02,3718556,0
IRNT.US,D,20190904,000000,1.03,1.03,1.01,1.01,2736089,0
IRNT.US,D,20190905,000000,1.02,1.05,1.01,1.04,6357702,0
IRNT.US,D,20190906,000000,1.03,1.05,1.02,1.05,5602272,0
IRNT.US,D,20190909,000000,1.06,1.10,1.05,1.09,4967549,0
IRNT.US,D,20190909,000000,1.10,1.10,1.05,1.05,4925183,0
IRNT.US,D,20190909,000000,1.04,1.10,1.03,1.08,3318864,0
IRNT.US,D,20190910,000000,1.08,1.19,1.06,1.15,6013084,0
IRNT.US,D,20190911,000000,1.11,1.18,1.10,1.16,9865604,0
IRNT.US,D,20190912,000000,1.18,1.18,1.17,1.18,6449303,0
IRNT.US,D,20190913,000000,1.16,1.20,1.15,1.20,4613241,0
IRNT.US,D,20190916,000000,1.22,1.23,1.22,1.23,12330704,0
IRNT.US,D,20190916,000000,1.21,1.27,1.20,1.25,9522250,0
IRNT.US,D,20190916,000000,1.28,1.28,1.26,1.26,11204282,0
IRNT.US,D,20190917,000000,1.29,1.30,1.28,1.29,7697273,0
IRNT.US,D,20190918,000000,1.27,1.31,1.26,1.31,13808436,0
IRNT.US,D,20190919,000000,1.29,1.34,1.28,1.33,6794515,0
IRNT.US,D,20190920,000000,1.32,1.37,1.32,1.36,15665828,0
IRNT.US,D,20190923,000000,1.32,1.44,1.31,1.38,16991368,0
IRNT.US,D,20190923,000000,1.37,1.46,1.36,1.43,8295949,0
IRNT.US,D,20190923,000000,1.44,1.47,1.44,1.47,16791306,0
IRNT.US,D,20190924,000000,1.45,1.54,1.41,1.51,7228061,0
IRNT.US,D,20190925,000000,1.52,1.56,1.50,1.55,6745238,0
IRNT.US,D,20190926,000000,1.53,1.61,1.52,1.60,20018103,0
IRNT.US,D,20190927,000000,1.59,1.75,1.52,1.64,8933740,0
IRNT.US,D,20190930,000000,1.63,1.69,1.60,1.68,10056291,0
IRNT.US,D,20190930,000000,1.69,1.75,1.68,1.75,11249500,0
IRNT.US,D,20190930,000000,1.80,1.82,1.78,1.80,21705082,0
IRNT.US,D,20191001,000000,1.76,1.87,1.73,1.84,9016418,0
IRNT.US,D,20191002,000000,1.92,1.92,1.90,1.91,16167489,0
IRNT.US,D,20191003,000000,1.89,2.01,1.89,1.97,20454916,0
IRNT.US,D,20191004,000000,1.94,2.05,1.91,2.02,24824973,0
IRNT.US,D,20191007,000000,2.02,2.14,1.99,2.10,17897141,0
IRNT.US,D,20191007,000000,2.02,2.25,1.97,2.19,4894412,0
IRNT.US,D,20191007,000000,2.27,2.27,2.19,2.21,5226267,0
IRNT.US,D,20191008,000000,2.21,2.38,2.21,2.32,7436741,0
IRNT.US,D,20191009,000000,2.32,2.42,2.31,2.37,6722251,0
IRNT.US,D,20191010,000000,2.36,2.37,2.23,2.25,6785241,0
IRNT.US,D,20191011,000000,2.24,2.44,2.18,2.42,3019947,0
IRNT.US,D,20191014,000000,2.45,2.46,2.25,2.28,5495146,0
IRNT.US,D,20191014,000000,2.32,2.35,2.22,2.25,5181185,0
IRNT.US,D,20191014,000000,2.29,2.29,2.26,2.27,6840153,0
IRNT.US,D,20191015,000000,2.22,2.63,2.19,2.52,4969502,0
IRNT.US,D,20191016,000000,2.61,2.63,2.54,2.59,7041821,0
IRNT.US,D,20191017,000000,2.62,2.66,2.62,2.62,2797972,0
IRNT.US,D,20191018,000000,2.52,2.66,2.51,2.65,2963792,0
IRNT.US,D,20191021,000000,2.64,2.66,2.45,2.47,5620019,0
IRNT.US,D,20191021,000000,2.41,3.00,2.34,2.78,6960638,0
IRNT.US,D,20191021,000000,2.75,2.76,2.75,2.75,4637245,0
IRNT.US,D,20191022,000000,2.63,2.63,2.46,2.50,4053055,0
IRNT.US,D,20191023,000000,2.52,2.53,2.44,2.45,5971711,0
IRNT.US,D,20191024,000000,2.47,2.48,2.18,2.29,5281283,0
IRNT.US,D,20191025,000000,2.28,2.39,2.27,2.34,7182483,0
IRNT.US,D,20191028,000000,2.32,2.42,2.24,2.38,4793985,0
IRNT.US,D,20191028,000000,2.36,2.52,2.31,2.49,2602252,0
IRNT.US,D,20191028,000000,2.49,2.69,2.49,2.69,3328413,0
IRNT.US,D,20191029,000000,2.70,2.71,2.69,2.71,6687267,0
IRNT.US,D,20191030,000000,2.74,2.93,2.67,2.87,5749470,0
IRNT.US,D,20191031,000000,2.91,3.23,2.89,3.06,2672066,0
IRNT.US,D,20191101,000000,3.02,3.03,2.77,2.80,6038174,0
IRNT.US,D,20191104,000000,2.97,3.08,2.68,2.71,6342719,0
IRNT.US,D,20191104,000000,2.61,2.98,2.55,2.96,3159886,0
IRNT.US,D,20191104,000000,2.94,3.10,2.90,3.10,2536977,0
IRNT.US,D,20191105,000000,2.97,3.19,2.94,3.10,3114483,0
IRNT.US,D,20191106,000000,2.99,3.02,2.98,2.98,5758953,0
IRNT.US,D,20191107,000000,2.94,3.03,2.92,3.01,5948972,0
IRNT.US,D,20191108,000000,2.93,3.04,2.86,2.87,5452246,0
IRNT.US,D,20191111,000000,2.72,3.43,2.60,3.21,3983391,0
IRNT.US,D,20191111,000000,3.22,3.45,3.22,3.37,2963716,0
IRNT.US,D,20191111,000000,3.43,3.61,3.34,3.54,4794775,0
IRNT.US,D,20191112,000000,3.52,3.65,3.27,3.34,5757288,0
IRNT.US,D,20191113,000000,3.27,3.32,2.93,3.01,5233437,0
IRNT.US,D,20191114,000000,3.00,3.06,2.22,2.41,4314685,0
IRNT.US,D,20191115,000000,2.34,2.37,2.32,2.34,7178569,0
IRNT.US,D,20191118,000000,2.41,2.46,2.39,2.45,4447892,0
IRNT.US,D,20191118,000000,2.45,2.51,2.17,2.22,5719529,0
IRNT.US,D,20191118,000000,2.16,2.22,2.16,2.20,6437708,0
IRNT.US,D,20191119,000000,2.15,2.46,2.10,2.39,4684871,0
IRNT.US,D,20191120,000000,2.30,2.34,2.16,2.18,2661610,0
IRNT.US,D,20191121,000000,2.20,2.34,2.18,2.32,4558576,0
IRNT.US,D,20191122,000000,2.36,2.37,2.18,2.19,6965940,0
IRNT.US,D,20191125,000000,2.15,2.16,2.09,2.11,7077443,0
IRNT.US,D,20191125,000000,2.10,2.10,1.95,1.99,6788567,0
IRNT.US,D,20191125,000000,1.96,2.54,1.88,2.38,4211134,0
IRNT.US,D,20191126,000000,2.35,2.36,2.20,2.27,5675392,0
IRNT.US,D,20191127,000000,2.30,2.45,2.27,2.38,4214420,0
IRNT.US,D,20191128,000000,2.34,2.36,2.30,2.30,5415414,0
IRNT.US,D,20191129,000000,2.28,2.53,2.28,2.47,6226016,0
IRNT.US,D,20191202,000000,2.56,2.72,2.17,2.22,3603739,0
IRNT.US,D,20191202,000000,2.22,2.24,2.13,2.18,7193232,0
IRNT.US,D,20191202,000000,2.14,2.19,2.01,2.06,6716620,0
IRNT.US,D,20191203,000000,2.05,2.08,1.90,1.93,2617497,0
IRNT.US,D,20191204,000000,1.90,1.94,1.86,1.93,2987648,0
IRNT.US,D,20191205,000000,1.92,2.11,1.86,2.09,2549544,0
IRNT.US,D,20191206,000000,2.06,2.28,1.99,2.28,7277198,0
IRNT.US,D,20191209,000000,2.31,2.34,2.08,2.08,2954744,0
IRNT.US,D,20191209,000000,2.10,2.44,2.06,2.39,2602656,0
IRNT.US,D,20191209,000000,2.43,2.51,2.41,2.45,2732282,0
IRNT.US,D,20191210,000000,2.42,2.57,2.41,2.52,3545976,0
IRNT.US,D,20191211,000000,2.51,2.82,2.47,2.76,6776250,0
IRNT.US,D,20191212,000000,2.79,2.84,2.56,2.68,4338533,0
IRNT.US,D,20191213,000000,2.70,2.88,2.68,2.87,2964888,0
IRNT.US,D,20191216,000000,2.97,3.01,2.95,3.00,7105079,0
IRNT.US,D,20191216,000000,3.03,3.04,2.66,2.74,3125846,0
IRNT.US,D,20191216,000000,2.81,2.81,2.74,2.75,4697741,0
IRNT.US,D,20191217,000000,2.77,3.15,2.71,2.94,5983015,0
IRNT.US,D,20191218,000000,3.05,3.05,2.95,2.97,4211228,0
IRNT.US,D,20191219,000000,2.86,2.90,2.85,2.88,4021021,0
IRNT.US,D,20191220,000000,2.92,3.00,2.92,2.95,6391596,0
IRNT.US,D,20191223,000000,2.95,2.96,2.77,2.81,6300659,0
IRNT.US,D,20191223,000000,2.70,2.70,2.68,2.68,4033647,0
IRNT.US,D,20191223,000000,2.66,2.90,2.57,2.80,4622350,0
IRNT.US,D,20191224,000000,2.74,3.16,2.72,3.04,5653068,0
IRNT.US,D,20191225,000000,3.03,3.13,2.98,3.09,3906564,0
IRNT.US,D,20191226,000000,3.23,3.27,3.15,3.16,3491721,0
IRNT.US,D,20191227,000000,3.16,3.34,3.12,3.24,2887340,0
IRNT.US,D,20191230,000000,3.29,3.63,3.26,3.55,3538297,0
IRNT.US,D,20191230,000000,3.45,3.53,3.43,3.52,3660348,0
IRNT.US,D,20191230,000000,3.37,3.52,3.35,3.48,3371385,0
IRNT.US,D,20191231,000000,3.44,3.69,3.40,3.64,6075580,0
IRNT.US,D,20200101,000000,3.59,3.87,3.56,3.79,5694700,0
IRNT.US,D,20200102,000000,3.82,3.85,3.65,3.73,5676832,0
IRNT.US,D,20200103,000000,3.80,3.97,3.80,3.83,2698151,0
IRNT.US,D,20200106,000000,3.94,4.03,2.65,3.20,4892022,0
IRNT.US,D,20200106,000000,3.15,3.18,3.15,3.18,3432067,0
IRNT.US,D,20200106,000000,3.21,3.23,2.88,2.89,5185485,0
IRNT.US,D,20200107,000000,2.84,2.84,2.72,2.76,4511546,0
IRNT.US,D,20200108,000000,2.78,2.78,2.48,2.50,3245376,0
IRNT.US,D,20200109,000000,2.48,2.50,2.34,2.35,6782668,0
IRNT.US,D,20200110,000000,2.29,2.37,2.27,2.36,7464465,0
IRNT.US,D,20200113,000000,2.41,2.61,2.39,2.58,7282629,0
IRNT.US,D,20200113,000000,2.56,2.80,2.56,2.76,6258997,0
IRNT.US,D,20200113,000000,2.82,2.86,2.56,2.60,6104513,0
IRNT.US,D,20200114,000000,2.60,2.61,2.57,2.58,3702944,0
IRNT.US,D,20200115,000000,2.55,2.61,2.26,2.34,2788496,0
IRNT.US,D,20200116,000000,2.38,2.52,2.38,2.51,3010252,0
IRNT.US,D,20200117,000000,2.47,2.54,2.45,2.52,5736890,0
IRNT.US,D,20200120,000000,2.49,2.63,2.48,2.61,3994963,0
IRNT.US,D,20200120,000000,2.64,2.65,2.36,2.44,5366008,0
IRNT.US,D,20200120,000000,2.54,2.58,2.51,2.54,5543314,0
IRNT.US,D,20200121,000000,2.48,2.51,2.23,2.33,4119930,0
IRNT.US,D,20200122,000000,2.34,2.36,2.33,2.35,6527721,0
IRNT.US,D,20200123,000000,2.37,2.38,2.16,2.19,3066134,0
IRNT.US,D,20200124,000000,2.22,2.29,2.00,2.06,6625096,0
IRNT.US,D,20200127,000000,2.04,2.23,1.97,2.15,5565910,0
IRNT.US,D,20200127,000000,2.14,2.15,2.03,2.06,3702434,0
IRNT.US,D,20200127,000000,2.06,2.09,1.88,1.95,7063023,0
IRNT.US,D,20200128,000000,1.99,2.03,1.82,1.87,4105322,0
IRNT.US,D,20200129,000000,1.86,1.89,1.85,1.87,7375191,0
IRNT.US,D,20200130,000000,1.92,2.15,1.78,2.11,3647265,0
IRNT.US,D,20200131,000000,2.12,2.13,1.94,1.95,3487979,0
IRNT.US,D,20200203,000000,1.87,2.31,1.84,2.21,6232334,0
IRNT.US,D,20200203,000000,2.27,2.30,1.74,1.91,3544087,0
IRNT.US,D,20200203,000000,1.88,2.12,1.87,2.07,6989724,0
IRNT.US,D,20200204,000000,2.07,2.07,2.02,2.06,3917373,0
IRNT.US,D,20200205,000000,2.09,2.15,2.08,2.14,3205533,0
IRNT.US,D,20200206,000000,2.10,2.73,2.09,2.58,6643504,0
IRNT.US,D,20200207,000000,2.51,2.51,2.33,2.37,7143238,0
IRNT.US,D,20200210,000000,2.43,2.44,2.27,2.27,6975071,0
IRNT.US,D,20200210,000000,2.26,2.27,2.19,2.19,2583410,0
IRNT.US,D,20200210,000000,2.23,2.24,2.19,2.21,6680108,0
IRNT.US,D,20200211,000000,2.33,2.36,2.23,2.28,4007116,0
IRNT.US,D,20200212,000000,2.30,2.40,2.26,2.36,2827373,0
IRNT.US,D,20200213,000000,2.36,2.43,2.21,2.28,3008149,0
IRNT.US,D,20200214,000000,2.37,2.40,2.37,2.38,6945885,0
IRNT.US,D,20200217,000000,2.47,2.48,2.27,2.31,4953268,0
IRNT.US,D,20200217,000000,2.28,2.33,2.23,2.25,6402537,0
IRNT.US,D,20200217,000000,2.32,2.33,2.19,2.24,4290326,0
IRNT.US,D,20200218,000000,2.23,2.31,2.23,2.29,6831427,0
IRNT.US,D,20200219,000000,2.23,2.30,2.03,2.05,2961115,0
IRNT.US,D,20200220,000000,2.15,2.16,2.08,2.09,7215717,0
IRNT.US,D,20200221,000000,2.00,2.00,1.95,1.96,6014483,0
IRNT.US,D,20200224,000000,2.01,2.03,1.79,1.89,4019166,0
IRNT.US,D,20200224,000000,1.84,1.85,1.84,1.85,4050396,0
IRNT.US,D,20200224,000000,1.83,1.90,1.59,1.65,5045797,0
IRNT.US,D,20200225,000000,1.63,1.78,1.61,1.68,3685883,0
IRNT.US,D,20200226,000000,1.66,1.68,1.66,1.68,4359835,0
IRNT.US,D,20200227,000000,1.64,1.93,1.63,1.88,2685811,0
IRNT.US,D,20200228,000000,1.89,2.18,1.84,2.02,4272399,0
IRNT.US,D,20200302,000000,2.11,2.12,1.79,1.89,4039343,0
IRNT.US,D,20200302,000000,1.81,1.89,1.80,1.88,5934426,0
IRNT.US,D,20200302,000000,1.93,1.93,1.84,1.89,4886505,0
IRNT.US,D,20200303,000000,1.91,1.94,1.66,1.68,3826801,0
IRNT.US,D,20200304,000000,1.64,1.65,1.63,1.65,6260278,0
IRNT.US,D,20200305,000000,1.76,1.76,1.72,1.73,5064091,0
IRNT.US,D,20200306,000000,1.70,1.86,1.65,1.86,5470594,0
IRNT.US,D,20200309,000000,1.82,2.15,1.74,2.11,7114356,0
IRNT.US,D,20200309,000000,2.21,2.34,1.92,1.95,5211563,0
IRNT.US,D,20200309,000000,2.00,2.04,1.61,1.67,4688318,0
IRNT.US,D,20200310,000000,1.71,1.84,1.71,1.84,3091884,0
IRNT.US,D,20200311,000000,1.79,1.91,1.78,1.87,5447304,0
IRNT.US,D,20200312,000000,1.86,1.88,1.81,1.85,4293430,0
IRNT.US,D,20200313,000000,1.79,1.87,1.79,1.85,7350157,0
IRNT.US,D,20200316,000000,1.86,2.13,1.83,2.09,4530661,0
IRNT.US,D,20200316,000000,2.12,2.12,1.97,1.97,4537735,0
IRNT.US,D,20200316,000000,1.98,2.08,1.98,2.05,6659911,0
IRNT.US,D,20200317,000000,2.03,2.30,2.02,2.29,7278013,0
IRNT.US,D,20200318,000000,2.32,2.55,2.29,2.49,3681925,0
IRNT.US,D,20200319,000000,2.52,2.70,2.48,2.68,4002289,0
IRNT.US,D,20200320,000000,2.66,3.01,2.62,2.90,4269709,0
IRNT.US,D,20200323,000000,2.95,3.52,2.91,3.38,3764940,0
IRNT.US,D,20200323,000000,3.35,3.65,3.17,3.61,5236577,0
IRNT.US,D,20200323,000000,3.58,4.17,3.54,4.01,3628123,0
IRNT.US,D,20200324,000000,4.15,4.17,3.83,3.97,6647271,0
IRNT.US,D,20200325,000000,4.03,4.05,3.89,3.90,6614202,0
IRNT.US,D,20200326,000000,3.83,3.95,3.61,3.67,3227205,0
IRNT.US,D,20200327,000000,3.65,4.28,3.62,4.15,3927933,0
IRNT.US,D,20200330,000000,4.27,4.46,4.20,4.38,5406592,0
IRNT.US,D,20200330,000000,4.39,4.42,4.04,4.14,5788463,0
IRNT.US,D,20200330,000000,4.12,4.39,4.07,4.32,5832472,0
IRNT.US,D,20200331,000000,4.20,4.89,4.19,4.65,7290708,0
IRNT.US,D,20200401,000000,4.65,4.72,4.64,4.69,4062465,0
IRNT.US,D,20200402,000000,4.68,4.75,4.30,4.37,4061457,0
IRNT.US,D,20200403,000000,4.32,4.58,4.31,4.49,6460999,0
IRNT.US,D,20200406,000000,4.51,4.60,3.96,4.02,4003726,0
IRNT.US,D,20200406,000000,4.02,4.73,3.98,4.55,3229319,0
IRNT.US,D,20200406,000000,4.69,4.81,4.27,4.36,5620013,0
IRNT.US,D,20200407,000000,4.38,4.38,4.09,4.15,2726325,0
IRNT.US,D,20200408,000000,4.16,4.19,4.05,4.14,4757426,0
IRNT.US,D,20200409,000000,4.04,4.08,3.85,3.87,3209857,0
IRNT.US,D,20200410,000000,3.84,3.84,3.52,3.73,3689752,0
IRNT.US,D,20200413,000000,3.68,3.71,3.12,3.12,2984896,0
IRNT.US,D,20200413,000000,3.17,3.23,2.48,2.72,3465742,0
IRNT.US,D,20200413,000000,2.66,2.72,2.45,2.47,5028039,0
IRNT.US,D,20200414,000000,2.39,2.60,2.29,2.57,3560384,0
IRNT.US,D,20200415,000000,2.51,2.60,2.49,2.55,3558678,0
IRNT.US,D,20200416,000000,2.67,2.81,2.62,2.77,5989272,0
IRNT.US,D,20200417,000000,2.81,2.82,2.59,2.62,4654982,0
IRNT.US,D,20200420,000000,2.54,2.87,2.53,2.83,4567841,0
IRNT.US,D,20200420,000000,2.95,2.97,2.86,2.89,3446106,0
IRNT.US,D,20200420,000000,2.88,2.96,2.58,2.61,4019987,0
IRNT.US,D,20200421,000000,2.63,2.73,2.35,2.36,3167008,0
IRNT.US,D,20200422,000000,2.33,2.34,2.29,2.30,3912280,0
IRNT.US,D,20200423,000000,2.32,2.37,1.98,2.00,5983665,0
IRNT.US,D,20200424,000000,2.00,2.05,1.59,1.68,7348683,0
IRNT.US,D,20200427,000000,1.73,1.79,1.59,1.60,2904952,0
IRNT.US,D,20200427,000000,1.55,1.57,1.54,1.54,6506123,0
IRNT.US,D,20200427,000000,1.60,1.67,1.59,1.62,4707767,0
IRNT.US,D,20200428,000000,1.64,1.69,1.49,1.50,6525750,0
IRNT.US,D,20200429,000000,1.46,1.63,1.41,1.61,2643275,0
IRNT.US,D,20200430,000000,1.60,1.63,1.24,1.36,4098222,0
IRNT.US,D,20200501,000000,1.36,1.36,1.29,1.31,3787529,0
IRNT.US,D,20200504,000000,1.27,1.32,1.27,1.29,3529917,0
IRNT.US,D,20200504,000000,1.30,1.41,1.28,1.40,6395109,0
IRNT.US,D,20200504,000000,1.38,1.43,1.38,1.42,2892477,0
IRNT.US,D,20200505,000000,1.43,1.46,1.07,1.19,4574166,0
IRNT.US,D,20200506,000000,1.21,1.27,1.17,1.17,3747268,0
IRNT.US,D,20200507,000000,1.17,1.20,1.17,1.18,4736621,0
IRNT.US,D,20200508,000000,1.14,1.20,1.13,1.17,3621306,0
IRNT.US,D,20200511,000000,1.19,1.32,1.16,1.28,3509576,0
IRNT.US,D,20200511,000000,1.32,1.35,1.22,1.25,3664911,0
IRNT.US,D,20200511,000000,1.24,1.26,1.05,1.09,4705834,0
IRNT.US,D,20200512,000000,1.10,1.14,1.10,1.14,2972308,0
IRNT.US,D,20200513,000000,1.12,1.14,1.09,1.10,3911146,0
IRNT.US,D,20200514,000000,1.07,1.19,1.05,1.17,4802649,0
IRNT.US,D,20200515,000000,1.16,1.17,1.13,1.13,5669090,0
IRNT.US,D,20200518,000000,1.09,1.12,1.09,1.11,4698599,0
IRNT.US,D,20200518,000000,1.10,1.10,1.06,1.06,3983009,0
IRNT.US,D,20200518,000000,1.03,1.23,1.02,1.16,5195623,0
IRNT.US,D,20200519,000000,1.16,1.18,1.10,1.12,5629666,0
IRNT.US,D,20200520,000000,1.09,1.11,1.09,1.10,4957138,0
IRNT.US,D,20200521,000000,1.09,1.11,0.99,1.00,2977860,0
IRNT.US,D,20200522,000000,1.00,1.01,1.00,1.00,6352476,0
IRNT.US,D,20200525,000000,1.00,1.08,0.99,1.06,6465494,0
IRNT.US,D,20200525,000000,1.04,1.12,1.02,1.11,4451714,0
IRNT.US,D,20200525,000000,1.13,1.22,1.12,1.20,2781998,0
IRNT.US,D,20200526,000000,1.20,1.20,1.13,1.15,4620806,0
IRNT.US,D,20200527,000000,1.11,1.20,1.11,1.20,4809232,0
IRNT.US,D,20200528,000000,1.16,1.30,1.15,1.29,2914619,0
IRNT.US,D,20200529,000000,1.27,1.43,1.26,1.36,5036034,0
IRNT.US,D,20200601,000000,1.34,1.35,1.30,1.32,2595180,0
IRNT.US,D,20200601,000000,1.38,1.44,1.37,1.43,7119310,0
IRNT.US,D,20200601,000000,1.41,1.48,1.40,1.46,6167349,0
IRNT.US,D,20200602,000000,1.51,1.56,1.51,1.53,5400430,0
IRNT.US,D,20200603,000000,1.54,1.75,1.54,1.72,6902621,0
IRNT.US,D,20200604,000000,1.74,1.75,1.68,1.68,4644701,0
IRNT.US,D,20200605,000000,1.69,2.00,1.66,1.92,3872164,0
IRNT.US,D,20200608,000000,1.89,1.89,1.82,1.84,6441325,0
IRNT.US,D,20200608,000000,1.83,1.87,1.82,1.86,10009608,0
IRNT.US,D,20200608,000000,1.87,1.94,1.80,1.88,8151549,0
IRNT.US,D,20200609,000000,1.88,1.92,1.87,1.91,8441545,0
IRNT.US,D,20200610,000000,1.95,1.96,1.90,1.93,6759880,0
IRNT.US,D,20200611,000000,1.92,1.98,1.91,1.96,8561412,0
IRNT.US,D,20200612,000000,1.99,2.03,1.99,2.02,7252582,0
IRNT.US,D,20200615,000000,2.02,2.07,2.00,2.07,11883102,0
IRNT.US,D,20200615,000000,2.08,2.11,2.08,2.11,7459282,0
IRNT.US,D,20200615,000000,2.21,2.23,2.15,2.15,8985521,0
IRNT.US,D,20200616,000000,2.19,2.23,2.19,2.22,9726338,0
IRNT.US,D,20200617,000000,2.15,2.34,2.07,2.27,5468855,0
IRNT.US,D,20200618,000000,2.23,2.32,2.22,2.31,10210167,0
IRNT.US,D,20200619,000000,2.30,2.44,2.20,2.36,13081856,0
IRNT.US,D,20200622,000000,2.42,2.43,2.42,2.42,16467700,0
IRNT.US,D,20200622,000000,2.44,2.51,2.44,2.48,16296369,0
IRNT.US,D,20200622,000000,2.48,2.55,2.48,2.55,10989048,0
IRNT.US,D,20200623,000000,2.50,2.62,2.47,2.61,16577977,0
IRNT.US,D,20200624,000000,2.62,2.80,2.58,2.69,13911207,0
IRNT.US,D,20200625,000000,2.66,2.78,2.65,2.76,10686552,0
IRNT.US,D,20200626,000000,2.83,2.84,2.83,2.83,8248642,0
IRNT.US,D,20200629,000000,2.83,2.93,2.82,2.92,11961296,0
IRNT.US,D,20200629,000000,2.94,3.06,2.93,3.01,14062625,0
IRNT.US,D,20200629,000000,2.98,3.15,2.97,3.11,16137273,0
IRNT.US,D,20200630,000000,3.23,3.24,3.11,3.21,11891425,0
IRNT.US,D,20200701,000000,3.29,3.33,3.28,3.30,19190565,0
IRNT.US,D,20200702,000000,3.33,3.46,3.30,3.40,19500155,0
IRNT.US,D,20200703,000000,3.40,3.52,3.38,3.52,15090185,0
IRNT.US,D,20200706,000000,3.48,3.68,3.48,3.66,19970762,0
IRNT.US,D,20200706,000000,3.66,3.80,3.65,3.79,23528795,0
IRNT.US,D,20200706,000000,3.75,3.99,3.72,3.94,22379584,0
IRNT.US,D,20200707,000000,3.90,4.13,3.85,4.11,19285305,0
IRNT.US,D,20200708,000000,4.13,4.17,3.75,3.83,4143893,0
IRNT.US,D,20200709,000000,3.87,4.01,3.85,3.93,6101812,0
IRNT.US,D,20200710,000000,4.03,4.43,3.98,4.18,5294521,0
IRNT.US,D,20200713,000000,4.18,4.54,4.17,4.51,5218493,0
IRNT.US,D,20200713,000000,4.49,4.90,4.43,4.75,4927923,0
IRNT.US,D,20200713,000000,4.77,5.07,4.77,5.02,7138649,0
IRNT.US,D,20200714,000000,5.12,5.39,5.02,5.30,4882945,0
IRNT.US,D,20200715,000000,5.18,5.25,5.07,5.22,5026013,0
IRNT.US,D,20200716,000000,5.16,5.23,4.62,4.86,2937403,0
IRNT.US,D,20200717,000000,4.89,5.01,4.16,4.25,2599251,0
IRNT.US,D,20200720,000000,4.37,4.79,4.37,4.67,7305481,0
IRNT.US,D,20200720,000000,4.77,5.31,4.74,5.09,3022400,0
IRNT.US,D,20200720,000000,5.24,6.06,5.19,5.78,6265527,0
IRNT.US,D,20200721,000000,5.74,6.51,5.64,6.27,4195928,0
IRNT.US,D,20200722,000000,6.39,6.47,5.96,6.09,3713795,0
IRNT.US,D,20200723,000000,6.03,6.18,5.88,6.15,4116978,0
IRNT.US,D,20200724,000000,6.16,6.46,6.11,6.28,4533424,0
IRNT.US,D,20200727,000000,5.99,6.19,5.91,6.17,6375615,0
IRNT.US,D,20200727,000000,6.17,6.17,5.32,5.65,4522320,0
IRNT.US,D,20200727,000000,5.57,6.22,5.56,6.11,4951713,0
IRNT.US,D,20200728,000000,6.15,6.29,5.29,5.41,5295543,0
IRNT.US,D,20200729,000000,5.48,5.49,5.26,5.26,4394554,0
IRNT.US,D,20200730,000000,5.15,5.15,5.11,5.13,4004295,0
IRNT.US,D,20200731,000000,5.27,5.65,5.19,5.63,5763852,0
IRNT.US,D,20200803,000000,5.53,5.59,5.07,5.16,5941337,0
IRNT.US,D,20200803,000000,5.08,5.52,5.05,5.43,4362025,0
IRNT.US,D,20200803,000000,5.13,5.45,5.10,5.41,4168646,0
IRNT.US,D,20200804,000000,5.50,5.55,5.44,5.45,6928877,0
IRNT.US,D,20200805,000000,5.44,5.45,4.92,5.08,4644768,0
IRNT.US,D,20200806,000000,4.93,5.08,4.85,5.01,5330837,0
IRNT.US,D,20200807,000000,4.97,5.55,4.92,5.49,4753978,0
IRNT.US,D,20200810,000000,5.50,5.64,5.22,5.24,3020910,0
IRNT.US,D,20200810,000000,5.53,5.63,5.52,5.55,4712846,0
IRNT.US,D,20200810,000000,5.70,5.89,4.86,5.23,3066908,0
IRNT.US,D,20200811,000000,5.34,6.42,4.96,6.24,4864171,0
IRNT.US,D,20200812,000000,6.22,6.46,5.61,5.70,2783409,0
IRNT.US,D,20200813,000000,5.79,5.89,5.75,5.85,6281899,0
IRNT.US,D,20200814,000000,5.97,6.31,5.20,5.26,2714795,0
IRNT.US,D,20200817,000000,5.34,5.65,5.30,5.46,4354023,0
IRNT.US,D,20200817,000000,5.13,6.31,5.13,6.12,5519091,0
IRNT.US,D,20200817,000000,6.13,6.61,6.04,6.51,4734144,0
IRNT.US,D,20200818,000000,6.39,6.42,5.60,5.92,6861401,0
IRNT.US,D,20200819,000000,6.01,6.93,5.69,6.70,7237379,0
IRNT.US,D,20200820,000000,6.64,7.24,6.62,7.13,6400915,0
IRNT.US,D,20200821,000000,7.18,7.28,6.84,6.97,5298269,0
IRNT.US,D,20200824,000000,7.11,7.23,6.20,6.54,4208518,0
IRNT.US,D,20200824,000000,6.62,6.69,6.61,6.66,6143635,0
IRNT.US,D,20200824,000000,6.64,6.66,5.73,6.15,3800314,0
IRNT.US,D,20200825,000000,5.92,5.93,5.91,5.93,4118641,0
IRNT.US,D,20200826,000000,5.77,6.27,5.75,6.24,5006945,0
IRNT.US,D,20200827,000000,6.31,6.36,5.85,6.01,6085534,0
IRNT.US,D,20200828,000000,5.98,6.95,5.84,6.82,5394022,0
IRNT.US,D,20200831,000000,6.95,6.96,6.59,6.88,6052223,0
IRNT.US,D,20200831,000000,6.94,6.96,6.40,6.46,5094794,0
IRNT.US,D,20200831,000000,6.56,6.59,6.29,6.40,5480621,0
IRNT.US,D,20200901,000000,6.19,6.49,6.14,6.43,4867669,0
IRNT.US,D,20200902,000000,6.47,6.61,5.40,5.71,4165046,0
IRNT.US,D,20200903,000000,5.63,5.81,5.57,5.78,7430785,0
IRNT.US,D,20200904,000000,5.75,5.83,4.82,4.98,5182793,0
IRNT.US,D,20200907,000000,4.93,4.97,4.68,4.68,6578623,0
IRNT.US,D,20200907,000000,4.66,4.91,4.64,4.81,2718135,0
IRNT.US,D,20200907,000000,4.76,4.91,4.73,4.83,3656580,0
IRNT.US,D,20200908,000000,5.00,5.15,4.71,4.72,5046889,0
IRNT.US,D,20200909,000000,4.55,4.57,4.39,4.40,3183403,0
IRNT.US,D,20200910,000000,4.44,4.47,3.83,4.06,6274055,0
IRNT.US,D,20200911,000000,4.10,4.22,4.05,4.15,4290856,0
IRNT.US,D,20200914,000000,4.20,4.23,4.03,4.14,6170676,0
IRNT.US,D,20200914,000000,4.01,4.59,3.87,4.54,4060545,0
IRNT.US,D,20200914,000000,4.50,4.70,4.45,4.67,5177619,0
IRNT.US,D,20200915,000000,4.60,5.83,4.55,5.23,3803917,0
IRNT.US,D,20200916,000000,5.13,5.14,5.06,5.10,2906514,0
IRNT.US,D,20200917,000000,5.05,5.15,5.04,5.10,4517932,0
IRNT.US,D,20200918,000000,5.06,5.09,4.68,4.82,5351782,0
IRNT.US,D,20200921,000000,4.81,5.55,4.70,5.34,6278449,0
IRNT.US,D,20200921,000000,5.46,5.52,5.45,5.51,2890808,0
IRNT.US,D,20200921,000000,5.55,5.60,4.28,4.75,3450756,0
IRNT.US,D,20200922,000000,4.85,5.11,4.82,4.91,5998241,0
IRNT.US,D,20200923,000000,4.99,5.46,4.90,5.32,6286287,0
IRNT.US,D,20200924,000000,5.38,6.01,5.33,5.77,7296038,0
IRNT.US,D,20200925,000000,5.73,6.45,5.53,6.34,5336150,0
IRNT.US,D,20200928,000000,6.39,6.42,5.88,6.03,6919912,0
IRNT.US,D,20200928,000000,6.22,6.91,6.16,6.58,3212501,0
IRNT.US,D,20200928,000000,6.53,7.35,6.51,7.02,2948001,0
IRNT.US,D,20200929,000000,6.88,7.34,6.79,7.22,6710738,0
IRNT.US,D,20200930,000000,7.36,7.69,6.24,6.31,2985312,0
IRNT.US,D,20201001,000000,6.41,6.42,5.45,5.91,6380538,0
IRNT.US,D,20201002,000000,5.82,6.13,5.68,6.11,4727189,0
IRNT.US,D,20201005,000000,6.24,6.33,6.00,6.01,3405976,0
IRNT.US,D,20201005,000000,5.91,6.81,5.75,6.59,2714806,0
IRNT.US,D,20201005,000000,6.42,6.56,5.64,5.81,6758216,0
IRNT.US,D,20201006,000000,5.82,5.92,5.75,5.79,7159662,0
IRNT.US,D,20201007,000000,5.74,5.80,5.44,5.60,6322191,0
IRNT.US,D,20201008,000000,5.57,5.72,5.35,5.44,14531558,0
IRNT.US,D,20201009,000000,5.42,5.45,5.10,5.23,17639625,0
IRNT.US,D,20201012,000000,5.16,5.17,5.04,5.05,17820550,0
IRNT.US,D,20201012,000000,5.17,5.28,4.77,4.83,16458018,0
IRNT.US,D,20201012,000000,4.94,5.00,4.40,4.49,24980373,0
IRNT.US,D,20201013,000000,4.47,4.62,3.98,4.19,16482580,0
IRNT.US,D,20201014,000000,4.24,4.41,3.87,3.88,26907181,0
IRNT.US,D,20201015,000000,3.93,3.94,3.92,3.94,4116827,0
IRNT.US,D,20201016,000000,3.96,3.99,3.95,3.96,6505095,0
IRNT.US,D,20201019,000000,3.80,4.00,3.70,3.98,6463532,0
IRNT.US,D,20201019,000000,4.04,4.35,4.01,4.26,4751498,0
IRNT.US,D,20201019,000000,4.29,4.32,4.00,4.10,5179076,0
IRNT.US,D,20201020,000000,4.09,4.13,3.87,3.87,3556633,0
IRNT.US,D,20201021,000000,3.84,4.24,3.80,4.19,3571105,0
IRNT.US,D,20201022,000000,4.21,4.24,3.75,3.89,3527537,0
IRNT.US,D,20201023,000000,3.95,4.02,3.80,3.86,4930353,0
IRNT.US,D,20201026,000000,3.81,3.89,3.50,3.54,3169296,0
IRNT.US,D,20201026,000000,3.55,3.63,3.53,3.57,3661201,0
IRNT.US,D,20201026,000000,3.50,3.52,2.96,3.08,5269933,0
IRNT.US,D,20201027,000000,3.20,3.38,2.30,2.74,3219030,0
IRNT.US,D,20201028,000000,2.83,2.84,2.72,2.73,7086336,0
IRNT.US,D,20201029,000000,2.70,2.82,2.66,2.82,3208244,0
IRNT.US,D,20201030,000000,2.85,3.00,2.83,2.95,2511738,0
IRNT.US,D,20201102,000000,3.01,3.02,2.63,2.68,5135484,0
IRNT.US,D,20201102,000000,2.71,2.73,2.64,2.67,3805446,0
IRNT.US,D,20201102,000000,2.58,2.82,2.55,2.76,6507252,0
IRNT.US,D,20201103,000000,2.76,2.88,2.46,2.51,7190434,0
IRNT.US,D,20201104,000000,2.52,2.67,2.08,2.10,4649767,0
IRNT.US,D,20201105,000000,2.08,2.13,2.07,2.10,7266711,0
IRNT.US,D,20201106,000000,2.16,2.21,1.90,1.93,3252368,0
IRNT.US,D,20201109,000000,1.88,1.98,1.86,1.94,4525473,0
IRNT.US,D,20201109,000000,1.92,1.93,1.76,1.81,5862291,0
IRNT.US,D,20201109,000000,1.80,1.83,1.80,1.82,3536852,0
IRNT.US,D,20201110,000000,1.86,2.15,1.82,2.10,4759059,0
IRNT.US,D,20201111,000000,2.12,2.24,2.11,2.19,4919637,0
IRNT.US,D,20201112,000000,2.20,2.31,2.16,2.27,6304213,0
IRNT.US,D,20201113,000000,2.31,2.37,2.09,2.17,4208140,0
IRNT.US,D,20201116,000000,2.19,2.46,2.12,2.32,6658567,0
IRNT.US,D,20201116,000000,2.33,2.45,2.28,2.42,2525176,0
IRNT.US,D,20201116,000000,2.38,2.39,2.29,2.29,3131139,0
IRNT.US,D,20201117,000000,2.28,2.29,2.16,2.22,2665298,0
IRNT.US,D,20201118,000000,2.26,2.32,2.25,2.31,6229985,0
IRNT.US,D,20201119,000000,2.28,2.29,2.23,2.26,6306973,0
IRNT.US,D,20201120,000000,2.27,2.28,2.20,2.24,3447486,0
IRNT.US,D,20201123,000000,2.23,2.29,1.94,2.00,5110613,0
IRNT.US,D,20201123,000000,1.96,1.96,1.89,1.92,4342353,0
IRNT.US,D,20201123,000000,1.94,1.95,1.57,1.73,6925742,0
IRNT.US,D,20201124,000000,1.69,1.85,1.63,1.81,2619346,0
IRNT.US,D,20201125,000000,1.79,1.80,1.76,1.77,5230991,0
IRNT.US,D,20201126,000000,1.79,1.81,1.70,1.71,6596931,0
IRNT.US,D,20201127,000000,1.64,1.67,1.63,1.66,3817026,0
IRNT.US,D,20201130,000000,1.67,1.71,1.43,1.47,7324437,0
IRNT.US,D,20201130,000000,1.45,1.51,1.05,1.17,3251444,0
IRNT.US,D,20201130,000000,1.17,1.21,1.17,1.21,2813324,0
IRNT.US,D,20201201,000000,1.18,1.24,1.17,1.22,6378304,0
IRNT.US,D,20201202,000000,1.22,1.22,1.15,1.18,5278247,0
IRNT.US,D,20201203,000000,1.18,1.27,1.17,1.26,3341947,0
IRNT.US,D,20201204,000000,1.29,1.36,1.29,1.34,6517989,0
IRNT.US,D,20201207,000000,1.33,1.39,1.19,1.20,5462455,0
IRNT.US,D,20201207,000000,1.19,1.25,1.18,1.23,7341562,0
IRNT.US,D,20201207,000000,1.22,1.26,1.19,1.25,5436654,0
IRNT.US,D,20201208,000000,1.24,1.28,1.23,1.28,6449059,0
IRNT.US,D,20201209,000000,1.28,1.46,1.25,1.39,3571863,0
IRNT.US,D,20201210,000000,1.40,1.41,1.39,1.41,7295668,0
IRNT.US,D,20201211,000000,1.40,1.41,1.27,1.35,6671304,0
IRNT.US,D,20201214,000000,1.31,1.47,1.30,1.45,3007651,0
IRNT.US,D,20201214,000000,1.40,1.46,1.04,1.16,3129824,0
IRNT.US,D,20201214,000000,1.13,1.16,1.13,1.16,3773157,0
IRNT.US,D,20201215,000000,1.17,1.20,1.17,1.20,4308197,0
IRNT.US,D,20201216,000000,1.19,1.21,1.18,1.20,3525413,0
IRNT.US,D,20201217,000000,1.22,1.24,1.22,1.23,3900821,0
IRNT.US,D,20201218,000000,1.20,1.21,1.11,1.12,6075607,0
IRNT.US,D,20201221,000000,1.12,1.13,1.04,1.06,6117492,0
IRNT.US,D,20201221,000000,1.05,1.06,1.03,1.04,2626876,0
IRNT.US,D,20201221,000000,1.04,1.23,1.00,1.17,5864958,0
IRNT.US,D,20201222,000000,1.16,1.28,1.16,1.24,4379968,0
IRNT.US,D,20201223,000000,1.28,1.35,1.28,1.34,7262784,0
IRNT.US,D,20201224,000000,1.37,1.39,1.33,1.34,4772484,0
IRNT.US,D,20201225,000000,1.34,1.37,1.34,1.37,3679155,0
IRNT.US,D,20201228,000000,1.38,1.40,1.36,1.38,2890823,0
IRNT.US,D,20201228,000000,1.39,1.43,1.38,1.42,5957795,0
IRNT.US,D,20201228,000000,1.40,1.49,1.39,1.48,7360407,0
IRNT.US,D,20201229,000000,1.47,1.53,1.45,1.52,4055582,0
IRNT.US,D,20201230,000000,1.52,1.52,1.43,1.44,4121435,0
IRNT.US,D,20201231,000000,1.45,1.49,1.12,1.30,5855167,0
IRNT.US,D,20210101,000000,1.29,1.30,1.29,1.30,5146214,0
IRNT.US,D,20210104,000000,1.33,1.34,1.32,1.33,3925126,0
IRNT.US,D,20210104,000000,1.36,1.37,1.24,1.26,6399898,0
IRNT.US,D,20210104,000000,1.27,1.31,1.16,1.20,2701768,0
IRNT.US,D,20210105,000000,1.25,1.29,1.24,1.28,2645082,0
IRNT.US,D,20210106,000000,1.23,1.46,1.23,1.34,5396037,0
IRNT.US,D,20210107,000000,1.35,1.46,1.34,1.46,5118197,0
IRNT.US,D,20210108,000000,1.44,1.54,1.43,1.52,7203893,0
IRNT.US,D,20210111,000000,1.43,1.45,1.42,1.45,3183815,0
IRNT.US,D,20210111,000000,1.42,1.75,1.40,1.69,5144003,0
IRNT.US,D,20210111,000000,1.73,2.09,1.63,2.02,5706523,0
IRNT.US,D,20210112,000000,1.98,2.28,1.98,2.17,3691076,0
IRNT.US,D,20210113,000000,2.13,2.25,2.09,2.22,3976369,0
IRNT.US,D,20210114,000000,2.18,2.37,2.17,2.37,4459948,0
IRNT.US,D,20210115,000000,2.37,2.42,2.28,2.31,3620874,0
IRNT.US,D,20210118,000000,2.31,2.37,2.13,2.14,3173666,0
IRNT.US,D,20210118,000000,2.17,2.41,2.10,2.38,5055509,0
IRNT.US,D,20210118,000000,2.41,2.42,2.31,2.39,5625840,0
IRNT.US,D,20210119,000000,2.38,2.49,2.33,2.46,4037527,0
IRNT.US,D,20210120,000000,2.42,2.52,2.33,2.46,7314573,0
IRNT.US,D,20210121,000000,2.37,2.44,2.37,2.40,4406264,0
IRNT.US,D,20210122,000000,2.45,2.46,2.15,2.35,6395775,0
IRNT.US,D,20210125,000000,2.32,2.41,2.13,2.16,5176186,0
IRNT.US,D,20210125,000000,2.23,2.29,1.88,1.98,4626690,0
IRNT.US,D,20210125,000000,1.95,2.12,1.89,2.09,3926896,0
IRNT.US,D,20210126,000000,2.11,2.15,1.77,1.87,4464802,0
IRNT.US,D,20210127,000000,1.77,1.98,1.71,1.97,2873889,0
IRNT.US,D,20210128,000000,1.97,1.98,1.93,1.96,6050192,0
IRNT.US,D,20210129,000000,2.00,2.01,1.86,1.96,6440051,0
IRNT.US,D,20210201,000000,1.92,2.01,1.89,1.97,2831307,0
IRNT.US,D,20210201,000000,2.00,2.08,1.93,1.94,4578783,0
IRNT.US,D,20210201,000000,1.95,1.97,1.68,1.74,6027290,0
IRNT.US,D,20210202,000000,1.80,1.84,1.60,1.63,7446107,0
IRNT.US,D,20210203,000000,1.66,1.75,1.66,1.75,7271203,0
IRNT.US,D,20210204,000000,1.75,1.76,1.64,1.64,3802242,0
IRNT.US,D,20210205,000000,1.65,1.70,1.65,1.69,4881307,0
IRNT.US,D,20210208,000000,1.64,1.92,1.60,1.84,7105055,0
IRNT.US,D,20210208,000000,1.90,1.97,1.66,1.71,6269961,0
IRNT.US,D,20210208,000000,1.73,1.77,1.61,1.63,5785014,0
IRNT.US,D,20210209,000000,1.62,1.62,1.38,1.43,5403570,0
IRNT.US,D,20210210,000000,1.44,1.48,1.43,1.44,2541818,0
IRNT.US,D,20210211,000000,1.48,1.50,1.40,1.44,7240552,0
IRNT.US,D,20210212,000000,1.45,1.52,1.25,1.27,5791499,0
IRNT.US,D,20210215,000000,1.29,1.31,1.28,1.30,2944828,0
IRNT.US,D,20210215,000000,1.27,1.31,1.24,1.30,4700003,0
IRNT.US,D,20210215,000000,1.33,1.35,1.31,1.32,3668738,0
IRNT.US,D,20210216,000000,1.30,1.31,1.26,1.28,3318387,0
IRNT.US,D,20210217,000000,1.30,1.33,1.30,1.32,6330414,0
IRNT.US,D,20210218,000000,1.29,1.36,1.28,1.33,7112671,0
IRNT.US,D,20210219,000000,1.32,1.33,1.31,1.32,2883785,0
IRNT.US,D,20210222,000000,1.31,1.35,1.31,1.33,6470572,0
IRNT.US,D,20210222,000000,1.32,1.35,1.23,1.27,3910822,0
IRNT.US,D,20210222,000000,1.29,1.40,1.29,1.39,3877259,0
