<TICKER>,<PER>,<DATE>,<TIME>,<OPEN>,<HIGH>,<LOW>,<CLOSE>,<VOL>,<OPENINT>
LCID.US,D,20180102,000000,5.98,6.04,5.80,5.83,10256248,0
LCID.US,D,20180103,000000,5.81,6.00,5.78,5.96,10127327,0
LCID.US,D,20180104,000000,5.94,5.98,5.93,5.97,14038841,0
LCID.US,D,20180105,000000,5.96,6.15,5.95,6.12,10517878,0
LCID.US,D,20180108,000000,6.14,6.44,6.13,6.32,11522215,0
LCID.US,D,20180108,000000,6.35,6.38,6.07,6.18,10378228,0
LCID.US,D,20180108,000000,6.23,6.51,6.21,6.43,11297572,0
LCID.US,D,20180109,000000,6.39,6.39,6.38,6.38,13291428,0
LCID.US,D,20180110,000000,6.33,6.51,6.14,6.47,11553405,0
LCID.US,D,20180111,000000,6.48,6.52,6.33,6.40,10539514,0
LCID.US,D,20180112,000000,6.42,6.44,6.22,6.30,7696051,0
LCID.US,D,20180115,000000,6.21,6.21,6.07,6.07,7750655,0
LCID.US,D,20180115,000000,6.07,6.17,6.07,6.14,11225905,0
LCID.US,D,20180115,000000,6.20,6.21,6.20,6.21,8159240,0
LCID.US,D,20180116,000000,6.15,6.53,6.12,6.41,9265317,0
LCID.US,D,20180117,000000,6.34,6.52,6.34,6.52,12354263,0
LCID.US,D,20180118,000000,6.59,6.59,6.57,6.58,8521495,0
LCID.US,D,20180119,000000,6.51,6.55,6.50,6.54,14564421,0
LCID.US,D,20180122,000000,6.56,6.59,6.56,6.58,7213100,0
LCID.US,D,20180122,000000,6.49,6.84,6.48,6.76,8993509,0
LCID.US,D,20180122,000000,6.70,6.96,6.66,6.91,14892416,0
LCID.US,D,20180123,000000,6.93,6.94,6.90,6.91,8218339,0
LCID.US,D,20180124,000000,6.88,6.91,6.83,6.84,10348230,0
LCID.US,D,20180125,000000,6.85,7.10,6.81,6.98,5959454,0
LCID.US,D,20180126,000000,6.94,6.98,6.83,6.85,8275688,0
LCID.US,D,20180129,000000,6.78,6.79,6.76,6.78,11567067,0
LCID.US,D,20180129,000000,6.77,6.77,6.65,6.68,14840816,0
LCID.US,D,20180129,000000,6.83,6.86,6.54,6.64,12376914,0
LCID.US,D,20180130,000000,6.58,6.67,6.37,6.38,12696768,0
LCID.US,D,20180131,000000,6.36,6.51,6.36,6.46,9302760,0
LCID.US,D,20180201,000000,6.36,6.90,6.29,6.73,11944707,0
LCID.US,D,20180202,000000,6.72,7.05,6.61,7.02,13532917,0
LCID.US,D,20180205,000000,7.03,7.05,6.84,6.87,10030012,0
LCID.US,D,20180205,000000,6.89,6.89,6.86,6.86,12685025,0
LCID.US,D,20180205,000000,6.82,6.87,6.80,6.85,11538162,0
LCID.US,D,20180206,000000,6.81,7.15,6.77,7.12,10181932,0
LCID.US,D,20180207,000000,7.13,7.14,7.06,7.08,8317004,0
LCID.US,D,20180208,000000,7.04,7.12,7.02,7.12,9884363,0
LCID.US,D,20180209,000000,7.02,7.02,7.01,7.02,12853361,0
LCID.US,D,20180212,000000,7.10,7.57,7.01,7.40,9051417,0
LCID.US,D,20180212,000000,7.51,7.56,7.25,7.33,6505452,0
LCID.US,D,20180212,000000,7.33,7.72,7.26,7.65,13084081,0
LCID.US,D,20180213,000000,7.65,7.99,7.55,7.89,13568596,0
LCID.US,D,20180214,000000,7.83,7.96,7.83,7.94,14419085,0
LCID.US,D,20180215,000000,7.97,8.13,7.44,7.68,6270380,0
LCID.US,D,20180216,000000,7.72,7.79,7.59,7.71,6803775,0
LCID.US,D,20180219,000000,7.72,7.72,7.63,7.66,5025423,0
LCID.US,D,20180219,000000,7.58,7.67,7.57,7.65,5673926,0
LCID.US,D,20180219,000000,7.58,7.59,7.49,7.55,12738863,0
LCID.US,D,20180220,000000,7.49,7.81,7.47,7.75,12908301,0
LCID.US,D,20180221,000000,7.83,7.86,7.82,7.86,13183393,0
LCID.US,D,20180222,000000,7.92,7.92,7.80,7.83,12788767,0
LCID.US,D,20180223,000000,7.83,7.84,7.67,7.76,12400138,0
LCID.US,D,20180226,000000,7.86,7.99,7.81,7.97,10704200,0
LCID.US,D,20180226,000000,7.85,8.30,7.80,8.24,7418156,0
LCID.US,D,20180226,000000,8.33,8.34,7.93,8.08,11370890,0
LCID.US,D,20180227,000000,8.03,8.42,8.01,8.26,7605907,0
LCID.US,D,20180228,000000,8.23,8.25,8.06,8.13,6029594,0
LCID.US,D,20180301,000000,8.10,8.12,7.86,7.96,10617046,0
LCID.US,D,20180302,000000,7.81,7.85,7.76,7.85,10500794,0
LCID.US,D,20180305,000000,7.91,8.11,7.85,8.07,7023331,0
LCID.US,D,20180305,000000,8.24,8.29,7.80,7.84,8942123,0
LCID.US,D,20180305,000000,8.01,8.02,7.86,7.90,9435048,0
LCID.US,D,20180306,000000,8.04,8.05,7.99,8.03,9101596,0
LCID.US,D,20180307,000000,8.06,8.14,7.80,7.89,10791182,0
LCID.US,D,20180308,000000,7.80,7.81,7.77,7.79,14843379,0
LCID.US,D,20180309,000000,7.76,7.76,7.47,7.49,8372436,0
LCID.US,D,20180312,000000,7.53,8.16,7.46,7.85,10802138,0
LCID.US,D,20180312,000000,7.84,7.88,7.56,7.60,6339455,0
LCID.US,D,20180312,000000,7.53,7.55,7.40,7.40,6125226,0
LCID.US,D,20180313,000000,7.53,7.55,7.43,7.46,9133580,0
LCID.US,D,20180314,000000,7.59,7.59,7.45,7.45,7630888,0
LCID.US,D,20180315,000000,7.38,8.01,7.31,7.96,7108889,0
LCID.US,D,20180316,000000,8.05,8.10,6.89,7.29,11849830,0
LCID.US,D,20180319,000000,7.29,7.32,7.20,7.22,10507960,0
LCID.US,D,20180319,000000,7.12,7.18,7.10,7.13,9366389,0
LCID.US,D,20180319,000000,7.03,7.55,6.85,7.42,5676990,0
LCID.US,D,20180320,000000,7.37,7.60,7.28,7.52,10350663,0
LCID.US,D,20180321,000000,7.49,7.50,7.34,7.41,9840451,0
LCID.US,D,20180322,000000,7.45,7.51,7.39,7.50,7573533,0
LCID.US,D,20180323,000000,7.52,7.53,7.40,7.41,8899180,0
LCID.US,D,20180326,000000,7.48,7.67,7.39,7.65,10798956,0
LCID.US,D,20180326,000000,7.63,7.74,7.60,7.70,12908253,0
LCID.US,D,20180326,000000,7.56,7.58,7.48,7.58,14618021,0
LCID.US,D,20180327,000000,7.59,7.59,7.42,7.45,9040298,0
LCID.US,D,20180328,000000,7.52,7.52,7.50,7.50,6154118,0
LCID.US,D,20180329,000000,7.64,8.00,7.48,7.97,13374372,0
LCID.US,D,20180330,000000,8.05,8.16,7.99,8.15,8724974,0
LCID.US,D,20180402,000000,8.17,8.21,8.12,8.12,6661118,0
LCID.US,D,20180402,000000,8.17,8.17,7.69,7.90,9874108,0
LCID.US,D,20180402,000000,7.80,7.87,7.44,7.47,10917129,0
LCID.US,D,20180403,000000,7.40,7.42,7.18,7.25,5952669,0
LCID.US,D,20180404,000000,7.28,7.60,7.26,7.46,8331856,0
LCID.US,D,20180405,000000,7.58,7.70,7.54,7.67,14907414,0
LCID.US,D,20180406,000000,7.76,8.30,7.69,8.03,12271471,0
LCID.US,D,20180409,000000,7.97,8.55,7.88,8.31,6794795,0
LCID.US,D,20180409,000000,8.32,8.32,8.30,8.31,6865049,0
LCID.US,D,20180409,000000,8.47,8.50,8.03,8.14,14369596,0
LCID.US,D,20180410,000000,8.09,8.85,8.08,8.58,11106866,0
LCID.US,D,20180411,000000,8.54,8.57,7.71,8.03,8340145,0
LCID.US,D,20180412,000000,7.91,8.33,7.80,8.16,13228720,0
LCID.US,D,20180413,000000,8.27,8.39,7.85,7.99,7810361,0
LCID.US,D,20180416,000000,8.13,8.43,8.12,8.32,14216521,0
LCID.US,D,20180416,000000,8.53,8.68,8.14,8.16,14348536,0
LCID.US,D,20180416,000000,8.29,8.38,8.24,8.33,7822962,0
LCID.US,D,20180417,000000,8.21,8.59,8.18,8.46,21649765,0
LCID.US,D,20180418,000000,8.48,8.62,8.48,8.58,8819915,0
LCID.US,D,20180419,000000,8.82,8.85,8.71,8.76,15966162,0
LCID.US,D,20180420,000000,8.74,8.96,8.72,8.95,21514086,0
LCID.US,D,20180423,000000,9.04,9.12,9.03,9.06,17514243,0
LCID.US,D,20180423,000000,9.03,9.34,8.91,9.27,25850282,0
LCID.US,D,20180423,000000,9.24,9.52,9.23,9.47,21253904,0
LCID.US,D,20180424,000000,9.28,9.86,9.21,9.65,27646441,0
LCID.US,D,20180425,000000,9.56,9.86,9.50,9.81,16497335,0
LCID.US,D,20180426,000000,9.64,10.11,9.49,10.03,14010521,0
LCID.US,D,20180427,000000,10.04,10.28,10.03,10.26,12656306,0
LCID.US,D,20180430,000000,10.20,10.51,10.17,10.45,18387772,0
LCID.US,D,20180430,000000,10.46,10.76,10.33,10.68,29147279,0
LCID.US,D,20180430,000000,10.60,11.06,10.59,10.93,14335081,0
LCID.US,D,20180501,000000,11.03,11.38,11.02,11.18,12621165,0
LCID.US,D,20180502,000000,11.01,11.58,10.93,11.39,12928137,0
LCID.US,D,20180503,000000,11.42,11.82,11.33,11.70,28899119,0
LCID.US,D,20180504,000000,11.75,12.11,11.68,12.08,37776849,0
LCID.US,D,20180507,000000,12.03,12.78,11.86,12.47,23736300,0
LCID.US,D,20180507,000000,12.44,13.08,12.37,12.82,27729001,0
LCID.US,D,20180507,000000,12.69,13.28,12.44,13.22,25245531,0
LCID.US,D,20180508,000000,13.15,13.82,13.08,13.65,23232152,0
LCID.US,D,20180509,000000,13.60,14.06,13.54,14.02,24584823,0
LCID.US,D,20180510,000000,13.87,14.77,13.86,14.48,17229609,0
LCID.US,D,20180511,000000,14.27,14.97,14.26,14.94,23843180,0
LCID.US,D,20180514,000000,14.83,15.47,14.80,15.39,40056888,0
LCID.US,D,20180514,000000,15.27,15.96,15.20,15.88,30306974,0
LCID.US,D,20180514,000000,15.69,16.58,15.55,16.39,22385819,0
LCID.US,D,20180515,000000,16.60,17.03,16.54,16.86,26229358,0
LCID.US,D,20180516,000000,16.81,18.07,16.66,17.64,41525966,0
LCID.US,D,20180517,000000,17.64,18.55,17.64,18.20,34165031,0
LCID.US,D,20180518,000000,18.06,18.76,17.69,18.71,10558172,0
LCID.US,D,20180521,000000,18.71,18.83,17.15,17.89,12015080,0
LCID.US,D,20180521,000000,17.94,18.10,17.90,17.95,21382308,0
LCID.US,D,20180521,000000,18.02,18.45,17.99,18.25,10155696,0
LCID.US,D,20180522,000000,18.10,18.61,18.10,18.57,10319255,0
LCID.US,D,20180523,000000,18.12,19.45,17.64,18.98,14557140,0
LCID.US,D,20180524,000000,18.76,19.42,18.47,19.26,25227279,0
LCID.US,D,20180525,000000,19.31,19.54,19.26,19.51,18342704,0
LCID.US,D,20180528,000000,19.24,19.99,19.21,19.85,20233084,0
LCID.US,D,20180528,000000,20.43,20.46,20.23,20.27,14535458,0
LCID.US,D,20180528,000000,20.70,20.81,20.64,20.76,23067668,0
LCID.US,D,20180529,000000,21.02,21.34,20.87,21.29,17675297,0
LCID.US,D,20180530,000000,21.44,21.81,21.34,21.72,10898112,0
LCID.US,D,20180531,000000,21.58,22.78,21.30,22.23,19611015,0
LCID.US,D,20180601,000000,22.42,23.00,22.26,22.92,28660360,0
LCID.US,D,20180604,000000,22.88,23.52,22.83,23.49,25740526,0
LCID.US,D,20180604,000000,23.55,24.23,23.55,23.96,19512327,0
LCID.US,D,20180604,000000,23.91,24.85,23.86,24.60,34774000,0
LCID.US,D,20180605,000000,24.13,25.63,24.01,25.39,34615822,0
LCID.US,D,20180606,000000,25.63,25.94,25.57,25.91,29859679,0
LCID.US,D,20180607,000000,25.62,26.93,25.48,26.73,38899514,0
LCID.US,D,20180608,000000,26.67,27.80,26.61,27.47,39919056,0
LCID.US,D,20180611,000000,27.47,28.41,27.12,28.25,25721749,0
LCID.US,D,20180611,000000,28.11,29.22,27.99,28.87,19522922,0
LCID.US,D,20180611,000000,29.05,30.09,28.90,29.76,43583853,0
LCID.US,D,20180612,000000,29.95,30.48,29.86,30.43,32640159,0
LCID.US,D,20180613,000000,30.53,31.20,30.50,31.18,15926455,0
LCID.US,D,20180614,000000,30.99,32.84,30.38,32.25,44555059,0
LCID.US,D,20180615,000000,31.80,33.90,31.60,33.13,16719835,0
LCID.US,D,20180618,000000,33.25,34.69,33.21,34.20,20960397,0
LCID.US,D,20180618,000000,34.73,35.80,34.66,35.31,43954216,0
LCID.US,D,20180618,000000,35.75,36.76,35.44,36.43,32033499,0
LCID.US,D,20180619,000000,36.66,37.61,36.54,37.60,36677480,0
LCID.US,D,20180620,000000,37.49,39.46,37.13,39.13,8765161,0
LCID.US,D,20180621,000000,39.35,39.83,34.71,36.27,13737545,0
LCID.US,D,20180622,000000,36.24,36.41,36.15,36.27,8091368,0
LCID.US,D,20180625,000000,36.11,37.74,35.93,37.70,11311953,0
LCID.US,D,20180625,000000,37.78,37.85,36.96,37.04,9015840,0
LCID.US,D,20180625,000000,37.23,38.27,37.23,38.00,10428876,0
LCID.US,D,20180626,000000,37.80,38.10,37.63,38.10,12405854,0
LCID.US,D,20180627,000000,37.34,38.01,37.05,37.89,10614610,0
LCID.US,D,20180628,000000,37.70,38.09,36.71,36.97,10642122,0
LCID.US,D,20180629,000000,36.91,37.01,36.09,36.18,13156138,0
LCID.US,D,20180702,000000,36.16,36.17,35.69,35.77,5365874,0
LCID.US,D,20180702,000000,35.79,36.38,35.74,36.21,13936559,0
LCID.US,D,20180702,000000,35.94,36.14,35.09,35.12,12828032,0
LCID.US,D,20180703,000000,35.51,35.96,35.46,35.94,14436539,0
LCID.US,D,20180704,000000,36.19,36.68,36.19,36.63,11788493,0
LCID.US,D,20180705,000000,36.61,36.77,33.99,34.81,9355359,0
LCID.US,D,20180706,000000,34.62,35.80,34.62,35.19,14772775,0
LCID.US,D,20180709,000000,35.28,35.36,34.69,34.83,8304734,0
LCID.US,D,20180709,000000,34.89,35.03,34.13,34.52,14670606,0
LCID.US,D,20180709,000000,34.40,34.47,34.06,34.15,6786644,0
LCID.US,D,20180710,000000,34.19,35.64,34.18,34.98,10514544,0
LCID.US,D,20180711,000000,35.01,35.14,35.00,35.11,9957265,0
LCID.US,D,20180712,000000,34.98,35.72,34.90,35.70,6003188,0
LCID.US,D,20180713,000000,35.36,37.88,35.08,37.54,7724903,0
LCID.US,D,20180716,000000,37.81,38.04,37.70,37.76,9400068,0
LCID.US,D,20180716,000000,37.95,38.17,36.00,36.34,10753002,0
LCID.US,D,20180716,000000,36.12,36.40,35.29,35.32,14233746,0
LCID.US,D,20180717,000000,35.56,35.73,35.51,35.63,7254702,0
LCID.US,D,20180718,000000,35.48,37.26,35.16,36.79,10304274,0
LCID.US,D,20180719,000000,36.79,37.29,36.72,36.84,13551654,0
LCID.US,D,20180720,000000,36.83,37.12,36.16,36.42,9518964,0
LCID.US,D,20180723,000000,36.33,36.46,35.62,35.81,8273330,0
LCID.US,D,20180723,000000,35.69,36.51,35.31,36.48,6829861,0
LCID.US,D,20180723,000000,36.48,37.26,36.42,37.21,9960352,0
LCID.US,D,20180724,000000,37.59,37.60,35.88,36.34,11568583,0
LCID.US,D,20180725,000000,36.54,36.61,34.37,34.51,8894739,0
LCID.US,D,20180726,000000,34.27,34.97,34.17,34.79,8765126,0
LCID.US,D,20180727,000000,34.71,34.79,34.53,34.74,6411637,0
LCID.US,D,20180730,000000,34.37,36.62,34.06,36.39,11161663,0
LCID.US,D,20180730,000000,36.76,36.88,36.72,36.82,6784240,0
LCID.US,D,20180730,000000,36.75,36.83,36.73,36.81,10602597,0
LCID.US,D,20180731,000000,36.96,36.99,36.91,36.92,5299827,0
LCID.US,D,20180801,000000,36.75,37.39,36.65,37.24,5314711,0
LCID.US,D,20180802,000000,37.06,37.49,37.03,37.40,14181975,0
LCID.US,D,20180803,000000,37.55,38.61,37.49,38.27,14811011,0
LCID.US,D,20180806,000000,38.32,38.79,38.23,38.73,6806396,0
LCID.US,D,20180806,000000,38.59,38.60,38.56,38.57,9646756,0
LCID.US,D,20180806,000000,38.89,39.69,38.88,39.37,12569441,0
LCID.US,D,20180807,000000,39.51,39.60,39.38,39.42,8597059,0
LCID.US,D,20180808,000000,39.54,39.73,38.75,38.90,12889422,0
LCID.US,D,20180809,000000,38.82,38.91,38.80,38.88,11390750,0
LCID.US,D,20180810,000000,38.49,38.73,38.47,38.66,9184597,0
LCID.US,D,20180813,000000,38.70,39.70,38.55,39.32,6603840,0
LCID.US,D,20180813,000000,39.23,39.81,39.08,39.77,6168342,0
LCID.US,D,20180813,000000,39.92,40.20,38.70,39.11,13105106,0
LCID.US,D,20180814,000000,39.46,40.29,39.43,40.02,5148808,0
LCID.US,D,20180815,000000,39.61,40.59,39.53,40.44,10946310,0
LCID.US,D,20180816,000000,40.46,40.71,40.28,40.69,5253368,0
LCID.US,D,20180817,000000,40.99,41.10,39.80,40.08,9801034,0
LCID.US,D,20180820,000000,40.20,41.23,39.95,40.86,9639860,0
LCID.US,D,20180820,000000,40.41,40.59,39.33,39.74,9099061,0
LCID.US,D,20180820,000000,39.41,41.23,39.09,41.01,9297441,0
LCID.US,D,20180821,000000,41.31,41.65,40.81,41.44,9109329,0
LCID.US,D,20180822,000000,41.64,42.24,39.18,40.24,8345330,0
LCID.US,D,20180823,000000,39.91,40.37,36.18,37.98,7473740,0
LCID.US,D,20180824,000000,37.80,38.42,37.42,38.35,5962412,0
LCID.US,D,20180827,000000,38.78,39.31,38.68,39.31,5069703,0
LCID.US,D,20180827,000000,39.34,40.36,38.90,40.10,10467803,0
LCID.US,D,20180827,000000,39.73,40.29,39.72,40.07,9560209,0
LCID.US,D,20180828,000000,39.82,40.57,39.79,40.55,14136974,0
LCID.US,D,20180829,000000,40.59,40.76,40.22,40.30,12057691,0
LCID.US,D,20180830,000000,40.67,40.91,40.64,40.87,5848763,0
LCID.US,D,20180831,000000,40.95,42.41,40.31,42.23,7374213,0
LCID.US,D,20180903,000000,42.31,42.75,42.31,42.62,8042148,0
LCID.US,D,20180903,000000,42.98,43.21,42.92,43.09,12262846,0
LCID.US,D,20180903,000000,43.24,43.64,42.36,42.74,10990522,0
LCID.US,D,20180904,000000,42.68,44.99,42.38,44.76,5849576,0
LCID.US,D,20180905,000000,45.22,45.35,45.08,45.19,9539581,0
LCID.US,D,20180906,000000,45.40,45.42,44.99,45.00,13625532,0
LCID.US,D,20180907,000000,44.87,45.15,44.24,44.26,6299394,0
LCID.US,D,20180910,000000,44.02,46.07,43.92,45.60,12856442,0
LCID.US,D,20180910,000000,45.49,47.33,45.32,46.59,13593989,0
LCID.US,D,20180910,000000,46.60,48.09,46.35,47.51,6847585,0
LCID.US,D,20180911,000000,47.89,48.51,43.50,44.11,11854848,0
LCID.US,D,20180912,000000,44.63,44.70,41.64,42.39,6081944,0
LCID.US,D,20180913,000000,42.47,44.00,42.28,43.40,9974468,0
LCID.US,D,20180914,000000,43.15,43.18,42.48,42.72,13214869,0
LCID.US,D,20180917,000000,42.07,43.32,42.05,42.80,14062820,0
LCID.US,D,20180917,000000,42.86,46.52,42.60,44.96,10674533,0
LCID.US,D,20180917,000000,44.76,44.81,43.66,44.37,10804188,0
LCID.US,D,20180918,000000,43.78,46.02,43.44,45.93,5600705,0
LCID.US,D,20180919,000000,45.99,46.54,45.97,46.51,6116748,0
LCID.US,D,20180920,000000,47.15,47.26,44.90,45.17,6281888,0
LCID.US,D,20180921,000000,46.11,46.35,46.05,46.34,11793518,0
LCID.US,D,20180924,000000,46.30,46.74,44.79,45.43,5462719,0
LCID.US,D,20180924,000000,45.28,45.36,44.30,44.64,14931960,0
LCID.US,D,20180924,000000,45.11,45.22,44.31,44.36,8793897,0
LCID.US,D,20180925,000000,44.27,45.49,43.99,45.12,8256802,0
LCID.US,D,20180926,000000,45.85,45.96,45.43,45.67,13342374,0
LCID.US,D,20180927,000000,45.77,46.55,42.05,42.31,6451545,0
LCID.US,D,20180928,000000,41.66,43.29,41.45,42.65,11134290,0
LCID.US,D,20181001,000000,42.72,45.52,41.04,44.81,10700541,0
LCID.US,D,20181001,000000,45.16,46.33,45.09,46.16,6578776,0
LCID.US,D,20181001,000000,46.56,46.88,44.91,45.09,10531074,0
LCID.US,D,20181002,000000,44.51,44.57,43.85,44.01,10171247,0
LCID.US,D,20181003,000000,43.75,44.13,43.73,44.07,5451344,0
LCID.US,D,20181004,000000,45.15,45.27,42.87,43.63,8859488,0
LCID.US,D,20181005,000000,42.94,44.52,42.87,44.39,7373023,0
LCID.US,D,20181008,000000,44.57,47.41,43.83,46.83,10143891,0
LCID.US,D,20181008,000000,46.37,48.39,46.02,47.37,12463112,0
LCID.US,D,20181008,000000,46.55,49.59,45.78,49.08,13727970,0
LCID.US,D,20181009,000000,49.55,50.89,48.92,50.69,6844521,0
LCID.US,D,20181010,000000,50.94,51.13,50.87,50.94,6120962,0
LCID.US,D,20181011,000000,50.83,51.46,50.70,51.32,7467281,0
LCID.US,D,20181012,000000,49.80,55.72,47.59,54.16,7079213,0
LCID.US,D,20181015,000000,55.42,56.15,51.65,52.48,6836565,0
LCID.US,D,20181015,000000,52.11,56.98,51.38,56.53,14544747,0
LCID.US,D,20181015,000000,56.47,56.54,56.31,56.54,10806473,0
LCID.US,D,20181016,000000,56.81,56.83,55.41,55.71,11178068,0
LCID.US,D,20181017,000000,54.81,56.46,54.73,56.38,12407761,0
LCID.US,D,20181018,000000,56.15,56.35,53.95,54.93,9800641,0
LCID.US,D,20181019,000000,54.71,55.91,53.91,55.55,12293965,0
LCID.US,D,20181022,000000,54.69,54.72,54.62,54.71,12343666,0
LCID.US,D,20181022,000000,54.84,55.58,52.43,53.08,13670469,0
LCID.US,D,20181022,000000,53.31,53.39,52.18,52.61,8660137,0
LCID.US,D,20181023,000000,52.81,54.73,52.63,53.86,8376669,0
LCID.US,D,20181024,000000,53.54,54.17,53.48,54.09,12490848,0
LCID.US,D,20181025,000000,53.78,53.82,47.16,49.70,13090149,0
LCID.US,D,20181026,000000,50.38,56.75,49.41,56.20,10652798,0
LCID.US,D,20181029,000000,56.66,58.31,55.58,57.96,6138844,0
LCID.US,D,20181029,000000,57.83,59.25,55.20,55.98,10259972,0
LCID.US,D,20181029,000000,54.02,60.77,52.72,58.71,10879896,0
LCID.US,D,20181030,000000,58.86,61.51,58.79,60.88,11971604,0
LCID.US,D,20181031,000000,61.04,62.90,60.79,62.68,14869416,0
LCID.US,D,20181101,000000,61.51,65.11,61.37,64.50,13000081,0
LCID.US,D,20181102,000000,64.11,64.26,62.25,62.60,13878643,0
LCID.US,D,20181105,000000,63.48,64.41,61.05,61.20,7806410,0
LCID.US,D,20181105,000000,61.27,61.76,60.03,60.15,5184478,0
LCID.US,D,20181105,000000,60.92,61.98,60.75,61.48,8656243,0
LCID.US,D,20181106,000000,60.68,60.98,60.56,60.98,8443363,0
LCID.US,D,20181107,000000,61.79,63.25,61.73,62.95,10868192,0
LCID.US,D,20181108,000000,63.20,63.35,58.28,58.79,5993631,0
LCID.US,D,20181109,000000,58.94,59.01,57.67,58.12,8872647,0
LCID.US,D,20181112,000000,58.98,59.19,55.87,56.99,8148823,0
LCID.US,D,20181112,000000,56.91,57.61,52.45,54.49,13403379,0
LCID.US,D,20181112,000000,54.62,54.81,53.27,53.29,9564117,0
LCID.US,D,20181113,000000,52.66,57.41,51.46,57.10,8196265,0
LCID.US,D,20181114,000000,57.24,57.26,57.24,57.26,11550137,0
LCID.US,D,20181115,000000,57.69,57.80,54.73,55.22,14801607,0
LCID.US,D,20181116,000000,54.90,55.99,49.96,50.81,10952024,0
LCID.US,D,20181119,000000,51.42,56.18,51.12,54.82,14376081,0
LCID.US,D,20181119,000000,54.16,57.11,53.92,55.78,7952603,0
LCID.US,D,20181119,000000,56.46,58.38,56.32,57.81,6009562,0
LCID.US,D,20181120,000000,56.63,56.88,54.42,54.44,8805093,0
LCID.US,D,20181121,000000,55.22,55.64,49.67,51.22,11717275,0
LCID.US,D,20181122,000000,50.00,52.10,49.41,51.00,13027437,0
LCID.US,D,20181123,000000,51.05,52.10,45.66,49.03,14173488,0
LCID.US,D,20181126,000000,49.55,50.28,44.29,45.79,7293926,0
LCID.US,D,20181126,000000,45.95,46.04,43.71,44.22,10882042,0
LCID.US,D,20181126,000000,44.62,48.43,44.44,47.56,9113749,0
LCID.US,D,20181127,000000,46.95,50.79,46.16,50.36,8119473,0
LCID.US,D,20181128,000000,51.22,52.54,51.04,52.17,9257012,0
LCID.US,D,20181129,000000,52.13,52.64,49.48,50.26,9327867,0
LCID.US,D,20181130,000000,49.30,61.82,48.16,57.18,8663922,0
LCID.US,D,20181203,000000,56.47,61.55,55.88,59.60,11012016,0
LCID.US,D,20181203,000000,60.23,60.86,58.56,59.86,13677246,0
LCID.US,D,20181203,000000,61.19,61.51,57.17,57.58,8876008,0
LCID.US,D,20181204,000000,58.35,59.09,54.32,55.61,14840270,0
LCID.US,D,20181205,000000,54.98,55.12,54.09,54.20,10885959,0
LCID.US,D,20181206,000000,55.54,56.34,55.19,56.29,6372252,0
LCID.US,D,20181207,000000,56.07,56.77,53.63,54.14,11000343,0
LCID.US,D,20181210,000000,53.64,55.01,53.44,54.38,12784406,0
LCID.US,D,20181210,000000,53.68,55.53,53.49,55.46,10834447,0
LCID.US,D,20181210,000000,54.20,54.47,52.88,53.60,10497392,0
LCID.US,D,20181211,000000,55.31,55.96,50.57,50.58,13816367,0
LCID.US,D,20181212,000000,49.46,50.05,47.21,47.75,10628325,0
LCID.US,D,20181213,000000,46.81,50.88,45.71,50.06,9330832,0
LCID.US,D,20181214,000000,49.86,50.04,49.78,50.01,10413389,0
LCID.US,D,20181217,000000,49.78,50.94,49.76,50.87,7356235,0
LCID.US,D,20181217,000000,51.03,54.46,50.45,53.51,9206834,0
LCID.US,D,20181217,000000,53.15,54.12,53.06,54.04,8396515,0
LCID.US,D,20181218,000000,54.01,56.58,53.95,56.00,9315066,0
LCID.US,D,20181219,000000,56.72,60.28,56.44,57.89,9364670,0
LCID.US,D,20181220,000000,58.96,62.83,58.45,62.64,8722401,0
LCID.US,D,20181221,000000,63.04,64.29,62.57,63.27,13469604,0
LCID.US,D,20181224,000000,63.11,63.96,62.88,63.88,14398634,0
LCID.US,D,20181224,000000,64.19,64.41,63.67,63.72,10657552,0
LCID.US,D,20181224,000000,64.14,64.17,59.95,60.22,10480603,0
LCID.US,D,20181225,000000,60.28,61.63,53.08,55.01,8547753,0
LCID.US,D,20181226,000000,54.27,58.30,53.40,58.17,13553659,0
LCID.US,D,20181227,000000,57.73,57.92,56.54,57.38,14695047,0
LCID.US,D,20181228,000000,57.04,63.62,55.73,61.27,9661645,0
LCID.US,D,20181231,000000,61.43,63.92,58.08,58.14,6362598,0
LCID.US,D,20181231,000000,57.38,57.38,54.57,55.36,14012519,0
LCID.US,D,20181231,000000,54.86,58.40,54.63,57.00,13851582,0
LCID.US,D,20190101,000000,56.94,60.39,55.48,59.80,6589396,0
LCID.US,D,20190102,000000,61.28,61.81,59.13,59.81,12463677,0
LCID.US,D,20190103,000000,59.78,61.41,59.34,61.14,6180055,0
LCID.US,D,20190104,000000,60.99,61.70,56.15,57.10,11158939,0
LCID.US,D,20190107,000000,56.95,57.35,54.39,54.72,8184832,0
LCID.US,D,20190107,000000,55.18,56.01,52.94,53.58,12471149,0
LCID.US,D,20190107,000000,51.75,53.21,50.99,52.65,6678743,0
LCID.US,D,20190108,000000,53.38,60.95,52.73,58.90,5571426,0
LCID.US,D,20190109,000000,59.57,59.92,56.84,57.40,13011913,0
LCID.US,D,20190110,000000,56.56,56.84,56.41,56.71,10838973,0
LCID.US,D,20190111,000000,55.67,55.88,55.49,55.77,8011741,0
LCID.US,D,20190114,000000,55.85,56.18,51.87,52.60,14840473,0
LCID.US,D,20190114,000000,53.65,54.25,53.57,53.80,13761614,0
LCID.US,D,20190114,000000,53.24,53.96,50.64,51.78,12180692,0
LCID.US,D,20190115,000000,51.72,53.21,51.54,52.68,8847179,0
LCID.US,D,20190116,000000,52.07,52.99,51.82,52.82,8008637,0
LCID.US,D,20190117,000000,52.06,52.27,49.36,49.54,8738145,0
LCID.US,D,20190118,000000,48.78,54.84,47.89,53.60,6306575,0
LCID.US,D,20190121,000000,54.39,54.92,51.87,52.13,5703388,0
LCID.US,D,20190121,000000,52.38,52.60,51.36,51.37,11856097,0
LCID.US,D,20190121,000000,50.61,53.93,50.53,53.65,10949665,0
LCID.US,D,20190122,000000,52.86,53.51,51.91,53.40,12484276,0
LCID.US,D,20190123,000000,53.74,55.99,53.35,55.60,11370451,0
LCID.US,D,20190124,000000,56.18,56.63,54.28,55.49,10162239,0
LCID.US,D,20190125,000000,55.93,55.98,50.75,52.59,8232486,0
LCID.US,D,20190128,000000,53.04,55.95,52.23,54.31,7378495,0
LCID.US,D,20190128,000000,55.07,55.61,54.95,55.42,7821598,0
LCID.US,D,20190128,000000,55.04,56.58,53.92,56.35,15802481,0
LCID.US,D,20190129,000000,56.06,57.67,56.03,57.16,19201515,0
LCID.US,D,20190130,000000,56.72,58.54,55.67,58.01,9430330,0
LCID.US,D,20190131,000000,58.64,59.50,58.05,59.16,22689712,0
LCID.US,D,20190201,000000,57.66,60.48,57.05,60.00,15579740,0
LCID.US,D,20190204,000000,60.58,61.23,60.48,61.04,20881554,0
LCID.US,D,20190204,000000,61.39,63.80,60.33,61.72,16741130,0
LCID.US,D,20190204,000000,61.16,63.41,60.91,62.96,16700587,0
LCID.US,D,20190205,000000,63.53,64.33,63.52,64.16,22901908,0
LCID.US,D,20190206,000000,62.39,68.18,62.02,65.98,19164942,0
LCID.US,D,20190207,000000,66.28,68.86,66.03,67.47,25198377,0
LCID.US,D,20190208,000000,68.00,69.50,67.94,69.24,16665898,0
LCID.US,D,20190211,000000,69.62,71.28,69.06,70.81,21321182,0
LCID.US,D,20190211,000000,70.77,74.39,70.65,72.21,23914437,0
LCID.US,D,20190211,000000,70.02,75.17,68.90,74.56,17000079,0
LCID.US,D,20190212,000000,74.80,77.10,74.57,76.28,14545302,0
LCID.US,D,20190213,000000,74.71,79.95,74.53,77.92,22359199,0
LCID.US,D,20190214,000000,78.65,79.51,77.97,79.27,27400949,0
LCID.US,D,20190215,000000,80.68,81.77,80.65,81.32,14552335,0
LCID.US,D,20190218,000000,82.97,83.68,82.82,82.91,36800561,0
LCID.US,D,20190218,000000,83.10,86.31,81.97,85.11,18794307,0
LCID.US,D,20190218,000000,86.53,87.88,85.63,87.85,33735636,0
LCID.US,D,20190219,000000,88.37,91.83,87.50,90.83,27799247,0
LCID.US,D,20190220,000000,87.41,94.38,85.84,92.78,33129010,0
LCID.US,D,20190221,000000,93.15,96.04,92.86,94.57,36209715,0
LCID.US,D,20190222,000000,93.46,98.34,92.27,97.50,18671477,0
LCID.US,D,20190225,000000,94.96,103.78,93.22,99.67,17560378,0
LCID.US,D,20190225,000000,102.70,103.22,102.31,102.40,16074157,0
LCID.US,D,20190225,000000,103.19,109.72,100.19,106.36,24694894,0
LCID.US,D,20190226,000000,103.57,109.68,103.40,108.46,45089576,0
LCID.US,D,20190227,000000,112.81,113.68,111.32,111.39,31033536,0
LCID.US,D,20190228,000000,113.04,114.12,113.00,113.99,26332419,0
LCID.US,D,20190301,000000,115.11,117.80,114.59,116.61,45419076,0
LCID.US,D,20190304,000000,115.27,121.67,114.83,121.29,32708821,0
LCID.US,D,20190304,000000,116.85,126.17,116.03,125.68,48646735,0
LCID.US,D,20190304,000000,125.86,129.91,123.93,129.18,49423927,0
LCID.US,D,20190305,000000,128.83,135.30,127.79,133.51,18465062,0
LCID.US,D,20190306,000000,132.88,141.94,131.98,139.19,47832929,0
LCID.US,D,20190307,000000,140.28,145.86,137.78,143.35,28978079,0
LCID.US,D,20190308,000000,144.12,148.24,136.16,137.64,12515094,0
LCID.US,D,20190311,000000,136.44,138.19,135.80,137.94,14779020,0
LCID.US,D,20190311,000000,137.01,140.61,136.06,140.29,12099461,0
LCID.US,D,20190311,000000,138.38,142.37,137.11,142.30,12559978,0
LCID.US,D,20190312,000000,144.34,145.85,132.31,133.33,7175078,0
LCID.US,D,20190313,000000,132.04,132.22,130.67,130.67,6766299,0
LCID.US,D,20190314,000000,131.27,134.17,131.22,133.54,12293056,0
LCID.US,D,20190315,000000,135.41,143.24,133.65,141.45,11419551,0
LCID.US,D,20190318,000000,141.18,141.97,140.79,141.77,5380686,0
LCID.US,D,20190318,000000,146.52,148.57,133.06,136.69,12289084,0
LCID.US,D,20190318,000000,135.38,145.23,134.32,141.07,6444982,0
LCID.US,D,20190319,000000,138.40,139.05,134.20,134.37,14451784,0
LCID.US,D,20190320,000000,139.91,139.94,130.49,132.25,13353685,0
LCID.US,D,20190321,000000,132.45,134.29,124.34,127.13,12445392,0
LCID.US,D,20190322,000000,130.75,130.96,124.17,127.98,14617632,0
LCID.US,D,20190325,000000,127.01,127.50,123.38,123.44,9388424,0
LCID.US,D,20190325,000000,124.43,125.28,98.76,113.70,5383653,0
LCID.US,D,20190325,000000,112.27,119.25,111.40,116.59,6616514,0
LCID.US,D,20190326,000000,121.38,121.40,110.30,111.45,12196156,0
LCID.US,D,20190327,000000,110.93,115.19,110.65,113.95,11446405,0
LCID.US,D,20190328,000000,113.57,114.09,106.52,108.41,6258729,0
LCID.US,D,20190329,000000,109.39,112.44,108.76,111.32,10208874,0
LCID.US,D,20190401,000000,111.04,143.00,107.08,125.65,5658645,0
LCID.US,D,20190401,000000,127.90,127.94,125.49,125.66,7335200,0
LCID.US,D,20190401,000000,124.33,134.50,123.68,130.60,10153202,0
LCID.US,D,20190402,000000,131.35,137.05,129.82,135.55,6570444,0
LCID.US,D,20190403,000000,135.31,137.06,133.37,134.04,12507327,0
LCID.US,D,20190404,000000,133.56,134.48,121.77,122.39,10504816,0
LCID.US,D,20190405,000000,126.20,130.52,125.93,129.19,12034577,0
LCID.US,D,20190408,000000,129.60,139.09,128.17,134.81,14519972,0
LCID.US,D,20190408,000000,135.93,136.19,134.31,134.91,10526677,0
LCID.US,D,20190408,000000,135.07,135.39,128.48,130.01,13716839,0
LCID.US,D,20190409,000000,129.20,129.79,128.95,129.74,9686742,0
LCID.US,D,20190410,000000,130.09,152.14,126.75,142.91,12089878,0
LCID.US,D,20190411,000000,144.79,147.49,125.08,128.48,8434220,0
LCID.US,D,20190412,000000,130.88,131.11,119.42,121.52,8226114,0
LCID.US,D,20190415,000000,120.52,121.35,110.16,112.81,6436097,0
LCID.US,D,20190415,000000,114.33,115.45,109.94,111.48,9228968,0
LCID.US,D,20190415,000000,112.05,114.55,101.61,104.43,13466514,0
LCID.US,D,20190416,000000,104.62,110.45,104.02,109.98,7812695,0
LCID.US,D,20190417,000000,110.61,119.39,107.83,116.80,6283252,0
LCID.US,D,20190418,000000,116.50,116.71,114.27,115.27,8710190,0
LCID.US,D,20190419,000000,111.66,112.84,110.40,110.69,8019849,0
LCID.US,D,20190422,000000,110.87,113.64,93.75,95.80,13914325,0
LCID.US,D,20190422,000000,90.71,104.87,90.32,99.80,13942145,0
LCID.US,D,20190422,000000,100.28,105.74,98.06,105.22,7717914,0
LCID.US,D,20190423,000000,102.77,103.27,99.82,100.61,10309682,0
LCID.US,D,20190424,000000,101.22,102.06,95.24,95.65,14864045,0
LCID.US,D,20190425,000000,94.12,106.25,93.53,99.18,7224257,0
LCID.US,D,20190426,000000,99.09,102.37,97.18,102.18,5360007,0
LCID.US,D,20190429,000000,101.81,112.76,101.31,108.81,10073834,0
LCID.US,D,20190429,000000,105.48,107.41,93.96,97.33,12433000,0
LCID.US,D,20190429,000000,97.93,98.23,94.30,94.51,7419460,0
LCID.US,D,20190430,000000,92.99,93.07,91.05,92.05,7706047,0
LCID.US,D,20190501,000000,89.73,90.16,87.59,88.02,12668638,0
LCID.US,D,20190502,000000,87.26,93.88,86.44,90.47,6397069,0
LCID.US,D,20190503,000000,89.45,90.32,89.38,89.82,13901946,0
LCID.US,D,20190506,000000,89.50,89.58,88.72,88.93,7068695,0
LCID.US,D,20190506,000000,88.75,94.03,88.26,92.22,14513149,0
LCID.US,D,20190506,000000,91.23,91.83,91.15,91.72,11753301,0
LCID.US,D,20190507,000000,90.57,91.29,82.26,84.66,12253563,0
LCID.US,D,20190508,000000,84.54,85.32,82.87,83.01,5072002,0
LCID.US,D,20190509,000000,85.42,92.14,85.17,90.25,14831811,0
LCID.US,D,20190510,000000,89.90,90.06,84.60,87.17,5726245,0
LCID.US,D,20190513,000000,86.18,91.70,84.65,90.32,5431236,0
LCID.US,D,20190513,000000,87.54,90.50,86.95,90.17,9935278,0
LCID.US,D,20190513,000000,88.25,97.28,86.81,95.91,13810382,0
LCID.US,D,20190514,000000,95.71,107.37,95.28,104.14,14478055,0
LCID.US,D,20190515,000000,100.71,108.65,99.53,107.64,6185356,0
LCID.US,D,20190516,000000,109.92,110.47,101.58,105.46,12081550,0
LCID.US,D,20190517,000000,106.41,120.59,106.21,117.04,11354468,0
LCID.US,D,20190520,000000,113.19,132.69,109.10,126.29,9203366,0
LCID.US,D,20190520,000000,125.95,134.33,125.67,133.75,8697976,0
LCID.US,D,20190520,000000,130.50,147.60,129.89,143.93,14998349,0
LCID.US,D,20190521,000000,143.40,149.66,143.16,149.00,10198513,0
LCID.US,D,20190522,000000,146.46,159.15,142.91,155.45,14554468,0
LCID.US,D,20190523,000000,152.49,164.96,150.91,162.01,13438397,0
LCID.US,D,20190524,000000,162.67,166.73,161.30,166.59,10483527,0
LCID.US,D,20190527,000000,167.08,167.75,163.49,163.87,7495738,0
LCID.US,D,20190527,000000,162.08,163.03,148.61,153.43,7352728,0
LCID.US,D,20190527,000000,152.79,158.85,140.18,142.12,8362802,0
LCID.US,D,20190528,000000,142.63,146.06,124.29,133.59,8186855,0
LCID.US,D,20190529,000000,133.30,142.80,131.57,139.03,13915858,0
LCID.US,D,20190530,000000,141.00,149.39,139.83,145.20,9968793,0
LCID.US,D,20190531,000000,141.21,141.24,139.88,140.88,6476066,0
LCID.US,D,20190603,000000,142.11,142.92,136.70,138.55,13329778,0
LCID.US,D,20190603,000000,139.96,140.70,125.37,128.46,10296775,0
LCID.US,D,20190603,000000,125.96,126.82,124.99,125.07,10332585,0
LCID.US,D,20190604,000000,124.07,135.23,122.76,134.24,8959677,0
LCID.US,D,20190605,000000,135.95,136.26,131.93,133.13,6413697,0
LCID.US,D,20190606,000000,133.18,134.76,119.30,127.57,14989775,0
LCID.US,D,20190607,000000,126.48,134.46,125.52,133.70,11724659,0
LCID.US,D,20190610,000000,132.67,140.72,130.16,140.47,9820162,0
LCID.US,D,20190610,000000,140.73,147.39,139.21,145.60,9283055,0
LCID.US,D,20190610,000000,145.74,149.44,144.75,148.86,10570140,0
LCID.US,D,20190611,000000,148.22,154.40,148.11,153.51,10107731,0
LCID.US,D,20190612,000000,154.55,156.76,154.14,155.77,12042064,0
LCID.US,D,20190613,000000,155.95,157.17,152.55,153.20,13417293,0
LCID.US,D,20190614,000000,155.87,157.07,144.24,144.56,6862751,0
LCID.US,D,20190617,000000,147.38,150.41,146.17,149.68,7281026,0
LCID.US,D,20190617,000000,148.85,154.13,136.45,138.55,9285266,0
LCID.US,D,20190617,000000,137.91,142.32,136.96,139.92,8221754,0
LCID.US,D,20190618,000000,140.30,143.48,139.59,143.16,8948316,0
LCID.US,D,20190619,000000,143.06,154.72,139.97,148.30,11913661,0
LCID.US,D,20190620,000000,146.40,151.57,144.89,150.65,8253616,0
LCID.US,D,20190621,000000,154.44,158.16,146.83,148.13,9805083,0
LCID.US,D,20190624,000000,145.68,157.55,144.47,154.45,5537039,0
LCID.US,D,20190624,000000,154.67,154.97,141.47,142.23,8366976,0
LCID.US,D,20190624,000000,142.23,151.71,141.90,149.46,5736808,0
LCID.US,D,20190625,000000,149.60,151.13,142.26,144.98,6861723,0
LCID.US,D,20190626,000000,142.36,142.63,133.82,138.76,6474379,0
LCID.US,D,20190627,000000,139.10,141.16,138.94,140.96,14669698,0
LCID.US,D,20190628,000000,140.42,140.98,136.55,138.87,7894818,0
LCID.US,D,20190701,000000,136.97,137.18,128.12,132.12,5502930,0
LCID.US,D,20190701,000000,131.82,132.24,128.23,128.81,8050127,0
LCID.US,D,20190701,000000,128.79,134.51,126.29,133.25,12630459,0
LCID.US,D,20190702,000000,133.89,141.01,118.48,120.53,13046147,0
LCID.US,D,20190703,000000,121.75,124.50,104.07,109.26,8615436,0
LCID.US,D,20190704,000000,112.09,115.62,100.79,102.11,9251725,0
LCID.US,D,20190705,000000,103.39,117.69,100.15,113.69,5023656,0
LCID.US,D,20190708,000000,114.72,115.32,109.45,111.42,5311640,0
LCID.US,D,20190708,000000,111.00,111.05,109.29,109.80,8017620,0
LCID.US,D,20190708,000000,111.53,111.75,109.11,109.60,6858019,0
LCID.US,D,20190709,000000,112.58,115.55,101.77,102.35,9286124,0
LCID.US,D,20190710,000000,101.82,105.47,100.76,104.59,6853721,0
LCID.US,D,20190711,000000,104.42,111.78,103.57,108.84,7504132,0
LCID.US,D,20190712,000000,109.90,111.00,102.71,102.79,14560943,0
LCID.US,D,20190715,000000,104.73,105.94,95.44,96.79,8875010,0
LCID.US,D,20190715,000000,96.48,107.50,95.28,103.43,9542776,0
LCID.US,D,20190715,000000,101.93,105.56,92.07,94.83,14603958,0
LCID.US,D,20190716,000000,97.45,100.72,95.14,99.29,6705269,0
LCID.US,D,20190717,000000,100.07,106.56,95.21,106.07,6815684,0
LCID.US,D,20190718,000000,105.84,120.11,104.26,114.35,6842885,0
LCID.US,D,20190719,000000,114.14,132.72,114.05,128.39,14384494,0
LCID.US,D,20190722,000000,129.92,139.88,129.12,138.52,13969025,0
LCID.US,D,20190722,000000,142.85,144.66,127.52,132.95,5069629,0
LCID.US,D,20190722,000000,129.30,129.88,127.65,129.01,5046277,0
LCID.US,D,20190723,000000,127.08,143.11,126.84,135.82,12015834,0
LCID.US,D,20190724,000000,137.03,140.08,136.56,138.93,11267285,0
LCID.US,D,20190725,000000,137.83,138.21,129.15,132.45,12587692,0
LCID.US,D,20190726,000000,132.83,133.76,128.40,130.24,12127226,0
LCID.US,D,20190729,000000,131.57,135.46,131.42,135.29,7494015,0
LCID.US,D,20190729,000000,136.00,161.19,134.54,153.08,7728743,0
LCID.US,D,20190729,000000,151.79,159.34,150.29,157.70,7209808,0
LCID.US,D,20190730,000000,158.54,170.57,157.78,167.87,7990263,0
LCID.US,D,20190731,000000,166.74,193.74,165.74,193.04,11745933,0
LCID.US,D,20190801,000000,184.30,206.38,183.92,199.19,12588212,0
LCID.US,D,20190802,000000,207.88,208.39,197.96,199.95,6369403,0
LCID.US,D,20190805,000000,199.47,200.37,177.51,180.40,8907734,0
LCID.US,D,20190805,000000,187.13,192.03,177.72,177.86,14724873,0
LCID.US,D,20190805,000000,178.27,178.76,158.51,165.51,12002258,0
LCID.US,D,20190806,000000,161.31,171.76,159.63,167.70,9022129,0
LCID.US,D,20190807,000000,168.99,175.74,160.20,161.10,6923436,0
LCID.US,D,20190808,000000,167.08,176.26,165.65,175.92,14318023,0
LCID.US,D,20190809,000000,179.68,179.91,174.81,175.78,5927989,0
LCID.US,D,20190812,000000,177.15,184.18,127.67,148.30,8245901,0
LCID.US,D,20190812,000000,154.72,155.06,152.73,153.14,13645983,0
LCID.US,D,20190812,000000,151.49,161.01,148.48,157.58,8290715,0
LCID.US,D,20190813,000000,153.37,174.63,150.32,167.58,11879823,0
LCID.US,D,20190814,000000,164.00,169.27,162.11,169.21,14202799,0
LCID.US,D,20190815,000000,167.26,188.65,162.12,183.43,6191377,0
LCID.US,D,20190816,000000,187.56,188.81,160.46,163.96,11374334,0
LCID.US,D,20190819,000000,160.62,161.05,152.71,152.87,13770308,0
LCID.US,D,20190819,000000,146.88,151.58,143.23,149.01,12959248,0
LCID.US,D,20190819,000000,148.63,154.35,147.86,151.63,7528655,0
LCID.US,D,20190820,000000,152.93,178.40,152.61,169.39,11093816,0
LCID.US,D,20190821,000000,170.13,175.18,150.59,155.25,11372541,0
LCID.US,D,20190822,000000,155.66,157.22,132.90,140.73,7770333,0
LCID.US,D,20190823,000000,144.22,154.76,143.12,152.58,7516116,0
LCID.US,D,20190826,000000,153.47,154.45,147.83,148.16,11127952,0
LCID.US,D,20190826,000000,152.51,153.24,148.09,148.29,10137192,0
LCID.US,D,20190826,000000,151.37,155.30,132.44,139.47,5531471,0
LCID.US,D,20190827,000000,144.64,145.03,137.64,139.40,12963781,0
LCID.US,D,20190828,000000,136.75,138.81,129.43,134.52,10938392,0
LCID.US,D,20190829,000000,132.59,139.73,130.35,139.62,13518225,0
LCID.US,D,20190830,000000,144.35,145.69,114.97,126.94,11847301,0
LCID.US,D,20190902,000000,127.68,133.66,127.14,133.13,9673308,0
LCID.US,D,20190902,000000,128.86,131.67,75.50,99.03,11159163,0
LCID.US,D,20190902,000000,97.70,105.92,95.10,105.85,7931347,0
LCID.US,D,20190903,000000,102.45,113.71,102.13,111.32,12548000,0
LCID.US,D,20190904,000000,110.37,114.28,95.12,98.26,6211947,0
LCID.US,D,20190905,000000,95.81,96.51,93.70,93.83,12584033,0
LCID.US,D,20190906,000000,95.15,102.45,93.33,99.37,14872470,0
LCID.US,D,20190909,000000,100.98,106.05,99.59,104.58,9845926,0
LCID.US,D,20190909,000000,106.19,111.56,86.18,92.91,11433945,0
LCID.US,D,20190909,000000,94.71,105.66,91.86,104.28,10328961,0
LCID.US,D,20190910,000000,106.68,107.05,97.75,99.31,5903577,0
LCID.US,D,20190911,000000,99.55,101.34,90.05,92.20,11764760,0
LCID.US,D,20190912,000000,94.41,94.45,87.57,88.68,11446015,0
LCID.US,D,20190913,000000,89.34,89.53,88.21,88.46,11204608,0
LCID.US,D,20190916,000000,87.68,88.70,78.25,80.44,14553031,0
LCID.US,D,20190916,000000,79.17,87.15,78.84,85.52,6331653,0
LCID.US,D,20190916,000000,83.02,86.76,82.27,86.11,12399938,0
LCID.US,D,20190917,000000,88.10,92.19,87.32,89.38,9235469,0
LCID.US,D,20190918,000000,91.19,91.50,89.90,90.70,13949045,0
LCID.US,D,20190919,000000,91.01,92.10,85.76,87.72,7163843,0
LCID.US,D,20190920,000000,87.91,88.75,87.37,88.42,12257760,0
LCID.US,D,20190923,000000,89.53,91.88,89.43,90.48,7203570,0
LCID.US,D,20190923,000000,91.28,91.55,86.13,86.34,12102995,0
LCID.US,D,20190923,000000,86.79,101.75,81.53,97.80,8768981,0
LCID.US,D,20190924,000000,97.55,98.45,91.21,93.27,9192220,0
LCID.US,D,20190925,000000,92.55,100.96,88.05,99.56,11236938,0
LCID.US,D,20190926,000000,100.01,100.49,95.30,96.05,5018003,0
LCID.US,D,20190927,000000,93.12,106.32,91.84,102.79,10705342,0
LCID.US,D,20190930,000000,104.35,115.29,96.06,114.91,6966209,0
LCID.US,D,20190930,000000,119.19,125.38,95.80,103.93,14810646,0
LCID.US,D,20190930,000000,104.79,105.00,102.36,102.38,9261511,0
LCID.US,D,20191001,000000,101.70,109.08,100.13,107.35,10563846,0
LCID.US,D,20191002,000000,107.17,126.92,104.30,121.06,13229041,0
LCID.US,D,20191003,000000,122.61,123.46,112.56,114.12,13666513,0
LCID.US,D,20191004,000000,114.76,115.85,107.36,107.53,6242879,0
LCID.US,D,20191007,000000,108.00,111.63,98.79,100.25,10258354,0
LCID.US,D,20191007,000000,100.11,100.30,99.81,100.05,6337234,0
LCID.US,D,20191007,000000,97.75,99.93,95.67,95.69,9996326,0
LCID.US,D,20191008,000000,97.51,109.22,96.97,106.48,11368300,0
LCID.US,D,20191009,000000,104.21,105.74,103.94,105.58,9933341,0
LCID.US,D,20191010,000000,104.94,108.32,104.86,107.88,8290972,0
LCID.US,D,20191011,000000,108.35,111.35,101.38,101.94,5886618,0
LCID.US,D,20191014,000000,100.67,102.07,100.30,101.09,11330263,0
LCID.US,D,20191014,000000,100.77,101.33,96.91,97.11,10799693,0
LCID.US,D,20191014,000000,94.82,101.86,94.27,100.26,10617490,0
LCID.US,D,20191015,000000,102.33,106.20,101.27,105.69,6368989,0
LCID.US,D,20191016,000000,105.80,111.59,104.69,109.31,11985339,0
LCID.US,D,20191017,000000,110.94,111.18,101.64,102.47,14354633,0
LCID.US,D,20191018,000000,101.19,114.32,99.15,111.96,13716896,0
LCID.US,D,20191021,000000,109.49,109.84,103.74,105.56,8563155,0
LCID.US,D,20191021,000000,107.21,109.94,105.94,109.89,7850812,0
LCID.US,D,20191021,000000,112.00,112.96,100.38,104.62,8972420,0
LCID.US,D,20191022,000000,102.46,103.96,95.50,95.96,10287265,0
LCID.US,D,20191023,000000,93.70,93.88,93.41,93.77,8160621,0
LCID.US,D,20191024,000000,92.45,93.08,91.44,92.77,14209745,0
LCID.US,D,20191025,000000,92.85,98.86,92.40,98.64,6447024,0
LCID.US,D,20191028,000000,98.22,98.49,95.77,96.14,5598877,0
LCID.US,D,20191028,000000,96.33,103.12,94.25,102.94,6307051,0
LCID.US,D,20191028,000000,102.90,104.61,102.68,104.23,14524723,0
LCID.US,D,20191029,000000,109.10,113.75,108.55,110.12,5944704,0
LCID.US,D,20191030,000000,107.98,118.26,104.46,116.42,12878732,0
LCID.US,D,20191031,000000,116.13,117.53,110.86,111.68,10978769,0
LCID.US,D,20191101,000000,112.27,112.41,111.40,112.35,13719749,0
LCID.US,D,20191104,000000,110.37,110.74,110.11,110.46,8974425,0
LCID.US,D,20191104,000000,111.80,112.57,102.77,103.61,11549107,0
LCID.US,D,20191104,000000,105.07,106.31,97.80,99.77,11447885,0
LCID.US,D,20191105,000000,97.56,98.59,95.17,95.36,31033024,0
LCID.US,D,20191106,000000,92.91,93.26,90.18,91.82,19240838,0
LCID.US,D,20191107,000000,89.90,90.02,86.62,87.86,16605200,0
LCID.US,D,20191108,000000,87.75,89.18,83.39,84.63,31165951,0
LCID.US,D,20191111,000000,83.00,84.42,81.36,81.65,19643596,0
LCID.US,D,20191111,000000,81.96,82.07,78.70,79.24,27274004,0
LCID.US,D,20191111,000000,78.46,79.06,74.22,74.52,31633838,0
LCID.US,D,20191112,000000,73.83,75.08,67.52,70.05,33745587,0
LCID.US,D,20191113,000000,70.66,70.88,65.02,65.90,37282724,0
LCID.US,D,20191114,000000,67.09,67.79,56.71,60.04,62494319,0
LCID.US,D,20191115,000000,59.96,61.06,54.05,55.74,40375533,0
LCID.US,D,20191118,000000,55.83,56.90,50.27,51.27,41058621,0
LCID.US,D,20191118,000000,51.34,51.63,49.89,50.47,6227243,0
LCID.US,D,20191118,000000,50.40,51.77,50.14,50.91,10317281,0
LCID.US,D,20191119,000000,50.07,51.12,47.70,48.67,9834439,0
LCID.US,D,20191120,000000,49.06,49.10,46.03,47.83,8621510,0
LCID.US,D,20191121,000000,48.68,49.78,46.44,46.60,12562000,0
LCID.US,D,20191122,000000,46.98,47.58,46.00,46.14,6870425,0
LCID.US,D,20191125,000000,45.70,45.76,41.11,43.14,10623433,0
LCID.US,D,20191125,000000,42.35,46.40,42.20,45.44,6669630,0
LCID.US,D,20191125,000000,45.80,48.55,45.60,48.55,7253889,0
LCID.US,D,20191126,000000,48.90,49.44,44.96,45.92,6986552,0
LCID.US,D,20191127,000000,47.53,48.03,45.33,45.60,8015933,0
LCID.US,D,20191128,000000,45.22,45.57,41.05,41.65,13126347,0
LCID.US,D,20191129,000000,41.21,43.32,40.93,43.08,10010684,0
LCID.US,D,20191202,000000,44.35,44.47,41.32,42.67,11241167,0
LCID.US,D,20191202,000000,43.58,45.25,38.36,38.75,13287804,0
LCID.US,D,20191202,000000,38.98,40.81,38.72,40.43,13304245,0
LCID.US,D,20191203,000000,41.02,41.27,38.82,39.22,10782663,0
LCID.US,D,20191204,000000,39.03,40.97,38.74,40.86,5643029,0
LCID.US,D,20191205,000000,40.14,40.18,40.00,40.08,13733093,0
LCID.US,D,20191206,000000,40.80,41.32,40.71,41.19,6288166,0
LCID.US,D,20191209,000000,41.63,45.05,41.30,44.25,5107169,0
LCID.US,D,20191209,000000,45.62,45.99,43.95,44.11,10337192,0
LCID.US,D,20191209,000000,44.80,44.93,43.22,44.11,6994313,0
LCID.US,D,20191210,000000,44.28,45.07,43.80,44.89,12436494,0
LCID.US,D,20191211,000000,44.62,44.64,43.71,44.05,9288346,0
LCID.US,D,20191212,000000,44.12,44.68,40.78,41.28,14926704,0
LCID.US,D,20191213,000000,41.67,42.34,38.19,39.76,10766880,0
LCID.US,D,20191216,000000,38.58,41.71,37.68,41.08,14470537,0
LCID.US,D,20191216,000000,41.88,42.32,41.52,41.76,7304755,0
LCID.US,D,20191216,000000,42.32,42.47,39.88,41.28,14570214,0
LCID.US,D,20191217,000000,41.01,42.13,40.89,42.01,12154825,0
LCID.US,D,20191218,000000,41.70,41.89,40.02,40.41,12272460,0
LCID.US,D,20191219,000000,40.66,40.70,40.45,40.55,6013282,0
LCID.US,D,20191220,000000,40.00,40.26,38.89,38.93,11451907,0
LCID.US,D,20191223,000000,39.84,40.37,37.67,38.09,7303348,0
LCID.US,D,20191223,000000,37.31,42.05,36.90,41.75,5209730,0
LCID.US,D,20191223,000000,42.49,46.32,41.60,45.16,6178705,0
LCID.US,D,20191224,000000,44.23,46.01,44.13,45.58,7113555,0
LCID.US,D,20191225,000000,45.75,46.40,45.55,46.32,8836630,0
LCID.US,D,20191226,000000,46.56,52.40,45.24,52.19,14134847,0
LCID.US,D,20191227,000000,51.64,52.27,51.46,51.99,11478312,0
LCID.US,D,20191230,000000,52.38,53.22,48.90,49.67,10373557,0
LCID.US,D,20191230,000000,48.95,50.57,48.07,50.29,7964527,0
LCID.US,D,20191230,000000,49.30,50.32,47.65,47.66,7237287,0
LCID.US,D,20191231,000000,47.58,49.81,46.87,49.76,14511271,0
LCID.US,D,20200101,000000,49.60,50.27,46.16,46.56,13675098,0
LCID.US,D,20200102,000000,46.19,46.27,45.20,45.63,11881684,0
LCID.US,D,20200103,000000,46.14,47.19,45.45,46.89,11653357,0
LCID.US,D,20200106,000000,46.84,46.86,45.54,45.70,5498554,0
LCID.US,D,20200106,000000,47.33,47.59,45.55,45.94,8015904,0
LCID.US,D,20200106,000000,46.23,47.48,45.69,46.62,11079694,0
LCID.US,D,20200107,000000,46.64,48.51,46.33,48.02,11575699,0
LCID.US,D,20200108,000000,48.44,53.77,46.22,53.53,11746515,0
LCID.US,D,20200109,000000,52.43,54.19,51.59,52.96,7099512,0
LCID.US,D,20200110,000000,53.90,55.18,46.50,49.41,14975612,0
LCID.US,D,20200113,000000,49.86,56.30,49.84,54.78,8136993,0
LCID.US,D,20200113,000000,55.50,56.80,53.80,56.51,9549564,0
LCID.US,D,20200113,000000,56.10,67.86,56.05,67.00,5081365,0
LCID.US,D,20200114,000000,67.43,68.62,62.60,62.96,8412892,0
LCID.US,D,20200115,000000,64.32,75.58,63.94,73.22,9036062,0
LCID.US,D,20200116,000000,73.40,74.03,68.27,68.51,10629890,0
LCID.US,D,20200117,000000,66.82,76.20,64.62,73.96,11383673,0
LCID.US,D,20200120,000000,73.12,74.60,66.34,69.28,5865762,0
LCID.US,D,20200120,000000,67.85,71.92,67.77,71.44,11814857,0
LCID.US,D,20200120,000000,72.25,80.44,72.06,76.86,5183241,0
LCID.US,D,20200121,000000,76.79,78.14,76.44,77.80,14061356,0
LCID.US,D,20200122,000000,75.64,90.20,71.55,88.38,13740928,0
LCID.US,D,20200123,000000,91.36,96.50,90.22,96.42,13652044,0
LCID.US,D,20200124,000000,94.36,102.51,93.73,100.57,9107280,0
LCID.US,D,20200127,000000,97.73,97.78,97.53,97.63,6188426,0
LCID.US,D,20200127,000000,97.84,116.35,84.98,115.23,13284870,0
LCID.US,D,20200127,000000,114.52,119.10,113.71,119.04,6352095,0
LCID.US,D,20200128,000000,120.74,121.31,110.73,110.97,9408846,0
LCID.US,D,20200129,000000,110.87,116.33,108.85,115.97,13243871,0
LCID.US,D,20200130,000000,115.87,116.50,111.30,111.44,8709827,0
LCID.US,D,20200131,000000,110.29,131.46,108.70,124.14,6025895,0
LCID.US,D,20200203,000000,120.26,124.18,96.63,103.68,11471003,0
LCID.US,D,20200203,000000,102.76,103.43,95.06,96.39,10956440,0
LCID.US,D,20200203,000000,92.48,117.71,84.55,108.95,11112069,0
LCID.US,D,20200204,000000,108.47,110.99,94.90,98.54,11825453,0
LCID.US,D,20200205,000000,96.77,97.01,94.24,95.74,8542675,0
LCID.US,D,20200206,000000,94.61,94.76,90.08,92.45,14075427,0
LCID.US,D,20200207,000000,93.90,95.72,92.95,95.04,7494126,0
LCID.US,D,20200210,000000,93.57,102.00,90.95,101.04,9466604,0
LCID.US,D,20200210,000000,97.45,98.05,91.03,94.36,9415753,0
LCID.US,D,20200210,000000,94.68,104.00,91.97,99.78,6490146,0
LCID.US,D,20200211,000000,95.84,101.78,93.75,100.96,7217028,0
LCID.US,D,20200212,000000,97.49,97.94,90.08,90.23,9560050,0
LCID.US,D,20200213,000000,92.63,93.84,82.40,83.91,8105447,0
LCID.US,D,20200214,000000,84.39,85.32,77.54,81.63,7302218,0
LCID.US,D,20200217,000000,84.44,84.62,77.38,77.82,8430872,0
LCID.US,D,20200217,000000,79.56,80.37,72.61,74.06,12498914,0
LCID.US,D,20200217,000000,72.72,76.15,54.12,60.45,8557447,0
LCID.US,D,20200218,000000,60.96,61.58,60.83,61.55,10146897,0
LCID.US,D,20200219,000000,61.45,63.23,61.30,62.56,18863612,0
LCID.US,D,20200220,000000,62.44,65.59,62.31,64.02,14963989,0
LCID.US,D,20200221,000000,62.99,64.99,62.73,64.86,12680460,0
LCID.US,D,20200224,000000,64.52,67.67,64.21,66.45,25433340,0
LCID.US,D,20200224,000000,64.65,71.75,64.53,68.00,23012837,0
LCID.US,D,20200224,000000,68.13,69.92,68.08,69.31,13461927,0
LCID.US,D,20200225,000000,72.06,72.28,70.17,70.55,30661459,0
LCID.US,D,20200226,000000,69.21,75.25,67.22,71.93,29057592,0
LCID.US,D,20200227,000000,72.01,73.63,71.31,73.12,31699622,0
LCID.US,D,20200228,000000,73.45,76.15,72.29,74.91,26734520,0
LCID.US,D,20200302,000000,73.62,77.83,73.24,76.82,12087449,0
LCID.US,D,20200302,000000,77.00,78.86,76.92,78.44,25609902,0
LCID.US,D,20200302,000000,78.60,81.23,77.91,80.64,24398224,0
LCID.US,D,20200303,000000,81.72,84.63,81.61,82.29,25435101,0
LCID.US,D,20200304,000000,80.16,87.04,79.10,84.82,40116074,0
LCID.US,D,20200305,000000,85.24,87.40,84.20,87.07,20415811,0
LCID.US,D,20200306,000000,87.54,90.68,87.06,89.98,16816372,0
LCID.US,D,20200309,000000,90.85,93.03,89.93,91.77,41774613,0
LCID.US,D,20200309,000000,92.76,95.75,92.29,95.48,40895963,0
LCID.US,D,20200309,000000,98.02,99.83,97.78,99.32,39224942,0
LCID.US,D,20200310,000000,100.16,104.25,99.52,102.93,33668380,0
LCID.US,D,20200311,000000,103.15,109.31,102.76,106.49,44540487,0
LCID.US,D,20200312,000000,109.62,110.71,108.99,110.65,23382750,0
LCID.US,D,20200313,000000,111.10,115.72,109.76,114.33,28496494,0
LCID.US,D,20200316,000000,115.71,119.58,115.70,118.82,28699850,0
LCID.US,D,20200316,000000,118.93,120.78,112.89,114.38,14300762,0
LCID.US,D,20200316,000000,112.69,117.71,111.63,117.32,12963992,0
LCID.US,D,20200317,000000,118.60,120.61,117.61,120.13,13876456,0
LCID.US,D,20200318,000000,119.33,120.06,112.90,113.85,8858946,0
LCID.US,D,20200319,000000,113.83,114.34,113.80,114.22,12539138,0
LCID.US,D,20200320,000000,114.33,115.19,113.97,114.85,6979823,0
LCID.US,D,20200323,000000,114.49,114.58,112.74,113.23,12846884,0
LCID.US,D,20200323,000000,113.47,120.20,112.14,117.78,8661811,0
LCID.US,D,20200323,000000,114.90,133.81,112.46,130.70,8496424,0
LCID.US,D,20200324,000000,131.26,131.52,129.22,130.23,6232069,0
LCID.US,D,20200325,000000,130.13,134.50,108.33,110.35,6841921,0
LCID.US,D,20200326,000000,109.84,125.52,108.05,121.48,11220074,0
LCID.US,D,20200327,000000,121.13,124.63,120.79,124.09,14000455,0
LCID.US,D,20200330,000000,126.16,128.45,112.23,114.03,11202067,0
LCID.US,D,20200330,000000,114.68,117.42,95.10,97.22,5924557,0
LCID.US,D,20200330,000000,92.77,100.18,91.76,98.31,12478326,0
LCID.US,D,20200331,000000,98.75,104.06,98.17,102.50,5878509,0
LCID.US,D,20200401,000000,102.94,103.10,94.66,96.82,7321753,0
LCID.US,D,20200402,000000,98.77,106.72,96.98,105.40,10322722,0
LCID.US,D,20200403,000000,100.97,104.60,100.33,103.84,7357949,0
LCID.US,D,20200406,000000,104.79,105.11,101.85,103.03,7317085,0
LCID.US,D,20200406,000000,105.22,113.13,104.45,111.72,12276644,0
LCID.US,D,20200406,000000,111.89,115.94,111.81,115.24,13938045,0
LCID.US,D,20200407,000000,114.41,135.31,112.38,131.56,7646347,0
LCID.US,D,20200408,000000,129.23,134.56,128.47,133.60,8981254,0
LCID.US,D,20200409,000000,129.02,135.34,128.53,133.51,9272646,0
LCID.US,D,20200410,000000,136.15,138.39,135.73,137.01,13674182,0
LCID.US,D,20200413,000000,135.88,146.08,135.17,142.71,8093416,0
LCID.US,D,20200413,000000,141.16,145.02,131.09,134.15,12171464,0
LCID.US,D,20200413,000000,132.28,136.33,129.40,136.09,8077969,0
LCID.US,D,20200414,000000,131.57,131.57,123.87,124.00,14820929,0
LCID.US,D,20200415,000000,122.47,123.37,121.72,122.69,14396717,0
LCID.US,D,20200416,000000,124.31,126.04,112.14,116.34,5536217,0
LCID.US,D,20200417,000000,115.77,130.72,109.03,126.12,12595435,0
LCID.US,D,20200420,000000,126.63,126.99,122.31,125.13,11705015,0
LCID.US,D,20200420,000000,121.83,130.72,119.71,129.56,8522287,0
LCID.US,D,20200420,000000,129.32,130.23,125.47,126.16,10486010,0
LCID.US,D,20200421,000000,125.96,135.80,124.96,134.70,9692166,0
LCID.US,D,20200422,000000,135.24,137.05,133.22,135.13,8356355,0
LCID.US,D,20200423,000000,136.05,137.88,135.90,136.88,14567455,0
LCID.US,D,20200424,000000,138.48,146.01,138.24,141.95,9266368,0
LCID.US,D,20200427,000000,143.02,144.31,142.63,144.13,7164249,0
LCID.US,D,20200427,000000,141.75,142.38,140.50,141.89,7785361,0
LCID.US,D,20200427,000000,146.35,146.39,145.19,145.45,8528358,0
LCID.US,D,20200428,000000,144.07,144.50,139.27,142.25,10987697,0
LCID.US,D,20200429,000000,139.95,140.71,133.90,136.35,12256847,0
LCID.US,D,20200430,000000,139.83,142.92,139.82,142.29,11490562,0
LCID.US,D,20200501,000000,143.60,158.23,139.38,155.12,12492071,0
LCID.US,D,20200504,000000,156.72,177.91,151.17,172.35,7796182,0
LCID.US,D,20200504,000000,167.52,168.33,163.50,163.78,7917968,0
LCID.US,D,20200504,000000,169.31,171.65,163.97,164.16,13617679,0
LCID.US,D,20200505,000000,166.26,166.55,162.77,164.01,6550378,0
LCID.US,D,20200506,000000,163.82,172.36,162.46,168.77,11799572,0
LCID.US,D,20200507,000000,169.49,169.52,159.58,163.63,13079175,0
LCID.US,D,20200508,000000,162.23,167.20,161.58,165.75,12353122,0
LCID.US,D,20200511,000000,166.01,175.89,162.94,172.18,12995142,0
LCID.US,D,20200511,000000,176.99,178.43,173.36,174.47,9055149,0
LCID.US,D,20200511,000000,177.74,179.48,158.06,162.67,11203346,0
LCID.US,D,20200512,000000,162.85,163.90,151.68,156.41,9733572,0
LCID.US,D,20200513,000000,159.62,162.21,158.61,161.59,13458048,0
LCID.US,D,20200514,000000,165.20,165.56,163.02,163.94,14595741,0
LCID.US,D,20200515,000000,168.37,168.94,156.36,161.16,12416565,0
LCID.US,D,20200518,000000,159.82,179.74,153.78,175.28,6520131,0
LCID.US,D,20200518,000000,174.52,175.10,174.23,174.60,5404955,0
LCID.US,D,20200518,000000,178.07,179.34,169.52,175.38,8323070,0
LCID.US,D,20200519,000000,174.19,182.65,173.44,176.94,14182743,0
LCID.US,D,20200520,000000,177.43,199.76,171.58,190.46,6475842,0
LCID.US,D,20200521,000000,191.81,199.81,191.69,198.39,5914635,0
LCID.US,D,20200522,000000,195.87,200.67,195.24,197.00,13901593,0
LCID.US,D,20200525,000000,198.48,199.49,194.06,196.56,11699872,0
LCID.US,D,20200525,000000,202.08,204.45,174.52,183.95,10679437,0
LCID.US,D,20200525,000000,184.38,184.66,165.57,166.22,11553670,0
LCID.US,D,20200526,000000,159.91,177.33,158.64,176.16,9033879,0
LCID.US,D,20200527,000000,179.96,198.97,176.75,197.39,14510102,0
LCID.US,D,20200528,000000,195.75,229.52,192.41,222.27,7774652,0
LCID.US,D,20200529,000000,211.53,220.07,207.91,219.63,7011444,0
LCID.US,D,20200601,000000,214.15,218.72,213.20,215.20,12060202,0
LCID.US,D,20200601,000000,220.51,224.49,188.65,197.85,14572582,0
LCID.US,D,20200601,000000,207.87,227.84,204.56,216.84,9086343,0
LCID.US,D,20200602,000000,219.16,219.26,209.59,212.89,8385819,0
LCID.US,D,20200603,000000,215.39,219.12,188.96,204.69,8022235,0
LCID.US,D,20200604,000000,197.69,207.64,196.79,204.63,13615907,0
LCID.US,D,20200605,000000,192.66,201.52,190.36,200.16,14511216,0
LCID.US,D,20200608,000000,202.65,209.40,164.24,175.73,9728171,0
LCID.US,D,20200608,000000,172.07,180.48,151.88,159.55,5020682,0
LCID.US,D,20200608,000000,155.01,179.39,149.18,170.23,5546511,0
LCID.US,D,20200609,000000,172.99,175.29,153.96,161.91,14642797,0
LCID.US,D,20200610,000000,158.58,159.90,154.39,154.76,9730690,0
LCID.US,D,20200611,000000,154.68,177.17,152.58,176.87,11595621,0
LCID.US,D,20200612,000000,174.85,180.31,150.96,157.40,8688645,0
LCID.US,D,20200615,000000,155.55,163.93,130.41,135.14,13615644,0
LCID.US,D,20200615,000000,138.03,140.48,137.99,140.03,6854342,0
LCID.US,D,20200615,000000,131.77,148.48,130.70,144.36,12345052,0
LCID.US,D,20200616,000000,142.20,151.80,141.90,151.52,7946389,0
LCID.US,D,20200617,000000,149.86,163.89,148.62,163.46,12266003,0
LCID.US,D,20200618,000000,161.89,164.03,149.34,149.49,5270160,0
LCID.US,D,20200619,000000,155.21,164.20,153.90,159.48,6584404,0
LCID.US,D,20200622,000000,157.89,167.82,154.65,164.67,5137364,0
LCID.US,D,20200622,000000,164.10,170.21,159.70,166.70,9343702,0
LCID.US,D,20200622,000000,164.66,170.21,147.18,148.76,13624260,0
LCID.US,D,20200623,000000,147.33,152.43,146.85,150.17,6614608,0
LCID.US,D,20200624,000000,156.60,156.66,152.77,154.39,13890919,0
LCID.US,D,20200625,000000,152.82,154.78,146.41,148.55,9422009,0
LCID.US,D,20200626,000000,148.85,149.07,140.07,140.79,13604313,0
LCID.US,D,20200629,000000,138.00,145.60,135.81,142.17,8360559,0
LCID.US,D,20200629,000000,143.31,148.10,129.44,131.20,12268477,0
LCID.US,D,20200629,000000,132.87,134.06,125.62,131.16,10654445,0
LCID.US,D,20200630,000000,131.82,145.07,130.08,140.48,11041786,0
LCID.US,D,20200701,000000,142.93,149.46,130.37,133.43,11405601,0
LCID.US,D,20200702,000000,129.23,147.96,125.58,147.92,13770968,0
LCID.US,D,20200703,000000,146.38,149.43,136.66,137.76,7900453,0
LCID.US,D,20200706,000000,135.52,146.66,133.41,146.00,12210974,0
LCID.US,D,20200706,000000,143.51,157.21,139.58,152.82,6744026,0
LCID.US,D,20200706,000000,150.99,152.53,145.26,149.07,13501078,0
LCID.US,D,20200707,000000,152.86,157.21,138.30,140.93,11013316,0
LCID.US,D,20200708,000000,145.80,147.49,126.21,130.45,9704971,0
LCID.US,D,20200709,000000,137.32,140.28,136.09,139.54,8850930,0
LCID.US,D,20200710,000000,141.37,143.74,131.39,133.55,6795203,0
LCID.US,D,20200713,000000,133.19,135.28,123.68,124.51,11038003,0
LCID.US,D,20200713,000000,133.33,136.49,122.27,125.48,13717267,0
LCID.US,D,20200713,000000,122.81,123.04,113.15,113.32,14002646,0
LCID.US,D,20200714,000000,111.25,113.48,101.46,102.64,8317731,0
LCID.US,D,20200715,000000,99.49,105.83,97.99,104.19,11541194,0
LCID.US,D,20200716,000000,103.08,103.20,99.72,100.00,6381425,0
LCID.US,D,20200717,000000,97.85,98.92,97.46,98.84,6029455,0
LCID.US,D,20200720,000000,98.26,99.01,95.06,95.15,7778150,0
LCID.US,D,20200720,000000,94.01,99.11,92.03,95.64,13838406,0
LCID.US,D,20200720,000000,93.28,99.82,92.34,98.94,10977930,0
LCID.US,D,20200721,000000,101.36,103.97,101.10,103.10,9732446,0
LCID.US,D,20200722,000000,104.17,105.77,103.48,105.50,12302837,0
LCID.US,D,20200723,000000,104.71,106.38,103.86,105.70,7774454,0
LCID.US,D,20200724,000000,101.71,105.41,101.22,103.54,9014831,0
LCID.US,D,20200727,000000,104.46,108.80,104.21,105.62,9545641,0
LCID.US,D,20200727,000000,105.22,121.90,104.59,114.52,8393349,0
LCID.US,D,20200727,000000,111.90,115.77,111.61,115.17,11723553,0
LCID.US,D,20200728,000000,109.76,126.56,107.26,123.66,5880618,0
LCID.US,D,20200729,000000,127.62,127.77,125.41,125.72,8058838,0
LCID.US,D,20200730,000000,124.34,153.22,117.70,147.11,13601630,0
LCID.US,D,20200731,000000,151.76,154.00,139.12,151.01,14438164,0
LCID.US,D,20200803,000000,149.54,158.02,148.95,157.54,7870864,0
LCID.US,D,20200803,000000,159.49,163.34,149.10,151.52,10357939,0
LCID.US,D,20200803,000000,152.94,158.87,152.34,158.40,6035367,0
LCID.US,D,20200804,000000,156.35,159.77,149.54,150.43,7040046,0
LCID.US,D,20200805,000000,150.07,151.22,140.62,145.35,12246948,0
LCID.US,D,20200806,000000,150.82,151.58,147.12,149.31,13314236,0
LCID.US,D,20200807,000000,157.90,160.40,140.25,141.62,6823086,0
LCID.US,D,20200810,000000,139.20,146.01,136.05,144.85,7425145,0
LCID.US,D,20200810,000000,145.70,147.37,138.37,139.00,8965248,0
LCID.US,D,20200810,000000,137.58,139.72,119.16,121.71,12167179,0
LCID.US,D,20200811,000000,125.55,129.09,116.45,116.71,6227766,0
LCID.US,D,20200812,000000,117.02,119.99,114.69,119.51,10612660,0
LCID.US,D,20200813,000000,119.70,136.47,117.26,129.91,8256180,0
LCID.US,D,20200814,000000,133.48,133.86,119.15,120.00,12492946,0
LCID.US,D,20200817,000000,119.13,130.32,116.37,126.63,13889358,0
LCID.US,D,20200817,000000,123.22,126.96,123.01,125.75,6975972,0
LCID.US,D,20200817,000000,121.96,142.76,117.45,134.72,6742639,0
LCID.US,D,20200818,000000,132.47,141.43,127.88,141.33,6269944,0
LCID.US,D,20200819,000000,141.70,147.44,128.51,130.71,5003109,0
LCID.US,D,20200820,000000,128.41,128.51,127.98,128.11,13993275,0
LCID.US,D,20200821,000000,130.04,137.52,128.64,136.83,9227611,0
LCID.US,D,20200824,000000,137.23,146.37,136.51,144.08,14223272,0
LCID.US,D,20200824,000000,141.87,148.37,140.02,146.95,14736414,0
LCID.US,D,20200824,000000,149.08,151.22,113.31,121.58,8910094,0
LCID.US,D,20200825,000000,120.14,144.18,116.43,140.62,13771179,0
LCID.US,D,20200826,000000,140.22,158.36,139.36,155.37,12996523,0
LCID.US,D,20200827,000000,151.57,156.37,150.53,155.72,11521321,0
LCID.US,D,20200828,000000,158.83,159.65,136.48,144.14,8772720,0
LCID.US,D,20200831,000000,143.77,150.16,139.65,148.85,11338682,0
LCID.US,D,20200831,000000,145.91,158.76,144.92,155.80,7738469,0
LCID.US,D,20200831,000000,153.99,159.86,152.10,156.87,7424975,0
LCID.US,D,20200901,000000,160.75,162.34,154.11,154.27,6725540,0
LCID.US,D,20200902,000000,157.27,159.16,156.22,158.43,9730534,0
LCID.US,D,20200903,000000,156.45,180.82,146.83,176.68,8000758,0
LCID.US,D,20200904,000000,181.68,182.37,154.90,163.70,6503108,0
LCID.US,D,20200907,000000,163.43,165.18,147.90,148.30,12582179,0
LCID.US,D,20200907,000000,147.67,148.65,140.36,142.45,6393385,0
LCID.US,D,20200907,000000,141.62,144.12,135.99,138.11,11188623,0
LCID.US,D,20200908,000000,135.63,140.97,135.54,139.14,5469973,0
LCID.US,D,20200909,000000,140.82,141.54,133.12,136.30,9554848,0
LCID.US,D,20200910,000000,136.51,136.65,136.42,136.44,7734504,0
LCID.US,D,20200911,000000,137.06,141.51,135.89,140.43,6575401,0
LCID.US,D,20200914,000000,138.02,142.60,137.69,141.85,9097414,0
LCID.US,D,20200914,000000,133.38,150.89,129.99,143.69,12982593,0
LCID.US,D,20200914,000000,146.72,152.10,139.07,141.05,14724275,0
LCID.US,D,20200915,000000,136.58,147.39,108.07,115.70,5613411,0
LCID.US,D,20200916,000000,118.26,120.14,101.90,103.41,11369646,0
LCID.US,D,20200917,000000,103.21,103.83,100.41,100.57,14829065,0
LCID.US,D,20200918,000000,102.28,103.08,93.74,96.20,5904913,0
LCID.US,D,20200921,000000,96.37,97.52,88.28,88.31,13994585,0
LCID.US,D,20200921,000000,86.81,89.67,77.69,81.45,11333941,0
LCID.US,D,20200921,000000,77.36,84.54,76.49,84.27,9265127,0
LCID.US,D,20200922,000000,81.60,84.15,73.32,75.28,13120784,0
LCID.US,D,20200923,000000,77.86,78.60,77.12,77.47,6448011,0
LCID.US,D,20200924,000000,78.08,79.18,72.62,72.96,13368772,0
LCID.US,D,20200925,000000,71.70,84.63,68.95,83.01,13663116,0
LCID.US,D,20200928,000000,84.08,85.41,76.56,79.76,14043977,0
LCID.US,D,20200928,000000,79.83,83.83,79.32,83.09,12199734,0
LCID.US,D,20200928,000000,80.60,86.47,77.35,83.45,9820141,0
LCID.US,D,20200929,000000,83.83,84.49,81.86,82.94,13656554,0
LCID.US,D,20200930,000000,83.34,85.20,81.55,82.03,5807698,0
LCID.US,D,20201001,000000,79.45,84.45,79.40,83.32,10024323,0
LCID.US,D,20201002,000000,82.10,92.36,81.74,90.48,5818971,0
LCID.US,D,20201005,000000,88.39,88.41,82.84,83.08,13769042,0
LCID.US,D,20201005,000000,84.04,84.42,79.64,81.68,9332087,0
LCID.US,D,20201005,000000,83.97,88.23,83.06,86.86,9703834,0
LCID.US,D,20201006,000000,85.23,85.43,80.88,81.91,10428125,0
LCID.US,D,20201007,000000,81.52,87.08,79.37,86.42,8205036,0
LCID.US,D,20201008,000000,84.36,84.99,84.35,84.91,8408506,0
LCID.US,D,20201009,000000,84.63,84.96,75.48,78.25,14469949,0
LCID.US,D,20201012,000000,79.30,80.03,71.53,73.63,12913101,0
LCID.US,D,20201012,000000,73.07,78.11,71.33,77.88,11708534,0
LCID.US,D,20201012,000000,78.62,78.63,77.66,77.80,8458054,0
LCID.US,D,20201013,000000,77.59,78.37,71.46,73.26,12785531,0
LCID.US,D,20201014,000000,72.74,75.75,72.36,75.35,5284604,0
LCID.US,D,20201015,000000,75.27,77.96,74.38,77.18,14384765,0
LCID.US,D,20201016,000000,76.97,77.67,76.55,77.59,14982582,0
LCID.US,D,20201019,000000,77.17,80.90,76.85,80.02,8905158,0
LCID.US,D,20201019,000000,81.25,81.39,80.11,80.62,5831913,0
LCID.US,D,20201019,000000,79.53,83.70,78.11,82.31,7583654,0
LCID.US,D,20201020,000000,84.59,84.65,83.59,83.62,14685985,0
LCID.US,D,20201021,000000,85.43,86.43,82.66,83.05,8194705,0
LCID.US,D,20201022,000000,82.95,83.82,75.89,77.62,7753244,0
LCID.US,D,20201023,000000,79.00,83.07,78.82,82.01,7932624,0
LCID.US,D,20201026,000000,81.80,82.01,73.14,77.08,9814718,0
LCID.US,D,20201026,000000,76.80,89.12,74.68,85.05,9481306,0
LCID.US,D,20201026,000000,84.93,84.93,77.06,78.59,10864302,0
LCID.US,D,20201027,000000,77.68,85.52,76.55,85.21,13470021,0
LCID.US,D,20201028,000000,85.50,85.54,85.24,85.54,8290159,0
LCID.US,D,20201029,000000,86.26,90.99,84.33,89.37,9481024,0
LCID.US,D,20201030,000000,90.71,91.65,86.05,86.73,11672471,0
LCID.US,D,20201102,000000,88.23,88.48,82.51,83.17,8460031,0
LCID.US,D,20201102,000000,81.93,90.50,79.71,88.49,12197899,0
LCID.US,D,20201102,000000,87.74,90.41,86.91,87.90,6918219,0
LCID.US,D,20201103,000000,86.29,90.44,78.31,81.27,13232280,0
LCID.US,D,20201104,000000,80.83,84.49,72.30,73.78,9537883,0
LCID.US,D,20201105,000000,73.04,76.36,72.58,75.93,12373034,0
LCID.US,D,20201106,000000,75.54,76.86,73.74,74.50,13718364,0
LCID.US,D,20201109,000000,75.90,76.30,54.34,60.61,10671440,0
LCID.US,D,20201109,000000,62.17,62.27,59.64,60.67,7089840,0
LCID.US,D,20201109,000000,61.18,70.58,60.87,68.51,6393014,0
LCID.US,D,20201110,000000,67.93,72.66,66.40,71.80,11925537,0
LCID.US,D,20201111,000000,71.75,78.17,70.47,75.50,9107163,0
LCID.US,D,20201112,000000,72.49,72.59,60.93,64.15,11817412,0
LCID.US,D,20201113,000000,65.28,67.90,63.66,66.53,7650370,0
LCID.US,D,20201116,000000,66.63,67.53,62.41,63.39,13215049,0
LCID.US,D,20201116,000000,63.08,63.19,62.47,62.79,6682289,0
LCID.US,D,20201116,000000,62.86,64.75,62.57,64.38,14066411,0
LCID.US,D,20201117,000000,64.64,65.78,64.40,64.80,8574489,0
LCID.US,D,20201118,000000,63.51,63.70,61.81,61.83,7322910,0
LCID.US,D,20201119,000000,62.18,63.52,52.21,55.00,11273934,0
LCID.US,D,20201120,000000,54.21,54.99,51.72,53.55,8920897,0
LCID.US,D,20201123,000000,54.36,55.41,53.30,54.34,5221565,0
LCID.US,D,20201123,000000,53.76,59.86,52.85,59.05,12454540,0
LCID.US,D,20201123,000000,59.75,60.07,56.58,57.71,10574000,0
LCID.US,D,20201124,000000,57.15,57.46,53.22,54.08,12080886,0
LCID.US,D,20201125,000000,53.89,58.02,53.73,56.54,6784401,0
LCID.US,D,20201126,000000,55.95,58.49,47.63,49.64,10232929,0
LCID.US,D,20201127,000000,48.97,56.26,46.80,53.44,6731814,0
LCID.US,D,20201130,000000,52.69,54.76,52.04,54.75,5717433,0
LCID.US,D,20201130,000000,54.12,56.89,53.91,56.26,5847344,0
LCID.US,D,20201130,000000,56.24,56.73,56.19,56.39,14406174,0
LCID.US,D,20201201,000000,54.15,54.95,53.02,53.70,9997503,0
LCID.US,D,20201202,000000,54.63,55.21,54.54,54.97,10073783,0
LCID.US,D,20201203,000000,56.11,56.25,49.57,50.78,12663901,0
LCID.US,D,20201204,000000,50.11,53.72,49.93,52.54,6857221,0
LCID.US,D,20201207,000000,52.89,53.41,52.55,52.80,11961083,0
