<TICKER>,<PER>,<DATE>,<TIME>,<OPEN>,<HIGH>,<LOW>,<CLOSE>,<VOL>,<OPENINT>
MARA.US,D,20180102,000000,20.01,20.02,19.44,19.48,11273535,0
MARA.US,D,20180103,000000,19.45,19.60,19.44,19.59,13799176,0
MARA.US,D,20180104,000000,19.63,19.64,19.23,19.24,17627771,0
MARA.US,D,20180105,000000,19.04,19.09,18.48,18.54,10296260,0
MARA.US,D,20180108,000000,18.72,18.77,18.72,18.77,13261589,0
MARA.US,D,20180108,000000,18.76,18.78,18.40,18.42,16464875,0
MARA.US,D,20180108,000000,18.47,18.52,18.13,18.34,11124503,0
MARA.US,D,20180109,000000,18.54,18.73,17.95,18.22,16501408,0
MARA.US,D,20180110,000000,18.13,18.13,18.07,18.09,9646913,0
MARA.US,D,20180111,000000,18.04,18.05,17.81,17.90,13788434,0
MARA.US,D,20180112,000000,17.87,17.89,17.78,17.82,15236174,0
MARA.US,D,20180115,000000,17.89,17.99,17.58,17.59,12134645,0
MARA.US,D,20180115,000000,17.60,17.61,17.23,17.30,7817448,0
MARA.US,D,20180115,000000,17.36,17.49,16.84,16.90,14234104,0
MARA.US,D,20180116,000000,17.00,17.13,16.35,16.49,10247859,0
MARA.US,D,20180117,000000,16.52,16.53,16.44,16.46,16763257,0
MARA.US,D,20180118,000000,16.45,16.60,16.43,16.50,11414998,0
MARA.US,D,20180119,000000,16.43,16.49,15.80,16.04,8851333,0
MARA.US,D,20180122,000000,16.04,16.19,16.02,16.14,6851192,0
MARA.US,D,20180122,000000,16.11,16.69,16.02,16.68,10786448,0
MARA.US,D,20180122,000000,16.72,16.74,16.48,16.54,8417994,0
MARA.US,D,20180123,000000,16.57,17.47,16.54,17.23,11499692,0
MARA.US,D,20180124,000000,17.21,17.23,17.11,17.12,10121073,0
MARA.US,D,20180125,000000,17.22,17.53,17.20,17.33,12484511,0
MARA.US,D,20180126,000000,17.25,18.43,17.12,18.14,14554853,0
MARA.US,D,20180129,000000,18.01,18.98,17.97,18.81,15245114,0
MARA.US,D,20180129,000000,18.74,19.00,18.74,18.98,16429928,0
MARA.US,D,20180129,000000,18.97,19.05,18.52,18.71,12411574,0
MARA.US,D,20180130,000000,18.65,18.76,18.53,18.63,6773529,0
MARA.US,D,20180131,000000,18.65,18.66,18.57,18.57,14586086,0
MARA.US,D,20180201,000000,18.60,18.65,18.20,18.31,12242782,0
MARA.US,D,20180202,000000,18.25,18.76,18.23,18.67,13232295,0
MARA.US,D,20180205,000000,18.71,18.82,18.24,18.27,9712370,0
MARA.US,D,20180205,000000,18.24,18.28,18.24,18.27,14270901,0
MARA.US,D,20180205,000000,18.29,18.30,18.15,18.19,13657331,0
MARA.US,D,20180206,000000,18.19,18.23,18.18,18.22,14394991,0
MARA.US,D,20180207,000000,18.25,18.36,18.24,18.35,13713714,0
MARA.US,D,20180208,000000,18.37,18.38,18.36,18.38,13373813,0
MARA.US,D,20180209,000000,18.47,18.60,18.41,18.59,6525647,0
MARA.US,D,20180212,000000,18.51,18.84,18.45,18.81,10346682,0
MARA.US,D,20180212,000000,18.84,18.87,18.84,18.86,9354240,0
MARA.US,D,20180212,000000,18.88,19.13,18.79,19.09,16325096,0
MARA.US,D,20180213,000000,19.08,19.16,19.07,19.15,13591132,0
MARA.US,D,20180214,000000,19.19,19.26,19.17,19.22,10258878,0
MARA.US,D,20180215,000000,19.28,19.36,19.25,19.33,15035084,0
MARA.US,D,20180216,000000,19.22,19.28,18.93,18.96,9750301,0
MARA.US,D,20180219,000000,19.03,19.21,18.95,19.14,7790255,0
MARA.US,D,20180219,000000,19.12,19.14,19.02,19.07,8878943,0
MARA.US,D,20180219,000000,19.11,19.28,19.06,19.24,7439090,0
MARA.US,D,20180220,000000,19.28,19.30,19.18,19.22,12494483,0
MARA.US,D,20180221,000000,19.26,19.30,19.24,19.29,11716603,0
MARA.US,D,20180222,000000,19.20,19.21,19.11,19.14,12320669,0
MARA.US,D,20180223,000000,19.20,19.26,19.07,19.12,12358840,0
MARA.US,D,20180226,000000,19.14,19.40,19.14,19.34,10699241,0
MARA.US,D,20180226,000000,19.36,19.42,19.25,19.27,16543097,0
MARA.US,D,20180226,000000,19.31,19.32,19.30,19.32,6826141,0
MARA.US,D,20180227,000000,19.32,19.36,19.32,19.36,9793073,0
MARA.US,D,20180228,000000,19.40,19.41,19.39,19.40,9043269,0
MARA.US,D,20180301,000000,19.42,19.42,19.32,19.36,12396266,0
MARA.US,D,20180302,000000,19.34,19.34,19.32,19.32,15503684,0
MARA.US,D,20180305,000000,19.29,19.32,19.07,19.15,6231180,0
MARA.US,D,20180305,000000,19.13,19.24,19.11,19.24,17812023,0
MARA.US,D,20180305,000000,19.17,19.23,19.15,19.22,13649479,0
MARA.US,D,20180306,000000,19.22,19.28,19.10,19.14,9693394,0
MARA.US,D,20180307,000000,19.11,19.15,19.01,19.03,9659218,0
MARA.US,D,20180308,000000,19.03,19.27,18.88,19.24,10345384,0
MARA.US,D,20180309,000000,19.26,19.27,19.25,19.27,13541014,0
MARA.US,D,20180312,000000,19.20,19.28,19.19,19.25,7446599,0
MARA.US,D,20180312,000000,19.24,19.24,18.97,19.07,12875014,0
MARA.US,D,20180312,000000,19.12,19.24,18.64,18.73,16366702,0
MARA.US,D,20180313,000000,18.64,18.73,18.63,18.72,6201238,0
MARA.US,D,20180314,000000,18.77,18.80,18.43,18.50,11108411,0
MARA.US,D,20180315,000000,18.54,18.60,18.39,18.49,16307308,0
MARA.US,D,20180316,000000,18.49,18.55,18.31,18.34,11892996,0
MARA.US,D,20180319,000000,18.37,18.45,18.25,18.28,15989394,0
MARA.US,D,20180319,000000,18.23,18.51,18.23,18.41,8899111,0
MARA.US,D,20180319,000000,18.36,18.44,18.34,18.42,17284665,0
MARA.US,D,20180320,000000,18.38,18.43,18.37,18.43,7154251,0
MARA.US,D,20180321,000000,18.42,18.60,18.40,18.56,6441616,0
MARA.US,D,20180322,000000,18.59,18.59,18.57,18.57,15210720,0
MARA.US,D,20180323,000000,18.63,18.69,18.60,18.69,10426004,0
MARA.US,D,20180326,000000,18.77,18.79,18.68,18.75,12159941,0
MARA.US,D,20180326,000000,18.86,18.93,18.66,18.71,12497440,0
MARA.US,D,20180326,000000,18.73,18.74,18.55,18.56,12556781,0
MARA.US,D,20180327,000000,18.57,18.57,18.54,18.55,11167318,0
MARA.US,D,20180328,000000,18.51,18.84,18.47,18.71,10102598,0
MARA.US,D,20180329,000000,18.70,18.72,18.59,18.60,12243793,0
MARA.US,D,20180330,000000,18.60,18.63,18.44,18.48,10094166,0
MARA.US,D,20180402,000000,18.51,18.94,18.40,18.76,14536359,0
MARA.US,D,20180402,000000,18.82,18.86,18.31,18.66,8229897,0
MARA.US,D,20180402,000000,18.63,18.93,18.58,18.89,11779043,0
MARA.US,D,20180403,000000,18.81,18.84,18.75,18.80,15380632,0
MARA.US,D,20180404,000000,18.68,18.70,18.37,18.49,15356305,0
MARA.US,D,20180405,000000,18.48,19.17,18.40,18.93,7307194,0
MARA.US,D,20180406,000000,19.03,19.21,18.77,18.88,10724793,0
MARA.US,D,20180409,000000,19.04,19.11,19.03,19.09,10220747,0
MARA.US,D,20180409,000000,19.16,19.18,19.08,19.10,12731493,0
MARA.US,D,20180409,000000,19.06,19.71,19.00,19.53,14527552,0
MARA.US,D,20180410,000000,19.59,19.61,19.05,19.09,9801554,0
MARA.US,D,20180411,000000,19.14,19.18,19.13,19.13,9475775,0
MARA.US,D,20180412,000000,19.08,19.66,19.06,19.31,15443122,0
MARA.US,D,20180413,000000,19.11,19.24,19.00,19.23,14370409,0
MARA.US,D,20180416,000000,19.25,19.33,18.94,19.00,13389255,0
MARA.US,D,20180416,000000,19.11,19.38,17.98,18.13,13625974,0
MARA.US,D,20180416,000000,18.14,18.30,18.13,18.18,12028803,0
MARA.US,D,20180417,000000,17.91,17.92,17.80,17.85,10462751,0
MARA.US,D,20180418,000000,17.65,17.70,16.45,17.00,16925497,0
MARA.US,D,20180419,000000,17.07,17.46,17.05,17.29,16533794,0
MARA.US,D,20180420,000000,17.13,17.97,16.92,17.89,6397477,0
MARA.US,D,20180423,000000,17.83,18.70,17.77,18.50,6902399,0
MARA.US,D,20180423,000000,18.36,19.24,18.02,19.03,10024437,0
MARA.US,D,20180423,000000,19.65,19.68,19.19,19.32,6451486,0
MARA.US,D,20180424,000000,19.31,20.01,19.27,19.47,8864831,0
MARA.US,D,20180425,000000,19.68,19.75,19.36,19.52,6498636,0
MARA.US,D,20180426,000000,19.44,19.51,18.81,18.92,12853898,0
MARA.US,D,20180427,000000,18.72,20.09,18.34,19.92,9379905,0
MARA.US,D,20180430,000000,19.34,19.87,19.21,19.65,11860578,0
MARA.US,D,20180430,000000,19.90,20.84,19.65,20.39,8437674,0
MARA.US,D,20180430,000000,20.01,22.46,19.49,21.60,9382107,0
MARA.US,D,20180501,000000,21.36,22.03,21.13,21.99,16826596,0
MARA.US,D,20180502,000000,22.01,22.60,21.96,22.34,9882399,0
MARA.US,D,20180503,000000,22.14,22.25,21.34,21.60,7972152,0
MARA.US,D,20180504,000000,21.53,21.58,21.51,21.55,10820716,0
MARA.US,D,20180507,000000,21.41,21.75,21.32,21.43,9992760,0
MARA.US,D,20180507,000000,21.75,22.99,21.29,22.70,11114278,0
MARA.US,D,20180507,000000,22.77,23.07,20.72,21.35,9055887,0
MARA.US,D,20180508,000000,21.48,21.69,20.45,20.72,16838910,0
MARA.US,D,20180509,000000,20.69,21.60,20.58,21.27,9552102,0
MARA.US,D,20180510,000000,21.17,21.75,19.72,19.79,13088490,0
MARA.US,D,20180511,000000,20.01,20.38,19.91,20.32,16978303,0
MARA.US,D,20180514,000000,20.00,21.16,19.86,21.02,12217727,0
MARA.US,D,20180514,000000,20.84,21.05,20.03,20.21,11620144,0
MARA.US,D,20180514,000000,20.16,20.27,19.90,20.14,11595804,0
MARA.US,D,20180515,000000,20.15,20.26,19.47,19.70,9042750,0
MARA.US,D,20180516,000000,19.58,20.09,19.41,19.98,17118352,0
MARA.US,D,20180517,000000,19.92,19.93,19.63,19.74,15571289,0
MARA.US,D,20180518,000000,19.46,21.02,19.29,20.69,10062413,0
MARA.US,D,20180521,000000,20.97,21.00,20.16,20.29,13388274,0
MARA.US,D,20180521,000000,20.72,20.74,20.04,20.30,14251467,0
MARA.US,D,20180521,000000,20.24,20.25,19.81,19.86,12494084,0
MARA.US,D,20180522,000000,20.09,20.24,19.68,19.75,16073366,0
MARA.US,D,20180523,000000,19.85,21.52,19.81,21.08,16392364,0
MARA.US,D,20180524,000000,20.71,22.18,20.70,21.69,16217189,0
MARA.US,D,20180525,000000,21.59,24.25,21.53,23.39,13592699,0
MARA.US,D,20180528,000000,23.15,24.80,22.76,24.74,8910916,0
MARA.US,D,20180528,000000,24.89,25.06,24.14,24.24,16430230,0
MARA.US,D,20180528,000000,24.42,24.99,23.46,23.73,11198777,0
MARA.US,D,20180529,000000,23.69,23.84,23.36,23.66,17970917,0
MARA.US,D,20180530,000000,23.36,23.45,23.06,23.34,9949775,0
MARA.US,D,20180531,000000,23.10,23.21,22.81,22.85,10185512,0
MARA.US,D,20180601,000000,22.39,22.47,22.35,22.44,13430653,0
MARA.US,D,20180604,000000,22.13,22.20,21.87,21.87,6224507,0
MARA.US,D,20180604,000000,22.18,22.20,21.06,21.45,11842523,0
MARA.US,D,20180604,000000,21.40,23.06,21.13,22.42,15147307,0
MARA.US,D,20180605,000000,22.87,22.89,22.00,22.45,17044033,0
MARA.US,D,20180606,000000,22.51,22.58,21.85,22.24,10711831,0
MARA.US,D,20180607,000000,22.61,22.73,22.57,22.63,9946818,0
MARA.US,D,20180608,000000,22.74,22.97,22.69,22.97,17764324,0
MARA.US,D,20180611,000000,23.17,24.22,22.93,24.06,15689164,0
MARA.US,D,20180611,000000,23.82,24.84,23.57,24.48,9751289,0
MARA.US,D,20180611,000000,24.87,25.98,24.63,25.61,16409655,0
MARA.US,D,20180612,000000,25.45,25.46,24.15,24.54,10718229,0
MARA.US,D,20180613,000000,24.25,24.50,23.49,23.78,6827720,0
MARA.US,D,20180614,000000,23.20,25.06,22.93,24.33,12561436,0
MARA.US,D,20180615,000000,24.88,24.95,24.01,24.08,13161844,0
MARA.US,D,20180618,000000,24.13,26.48,23.89,25.76,6416475,0
MARA.US,D,20180618,000000,26.12,26.40,26.08,26.37,9010069,0
MARA.US,D,20180618,000000,26.22,27.22,26.19,27.05,15924079,0
MARA.US,D,20180619,000000,26.65,28.69,26.61,28.28,14195755,0
MARA.US,D,20180620,000000,27.93,29.71,27.37,29.36,11074459,0
MARA.US,D,20180621,000000,29.97,30.06,29.61,29.66,13838066,0
MARA.US,D,20180622,000000,29.16,31.25,28.51,31.02,9197394,0
MARA.US,D,20180625,000000,31.34,31.41,30.01,30.37,13813840,0
MARA.US,D,20180625,000000,30.44,30.49,26.10,27.03,7778638,0
MARA.US,D,20180625,000000,27.18,27.45,26.99,27.39,14115774,0
MARA.US,D,20180626,000000,27.75,27.90,23.79,25.65,11313632,0
MARA.US,D,20180627,000000,26.29,26.66,25.00,25.36,9272722,0
MARA.US,D,20180628,000000,25.54,25.58,24.97,25.22,11498674,0
MARA.US,D,20180629,000000,24.65,25.91,24.30,25.51,10674289,0
MARA.US,D,20180702,000000,25.03,25.63,24.86,25.57,12426019,0
MARA.US,D,20180702,000000,25.59,25.61,22.48,22.86,16080349,0
MARA.US,D,20180702,000000,23.10,23.21,22.34,22.48,9214946,0
MARA.US,D,20180703,000000,23.14,25.21,21.95,24.82,14424514,0
MARA.US,D,20180704,000000,24.56,27.09,24.12,26.69,12303803,0
MARA.US,D,20180705,000000,26.88,27.19,26.85,27.12,6419659,0
MARA.US,D,20180706,000000,27.27,28.44,23.47,24.17,7148567,0
MARA.US,D,20180709,000000,24.22,25.09,23.90,24.75,12855316,0
MARA.US,D,20180709,000000,24.90,28.50,24.50,26.77,10253459,0
MARA.US,D,20180709,000000,27.12,27.13,26.90,26.90,13457161,0
MARA.US,D,20180710,000000,27.19,27.53,24.89,26.01,14401140,0
MARA.US,D,20180711,000000,26.23,27.94,25.72,27.92,7155633,0
MARA.US,D,20180712,000000,27.65,27.77,27.08,27.11,6258705,0
MARA.US,D,20180713,000000,27.26,29.78,27.14,28.78,16307633,0
MARA.US,D,20180716,000000,29.03,29.14,27.65,28.09,13815112,0
MARA.US,D,20180716,000000,27.62,28.64,25.10,25.84,9334219,0
MARA.US,D,20180716,000000,26.21,27.15,26.09,27.12,17330072,0
MARA.US,D,20180717,000000,27.01,27.35,26.96,27.31,11064644,0
MARA.US,D,20180718,000000,27.64,27.75,27.47,27.65,8886374,0
MARA.US,D,20180719,000000,28.04,29.71,27.94,29.60,11561806,0
MARA.US,D,20180720,000000,28.35,28.45,27.51,27.80,8375392,0
MARA.US,D,20180723,000000,27.53,27.72,26.86,27.13,12939377,0
MARA.US,D,20180723,000000,27.60,28.83,27.31,28.09,8205386,0
MARA.US,D,20180723,000000,28.21,30.33,28.01,29.07,17912723,0
MARA.US,D,20180724,000000,29.32,29.41,26.22,27.36,10075629,0
MARA.US,D,20180725,000000,27.56,29.81,27.34,28.98,13146147,0
MARA.US,D,20180726,000000,28.71,31.80,28.04,29.94,7705371,0
MARA.US,D,20180727,000000,30.32,30.38,28.06,28.73,11052875,0
MARA.US,D,20180730,000000,27.91,29.01,27.87,28.81,11887818,0
MARA.US,D,20180730,000000,28.44,28.61,27.33,27.38,12902071,0
MARA.US,D,20180730,000000,27.95,28.36,27.87,28.28,16603688,0
MARA.US,D,20180731,000000,28.46,29.97,28.40,29.74,6540134,0
MARA.US,D,20180801,000000,29.55,30.06,29.41,29.98,7643784,0
MARA.US,D,20180802,000000,29.79,31.41,29.72,30.96,12337405,0
MARA.US,D,20180803,000000,31.64,34.42,31.53,33.37,8033799,0
MARA.US,D,20180806,000000,33.13,37.39,32.54,36.30,11387678,0
MARA.US,D,20180806,000000,37.39,38.50,34.00,34.23,7752514,0
MARA.US,D,20180806,000000,34.60,34.62,34.49,34.55,13977377,0
MARA.US,D,20180807,000000,34.59,35.88,34.43,35.32,9868596,0
MARA.US,D,20180808,000000,34.58,36.20,33.83,36.16,21904279,0
MARA.US,D,20180809,000000,35.85,37.12,35.72,36.81,10733919,0
MARA.US,D,20180810,000000,36.09,37.73,35.66,37.46,22006326,0
MARA.US,D,20180813,000000,36.65,38.20,35.51,38.17,16986650,0
MARA.US,D,20180813,000000,37.76,40.94,37.00,39.13,14505513,0
MARA.US,D,20180813,000000,39.71,39.89,39.68,39.78,11574701,0
MARA.US,D,20180814,000000,38.81,41.46,38.34,40.69,17002829,0
MARA.US,D,20180815,000000,38.34,42.31,37.06,41.52,13325416,0
MARA.US,D,20180816,000000,42.07,42.55,42.06,42.20,31895354,0
MARA.US,D,20180817,000000,41.84,45.42,41.35,43.18,29804356,0
MARA.US,D,20180820,000000,44.43,44.62,44.10,44.16,26116701,0
MARA.US,D,20180820,000000,46.17,46.39,45.09,45.13,28068394,0
MARA.US,D,20180820,000000,45.27,45.98,45.12,45.96,26090371,0
MARA.US,D,20180821,000000,46.17,47.11,45.84,47.01,20564545,0
MARA.US,D,20180822,000000,46.77,48.00,46.65,47.71,33181281,0
MARA.US,D,20180823,000000,47.83,49.23,47.23,48.88,25530681,0
MARA.US,D,20180824,000000,48.49,50.21,48.25,49.84,32285940,0
MARA.US,D,20180827,000000,49.95,51.87,49.81,50.77,29638193,0
MARA.US,D,20180827,000000,50.54,52.65,50.38,51.77,33827334,0
MARA.US,D,20180827,000000,50.90,53.74,50.81,53.55,29909819,0
MARA.US,D,20180828,000000,53.07,54.79,51.25,54.63,34555430,0
MARA.US,D,20180829,000000,57.86,58.51,55.25,55.92,25685941,0
MARA.US,D,20180830,000000,55.54,58.88,54.95,58.42,24309156,0
MARA.US,D,20180831,000000,58.96,60.14,58.84,59.85,45146780,0
MARA.US,D,20180903,000000,61.53,62.27,61.15,61.57,19520964,0
MARA.US,D,20180903,000000,64.43,64.49,62.92,63.18,24551961,0
MARA.US,D,20180903,000000,61.84,64.91,61.74,64.89,22530516,0
MARA.US,D,20180904,000000,66.32,67.53,66.29,67.01,39676288,0
MARA.US,D,20180905,000000,65.66,69.78,64.08,69.53,22111644,0
MARA.US,D,20180906,000000,69.31,74.40,68.17,71.93,24686976,0
MARA.US,D,20180907,000000,73.48,74.66,72.76,74.61,35678487,0
MARA.US,D,20180910,000000,74.86,77.34,74.12,77.21,40427657,0
MARA.US,D,20180910,000000,76.92,80.30,76.38,79.83,37951343,0
MARA.US,D,20180910,000000,78.72,84.17,77.14,82.12,35729962,0
MARA.US,D,20180911,000000,84.52,84.56,83.68,84.05,34316561,0
MARA.US,D,20180912,000000,83.97,87.77,83.35,87.52,38847052,0
MARA.US,D,20180913,000000,86.47,91.91,86.09,90.82,46985479,0
MARA.US,D,20180914,000000,92.31,93.97,92.15,93.59,21299851,0
MARA.US,D,20180917,000000,92.78,97.20,90.54,95.98,49392771,0
MARA.US,D,20180917,000000,97.27,100.71,96.96,99.66,46830054,0
MARA.US,D,20180917,000000,100.73,109.34,99.64,105.88,13507358,0
MARA.US,D,20180918,000000,105.62,115.24,102.35,113.69,14762291,0
MARA.US,D,20180919,000000,112.53,115.35,111.39,115.25,10078556,0
MARA.US,D,20180920,000000,114.34,115.26,107.73,109.77,6443432,0
MARA.US,D,20180921,000000,110.28,114.79,99.42,104.84,10050765,0
MARA.US,D,20180924,000000,103.76,104.25,101.74,102.96,16972485,0
MARA.US,D,20180924,000000,103.60,118.57,99.08,118.51,13553292,0
MARA.US,D,20180924,000000,115.31,115.43,114.10,114.49,9382284,0
MARA.US,D,20180925,000000,109.61,109.86,105.96,107.16,13470182,0
MARA.US,D,20180926,000000,107.16,109.21,101.40,102.78,15501087,0
MARA.US,D,20180927,000000,105.49,109.63,104.56,109.57,8447470,0
MARA.US,D,20180928,000000,104.90,120.92,101.42,117.12,10425637,0
MARA.US,D,20181001,000000,120.59,121.52,115.85,118.32,11441117,0
MARA.US,D,20181001,000000,118.80,120.12,111.60,111.95,16360615,0
MARA.US,D,20181001,000000,114.48,120.19,113.92,118.00,9098020,0
MARA.US,D,20181002,000000,119.13,120.89,95.08,98.64,10122064,0
MARA.US,D,20181003,000000,102.61,106.38,76.26,80.48,9456334,0
MARA.US,D,20181004,000000,79.16,88.74,77.79,85.18,6661553,0
MARA.US,D,20181005,000000,85.43,85.66,84.94,85.10,9232494,0
MARA.US,D,20181008,000000,81.56,94.30,78.48,90.64,6489684,0
MARA.US,D,20181008,000000,91.73,113.52,91.55,109.33,13657078,0
MARA.US,D,20181008,000000,105.25,105.32,104.98,105.19,11175536,0
MARA.US,D,20181009,000000,109.01,113.67,108.55,112.41,8164462,0
MARA.US,D,20181010,000000,110.93,112.08,95.82,96.18,16311922,0
MARA.US,D,20181011,000000,100.26,102.63,87.18,89.48,11087483,0
MARA.US,D,20181012,000000,88.11,98.19,87.04,92.83,9045815,0
MARA.US,D,20181015,000000,94.15,108.29,93.26,103.43,12120316,0
MARA.US,D,20181015,000000,98.84,103.94,98.00,102.79,8174408,0
MARA.US,D,20181015,000000,100.25,106.68,97.98,105.50,8769544,0
MARA.US,D,20181016,000000,101.87,111.62,99.63,107.71,12987404,0
MARA.US,D,20181017,000000,108.20,109.39,99.75,104.60,14694409,0
MARA.US,D,20181018,000000,106.04,108.76,105.75,108.63,12818632,0
MARA.US,D,20181019,000000,112.65,112.95,89.78,94.33,12314602,0
MARA.US,D,20181022,000000,94.63,100.91,91.55,100.35,7795219,0
MARA.US,D,20181022,000000,98.77,102.55,92.12,96.05,12507792,0
MARA.US,D,20181022,000000,93.04,95.94,92.84,93.99,6113448,0
MARA.US,D,20181023,000000,95.55,95.96,94.30,94.35,10232993,0
MARA.US,D,20181024,000000,93.35,93.42,89.37,89.85,7195000,0
MARA.US,D,20181025,000000,89.13,96.50,86.17,95.45,10045759,0
MARA.US,D,20181026,000000,93.85,94.71,90.30,90.90,11082304,0
MARA.US,D,20181029,000000,91.99,94.39,91.68,93.21,11760390,0
MARA.US,D,20181029,000000,93.53,96.66,93.24,93.94,15839340,0
MARA.US,D,20181029,000000,96.39,97.73,75.77,81.27,13660526,0
MARA.US,D,20181030,000000,80.63,83.29,80.37,82.43,10659272,0
MARA.US,D,20181031,000000,84.12,84.52,75.23,77.33,13025442,0
MARA.US,D,20181101,000000,77.26,77.86,62.57,67.53,17283185,0
MARA.US,D,20181102,000000,69.41,71.88,68.95,69.96,12403377,0
MARA.US,D,20181105,000000,66.32,66.36,59.49,60.64,8654550,0
MARA.US,D,20181105,000000,61.60,63.06,53.40,56.63,12770749,0
MARA.US,D,20181105,000000,55.45,57.46,54.99,57.25,8863242,0
MARA.US,D,20181106,000000,58.88,61.41,58.04,60.88,7715543,0
MARA.US,D,20181107,000000,62.47,64.52,57.76,59.96,13467717,0
MARA.US,D,20181108,000000,61.96,63.03,55.76,57.45,14004163,0
MARA.US,D,20181109,000000,57.38,61.58,55.86,61.29,17913450,0
MARA.US,D,20181112,000000,60.01,64.78,58.33,64.16,14858096,0
MARA.US,D,20181112,000000,64.94,65.62,64.00,65.16,7426376,0
MARA.US,D,20181112,000000,67.10,68.49,66.67,68.22,9068236,0
MARA.US,D,20181113,000000,67.35,73.70,66.85,73.45,14470108,0
MARA.US,D,20181114,000000,73.44,73.73,70.25,70.25,9924686,0
MARA.US,D,20181115,000000,70.67,74.52,69.79,73.14,16538143,0
MARA.US,D,20181116,000000,70.57,76.68,70.52,75.65,14874271,0
MARA.US,D,20181119,000000,75.64,81.98,72.57,80.88,9351610,0
MARA.US,D,20181119,000000,80.95,81.63,74.65,75.96,12754675,0
MARA.US,D,20181119,000000,77.82,78.79,77.28,78.70,8926824,0
MARA.US,D,20181120,000000,80.06,80.75,71.32,75.06,12009090,0
MARA.US,D,20181121,000000,75.72,80.77,74.98,79.77,6678365,0
MARA.US,D,20181122,000000,79.20,80.36,79.10,80.19,16395415,0
MARA.US,D,20181123,000000,79.95,86.36,79.24,84.25,9420419,0
MARA.US,D,20181126,000000,84.92,84.95,79.09,80.51,10435404,0
MARA.US,D,20181126,000000,81.00,82.04,74.20,75.62,13781942,0
MARA.US,D,20181126,000000,74.11,77.92,74.02,77.84,6509323,0
MARA.US,D,20181127,000000,75.95,79.05,75.54,78.79,12418183,0
MARA.US,D,20181128,000000,80.93,81.87,77.42,78.08,7339723,0
MARA.US,D,20181129,000000,78.10,78.29,75.78,76.28,15762169,0
MARA.US,D,20181130,000000,72.94,78.81,72.34,78.78,8565250,0
MARA.US,D,20181203,000000,78.71,80.07,64.97,67.74,17758478,0
MARA.US,D,20181203,000000,70.82,70.87,69.69,70.19,10473205,0
MARA.US,D,20181203,000000,71.44,77.75,70.78,77.50,6993746,0
MARA.US,D,20181204,000000,77.54,79.02,69.37,72.75,10377011,0
MARA.US,D,20181205,000000,73.35,73.76,70.20,70.32,15552783,0
MARA.US,D,20181206,000000,70.54,72.51,69.98,72.33,12961022,0
MARA.US,D,20181207,000000,72.70,74.15,70.61,71.18,11209770,0
MARA.US,D,20181210,000000,73.72,75.59,73.69,74.96,16743230,0
MARA.US,D,20181210,000000,75.40,82.79,74.60,80.83,16451265,0
MARA.US,D,20181210,000000,81.92,82.72,79.09,80.19,8631938,0
MARA.US,D,20181211,000000,80.97,83.32,67.46,73.59,14492401,0
MARA.US,D,20181212,000000,73.12,84.27,72.27,78.85,7207975,0
MARA.US,D,20181213,000000,80.28,83.55,79.06,83.30,17142602,0
MARA.US,D,20181214,000000,83.08,89.46,82.43,87.82,14951488,0
MARA.US,D,20181217,000000,88.34,88.92,82.98,83.58,8944670,0
MARA.US,D,20181217,000000,83.08,85.40,81.35,84.94,14822014,0
MARA.US,D,20181217,000000,86.19,87.14,82.00,82.08,15592891,0
MARA.US,D,20181218,000000,81.68,82.16,78.02,78.35,14446170,0
MARA.US,D,20181219,000000,77.33,78.48,77.20,78.06,16785541,0
MARA.US,D,20181220,000000,77.45,77.83,77.18,77.71,6609927,0
MARA.US,D,20181221,000000,77.81,84.60,77.68,80.83,9908434,0
MARA.US,D,20181224,000000,81.83,84.57,81.82,83.73,7901141,0
MARA.US,D,20181224,000000,85.37,89.37,85.19,87.90,10681741,0
MARA.US,D,20181224,000000,87.70,92.82,87.41,92.64,12723442,0
MARA.US,D,20181225,000000,91.98,105.46,89.14,99.82,6609675,0
MARA.US,D,20181226,000000,100.23,100.56,97.59,97.96,11476540,0
MARA.US,D,20181227,000000,99.01,105.20,98.00,102.83,16388998,0
MARA.US,D,20181228,000000,103.18,106.22,102.53,104.93,7320907,0
MARA.US,D,20181231,000000,105.12,107.79,99.56,100.11,9362218,0
MARA.US,D,20181231,000000,98.12,114.52,96.93,108.68,13211335,0
MARA.US,D,20181231,000000,108.13,120.92,104.48,120.57,14140208,0
MARA.US,D,20190101,000000,123.95,126.26,108.31,112.71,14493819,0
MARA.US,D,20190102,000000,112.59,113.22,103.23,105.62,13622028,0
MARA.US,D,20190103,000000,107.90,108.43,100.98,104.63,15023168,0
MARA.US,D,20190104,000000,107.33,107.95,105.04,105.16,16465877,0
MARA.US,D,20190107,000000,103.98,109.69,103.86,109.23,9902930,0
MARA.US,D,20190107,000000,107.83,118.79,106.66,116.65,11617180,0
MARA.US,D,20190107,000000,116.11,122.49,113.65,122.16,9032670,0
MARA.US,D,20190108,000000,125.39,128.66,115.70,118.39,10909256,0
MARA.US,D,20190109,000000,119.76,124.41,119.68,123.23,9840471,0
MARA.US,D,20190110,000000,124.61,140.54,120.80,139.00,14161410,0
MARA.US,D,20190111,000000,142.29,160.88,141.00,151.69,8772439,0
MARA.US,D,20190114,000000,152.79,153.51,148.28,151.40,8131944,0
MARA.US,D,20190114,000000,151.28,160.89,149.17,159.28,6273904,0
MARA.US,D,20190114,000000,156.43,156.73,143.87,145.06,10473134,0
MARA.US,D,20190115,000000,137.18,140.61,136.01,139.58,9717593,0
MARA.US,D,20190116,000000,138.93,145.38,128.73,130.78,16343224,0
MARA.US,D,20190117,000000,128.86,146.63,128.59,143.40,11092335,0
MARA.US,D,20190118,000000,144.60,151.60,143.25,149.42,7357375,0
MARA.US,D,20190121,000000,145.03,145.24,142.66,142.74,9909727,0
MARA.US,D,20190121,000000,146.47,171.93,144.64,165.73,16721924,0
MARA.US,D,20190121,000000,169.33,197.75,161.01,196.29,14497372,0
MARA.US,D,20190122,000000,196.14,204.94,194.67,204.61,16448548,0
MARA.US,D,20190123,000000,208.83,215.35,208.18,213.47,16104467,0
MARA.US,D,20190124,000000,211.39,219.38,211.38,216.45,9841984,0
MARA.US,D,20190125,000000,224.71,246.46,222.06,237.88,12777465,0
MARA.US,D,20190128,000000,243.60,249.76,218.30,223.65,9895232,0
MARA.US,D,20190128,000000,218.04,221.52,193.00,194.13,11368741,0
MARA.US,D,20190128,000000,190.72,196.53,190.28,196.23,7341538,0
MARA.US,D,20190129,000000,190.92,191.93,169.88,170.00,6968530,0
MARA.US,D,20190130,000000,172.26,192.69,169.42,190.99,12953656,0
MARA.US,D,20190131,000000,192.00,194.38,190.38,194.35,11617354,0
MARA.US,D,20190201,000000,192.29,192.44,178.32,180.83,6871023,0
MARA.US,D,20190204,000000,179.86,180.12,177.25,178.58,9494484,0
MARA.US,D,20190204,000000,177.51,178.86,171.63,173.82,13043335,0
MARA.US,D,20190204,000000,171.60,171.82,168.02,168.65,17229109,0
MARA.US,D,20190205,000000,169.86,172.09,149.63,150.83,7526313,0
MARA.US,D,20190206,000000,154.10,154.57,150.54,150.58,7888176,0
MARA.US,D,20190207,000000,149.35,153.35,133.09,133.62,14091548,0
MARA.US,D,20190208,000000,133.58,133.80,125.23,127.90,8214221,0
MARA.US,D,20190211,000000,131.66,132.68,120.27,123.48,17983387,0
MARA.US,D,20190211,000000,120.10,133.45,119.86,132.00,16639484,0
MARA.US,D,20190211,000000,135.58,135.80,131.32,132.47,6742244,0
MARA.US,D,20190212,000000,137.48,140.42,131.02,132.65,12100238,0
MARA.US,D,20190213,000000,133.43,162.44,128.27,158.86,10452426,0
MARA.US,D,20190214,000000,161.48,175.73,155.63,171.73,14919640,0
MARA.US,D,20190215,000000,165.83,177.94,164.31,174.07,10972907,0
MARA.US,D,20190218,000000,169.67,182.14,165.61,181.43,8696337,0
MARA.US,D,20190218,000000,190.41,193.90,180.30,183.68,16462170,0
MARA.US,D,20190218,000000,186.82,190.11,174.96,176.22,17660845,0
MARA.US,D,20190219,000000,176.94,176.97,171.34,173.25,7555207,0
MARA.US,D,20190220,000000,173.22,173.47,171.65,171.88,14980554,0
MARA.US,D,20190221,000000,172.82,187.16,137.81,151.40,8951891,0
MARA.US,D,20190222,000000,154.03,160.31,136.23,136.72,17183454,0
MARA.US,D,20190225,000000,140.25,142.20,125.37,126.12,10676482,0
MARA.US,D,20190225,000000,120.95,123.04,105.54,111.57,8436474,0
MARA.US,D,20190225,000000,107.20,129.73,103.28,127.91,15358317,0
MARA.US,D,20190226,000000,128.91,160.45,126.96,148.65,17743819,0
MARA.US,D,20190227,000000,149.73,151.84,132.94,134.77,8292685,0
MARA.US,D,20190228,000000,136.93,163.26,132.75,161.03,6167892,0
MARA.US,D,20190301,000000,166.41,173.29,151.72,152.30,9757773,0
MARA.US,D,20190304,000000,150.00,151.08,146.30,147.39,6668108,0
MARA.US,D,20190304,000000,155.84,158.42,137.06,140.43,17258346,0
MARA.US,D,20190304,000000,143.70,143.89,122.18,123.30,9448591,0
MARA.US,D,20190305,000000,124.84,130.22,103.35,105.09,7276791,0
MARA.US,D,20190306,000000,101.82,106.93,101.14,106.07,6816618,0
MARA.US,D,20190307,000000,107.70,107.75,106.62,106.97,8194192,0
MARA.US,D,20190308,000000,107.89,110.33,99.72,100.83,14915638,0
MARA.US,D,20190311,000000,105.51,105.83,105.43,105.83,17937293,0
MARA.US,D,20190311,000000,106.95,121.68,102.34,117.93,14544501,0
MARA.US,D,20190311,000000,116.67,118.01,111.09,112.78,14155354,0
MARA.US,D,20190312,000000,110.64,114.45,100.54,106.85,16114357,0
MARA.US,D,20190313,000000,110.33,111.04,109.59,110.12,8810326,0
MARA.US,D,20190314,000000,112.13,113.22,108.05,109.19,11220408,0
MARA.US,D,20190315,000000,112.46,113.34,102.89,103.51,13964249,0
MARA.US,D,20190318,000000,107.03,107.72,100.75,102.06,13139366,0
MARA.US,D,20190318,000000,102.25,110.39,102.05,105.51,9535779,0
MARA.US,D,20190318,000000,107.62,110.64,105.61,108.83,15128375,0
MARA.US,D,20190319,000000,106.90,111.38,98.75,100.20,10048918,0
MARA.US,D,20190320,000000,101.56,109.86,99.26,107.91,6321098,0
MARA.US,D,20190321,000000,105.74,106.66,102.17,102.70,16168676,0
MARA.US,D,20190322,000000,106.71,106.77,99.06,101.06,7561360,0
MARA.US,D,20190325,000000,100.61,109.40,100.35,107.21,15176487,0
MARA.US,D,20190325,000000,102.99,109.74,100.61,108.12,13646257,0
MARA.US,D,20190325,000000,107.87,122.68,107.82,121.44,13521899,0
MARA.US,D,20190326,000000,123.11,135.16,121.43,132.38,12478480,0
MARA.US,D,20190327,000000,131.38,139.96,102.68,106.16,16330942,0
MARA.US,D,20190328,000000,109.69,110.33,97.68,102.70,10610219,0
MARA.US,D,20190329,000000,106.76,107.80,106.58,106.84,7763490,0
MARA.US,D,20190401,000000,105.28,108.62,103.57,107.26,17417787,0
MARA.US,D,20190401,000000,107.28,119.09,105.86,113.66,14744205,0
MARA.US,D,20190401,000000,111.63,119.32,108.10,117.87,6348141,0
MARA.US,D,20190402,000000,116.89,124.47,113.47,123.40,12725607,0
MARA.US,D,20190403,000000,125.83,135.64,125.49,133.50,13778496,0
MARA.US,D,20190404,000000,131.83,133.27,127.77,130.33,10504008,0
MARA.US,D,20190405,000000,129.95,132.07,128.71,130.68,17971028,0
MARA.US,D,20190408,000000,128.18,128.37,119.77,122.05,17509814,0
MARA.US,D,20190408,000000,124.09,124.94,119.07,120.20,13208434,0
MARA.US,D,20190408,000000,117.74,117.92,115.68,116.96,6054294,0
MARA.US,D,20190409,000000,120.09,126.27,119.38,123.18,14956406,0
MARA.US,D,20190410,000000,122.47,122.97,115.12,118.11,15577192,0
MARA.US,D,20190411,000000,118.91,123.70,118.05,122.05,16649555,0
MARA.US,D,20190412,000000,122.40,124.67,113.27,117.43,15050502,0
MARA.US,D,20190415,000000,119.73,126.80,108.76,114.28,6506879,0
MARA.US,D,20190415,000000,113.66,119.52,112.18,116.76,8940753,0
MARA.US,D,20190415,000000,116.91,117.23,112.05,112.40,17039798,0
MARA.US,D,20190416,000000,114.21,117.57,113.78,116.39,13216348,0
MARA.US,D,20190417,000000,116.48,116.63,115.11,115.64,15675632,0
MARA.US,D,20190418,000000,115.17,119.53,94.98,101.64,6539743,0
MARA.US,D,20190419,000000,103.22,103.88,99.91,100.33,10512040,0
MARA.US,D,20190422,000000,99.20,99.62,96.30,97.28,32984007,0
MARA.US,D,20190422,000000,91.98,94.78,90.07,94.39,31718124,0
MARA.US,D,20190422,000000,91.39,91.48,90.98,91.14,24939163,0
MARA.US,D,20190423,000000,90.37,91.51,87.57,88.15,31659845,0
MARA.US,D,20190424,000000,88.05,89.06,84.53,84.81,49671370,0
MARA.US,D,20190425,000000,82.02,82.24,79.09,80.98,30322384,0
MARA.US,D,20190426,000000,84.02,87.63,75.31,76.10,46146820,0
MARA.US,D,20190429,000000,76.14,77.42,71.94,72.35,54383287,0
MARA.US,D,20190429,000000,69.95,71.46,68.31,69.37,26551969,0
MARA.US,D,20190429,000000,69.09,69.59,66.48,66.55,64453451,0
MARA.US,D,20190430,000000,64.33,64.93,62.28,63.32,36635550,0
MARA.US,D,20190501,000000,63.53,64.73,54.97,59.06,45750030,0
MARA.US,D,20190502,000000,59.07,59.27,55.00,55.15,68245484,0
MARA.US,D,20190503,000000,54.98,55.54,50.61,52.07,40942371,0
MARA.US,D,20190506,000000,52.67,52.69,47.44,47.93,64858895,0
MARA.US,D,20190506,000000,49.68,50.99,47.57,47.60,6627667,0
MARA.US,D,20190506,000000,46.54,50.69,46.08,48.44,11984643,0
MARA.US,D,20190507,000000,48.68,51.76,48.43,50.59,10257115,0
MARA.US,D,20190508,000000,51.50,51.98,48.20,48.41,10007310,0
MARA.US,D,20190509,000000,48.96,49.44,48.59,49.01,9158640,0
MARA.US,D,20190510,000000,47.52,49.66,47.30,49.34,9224312,0
MARA.US,D,20190513,000000,47.41,47.94,46.96,47.18,15018081,0
MARA.US,D,20190513,000000,47.19,49.77,46.52,48.52,16578452,0
MARA.US,D,20190513,000000,47.54,50.09,46.31,49.38,6011954,0
MARA.US,D,20190514,000000,47.88,49.36,47.87,49.27,9132559,0
MARA.US,D,20190515,000000,48.89,49.28,46.09,46.28,17653118,0
MARA.US,D,20190516,000000,44.10,44.42,41.68,41.73,16893840,0
MARA.US,D,20190517,000000,42.17,42.22,41.92,42.02,15925262,0
MARA.US,D,20190520,000000,41.89,42.06,41.40,41.46,9376680,0
MARA.US,D,20190520,000000,42.61,43.04,36.81,37.99,12221322,0
MARA.US,D,20190520,000000,37.32,43.89,37.10,41.73,7841498,0
MARA.US,D,20190521,000000,41.99,42.05,40.11,40.87,13233249,0
MARA.US,D,20190522,000000,41.10,41.86,40.51,41.40,13407119,0
MARA.US,D,20190523,000000,41.75,46.07,41.73,45.01,17241218,0
MARA.US,D,20190524,000000,44.48,44.50,44.00,44.22,16499612,0
MARA.US,D,20190527,000000,43.61,52.48,41.30,50.56,12841651,0
MARA.US,D,20190527,000000,50.16,53.89,48.93,53.87,10344430,0
MARA.US,D,20190527,000000,55.61,59.95,55.04,59.70,12373381,0
MARA.US,D,20190528,000000,59.33,65.43,56.25,64.79,7187406,0
MARA.US,D,20190529,000000,66.36,70.32,64.54,69.89,7487258,0
MARA.US,D,20190530,000000,69.08,76.40,59.62,63.26,9955036,0
MARA.US,D,20190531,000000,62.38,64.91,50.05,52.39,6170647,0
MARA.US,D,20190603,000000,52.60,61.97,51.71,59.30,8283875,0
MARA.US,D,20190603,000000,59.97,60.16,59.44,59.57,14835455,0
MARA.US,D,20190603,000000,59.35,60.20,57.55,57.70,6593148,0
MARA.US,D,20190604,000000,60.17,61.05,58.69,58.79,20923067,0
MARA.US,D,20190605,000000,60.43,60.44,59.69,60.02,13396621,0
MARA.US,D,20190606,000000,61.53,62.27,59.88,61.03,18840936,0
MARA.US,D,20190607,000000,61.29,63.11,61.19,62.54,15923945,0
MARA.US,D,20190610,000000,60.57,66.01,59.33,64.18,25535273,0
MARA.US,D,20190610,000000,63.93,66.04,63.30,65.86,18675722,0
MARA.US,D,20190610,000000,66.84,68.80,66.37,67.41,16355345,0
MARA.US,D,20190611,000000,65.20,69.39,64.27,69.19,28487914,0
MARA.US,D,20190612,000000,67.84,74.00,64.92,71.01,16125065,0
MARA.US,D,20190613,000000,72.81,72.82,69.75,72.08,27337690,0
MARA.US,D,20190614,000000,71.27,75.42,70.81,74.00,20183089,0
MARA.US,D,20190617,000000,74.68,76.10,74.47,76.06,32853281,0
MARA.US,D,20190617,000000,77.20,77.98,76.97,77.94,26418706,0
MARA.US,D,20190617,000000,79.20,79.76,79.12,79.56,23400482,0
MARA.US,D,20190618,000000,78.20,84.79,77.88,81.57,43939295,0
MARA.US,D,20190619,000000,84.15,84.67,81.89,83.47,42765566,0
MARA.US,D,20190620,000000,83.40,85.87,82.74,85.17,15939563,0
MARA.US,D,20190621,000000,84.88,88.01,83.29,87.86,20531474,0
MARA.US,D,20190624,000000,89.32,90.73,88.70,90.22,24841386,0
MARA.US,D,20190624,000000,89.33,93.30,88.90,93.16,41448024,0
MARA.US,D,20190624,000000,95.62,98.24,95.30,96.27,26831181,0
MARA.US,D,20190625,000000,94.08,101.12,93.70,99.63,45184452,0
MARA.US,D,20190626,000000,99.98,101.98,99.59,101.66,53289246,0
MARA.US,D,20190627,000000,102.25,104.67,101.87,104.50,27271553,0
MARA.US,D,20190628,000000,105.76,108.06,105.08,108.04,19888782,0
MARA.US,D,20190701,000000,103.43,115.35,101.14,111.92,26923364,0
MARA.US,D,20190701,000000,115.36,115.97,114.22,115.20,45105388,0
MARA.US,D,20190701,000000,115.28,122.52,114.92,119.23,30604410,0
MARA.US,D,20190702,000000,118.24,124.30,117.80,122.59,21926670,0
MARA.US,D,20190703,000000,121.58,128.51,120.68,126.88,26488558,0
MARA.US,D,20190704,000000,126.60,144.71,123.19,143.02,13979137,0
MARA.US,D,20190705,000000,144.45,144.96,142.25,143.47,11917931,0
MARA.US,D,20190708,000000,143.71,144.10,143.25,143.97,11503228,0
MARA.US,D,20190708,000000,143.94,144.12,137.79,139.79,6551030,0
MARA.US,D,20190708,000000,132.55,132.94,129.81,130.74,8062977,0
MARA.US,D,20190709,000000,136.84,138.67,110.27,110.51,6166276,0
MARA.US,D,20190710,000000,109.93,123.06,108.57,118.58,13046441,0
MARA.US,D,20190711,000000,119.61,125.54,98.32,106.07,16655644,0
MARA.US,D,20190712,000000,110.77,114.69,110.59,113.55,11987543,0
MARA.US,D,20190715,000000,110.01,122.11,104.65,120.96,16560908,0
MARA.US,D,20190715,000000,119.39,136.62,118.96,131.20,17487148,0
MARA.US,D,20190715,000000,135.80,137.18,132.40,133.40,12584472,0
MARA.US,D,20190716,000000,134.04,136.21,101.70,114.70,7156322,0
MARA.US,D,20190717,000000,113.58,125.21,113.20,125.21,12440344,0
MARA.US,D,20190718,000000,122.83,127.24,122.10,126.26,12039506,0
MARA.US,D,20190719,000000,122.88,134.19,100.92,102.88,14872435,0
MARA.US,D,20190722,000000,102.25,104.26,98.62,99.95,17616408,0
MARA.US,D,20190722,000000,102.34,102.56,97.05,97.48,9638405,0
MARA.US,D,20190722,000000,94.67,96.16,94.55,94.90,10015254,0
MARA.US,D,20190723,000000,96.25,104.05,93.52,103.95,17442014,0
MARA.US,D,20190724,000000,106.21,109.46,93.47,96.58,13618161,0
MARA.US,D,20190725,000000,94.02,114.61,90.33,107.55,7203652,0
MARA.US,D,20190726,000000,107.35,107.50,101.09,101.51,14342884,0
MARA.US,D,20190729,000000,103.88,105.06,100.88,101.21,11794640,0
MARA.US,D,20190729,000000,99.75,105.52,98.18,104.75,15671090,0
MARA.US,D,20190729,000000,101.09,101.26,91.67,94.53,9993682,0
MARA.US,D,20190730,000000,90.19,91.16,84.60,86.99,12601055,0
MARA.US,D,20190731,000000,87.22,90.74,86.61,89.24,15668735,0
MARA.US,D,20190801,000000,89.41,89.61,88.84,89.32,9264349,0
MARA.US,D,20190802,000000,90.04,95.43,86.81,93.11,10282483,0
MARA.US,D,20190805,000000,97.60,101.47,81.76,84.84,15860810,0
MARA.US,D,20190805,000000,87.69,88.49,84.48,85.22,16072958,0
MARA.US,D,20190805,000000,86.41,86.50,72.89,76.30,7713137,0
MARA.US,D,20190806,000000,76.27,89.23,75.64,85.68,15945623,0
MARA.US,D,20190807,000000,86.60,91.69,85.35,88.04,17982255,0
MARA.US,D,20190808,000000,92.59,93.62,75.66,80.30,9968917,0
MARA.US,D,20190809,000000,80.93,81.94,80.59,81.86,16682182,0
MARA.US,D,20190812,000000,80.53,85.10,79.90,83.04,8978019,0
MARA.US,D,20190812,000000,78.48,78.76,69.06,70.63,13184663,0
MARA.US,D,20190812,000000,69.42,70.19,65.71,66.37,6188223,0
MARA.US,D,20190813,000000,66.38,75.03,65.64,71.62,10745302,0
MARA.US,D,20190814,000000,70.97,71.37,65.00,67.10,12120433,0
MARA.US,D,20190815,000000,66.53,67.47,60.44,62.10,8616673,0
MARA.US,D,20190816,000000,62.08,62.94,55.18,56.77,15641782,0
MARA.US,D,20190819,000000,56.08,61.17,55.18,59.21,10611455,0
MARA.US,D,20190819,000000,59.34,60.29,56.13,56.89,13893815,0
MARA.US,D,20190819,000000,55.48,64.93,55.07,61.05,14806503,0
MARA.US,D,20190820,000000,60.69,61.54,56.67,58.01,7145510,0
MARA.US,D,20190821,000000,57.83,58.16,57.76,57.94,8485573,0
MARA.US,D,20190822,000000,58.50,59.61,53.46,53.88,12780820,0
MARA.US,D,20190823,000000,53.14,57.29,49.47,57.08,6207920,0
MARA.US,D,20190826,000000,56.77,59.75,55.33,59.69,16774480,0
MARA.US,D,20190826,000000,61.84,62.67,61.81,62.41,15597299,0
MARA.US,D,20190826,000000,60.03,60.29,60.01,60.08,17867986,0
MARA.US,D,20190827,000000,60.49,60.99,54.34,55.90,14062928,0
MARA.US,D,20190828,000000,56.72,57.64,51.40,52.19,12644278,0
MARA.US,D,20190829,000000,52.43,62.92,52.42,59.55,13013845,0
MARA.US,D,20190830,000000,60.32,61.50,59.49,61.20,9495882,0
MARA.US,D,20190902,000000,60.96,62.71,60.05,62.31,11779575,0
MARA.US,D,20190902,000000,62.14,65.28,62.00,64.79,17695107,0
MARA.US,D,20190902,000000,64.97,65.45,59.99,61.17,11454961,0
MARA.US,D,20190903,000000,61.03,67.73,60.52,66.92,12248317,0
MARA.US,D,20190904,000000,69.17,73.53,59.08,62.23,17987551,0
MARA.US,D,20190905,000000,63.86,64.19,63.61,64.08,17525309,0
MARA.US,D,20190906,000000,61.60,62.87,57.99,58.22,14737703,0
MARA.US,D,20190909,000000,61.04,61.80,59.20,60.51,12473642,0
MARA.US,D,20190909,000000,59.65,59.94,57.75,57.77,13655472,0
MARA.US,D,20190909,000000,57.36,57.98,56.16,56.56,14644749,0
MARA.US,D,20190910,000000,57.95,59.59,51.22,51.47,14352304,0
MARA.US,D,20190911,000000,49.88,49.89,44.31,45.34,13126618,0
MARA.US,D,20190912,000000,45.52,45.96,43.63,43.76,11169379,0
MARA.US,D,20190913,000000,43.04,44.03,42.96,43.64,14285216,0
MARA.US,D,20190916,000000,44.11,47.59,44.10,46.60,10527958,0
MARA.US,D,20190916,000000,45.47,46.09,38.92,41.83,17217561,0
MARA.US,D,20190916,000000,43.19,45.66,42.79,45.02,16018406,0
MARA.US,D,20190917,000000,44.93,46.02,38.16,40.81,8185215,0
MARA.US,D,20190918,000000,39.52,39.64,37.07,37.19,17944982,0
MARA.US,D,20190919,000000,36.91,37.12,32.32,32.68,16062992,0
MARA.US,D,20190920,000000,33.16,33.23,32.18,32.53,17376191,0
MARA.US,D,20190923,000000,31.84,34.55,30.48,34.48,9916401,0
MARA.US,D,20190923,000000,34.73,35.25,32.72,33.43,8513098,0
MARA.US,D,20190923,000000,34.04,34.43,29.10,31.07,7864215,0
MARA.US,D,20190924,000000,31.79,33.23,31.64,33.00,6269622,0
MARA.US,D,20190925,000000,31.89,39.59,30.82,36.74,14521254,0
MARA.US,D,20190926,000000,36.83,38.28,36.33,38.15,17540806,0
MARA.US,D,20190927,000000,38.37,39.60,38.08,39.38,6012379,0
MARA.US,D,20190930,000000,40.11,40.61,38.94,38.96,13526168,0
MARA.US,D,20190930,000000,38.97,39.05,38.94,39.03,14341100,0
MARA.US,D,20190930,000000,38.81,39.25,35.72,36.37,10925908,0
MARA.US,D,20191001,000000,36.73,37.56,34.99,35.24,6743366,0
MARA.US,D,20191002,000000,34.69,34.86,34.47,34.63,17592393,0
MARA.US,D,20191003,000000,35.18,35.47,31.77,33.39,35319839,0
MARA.US,D,20191004,000000,34.97,35.35,31.03,32.02,18736674,0
MARA.US,D,20191007,000000,32.33,32.45,28.99,30.62,24737536,0
MARA.US,D,20191007,000000,30.48,30.63,29.18,29.40,47107674,0
MARA.US,D,20191007,000000,28.92,29.61,26.52,27.65,21304084,0
MARA.US,D,20191008,000000,27.27,27.82,26.09,26.40,20660396,0
MARA.US,D,20191009,000000,26.50,26.61,24.91,25.04,23388791,0
MARA.US,D,20191010,000000,24.91,25.25,24.00,24.10,37810158,0
MARA.US,D,20191011,000000,23.79,24.02,22.19,22.65,27204884,0
MARA.US,D,20191014,000000,23.00,23.48,20.76,21.19,53967018,0
MARA.US,D,20191014,000000,20.86,20.89,19.37,19.72,58753591,0
MARA.US,D,20191014,000000,19.56,20.30,17.07,18.54,80414651,0
MARA.US,D,20191015,000000,18.72,19.06,17.00,17.32,51762404,0
MARA.US,D,20191016,000000,17.29,17.31,16.98,16.99,6418392,0
MARA.US,D,20191017,000000,16.50,17.22,16.19,16.95,6520953,0
MARA.US,D,20191018,000000,16.82,17.11,16.71,17.06,10952270,0
MARA.US,D,20191021,000000,16.87,16.94,16.69,16.74,13332514,0
MARA.US,D,20191021,000000,16.99,18.22,16.91,17.94,6000698,0
MARA.US,D,20191021,000000,17.98,18.02,17.90,17.94,14590809,0
MARA.US,D,20191022,000000,18.16,18.56,18.01,18.34,6363014,0
MARA.US,D,20191023,000000,18.54,18.58,18.38,18.47,12518647,0
MARA.US,D,20191024,000000,18.60,22.47,18.26,20.94,11352752,0
MARA.US,D,20191025,000000,20.71,21.01,20.24,20.78,16796458,0
MARA.US,D,20191028,000000,21.21,21.98,21.08,21.70,14198108,0
MARA.US,D,20191028,000000,21.96,21.98,21.73,21.89,6850550,0
MARA.US,D,20191028,000000,21.33,22.21,21.13,21.92,17013542,0
MARA.US,D,20191029,000000,21.83,21.83,20.64,20.97,11068364,0
MARA.US,D,20191030,000000,20.34,20.47,20.29,20.46,17681310,0
MARA.US,D,20191031,000000,20.87,22.25,20.26,21.78,8245649,0
MARA.US,D,20191101,000000,21.91,22.46,21.40,22.25,6554348,0
MARA.US,D,20191104,000000,22.23,23.08,22.00,22.93,16793292,0
MARA.US,D,20191104,000000,23.07,23.27,19.41,20.05,15507586,0
MARA.US,D,20191104,000000,20.58,20.73,19.80,19.89,16997152,0
MARA.US,D,20191105,000000,19.53,19.55,19.12,19.29,17012218,0
MARA.US,D,20191106,000000,18.93,19.30,16.62,17.68,10687602,0
MARA.US,D,20191107,000000,17.39,18.52,17.16,18.47,7268075,0
MARA.US,D,20191108,000000,19.01,19.02,18.95,18.99,6714458,0
MARA.US,D,20191111,000000,18.97,19.85,18.92,19.70,16333279,0
MARA.US,D,20191111,000000,19.26,19.26,19.14,19.14,12967145,0
MARA.US,D,20191111,000000,18.98,19.64,15.31,16.64,14306921,0
MARA.US,D,20191112,000000,17.10,17.10,14.84,15.40,15579509,0
MARA.US,D,20191113,000000,15.38,15.38,14.84,15.03,8360127,0
MARA.US,D,20191114,000000,15.03,15.06,13.74,13.93,16286221,0
MARA.US,D,20191115,000000,14.10,14.83,13.83,14.73,7383159,0
MARA.US,D,20191118,000000,14.82,15.80,14.57,15.40,11153442,0
MARA.US,D,20191118,000000,15.63,15.73,13.96,14.47,8313703,0
MARA.US,D,20191118,000000,14.48,14.88,14.37,14.63,10292988,0
MARA.US,D,20191119,000000,14.56,14.94,12.59,13.17,8605350,0
MARA.US,D,20191120,000000,13.16,13.20,12.78,12.88,11917315,0
MARA.US,D,20191121,000000,12.84,14.38,12.69,13.85,10850440,0
MARA.US,D,20191122,000000,14.33,14.66,14.28,14.39,8990394,0
MARA.US,D,20191125,000000,14.42,15.68,14.14,15.55,9244817,0
MARA.US,D,20191125,000000,16.14,16.50,14.73,14.89,11753844,0
MARA.US,D,20191125,000000,15.16,16.46,15.16,16.32,10397132,0
MARA.US,D,20191126,000000,16.37,16.45,15.50,15.96,8265229,0
MARA.US,D,20191127,000000,16.15,16.26,14.61,14.93,9628660,0
MARA.US,D,20191128,000000,15.21,15.23,15.11,15.18,16506009,0
MARA.US,D,20191129,000000,15.48,15.51,14.59,14.76,17629221,0
MARA.US,D,20191202,000000,15.11,15.74,15.09,15.58,15972450,0
MARA.US,D,20191202,000000,15.64,15.83,14.04,14.21,9499229,0
MARA.US,D,20191202,000000,14.26,14.51,13.45,13.63,6532618,0
MARA.US,D,20191203,000000,13.54,14.48,13.30,14.16,15163021,0
MARA.US,D,20191204,000000,14.57,15.43,12.81,13.08,8854404,0
MARA.US,D,20191205,000000,13.06,14.19,13.02,13.98,12593177,0
MARA.US,D,20191206,000000,13.80,13.88,12.38,12.44,11333596,0
MARA.US,D,20191209,000000,12.21,12.27,11.67,11.83,9422913,0
MARA.US,D,20191209,000000,11.93,11.95,11.65,11.68,6942567,0
MARA.US,D,20191209,000000,12.00,12.15,11.23,11.37,12142425,0
MARA.US,D,20191210,000000,11.77,11.78,11.58,11.64,7425033,0
MARA.US,D,20191211,000000,11.69,12.53,11.68,12.45,8697095,0
MARA.US,D,20191212,000000,12.45,12.63,12.43,12.57,6717721,0
MARA.US,D,20191213,000000,12.58,13.29,12.58,12.79,12244647,0
MARA.US,D,20191216,000000,12.59,12.65,12.51,12.56,16872674,0
MARA.US,D,20191216,000000,12.40,12.46,12.33,12.42,8073125,0
MARA.US,D,20191216,000000,12.34,12.88,12.20,12.85,11872435,0
MARA.US,D,20191217,000000,12.90,13.91,12.87,13.72,15804938,0
MARA.US,D,20191218,000000,13.86,13.90,13.69,13.73,14866365,0
MARA.US,D,20191219,000000,13.85,14.08,12.65,12.88,16388504,0
MARA.US,D,20191220,000000,12.83,13.45,12.80,13.40,8457196,0
MARA.US,D,20191223,000000,13.19,14.54,12.94,14.40,17422243,0
MARA.US,D,20191223,000000,14.54,15.54,14.39,15.04,10989263,0
MARA.US,D,20191223,000000,15.46,15.73,15.42,15.60,10088235,0
MARA.US,D,20191224,000000,15.11,15.95,15.08,15.68,17370885,0
MARA.US,D,20191225,000000,15.76,15.80,15.17,15.23,17757022,0
MARA.US,D,20191226,000000,14.96,15.93,14.92,15.66,15757907,0
MARA.US,D,20191227,000000,15.28,17.84,14.60,17.30,14155024,0
MARA.US,D,20191230,000000,16.93,17.66,16.88,17.32,15301684,0
MARA.US,D,20191230,000000,17.26,17.90,17.17,17.64,6330095,0
MARA.US,D,20191230,000000,17.96,18.13,16.47,17.00,13174269,0
MARA.US,D,20191231,000000,17.15,17.26,16.29,16.42,13172036,0
MARA.US,D,20200101,000000,16.45,17.33,16.10,17.20,14747648,0
MARA.US,D,20200102,000000,16.91,18.24,16.27,18.13,13851077,0
MARA.US,D,20200103,000000,18.35,18.62,17.07,17.20,10326892,0
MARA.US,D,20200106,000000,17.06,18.71,16.61,18.61,12834384,0
MARA.US,D,20200106,000000,18.67,19.63,18.58,19.57,10305533,0
MARA.US,D,20200106,000000,19.34,21.24,19.16,20.48,6327941,0
MARA.US,D,20200107,000000,20.65,23.05,20.41,22.35,9970784,0
MARA.US,D,20200108,000000,21.51,24.08,21.29,22.93,6210560,0
MARA.US,D,20200109,000000,22.97,23.05,21.79,22.30,10965948,0
MARA.US,D,20200110,000000,22.42,22.43,22.36,22.38,6909537,0
MARA.US,D,20200113,000000,22.51,23.40,22.25,23.38,15613060,0
MARA.US,D,20200113,000000,23.12,25.34,22.59,24.95,14479450,0
MARA.US,D,20200113,000000,24.81,25.44,24.43,25.18,9662263,0
MARA.US,D,20200114,000000,25.42,26.02,24.97,25.54,14658278,0
MARA.US,D,20200115,000000,25.64,25.95,24.94,25.02,17464206,0
MARA.US,D,20200116,000000,25.11,25.56,24.99,25.40,7905969,0
MARA.US,D,20200117,000000,25.94,26.10,24.51,24.78,9571893,0
MARA.US,D,20200120,000000,24.18,25.03,22.89,23.11,13404656,0
MARA.US,D,20200120,000000,23.22,24.74,23.10,24.45,16345819,0
MARA.US,D,20200120,000000,25.26,26.12,25.25,25.78,13133764,0
MARA.US,D,20200121,000000,25.95,26.46,23.16,23.94,6774670,0
MARA.US,D,20200122,000000,24.11,24.58,24.08,24.54,8499348,0
MARA.US,D,20200123,000000,24.45,24.86,23.84,24.26,7875568,0
MARA.US,D,20200124,000000,23.97,24.02,23.40,23.47,13625666,0
MARA.US,D,20200127,000000,23.22,23.36,19.96,20.89,16729371,0
MARA.US,D,20200127,000000,20.96,21.48,20.81,21.01,17832002,0
MARA.US,D,20200127,000000,21.36,21.54,20.35,20.48,8049684,0
MARA.US,D,20200128,000000,20.45,23.20,19.46,22.75,16516128,0
MARA.US,D,20200129,000000,22.60,22.87,21.23,21.59,9276743,0
MARA.US,D,20200130,000000,21.62,21.70,20.31,20.90,16316951,0
MARA.US,D,20200131,000000,20.53,20.68,20.21,20.50,16622010,0
MARA.US,D,20200203,000000,21.25,21.47,19.75,20.32,6334283,0
MARA.US,D,20200203,000000,20.25,20.29,19.48,20.01,13848004,0
MARA.US,D,20200203,000000,20.40,21.09,18.65,19.26,15402831,0
MARA.US,D,20200204,000000,19.17,19.20,17.97,18.18,9605582,0
MARA.US,D,20200205,000000,17.93,18.33,17.85,18.33,17068118,0
MARA.US,D,20200206,000000,17.81,18.99,17.70,18.52,14031754,0
MARA.US,D,20200207,000000,18.88,18.98,18.05,18.31,8284420,0
MARA.US,D,20200210,000000,18.20,20.53,17.65,19.54,15824827,0
MARA.US,D,20200210,000000,19.47,19.80,18.64,18.71,13560631,0
MARA.US,D,20200210,000000,18.99,19.78,18.64,19.74,9964316,0
MARA.US,D,20200211,000000,19.72,19.72,19.65,19.70,8859282,0
MARA.US,D,20200212,000000,19.44,20.21,19.28,20.18,12179918,0
MARA.US,D,20200213,000000,20.19,20.32,18.61,19.00,13336566,0
MARA.US,D,20200214,000000,19.19,19.43,17.62,17.91,11317678,0
MARA.US,D,20200217,000000,17.80,17.81,17.73,17.77,14286997,0
MARA.US,D,20200217,000000,17.80,18.22,16.84,17.01,13814895,0
MARA.US,D,20200217,000000,16.70,16.73,16.13,16.38,15108878,0
MARA.US,D,20200218,000000,16.11,17.53,15.62,17.49,9696705,0
MARA.US,D,20200219,000000,17.63,18.73,17.44,18.56,17599794,0
MARA.US,D,20200220,000000,18.74,20.70,18.44,20.32,13510243,0
MARA.US,D,20200221,000000,20.57,20.64,20.51,20.61,7465369,0
MARA.US,D,20200224,000000,20.73,22.28,20.66,21.83,6085134,0
MARA.US,D,20200224,000000,21.95,23.01,21.72,22.96,13625560,0
MARA.US,D,20200224,000000,23.08,23.34,21.42,21.60,8270531,0
MARA.US,D,20200225,000000,21.89,22.90,21.78,22.80,12966002,0
MARA.US,D,20200226,000000,23.19,23.62,22.08,22.32,15446914,0
MARA.US,D,20200227,000000,21.87,23.72,21.73,23.15,8262532,0
MARA.US,D,20200228,000000,23.52,23.92,21.38,22.23,12529448,0
MARA.US,D,20200302,000000,22.39,22.81,20.96,21.48,7427132,0
MARA.US,D,20200302,000000,21.30,21.35,20.70,20.78,17433211,0
MARA.US,D,20200302,000000,20.85,20.89,20.30,20.54,16200831,0
MARA.US,D,20200303,000000,20.45,20.81,18.52,19.59,8670894,0
MARA.US,D,20200304,000000,19.35,19.69,18.53,18.70,10321805,0
MARA.US,D,20200305,000000,18.73,18.81,18.72,18.75,16191119,0
MARA.US,D,20200306,000000,18.86,19.16,18.78,19.09,12812926,0
MARA.US,D,20200309,000000,19.35,19.36,18.55,18.80,6109256,0
MARA.US,D,20200309,000000,18.96,19.74,18.87,19.53,9241461,0
MARA.US,D,20200309,000000,19.70,21.44,19.41,20.68,17931453,0
MARA.US,D,20200310,000000,20.80,21.01,19.47,19.77,6601485,0
MARA.US,D,20200311,000000,19.66,19.77,18.57,18.91,11716755,0
MARA.US,D,20200312,000000,19.01,19.04,18.76,18.78,6004042,0
MARA.US,D,20200313,000000,18.85,18.92,18.57,18.67,13321458,0
MARA.US,D,20200316,000000,18.56,18.98,15.87,16.50,14135143,0
MARA.US,D,20200316,000000,16.49,17.47,16.11,17.37,9683684,0
MARA.US,D,20200316,000000,17.04,18.16,16.79,17.56,7769017,0
MARA.US,D,20200317,000000,17.80,17.93,16.23,16.71,12819265,0
MARA.US,D,20200318,000000,16.89,17.00,16.55,16.66,17482856,0
MARA.US,D,20200319,000000,16.02,16.66,15.86,16.59,13083113,0
MARA.US,D,20200320,000000,16.62,16.79,15.19,15.69,10370910,0
MARA.US,D,20200323,000000,15.93,16.60,15.76,16.33,12032852,0
MARA.US,D,20200323,000000,16.01,16.07,15.17,15.33,7759613,0
MARA.US,D,20200323,000000,15.34,15.66,15.06,15.52,17884930,0
MARA.US,D,20200324,000000,15.39,15.50,14.58,14.70,7454953,0
MARA.US,D,20200325,000000,14.47,14.77,14.41,14.71,6588418,0
MARA.US,D,20200326,000000,14.56,14.73,14.53,14.53,6627092,0
MARA.US,D,20200327,000000,14.22,14.28,13.10,13.46,8481177,0
MARA.US,D,20200330,000000,13.10,13.97,13.08,13.84,7645145,0
MARA.US,D,20200330,000000,13.95,13.98,13.82,13.89,6330697,0
MARA.US,D,20200330,000000,14.34,14.86,13.88,14.52,13977074,0
MARA.US,D,20200331,000000,14.74,14.89,13.95,14.31,16308698,0
MARA.US,D,20200401,000000,14.07,14.26,14.06,14.24,12601881,0
MARA.US,D,20200402,000000,14.61,14.62,14.52,14.61,13681097,0
MARA.US,D,20200403,000000,14.77,14.78,14.46,14.50,9212887,0
MARA.US,D,20200406,000000,14.74,15.28,14.62,14.98,7846928,0
MARA.US,D,20200406,000000,15.08,15.67,14.97,15.40,11898553,0
MARA.US,D,20200406,000000,15.64,15.73,15.33,15.33,9791875,0
MARA.US,D,20200407,000000,15.32,15.49,15.28,15.43,11326193,0
MARA.US,D,20200408,000000,14.91,15.97,14.75,15.78,12419106,0
MARA.US,D,20200409,000000,15.79,15.87,14.97,15.28,12559330,0
MARA.US,D,20200410,000000,15.35,15.47,13.06,13.59,7714576,0
MARA.US,D,20200413,000000,13.51,13.56,12.77,13.05,13364395,0
MARA.US,D,20200413,000000,13.24,13.33,11.85,11.96,11989669,0
MARA.US,D,20200413,000000,11.89,12.16,10.91,10.97,6997881,0
MARA.US,D,20200414,000000,10.88,12.74,10.86,12.40,7976226,0
MARA.US,D,20200415,000000,12.70,12.95,11.54,11.97,9986381,0
MARA.US,D,20200416,000000,11.80,11.83,11.33,11.36,11097429,0
MARA.US,D,20200417,000000,11.44,11.56,11.44,11.49,15372147,0
MARA.US,D,20200420,000000,11.69,11.69,11.41,11.42,10870873,0
MARA.US,D,20200420,000000,11.08,11.90,11.08,11.77,12962310,0
MARA.US,D,20200420,000000,11.72,11.99,11.51,11.84,13188130,0
MARA.US,D,20200421,000000,11.87,11.90,11.61,11.64,8391763,0
MARA.US,D,20200422,000000,11.27,11.43,10.23,10.32,13041814,0
MARA.US,D,20200423,000000,10.18,10.21,9.46,9.65,11043160,0
MARA.US,D,20200424,000000,9.76,11.47,9.36,10.61,14180042,0
MARA.US,D,20200427,000000,10.79,10.91,10.61,10.74,17008317,0
MARA.US,D,20200427,000000,10.86,10.94,9.49,9.59,15626635,0
MARA.US,D,20200427,000000,9.70,10.14,9.62,9.96,16043703,0
MARA.US,D,20200428,000000,9.97,10.16,9.92,10.12,11382782,0
MARA.US,D,20200429,000000,10.18,10.71,10.18,10.43,10400776,0
MARA.US,D,20200430,000000,10.39,10.55,10.11,10.28,10480899,0
MARA.US,D,20200501,000000,10.35,10.50,9.92,9.95,8796308,0
MARA.US,D,20200504,000000,10.25,10.38,9.30,9.46,10447837,0
MARA.US,D,20200504,000000,9.40,9.45,8.71,8.90,6830927,0
MARA.US,D,20200504,000000,9.12,9.62,9.02,9.35,7821541,0
MARA.US,D,20200505,000000,9.29,9.36,8.92,8.95,9954073,0
MARA.US,D,20200506,000000,9.07,9.21,8.37,8.39,8209593,0
MARA.US,D,20200507,000000,8.26,8.31,8.03,8.14,16947921,0
