<TICKER>,<PER>,<DATE>,<TIME>,<OPEN>,<HIGH>,<LOW>,<CLOSE>,<VOL>,<OPENINT>
META.US,D,20180102,000000,351.90,352.20,349.51,349.58,6110453,0
META.US,D,20180103,000000,345.04,349.52,344.25,347.91,5840375,0
META.US,D,20180104,000000,348.39,348.71,346.61,347.10,8807804,0
META.US,D,20180105,000000,347.31,347.70,343.65,343.99,6671424,0
META.US,D,20180108,000000,342.93,349.54,341.21,347.64,11416111,0
META.US,D,20180108,000000,347.54,349.25,342.76,344.74,6290546,0
META.US,D,20180108,000000,343.61,343.79,340.99,341.04,6497653,0
META.US,D,20180109,000000,340.70,342.50,335.01,337.15,5656690,0
META.US,D,20180110,000000,338.45,338.79,337.83,338.02,8375941,0
META.US,D,20180111,000000,337.83,339.27,336.05,336.71,7484903,0
META.US,D,20180112,000000,336.56,337.41,336.17,336.31,7774480,0
META.US,D,20180115,000000,336.22,336.27,328.96,330.60,11950376,0
META.US,D,20180115,000000,331.88,332.43,328.13,328.97,10280826,0
META.US,D,20180115,000000,328.97,332.52,328.79,332.25,4165772,0
META.US,D,20180116,000000,330.75,333.30,329.87,333.02,8226199,0
META.US,D,20180117,000000,335.19,335.85,332.32,332.85,10936717,0
META.US,D,20180118,000000,333.51,333.70,330.41,330.59,8382845,0
META.US,D,20180119,000000,328.86,340.94,325.45,340.54,11917147,0
META.US,D,20180122,000000,336.72,345.95,335.82,343.71,6422498,0
META.US,D,20180122,000000,346.76,349.21,334.70,338.02,10294857,0
META.US,D,20180122,000000,335.11,336.73,331.09,332.16,10269959,0
META.US,D,20180123,000000,332.26,332.57,332.06,332.40,4785486,0
META.US,D,20180124,000000,332.08,335.00,330.00,333.89,11704446,0
META.US,D,20180125,000000,335.12,342.39,335.07,341.60,10287970,0
META.US,D,20180126,000000,339.67,340.15,332.04,334.78,7296766,0
META.US,D,20180129,000000,334.70,337.39,322.21,323.83,6439978,0
META.US,D,20180129,000000,323.25,324.25,320.98,321.65,9951800,0
META.US,D,20180129,000000,324.28,326.89,323.51,325.86,5684886,0
META.US,D,20180130,000000,327.87,345.86,325.91,337.65,6539616,0
META.US,D,20180131,000000,337.21,337.66,333.72,334.48,8912473,0
META.US,D,20180201,000000,332.98,335.03,328.72,330.33,11643291,0
META.US,D,20180202,000000,330.19,330.55,330.03,330.25,10846670,0
META.US,D,20180205,000000,328.02,329.17,325.48,325.91,9460242,0
META.US,D,20180205,000000,325.01,328.21,324.67,327.25,5795358,0
META.US,D,20180205,000000,328.34,337.20,327.73,335.32,7074957,0
META.US,D,20180206,000000,335.03,338.75,321.72,325.89,7295617,0
META.US,D,20180207,000000,322.62,325.93,322.61,323.92,10629220,0
META.US,D,20180208,000000,320.20,331.04,316.29,328.44,5060104,0
META.US,D,20180209,000000,327.94,331.93,321.15,321.69,6857250,0
META.US,D,20180212,000000,322.96,323.92,322.64,323.53,9706139,0
META.US,D,20180212,000000,319.92,321.96,316.45,317.71,7906188,0
META.US,D,20180212,000000,321.87,328.95,320.88,327.14,8435047,0
META.US,D,20180213,000000,329.76,329.97,319.41,323.99,4639774,0
META.US,D,20180214,000000,324.82,325.17,322.74,323.15,11694203,0
META.US,D,20180215,000000,322.46,333.56,321.43,331.13,4286290,0
META.US,D,20180216,000000,328.79,330.11,324.76,328.17,9307156,0
META.US,D,20180219,000000,324.98,326.16,324.57,325.86,8170592,0
META.US,D,20180219,000000,324.57,335.50,323.93,328.82,4392574,0
META.US,D,20180219,000000,326.13,326.87,322.16,322.93,9910218,0
META.US,D,20180220,000000,323.11,334.74,319.50,331.71,11315817,0
META.US,D,20180221,000000,335.71,335.88,329.62,330.38,7948600,0
META.US,D,20180222,000000,330.54,330.62,318.69,324.03,6389604,0
META.US,D,20180223,000000,326.22,326.93,309.22,312.02,11216518,0
META.US,D,20180226,000000,308.54,331.35,304.57,328.83,9356179,0
META.US,D,20180226,000000,325.06,334.17,324.90,333.13,8519579,0
META.US,D,20180226,000000,333.02,334.35,323.84,324.14,7338442,0
META.US,D,20180227,000000,328.62,330.53,323.31,323.32,7529685,0
META.US,D,20180228,000000,326.00,329.04,298.19,300.14,5819447,0
META.US,D,20180301,000000,299.84,306.43,299.75,306.09,8267215,0
META.US,D,20180302,000000,307.80,308.77,303.77,304.67,8691803,0
META.US,D,20180305,000000,300.97,317.44,299.33,314.44,4388708,0
META.US,D,20180305,000000,311.83,331.74,311.00,326.16,4394061,0
META.US,D,20180305,000000,327.63,328.66,318.18,321.21,7163437,0
META.US,D,20180306,000000,320.21,342.56,317.83,332.06,7707286,0
META.US,D,20180307,000000,335.26,337.51,325.21,326.37,4785792,0
META.US,D,20180308,000000,328.70,329.33,328.34,329.06,11805629,0
META.US,D,20180309,000000,331.10,332.53,330.73,332.38,5020643,0
META.US,D,20180312,000000,332.27,338.00,311.06,321.63,6101124,0
META.US,D,20180312,000000,323.06,323.13,317.54,318.37,11261744,0
META.US,D,20180312,000000,321.26,328.04,320.51,324.89,11043432,0
META.US,D,20180313,000000,323.21,324.89,320.36,320.74,8782322,0
META.US,D,20180314,000000,321.36,322.96,315.47,317.65,6281119,0
META.US,D,20180315,000000,315.68,319.04,315.32,318.34,11407499,0
META.US,D,20180316,000000,316.84,319.84,316.28,319.02,7264307,0
META.US,D,20180319,000000,319.69,320.82,319.60,320.75,10104053,0
META.US,D,20180319,000000,322.10,324.56,321.33,323.83,6942158,0
META.US,D,20180319,000000,323.45,323.79,320.25,320.92,5279946,0
META.US,D,20180320,000000,319.88,320.88,315.44,317.45,6646123,0
META.US,D,20180321,000000,318.45,318.92,314.79,316.21,11374594,0
META.US,D,20180322,000000,315.96,316.90,314.23,314.96,6887582,0
META.US,D,20180323,000000,314.33,315.13,308.95,310.71,10652021,0
META.US,D,20180326,000000,309.35,315.02,308.99,315.02,11502321,0
META.US,D,20180326,000000,313.88,314.14,313.15,313.97,5546427,0
META.US,D,20180326,000000,312.75,313.31,309.20,309.41,5108050,0
META.US,D,20180327,000000,309.39,309.75,304.44,306.43,10957393,0
META.US,D,20180328,000000,305.56,309.35,304.80,309.17,8868813,0
META.US,D,20180329,000000,311.24,311.54,305.37,306.98,11390395,0
META.US,D,20180330,000000,305.66,309.06,305.27,308.15,4757382,0
META.US,D,20180402,000000,307.78,313.77,304.86,312.86,7961613,0
META.US,D,20180402,000000,312.97,313.86,312.69,313.32,11396216,0
META.US,D,20180402,000000,314.58,315.28,307.82,308.86,4714216,0
META.US,D,20180403,000000,308.45,308.88,308.24,308.76,10156219,0
META.US,D,20180404,000000,308.04,309.68,305.29,305.32,11824092,0
META.US,D,20180405,000000,305.19,310.41,303.18,310.13,4607367,0
META.US,D,20180406,000000,309.50,311.81,309.18,310.67,8879547,0
META.US,D,20180409,000000,310.04,311.29,305.19,307.16,5515233,0
META.US,D,20180409,000000,306.30,306.90,306.08,306.47,9887264,0
META.US,D,20180409,000000,305.48,309.84,304.47,308.42,8034900,0
META.US,D,20180410,000000,308.06,308.13,302.03,302.73,7127042,0
META.US,D,20180411,000000,302.66,303.76,302.44,303.48,9019209,0
META.US,D,20180412,000000,303.00,304.19,302.51,303.08,7419883,0
META.US,D,20180413,000000,302.65,305.89,302.23,305.61,6471922,0
META.US,D,20180416,000000,305.72,309.40,304.87,309.12,10061219,0
META.US,D,20180416,000000,311.21,311.50,305.09,307.46,7219182,0
META.US,D,20180416,000000,306.88,308.68,306.79,308.48,8356162,0
META.US,D,20180417,000000,308.69,308.90,306.18,307.46,6204887,0
META.US,D,20180418,000000,307.16,310.02,306.61,309.74,6043058,0
META.US,D,20180419,000000,309.77,309.83,309.16,309.19,5103174,0
META.US,D,20180420,000000,309.07,309.35,304.47,306.30,6592939,0
META.US,D,20180423,000000,306.61,306.74,305.32,305.71,10337652,0
META.US,D,20180423,000000,306.47,306.56,305.55,305.62,4446355,0
META.US,D,20180423,000000,306.22,306.76,304.40,304.70,6288766,0
META.US,D,20180424,000000,304.48,304.58,303.31,303.73,7959478,0
META.US,D,20180425,000000,304.04,304.12,302.87,303.35,8868571,0
META.US,D,20180426,000000,304.40,306.81,304.08,306.63,11311614,0
META.US,D,20180427,000000,306.53,307.69,306.51,307.21,7211453,0
META.US,D,20180430,000000,307.57,310.83,306.47,310.46,9243463,0
META.US,D,20180430,000000,309.92,311.94,306.60,307.82,10521592,0
META.US,D,20180430,000000,308.15,312.01,307.40,311.70,8895314,0
META.US,D,20180501,000000,313.20,313.41,312.21,312.47,8049182,0
META.US,D,20180502,000000,311.42,315.92,310.99,314.83,10508142,0
META.US,D,20180503,000000,316.62,318.23,316.39,317.87,9876895,0
META.US,D,20180504,000000,317.66,318.41,317.44,318.21,6423033,0
META.US,D,20180507,000000,318.49,318.72,315.24,315.93,4668764,0
META.US,D,20180507,000000,315.50,316.55,315.38,316.00,7897957,0
META.US,D,20180507,000000,315.77,315.86,311.69,313.73,5612953,0
META.US,D,20180508,000000,313.51,315.90,313.10,315.03,5208066,0
META.US,D,20180509,000000,315.04,315.41,313.57,313.88,11781999,0
META.US,D,20180510,000000,314.80,314.95,314.14,314.22,4850406,0
META.US,D,20180511,000000,314.19,314.62,313.93,314.29,4703537,0
META.US,D,20180514,000000,313.96,316.11,313.78,315.43,5101902,0
META.US,D,20180514,000000,315.73,316.21,314.35,315.14,9927281,0
META.US,D,20180514,000000,314.47,316.90,313.91,316.34,6963927,0
META.US,D,20180515,000000,317.09,318.05,301.75,301.96,7253579,0
META.US,D,20180516,000000,302.12,302.49,299.75,299.80,5546931,0
META.US,D,20180517,000000,299.56,300.30,299.53,300.16,6513936,0
META.US,D,20180518,000000,299.60,301.60,295.92,296.01,9393458,0
META.US,D,20180521,000000,294.64,306.21,293.40,303.65,7348814,0
META.US,D,20180521,000000,302.91,305.00,302.49,304.25,10942804,0
META.US,D,20180521,000000,305.10,308.91,304.68,307.41,5410022,0
META.US,D,20180522,000000,303.41,304.59,301.96,303.69,5886677,0
META.US,D,20180523,000000,306.59,307.89,296.10,299.90,10148260,0
META.US,D,20180524,000000,302.57,306.56,294.92,295.90,5927027,0
META.US,D,20180525,000000,295.81,307.05,294.35,305.45,9050286,0
META.US,D,20180528,000000,303.64,310.36,303.07,309.74,10866479,0
META.US,D,20180528,000000,307.23,311.18,307.09,310.03,9058334,0
META.US,D,20180528,000000,310.85,318.67,310.57,315.00,7415293,0
META.US,D,20180529,000000,316.79,317.10,302.96,307.72,8078336,0
META.US,D,20180530,000000,307.21,311.30,306.41,310.89,8736039,0
META.US,D,20180531,000000,309.87,310.77,303.82,305.51,8435073,0
META.US,D,20180601,000000,304.36,305.48,304.27,304.88,4484686,0
META.US,D,20180604,000000,305.48,308.64,301.33,302.29,11176100,0
META.US,D,20180604,000000,301.68,305.22,300.62,305.15,6870412,0
META.US,D,20180604,000000,306.40,307.35,304.21,305.61,6949326,0
META.US,D,20180605,000000,308.15,308.28,307.52,308.01,5680358,0
META.US,D,20180606,000000,309.31,319.04,309.24,317.81,10163844,0
META.US,D,20180607,000000,317.86,318.45,309.53,310.91,5201688,0
META.US,D,20180608,000000,310.74,311.27,310.20,310.81,9315184,0
META.US,D,20180611,000000,311.50,312.62,307.06,307.88,6540908,0
META.US,D,20180611,000000,304.91,321.47,303.89,318.49,11353632,0
META.US,D,20180611,000000,319.47,321.08,315.93,319.99,10572759,0
META.US,D,20180612,000000,323.91,329.09,323.85,328.27,9359020,0
META.US,D,20180613,000000,328.40,332.90,327.03,331.57,4233545,0
META.US,D,20180614,000000,330.63,331.83,330.36,331.44,11457583,0
META.US,D,20180615,000000,332.20,339.52,331.72,338.50,4473232,0
META.US,D,20180618,000000,343.34,351.19,342.56,347.32,9195116,0
META.US,D,20180618,000000,342.56,375.21,335.97,369.24,8260099,0
META.US,D,20180618,000000,369.04,369.06,361.31,362.50,6729139,0
META.US,D,20180619,000000,361.32,365.54,359.66,364.61,8764696,0
META.US,D,20180620,000000,363.43,363.70,355.99,358.64,7857594,0
META.US,D,20180621,000000,365.26,374.12,350.83,354.64,4539317,0
META.US,D,20180622,000000,348.47,387.25,341.72,376.37,8693088,0
META.US,D,20180625,000000,378.40,401.03,374.68,398.68,11278645,0
META.US,D,20180625,000000,401.79,405.44,392.53,392.74,8843095,0
META.US,D,20180625,000000,388.68,401.20,384.12,400.56,11643991,0
META.US,D,20180626,000000,400.83,402.01,390.61,394.18,11027886,0
META.US,D,20180627,000000,396.09,396.36,384.75,386.43,6191798,0
META.US,D,20180628,000000,384.31,389.78,382.41,389.35,8822991,0
META.US,D,20180629,000000,394.14,396.17,393.40,394.94,8280032,0
META.US,D,20180702,000000,397.92,403.33,383.18,388.20,6380047,0
META.US,D,20180702,000000,387.01,397.77,383.67,395.45,7227089,0
META.US,D,20180702,000000,393.07,395.83,374.90,379.69,11909639,0
META.US,D,20180703,000000,380.61,383.18,380.33,382.34,10258980,0
META.US,D,20180704,000000,379.98,384.15,379.60,382.28,6931583,0
META.US,D,20180705,000000,381.18,387.15,381.17,386.08,6585088,0
META.US,D,20180706,000000,383.66,387.96,383.28,387.44,5596447,0
META.US,D,20180709,000000,389.14,399.87,386.82,397.05,11763516,0
META.US,D,20180709,000000,393.27,399.17,390.10,398.29,6806676,0
META.US,D,20180709,000000,397.82,401.23,397.46,400.71,4403329,0
META.US,D,20180710,000000,403.07,403.89,380.77,382.13,6747907,0
META.US,D,20180711,000000,383.71,395.60,379.86,391.00,7549334,0
META.US,D,20180712,000000,392.97,393.46,390.16,390.93,11170172,0
META.US,D,20180713,000000,394.73,398.95,393.11,398.23,6233323,0
META.US,D,20180716,000000,396.79,397.14,388.94,390.04,6945210,0
META.US,D,20180716,000000,391.16,395.30,370.83,376.39,5497523,0
META.US,D,20180716,000000,378.28,380.62,366.15,368.87,9064254,0
META.US,D,20180717,000000,368.73,370.87,368.54,370.62,5773453,0
META.US,D,20180718,000000,371.21,392.82,368.56,390.45,10364905,0
META.US,D,20180719,000000,389.16,390.96,388.91,389.46,5353486,0
META.US,D,20180720,000000,392.84,396.15,379.57,380.69,5363701,0
META.US,D,20180723,000000,381.00,381.04,369.44,372.83,6434547,0
META.US,D,20180723,000000,373.16,385.86,373.09,381.48,8645143,0
META.US,D,20180723,000000,381.50,383.25,380.85,381.64,5792443,0
META.US,D,20180724,000000,380.03,395.68,378.79,388.85,9066154,0
META.US,D,20180725,000000,388.00,391.01,387.87,390.70,6003454,0
META.US,D,20180726,000000,389.39,403.29,388.86,397.30,6908591,0
META.US,D,20180727,000000,400.92,401.57,392.05,394.57,10678264,0
META.US,D,20180730,000000,395.21,396.07,391.54,392.25,4370052,0
META.US,D,20180730,000000,390.77,398.07,389.57,395.96,10118474,0
META.US,D,20180730,000000,395.14,395.16,393.50,393.51,6265650,0
META.US,D,20180731,000000,393.15,397.28,391.66,396.49,7164166,0
META.US,D,20180801,000000,396.95,398.74,390.84,392.70,10406144,0
META.US,D,20180802,000000,393.45,393.68,388.77,389.19,4560332,0
META.US,D,20180803,000000,389.03,394.25,387.57,393.77,6291552,0
META.US,D,20180806,000000,394.22,396.70,393.66,396.55,7938316,0
META.US,D,20180806,000000,397.39,397.57,397.24,397.54,8484019,0
META.US,D,20180806,000000,397.59,398.16,397.56,398.05,5529521,0
META.US,D,20180807,000000,398.03,406.21,396.41,403.13,11457609,0
META.US,D,20180808,000000,403.64,406.36,403.04,405.27,4741045,0
META.US,D,20180809,000000,405.54,405.60,404.85,405.21,5364335,0
META.US,D,20180810,000000,404.81,405.48,399.27,401.22,5281966,0
META.US,D,20180813,000000,399.04,403.10,397.95,402.47,9139561,0
META.US,D,20180813,000000,404.87,405.58,400.17,400.25,7749803,0
META.US,D,20180813,000000,401.83,405.54,400.67,404.83,5343019,0
META.US,D,20180814,000000,404.36,406.75,398.55,400.79,6473254,0
META.US,D,20180815,000000,401.21,402.10,397.42,397.76,7565973,0
META.US,D,20180816,000000,397.62,398.89,396.59,397.94,6312149,0
META.US,D,20180817,000000,397.67,400.12,397.18,399.83,6231899,0
META.US,D,20180820,000000,403.17,406.48,402.38,405.37,8245225,0
META.US,D,20180820,000000,406.39,412.80,402.57,410.78,14678916,0
META.US,D,20180820,000000,407.01,419.15,404.33,418.39,15441205,0
META.US,D,20180821,000000,419.39,428.49,409.72,424.67,12496544,0
META.US,D,20180822,000000,420.16,433.92,415.80,433.32,8266934,0
META.US,D,20180823,000000,434.02,440.91,433.85,439.12,10677227,0
META.US,D,20180824,000000,437.53,451.56,435.29,450.21,18819865,0
META.US,D,20180827,000000,444.69,464.67,442.02,459.03,16821118,0
META.US,D,20180827,000000,454.52,470.64,450.71,465.07,16941156,0
META.US,D,20180827,000000,469.76,478.14,467.17,477.66,25480725,0
META.US,D,20180828,000000,472.78,488.79,470.18,488.34,9595031,0
META.US,D,20180829,000000,492.77,507.59,487.23,501.19,14288129,0
META.US,D,20180830,000000,504.25,509.30,504.12,508.11,22607890,0
META.US,D,20180831,000000,505.70,526.51,500.80,520.00,9993110,0
META.US,D,20180903,000000,518.70,540.57,509.51,535.91,21471859,0
META.US,D,20180903,000000,518.99,550.73,507.49,546.91,17137665,0
META.US,D,20180903,000000,540.25,559.64,539.84,559.62,21131919,0
META.US,D,20180904,000000,555.22,591.32,545.71,579.43,29658536,0
META.US,D,20180905,000000,572.56,611.95,570.18,596.02,31919788,0
META.US,D,20180906,000000,592.65,612.91,589.37,609.32,25453974,0
META.US,D,20180907,000000,598.43,628.94,595.22,628.44,29705970,0
META.US,D,20180910,000000,627.47,655.37,626.00,649.63,23985481,0
META.US,D,20180910,000000,649.74,671.42,641.83,667.45,19113014,0
META.US,D,20180910,000000,661.36,696.37,660.26,688.40,13179500,0
META.US,D,20180911,000000,678.24,720.43,670.66,708.07,35685209,0
META.US,D,20180912,000000,706.91,736.12,697.14,730.30,26524833,0
META.US,D,20180913,000000,725.37,759.10,713.97,754.71,24138292,0
META.US,D,20180914,000000,750.41,813.62,750.15,784.33,28554513,0
META.US,D,20180917,000000,763.10,838.84,759.47,812.47,35395964,0
META.US,D,20180917,000000,814.92,842.09,808.22,841.20,7068323,0
META.US,D,20180917,000000,847.45,847.84,837.57,844.50,9723278,0
META.US,D,20180918,000000,851.02,859.40,797.78,808.92,10189941,0
META.US,D,20180919,000000,805.58,842.04,802.36,836.77,6019062,0
META.US,D,20180920,000000,848.90,854.80,833.41,834.81,4811104,0
META.US,D,20180921,000000,845.80,850.02,807.85,819.95,8081661,0
META.US,D,20180924,000000,831.01,838.78,813.24,833.73,7110601,0
META.US,D,20180924,000000,831.00,831.22,797.43,804.09,10462238,0
META.US,D,20180924,000000,807.30,820.41,760.12,772.54,4060959,0
META.US,D,20180925,000000,770.74,820.94,746.03,800.71,6576731,0
META.US,D,20180926,000000,810.32,817.21,766.83,769.85,7266509,0
META.US,D,20180927,000000,765.63,781.96,760.39,775.51,5377061,0
META.US,D,20180928,000000,779.61,800.94,777.61,800.13,7766394,0
META.US,D,20181001,000000,792.47,792.95,786.36,788.92,7430882,0
META.US,D,20181001,000000,786.56,788.15,770.02,771.93,8127268,0
META.US,D,20181001,000000,768.27,806.35,765.80,795.16,11209341,0
META.US,D,20181002,000000,798.37,847.74,787.09,831.88,9271740,0
META.US,D,20181003,000000,829.92,907.42,826.69,889.32,6025977,0
META.US,D,20181004,000000,884.95,903.88,883.48,900.67,8479528,0
META.US,D,20181005,000000,903.47,907.06,876.95,880.28,10592771,0
META.US,D,20181008,000000,880.32,889.15,878.07,885.86,11131708,0
META.US,D,20181008,000000,876.78,886.39,867.31,882.47,5759301,0
META.US,D,20181008,000000,882.66,884.53,881.64,884.28,9333281,0
META.US,D,20181009,000000,886.54,897.03,886.42,895.36,9882034,0
META.US,D,20181010,000000,903.87,909.92,861.16,868.09,6620560,0
META.US,D,20181011,000000,867.60,903.87,854.52,901.58,5502281,0
META.US,D,20181012,000000,882.09,949.76,871.90,943.10,10137793,0
META.US,D,20181015,000000,937.69,939.59,934.15,936.22,8121317,0
META.US,D,20181015,000000,930.16,981.77,923.65,977.95,10717814,0
META.US,D,20181015,000000,978.71,988.67,930.44,940.80,9510871,0
META.US,D,20181016,000000,949.67,964.34,910.29,913.86,8165571,0
META.US,D,20181017,000000,907.15,909.33,901.04,908.20,4804672,0
META.US,D,20181018,000000,906.63,918.81,903.84,914.23,10699009,0
META.US,D,20181019,000000,916.62,917.01,914.67,914.97,4913950,0
META.US,D,20181022,000000,921.47,924.74,903.89,904.25,9584585,0
META.US,D,20181022,000000,901.01,909.41,877.87,880.23,7520349,0
META.US,D,20181022,000000,864.93,899.40,857.34,887.22,11172277,0
META.US,D,20181023,000000,899.10,902.81,867.89,870.74,5679265,0
META.US,D,20181024,000000,872.87,874.51,848.45,856.19,8048066,0
META.US,D,20181025,000000,859.50,861.19,859.10,860.23,9143755,0
META.US,D,20181026,000000,867.86,871.46,854.81,857.51,4738762,0
META.US,D,20181029,000000,861.80,865.13,827.46,830.19,9939282,0
META.US,D,20181029,000000,823.51,830.02,821.74,829.30,4960029,0
META.US,D,20181029,000000,819.33,826.18,817.32,825.39,9862475,0
META.US,D,20181030,000000,816.09,855.43,806.70,854.35,5972215,0
META.US,D,20181031,000000,853.56,873.86,850.05,873.41,11586011,0
META.US,D,20181101,000000,864.18,940.58,836.73,928.40,9046826,0
META.US,D,20181102,000000,919.51,919.98,865.27,892.41,4202915,0
META.US,D,20181105,000000,902.55,942.15,894.59,931.17,10976907,0
META.US,D,20181105,000000,939.94,971.21,936.90,961.20,11847893,0
META.US,D,20181105,000000,959.69,1004.45,956.26,997.73,6761520,0
META.US,D,20181106,000000,998.85,1007.19,989.78,1002.17,6425627,0
META.US,D,20181107,000000,982.30,1045.61,977.26,1018.74,6064621,0
META.US,D,20181108,000000,1024.85,1089.97,1024.75,1063.85,6905994,0
META.US,D,20181109,000000,1063.81,1172.18,1061.97,1165.94,9490807,0
META.US,D,20181112,000000,1146.56,1155.86,1125.98,1132.95,10163688,0
META.US,D,20181112,000000,1144.69,1147.57,1130.68,1136.71,6469563,0
META.US,D,20181112,000000,1133.33,1136.48,1105.36,1114.96,9724252,0
META.US,D,20181113,000000,1134.42,1141.62,1103.72,1104.86,10585088,0
META.US,D,20181114,000000,1103.12,1148.54,1093.67,1119.29,9943235,0
META.US,D,20181115,000000,1124.52,1125.85,1118.09,1124.41,10916392,0
META.US,D,20181116,000000,1117.76,1160.35,1117.67,1155.81,11937228,0
META.US,D,20181119,000000,1161.41,1326.60,1125.57,1273.41,11786744,0
META.US,D,20181119,000000,1273.36,1279.10,1273.17,1276.06,4324606,0
META.US,D,20181119,000000,1288.18,1308.42,1148.56,1211.55,9403019,0
META.US,D,20181120,000000,1188.76,1230.47,1188.23,1203.48,6896672,0
META.US,D,20181121,000000,1211.07,1229.91,1094.99,1102.83,11551939,0
META.US,D,20181122,000000,1100.51,1112.18,1087.36,1111.76,7081537,0
META.US,D,20181123,000000,1117.55,1124.47,975.09,1005.18,4586837,0
META.US,D,20181126,000000,1022.25,1028.46,952.77,953.62,7568158,0
META.US,D,20181126,000000,950.81,955.56,931.33,939.03,7935012,0
META.US,D,20181126,000000,934.15,944.80,931.89,940.07,7140242,0
META.US,D,20181127,000000,932.74,953.49,924.54,942.65,5277539,0
META.US,D,20181128,000000,928.58,930.28,871.77,889.06,7296769,0
META.US,D,20181129,000000,885.05,909.75,878.90,906.01,8642094,0
META.US,D,20181130,000000,916.84,921.58,882.56,894.77,4584873,0
META.US,D,20181203,000000,890.90,892.65,883.40,884.48,4978800,0
META.US,D,20181203,000000,899.54,902.16,857.67,863.53,5787241,0
META.US,D,20181203,000000,867.47,883.68,867.16,882.39,11379303,0
META.US,D,20181204,000000,873.45,896.85,870.74,882.90,11223770,0
META.US,D,20181205,000000,880.83,882.71,880.75,882.30,4701818,0
META.US,D,20181206,000000,882.76,890.67,879.73,890.30,11101555,0
META.US,D,20181207,000000,895.88,937.60,797.87,819.42,4972618,0
META.US,D,20181210,000000,803.66,880.95,796.09,843.21,5494768,0
META.US,D,20181210,000000,842.21,879.38,836.06,877.96,6084435,0
META.US,D,20181210,000000,870.90,874.30,775.27,808.20,10718033,0
META.US,D,20181211,000000,806.13,814.88,792.09,794.98,11596007,0
META.US,D,20181212,000000,792.82,800.90,758.28,760.77,8393216,0
META.US,D,20181213,000000,753.64,774.38,731.36,774.02,6154576,0
META.US,D,20181214,000000,781.82,793.61,736.00,751.05,5949040,0
META.US,D,20181217,000000,751.71,779.27,739.41,776.51,9713252,0
META.US,D,20181217,000000,788.33,789.87,764.31,766.58,9736155,0
META.US,D,20181217,000000,762.66,763.72,755.22,756.33,8122876,0
META.US,D,20181218,000000,755.48,758.44,693.34,707.35,8516675,0
META.US,D,20181219,000000,699.45,720.14,695.49,718.19,11351879,0
META.US,D,20181220,000000,730.35,737.91,697.18,713.30,7401962,0
META.US,D,20181221,000000,711.60,711.65,680.17,688.46,7397662,0
META.US,D,20181224,000000,694.04,694.53,692.27,693.05,6301246,0
META.US,D,20181224,000000,682.73,714.80,678.29,709.53,11302804,0
META.US,D,20181224,000000,710.24,712.80,704.64,705.47,7195169,0
META.US,D,20181225,000000,704.68,711.22,704.04,708.79,5481372,0
META.US,D,20181226,000000,706.92,718.36,705.99,713.88,8038805,0
META.US,D,20181227,000000,701.90,738.55,695.61,716.51,10135194,0
META.US,D,20181228,000000,720.17,729.04,719.60,727.75,6272157,0
META.US,D,20181231,000000,730.40,762.78,727.63,753.09,8940757,0
META.US,D,20181231,000000,743.90,744.16,737.69,743.72,5731392,0
META.US,D,20181231,000000,759.78,760.66,716.23,723.17,5072116,0
META.US,D,20190101,000000,727.64,732.04,688.70,693.42,10411212,0
META.US,D,20190102,000000,702.61,706.73,683.98,688.50,8174102,0
META.US,D,20190103,000000,679.20,735.62,667.79,727.06,10136158,0
META.US,D,20190104,000000,719.33,730.14,716.87,726.30,4810775,0
META.US,D,20190107,000000,736.25,741.14,699.17,714.85,11861231,0
META.US,D,20190107,000000,713.45,716.61,710.71,714.11,9424363,0
META.US,D,20190107,000000,704.81,733.89,700.98,732.44,7206098,0
META.US,D,20190108,000000,726.71,738.15,722.74,736.00,5217700,0
META.US,D,20190109,000000,727.50,733.84,708.64,709.29,7073973,0
META.US,D,20190110,000000,711.78,712.34,707.86,708.49,6707535,0
META.US,D,20190111,000000,716.21,717.19,715.07,715.17,6305411,0
META.US,D,20190114,000000,715.93,730.92,713.56,730.16,8350705,0
META.US,D,20190114,000000,721.21,721.86,719.64,719.83,7731357,0
META.US,D,20190114,000000,721.98,751.80,714.36,741.81,7806650,0
META.US,D,20190115,000000,737.38,744.12,734.85,743.19,9205064,0
META.US,D,20190116,000000,738.44,739.12,722.94,729.41,8318718,0
META.US,D,20190117,000000,734.64,736.79,712.68,716.24,4497446,0
META.US,D,20190118,000000,715.37,716.52,707.82,709.04,6069952,0
META.US,D,20190121,000000,706.62,711.42,671.33,674.72,5893422,0
META.US,D,20190121,000000,668.20,683.20,663.97,682.46,8964382,0
META.US,D,20190121,000000,677.50,680.06,657.05,660.66,5632466,0
META.US,D,20190122,000000,660.23,662.08,635.05,637.39,11145646,0
META.US,D,20190123,000000,633.28,634.58,627.20,631.57,7729204,0
META.US,D,20190124,000000,620.91,621.99,620.56,621.21,8454396,0
META.US,D,20190125,000000,616.17,617.38,613.17,614.53,8874785,0
META.US,D,20190128,000000,615.65,636.86,570.60,584.00,7728568,0
META.US,D,20190128,000000,579.54,597.49,569.73,593.14,8523182,0
META.US,D,20190128,000000,594.99,619.07,594.64,607.08,10997470,0
META.US,D,20190129,000000,603.08,604.33,600.97,601.28,10589488,0
META.US,D,20190130,000000,610.39,610.79,580.23,583.17,7652884,0
META.US,D,20190131,000000,582.20,591.48,579.56,589.47,6131121,0
META.US,D,20190201,000000,592.28,597.84,532.06,551.16,7074339,0
META.US,D,20190204,000000,547.02,554.21,517.08,533.56,6018447,0
META.US,D,20190204,000000,535.61,539.64,522.79,525.28,7802248,0
META.US,D,20190204,000000,526.08,535.91,523.24,532.39,4422439,0
META.US,D,20190205,000000,534.03,536.56,529.54,531.41,4646035,0
META.US,D,20190206,000000,531.42,532.72,530.62,530.67,10196323,0
META.US,D,20190207,000000,528.61,531.60,509.32,514.92,11401669,0
META.US,D,20190208,000000,532.47,533.32,509.23,513.80,11193611,0
META.US,D,20190211,000000,522.36,523.62,503.88,505.61,6373989,0
META.US,D,20190211,000000,510.90,511.02,506.63,507.49,8059313,0
META.US,D,20190211,000000,514.85,516.04,467.79,486.93,8478520,0
META.US,D,20190212,000000,494.25,501.14,455.80,466.93,5892596,0
META.US,D,20190213,000000,466.91,482.08,464.05,482.07,4446752,0
META.US,D,20190214,000000,480.94,497.89,477.73,495.48,8475202,0
META.US,D,20190215,000000,500.54,502.10,472.03,480.87,6340111,0
META.US,D,20190218,000000,477.76,480.20,457.97,460.09,10543784,0
META.US,D,20190218,000000,462.31,463.54,447.17,452.23,10076117,0
META.US,D,20190218,000000,455.04,461.18,446.18,447.07,8636842,0
META.US,D,20190219,000000,439.53,461.54,435.21,455.70,7507689,0
META.US,D,20190220,000000,455.25,464.20,421.83,432.74,11711634,0
META.US,D,20190221,000000,428.34,453.20,421.47,448.49,8261404,0
META.US,D,20190222,000000,446.31,449.53,445.42,449.14,4142857,0
META.US,D,20190225,000000,449.79,455.25,423.56,431.85,7057160,0
META.US,D,20190225,000000,423.93,458.06,412.33,455.26,9330940,0
META.US,D,20190225,000000,456.29,459.31,452.64,455.85,9510986,0
META.US,D,20190226,000000,453.46,454.38,442.93,444.94,5962946,0
META.US,D,20190227,000000,445.70,457.57,442.66,448.10,9939304,0
META.US,D,20190228,000000,449.72,452.87,411.45,415.50,10275276,0
META.US,D,20190301,000000,410.96,471.87,372.47,467.13,11360530,0
META.US,D,20190304,000000,477.27,480.36,456.82,457.69,10736605,0
META.US,D,20190304,000000,455.01,466.04,454.38,464.62,9812620,0
META.US,D,20190304,000000,460.86,464.61,460.80,464.24,7181777,0
META.US,D,20190305,000000,466.75,480.49,464.71,479.92,9355198,0
META.US,D,20190306,000000,484.47,485.66,453.20,457.85,11638648,0
META.US,D,20190307,000000,458.38,465.48,455.53,465.34,4831362,0
META.US,D,20190308,000000,460.75,461.42,457.41,458.14,7248218,0
META.US,D,20190311,000000,457.52,467.88,422.52,428.44,11700508,0
META.US,D,20190311,000000,438.58,440.41,432.96,433.31,11445864,0
META.US,D,20190311,000000,441.47,444.13,415.33,417.97,11812684,0
META.US,D,20190312,000000,417.17,423.69,415.02,423.47,11568517,0
META.US,D,20190313,000000,423.35,428.82,403.13,406.77,5151255,0
META.US,D,20190314,000000,404.09,404.46,396.01,398.83,9908376,0
META.US,D,20190315,000000,401.78,405.85,389.05,393.60,6199352,0
META.US,D,20190318,000000,395.66,396.24,388.86,389.76,10545960,0
META.US,D,20190318,000000,388.66,396.44,352.92,368.58,10283500,0
META.US,D,20190318,000000,369.38,388.26,369.10,383.03,8433295,0
META.US,D,20190319,000000,382.48,387.12,365.14,372.09,10317866,0
META.US,D,20190320,000000,376.24,385.15,373.85,384.18,11148427,0
META.US,D,20190321,000000,380.20,381.30,372.22,372.97,4302744,0
META.US,D,20190322,000000,380.63,386.99,379.30,384.09,10786134,0
META.US,D,20190325,000000,382.01,385.23,358.92,363.06,10808727,0
META.US,D,20190325,000000,364.48,368.62,353.83,356.23,8320792,0
META.US,D,20190325,000000,354.16,373.78,352.41,366.75,6708901,0
META.US,D,20190326,000000,363.63,364.95,355.96,356.73,7107531,0
META.US,D,20190327,000000,359.14,360.42,357.14,357.19,8251227,0
META.US,D,20190328,000000,356.18,369.17,353.75,367.41,5138261,0
META.US,D,20190329,000000,368.14,374.26,367.58,372.52,8177584,0
META.US,D,20190401,000000,371.73,372.42,351.22,352.06,9745833,0
META.US,D,20190401,000000,351.34,363.69,349.74,360.27,7360002,0
META.US,D,20190401,000000,355.23,360.52,354.45,358.64,9294777,0
META.US,D,20190402,000000,358.78,364.32,357.94,360.10,10557778,0
META.US,D,20190403,000000,361.72,367.31,358.56,361.82,10493846,0
META.US,D,20190404,000000,367.03,370.65,366.97,367.89,4358092,0
META.US,D,20190405,000000,367.24,367.35,366.69,367.08,8313451,0
META.US,D,20190408,000000,363.00,394.48,362.43,384.63,10473510,0
META.US,D,20190408,000000,385.40,394.86,384.75,392.35,6068380,0
META.US,D,20190408,000000,395.34,400.93,394.40,399.86,9064532,0
META.US,D,20190409,000000,395.46,400.27,387.22,390.41,10097603,0
META.US,D,20190410,000000,392.90,436.68,389.77,425.45,4316780,0
META.US,D,20190411,000000,422.61,437.24,419.69,431.29,8915485,0
META.US,D,20190412,000000,429.55,443.58,427.42,437.32,8429724,0
META.US,D,20190415,000000,440.30,458.20,437.51,454.69,10841717,0
META.US,D,20190415,000000,454.32,454.85,405.78,411.55,10299511,0
META.US,D,20190415,000000,409.57,410.81,399.02,404.78,8587426,0
META.US,D,20190416,000000,403.66,426.40,400.41,418.61,5810511,0
META.US,D,20190417,000000,424.61,428.52,407.69,409.78,5872022,0
META.US,D,20190418,000000,412.91,416.92,397.27,400.14,10257750,0
META.US,D,20190419,000000,408.55,411.24,384.24,387.44,11873897,0
META.US,D,20190422,000000,391.98,397.04,383.99,388.23,5276428,0
META.US,D,20190422,000000,389.04,422.58,365.22,406.25,5791476,0
META.US,D,20190422,000000,402.30,424.28,397.60,415.30,10580306,0
META.US,D,20190423,000000,397.70,452.30,375.17,436.60,5591190,0
META.US,D,20190424,000000,435.89,445.57,390.63,391.29,4651237,0
META.US,D,20190425,000000,393.43,394.80,379.51,383.52,5657586,0
META.US,D,20190426,000000,382.18,384.76,371.79,377.45,11313077,0
META.US,D,20190429,000000,380.27,400.13,375.77,395.11,9376808,0
META.US,D,20190429,000000,393.90,395.77,392.66,395.19,5235582,0
META.US,D,20190429,000000,395.01,429.44,388.39,420.86,8557735,0
META.US,D,20190430,000000,420.40,440.66,412.56,436.75,8985484,0
META.US,D,20190501,000000,436.74,438.19,405.83,414.04,6443613,0
META.US,D,20190502,000000,419.55,423.11,415.24,415.36,7741312,0
META.US,D,20190503,000000,419.00,459.84,414.20,458.74,11199149,0
META.US,D,20190506,000000,466.01,470.36,440.03,446.65,9153939,0
META.US,D,20190506,000000,444.04,477.89,439.32,460.49,5221081,0
META.US,D,20190506,000000,451.08,452.83,448.97,451.75,11203613,0
META.US,D,20190507,000000,451.82,453.56,403.37,422.63,11883129,0
META.US,D,20190508,000000,428.47,449.21,354.04,383.33,5437994,0
META.US,D,20190509,000000,384.59,385.66,381.03,381.22,4745208,0
META.US,D,20190510,000000,387.43,388.44,383.10,385.65,4492945,0
META.US,D,20190513,000000,383.70,404.97,381.82,402.70,11457680,0
META.US,D,20190513,000000,400.77,417.31,398.45,416.86,8386289,0
META.US,D,20190513,000000,415.04,416.87,391.39,393.53,5277518,0
META.US,D,20190514,000000,400.38,448.87,400.34,432.57,10136571,0
META.US,D,20190515,000000,433.64,466.99,423.33,447.97,6230886,0
META.US,D,20190516,000000,434.77,468.38,428.26,462.68,10492649,0
META.US,D,20190517,000000,468.75,473.89,458.74,461.53,7159881,0
META.US,D,20190520,000000,468.79,482.89,467.68,478.95,5196231,0
META.US,D,20190520,000000,463.90,468.05,452.24,455.57,6179920,0
META.US,D,20190520,000000,465.95,467.33,440.34,441.65,4566165,0
META.US,D,20190521,000000,441.93,443.25,436.91,438.40,5928118,0
META.US,D,20190522,000000,431.73,480.87,416.64,470.65,11357432,0
META.US,D,20190523,000000,476.46,479.45,453.19,457.95,11027621,0
META.US,D,20190524,000000,460.42,475.38,455.62,466.85,7344090,0
META.US,D,20190527,000000,469.34,486.89,464.75,479.64,7375916,0
META.US,D,20190527,000000,477.30,478.06,457.10,460.90,10429995,0
META.US,D,20190527,000000,462.31,534.62,462.15,503.29,6922511,0
META.US,D,20190528,000000,503.89,504.05,500.70,502.69,5828999,0
META.US,D,20190529,000000,502.10,503.54,489.56,492.62,4706876,0
META.US,D,20190530,000000,489.40,490.84,432.98,457.72,8560345,0
META.US,D,20190531,000000,467.95,468.27,464.77,465.17,11520354,0
META.US,D,20190603,000000,470.72,471.13,430.78,436.10,10815309,0
META.US,D,20190603,000000,430.74,469.64,428.97,464.64,7898999,0
META.US,D,20190603,000000,457.40,457.85,438.03,443.97,9287745,0
META.US,D,20190604,000000,438.97,455.36,433.00,452.74,11129079,0
META.US,D,20190605,000000,452.23,452.26,433.67,434.01,8004731,0
META.US,D,20190606,000000,415.69,419.49,400.38,402.33,6756075,0
META.US,D,20190607,000000,400.72,422.07,398.06,415.05,11567556,0
META.US,D,20190610,000000,410.15,426.93,410.08,424.70,7183164,0
META.US,D,20190610,000000,428.14,438.77,405.53,413.15,6965286,0
META.US,D,20190610,000000,401.81,411.01,399.71,408.41,10164061,0
META.US,D,20190611,000000,408.96,431.17,405.50,427.98,4317185,0
META.US,D,20190612,000000,428.94,488.97,428.54,467.05,5758609,0
META.US,D,20190613,000000,465.96,467.73,455.35,455.59,8593633,0
META.US,D,20190614,000000,464.70,485.04,394.03,420.83,4969819,0
META.US,D,20190617,000000,428.01,462.69,426.88,445.61,9876717,0
META.US,D,20190617,000000,443.91,478.14,438.46,472.05,10373238,0
META.US,D,20190617,000000,479.53,500.26,473.86,494.95,11767081,0
META.US,D,20190618,000000,488.08,524.40,481.57,521.18,6045142,0
META.US,D,20190619,000000,528.27,529.23,522.00,522.61,4871223,0
META.US,D,20190620,000000,515.88,555.44,514.85,551.04,11831605,0
META.US,D,20190621,000000,554.40,565.96,504.69,514.85,9904744,0
META.US,D,20190624,000000,515.45,523.68,514.99,520.21,10610700,0
META.US,D,20190624,000000,518.60,532.48,475.88,482.10,5577060,0
META.US,D,20190624,000000,480.59,519.94,471.18,508.57,7347919,0
META.US,D,20190625,000000,500.96,533.23,497.06,531.55,4929596,0
META.US,D,20190626,000000,530.50,544.92,518.58,537.80,9536298,0
META.US,D,20190627,000000,529.55,530.93,496.50,496.81,9308492,0
META.US,D,20190628,000000,489.50,492.30,488.22,491.14,11279319,0
META.US,D,20190701,000000,481.00,483.20,470.39,473.92,7092788,0
META.US,D,20190701,000000,465.21,473.74,463.30,470.06,6534246,0
META.US,D,20190701,000000,470.45,470.63,467.38,469.38,11497866,0
META.US,D,20190702,000000,471.38,478.58,417.70,438.94,9603717,0
META.US,D,20190703,000000,447.53,453.45,426.36,426.49,8413736,0
META.US,D,20190704,000000,424.83,426.32,419.57,422.40,11864672,0
META.US,D,20190705,000000,424.38,460.49,422.94,451.89,5357982,0
META.US,D,20190708,000000,449.99,451.93,435.83,442.69,8991684,0
META.US,D,20190708,000000,436.31,436.35,420.89,427.19,10236498,0
META.US,D,20190708,000000,426.65,465.50,414.69,460.37,10178273,0
META.US,D,20190709,000000,466.09,469.09,437.89,441.99,7012546,0
META.US,D,20190710,000000,442.70,461.46,439.42,459.85,8856036,0
META.US,D,20190711,000000,453.29,475.01,450.46,469.85,9570068,0
META.US,D,20190712,000000,475.60,476.28,452.20,457.48,5821074,0
META.US,D,20190715,000000,461.36,470.59,461.29,467.59,4989035,0
META.US,D,20190715,000000,466.27,500.24,461.90,499.31,6997669,0
META.US,D,20190715,000000,500.71,502.45,490.97,491.53,5793597,0
META.US,D,20190716,000000,490.08,493.69,479.29,482.84,5591083,0
META.US,D,20190717,000000,480.43,486.35,478.79,486.25,6843125,0
META.US,D,20190718,000000,481.42,495.15,457.85,461.18,10649126,0
META.US,D,20190719,000000,459.23,461.43,393.92,414.17,5564909,0
META.US,D,20190722,000000,417.34,452.90,412.34,445.35,10577821,0
META.US,D,20190722,000000,444.61,459.74,442.28,458.12,11367214,0
META.US,D,20190722,000000,445.46,458.99,445.08,457.29,6348449,0
META.US,D,20190723,000000,458.76,459.02,433.41,450.96,6977428,0
META.US,D,20190724,000000,457.38,462.28,445.78,448.08,7715114,0
META.US,D,20190725,000000,444.05,446.58,432.20,434.10,5487950,0
META.US,D,20190726,000000,436.42,438.29,436.08,437.55,9446166,0
META.US,D,20190729,000000,439.30,482.44,438.60,469.90,4041076,0
META.US,D,20190729,000000,467.87,468.90,434.53,445.87,7853995,0
META.US,D,20190729,000000,449.97,455.24,435.09,435.17,7428097,0
META.US,D,20190730,000000,433.12,436.91,430.42,433.96,7978849,0
META.US,D,20190731,000000,428.61,433.37,412.96,416.67,4157354,0
META.US,D,20190801,000000,418.66,422.83,380.89,402.24,10806849,0
META.US,D,20190802,000000,406.68,411.07,401.53,407.13,7213463,0
META.US,D,20190805,000000,405.19,444.12,405.16,442.04,8653207,0
META.US,D,20190805,000000,439.19,451.28,437.44,448.33,7217543,0
META.US,D,20190805,000000,446.56,449.35,445.60,448.98,7372921,0
META.US,D,20190806,000000,453.09,453.91,413.69,415.81,4913725,0
META.US,D,20190807,000000,417.29,430.94,388.36,390.38,11675661,0
META.US,D,20190808,000000,392.08,413.55,387.28,408.23,7988015,0
META.US,D,20190809,000000,411.41,414.79,364.87,378.13,8816957,0
META.US,D,20190812,000000,374.00,380.65,348.45,361.65,5227494,0
META.US,D,20190812,000000,364.07,365.77,355.24,356.33,8457321,0
META.US,D,20190812,000000,356.70,359.91,354.50,359.36,5938811,0
META.US,D,20190813,000000,364.09,371.37,363.18,370.03,11463126,0
META.US,D,20190814,000000,379.70,382.68,349.48,353.44,4211052,0
META.US,D,20190815,000000,357.16,357.82,344.06,346.11,10183503,0
META.US,D,20190816,000000,341.41,355.27,335.44,350.45,10416615,0
META.US,D,20190819,000000,347.13,402.58,344.17,397.32,6306647,0
META.US,D,20190819,000000,394.54,407.28,392.23,402.18,11624879,0
META.US,D,20190819,000000,399.90,424.67,395.08,419.65,5249960,0
META.US,D,20190820,000000,417.29,436.35,414.99,426.04,8450142,0
META.US,D,20190821,000000,446.26,447.64,406.47,421.02,5191592,0
META.US,D,20190822,000000,416.87,418.92,401.73,402.77,8966653,0
META.US,D,20190823,000000,398.78,406.84,396.65,405.38,5417653,0
META.US,D,20190826,000000,406.21,440.01,405.76,428.55,6667580,0
META.US,D,20190826,000000,428.56,430.40,428.50,429.83,8134465,0
META.US,D,20190826,000000,430.77,444.42,425.63,439.21,10711904,0
META.US,D,20190827,000000,436.75,454.13,427.14,446.06,9811237,0
META.US,D,20190828,000000,436.27,438.73,381.22,389.84,5243117,0
META.US,D,20190829,000000,390.14,390.28,383.19,385.86,8914056,0
META.US,D,20190830,000000,383.80,385.27,365.74,366.09,9749013,0
META.US,D,20190902,000000,374.26,375.99,357.73,362.74,11581027,0
META.US,D,20190902,000000,371.30,382.42,370.43,381.28,9610231,0
META.US,D,20190902,000000,378.64,379.84,351.53,353.79,7954104,0
META.US,D,20190903,000000,360.40,370.30,346.52,348.56,6210243,0
META.US,D,20190904,000000,343.06,395.51,334.35,373.57,9989300,0
META.US,D,20190905,000000,370.00,410.79,347.55,400.54,10154909,0
META.US,D,20190906,000000,395.55,398.17,378.91,383.67,4548040,0
META.US,D,20190909,000000,379.54,379.69,327.48,341.92,11223490,0
META.US,D,20190909,000000,336.47,377.53,330.92,369.31,6729004,0
META.US,D,20190909,000000,365.15,383.51,365.14,375.02,8322320,0
META.US,D,20190910,000000,371.10,394.13,370.73,381.86,8780248,0
META.US,D,20190911,000000,370.45,386.78,367.09,386.10,11418914,0
META.US,D,20190912,000000,392.68,394.22,369.18,373.70,7488312,0
META.US,D,20190913,000000,373.15,378.12,346.98,354.40,11528740,0
META.US,D,20190916,000000,357.38,357.47,333.34,336.16,8546403,0
META.US,D,20190916,000000,338.88,342.27,329.18,331.22,6322336,0
META.US,D,20190916,000000,327.63,328.14,321.22,323.33,7435989,0
META.US,D,20190917,000000,317.23,329.83,315.46,323.43,9871035,0
META.US,D,20190918,000000,330.72,330.97,319.58,320.77,4882178,0
META.US,D,20190919,000000,327.56,349.08,326.75,340.44,7416240,0
META.US,D,20190920,000000,337.82,338.67,327.12,330.78,9771225,0
META.US,D,20190923,000000,330.80,331.47,322.25,323.51,10458746,0
META.US,D,20190923,000000,322.91,338.69,319.42,333.97,7386853,0
META.US,D,20190923,000000,334.19,335.87,319.65,321.29,8312344,0
META.US,D,20190924,000000,318.76,320.17,318.37,319.74,9714584,0
META.US,D,20190925,000000,322.78,323.75,296.79,298.39,8700827,0
META.US,D,20190926,000000,300.41,300.41,297.99,298.23,11870892,0
META.US,D,20190927,000000,297.46,323.68,295.60,311.96,5788503,0
META.US,D,20190930,000000,314.45,317.72,294.46,299.60,8013108,0
META.US,D,20190930,000000,299.48,314.39,299.45,303.95,9011406,0
META.US,D,20190930,000000,298.56,313.55,296.29,311.88,10241390,0
META.US,D,20191001,000000,317.74,320.82,287.31,303.96,11376780,0
META.US,D,20191002,000000,307.13,309.33,299.37,303.38,8134338,0
META.US,D,20191003,000000,299.01,302.84,290.10,292.10,7113174,0
META.US,D,20191004,000000,295.38,304.43,293.76,302.59,9276752,0
META.US,D,20191007,000000,303.74,313.13,285.19,298.53,4240234,0
META.US,D,20191007,000000,299.98,300.73,297.76,300.06,4972036,0
META.US,D,20191007,000000,302.94,309.29,300.47,307.26,7176937,0
META.US,D,20191008,000000,305.34,309.77,292.17,294.30,7021453,0
META.US,D,20191009,000000,293.57,296.60,291.77,292.62,11831387,0
META.US,D,20191010,000000,284.75,290.93,284.33,290.82,4013254,0
META.US,D,20191011,000000,285.77,303.79,281.96,299.42,10688831,0
META.US,D,20191014,000000,293.28,299.90,292.16,299.32,10140555,0
META.US,D,20191014,000000,301.59,330.19,294.47,322.05,11948006,0
META.US,D,20191014,000000,317.51,332.33,315.19,331.55,8033194,0
META.US,D,20191015,000000,340.04,344.64,321.13,323.32,7170169,0
META.US,D,20191016,000000,325.94,327.26,321.40,321.93,11913139,0
META.US,D,20191017,000000,324.81,326.72,285.08,303.98,9537558,0
META.US,D,20191018,000000,302.05,341.82,300.22,336.74,8243400,0
META.US,D,20191021,000000,332.92,357.30,331.92,355.17,6951852,0
META.US,D,20191021,000000,360.00,366.29,324.00,339.16,6281068,0
META.US,D,20191021,000000,334.87,340.33,333.32,337.64,11636342,0
META.US,D,20191022,000000,336.91,342.06,333.37,342.05,11413643,0
META.US,D,20191023,000000,338.63,346.58,333.47,346.47,10543732,0
META.US,D,20191024,000000,340.35,344.58,339.65,343.05,9743937,0
META.US,D,20191025,000000,350.11,355.21,348.38,353.61,9328681,0
META.US,D,20191028,000000,357.48,365.20,354.88,364.54,10500028,0
META.US,D,20191028,000000,365.28,370.38,351.22,353.44,5290256,0
META.US,D,20191028,000000,357.31,360.73,337.06,337.27,8774429,0
META.US,D,20191029,000000,330.97,332.24,328.76,330.94,11049084,0
META.US,D,20191030,000000,334.02,335.20,321.88,324.01,11530163,0
META.US,D,20191031,000000,319.30,348.26,318.81,344.51,8745403,0
META.US,D,20191101,000000,340.08,340.69,321.15,328.16,6045600,0
META.US,D,20191104,000000,326.51,344.07,324.55,331.56,7625768,0
META.US,D,20191104,000000,331.66,335.19,282.87,297.43,10881849,0
META.US,D,20191104,000000,300.33,304.26,284.78,287.37,4975099,0
META.US,D,20191105,000000,293.11,295.47,274.07,277.94,11963668,0
META.US,D,20191106,000000,276.28,277.93,253.03,257.55,4605844,0
META.US,D,20191107,000000,265.90,269.47,259.42,262.45,4263745,0
META.US,D,20191108,000000,256.45,257.27,246.37,248.61,11373406,0
META.US,D,20191111,000000,244.45,248.00,243.78,246.62,7270378,0
META.US,D,20191111,000000,248.55,248.80,228.03,234.24,8368926,0
META.US,D,20191111,000000,231.64,242.04,231.14,238.28,8496273,0
META.US,D,20191112,000000,238.07,263.15,236.86,254.89,4012762,0
META.US,D,20191113,000000,251.06,255.67,250.48,251.87,4297988,0
META.US,D,20191114,000000,251.07,269.70,244.70,268.75,4518603,0
META.US,D,20191115,000000,266.86,309.62,260.87,293.29,10736764,0
META.US,D,20191118,000000,295.46,296.47,291.74,292.07,11197504,0
META.US,D,20191118,000000,292.12,293.00,289.69,290.39,5866972,0
META.US,D,20191118,000000,285.76,291.99,283.77,289.25,4833287,0
META.US,D,20191119,000000,284.88,299.73,284.27,299.51,4099358,0
META.US,D,20191120,000000,295.76,312.22,257.51,277.07,4484712,0
META.US,D,20191121,000000,277.10,277.23,275.84,276.00,7822053,0
META.US,D,20191122,000000,273.72,274.23,266.95,267.96,6067093,0
META.US,D,20191125,000000,267.17,273.32,249.25,250.70,9961352,0
META.US,D,20191125,000000,252.42,254.04,242.71,245.98,9747392,0
META.US,D,20191125,000000,245.30,249.08,210.64,222.00,11189786,0
META.US,D,20191126,000000,220.83,238.01,216.13,233.19,9532820,0
META.US,D,20191127,000000,230.18,233.59,227.23,228.97,11081000,0
META.US,D,20191128,000000,227.60,251.24,223.71,245.37,5190978,0
META.US,D,20191129,000000,250.32,253.29,249.58,252.62,7193627,0
META.US,D,20191202,000000,253.78,255.09,253.64,254.89,4879765,0
META.US,D,20191202,000000,254.06,255.89,246.71,247.89,11162323,0
META.US,D,20191202,000000,246.52,250.49,226.24,230.77,5568593,0
META.US,D,20191203,000000,231.26,231.70,227.47,228.73,8693498,0
META.US,D,20191204,000000,227.61,228.26,224.88,225.44,11874254,0
META.US,D,20191205,000000,224.01,224.55,215.66,217.94,6230609,0
META.US,D,20191206,000000,219.63,219.64,211.52,212.91,10267461,0
META.US,D,20191209,000000,214.44,215.87,210.84,211.13,5498740,0
META.US,D,20191209,000000,205.49,220.48,199.81,216.87,8722399,0
META.US,D,20191209,000000,222.69,224.84,222.48,223.84,6530133,0
META.US,D,20191210,000000,225.58,230.22,225.28,229.79,5413928,0
META.US,D,20191211,000000,229.80,231.31,229.44,231.19,7048375,0
META.US,D,20191212,000000,232.14,237.97,231.25,237.31,10318727,0
META.US,D,20191213,000000,237.17,257.02,235.46,251.25,6159489,0
META.US,D,20191216,000000,248.80,275.55,246.15,274.62,9768509,0
META.US,D,20191216,000000,271.03,272.38,268.40,269.97,10798309,0
META.US,D,20191216,000000,265.79,278.24,265.07,273.19,7292392,0
META.US,D,20191217,000000,274.64,277.62,266.73,271.78,4313616,0
META.US,D,20191218,000000,268.39,268.46,260.65,266.53,9303163,0
META.US,D,20191219,000000,272.88,279.03,271.81,277.19,11103483,0
META.US,D,20191220,000000,276.16,276.44,274.72,275.67,6509387,0
META.US,D,20191223,000000,278.11,278.40,266.46,266.90,6123801,0
META.US,D,20191223,000000,263.11,268.99,262.49,268.46,11746230,0
META.US,D,20191223,000000,266.36,292.09,261.25,282.80,8306330,0
META.US,D,20191224,000000,289.60,291.69,262.81,270.06,9063996,0
META.US,D,20191225,000000,274.00,274.11,261.05,262.44,4659135,0
META.US,D,20191226,000000,260.70,263.04,237.57,243.67,8031686,0
META.US,D,20191227,000000,240.19,250.70,239.49,248.42,5694360,0
META.US,D,20191230,000000,251.02,256.08,250.09,255.90,11027095,0
META.US,D,20191230,000000,256.04,258.52,229.88,238.19,5797020,0
META.US,D,20191230,000000,242.80,250.33,240.82,247.77,5184689,0
META.US,D,20191231,000000,250.09,251.60,249.77,250.77,11289424,0
META.US,D,20200101,000000,247.62,248.97,246.01,248.82,9480196,0
META.US,D,20200102,000000,245.38,253.68,244.94,253.59,5159409,0
META.US,D,20200103,000000,254.99,255.13,251.23,252.38,9707878,0
META.US,D,20200106,000000,253.43,253.66,248.28,249.67,10238815,0
META.US,D,20200106,000000,254.17,268.97,253.70,268.26,11463244,0
META.US,D,20200106,000000,270.77,271.59,269.13,269.99,11532646,0
META.US,D,20200107,000000,270.32,272.14,266.80,267.31,10917420,0
META.US,D,20200108,000000,273.65,287.89,231.22,235.62,10244550,0
META.US,D,20200109,000000,234.31,235.58,231.30,231.47,10633415,0
META.US,D,20200110,000000,231.77,239.11,231.08,237.84,8505398,0
META.US,D,20200113,000000,240.11,253.73,235.54,253.11,4919847,0
META.US,D,20200113,000000,252.62,253.14,246.37,247.21,11594670,0
META.US,D,20200113,000000,246.34,246.60,245.75,245.78,10897939,0
META.US,D,20200114,000000,246.14,252.50,223.72,226.33,7089928,0
META.US,D,20200115,000000,229.15,237.22,227.53,235.51,8150897,0
META.US,D,20200116,000000,238.62,239.82,232.02,233.79,7522773,0
META.US,D,20200117,000000,234.49,237.56,224.18,224.67,6361215,0
META.US,D,20200120,000000,220.55,221.91,215.94,217.54,10915085,0
META.US,D,20200120,000000,215.49,217.14,208.68,209.09,10277035,0
META.US,D,20200120,000000,213.91,218.19,197.48,199.35,6963345,0
META.US,D,20200121,000000,197.16,198.06,183.47,186.55,6930321,0
META.US,D,20200122,000000,184.85,185.19,161.58,169.32,5175053,0
META.US,D,20200123,000000,168.81,169.37,165.36,168.75,7870864,0
META.US,D,20200124,000000,166.98,181.32,163.15,179.11,4935020,0
META.US,D,20200127,000000,177.95,180.00,174.52,176.75,7200846,0
META.US,D,20200127,000000,172.09,177.91,171.39,175.79,8051612,0
META.US,D,20200127,000000,172.27,174.99,172.20,173.86,5205596,0
META.US,D,20200128,000000,176.52,182.65,175.72,180.00,4137199,0
META.US,D,20200129,000000,184.81,188.45,184.28,188.24,10134423,0
META.US,D,20200130,000000,190.47,193.98,174.28,174.43,7152703,0
META.US,D,20200131,000000,175.91,176.23,174.58,175.42,8592861,0
META.US,D,20200203,000000,173.45,184.30,173.32,178.25,9433567,0
META.US,D,20200203,000000,177.38,182.60,164.95,164.97,10272998,0
META.US,D,20200203,000000,168.28,179.17,167.98,174.31,4163218,0
META.US,D,20200204,000000,176.26,178.63,168.77,170.24,5819210,0
META.US,D,20200205,000000,169.88,183.87,168.00,180.72,10721859,0
META.US,D,20200206,000000,179.74,181.41,176.07,176.58,9510487,0
META.US,D,20200207,000000,179.72,180.87,177.54,177.70,9974057,0
META.US,D,20200210,000000,176.50,181.06,159.86,160.35,9786600,0
META.US,D,20200210,000000,161.28,164.82,160.72,164.74,6776019,0
META.US,D,20200210,000000,164.76,168.09,164.71,167.70,9429276,0
META.US,D,20200211,000000,170.03,174.26,167.42,173.59,9533393,0
META.US,D,20200212,000000,171.47,173.16,165.33,166.16,4866995,0
META.US,D,20200213,000000,162.54,163.49,160.05,160.70,9049624,0
META.US,D,20200214,000000,165.96,175.29,163.81,171.31,11823287,0
META.US,D,20200217,000000,168.01,209.32,163.52,190.33,4217087,0
META.US,D,20200217,000000,190.90,192.35,187.80,187.87,10002449,0
META.US,D,20200217,000000,189.63,194.29,182.96,194.10,7802635,0
META.US,D,20200218,000000,192.40,193.72,181.80,182.07,5610922,0
META.US,D,20200219,000000,181.10,181.94,175.49,177.46,10632839,0
META.US,D,20200220,000000,181.10,187.48,180.71,186.53,9314296,0
META.US,D,20200221,000000,191.35,195.33,190.30,194.94,4030808,0
META.US,D,20200224,000000,196.31,208.50,196.05,202.48,9225428,0
META.US,D,20200224,000000,201.47,203.62,188.04,193.21,7269772,0
META.US,D,20200224,000000,196.15,196.60,191.17,191.89,4709098,0
META.US,D,20200225,000000,190.67,191.68,185.13,185.27,8518707,0
META.US,D,20200226,000000,185.09,185.34,182.65,183.12,5978214,0
META.US,D,20200227,000000,184.06,189.97,182.95,186.05,9368199,0
META.US,D,20200228,000000,185.39,203.60,183.65,199.90,4290266,0
META.US,D,20200302,000000,196.00,204.96,192.55,202.19,7724015,0
META.US,D,20200302,000000,200.78,208.89,199.62,208.38,11627153,0
META.US,D,20200302,000000,207.55,215.03,163.36,181.57,8422895,0
META.US,D,20200303,000000,186.95,190.13,172.59,173.54,5809972,0
META.US,D,20200304,000000,172.00,172.19,167.11,167.63,6655688,0
META.US,D,20200305,000000,163.67,185.81,162.64,184.80,6883366,0
META.US,D,20200306,000000,186.45,188.46,163.34,169.86,8886948,0
META.US,D,20200309,000000,164.03,164.91,162.39,163.46,11747791,0
META.US,D,20200309,000000,163.68,167.47,158.50,158.85,10393106,0
META.US,D,20200309,000000,155.44,158.49,147.53,150.01,7561238,0
META.US,D,20200310,000000,148.32,151.03,148.02,150.79,8024925,0
META.US,D,20200311,000000,152.89,153.66,148.68,150.48,6186482,0
META.US,D,20200312,000000,149.61,151.66,149.46,151.39,10425526,0
META.US,D,20200313,000000,150.70,156.14,141.22,141.74,11224779,0
META.US,D,20200316,000000,138.73,144.49,136.96,143.76,8254416,0
META.US,D,20200316,000000,146.73,147.17,145.55,145.56,7494307,0
META.US,D,20200316,000000,146.77,148.73,146.44,147.96,7855919,0
META.US,D,20200317,000000,147.27,152.54,146.53,150.26,15365468,0
META.US,D,20200318,000000,149.34,152.25,148.52,152.25,21123691,0
META.US,D,20200319,000000,153.13,156.74,152.90,155.84,16163511,0
META.US,D,20200320,000000,155.33,159.99,155.03,158.91,16023844,0
META.US,D,20200323,000000,160.07,161.67,159.95,161.36,23842533,0
META.US,D,20200323,000000,161.96,166.33,161.82,165.31,11457957,0
META.US,D,20200323,000000,166.62,169.42,165.62,168.89,24093336,0
META.US,D,20200324,000000,164.74,179.11,162.00,172.10,20199195,0
META.US,D,20200325,000000,170.66,179.76,168.12,176.82,16862186,0
META.US,D,20200326,000000,175.47,182.84,173.32,180.79,28174701,0
META.US,D,20200327,000000,182.45,185.23,181.97,184.97,21828959,0
META.US,D,20200330,000000,185.94,191.29,185.69,189.04,12104546,0
META.US,D,20200330,000000,186.52,198.45,184.59,195.51,31299322,0
META.US,D,20200330,000000,191.47,205.37,186.11,201.27,11362228,0
META.US,D,20200331,000000,194.06,206.76,192.39,206.68,28136265,0
META.US,D,20200401,000000,206.16,214.46,202.91,212.99,19431533,0
META.US,D,20200402,000000,210.87,222.47,210.66,219.14,22605895,0
META.US,D,20200403,000000,219.46,226.32,215.63,225.02,31695514,0
META.US,D,20200406,000000,226.43,233.13,224.96,231.00,32675813,0
META.US,D,20200406,000000,228.67,245.48,223.16,239.23,33684579,0
META.US,D,20200406,000000,240.15,249.46,239.45,249.29,22171640,0
META.US,D,20200407,000000,248.98,262.04,246.84,260.67,19034601,0
META.US,D,20200408,000000,256.36,275.86,249.84,269.23,8301885,0
META.US,D,20200409,000000,271.26,272.99,265.01,265.95,11043023,0
META.US,D,20200410,000000,266.59,268.33,259.08,261.99,7021786,0
META.US,D,20200413,000000,258.90,270.88,255.14,269.90,9910078,0
META.US,D,20200413,000000,269.42,288.60,267.44,281.91,8639380,0
META.US,D,20200413,000000,285.38,298.61,242.89,258.62,8613446,0
META.US,D,20200414,000000,250.44,279.56,248.93,268.12,10295456,0
META.US,D,20200415,000000,268.17,270.84,267.59,268.40,5519409,0
META.US,D,20200416,000000,266.41,284.73,265.49,281.00,11509116,0
META.US,D,20200417,000000,285.64,294.01,235.07,253.17,7490821,0
META.US,D,20200420,000000,257.44,257.47,257.43,257.47,6542215,0
META.US,D,20200420,000000,257.57,270.40,256.76,268.77,4923596,0
META.US,D,20200420,000000,263.08,306.94,253.77,297.44,5315805,0
META.US,D,20200421,000000,304.41,311.67,291.47,293.24,5766579,0
META.US,D,20200422,000000,290.69,304.34,290.60,303.88,10431972,0
META.US,D,20200423,000000,309.74,311.14,290.73,297.63,11077776,0
META.US,D,20200424,000000,299.14,300.70,282.35,288.21,5386568,0
META.US,D,20200427,000000,288.48,290.96,235.26,259.11,7155528,0
META.US,D,20200427,000000,261.02,261.39,252.76,253.31,11334274,0
META.US,D,20200427,000000,251.19,254.38,250.91,253.32,6099999,0
META.US,D,20200428,000000,254.16,254.18,251.21,252.20,6356395,0
META.US,D,20200429,000000,253.22,253.26,247.66,248.59,9220125,0
META.US,D,20200430,000000,250.19,271.16,245.91,262.45,8573319,0
META.US,D,20200501,000000,265.68,270.45,256.62,262.00,11945437,0
META.US,D,20200504,000000,263.75,268.73,263.28,267.65,7043287,0
META.US,D,20200504,000000,270.35,270.83,259.36,263.94,11048828,0
META.US,D,20200504,000000,266.02,282.19,259.45,279.79,5603526,0
META.US,D,20200505,000000,284.28,336.41,281.13,317.52,5187127,0
META.US,D,20200506,000000,307.02,307.41,298.50,299.61,11172642,0
META.US,D,20200507,000000,296.86,298.64,296.46,297.30,8592816,0
META.US,D,20200508,000000,300.72,308.46,297.70,304.69,7114639,0
META.US,D,20200511,000000,309.16,310.05,309.02,309.94,6121362,0
META.US,D,20200511,000000,314.82,340.73,310.43,332.00,6753032,0
META.US,D,20200511,000000,335.31,337.99,325.26,329.99,8882701,0
META.US,D,20200512,000000,333.37,335.19,314.78,316.68,11965725,0
META.US,D,20200513,000000,308.33,340.18,306.33,334.84,6604188,0
META.US,D,20200514,000000,340.98,353.98,340.90,348.51,10524842,0
META.US,D,20200515,000000,342.34,375.51,342.07,362.10,10097294,0
META.US,D,20200518,000000,364.88,369.44,364.87,369.08,4241810,0
META.US,D,20200518,000000,365.28,368.09,357.16,359.88,5929301,0
META.US,D,20200518,000000,361.46,368.34,334.67,339.12,8861361,0
META.US,D,20200519,000000,335.37,340.03,303.39,314.01,11776399,0
META.US,D,20200520,000000,308.58,310.30,307.32,308.89,9316430,0
META.US,D,20200521,000000,313.11,332.80,310.21,327.28,4425672,0
META.US,D,20200522,000000,335.57,335.75,309.19,318.59,8499312,0
META.US,D,20200525,000000,319.18,340.05,319.05,331.22,7477081,0
META.US,D,20200525,000000,327.51,339.04,326.29,333.51,10780948,0
META.US,D,20200525,000000,328.57,344.89,327.29,342.98,9320604,0
META.US,D,20200526,000000,343.44,345.57,333.07,340.40,6818030,0
META.US,D,20200527,000000,341.08,341.94,337.88,337.90,5679989,0
META.US,D,20200528,000000,340.36,340.43,339.59,339.74,11289320,0
META.US,D,20200529,000000,336.33,336.48,321.76,324.28,4915618,0
META.US,D,20200601,000000,325.54,325.84,316.84,320.02,5679076,0
META.US,D,20200601,000000,322.88,323.24,275.12,291.06,7664789,0
META.US,D,20200601,000000,287.46,289.16,269.15,273.39,10440930,0
META.US,D,20200602,000000,274.12,274.55,262.16,263.56,10637753,0
META.US,D,20200603,000000,259.34,260.45,258.69,260.15,10392506,0
META.US,D,20200604,000000,260.96,261.14,258.72,258.76,9558546,0
META.US,D,20200605,000000,258.65,258.75,244.64,245.70,11930847,0
META.US,D,20200608,000000,250.27,251.68,228.02,233.15,10520091,0
META.US,D,20200608,000000,233.07,233.65,222.03,226.39,6824736,0
META.US,D,20200608,000000,227.67,228.77,223.65,225.78,11057020,0
META.US,D,20200609,000000,228.93,229.72,227.54,228.37,4143047,0
META.US,D,20200610,000000,220.81,224.98,219.69,224.32,11005077,0
META.US,D,20200611,000000,227.83,229.37,221.94,224.16,7562466,0
META.US,D,20200612,000000,227.73,230.17,227.52,229.82,11838811,0
META.US,D,20200615,000000,232.85,237.40,231.36,233.70,4635335,0
META.US,D,20200615,000000,233.46,256.42,232.38,252.38,9498501,0
META.US,D,20200615,000000,256.17,264.80,255.14,261.75,8141702,0
META.US,D,20200616,000000,256.93,269.62,253.12,267.67,7580530,0
META.US,D,20200617,000000,267.99,278.44,263.85,275.71,8044736,0
META.US,D,20200618,000000,278.81,300.33,277.54,293.73,11236599,0
META.US,D,20200619,000000,293.52,294.98,276.44,283.49,5587841,0
META.US,D,20200622,000000,285.66,285.96,283.00,284.72,11261987,0
META.US,D,20200622,000000,289.80,293.18,277.59,279.96,6884980,0
META.US,D,20200622,000000,284.85,286.06,284.68,285.68,4611896,0
META.US,D,20200623,000000,285.72,314.88,284.53,307.73,5188001,0
META.US,D,20200624,000000,305.82,307.67,305.35,306.26,10572292,0
META.US,D,20200625,000000,303.52,310.67,302.17,310.43,5432689,0
META.US,D,20200626,000000,311.70,311.73,275.66,276.78,9415827,0
META.US,D,20200629,000000,277.54,289.90,276.37,288.90,9935001,0
META.US,D,20200629,000000,285.73,305.60,281.95,297.93,4206290,0
META.US,D,20200629,000000,301.34,306.82,274.63,281.45,8767899,0
META.US,D,20200630,000000,286.05,295.22,285.26,293.25,6105780,0
META.US,D,20200701,000000,294.21,298.05,266.22,272.71,11457291,0
META.US,D,20200702,000000,273.29,278.35,273.22,276.13,10480006,0
META.US,D,20200703,000000,277.38,287.15,275.47,285.74,11518823,0
META.US,D,20200706,000000,286.10,286.77,274.82,278.95,8545753,0
META.US,D,20200706,000000,288.27,289.08,287.48,288.24,5918920,0
META.US,D,20200706,000000,287.40,323.34,287.18,309.22,7784719,0
META.US,D,20200707,000000,310.82,361.10,310.15,334.73,4598861,0
META.US,D,20200708,000000,338.22,338.43,332.70,334.92,5886398,0
META.US,D,20200709,000000,333.68,335.61,327.35,329.88,4988320,0
META.US,D,20200710,000000,329.54,334.94,327.80,333.84,5062380,0
META.US,D,20200713,000000,339.07,339.76,323.47,332.42,7837293,0
META.US,D,20200713,000000,330.31,347.40,330.24,346.61,6146847,0
META.US,D,20200713,000000,344.00,345.75,335.47,336.93,4989750,0
META.US,D,20200714,000000,337.86,360.17,331.23,352.37,6644011,0
META.US,D,20200715,000000,354.11,360.92,352.74,359.81,7939050,0
META.US,D,20200716,000000,367.82,382.71,366.14,381.51,6096541,0
META.US,D,20200717,000000,378.70,417.62,377.64,406.53,7016823,0
META.US,D,20200720,000000,407.88,421.88,403.66,417.05,4445368,0
META.US,D,20200720,000000,409.91,416.54,393.14,396.69,5525100,0
META.US,D,20200720,000000,393.21,419.44,382.86,412.00,10054382,0
META.US,D,20200721,000000,415.16,430.90,409.70,430.79,9471387,0
META.US,D,20200722,000000,436.74,437.34,421.47,426.18,9258700,0
META.US,D,20200723,000000,422.11,455.72,406.57,455.61,8003028,0
META.US,D,20200724,000000,462.39,464.33,452.94,459.16,10350372,0
META.US,D,20200727,000000,454.15,487.33,453.42,486.90,5375333,0
META.US,D,20200727,000000,483.11,495.85,474.11,495.75,8591199,0
META.US,D,20200727,000000,498.99,505.40,464.19,475.07,8794750,0
META.US,D,20200728,000000,482.74,487.07,456.70,461.72,10921296,0
META.US,D,20200729,000000,465.53,466.34,462.35,464.96,8076127,0
META.US,D,20200730,000000,472.27,522.50,441.72,511.67,7984690,0
META.US,D,20200731,000000,511.45,513.45,477.70,478.48,8720474,0
META.US,D,20200803,000000,473.57,512.07,461.11,511.45,10912593,0
META.US,D,20200803,000000,514.29,596.94,481.62,582.27,9734502,0
META.US,D,20200803,000000,588.01,611.92,580.56,608.77,4460365,0
META.US,D,20200804,000000,613.00,656.97,605.27,646.94,4935397,0
META.US,D,20200805,000000,658.85,661.75,652.50,654.78,9652354,0
META.US,D,20200806,000000,666.22,672.20,611.30,615.21,6259803,0
META.US,D,20200807,000000,601.34,611.68,599.28,605.61,7633243,0
META.US,D,20200810,000000,612.91,627.30,609.27,622.22,11861563,0
META.US,D,20200810,000000,619.25,626.09,618.52,624.50,5061117,0
META.US,D,20200810,000000,623.18,656.17,621.20,646.67,10100344,0
META.US,D,20200811,000000,651.56,663.74,625.39,627.17,5082068,0
META.US,D,20200812,000000,623.59,626.63,615.08,616.18,6818788,0
META.US,D,20200813,000000,610.92,627.87,550.83,556.52,9235838,0
META.US,D,20200814,000000,558.37,561.37,543.49,546.69,10297173,0
META.US,D,20200817,000000,541.99,569.69,539.02,569.61,6186461,0
META.US,D,20200817,000000,568.15,579.63,563.48,576.28,7480862,0
META.US,D,20200817,000000,564.17,571.61,518.65,528.33,7438967,0
META.US,D,20200818,000000,536.55,545.63,463.36,487.33,8128674,0
META.US,D,20200819,000000,487.31,488.14,475.31,481.93,9124671,0
META.US,D,20200820,000000,484.12,488.21,481.71,485.79,9384419,0
META.US,D,20200821,000000,502.53,513.64,465.52,467.02,4712056,0
META.US,D,20200824,000000,479.15,480.02,454.96,457.61,9510722,0
META.US,D,20200824,000000,458.49,459.03,451.97,455.73,5214620,0
META.US,D,20200824,000000,443.86,461.10,443.41,454.91,8963795,0
META.US,D,20200825,000000,446.33,493.55,444.31,479.29,7189904,0
META.US,D,20200826,000000,484.58,486.19,465.90,467.31,11846651,0
META.US,D,20200827,000000,468.37,474.52,467.91,472.29,8902565,0
META.US,D,20200828,000000,463.67,508.81,460.66,484.86,10422740,0
META.US,D,20200831,000000,489.84,493.09,464.77,480.47,6643906,0
META.US,D,20200831,000000,480.09,484.84,459.48,463.08,7912336,0
META.US,D,20200831,000000,473.03,474.31,467.71,469.11,5687082,0
META.US,D,20200901,000000,471.53,484.97,468.31,481.41,5929866,0
META.US,D,20200902,000000,477.29,503.38,462.76,491.01,9868865,0
META.US,D,20200903,000000,488.49,492.61,474.28,477.88,7928130,0
META.US,D,20200904,000000,468.63,469.53,449.89,450.16,11965294,0
META.US,D,20200907,000000,438.18,476.01,435.53,465.13,6234901,0
META.US,D,20200907,000000,457.93,467.58,452.39,464.67,11336838,0
META.US,D,20200907,000000,462.82,514.64,451.51,510.53,11219211,0
META.US,D,20200908,000000,515.50,521.26,504.33,507.85,4704436,0
META.US,D,20200909,000000,501.81,564.39,481.59,550.61,10644068,0
META.US,D,20200910,000000,555.56,555.75,546.43,548.91,8753645,0
META.US,D,20200911,000000,551.46,551.71,533.05,539.85,10775630,0
META.US,D,20200914,000000,541.48,546.13,523.30,525.36,8828365,0
META.US,D,20200914,000000,527.37,529.25,527.17,528.97,8684608,0
META.US,D,20200914,000000,523.69,531.16,523.17,530.64,7270630,0
META.US,D,20200915,000000,523.58,524.58,523.26,523.47,10716814,0
META.US,D,20200916,000000,521.71,530.54,495.42,499.23,11468985,0
META.US,D,20200917,000000,503.29,504.80,495.42,496.94,10312267,0
META.US,D,20200918,000000,498.82,501.59,497.60,501.57,4777676,0
META.US,D,20200921,000000,501.20,516.49,499.91,509.55,8168292,0
META.US,D,20200921,000000,504.06,550.37,501.55,532.19,7640031,0
META.US,D,20200921,000000,542.87,551.18,520.97,522.41,8310365,0
META.US,D,20200922,000000,525.66,542.16,524.33,539.26,11811340,0
META.US,D,20200923,000000,534.96,543.80,534.86,540.65,8315853,0
META.US,D,20200924,000000,540.13,543.81,526.16,531.20,11400862,0
META.US,D,20200925,000000,541.13,541.61,531.51,534.55,10913495,0
META.US,D,20200928,000000,534.00,538.64,493.58,504.27,6030867,0
META.US,D,20200928,000000,506.00,514.77,477.21,486.92,6387927,0
META.US,D,20200928,000000,483.89,494.54,483.74,491.56,8390495,0
META.US,D,20200929,000000,491.70,521.86,488.65,512.66,6362764,0
META.US,D,20200930,000000,519.69,531.80,500.81,502.68,11643016,0
META.US,D,20201001,000000,505.40,523.19,502.45,517.30,8749848,0
META.US,D,20201002,000000,512.15,535.32,512.01,528.94,6850657,0
META.US,D,20201005,000000,526.90,533.15,484.43,487.06,8197615,0
META.US,D,20201005,000000,484.45,487.30,483.36,485.83,9274532,0
META.US,D,20201005,000000,486.74,490.51,436.99,457.38,4155686,0
META.US,D,20201006,000000,451.36,452.60,448.50,449.73,4939616,0
META.US,D,20201007,000000,447.80,450.29,422.02,424.20,5689631,0
META.US,D,20201008,000000,420.13,430.03,419.94,427.48,8449358,0
META.US,D,20201009,000000,425.80,425.90,409.99,413.12,10629040,0
META.US,D,20201012,000000,411.44,413.75,387.12,396.00,8244007,0
META.US,D,20201012,000000,401.60,408.71,401.00,407.49,8095044,0
META.US,D,20201012,000000,404.23,418.92,403.02,411.20,8556009,0
META.US,D,20201013,000000,412.05,412.07,396.90,397.29,10431678,0
META.US,D,20201014,000000,397.18,409.48,395.21,408.94,5067012,0
META.US,D,20201015,000000,401.16,443.24,389.41,422.66,8246641,0
META.US,D,20201016,000000,423.18,424.59,422.38,423.41,8938512,0
META.US,D,20201019,000000,429.63,452.02,425.48,443.23,8405523,0
META.US,D,20201019,000000,444.14,445.89,424.22,427.43,5006993,0
META.US,D,20201019,000000,425.05,451.17,420.83,442.09,10721667,0
META.US,D,20201020,000000,448.16,452.00,446.71,448.62,4062387,0
META.US,D,20201021,000000,449.68,450.20,449.43,449.57,9091763,0
META.US,D,20201022,000000,450.62,463.04,445.59,461.27,9931417,0
META.US,D,20201023,000000,466.73,467.43,463.27,465.02,6248101,0
META.US,D,20201026,000000,464.45,465.20,455.43,456.71,11156332,0
META.US,D,20201026,000000,458.61,461.76,446.50,452.20,5916788,0
META.US,D,20201026,000000,456.13,457.01,455.97,456.80,5965458,0
META.US,D,20201027,000000,463.12,470.56,460.69,465.31,8084926,0
META.US,D,20201028,000000,466.26,475.26,465.35,471.92,6947662,0
META.US,D,20201029,000000,476.62,485.46,476.26,479.32,18831709,0
META.US,D,20201030,000000,483.01,488.80,482.97,488.43,15854096,0
META.US,D,20201102,000000,487.89,499.46,487.37,497.39,19876435,0
META.US,D,20201102,000000,494.58,507.15,493.02,504.72,11883564,0
META.US,D,20201102,000000,498.16,518.99,495.03,512.60,9026866,0
META.US,D,20201103,000000,507.00,535.32,505.06,530.81,10710737,0
META.US,D,20201104,000000,525.04,549.24,519.71,541.52,9370630,0
META.US,D,20201105,000000,542.59,558.27,538.87,553.00,19137039,0
META.US,D,20201106,000000,557.01,568.08,555.40,566.66,22618984,0
META.US,D,20201109,000000,558.70,573.76,557.39,572.13,13149373,0
META.US,D,20201109,000000,569.67,594.76,561.95,587.85,13074756,0
META.US,D,20201109,000000,587.88,614.45,587.17,598.98,23376932,0
META.US,D,20201110,000000,600.25,624.24,599.29,615.40,20485410,0
META.US,D,20201111,000000,614.36,633.29,605.06,628.82,21814772,0
META.US,D,20201112,000000,628.15,648.57,624.80,647.63,25465206,0
META.US,D,20201113,000000,643.15,671.76,634.09,665.23,17448545,0
META.US,D,20201116,000000,663.89,682.67,663.70,681.41,19350719,0
META.US,D,20201116,000000,682.80,702.73,680.68,697.88,29422353,0
META.US,D,20201116,000000,694.47,714.16,692.47,713.07,31851642,0
META.US,D,20201117,000000,717.36,738.58,716.30,728.43,26848812,0
META.US,D,20201118,000000,725.85,765.39,721.51,746.47,20221478,0
META.US,D,20201119,000000,752.58,768.91,746.15,766.17,30009704,0
META.US,D,20201120,000000,762.97,811.94,761.50,791.64,26315861,0
META.US,D,20201123,000000,787.58,812.43,784.12,809.04,20310903,0
META.US,D,20201123,000000,820.58,839.60,813.19,837.84,13374182,0
META.US,D,20201123,000000,831.19,866.24,818.12,865.83,22497211,0
META.US,D,20201124,000000,860.96,909.74,853.94,896.04,31463111,0
META.US,D,20201125,000000,887.57,927.41,885.24,926.77,22588406,0
META.US,D,20201126,000000,922.40,964.71,921.20,951.61,39060961,0
META.US,D,20201127,000000,951.36,985.34,949.36,980.57,16739534,0
META.US,D,20201130,000000,978.71,1016.30,973.44,1009.07,23184118,0
META.US,D,20201130,000000,1014.07,1041.81,1011.96,1033.51,30635658,0
META.US,D,20201130,000000,1050.77,1064.91,1049.05,1064.71,7718199,0
META.US,D,20201201,000000,1052.09,1083.95,1050.14,1083.75,4323577,0
META.US,D,20201202,000000,1076.60,1143.33,1062.16,1132.89,8142001,0
META.US,D,20201203,000000,1155.29,1217.03,1140.06,1194.98,6594981,0
META.US,D,20201204,000000,1187.69,1196.15,1072.02,1072.15,10797968,0
META.US,D,20201207,000000,1065.00,1065.08,1058.35,1062.67,6920481,0
META.US,D,20201207,000000,1029.43,1112.47,1009.50,1103.90,7442473,0
META.US,D,20201207,000000,1104.99,1184.17,1098.84,1154.29,8117490,0
META.US,D,20201208,000000,1171.81,1184.77,1127.74,1151.84,4903866,0
META.US,D,20201209,000000,1169.25,1172.19,1165.23,1170.00,9993811,0
META.US,D,20201210,000000,1165.94,1186.15,1135.60,1137.51,8878449,0
META.US,D,20201211,000000,1171.08,1175.91,1123.93,1132.17,9724992,0
META.US,D,20201214,000000,1150.80,1161.58,1096.51,1097.98,11717310,0
META.US,D,20201214,000000,1113.66,1163.11,1112.74,1156.90,11233604,0
META.US,D,20201214,000000,1145.14,1233.70,1137.64,1181.47,10221843,0
META.US,D,20201215,000000,1157.55,1245.83,1153.92,1209.92,8251177,0
META.US,D,20201216,000000,1207.94,1274.47,1202.79,1258.91,6137510,0
META.US,D,20201217,000000,1287.13,1294.27,1263.41,1268.58,7203071,0
META.US,D,20201218,000000,1289.75,1290.23,1270.03,1277.71,7460634,0
META.US,D,20201221,000000,1283.12,1292.62,1177.22,1226.46,4680908,0
META.US,D,20201221,000000,1182.65,1227.68,1179.30,1225.90,4258797,0
META.US,D,20201221,000000,1211.93,1239.60,1110.53,1146.04,7063123,0
META.US,D,20201222,000000,1139.96,1232.99,1103.60,1224.30,8881178,0
META.US,D,20201223,000000,1230.19,1249.15,1125.87,1139.50,10506542,0
META.US,D,20201224,000000,1139.82,1180.82,966.46,1031.14,11162048,0
META.US,D,20201225,000000,1017.67,1057.85,1011.40,1055.15,6319126,0
META.US,D,20201228,000000,1063.04,1075.48,1018.25,1040.62,4818465,0
META.US,D,20201228,000000,1046.03,1082.20,1045.35,1072.86,9075347,0
META.US,D,20201228,000000,1077.26,1084.21,995.59,1007.85,6431160,0
META.US,D,20201229,000000,1004.41,1194.99,992.64,1130.17,7410320,0
META.US,D,20201230,000000,1109.18,1195.70,1102.44,1187.93,7951375,0
META.US,D,20201231,000000,1202.42,1251.32,1196.89,1236.08,10276700,0
META.US,D,20210101,000000,1245.64,1272.30,1152.19,1154.36,6498830,0
META.US,D,20210104,000000,1123.71,1131.12,1106.97,1113.22,7289293,0
META.US,D,20210104,000000,1130.40,1158.05,1124.72,1148.84,5682251,0
META.US,D,20210104,000000,1114.80,1165.16,1101.13,1153.24,11836081,0
META.US,D,20210105,000000,1142.60,1282.17,1128.41,1216.30,11052679,0
META.US,D,20210106,000000,1210.00,1235.67,1201.46,1234.35,7417096,0
META.US,D,20210107,000000,1227.32,1228.57,1209.08,1211.20,5754400,0
META.US,D,20210108,000000,1220.86,1227.48,1179.63,1191.80,4110286,0
META.US,D,20210111,000000,1184.64,1231.16,1172.22,1228.16,7357220,0
META.US,D,20210111,000000,1257.44,1267.14,1151.08,1163.88,7250440,0
META.US,D,20210111,000000,1176.48,1183.20,1098.13,1109.53,9938193,0
META.US,D,20210112,000000,1119.98,1174.83,1106.28,1158.09,7194579,0
META.US,D,20210113,000000,1167.67,1174.65,1117.92,1119.34,10434074,0
META.US,D,20210114,000000,1110.81,1147.85,1107.66,1144.53,5259412,0
META.US,D,20210115,000000,1139.94,1222.02,1124.54,1199.01,4476524,0
META.US,D,20210118,000000,1192.97,1196.23,1171.50,1181.21,9899679,0
META.US,D,20210118,000000,1191.69,1242.44,1191.09,1236.63,4174231,0
META.US,D,20210118,000000,1241.82,1249.00,1180.10,1204.92,7457286,0
META.US,D,20210119,000000,1191.96,1208.79,1189.29,1206.92,9258337,0
META.US,D,20210120,000000,1180.41,1208.69,1174.73,1199.47,6587960,0
META.US,D,20210121,000000,1190.13,1194.38,1153.68,1156.16,9122108,0
META.US,D,20210122,000000,1158.54,1192.30,1157.00,1171.13,9365411,0
META.US,D,20210125,000000,1170.04,1171.78,1127.07,1136.83,5903981,0
META.US,D,20210125,000000,1132.76,1141.97,1122.12,1122.77,11715427,0
META.US,D,20210125,000000,1113.39,1116.48,1092.45,1103.47,5183328,0
META.US,D,20210126,000000,1107.44,1110.86,1046.13,1070.96,11223562,0
META.US,D,20210127,000000,1085.50,1106.57,964.96,998.61,6400918,0
META.US,D,20210128,000000,1001.42,1004.43,922.21,945.19,11821507,0
META.US,D,20210129,000000,948.69,949.19,928.61,932.73,8607261,0
META.US,D,20210201,000000,952.42,955.90,869.84,894.82,5494304,0
META.US,D,20210201,000000,894.93,926.40,888.90,924.81,6762565,0
META.US,D,20210201,000000,922.10,944.96,920.42,938.28,4681618,0
META.US,D,20210202,000000,932.59,957.75,926.54,955.00,11754103,0
META.US,D,20210203,000000,972.54,973.45,902.99,927.94,6411655,0
META.US,D,20210204,000000,926.68,929.67,922.83,924.70,8459370,0
META.US,D,20210205,000000,909.34,926.98,908.80,923.76,8295763,0
META.US,D,20210208,000000,919.65,922.79,847.22,860.75,4446298,0
META.US,D,20210208,000000,859.72,876.65,858.09,872.16,6501399,0
META.US,D,20210208,000000,871.37,917.89,862.85,901.26,4830602,0
META.US,D,20210209,000000,894.60,933.52,882.36,923.06,5255949,0
META.US,D,20210210,000000,916.52,960.82,912.10,951.07,6267594,0
META.US,D,20210211,000000,946.51,957.36,897.32,918.58,5147787,0
META.US,D,20210212,000000,924.38,926.84,924.07,924.57,4548681,0
META.US,D,20210215,000000,924.15,928.04,924.05,925.36,7530741,0
META.US,D,20210215,000000,935.35,936.96,928.63,929.65,11588770,0
META.US,D,20210215,000000,927.86,930.97,917.06,919.64,8797014,0
META.US,D,20210216,000000,915.30,925.18,886.50,889.81,7072482,0
META.US,D,20210217,000000,880.86,886.19,876.53,881.40,11889039,0
META.US,D,20210218,000000,883.66,960.96,867.04,945.99,5566333,0
META.US,D,20210219,000000,940.64,940.79,935.86,937.62,11600384,0
META.US,D,20210222,000000,947.33,961.31,946.23,956.78,11187841,0
META.US,D,20210222,000000,948.54,978.23,932.93,975.43,11980081,0
META.US,D,20210222,000000,985.75,985.98,983.88,984.13,6714428,0
META.US,D,20210223,000000,978.76,985.43,869.04,924.35,11184472,0
META.US,D,20210224,000000,927.67,948.93,863.69,878.84,10572492,0
META.US,D,20210225,000000,882.36,889.55,881.21,883.01,5303010,0
META.US,D,20210226,000000,879.70,883.94,868.37,868.49,9903168,0
META.US,D,20210301,000000,872.47,934.29,859.25,928.51,11060412,0
META.US,D,20210301,000000,928.63,940.14,924.86,939.26,8592227,0
META.US,D,20210301,000000,930.61,980.14,916.15,968.61,11243607,0
META.US,D,20210302,000000,968.98,1036.98,964.34,1018.73,5763677,0
META.US,D,20210303,000000,1017.26,1021.87,981.82,990.01,9235250,0
META.US,D,20210304,000000,986.10,989.38,964.90,971.36,8601507,0
META.US,D,20210305,000000,965.90,966.48,958.00,965.93,6443186,0
META.US,D,20210308,000000,967.63,995.78,961.27,986.58,8495998,0
META.US,D,20210308,000000,988.31,994.06,934.86,949.11,4033550,0
META.US,D,20210308,000000,958.29,964.10,903.38,917.39,11520401,0
META.US,D,20210309,000000,900.27,902.55,899.11,900.95,11740629,0
META.US,D,20210310,000000,883.77,888.65,882.44,886.58,5052583,0
META.US,D,20210311,000000,891.27,914.36,889.74,913.30,9502779,0
META.US,D,20210312,000000,916.52,950.73,916.19,939.15,5291564,0
META.US,D,20210315,000000,937.99,1032.27,904.42,1016.73,11212890,0
META.US,D,20210315,000000,1010.67,1063.60,1001.10,1050.51,5902980,0
META.US,D,20210315,000000,1068.91,1069.86,1063.15,1063.83,10899447,0
META.US,D,20210316,000000,1081.05,1088.09,1046.41,1057.70,4508698,0
META.US,D,20210317,000000,1052.33,1061.91,1023.22,1026.28,7070755,0
META.US,D,20210318,000000,1028.54,1038.86,973.57,974.43,8982230,0
META.US,D,20210319,000000,988.76,1005.69,983.46,998.98,11252399,0
META.US,D,20210322,000000,1017.12,1024.74,983.97,992.14,11848805,0
META.US,D,20210322,000000,998.88,1001.36,994.81,995.17,6348341,0
META.US,D,20210322,000000,1008.59,1009.53,993.24,996.37,8131287,0
META.US,D,20210323,000000,1017.72,1025.88,859.85,921.34,11047352,0
META.US,D,20210324,000000,924.82,938.96,924.06,934.50,8990578,0
META.US,D,20210325,000000,944.21,959.17,873.45,886.33,7382575,0
META.US,D,20210326,000000,894.86,902.20,865.37,867.53,5661985,0
META.US,D,20210329,000000,872.15,880.25,811.78,831.56,4271585,0
META.US,D,20210329,000000,818.86,826.54,813.13,821.29,6406907,0
META.US,D,20210329,000000,828.86,855.13,826.22,845.44,4257655,0
META.US,D,20210330,000000,861.92,871.24,818.38,842.57,5441640,0
META.US,D,20210331,000000,835.12,872.33,834.69,861.27,7828569,0
META.US,D,20210401,000000,859.47,871.19,856.91,863.89,5753260,0
META.US,D,20210402,000000,863.60,876.30,813.91,818.47,6881286,0
META.US,D,20210405,000000,815.41,815.82,794.98,797.86,4370455,0
META.US,D,20210405,000000,808.99,818.62,806.85,815.60,9771336,0
META.US,D,20210405,000000,823.31,830.24,823.15,826.38,10018074,0
META.US,D,20210406,000000,830.44,831.03,782.66,801.16,8980699,0
META.US,D,20210407,000000,790.56,814.00,781.57,806.83,8298083,0
META.US,D,20210408,000000,805.21,825.17,798.97,824.10,10008201,0
META.US,D,20210409,000000,826.81,827.44,825.38,826.38,4173390,0
META.US,D,20210412,000000,832.89,840.33,790.48,796.86,5077517,0
META.US,D,20210412,000000,799.54,799.68,794.22,796.28,8730832,0
META.US,D,20210412,000000,790.39,790.87,765.12,775.39,7146773,0
META.US,D,20210413,000000,764.17,790.59,760.72,787.34,8511674,0
META.US,D,20210414,000000,771.34,806.06,763.23,806.03,11817072,0
META.US,D,20210415,000000,808.98,809.01,803.43,804.94,7617411,0
META.US,D,20210416,000000,799.01,815.49,798.13,813.89,7691174,0
META.US,D,20210419,000000,807.73,837.59,797.80,836.86,5602352,0
META.US,D,20210419,000000,830.33,839.61,828.30,835.47,10442392,0
META.US,D,20210419,000000,841.18,847.86,825.45,830.18,7717937,0
META.US,D,20210420,000000,827.13,849.55,814.90,849.49,4273495,0
META.US,D,20210421,000000,850.39,853.44,849.17,849.23,5002653,0
META.US,D,20210422,000000,841.32,849.70,806.24,823.72,5590109,0
META.US,D,20210423,000000,831.89,856.10,819.20,852.17,8026819,0
META.US,D,20210426,000000,853.48,875.83,851.50,869.82,5897654,0
META.US,D,20210426,000000,868.62,868.96,864.28,864.95,8505974,0
META.US,D,20210426,000000,862.52,863.75,844.63,850.64,11075792,0
META.US,D,20210427,000000,852.37,864.80,847.93,864.58,4995333,0
META.US,D,20210428,000000,868.58,877.14,865.58,876.62,10764513,0
META.US,D,20210429,000000,856.59,888.42,848.07,885.46,8891467,0
META.US,D,20210430,000000,892.61,962.27,868.90,954.51,11313414,0
META.US,D,20210503,000000,960.17,972.57,915.80,930.20,8760634,0
META.US,D,20210503,000000,922.16,940.76,865.37,886.15,6810309,0
META.US,D,20210503,000000,896.51,904.97,881.53,889.37,7834525,0
META.US,D,20210504,000000,878.96,888.67,877.23,878.53,6812159,0
META.US,D,20210505,000000,875.93,890.04,873.99,888.63,4504641,0
META.US,D,20210506,000000,884.59,891.69,876.98,879.79,8554130,0
META.US,D,20210507,000000,895.18,896.41,887.79,893.02,6245687,0
META.US,D,20210510,000000,904.92,905.13,858.72,872.32,8524641,0
META.US,D,20210510,000000,863.40,878.85,791.25,803.78,6503372,0
META.US,D,20210510,000000,793.66,795.65,786.32,787.12,4969660,0
META.US,D,20210511,000000,786.81,792.47,766.25,774.22,10437740,0
META.US,D,20210512,000000,771.54,774.36,745.88,757.89,9935976,0
META.US,D,20210513,000000,765.06,774.61,753.44,753.67,11447739,0
META.US,D,20210514,000000,761.96,769.50,686.61,705.47,5286772,0
META.US,D,20210517,000000,706.53,775.66,684.84,759.15,4256913,0
META.US,D,20210517,000000,750.76,777.71,749.39,769.17,4525472,0
META.US,D,20210517,000000,757.42,759.40,715.58,725.94,7394334,0
META.US,D,20210518,000000,723.67,726.92,708.39,713.20,5649334,0
META.US,D,20210519,000000,717.15,723.98,672.62,689.44,4527300,0
META.US,D,20210520,000000,675.22,680.26,667.82,679.53,9258695,0
META.US,D,20210521,000000,679.31,692.10,651.91,656.05,8467305,0
META.US,D,20210524,000000,660.96,667.56,660.00,667.12,8760675,0
META.US,D,20210524,000000,669.02,697.39,666.57,690.05,10636710,0
META.US,D,20210524,000000,685.49,693.57,684.79,693.41,5567723,0
META.US,D,20210525,000000,686.71,696.40,647.53,663.11,9039473,0
META.US,D,20210526,000000,669.75,672.04,668.27,671.48,8383937,0
META.US,D,20210527,000000,669.81,670.68,634.04,640.90,8261111,0
META.US,D,20210528,000000,631.83,633.50,594.75,602.56,11754138,0
META.US,D,20210531,000000,595.14,601.82,594.26,601.49,10353997,0
META.US,D,20210531,000000,589.44,591.99,580.85,583.32,9435705,0
META.US,D,20210531,000000,588.73,595.81,587.64,593.25,7064826,0
META.US,D,20210601,000000,592.72,596.51,567.69,579.06,6807329,0
META.US,D,20210602,000000,577.38,598.62,571.14,597.49,11127715,0
META.US,D,20210603,000000,590.09,592.79,565.18,566.67,7949524,0
META.US,D,20210604,000000,569.15,570.57,544.03,552.00,11391090,0
META.US,D,20210607,000000,557.19,561.09,537.94,542.45,5716430,0
META.US,D,20210607,000000,549.37,549.73,511.77,519.85,8278249,0
META.US,D,20210607,000000,523.12,523.39,517.21,517.78,10033843,0
META.US,D,20210608,000000,516.42,518.43,507.17,511.70,6988107,0
META.US,D,20210609,000000,513.04,513.75,492.82,502.00,5715082,0
META.US,D,20210610,000000,498.92,522.86,498.83,516.61,4034426,0
META.US,D,20210611,000000,516.96,519.47,502.00,504.42,11086310,0
META.US,D,20210614,000000,501.82,504.55,500.89,503.03,11876696,0
META.US,D,20210614,000000,496.59,524.24,496.23,522.23,5285017,0
META.US,D,20210614,000000,536.46,537.87,535.84,537.73,9644951,0
META.US,D,20210615,000000,532.08,546.09,530.12,545.90,7224715,0
META.US,D,20210616,000000,562.53,563.91,534.33,538.91,8701475,0
META.US,D,20210617,000000,543.46,551.48,498.35,521.61,4435889,0
META.US,D,20210618,000000,532.57,550.43,531.02,545.28,11764015,0
META.US,D,20210621,000000,540.78,542.77,537.40,537.54,6395152,0
META.US,D,20210621,000000,547.07,564.71,540.05,561.92,10224901,0
META.US,D,20210621,000000,573.60,573.61,557.19,561.21,11373276,0
META.US,D,20210622,000000,561.03,606.58,553.79,588.28,9085636,0
META.US,D,20210623,000000,574.24,577.76,556.53,558.97,11398520,0
META.US,D,20210624,000000,563.29,563.84,559.99,561.08,8071080,0
META.US,D,20210625,000000,569.13,577.28,567.18,572.93,4549095,0
META.US,D,20210628,000000,577.20,598.32,555.22,556.00,6959533,0
META.US,D,20210628,000000,555.19,558.59,487.06,488.70,7542034,0
META.US,D,20210628,000000,493.72,522.49,488.93,515.44,4628203,0
META.US,D,20210629,000000,514.16,522.46,513.55,520.65,4037999,0
META.US,D,20210630,000000,520.66,525.89,452.65,457.05,4075486,0
META.US,D,20210701,000000,463.18,465.48,452.50,453.77,8880954,0
META.US,D,20210702,000000,452.12,455.31,429.66,435.52,5398502,0
META.US,D,20210705,000000,436.57,437.27,429.79,430.66,9439800,0
META.US,D,20210705,000000,426.55,427.61,398.20,400.51,8143470,0
META.US,D,20210705,000000,403.99,422.35,402.20,415.43,8851211,0
META.US,D,20210706,000000,414.56,452.83,412.49,441.15,4928590,0
META.US,D,20210707,000000,437.99,456.59,437.62,449.91,4052056,0
META.US,D,20210708,000000,450.92,455.84,438.69,443.05,11474286,0
META.US,D,20210709,000000,440.13,447.93,438.94,444.47,7057409,0
META.US,D,20210712,000000,447.26,448.01,432.07,437.81,9452401,0
META.US,D,20210712,000000,446.23,458.32,402.56,410.29,11880560,0
META.US,D,20210712,000000,416.63,421.14,390.51,395.89,8202628,0
META.US,D,20210713,000000,401.87,408.85,384.58,388.17,6743753,0
META.US,D,20210714,000000,382.11,404.26,381.59,400.75,9320721,0
META.US,D,20210715,000000,386.02,411.54,385.30,399.34,9569252,0
META.US,D,20210716,000000,404.90,437.32,403.79,437.32,10442997,0
META.US,D,20210719,000000,442.45,445.86,423.75,429.63,9160126,0
META.US,D,20210719,000000,441.01,448.85,439.14,447.05,10706698,0
META.US,D,20210719,000000,439.40,443.46,438.55,442.63,5659576,0
META.US,D,20210720,000000,442.91,443.62,430.16,431.36,6629252,0
META.US,D,20210721,000000,429.49,431.74,419.53,420.31,6803922,0
META.US,D,20210722,000000,423.70,473.73,418.52,459.44,8874113,0
META.US,D,20210723,000000,449.42,449.73,435.25,435.87,5419673,0
META.US,D,20210726,000000,434.75,442.75,393.51,398.55,9008616,0
META.US,D,20210726,000000,399.31,405.80,364.06,382.36,9105418,0
META.US,D,20210726,000000,373.44,393.89,372.66,385.10,9846944,0
META.US,D,20210727,000000,391.49,400.62,391.00,397.15,7079983,0
META.US,D,20210728,000000,398.26,425.03,388.01,418.67,8778500,0
META.US,D,20210729,000000,425.00,433.14,353.12,387.37,11326867,0
META.US,D,20210730,000000,386.55,386.64,368.29,375.82,4765660,0
META.US,D,20210802,000000,380.32,380.40,379.22,380.15,11626281,0
META.US,D,20210802,000000,384.39,399.94,383.87,399.62,6919242,0
META.US,D,20210802,000000,404.82,410.38,380.58,383.70,8089869,0
META.US,D,20210803,000000,383.64,440.95,381.13,431.88,6771418,0
META.US,D,20210804,000000,448.76,460.56,426.14,426.79,8229394,0
META.US,D,20210805,000000,425.24,444.63,421.04,443.32,4702643,0
META.US,D,20210806,000000,445.88,447.24,438.98,441.62,10346157,0
META.US,D,20210809,000000,441.68,499.91,438.84,486.97,11807597,0
META.US,D,20210809,000000,485.97,489.25,480.36,484.43,9061220,0
META.US,D,20210809,000000,485.94,496.25,475.05,487.53,4681482,0
META.US,D,20210810,000000,485.32,488.31,430.25,441.75,5313525,0
META.US,D,20210811,000000,433.20,520.37,419.38,479.97,8640102,0
META.US,D,20210812,000000,484.51,504.48,477.32,503.62,5185037,0
META.US,D,20210813,000000,491.81,547.90,468.58,531.43,5646019,0
META.US,D,20210816,000000,515.46,560.51,504.60,542.29,4103461,0
META.US,D,20210816,000000,544.11,547.08,516.18,529.47,10543006,0
META.US,D,20210816,000000,529.41,576.92,517.74,563.94,11363741,0
META.US,D,20210817,000000,580.18,584.95,562.86,563.04,7202500,0
META.US,D,20210818,000000,577.95,582.88,514.36,516.94,11316286,0
META.US,D,20210819,000000,523.56,542.83,479.70,483.73,7155998,0
META.US,D,20210820,000000,490.24,513.93,483.97,507.50,11680135,0
META.US,D,20210823,000000,502.66,509.34,486.97,494.99,9321787,0
META.US,D,20210823,000000,496.21,534.60,495.95,534.09,4201216,0
META.US,D,20210823,000000,523.50,597.05,519.98,570.59,10353118,0
META.US,D,20210824,000000,591.33,592.13,552.23,565.47,9667574,0
META.US,D,20210825,000000,584.12,585.17,559.38,571.47,6622800,0
META.US,D,20210826,000000,560.86,562.86,558.06,562.26,6119885,0
META.US,D,20210827,000000,561.01,574.23,497.04,530.49,4472518,0
META.US,D,20210830,000000,536.90,548.93,535.30,548.45,7983179,0
META.US,D,20210830,000000,537.11,552.34,505.77,513.32,11769583,0
META.US,D,20210830,000000,524.88,531.45,497.60,510.31,4637709,0
META.US,D,20210831,000000,508.03,512.07,453.88,482.51,9953626,0
META.US,D,20210901,000000,478.91,516.59,467.10,502.06,9858061,0
META.US,D,20210902,000000,496.50,502.93,408.40,433.14,4516494,0
META.US,D,20210903,000000,425.61,531.86,421.72,509.09,10846731,0
META.US,D,20210906,000000,499.37,499.93,484.91,485.43,10307907,0
META.US,D,20210906,000000,475.58,482.07,441.95,453.45,10334393,0
META.US,D,20210906,000000,462.27,463.27,461.83,462.95,9902026,0
META.US,D,20210907,000000,451.27,461.93,450.59,458.06,6197591,0
META.US,D,20210908,000000,457.64,462.78,453.64,456.92,7286012,0
META.US,D,20210909,000000,442.27,446.02,437.04,441.95,11569201,0
META.US,D,20210910,000000,440.72,457.79,436.87,451.84,8599454,0
META.US,D,20210913,000000,468.46,487.75,466.72,486.28,4842794,0
META.US,D,20210913,000000,470.08,535.09,468.95,530.45,10413905,0
META.US,D,20210913,000000,518.81,576.16,506.82,562.03,6771805,0
META.US,D,20210914,000000,562.27,595.98,561.73,589.47,4618305,0
META.US,D,20210915,000000,584.86,630.76,584.09,616.94,6558762,0
META.US,D,20210916,000000,622.66,628.36,575.46,584.25,5005896,0
META.US,D,20210917,000000,576.93,584.70,551.60,554.47,4190252,0
META.US,D,20210920,000000,563.00,581.27,562.46,580.57,5179894,0
META.US,D,20210920,000000,589.18,596.38,567.24,570.47,9889937,0
META.US,D,20210920,000000,581.63,605.20,579.03,595.94,11260096,0
META.US,D,20210921,000000,602.26,612.52,532.03,551.67,9461055,0
META.US,D,20210922,000000,554.18,620.27,552.97,612.04,6764068,0
META.US,D,20210923,000000,621.78,630.52,537.34,574.00,11178674,0
META.US,D,20210924,000000,568.04,602.97,560.52,594.46,4898921,0
META.US,D,20210927,000000,597.34,610.56,595.87,606.21,10543948,0
META.US,D,20210927,000000,590.76,591.74,573.31,573.33,11889308,0
META.US,D,20210927,000000,583.75,596.65,539.17,559.53,9358497,0
META.US,D,20210928,000000,543.52,549.82,510.36,535.39,5549920,0
META.US,D,20210929,000000,541.11,575.70,523.35,569.64,7170295,0
META.US,D,20210930,000000,551.62,645.38,540.16,626.91,6646515,0
META.US,D,20211001,000000,624.40,630.95,606.96,614.67,4633216,0
META.US,D,20211004,000000,606.59,622.71,603.58,616.36,7678003,0
META.US,D,20211004,000000,624.37,671.42,542.41,558.47,6731361,0
META.US,D,20211004,000000,550.70,664.35,549.57,619.74,10189942,0
META.US,D,20211005,000000,620.98,626.20,608.67,618.52,11991729,0
META.US,D,20211006,000000,620.91,699.35,610.85,682.77,9351942,0
