<TICKER>,<PER>,<DATE>,<TIME>,<OPEN>,<HIGH>,<LOW>,<CLOSE>,<VOL>,<OPENINT>
MSFT.US,D,20180102,000000,352.09,359.22,350.95,357.14,7536341,0
MSFT.US,D,20180103,000000,360.01,360.87,347.39,348.40,4251130,0
MSFT.US,D,20180104,000000,350.01,351.63,349.31,350.63,10347403,0
MSFT.US,D,20180105,000000,352.55,354.14,352.37,354.02,4660082,0
MSFT.US,D,20180108,000000,350.64,358.07,347.67,356.18,8048259,0
MSFT.US,D,20180108,000000,353.43,361.42,351.86,361.02,8148771,0
MSFT.US,D,20180108,000000,362.49,362.66,362.09,362.33,8598018,0
MSFT.US,D,20180109,000000,365.09,365.71,357.24,360.31,8600030,0
MSFT.US,D,20180110,000000,358.56,365.32,357.26,365.03,8014755,0
MSFT.US,D,20180111,000000,363.51,364.08,355.31,357.46,7609989,0
MSFT.US,D,20180112,000000,358.42,360.34,358.22,360.04,8910302,0
MSFT.US,D,20180115,000000,362.02,362.33,340.51,348.71,6693641,0
MSFT.US,D,20180115,000000,349.12,362.95,344.27,361.45,8206127,0
MSFT.US,D,20180115,000000,359.16,385.92,355.21,376.76,6285379,0
MSFT.US,D,20180116,000000,377.08,380.10,376.73,380.06,5133978,0
MSFT.US,D,20180117,000000,381.17,389.34,378.15,387.11,3924846,0
MSFT.US,D,20180118,000000,391.69,393.05,384.24,387.16,7025617,0
MSFT.US,D,20180119,000000,386.28,387.96,386.09,387.11,5244381,0
MSFT.US,D,20180122,000000,384.89,391.41,384.40,390.66,4807886,0
MSFT.US,D,20180122,000000,387.61,396.79,386.49,395.59,5155490,0
MSFT.US,D,20180122,000000,400.46,401.79,399.50,401.38,5877559,0
MSFT.US,D,20180123,000000,403.34,405.26,398.66,402.65,6610101,0
MSFT.US,D,20180124,000000,400.17,400.33,367.05,378.36,7344654,0
MSFT.US,D,20180125,000000,378.72,383.70,377.76,382.05,8583956,0
MSFT.US,D,20180126,000000,379.28,395.46,377.93,393.74,8890117,0
MSFT.US,D,20180129,000000,395.21,395.55,388.06,389.34,4689101,0
MSFT.US,D,20180129,000000,392.15,392.54,387.69,389.30,4301232,0
MSFT.US,D,20180129,000000,391.43,398.66,391.35,396.59,9352941,0
MSFT.US,D,20180130,000000,397.58,422.58,394.75,412.83,5555509,0
MSFT.US,D,20180131,000000,412.39,413.45,394.82,397.19,8313254,0
MSFT.US,D,20180201,000000,396.84,398.32,388.76,390.25,7215714,0
MSFT.US,D,20180202,000000,393.74,394.27,388.65,389.58,6549459,0
MSFT.US,D,20180205,000000,391.71,392.01,389.48,389.53,7529708,0
MSFT.US,D,20180205,000000,385.26,386.29,383.90,383.98,6870635,0
MSFT.US,D,20180205,000000,383.64,387.38,382.84,385.42,6483923,0
MSFT.US,D,20180206,000000,386.95,389.06,386.87,388.84,7393278,0
MSFT.US,D,20180207,000000,387.77,391.28,387.04,390.16,3580293,0
MSFT.US,D,20180208,000000,391.17,391.26,385.47,386.02,6279014,0
MSFT.US,D,20180209,000000,388.70,390.74,384.21,384.25,9089511,0
MSFT.US,D,20180212,000000,383.28,383.98,378.12,379.98,6938891,0
MSFT.US,D,20180212,000000,379.60,380.21,373.47,375.16,8667397,0
MSFT.US,D,20180212,000000,376.82,378.04,376.72,376.99,6582616,0
MSFT.US,D,20180213,000000,377.30,377.49,375.53,375.68,3638636,0
MSFT.US,D,20180214,000000,374.22,376.66,361.70,364.57,10329749,0
MSFT.US,D,20180215,000000,364.00,371.09,363.19,369.06,8089598,0
MSFT.US,D,20180216,000000,371.24,372.18,367.09,368.15,6512539,0
MSFT.US,D,20180219,000000,367.59,369.26,366.85,368.17,7301113,0
MSFT.US,D,20180219,000000,368.32,370.93,368.28,370.42,9412060,0
MSFT.US,D,20180219,000000,370.17,370.38,370.15,370.31,8978485,0
MSFT.US,D,20180220,000000,371.93,372.68,368.67,368.97,6020615,0
MSFT.US,D,20180221,000000,368.32,370.49,368.13,370.37,6471860,0
MSFT.US,D,20180222,000000,370.02,370.93,370.01,370.62,10284089,0
MSFT.US,D,20180223,000000,371.25,371.57,371.06,371.49,9816522,0
MSFT.US,D,20180226,000000,370.93,371.24,366.01,368.37,3746992,0
MSFT.US,D,20180226,000000,368.14,368.64,367.79,368.21,4585853,0
MSFT.US,D,20180226,000000,368.15,368.29,366.99,367.13,5691855,0
MSFT.US,D,20180227,000000,366.53,366.67,364.93,365.31,9598282,0
MSFT.US,D,20180228,000000,365.86,365.98,364.46,364.70,8269058,0
MSFT.US,D,20180301,000000,362.45,368.32,360.60,365.87,4146485,0
MSFT.US,D,20180302,000000,365.20,370.91,363.93,369.34,3983038,0
MSFT.US,D,20180305,000000,369.69,369.94,367.52,367.57,4268169,0
MSFT.US,D,20180305,000000,367.42,370.71,366.22,369.40,7659676,0
MSFT.US,D,20180305,000000,371.17,374.93,361.51,364.00,5706951,0
MSFT.US,D,20180306,000000,364.36,364.65,361.67,362.67,4146656,0
MSFT.US,D,20180307,000000,362.64,362.75,361.19,361.47,4625779,0
MSFT.US,D,20180308,000000,360.20,364.18,359.60,364.06,5110874,0
MSFT.US,D,20180309,000000,365.51,365.64,362.22,362.77,3784431,0
MSFT.US,D,20180312,000000,362.62,365.94,361.71,364.91,5716706,0
MSFT.US,D,20180312,000000,364.60,364.71,364.14,364.47,9990719,0
MSFT.US,D,20180312,000000,364.58,364.94,361.35,361.43,5431059,0
MSFT.US,D,20180313,000000,361.62,361.90,361.11,361.72,6449742,0
MSFT.US,D,20180314,000000,362.08,362.28,360.85,360.94,10268219,0
MSFT.US,D,20180315,000000,360.45,367.13,359.22,365.14,8029982,0
MSFT.US,D,20180316,000000,364.80,365.37,363.98,364.22,4646121,0
MSFT.US,D,20180319,000000,364.39,365.07,360.59,361.06,6681246,0
MSFT.US,D,20180319,000000,360.72,361.17,358.41,358.80,3879206,0
MSFT.US,D,20180319,000000,358.86,359.64,358.74,359.59,8763044,0
MSFT.US,D,20180320,000000,359.75,359.78,356.78,358.25,8614626,0
MSFT.US,D,20180321,000000,358.11,358.37,355.66,355.97,10496934,0
MSFT.US,D,20180322,000000,355.59,360.81,352.83,360.45,7045811,0
MSFT.US,D,20180323,000000,360.58,360.95,351.44,351.68,5619271,0
MSFT.US,D,20180326,000000,353.82,354.10,352.76,353.08,4539997,0
MSFT.US,D,20180326,000000,353.24,355.03,349.78,350.81,10155268,0
MSFT.US,D,20180326,000000,350.50,360.74,350.04,360.46,6091932,0
MSFT.US,D,20180327,000000,361.51,370.65,360.00,366.80,7596804,0
MSFT.US,D,20180328,000000,368.24,369.76,366.71,367.63,9816919,0
MSFT.US,D,20180329,000000,368.39,371.50,368.09,369.94,9293221,0
MSFT.US,D,20180330,000000,369.61,371.10,368.97,370.54,5431104,0
MSFT.US,D,20180402,000000,370.21,370.85,360.23,362.67,6501037,0
MSFT.US,D,20180402,000000,361.37,361.49,360.75,360.84,6507861,0
MSFT.US,D,20180402,000000,361.17,365.10,360.56,363.01,6071309,0
MSFT.US,D,20180403,000000,366.10,367.19,362.70,364.25,7650856,0
MSFT.US,D,20180404,000000,367.04,367.22,366.01,366.23,8483316,0
MSFT.US,D,20180405,000000,367.37,370.90,366.60,369.95,8528979,0
MSFT.US,D,20180406,000000,369.34,375.35,369.29,375.04,6789357,0
MSFT.US,D,20180409,000000,374.50,376.24,374.32,375.35,4619513,0
MSFT.US,D,20180409,000000,375.14,376.26,368.16,369.74,7754941,0
MSFT.US,D,20180409,000000,372.16,377.35,370.70,374.74,9035676,0
MSFT.US,D,20180410,000000,371.71,377.40,371.67,375.99,9898193,0
MSFT.US,D,20180411,000000,374.24,390.18,373.61,385.81,8090994,0
MSFT.US,D,20180412,000000,382.82,383.42,377.20,377.78,4707610,0
MSFT.US,D,20180413,000000,377.12,379.11,376.72,378.01,5940012,0
MSFT.US,D,20180416,000000,378.94,380.84,370.38,372.53,6258130,0
MSFT.US,D,20180416,000000,373.78,375.84,360.29,366.10,3828218,0
MSFT.US,D,20180416,000000,365.39,375.96,363.64,371.76,5455081,0
MSFT.US,D,20180417,000000,372.45,380.18,371.75,379.54,3586725,0
MSFT.US,D,20180418,000000,380.67,383.43,375.05,376.47,5410894,0
MSFT.US,D,20180419,000000,376.70,379.89,376.46,379.53,4646802,0
MSFT.US,D,20180420,000000,378.77,378.85,373.96,375.74,4285632,0
MSFT.US,D,20180423,000000,378.50,378.70,376.78,377.66,4997244,0
MSFT.US,D,20180423,000000,378.59,380.89,377.74,380.14,7896507,0
MSFT.US,D,20180423,000000,375.77,377.83,374.33,376.37,7650525,0
MSFT.US,D,20180424,000000,375.22,382.80,374.45,382.59,4396323,0
MSFT.US,D,20180425,000000,379.03,384.11,378.17,382.84,7602983,0
MSFT.US,D,20180426,000000,381.86,384.76,381.43,384.27,6476654,0
MSFT.US,D,20180427,000000,382.72,384.81,382.51,383.56,5542040,0
MSFT.US,D,20180430,000000,383.40,384.00,379.72,380.26,6950526,0
MSFT.US,D,20180430,000000,380.30,380.36,378.19,378.28,8877420,0
MSFT.US,D,20180430,000000,378.93,378.97,377.88,377.91,7637280,0
MSFT.US,D,20180501,000000,378.86,379.34,378.80,379.02,3925499,0
MSFT.US,D,20180502,000000,377.76,377.88,377.04,377.41,4537076,0
MSFT.US,D,20180503,000000,377.28,377.67,377.17,377.51,4411941,0
MSFT.US,D,20180504,000000,377.66,377.70,375.13,376.09,8308425,0
MSFT.US,D,20180507,000000,375.56,377.67,375.26,377.19,10200129,0
MSFT.US,D,20180507,000000,376.74,378.36,376.72,377.75,4374796,0
MSFT.US,D,20180507,000000,377.73,378.33,375.76,375.88,8410133,0
MSFT.US,D,20180508,000000,375.56,381.28,374.81,379.71,7181804,0
MSFT.US,D,20180509,000000,379.68,379.70,379.12,379.55,6856729,0
MSFT.US,D,20180510,000000,378.98,379.47,378.27,379.34,4185897,0
MSFT.US,D,20180511,000000,379.33,382.79,378.79,382.79,6723819,0
MSFT.US,D,20180514,000000,381.95,382.36,381.91,382.17,7548603,0
MSFT.US,D,20180514,000000,380.48,381.13,377.93,378.22,8875286,0
MSFT.US,D,20180514,000000,378.29,378.60,377.56,377.68,9647327,0
MSFT.US,D,20180515,000000,377.22,381.69,375.34,380.66,4521636,0
MSFT.US,D,20180516,000000,381.36,382.87,380.46,382.72,7977366,0
MSFT.US,D,20180517,000000,383.22,384.34,379.46,380.18,4728945,0
MSFT.US,D,20180518,000000,380.21,382.27,380.08,382.05,6678105,0
MSFT.US,D,20180521,000000,382.27,386.34,381.41,386.24,4893331,0
MSFT.US,D,20180521,000000,386.44,386.92,380.52,383.70,6726732,0
MSFT.US,D,20180521,000000,383.28,383.89,382.23,382.97,9167452,0
MSFT.US,D,20180522,000000,384.93,385.08,383.90,384.58,10351965,0
MSFT.US,D,20180523,000000,385.03,388.05,384.60,386.64,3534047,0
MSFT.US,D,20180524,000000,386.78,386.94,384.28,385.05,3911073,0
MSFT.US,D,20180525,000000,384.26,389.01,382.75,388.67,4775328,0
MSFT.US,D,20180528,000000,389.00,391.98,387.71,391.97,8765290,0
MSFT.US,D,20180528,000000,392.01,392.31,388.79,389.19,7196948,0
MSFT.US,D,20180528,000000,390.62,390.86,389.72,390.13,9404513,0
MSFT.US,D,20180529,000000,390.58,391.89,390.29,391.86,10031087,0
MSFT.US,D,20180530,000000,391.00,394.62,390.16,393.94,7155351,0
MSFT.US,D,20180531,000000,392.94,392.98,392.92,392.97,4088967,0
MSFT.US,D,20180601,000000,393.53,394.65,390.69,391.58,4292809,0
MSFT.US,D,20180604,000000,390.34,391.85,390.22,391.27,6082692,0
MSFT.US,D,20180604,000000,390.34,390.50,389.30,390.05,8902170,0
MSFT.US,D,20180604,000000,390.74,390.90,386.50,386.82,7982371,0
MSFT.US,D,20180605,000000,386.76,387.72,383.78,385.06,8776666,0
MSFT.US,D,20180606,000000,385.69,387.05,385.48,386.87,6600768,0
MSFT.US,D,20180607,000000,387.04,387.50,380.99,381.87,8081393,0
MSFT.US,D,20180608,000000,382.01,385.08,381.92,384.57,7864097,0
MSFT.US,D,20180611,000000,384.97,385.22,383.98,384.57,10348920,0
MSFT.US,D,20180611,000000,383.63,386.69,383.48,386.11,7835172,0
MSFT.US,D,20180611,000000,386.78,389.37,386.28,389.35,3822510,0
MSFT.US,D,20180612,000000,389.42,389.61,389.19,389.37,9660761,0
MSFT.US,D,20180613,000000,388.48,392.46,387.95,391.10,4859980,0
MSFT.US,D,20180614,000000,389.93,390.26,389.89,390.06,7975200,0
MSFT.US,D,20180615,000000,389.44,389.92,388.93,389.46,10483301,0
MSFT.US,D,20180618,000000,389.29,389.32,388.99,389.01,8744052,0
MSFT.US,D,20180618,000000,387.94,388.22,387.17,387.49,5145351,0
MSFT.US,D,20180618,000000,387.26,390.26,380.71,383.39,7357924,0
MSFT.US,D,20180619,000000,384.10,388.30,377.77,379.08,10080895,0
MSFT.US,D,20180620,000000,379.30,379.51,378.51,378.54,5291034,0
MSFT.US,D,20180621,000000,378.16,379.96,377.92,379.16,4162626,0
MSFT.US,D,20180622,000000,378.61,378.73,377.96,378.21,10411488,0
MSFT.US,D,20180625,000000,378.59,378.65,373.82,374.50,3732675,0
MSFT.US,D,20180625,000000,374.45,385.21,372.38,379.68,6140569,0
MSFT.US,D,20180625,000000,378.51,387.57,377.20,387.12,5564435,0
MSFT.US,D,20180626,000000,388.48,389.70,383.45,384.74,5976928,0
MSFT.US,D,20180627,000000,384.17,384.27,380.55,381.35,9434938,0
MSFT.US,D,20180628,000000,381.48,382.27,381.40,382.00,4080478,0
MSFT.US,D,20180629,000000,380.93,381.80,379.84,379.88,9447888,0
MSFT.US,D,20180702,000000,378.22,378.45,376.54,377.10,10281854,0
MSFT.US,D,20180702,000000,376.59,376.79,375.63,375.68,7444021,0
MSFT.US,D,20180702,000000,375.72,380.47,374.94,379.53,6951742,0
MSFT.US,D,20180703,000000,381.41,381.62,381.13,381.46,5554832,0
MSFT.US,D,20180704,000000,381.95,382.84,381.82,382.55,9234163,0
MSFT.US,D,20180705,000000,383.87,386.31,383.52,384.78,7140315,0
MSFT.US,D,20180706,000000,385.86,386.40,383.98,384.21,3671447,0
MSFT.US,D,20180709,000000,382.82,382.83,381.18,382.25,5641542,0
MSFT.US,D,20180709,000000,383.30,388.00,373.46,376.31,7501828,0
MSFT.US,D,20180709,000000,376.28,382.56,375.60,381.43,6645350,0
MSFT.US,D,20180710,000000,381.87,388.86,381.10,383.80,8161086,0
MSFT.US,D,20180711,000000,386.00,388.24,377.99,380.20,5663417,0
MSFT.US,D,20180712,000000,377.39,378.42,377.35,378.11,5659618,0
MSFT.US,D,20180713,000000,375.87,376.89,371.48,373.14,9397533,0
MSFT.US,D,20180716,000000,374.15,375.37,368.94,370.36,7725964,0
MSFT.US,D,20180716,000000,368.30,369.68,367.64,369.48,4052321,0
MSFT.US,D,20180716,000000,367.96,368.61,360.62,364.14,8584789,0
MSFT.US,D,20180717,000000,363.59,363.70,356.06,357.54,9950646,0
MSFT.US,D,20180718,000000,359.43,362.56,358.60,361.87,9739905,0
MSFT.US,D,20180719,000000,362.25,364.49,355.20,358.78,10208070,0
MSFT.US,D,20180720,000000,357.64,365.00,339.96,347.97,5955559,0
MSFT.US,D,20180723,000000,349.38,350.83,342.80,344.57,6443382,0
MSFT.US,D,20180723,000000,343.38,348.91,342.66,345.50,7810612,0
MSFT.US,D,20180723,000000,344.05,355.66,341.67,350.22,7115830,0
MSFT.US,D,20180724,000000,348.56,360.38,345.64,355.37,4778937,0
MSFT.US,D,20180725,000000,357.40,359.82,348.89,349.54,9505631,0
MSFT.US,D,20180726,000000,349.09,355.31,348.58,353.94,9287833,0
MSFT.US,D,20180727,000000,356.89,357.03,354.82,356.17,3751638,0
MSFT.US,D,20180730,000000,351.22,355.51,350.46,355.36,4445643,0
MSFT.US,D,20180730,000000,356.28,358.29,355.97,357.51,6018837,0
MSFT.US,D,20180730,000000,357.32,358.97,346.37,350.09,6562761,0
MSFT.US,D,20180731,000000,349.76,350.73,344.10,346.86,7524935,0
MSFT.US,D,20180801,000000,346.53,348.36,346.28,347.98,7686702,0
MSFT.US,D,20180802,000000,350.34,358.41,349.40,357.24,9434544,0
MSFT.US,D,20180803,000000,355.47,356.15,354.88,355.36,6240786,0
MSFT.US,D,20180806,000000,357.39,365.90,356.92,362.03,9145402,0
MSFT.US,D,20180806,000000,361.30,362.41,357.67,359.19,9708149,0
MSFT.US,D,20180806,000000,359.48,360.75,358.02,360.45,3786590,0
MSFT.US,D,20180807,000000,361.41,372.05,355.65,371.58,6919466,0
MSFT.US,D,20180808,000000,371.28,376.65,369.95,373.41,7562964,0
MSFT.US,D,20180809,000000,374.74,375.95,367.88,369.21,3570008,0
MSFT.US,D,20180810,000000,367.70,370.26,367.54,369.25,8486569,0
MSFT.US,D,20180813,000000,364.29,364.52,360.12,361.00,9836173,0
MSFT.US,D,20180813,000000,363.30,364.53,355.63,357.56,7978251,0
MSFT.US,D,20180813,000000,363.63,364.12,341.18,347.88,7774171,0
MSFT.US,D,20180814,000000,349.31,351.06,349.02,349.59,5155982,0
MSFT.US,D,20180815,000000,351.47,352.08,345.46,345.90,9354882,0
MSFT.US,D,20180816,000000,344.98,359.25,344.38,354.36,4604933,0
MSFT.US,D,20180817,000000,355.66,355.67,346.13,350.54,6340471,0
MSFT.US,D,20180820,000000,351.05,364.30,349.54,361.94,7468884,0
MSFT.US,D,20180820,000000,361.47,366.87,360.75,363.81,8530987,0
MSFT.US,D,20180820,000000,362.79,372.17,357.61,369.72,9758414,0
MSFT.US,D,20180821,000000,369.02,377.07,368.71,376.27,3590681,0
MSFT.US,D,20180822,000000,376.64,376.80,373.57,373.88,7104861,0
MSFT.US,D,20180823,000000,374.87,379.12,374.74,378.58,4432635,0
MSFT.US,D,20180824,000000,377.20,380.96,376.93,379.14,7502059,0
MSFT.US,D,20180827,000000,377.81,378.90,377.60,378.40,9482006,0
MSFT.US,D,20180827,000000,377.14,378.51,376.79,378.44,7985290,0
MSFT.US,D,20180827,000000,381.48,383.29,375.36,376.33,7710717,0
MSFT.US,D,20180828,000000,376.92,377.64,373.38,373.83,5282685,0
MSFT.US,D,20180829,000000,371.62,371.98,368.95,369.81,8017113,0
MSFT.US,D,20180830,000000,368.93,379.55,364.79,378.99,7223487,0
MSFT.US,D,20180831,000000,378.06,378.52,370.11,372.75,10423769,0
MSFT.US,D,20180903,000000,371.25,372.49,370.91,371.96,8297452,0
MSFT.US,D,20180903,000000,371.44,371.81,365.93,367.65,5260272,0
MSFT.US,D,20180903,000000,366.14,368.19,365.68,367.30,7608619,0
MSFT.US,D,20180904,000000,370.68,373.34,353.18,360.17,3882896,0
MSFT.US,D,20180905,000000,361.36,362.10,360.87,361.68,5523414,0
MSFT.US,D,20180906,000000,360.87,364.70,359.62,363.45,8535186,0
MSFT.US,D,20180907,000000,361.70,372.88,358.01,368.82,8955559,0
MSFT.US,D,20180910,000000,369.31,373.98,368.15,370.76,16238538,0
MSFT.US,D,20180910,000000,366.38,381.83,364.36,380.37,13789584,0
MSFT.US,D,20180910,000000,376.25,388.28,373.99,387.32,10040521,0
MSFT.US,D,20180911,000000,396.49,397.83,387.66,392.63,19196771,0
MSFT.US,D,20180912,000000,390.98,403.28,388.84,400.62,19685725,0
MSFT.US,D,20180913,000000,393.61,414.74,390.67,409.91,7621514,0
MSFT.US,D,20180914,000000,411.60,417.38,405.15,417.26,11313260,0
MSFT.US,D,20180917,000000,413.20,429.26,410.85,424.31,12241697,0
MSFT.US,D,20180917,000000,421.83,443.59,415.08,433.47,12840040,0
MSFT.US,D,20180917,000000,433.68,450.14,433.62,446.13,9476202,0
MSFT.US,D,20180918,000000,450.83,465.46,447.25,457.25,11979048,0
MSFT.US,D,20180919,000000,450.83,475.31,446.47,472.12,16322908,0
MSFT.US,D,20180920,000000,466.61,488.71,461.96,483.45,9660789,0
MSFT.US,D,20180921,000000,481.13,500.94,475.11,498.33,19658894,0
MSFT.US,D,20180924,000000,498.52,520.05,490.42,514.26,16926424,0
MSFT.US,D,20180924,000000,515.94,533.47,515.89,528.27,16548292,0
MSFT.US,D,20180924,000000,519.84,544.81,516.02,540.94,27076238,0
MSFT.US,D,20180925,000000,535.17,569.83,534.59,557.09,13094468,0
MSFT.US,D,20180926,000000,555.54,584.01,551.57,578.75,14294526,0
MSFT.US,D,20180927,000000,574.58,601.77,573.50,598.53,22161472,0
MSFT.US,D,20180928,000000,595.70,628.80,586.43,618.47,22978465,0
MSFT.US,D,20181001,000000,630.82,642.28,628.89,636.99,13779025,0
MSFT.US,D,20181001,000000,641.15,670.72,635.99,659.38,25106442,0
MSFT.US,D,20181001,000000,660.84,679.61,657.65,677.76,29507580,0
MSFT.US,D,20181002,000000,672.94,720.71,671.92,704.90,33183514,0
MSFT.US,D,20181003,000000,704.60,749.67,703.15,727.35,22286608,0
MSFT.US,D,20181004,000000,717.07,759.11,709.55,748.69,24238684,0
MSFT.US,D,20181005,000000,728.11,793.36,724.12,776.89,33624101,0
MSFT.US,D,20181008,000000,769.45,769.84,751.57,759.08,8374113,0
MSFT.US,D,20181008,000000,763.41,769.09,744.10,748.30,5083502,0
MSFT.US,D,20181008,000000,742.40,759.02,741.44,756.57,9008469,0
MSFT.US,D,20181009,000000,757.13,764.42,737.10,741.42,6322993,0
MSFT.US,D,20181010,000000,724.87,729.03,691.55,698.93,7869051,0
MSFT.US,D,20181011,000000,692.40,692.40,682.99,686.44,6818616,0
MSFT.US,D,20181012,000000,696.05,696.07,690.87,692.80,5755580,0
MSFT.US,D,20181015,000000,689.06,696.18,662.07,672.84,8766298,0
MSFT.US,D,20181015,000000,672.45,708.13,670.71,707.69,8879704,0
MSFT.US,D,20181015,000000,705.19,707.91,680.73,693.30,10227272,0
MSFT.US,D,20181016,000000,684.69,728.40,678.94,713.37,5138240,0
MSFT.US,D,20181017,000000,717.08,738.31,701.76,731.56,4884528,0
MSFT.US,D,20181018,000000,722.65,780.36,718.61,755.80,9261093,0
MSFT.US,D,20181019,000000,769.72,791.26,765.99,785.41,3903268,0
MSFT.US,D,20181022,000000,791.31,893.84,780.29,839.75,3996151,0
MSFT.US,D,20181022,000000,848.89,859.06,825.27,843.82,6478368,0
MSFT.US,D,20181022,000000,849.23,861.70,842.08,860.90,7065229,0
MSFT.US,D,20181023,000000,852.53,871.50,848.05,867.26,8287447,0
MSFT.US,D,20181024,000000,883.97,886.99,852.46,862.48,8685331,0
MSFT.US,D,20181025,000000,873.93,926.28,843.02,924.49,5685418,0
MSFT.US,D,20181026,000000,933.15,933.91,904.30,915.15,5621095,0
MSFT.US,D,20181029,000000,900.43,901.15,895.48,900.30,7674779,0
MSFT.US,D,20181029,000000,905.78,933.87,896.78,925.83,4593735,0
MSFT.US,D,20181029,000000,929.92,959.63,906.54,933.33,10162241,0
MSFT.US,D,20181030,000000,944.41,986.38,933.91,963.55,7584906,0
MSFT.US,D,20181031,000000,967.77,1001.27,964.12,985.61,6425946,0
MSFT.US,D,20181101,000000,984.88,1096.32,953.64,1075.82,6441939,0
MSFT.US,D,20181102,000000,1080.21,1081.29,1067.93,1079.55,7487392,0
MSFT.US,D,20181105,000000,1082.85,1098.52,1079.97,1089.80,5460104,0
MSFT.US,D,20181105,000000,1087.48,1095.74,1020.93,1034.97,10342639,0
MSFT.US,D,20181105,000000,1036.49,1039.10,975.30,1006.21,7332093,0
MSFT.US,D,20181106,000000,983.98,1030.60,967.14,1028.10,6115275,0
MSFT.US,D,20181107,000000,1028.09,1035.78,1016.51,1024.62,8032814,0
MSFT.US,D,20181108,000000,1010.54,1013.58,961.55,974.89,10018760,0
MSFT.US,D,20181109,000000,957.92,965.48,919.66,933.75,9370654,0
MSFT.US,D,20181112,000000,942.01,978.94,929.93,971.92,6678150,0
MSFT.US,D,20181112,000000,986.26,996.45,945.50,957.51,9328563,0
MSFT.US,D,20181112,000000,972.14,1001.17,864.12,895.61,4643060,0
MSFT.US,D,20181113,000000,888.60,908.47,883.27,895.69,6123736,0
MSFT.US,D,20181114,000000,885.48,1016.14,879.32,993.99,9377203,0
MSFT.US,D,20181115,000000,1008.86,1029.79,1000.47,1023.57,8408999,0
MSFT.US,D,20181116,000000,1022.81,1058.84,1018.83,1043.06,9314444,0
MSFT.US,D,20181119,000000,1055.02,1077.89,1055.01,1068.44,6370864,0
MSFT.US,D,20181119,000000,1094.62,1110.56,1028.45,1028.97,5741635,0
MSFT.US,D,20181119,000000,1026.18,1056.99,932.76,963.26,3688063,0
MSFT.US,D,20181120,000000,952.79,987.00,943.83,982.78,3652391,0
MSFT.US,D,20181121,000000,978.91,988.78,976.94,985.51,6080787,0
MSFT.US,D,20181122,000000,987.83,1004.56,948.68,953.22,3572823,0
MSFT.US,D,20181123,000000,935.90,963.03,886.10,900.33,8610564,0
MSFT.US,D,20181126,000000,896.47,902.94,865.92,886.86,6077019,0
MSFT.US,D,20181126,000000,874.75,883.24,872.92,874.96,5667823,0
MSFT.US,D,20181126,000000,857.49,911.14,850.15,907.51,3583231,0
MSFT.US,D,20181127,000000,910.17,915.60,906.22,910.06,4281600,0
MSFT.US,D,20181128,000000,915.34,918.87,901.51,913.95,8613141,0
MSFT.US,D,20181129,000000,930.57,1012.11,918.91,989.51,9573081,0
MSFT.US,D,20181130,000000,978.97,1034.40,978.06,1011.55,8119291,0
MSFT.US,D,20181203,000000,1032.83,1108.84,1025.65,1095.60,4769276,0
MSFT.US,D,20181203,000000,1109.35,1115.93,1089.19,1093.70,8354554,0
MSFT.US,D,20181203,000000,1097.55,1221.40,1088.38,1192.90,4288891,0
MSFT.US,D,20181204,000000,1198.19,1225.29,1196.40,1217.28,7775010,0
MSFT.US,D,20181205,000000,1207.44,1254.96,1196.84,1243.88,7147401,0
MSFT.US,D,20181206,000000,1226.58,1344.77,1195.75,1327.01,9010139,0
MSFT.US,D,20181207,000000,1335.82,1342.20,1157.17,1171.01,4278036,0
MSFT.US,D,20181210,000000,1169.80,1176.49,1153.02,1160.92,5006950,0
MSFT.US,D,20181210,000000,1153.40,1193.38,1145.17,1191.34,8221621,0
MSFT.US,D,20181210,000000,1190.03,1340.85,1188.82,1317.74,4186358,0
MSFT.US,D,20181211,000000,1305.12,1305.14,1237.96,1253.91,10330568,0
MSFT.US,D,20181212,000000,1269.30,1295.86,1265.04,1284.94,4308534,0
MSFT.US,D,20181213,000000,1303.94,1314.10,1223.64,1249.11,3557848,0
MSFT.US,D,20181214,000000,1267.45,1270.71,1190.52,1203.09,10206944,0
MSFT.US,D,20181217,000000,1213.41,1215.63,1189.62,1195.67,3726159,0
MSFT.US,D,20181217,000000,1184.60,1192.44,1135.57,1144.48,6490717,0
MSFT.US,D,20181217,000000,1135.22,1139.90,1080.16,1082.54,8659838,0
MSFT.US,D,20181218,000000,1059.96,1065.65,1048.94,1063.22,5399320,0
MSFT.US,D,20181219,000000,1036.45,1041.55,1024.51,1026.29,9898333,0
MSFT.US,D,20181220,000000,1029.83,1031.36,1006.47,1012.66,10397792,0
MSFT.US,D,20181221,000000,1011.58,1039.77,1009.75,1033.83,8337085,0
MSFT.US,D,20181224,000000,1058.19,1059.61,1023.32,1037.81,6157400,0
MSFT.US,D,20181224,000000,1051.56,1074.56,949.00,984.69,3920038,0
MSFT.US,D,20181224,000000,981.87,986.34,981.18,984.82,10383037,0
MSFT.US,D,20181225,000000,974.65,976.61,948.65,952.45,7162216,0
MSFT.US,D,20181226,000000,964.26,967.53,896.27,897.24,5881821,0
MSFT.US,D,20181227,000000,885.85,912.73,881.79,904.61,5385297,0
MSFT.US,D,20181228,000000,902.35,927.43,900.56,918.51,4673445,0
MSFT.US,D,20181231,000000,929.81,934.60,922.46,923.28,5361548,0
MSFT.US,D,20181231,000000,898.83,907.91,830.74,839.42,4570568,0
MSFT.US,D,20181231,000000,857.83,863.14,801.34,816.56,7947668,0
MSFT.US,D,20190101,000000,824.24,842.19,774.24,777.20,6780543,0
MSFT.US,D,20190102,000000,773.91,777.77,772.04,776.92,7311625,0
MSFT.US,D,20190103,000000,772.59,810.04,771.67,797.99,9830224,0
MSFT.US,D,20190104,000000,799.12,830.89,796.86,820.91,8999952,0
MSFT.US,D,20190107,000000,840.59,851.76,793.78,801.09,6648127,0
MSFT.US,D,20190107,000000,796.31,827.62,789.79,821.72,3785177,0
MSFT.US,D,20190107,000000,816.59,822.67,783.53,792.70,5191547,0
MSFT.US,D,20190108,000000,794.86,807.46,781.12,804.57,6310098,0
MSFT.US,D,20190109,000000,795.68,796.33,788.06,789.31,4050693,0
MSFT.US,D,20190110,000000,813.15,830.27,806.81,828.73,7241153,0
MSFT.US,D,20190111,000000,799.22,872.15,791.16,854.67,5610005,0
MSFT.US,D,20190114,000000,850.06,867.41,833.76,866.66,4138380,0
MSFT.US,D,20190114,000000,876.29,893.51,875.10,886.63,4467044,0
MSFT.US,D,20190114,000000,887.95,892.04,792.07,806.09,4327866,0
MSFT.US,D,20190115,000000,806.15,829.81,794.86,826.78,5211149,0
MSFT.US,D,20190116,000000,813.17,828.11,808.24,824.93,7692062,0
MSFT.US,D,20190117,000000,805.65,817.87,748.10,760.09,6578560,0
MSFT.US,D,20190118,000000,751.53,763.87,707.62,711.68,4567954,0
MSFT.US,D,20190121,000000,732.02,738.61,704.39,705.61,5034706,0
MSFT.US,D,20190121,000000,691.25,693.17,653.39,665.67,9256242,0
MSFT.US,D,20190121,000000,674.85,703.14,671.48,700.30,5139807,0
MSFT.US,D,20190122,000000,689.88,697.13,650.64,663.22,6045903,0
MSFT.US,D,20190123,000000,664.72,678.74,598.26,604.26,4729962,0
MSFT.US,D,20190124,000000,614.68,615.80,588.96,592.81,7648428,0
MSFT.US,D,20190125,000000,598.82,600.30,578.41,586.36,8649692,0
MSFT.US,D,20190128,000000,584.97,619.88,577.60,608.09,5256726,0
MSFT.US,D,20190128,000000,600.00,669.81,565.33,656.13,6076953,0
MSFT.US,D,20190128,000000,650.45,665.44,648.10,653.64,4535427,0
MSFT.US,D,20190129,000000,649.25,666.25,647.53,663.20,10331521,0
MSFT.US,D,20190130,000000,658.58,674.61,657.95,671.45,10623346,0
MSFT.US,D,20190131,000000,664.16,680.89,660.82,678.58,13405847,0
MSFT.US,D,20190201,000000,684.54,698.84,678.57,684.71,13481150,0
MSFT.US,D,20190204,000000,681.77,701.81,674.72,696.10,7587185,0
MSFT.US,D,20190204,000000,717.39,717.91,710.32,710.64,17376066,0
MSFT.US,D,20190204,000000,715.81,728.92,713.00,728.05,18304036,0
MSFT.US,D,20190205,000000,712.51,743.69,711.19,742.43,17086762,0
MSFT.US,D,20190206,000000,741.48,766.90,737.71,765.27,8376314,0
MSFT.US,D,20190207,000000,762.16,798.88,754.77,779.88,7979719,0
MSFT.US,D,20190208,000000,785.20,797.91,783.62,796.84,16584115,0
MSFT.US,D,20190211,000000,806.93,813.10,806.35,812.14,11249885,0
MSFT.US,D,20190211,000000,819.42,843.38,810.67,834.90,11149432,0
MSFT.US,D,20190211,000000,849.80,853.34,843.91,844.34,18446907,0
MSFT.US,D,20190212,000000,845.73,864.61,843.63,860.03,15042863,0
MSFT.US,D,20190213,000000,853.21,906.78,852.04,883.40,20120229,0
MSFT.US,D,20190214,000000,861.96,917.95,861.31,906.79,18978050,0
MSFT.US,D,20190215,000000,901.59,945.07,894.67,941.47,8601909,0
MSFT.US,D,20190218,000000,939.35,977.02,935.15,965.78,18652622,0
MSFT.US,D,20190218,000000,960.04,995.93,949.23,985.39,22632127,0
MSFT.US,D,20190218,000000,984.07,1029.49,977.35,1005.60,20144735,0
MSFT.US,D,20190219,000000,1010.83,1044.54,1009.65,1033.48,14290054,0
MSFT.US,D,20190220,000000,1045.23,1079.72,1038.15,1068.45,11745813,0
MSFT.US,D,20190221,000000,1066.72,1111.63,1054.27,1101.41,28293179,0
MSFT.US,D,20190222,000000,1118.77,1137.18,1117.37,1135.18,17072003,0
MSFT.US,D,20190225,000000,1110.46,1180.27,1095.93,1168.89,20446518,0
MSFT.US,D,20190225,000000,1143.51,1205.57,1129.69,1205.22,24106524,0
MSFT.US,D,20190225,000000,1209.40,1251.62,1199.83,1237.89,29641382,0
MSFT.US,D,20190226,000000,1244.37,1272.80,1239.35,1268.48,20027238,0
MSFT.US,D,20190227,000000,1252.80,1328.01,1244.88,1313.74,17948064,0
MSFT.US,D,20190228,000000,1325.62,1377.72,1319.86,1357.95,29387426,0
MSFT.US,D,20190301,000000,1379.22,1393.98,1377.92,1390.56,20831870,0
MSFT.US,D,20190304,000000,1372.62,1448.79,1327.44,1433.79,26207650,0
MSFT.US,D,20190304,000000,1413.86,1492.67,1393.48,1483.28,23537066,0
MSFT.US,D,20190304,000000,1489.42,1565.93,1479.98,1538.45,33835799,0
MSFT.US,D,20190305,000000,1562.81,1610.14,1554.00,1603.14,17355352,0
MSFT.US,D,20190306,000000,1626.81,1650.06,1620.96,1646.21,12880633,0
MSFT.US,D,20190307,000000,1617.83,1753.24,1584.78,1703.74,28304225,0
MSFT.US,D,20190308,000000,1720.92,1732.93,1679.90,1690.00,10152017,0
MSFT.US,D,20190311,000000,1735.69,1745.33,1701.00,1721.56,5344753,0
MSFT.US,D,20190311,000000,1711.66,1827.63,1709.61,1821.34,9714167,0
MSFT.US,D,20190311,000000,1837.40,1845.84,1703.78,1776.95,4569625,0
MSFT.US,D,20190312,000000,1788.49,1885.21,1783.88,1865.60,5989628,0
MSFT.US,D,20190313,000000,1892.17,1896.26,1692.23,1708.38,7806567,0
MSFT.US,D,20190314,000000,1687.16,1710.11,1684.10,1705.24,6910574,0
MSFT.US,D,20190315,000000,1697.12,1722.65,1637.69,1660.25,7961110,0
MSFT.US,D,20190318,000000,1622.96,1624.39,1604.86,1607.76,6686012,0
MSFT.US,D,20190318,000000,1591.51,1602.22,1543.32,1566.41,8526339,0
MSFT.US,D,20190318,000000,1602.31,1614.31,1540.26,1553.03,9305791,0
MSFT.US,D,20190319,000000,1570.67,1574.15,1544.06,1552.23,6105463,0
MSFT.US,D,20190320,000000,1513.50,1628.85,1505.94,1603.23,10117718,0
MSFT.US,D,20190321,000000,1591.86,1606.48,1591.85,1600.22,8919829,0
MSFT.US,D,20190322,000000,1600.99,1604.44,1463.57,1528.90,7937622,0
MSFT.US,D,20190325,000000,1557.80,1558.13,1441.59,1475.13,5617436,0
MSFT.US,D,20190325,000000,1480.00,1607.72,1447.64,1596.53,5091278,0
MSFT.US,D,20190325,000000,1588.29,1660.30,1583.89,1637.44,8174076,0
MSFT.US,D,20190326,000000,1648.44,1659.91,1637.87,1645.77,3859026,0
MSFT.US,D,20190327,000000,1667.02,1731.18,1662.71,1724.46,6663068,0
MSFT.US,D,20190328,000000,1748.76,1767.51,1747.75,1759.99,4393909,0
MSFT.US,D,20190329,000000,1750.71,1754.53,1448.96,1559.31,6578763,0
MSFT.US,D,20190401,000000,1568.79,1579.80,1460.53,1473.08,6292829,0
MSFT.US,D,20190401,000000,1437.68,1488.44,1397.64,1473.26,6862812,0
MSFT.US,D,20190401,000000,1488.34,1497.74,1421.61,1421.88,8178901,0
MSFT.US,D,20190402,000000,1431.00,1498.79,1427.67,1476.34,6134719,0
MSFT.US,D,20190403,000000,1443.73,1552.62,1415.74,1534.28,4557633,0
MSFT.US,D,20190404,000000,1526.21,1534.12,1500.36,1505.61,6001952,0
MSFT.US,D,20190405,000000,1501.17,1507.83,1492.94,1507.06,4719068,0
MSFT.US,D,20190408,000000,1490.00,1508.46,1395.42,1407.12,4936399,0
MSFT.US,D,20190408,000000,1411.95,1414.79,1337.64,1362.64,9141623,0
MSFT.US,D,20190408,000000,1347.17,1350.85,1249.91,1292.81,7372732,0
MSFT.US,D,20190409,000000,1307.87,1318.89,1268.58,1275.64,7768514,0
MSFT.US,D,20190410,000000,1307.33,1445.46,1272.55,1406.75,8726137,0
MSFT.US,D,20190411,000000,1434.21,1468.63,1397.46,1464.84,9688040,0
MSFT.US,D,20190412,000000,1419.78,1547.35,1413.21,1499.52,10066408,0
MSFT.US,D,20190415,000000,1494.08,1510.36,1418.49,1427.71,4673245,0
MSFT.US,D,20190415,000000,1435.12,1536.20,1427.34,1495.87,7255080,0
MSFT.US,D,20190415,000000,1463.76,1482.51,1437.89,1440.03,9867265,0
MSFT.US,D,20190416,000000,1443.01,1491.17,1439.96,1490.75,6800512,0
MSFT.US,D,20190417,000000,1530.06,1559.74,1311.73,1363.31,7953208,0
MSFT.US,D,20190418,000000,1383.29,1417.72,1236.68,1253.30,4374555,0
MSFT.US,D,20190419,000000,1267.89,1311.81,1263.86,1302.28,3605592,0
MSFT.US,D,20190422,000000,1294.14,1487.09,1214.29,1466.27,8440304,0
MSFT.US,D,20190422,000000,1441.10,1446.07,1422.01,1427.68,3742832,0
MSFT.US,D,20190422,000000,1406.64,1412.17,1366.70,1387.16,5268795,0
MSFT.US,D,20190423,000000,1401.59,1437.55,1263.20,1305.39,6964486,0
MSFT.US,D,20190424,000000,1316.23,1370.00,1295.81,1360.98,8035470,0
MSFT.US,D,20190425,000000,1350.58,1432.78,1323.86,1403.63,6618139,0
MSFT.US,D,20190426,000000,1436.01,1485.87,1422.62,1467.84,8616552,0
MSFT.US,D,20190429,000000,1488.03,1488.45,1471.94,1472.54,5257634,0
MSFT.US,D,20190429,000000,1469.13,1640.12,1437.51,1610.34,5566638,0
MSFT.US,D,20190429,000000,1605.80,1700.31,1597.02,1662.75,7899760,0
MSFT.US,D,20190430,000000,1657.32,1741.23,1639.01,1727.07,4353815,0
MSFT.US,D,20190501,000000,1696.59,1876.37,1686.05,1826.65,10132945,0
MSFT.US,D,20190502,000000,1809.85,1890.99,1783.15,1858.18,7890002,0
MSFT.US,D,20190503,000000,1882.00,1886.33,1878.54,1882.99,4647501,0
MSFT.US,D,20190506,000000,1871.39,1996.06,1865.95,1991.15,9609241,0
MSFT.US,D,20190506,000000,1987.62,1992.80,1959.33,1973.74,10182493,0
MSFT.US,D,20190506,000000,1976.91,2036.11,1962.97,2025.77,5030517,0
MSFT.US,D,20190507,000000,2090.17,2133.84,2089.99,2104.50,8322402,0
MSFT.US,D,20190508,000000,2101.90,2107.38,2077.43,2080.18,4456400,0
MSFT.US,D,20190509,000000,2073.92,2173.70,2045.45,2147.47,5183857,0
MSFT.US,D,20190510,000000,2152.30,2183.63,1802.24,1930.23,5211893,0
MSFT.US,D,20190513,000000,1998.09,2037.14,1855.47,1882.42,6515213,0
MSFT.US,D,20190513,000000,1835.30,1891.60,1677.53,1692.79,5770810,0
MSFT.US,D,20190513,000000,1701.35,1708.29,1675.60,1691.33,5972283,0
MSFT.US,D,20190514,000000,1714.46,1721.82,1629.84,1665.00,3981109,0
MSFT.US,D,20190515,000000,1650.78,1665.43,1571.35,1606.48,8521106,0
MSFT.US,D,20190516,000000,1565.44,1569.03,1519.63,1538.22,5792018,0
MSFT.US,D,20190517,000000,1529.32,1602.46,1510.60,1601.06,3660495,0
MSFT.US,D,20190520,000000,1628.49,1705.35,1608.61,1691.50,9632898,0
MSFT.US,D,20190520,000000,1717.96,1791.03,1695.67,1752.03,8274300,0
MSFT.US,D,20190520,000000,1735.65,1779.04,1723.87,1771.09,7475736,0
MSFT.US,D,20190521,000000,1794.33,1876.76,1775.19,1860.13,6442376,0
MSFT.US,D,20190522,000000,1897.36,1913.88,1718.97,1750.29,6434487,0
MSFT.US,D,20190523,000000,1776.82,1832.05,1765.12,1812.06,10498032,0
MSFT.US,D,20190524,000000,1797.69,1798.92,1780.68,1788.19,9855503,0
MSFT.US,D,20190527,000000,1776.97,1802.38,1699.11,1710.29,3968660,0
MSFT.US,D,20190527,000000,1710.40,1818.04,1707.03,1810.98,8430445,0
MSFT.US,D,20190527,000000,1802.25,1823.21,1692.94,1717.74,6010405,0
MSFT.US,D,20190528,000000,1730.31,1779.60,1424.36,1542.14,3977997,0
MSFT.US,D,20190529,000000,1517.36,1655.60,1507.35,1639.16,9371122,0
MSFT.US,D,20190530,000000,1658.47,1678.94,1655.62,1673.21,4313475,0
MSFT.US,D,20190531,000000,1702.18,1906.94,1668.83,1855.09,8879563,0
MSFT.US,D,20190603,000000,1887.59,1889.35,1817.81,1836.50,9167544,0
MSFT.US,D,20190603,000000,1829.79,1856.80,1536.10,1651.60,4929710,0
MSFT.US,D,20190603,000000,1648.57,1695.96,1643.81,1667.97,5530599,0
MSFT.US,D,20190604,000000,1639.25,1762.43,1588.42,1751.13,5989618,0
MSFT.US,D,20190605,000000,1731.19,1799.18,1721.32,1771.27,6247382,0
MSFT.US,D,20190606,000000,1760.88,1762.41,1703.10,1713.30,6924643,0
MSFT.US,D,20190607,000000,1726.99,1727.72,1693.62,1703.53,3939409,0
MSFT.US,D,20190610,000000,1703.78,1789.16,1689.07,1764.51,9509596,0
MSFT.US,D,20190610,000000,1784.79,1927.25,1778.16,1906.86,6812277,0
MSFT.US,D,20190610,000000,1892.87,1902.21,1871.22,1886.61,5112677,0
MSFT.US,D,20190611,000000,1900.48,2031.62,1890.43,2004.49,7735849,0
MSFT.US,D,20190612,000000,2015.05,2016.07,2006.64,2008.15,10333004,0
MSFT.US,D,20190613,000000,2050.23,2094.29,1833.50,1923.71,7217562,0
MSFT.US,D,20190614,000000,1925.38,1941.71,1918.93,1932.70,5675985,0
MSFT.US,D,20190617,000000,1953.85,2030.09,1736.36,1739.14,10194468,0
MSFT.US,D,20190617,000000,1754.76,1756.81,1738.37,1743.52,7684046,0
MSFT.US,D,20190617,000000,1731.12,1842.94,1729.48,1822.35,5872651,0
MSFT.US,D,20190618,000000,1799.67,1806.39,1729.46,1739.21,3804197,0
MSFT.US,D,20190619,000000,1704.57,1859.45,1699.65,1842.46,8590519,0
MSFT.US,D,20190620,000000,1842.90,1872.40,1772.54,1786.11,5685049,0
MSFT.US,D,20190621,000000,1752.33,1776.78,1685.75,1693.65,8729976,0
MSFT.US,D,20190624,000000,1713.39,1721.61,1685.54,1692.25,8500825,0
MSFT.US,D,20190624,000000,1687.91,1690.43,1655.66,1656.47,7534334,0
MSFT.US,D,20190624,000000,1615.85,1631.72,1555.14,1566.81,8264920,0
MSFT.US,D,20190625,000000,1562.29,1568.99,1459.12,1482.60,7823500,0
MSFT.US,D,20190626,000000,1520.38,1574.13,1393.92,1421.07,9716885,0
MSFT.US,D,20190627,000000,1442.23,1485.45,1439.57,1474.24,7279570,0
MSFT.US,D,20190628,000000,1506.23,1521.78,1423.39,1444.86,5320670,0
MSFT.US,D,20190701,000000,1451.04,1659.51,1432.18,1570.27,4385874,0
MSFT.US,D,20190701,000000,1608.09,1610.13,1577.30,1583.27,5513362,0
MSFT.US,D,20190701,000000,1621.43,1634.04,1616.32,1631.84,9005525,0
MSFT.US,D,20190702,000000,1628.60,1750.95,1600.84,1727.65,6816807,0
MSFT.US,D,20190703,000000,1742.39,1790.48,1640.65,1667.08,4584902,0
MSFT.US,D,20190704,000000,1672.00,1673.01,1640.67,1650.97,7713241,0
MSFT.US,D,20190705,000000,1666.69,1747.59,1658.26,1731.05,5205267,0
MSFT.US,D,20190708,000000,1746.50,1750.51,1640.06,1665.77,5365327,0
MSFT.US,D,20190708,000000,1644.24,1767.91,1616.69,1752.78,3515592,0
MSFT.US,D,20190708,000000,1719.85,1783.55,1710.86,1762.86,5829166,0
MSFT.US,D,20190709,000000,1778.54,1830.00,1652.91,1679.73,9167872,0
MSFT.US,D,20190710,000000,1666.72,1712.88,1546.99,1560.73,7161257,0
MSFT.US,D,20190711,000000,1554.55,1566.27,1485.63,1488.65,5123808,0
MSFT.US,D,20190712,000000,1484.11,1542.64,1364.35,1376.10,9493324,0
MSFT.US,D,20190715,000000,1378.20,1385.46,1205.82,1285.21,3597920,0
MSFT.US,D,20190715,000000,1257.77,1353.60,1224.18,1311.92,3573925,0
MSFT.US,D,20190715,000000,1335.84,1448.20,1120.65,1170.38,5293131,0
MSFT.US,D,20190716,000000,1149.95,1156.24,1144.64,1153.57,4123416,0
MSFT.US,D,20190717,000000,1176.05,1185.63,1166.58,1181.90,6279246,0
MSFT.US,D,20190718,000000,1172.48,1182.54,1150.76,1165.61,6731963,0
MSFT.US,D,20190719,000000,1143.46,1159.59,1103.91,1119.63,10161717,0
MSFT.US,D,20190722,000000,1083.23,1087.68,1028.06,1028.59,8786654,0
MSFT.US,D,20190722,000000,1055.77,1061.76,1026.61,1052.77,5456731,0
MSFT.US,D,20190722,000000,1069.37,1084.49,1059.47,1065.38,9187022,0
MSFT.US,D,20190723,000000,1107.30,1118.76,995.16,1029.59,6027563,0
MSFT.US,D,20190724,000000,1006.64,1019.01,996.12,1006.44,4853240,0
MSFT.US,D,20190725,000000,1002.23,1022.27,999.49,1020.53,8877265,0
MSFT.US,D,20190726,000000,1035.76,1045.50,1033.64,1042.99,8136435,0
MSFT.US,D,20190729,000000,1016.78,1112.72,1015.81,1108.19,10465048,0
MSFT.US,D,20190729,000000,1077.76,1147.43,936.47,943.14,9716214,0
MSFT.US,D,20190729,000000,997.76,1064.78,954.23,1055.78,10461889,0
MSFT.US,D,20190730,000000,1055.87,1091.40,1045.71,1087.17,7319128,0
MSFT.US,D,20190731,000000,1113.81,1157.59,976.43,1017.83,5822458,0
MSFT.US,D,20190801,000000,1000.81,1014.69,914.65,932.74,10476727,0
MSFT.US,D,20190802,000000,929.76,940.20,783.93,844.21,3882084,0
MSFT.US,D,20190805,000000,840.15,887.61,838.67,879.82,4121913,0
MSFT.US,D,20190805,000000,856.33,1122.86,854.43,1043.42,7621361,0
MSFT.US,D,20190805,000000,1058.96,1103.02,1050.17,1081.66,4241526,0
MSFT.US,D,20190806,000000,1099.57,1141.99,1094.14,1139.27,6817857,0
MSFT.US,D,20190807,000000,1125.74,1323.29,1117.65,1282.39,9198485,0
MSFT.US,D,20190808,000000,1282.45,1432.58,1277.68,1396.97,6593134,0
MSFT.US,D,20190809,000000,1420.56,1480.18,1418.74,1456.29,6311411,0
MSFT.US,D,20190812,000000,1479.03,1550.72,1263.36,1299.27,7183172,0
MSFT.US,D,20190812,000000,1268.13,1337.86,1239.55,1302.29,6630055,0
MSFT.US,D,20190812,000000,1311.44,1343.87,1309.06,1334.70,6533867,0
MSFT.US,D,20190813,000000,1342.10,1357.84,1337.18,1343.61,10095791,0
MSFT.US,D,20190814,000000,1330.91,1354.79,1193.76,1242.46,7435934,0
MSFT.US,D,20190815,000000,1248.18,1278.86,1229.14,1272.69,5551404,0
MSFT.US,D,20190816,000000,1237.74,1540.20,1086.20,1463.55,4843630,0
MSFT.US,D,20190819,000000,1494.86,1502.21,1362.74,1364.83,6867214,0
MSFT.US,D,20190819,000000,1380.05,1390.56,1305.65,1314.65,5125959,0
MSFT.US,D,20190819,000000,1326.53,1344.77,1326.17,1338.16,6321478,0
MSFT.US,D,20190820,000000,1362.22,1369.76,1336.96,1350.09,10465430,0
MSFT.US,D,20190821,000000,1340.03,1352.21,1298.78,1307.95,7317314,0
MSFT.US,D,20190822,000000,1320.25,1337.84,1319.93,1331.99,3937998,0
MSFT.US,D,20190823,000000,1327.25,1332.95,1326.18,1328.66,6867031,0
MSFT.US,D,20190826,000000,1341.26,1368.08,1263.05,1286.76,10156082,0
MSFT.US,D,20190826,000000,1288.12,1335.01,1281.89,1315.82,5715201,0
MSFT.US,D,20190826,000000,1335.22,1335.94,1268.33,1278.29,4131400,0
MSFT.US,D,20190827,000000,1279.10,1319.35,1278.34,1307.88,9462566,0
MSFT.US,D,20190828,000000,1311.75,1483.62,1293.98,1390.58,5174794,0
MSFT.US,D,20190829,000000,1378.89,1391.38,1328.64,1347.16,6017872,0
MSFT.US,D,20190830,000000,1352.24,1399.11,1341.09,1361.94,4709022,0
MSFT.US,D,20190902,000000,1387.89,1393.97,1351.57,1357.83,9672453,0
MSFT.US,D,20190902,000000,1337.83,1463.56,1315.55,1406.56,5416495,0
MSFT.US,D,20190902,000000,1380.02,1400.89,1372.48,1399.38,7850596,0
MSFT.US,D,20190903,000000,1404.04,1405.23,1259.59,1323.67,8417244,0
MSFT.US,D,20190904,000000,1310.03,1334.23,1144.23,1212.02,4414138,0
MSFT.US,D,20190905,000000,1210.45,1260.70,1045.62,1099.89,4842636,0
MSFT.US,D,20190906,000000,1129.90,1201.94,1105.37,1148.31,8651431,0
MSFT.US,D,20190909,000000,1129.84,1184.80,1127.55,1179.96,4488836,0
MSFT.US,D,20190909,000000,1181.34,1316.20,1167.14,1301.90,5891033,0
MSFT.US,D,20190909,000000,1323.66,1411.52,1090.00,1175.86,7813616,0
MSFT.US,D,20190910,000000,1160.11,1188.60,1153.31,1181.49,6709190,0
MSFT.US,D,20190911,000000,1212.14,1220.28,1200.10,1204.78,8561529,0
MSFT.US,D,20190912,000000,1218.45,1310.26,1205.29,1309.11,7719542,0
MSFT.US,D,20190913,000000,1295.04,1402.65,1261.01,1372.86,4830205,0
MSFT.US,D,20190916,000000,1383.10,1409.05,1355.57,1365.85,8064578,0
MSFT.US,D,20190916,000000,1362.03,1386.79,1361.00,1384.30,7849643,0
MSFT.US,D,20190916,000000,1390.38,1393.22,1388.46,1392.71,7980287,0
MSFT.US,D,20190917,000000,1407.07,1447.36,1277.46,1332.54,3866628,0
MSFT.US,D,20190918,000000,1339.48,1406.35,1317.75,1396.55,4269914,0
MSFT.US,D,20190919,000000,1448.14,1463.49,1443.54,1445.20,8669997,0
MSFT.US,D,20190920,000000,1471.66,1574.86,1458.23,1547.60,9994755,0
MSFT.US,D,20190923,000000,1508.23,1529.38,1458.39,1477.11,6737238,0
MSFT.US,D,20190923,000000,1436.46,1464.23,1246.32,1298.36,9823536,0
MSFT.US,D,20190923,000000,1294.10,1313.27,1224.56,1253.75,3801900,0
MSFT.US,D,20190924,000000,1258.35,1355.49,1252.31,1318.09,5926589,0
MSFT.US,D,20190925,000000,1336.10,1419.00,1328.89,1401.60,3719595,0
MSFT.US,D,20190926,000000,1454.30,1469.42,1326.08,1368.81,7324793,0
MSFT.US,D,20190927,000000,1353.81,1410.13,1352.93,1400.36,10201110,0
MSFT.US,D,20190930,000000,1418.10,1425.44,1353.55,1355.35,5406407,0
MSFT.US,D,20190930,000000,1403.56,1417.39,1399.20,1413.39,4205514,0
MSFT.US,D,20190930,000000,1408.57,1421.36,1349.60,1372.77,6133886,0
MSFT.US,D,20191001,000000,1384.67,1471.16,1360.54,1445.66,10177908,0
MSFT.US,D,20191002,000000,1460.84,1535.68,1454.48,1520.61,7019705,0
MSFT.US,D,20191003,000000,1523.03,1642.33,1519.23,1601.32,8262194,0
MSFT.US,D,20191004,000000,1581.89,1585.61,1396.12,1437.25,7342187,0
MSFT.US,D,20191007,000000,1444.77,1453.00,1377.14,1380.00,7140792,0
MSFT.US,D,20191007,000000,1424.71,1473.40,1420.92,1430.68,6425998,0
MSFT.US,D,20191007,000000,1383.49,1390.95,1348.98,1350.04,7778267,0
MSFT.US,D,20191008,000000,1336.24,1424.90,1318.34,1406.72,9861401,0
MSFT.US,D,20191009,000000,1411.52,1506.13,1406.41,1496.55,7241449,0
MSFT.US,D,20191010,000000,1522.56,1574.91,1348.89,1360.24,7067216,0
MSFT.US,D,20191011,000000,1378.92,1436.91,1279.65,1304.46,8037254,0
MSFT.US,D,20191014,000000,1289.23,1385.22,1283.03,1365.70,7247484,0
MSFT.US,D,20191014,000000,1344.87,1508.73,1324.52,1501.04,4118705,0
MSFT.US,D,20191014,000000,1499.25,1518.53,1274.83,1276.82,6446025,0
MSFT.US,D,20191015,000000,1254.04,1311.81,1247.87,1281.95,4690249,0
MSFT.US,D,20191016,000000,1304.05,1316.64,1262.56,1273.18,7499757,0
MSFT.US,D,20191017,000000,1260.82,1400.32,1258.59,1353.22,6533040,0
MSFT.US,D,20191018,000000,1385.24,1461.85,1383.23,1452.42,4747828,0
MSFT.US,D,20191021,000000,1472.95,1619.42,1435.35,1536.35,6556676,0
MSFT.US,D,20191021,000000,1480.75,1829.17,1406.37,1659.21,8571909,0
MSFT.US,D,20191021,000000,1641.19,1879.43,1613.90,1797.76,4703918,0
MSFT.US,D,20191022,000000,1853.06,1897.86,1831.74,1897.40,7656944,0
MSFT.US,D,20191023,000000,1884.41,2005.38,1822.19,1987.96,8712648,0
MSFT.US,D,20191024,000000,1996.05,2308.96,1980.54,2198.48,8257889,0
MSFT.US,D,20191025,000000,2234.94,2238.15,2218.01,2226.61,9796748,0
MSFT.US,D,20191028,000000,2202.52,2366.74,2174.08,2358.30,10241364,0
MSFT.US,D,20191028,000000,2406.77,2409.41,2294.26,2318.05,10172865,0
MSFT.US,D,20191028,000000,2217.10,2226.50,2079.27,2142.58,6011370,0
MSFT.US,D,20191029,000000,2112.67,2120.59,1949.45,1965.25,5599061,0
MSFT.US,D,20191030,000000,2016.31,2020.17,1809.15,1820.50,9424600,0
MSFT.US,D,20191031,000000,1888.04,1893.21,1808.46,1814.30,8111170,0
MSFT.US,D,20191101,000000,1799.82,1831.60,1793.83,1830.52,4514597,0
MSFT.US,D,20191104,000000,1795.49,1819.58,1779.26,1799.07,5461018,0
MSFT.US,D,20191104,000000,1808.50,1889.59,1803.09,1885.33,8701548,0
MSFT.US,D,20191104,000000,1935.38,2101.34,1860.81,2076.21,4422682,0
MSFT.US,D,20191105,000000,2135.67,2167.86,2056.28,2095.53,10081814,0
MSFT.US,D,20191106,000000,2136.49,2251.77,1854.48,1866.29,7266425,0
MSFT.US,D,20191107,000000,1902.98,1988.05,1886.14,1964.45,6144732,0
MSFT.US,D,20191108,000000,2010.13,2205.22,2002.47,2178.43,6879351,0
MSFT.US,D,20191111,000000,2077.28,2521.43,1986.18,2381.54,5369655,0
MSFT.US,D,20191111,000000,2285.06,2797.85,2221.52,2723.82,4655752,0
MSFT.US,D,20191111,000000,2767.71,2843.81,2754.44,2806.05,9628117,0
MSFT.US,D,20191112,000000,2827.05,3143.51,2784.87,2946.12,4597763,0
MSFT.US,D,20191113,000000,2987.02,3041.55,2371.84,2517.34,6295762,0
MSFT.US,D,20191114,000000,2390.33,2417.90,2378.31,2383.73,5558312,0
MSFT.US,D,20191115,000000,2316.99,2492.45,2232.97,2479.57,3757781,0
MSFT.US,D,20191118,000000,2548.40,2724.44,2532.81,2694.23,6565891,0
MSFT.US,D,20191118,000000,2640.25,2913.94,2483.79,2860.49,10095186,0
MSFT.US,D,20191118,000000,2827.42,3170.32,2772.27,3150.49,5730700,0
MSFT.US,D,20191119,000000,2973.17,2981.40,2844.76,2883.05,4519298,0
MSFT.US,D,20191120,000000,2917.35,2920.20,2684.56,2698.37,8280508,0
MSFT.US,D,20191121,000000,2602.58,3098.96,2452.68,3073.36,4879292,0
MSFT.US,D,20191122,000000,3138.04,3815.52,3085.26,3683.95,8588029,0
MSFT.US,D,20191125,000000,3842.11,3942.43,3505.65,3527.61,5468912,0
MSFT.US,D,20191125,000000,3484.06,3504.23,2653.19,2870.52,5446165,0
MSFT.US,D,20191125,000000,2907.29,3214.17,2818.13,3114.63,8005539,0
MSFT.US,D,20191126,000000,3175.15,3181.65,2965.84,3004.69,8632637,0
MSFT.US,D,20191127,000000,2965.16,3026.69,2852.10,2912.15,5501595,0
MSFT.US,D,20191128,000000,2901.37,2954.96,2722.68,2756.89,6046699,0
MSFT.US,D,20191129,000000,2726.39,2805.01,2577.09,2584.92,3929445,0
MSFT.US,D,20191202,000000,2564.03,2601.44,2431.97,2442.37,4944799,0
MSFT.US,D,20191202,000000,2492.99,2590.29,2198.56,2328.65,8701318,0
MSFT.US,D,20191202,000000,2339.86,2348.44,2288.51,2296.10,5564518,0
MSFT.US,D,20191203,000000,2292.27,2380.73,2008.35,2020.12,6939958,0
MSFT.US,D,20191204,000000,2040.09,2075.05,1760.19,1855.73,10110785,0
MSFT.US,D,20191205,000000,1840.71,1870.32,1675.67,1683.76,3667914,0
MSFT.US,D,20191206,000000,1669.17,1682.42,1647.78,1656.51,5717736,0
MSFT.US,D,20191209,000000,1658.26,1660.19,1648.00,1658.18,7238940,0
MSFT.US,D,20191209,000000,1699.14,1703.95,1630.29,1646.74,3887540,0
MSFT.US,D,20191209,000000,1712.22,1725.23,1449.60,1539.08,7126489,0
MSFT.US,D,20191210,000000,1544.65,1597.50,1406.52,1408.50,4513184,0
MSFT.US,D,20191211,000000,1370.70,1570.06,1335.27,1438.79,6880874,0
MSFT.US,D,20191212,000000,1416.00,1579.83,1360.39,1555.83,8829002,0
MSFT.US,D,20191213,000000,1546.54,1547.59,1337.79,1426.87,5406960,0
MSFT.US,D,20191216,000000,1376.14,1382.16,1304.24,1311.04,9574194,0
MSFT.US,D,20191216,000000,1327.66,1360.12,1164.37,1175.35,7225585,0
MSFT.US,D,20191216,000000,1211.36,1212.21,1061.99,1093.86,5883673,0
MSFT.US,D,20191217,000000,1087.97,1156.85,939.12,974.29,4220657,0
MSFT.US,D,20191218,000000,985.31,1034.03,920.21,922.95,8778480,0
MSFT.US,D,20191219,000000,933.79,939.09,758.94,800.58,9412149,0
MSFT.US,D,20191220,000000,777.55,784.70,760.54,764.56,7663016,0
MSFT.US,D,20191223,000000,779.83,813.61,647.93,670.41,9052893,0
MSFT.US,D,20191223,000000,667.48,738.90,663.16,710.75,9823493,0
MSFT.US,D,20191223,000000,688.99,758.53,667.60,720.14,9029634,0
MSFT.US,D,20191224,000000,709.78,735.02,708.49,729.47,5579525,0
MSFT.US,D,20191225,000000,720.37,747.07,703.37,733.94,6971466,0
MSFT.US,D,20191226,000000,736.43,772.63,732.13,759.65,10394285,0
MSFT.US,D,20191227,000000,767.81,791.91,687.55,696.78,5144984,0
MSFT.US,D,20191230,000000,698.20,755.35,678.54,731.01,7358076,0
MSFT.US,D,20191230,000000,750.99,778.64,747.68,774.29,8065245,0
MSFT.US,D,20191230,000000,741.00,749.55,678.77,682.37,7905998,0
MSFT.US,D,20191231,000000,667.37,671.79,638.87,654.54,5326797,0
MSFT.US,D,20200101,000000,665.42,683.45,654.37,672.27,5853009,0
MSFT.US,D,20200102,000000,686.89,697.52,624.39,654.41,7061076,0
MSFT.US,D,20200103,000000,641.76,645.80,621.09,626.28,7055187,0
MSFT.US,D,20200106,000000,626.43,626.77,604.79,621.67,7456763,0
MSFT.US,D,20200106,000000,631.59,653.17,622.81,646.61,4276359,0
MSFT.US,D,20200106,000000,678.20,695.84,675.22,686.26,7108457,0
MSFT.US,D,20200107,000000,669.58,739.68,650.31,736.00,3542229,0
MSFT.US,D,20200108,000000,697.71,707.37,628.16,639.47,7745772,0
MSFT.US,D,20200109,000000,640.40,669.71,637.77,663.15,9938630,0
MSFT.US,D,20200110,000000,676.23,677.21,633.98,644.58,5397915,0
MSFT.US,D,20200113,000000,642.88,653.61,631.60,643.42,10490756,0
MSFT.US,D,20200113,000000,635.55,667.80,619.17,666.45,9038295,0
MSFT.US,D,20200113,000000,658.56,668.93,657.91,668.84,8524371,0
MSFT.US,D,20200114,000000,639.32,646.78,565.67,588.89,5039395,0
MSFT.US,D,20200115,000000,584.64,632.92,570.08,631.60,7080744,0
MSFT.US,D,20200116,000000,627.57,650.76,626.97,642.97,6163750,0
MSFT.US,D,20200117,000000,657.11,711.53,656.93,694.52,9718359,0
MSFT.US,D,20200120,000000,714.66,718.65,694.13,702.46,10420800,0
MSFT.US,D,20200120,000000,696.24,792.24,691.66,764.12,8090773,0
MSFT.US,D,20200120,000000,755.22,819.44,742.72,806.08,9440247,0
MSFT.US,D,20200121,000000,817.35,831.26,815.01,818.51,5064509,0
MSFT.US,D,20200122,000000,801.10,805.58,786.76,790.12,6113343,0
MSFT.US,D,20200123,000000,816.85,882.89,811.63,879.74,8780678,0
MSFT.US,D,20200124,000000,878.90,945.30,744.39,759.69,10074352,0
MSFT.US,D,20200127,000000,744.44,746.33,689.88,717.84,7178796,0
MSFT.US,D,20200127,000000,686.75,704.14,678.53,696.59,8283406,0
MSFT.US,D,20200127,000000,685.88,697.19,634.20,634.73,4309590,0
MSFT.US,D,20200128,000000,630.23,635.17,587.35,590.36,10386196,0
MSFT.US,D,20200129,000000,588.22,621.16,579.95,613.03,6374419,0
MSFT.US,D,20200130,000000,604.11,647.73,593.85,647.60,4115045,0
MSFT.US,D,20200131,000000,647.92,651.88,647.06,648.94,7541260,0
MSFT.US,D,20200203,000000,652.78,667.12,584.41,593.93,10074096,0
MSFT.US,D,20200203,000000,618.30,639.80,613.57,636.38,4319104,0
MSFT.US,D,20200203,000000,644.45,644.46,631.79,636.14,8250909,0
MSFT.US,D,20200204,000000,628.17,628.94,623.11,625.10,8389957,0
MSFT.US,D,20200205,000000,614.76,618.95,614.75,617.16,5125419,0
MSFT.US,D,20200206,000000,612.43,652.20,606.79,639.74,6346129,0
MSFT.US,D,20200207,000000,664.05,668.18,628.53,628.55,9045941,0
MSFT.US,D,20200210,000000,620.68,690.20,610.04,682.60,9131008,0
MSFT.US,D,20200210,000000,696.50,699.27,695.84,696.83,7188608,0
MSFT.US,D,20200210,000000,678.87,791.59,668.39,731.04,3928612,0
MSFT.US,D,20200211,000000,725.16,764.51,631.95,648.15,3619798,0
MSFT.US,D,20200212,000000,664.87,667.48,631.72,637.96,6353842,0
MSFT.US,D,20200213,000000,642.07,647.55,581.54,607.24,10490974,0
MSFT.US,D,20200214,000000,590.45,599.48,588.59,595.96,10293515,0
MSFT.US,D,20200217,000000,609.70,641.75,607.29,632.82,5060048,0
MSFT.US,D,20200217,000000,640.42,645.93,598.37,604.83,8689144,0
MSFT.US,D,20200217,000000,621.53,622.29,605.44,606.61,9646849,0
MSFT.US,D,20200218,000000,598.54,599.52,579.34,581.14,4615862,0
MSFT.US,D,20200219,000000,606.99,607.16,503.83,541.68,7825811,0
MSFT.US,D,20200220,000000,546.54,547.81,541.88,544.97,4249905,0
MSFT.US,D,20200221,000000,546.01,595.01,534.05,582.96,7069477,0
MSFT.US,D,20200224,000000,573.68,714.98,556.03,685.68,5362419,0
MSFT.US,D,20200224,000000,663.22,664.01,654.09,659.91,5172899,0
MSFT.US,D,20200224,000000,663.80,665.05,646.98,653.20,6769325,0
MSFT.US,D,20200225,000000,668.54,668.83,663.46,667.68,4803772,0
MSFT.US,D,20200226,000000,654.87,724.91,652.35,704.02,5126518,0
MSFT.US,D,20200227,000000,699.83,709.65,667.00,670.07,8450400,0
MSFT.US,D,20200228,000000,696.27,701.06,643.79,658.50,4847591,0
MSFT.US,D,20200302,000000,677.49,683.19,672.97,675.97,6519054,0
MSFT.US,D,20200302,000000,669.29,692.47,662.44,688.84,7150619,0
MSFT.US,D,20200302,000000,700.54,706.24,670.51,673.50,5015784,0
MSFT.US,D,20200303,000000,675.02,693.94,674.66,688.59,10168047,0
MSFT.US,D,20200304,000000,677.84,691.47,646.54,647.76,7459759,0
MSFT.US,D,20200305,000000,634.69,664.56,632.26,655.42,9576402,0
MSFT.US,D,20200306,000000,639.17,687.29,593.22,662.96,9396430,0
MSFT.US,D,20200309,000000,660.53,698.64,647.06,690.84,9653839,0
MSFT.US,D,20200309,000000,692.73,701.69,658.00,675.54,4523832,0
MSFT.US,D,20200309,000000,665.66,832.84,623.21,762.78,5772493,0
MSFT.US,D,20200310,000000,767.92,774.94,753.26,765.94,9955166,0
MSFT.US,D,20200311,000000,772.81,781.40,757.82,771.71,4048798,0
MSFT.US,D,20200312,000000,783.89,805.74,783.44,796.86,9051346,0
MSFT.US,D,20200313,000000,795.89,901.27,780.99,879.44,10066884,0
MSFT.US,D,20200316,000000,871.23,980.46,858.59,972.15,10462350,0
MSFT.US,D,20200316,000000,960.95,1139.68,912.91,1081.88,9114703,0
MSFT.US,D,20200316,000000,1117.46,1131.49,965.54,1015.77,8480389,0
MSFT.US,D,20200317,000000,1015.23,1145.16,996.22,1110.47,6307977,0
MSFT.US,D,20200318,000000,1100.55,1169.36,817.17,940.11,6541741,0
MSFT.US,D,20200319,000000,942.18,1020.39,918.16,996.29,8775015,0
MSFT.US,D,20200320,000000,1009.91,1013.01,661.58,820.57,3828740,0
MSFT.US,D,20200323,000000,800.24,812.66,775.40,792.89,4834461,0
MSFT.US,D,20200323,000000,785.84,789.92,773.34,778.17,3819134,0
MSFT.US,D,20200323,000000,777.74,789.88,688.88,707.83,9109794,0
MSFT.US,D,20200324,000000,700.95,707.01,697.13,704.13,10257399,0
MSFT.US,D,20200325,000000,728.29,736.72,681.44,692.52,4094956,0
MSFT.US,D,20200326,000000,661.32,681.22,659.03,679.54,4851457,0
MSFT.US,D,20200327,000000,671.17,679.06,630.73,644.28,7912768,0
MSFT.US,D,20200330,000000,653.97,705.67,640.78,705.54,6394916,0
MSFT.US,D,20200330,000000,707.01,713.02,583.64,633.89,8051172,0
MSFT.US,D,20200330,000000,666.01,682.76,664.53,677.10,5404858,0
MSFT.US,D,20200331,000000,670.08,716.08,658.76,705.58,3611476,0
MSFT.US,D,20200401,000000,696.93,730.13,630.66,639.24,4673193,0
MSFT.US,D,20200402,000000,628.98,630.55,604.06,606.66,9294411,0
MSFT.US,D,20200403,000000,592.90,606.00,590.90,598.19,7693314,0
MSFT.US,D,20200406,000000,594.31,596.90,593.76,595.12,8147079,0
MSFT.US,D,20200406,000000,598.64,620.97,595.91,616.67,10232395,0
MSFT.US,D,20200406,000000,613.01,617.90,605.55,614.23,10446856,0
MSFT.US,D,20200407,000000,612.45,621.47,557.91,572.77,4107499,0
MSFT.US,D,20200408,000000,568.14,617.25,560.51,596.78,9593224,0
MSFT.US,D,20200409,000000,581.17,602.29,575.43,595.09,3771874,0
MSFT.US,D,20200410,000000,609.70,609.71,600.04,605.86,9967585,0
MSFT.US,D,20200413,000000,594.26,622.11,587.59,614.91,8773131,0
MSFT.US,D,20200413,000000,608.57,616.35,582.65,593.43,7906507,0
MSFT.US,D,20200413,000000,616.72,626.60,615.80,622.72,4968609,0
MSFT.US,D,20200414,000000,636.54,643.92,603.56,603.87,9366992,0
MSFT.US,D,20200415,000000,606.85,680.09,596.97,671.41,6797165,0
MSFT.US,D,20200416,000000,672.82,686.58,637.94,639.15,7753081,0
MSFT.US,D,20200417,000000,636.90,655.97,603.06,623.35,3638412,0
MSFT.US,D,20200420,000000,610.42,671.02,603.69,647.65,7031892,0
MSFT.US,D,20200420,000000,636.69,709.13,631.24,693.99,8183939,0
MSFT.US,D,20200420,000000,678.98,679.18,655.55,667.09,5215371,0
MSFT.US,D,20200421,000000,651.18,652.77,546.86,588.20,8024261,0
MSFT.US,D,20200422,000000,595.24,599.50,559.63,566.41,8789827,0
MSFT.US,D,20200423,000000,547.46,639.45,538.24,603.89,9515336,0
MSFT.US,D,20200424,000000,627.51,641.24,626.53,634.03,8038701,0
MSFT.US,D,20200427,000000,629.29,647.99,562.64,568.53,10151546,0
MSFT.US,D,20200427,000000,566.74,647.85,557.92,645.58,4343255,0
MSFT.US,D,20200427,000000,661.43,677.05,576.78,586.23,6084656,0
MSFT.US,D,20200428,000000,584.88,655.22,574.37,635.31,10103998,0
MSFT.US,D,20200429,000000,644.95,647.56,572.64,586.20,5304984,0
MSFT.US,D,20200430,000000,574.39,579.10,554.25,567.97,9856680,0
MSFT.US,D,20200501,000000,575.03,590.34,573.94,584.24,6126176,0
MSFT.US,D,20200504,000000,562.48,611.40,555.64,607.78,6299006,0
MSFT.US,D,20200504,000000,622.23,629.54,566.72,570.12,8551416,0
MSFT.US,D,20200504,000000,568.44,576.37,531.68,548.59,4657609,0
MSFT.US,D,20200505,000000,552.07,553.83,464.23,480.00,9870182,0
MSFT.US,D,20200506,000000,486.75,529.50,396.52,399.03,7676189,0
MSFT.US,D,20200507,000000,401.90,474.73,390.76,450.56,4999165,0
MSFT.US,D,20200508,000000,460.30,484.09,451.82,483.32,4063047,0
MSFT.US,D,20200511,000000,493.95,503.88,478.44,479.42,8489001,0
MSFT.US,D,20200511,000000,482.41,486.10,442.55,449.52,6040322,0
MSFT.US,D,20200511,000000,446.67,465.26,441.59,458.80,7020470,0
MSFT.US,D,20200512,000000,461.03,476.42,455.47,471.09,9661281,0
MSFT.US,D,20200513,000000,475.35,484.27,473.70,478.85,9905742,0
MSFT.US,D,20200514,000000,483.03,511.96,414.70,417.84,3585558,0
MSFT.US,D,20200515,000000,413.86,442.55,409.49,421.82,9387851,0
MSFT.US,D,20200518,000000,416.61,453.52,404.28,444.87,5069155,0
MSFT.US,D,20200518,000000,465.79,476.50,405.30,410.40,7366400,0
MSFT.US,D,20200518,000000,420.88,432.00,391.84,393.74,8196035,0
MSFT.US,D,20200519,000000,398.48,437.88,391.87,422.09,7014308,0
MSFT.US,D,20200520,000000,415.76,468.87,410.33,461.38,3717464,0
MSFT.US,D,20200521,000000,432.01,432.08,431.09,431.51,5094454,0
MSFT.US,D,20200522,000000,438.29,442.82,416.88,420.39,9855697,0
MSFT.US,D,20200525,000000,411.65,412.96,370.52,379.85,5344026,0
MSFT.US,D,20200525,000000,376.97,409.65,304.26,311.55,8156954,0
MSFT.US,D,20200525,000000,315.22,322.61,265.36,277.73,3745463,0
MSFT.US,D,20200526,000000,289.18,292.86,273.68,274.75,4151522,0
MSFT.US,D,20200527,000000,274.00,278.31,269.97,270.46,5118010,0
MSFT.US,D,20200528,000000,268.99,286.54,268.87,285.31,7850585,0
MSFT.US,D,20200529,000000,288.17,288.98,271.96,281.15,8198038,0
MSFT.US,D,20200601,000000,278.49,279.82,276.78,276.88,3990471,0
MSFT.US,D,20200601,000000,276.72,294.67,274.68,291.16,7973456,0
MSFT.US,D,20200601,000000,287.82,314.43,287.19,311.24,8633681,0
MSFT.US,D,20200602,000000,314.43,318.29,284.87,289.80,9208172,0
MSFT.US,D,20200603,000000,293.41,305.75,257.61,263.43,7743463,0
MSFT.US,D,20200604,000000,263.34,270.90,259.34,270.61,6370800,0
MSFT.US,D,20200605,000000,264.70,273.69,262.73,272.07,8502971,0
MSFT.US,D,20200608,000000,264.47,265.31,242.47,253.29,5673740,0
MSFT.US,D,20200608,000000,256.85,257.09,248.70,252.08,6900219,0
MSFT.US,D,20200608,000000,251.70,252.19,249.97,250.46,4214471,0
MSFT.US,D,20200609,000000,253.43,264.07,250.31,264.02,10317481,0
MSFT.US,D,20200610,000000,261.26,263.02,248.42,251.87,6108973,0
MSFT.US,D,20200611,000000,249.01,255.34,246.86,255.00,4246986,0
MSFT.US,D,20200612,000000,250.17,254.61,229.35,243.80,10266595,0
MSFT.US,D,20200615,000000,244.62,290.40,241.56,277.39,8388727,0
MSFT.US,D,20200615,000000,280.21,299.04,274.67,291.90,6555015,0
MSFT.US,D,20200615,000000,293.62,314.50,279.06,311.03,4960767,0
MSFT.US,D,20200616,000000,326.35,331.15,289.78,292.69,8122227,0
MSFT.US,D,20200617,000000,282.44,295.00,280.78,294.71,5310675,0
MSFT.US,D,20200618,000000,304.13,307.37,297.83,301.01,8161581,0
MSFT.US,D,20200619,000000,311.93,338.60,308.45,324.17,8339505,0
MSFT.US,D,20200622,000000,323.51,374.20,323.19,357.53,7970866,0
MSFT.US,D,20200622,000000,363.12,391.45,362.84,388.52,8493151,0
MSFT.US,D,20200622,000000,382.74,391.19,380.70,390.69,6573837,0
MSFT.US,D,20200623,000000,393.09,397.86,390.98,397.25,3952087,0
MSFT.US,D,20200624,000000,387.78,400.49,382.72,398.86,8878620,0
MSFT.US,D,20200625,000000,404.78,420.96,342.24,386.60,8074057,0
MSFT.US,D,20200626,000000,368.81,407.12,354.54,397.92,5793924,0
MSFT.US,D,20200629,000000,403.32,406.99,403.14,405.86,8504928,0
MSFT.US,D,20200629,000000,395.73,401.88,388.11,400.64,6734364,0
MSFT.US,D,20200629,000000,410.23,428.43,352.35,357.46,7327078,0
MSFT.US,D,20200630,000000,350.20,409.75,338.77,382.86,4061374,0
MSFT.US,D,20200701,000000,382.55,385.08,326.76,350.61,9449505,0
MSFT.US,D,20200702,000000,339.43,340.95,317.34,319.67,5179145,0
MSFT.US,D,20200703,000000,313.36,319.05,312.11,319.05,5608267,0
MSFT.US,D,20200706,000000,318.02,342.23,316.90,337.13,5401390,0
MSFT.US,D,20200706,000000,328.71,335.34,303.56,306.28,8746443,0
MSFT.US,D,20200706,000000,290.85,323.03,286.35,316.42,8034433,0
MSFT.US,D,20200707,000000,322.68,324.15,315.62,316.06,4524875,0
MSFT.US,D,20200708,000000,316.84,326.32,301.97,320.72,8343223,0
MSFT.US,D,20200709,000000,311.28,317.82,308.11,313.65,7857170,0
MSFT.US,D,20200710,000000,317.07,326.82,291.05,296.82,4549108,0
MSFT.US,D,20200713,000000,284.72,339.78,279.65,327.56,7238710,0
MSFT.US,D,20200713,000000,323.67,339.26,320.85,336.52,8921465,0
MSFT.US,D,20200713,000000,338.33,360.06,336.26,356.52,9469141,0
MSFT.US,D,20200714,000000,351.62,361.66,349.55,360.08,7588813,0
MSFT.US,D,20200715,000000,359.94,405.67,354.57,396.52,7052548,0
MSFT.US,D,20200716,000000,404.22,441.29,395.58,427.88,8663655,0
MSFT.US,D,20200717,000000,423.32,479.97,420.44,474.64,8920765,0
MSFT.US,D,20200720,000000,478.68,496.73,375.95,416.65,6535779,0
MSFT.US,D,20200720,000000,420.76,431.14,417.97,426.95,7793700,0
MSFT.US,D,20200720,000000,409.14,432.25,408.74,429.91,6114786,0
MSFT.US,D,20200721,000000,426.27,462.51,425.80,449.84,8272091,0
MSFT.US,D,20200722,000000,455.29,467.85,450.95,467.08,7217817,0
MSFT.US,D,20200723,000000,469.75,471.42,441.91,454.50,4776410,0
MSFT.US,D,20200724,000000,448.60,472.42,442.97,470.55,3900652,0
MSFT.US,D,20200727,000000,486.57,502.56,423.57,435.39,7416794,0
MSFT.US,D,20200727,000000,439.49,451.82,357.68,390.84,9315136,0
MSFT.US,D,20200727,000000,386.55,431.62,379.23,421.10,9536921,0
MSFT.US,D,20200728,000000,430.02,442.20,424.45,440.50,4909903,0
MSFT.US,D,20200729,000000,441.74,448.31,440.04,442.82,6634820,0
MSFT.US,D,20200730,000000,434.04,440.23,427.22,437.97,9581053,0
MSFT.US,D,20200731,000000,436.81,496.51,427.67,480.96,3655363,0
MSFT.US,D,20200803,000000,474.53,475.01,473.47,473.53,4109056,0
MSFT.US,D,20200803,000000,472.47,503.37,388.10,399.15,7622360,0
MSFT.US,D,20200803,000000,387.11,387.89,355.06,359.47,8546103,0
MSFT.US,D,20200804,000000,355.39,360.59,337.04,344.10,7908459,0
MSFT.US,D,20200805,000000,340.69,356.10,336.91,352.47,6748131,0
MSFT.US,D,20200806,000000,344.96,379.73,334.11,369.90,10320697,0
MSFT.US,D,20200807,000000,366.01,367.46,354.92,355.65,6413759,0
MSFT.US,D,20200810,000000,361.70,373.83,333.79,334.95,4383767,0
MSFT.US,D,20200810,000000,322.52,354.38,315.09,347.78,9184510,0
MSFT.US,D,20200810,000000,350.29,350.93,345.84,347.72,4931731,0
MSFT.US,D,20200811,000000,338.42,365.20,335.52,359.27,4810792,0
MSFT.US,D,20200812,000000,358.05,360.73,334.93,341.08,3918796,0
MSFT.US,D,20200813,000000,341.34,378.57,321.39,376.60,6272667,0
MSFT.US,D,20200814,000000,366.08,371.74,363.48,370.53,4148773,0
MSFT.US,D,20200817,000000,372.29,384.40,369.15,381.26,9727663,0
MSFT.US,D,20200817,000000,372.08,372.72,364.03,367.06,9173576,0
MSFT.US,D,20200817,000000,354.47,457.23,328.28,424.53,6185192,0
MSFT.US,D,20200818,000000,414.74,423.90,411.56,423.55,9669740,0
MSFT.US,D,20200819,000000,417.20,420.98,385.21,387.49,4880003,0
MSFT.US,D,20200820,000000,372.31,376.14,351.29,357.69,5419204,0
MSFT.US,D,20200821,000000,351.40,357.53,328.15,329.14,7599830,0
MSFT.US,D,20200824,000000,334.45,338.64,326.96,327.90,8333171,0
MSFT.US,D,20200824,000000,331.55,344.35,253.50,267.04,4782520,0
MSFT.US,D,20200824,000000,265.46,275.02,225.42,232.11,9661133,0
MSFT.US,D,20200825,000000,240.84,243.20,240.40,242.74,8067619,0
MSFT.US,D,20200826,000000,234.26,242.82,233.61,240.98,7135448,0
MSFT.US,D,20200827,000000,242.28,243.79,232.52,233.09,5407026,0
MSFT.US,D,20200828,000000,231.17,253.80,229.79,243.79,9293333,0
MSFT.US,D,20200831,000000,235.39,235.74,234.90,235.64,10483622,0
MSFT.US,D,20200831,000000,232.59,280.36,222.46,263.02,7107815,0
MSFT.US,D,20200831,000000,259.66,276.80,243.65,267.11,8075766,0
MSFT.US,D,20200901,000000,269.75,270.04,208.02,221.27,7012566,0
MSFT.US,D,20200902,000000,220.39,221.43,217.02,217.98,6930613,0
MSFT.US,D,20200903,000000,223.39,237.62,220.47,228.05,9020146,0
MSFT.US,D,20200904,000000,227.92,255.01,221.36,243.98,4123414,0
MSFT.US,D,20200907,000000,242.78,249.14,241.63,247.54,9163730,0
MSFT.US,D,20200907,000000,238.37,238.87,236.01,236.71,4113841,0
MSFT.US,D,20200907,000000,232.87,233.15,227.97,228.46,9440418,0
MSFT.US,D,20200908,000000,226.13,262.36,214.77,251.13,9638256,0
MSFT.US,D,20200909,000000,257.17,289.61,249.15,280.56,9420378,0
MSFT.US,D,20200910,000000,278.81,279.22,272.46,272.63,6073885,0
MSFT.US,D,20200911,000000,267.96,296.11,266.81,293.38,6484606,0
MSFT.US,D,20200914,000000,289.75,297.50,285.29,297.06,6374780,0
MSFT.US,D,20200914,000000,295.70,301.93,295.33,296.88,6639298,0
MSFT.US,D,20200914,000000,291.13,300.77,289.94,300.39,6389620,0
MSFT.US,D,20200915,000000,303.55,307.71,302.18,305.85,7596455,0
MSFT.US,D,20200916,000000,311.67,318.92,302.13,302.93,9785150,0
MSFT.US,D,20200917,000000,299.80,369.89,289.30,360.01,6502267,0
MSFT.US,D,20200918,000000,357.34,394.47,347.47,383.07,8836804,0
MSFT.US,D,20200921,000000,381.89,412.88,379.12,399.65,5413087,0
MSFT.US,D,20200921,000000,394.56,442.66,378.89,436.17,8410403,0
MSFT.US,D,20200921,000000,437.00,492.43,434.93,480.43,8894452,0
MSFT.US,D,20200922,000000,469.72,472.73,442.46,449.17,7549108,0
MSFT.US,D,20200923,000000,441.23,447.24,429.25,435.40,8445774,0
MSFT.US,D,20200924,000000,441.69,442.45,434.23,435.52,9007399,0
MSFT.US,D,20200925,000000,433.35,435.76,433.00,435.34,10436946,0
MSFT.US,D,20200928,000000,455.48,484.38,443.73,464.65,8655515,0
MSFT.US,D,20200928,000000,458.65,482.23,456.30,479.25,9628583,0
MSFT.US,D,20200928,000000,474.69,490.33,470.29,484.40,9376131,0
MSFT.US,D,20200929,000000,490.69,504.82,487.44,500.62,10305799,0
MSFT.US,D,20200930,000000,493.90,496.56,481.49,487.20,8671993,0
MSFT.US,D,20201001,000000,483.63,518.87,465.33,514.97,4853783,0
MSFT.US,D,20201002,000000,521.78,522.99,477.98,489.27,4865434,0
MSFT.US,D,20201005,000000,479.46,485.51,476.21,484.92,9042148,0
MSFT.US,D,20201005,000000,493.89,510.74,392.77,424.49,6469360,0
MSFT.US,D,20201005,000000,423.90,428.72,416.57,420.72,3732764,0
MSFT.US,D,20201006,000000,427.33,428.56,398.03,403.68,5431734,0
MSFT.US,D,20201007,000000,399.35,400.85,395.88,396.35,6108559,0
MSFT.US,D,20201008,000000,396.01,396.68,357.54,370.90,5916137,0
MSFT.US,D,20201009,000000,355.33,355.44,343.65,348.14,6099499,0
MSFT.US,D,20201012,000000,334.98,335.46,312.22,313.83,4103977,0
MSFT.US,D,20201012,000000,305.64,346.20,296.73,339.85,6725231,0
MSFT.US,D,20201012,000000,332.32,412.72,331.68,404.96,8611757,0
MSFT.US,D,20201013,000000,410.97,454.99,403.27,451.43,8986258,0
MSFT.US,D,20201014,000000,464.39,471.83,390.51,403.68,4301720,0
MSFT.US,D,20201015,000000,407.09,417.89,405.01,414.01,6395688,0
MSFT.US,D,20201016,000000,426.96,429.38,375.42,386.68,6827482,0
MSFT.US,D,20201019,000000,384.54,412.21,370.87,408.46,4551551,0
MSFT.US,D,20201019,000000,418.11,437.18,337.68,350.03,8451078,0
MSFT.US,D,20201019,000000,350.08,354.92,348.99,353.45,9202775,0
MSFT.US,D,20201020,000000,357.95,365.49,340.77,345.47,9820820,0
MSFT.US,D,20201021,000000,341.33,434.19,335.52,399.71,3556573,0
MSFT.US,D,20201022,000000,406.10,408.26,380.75,387.51,4039782,0
MSFT.US,D,20201023,000000,382.93,387.87,350.07,365.78,4829831,0
MSFT.US,D,20201026,000000,368.51,435.00,347.09,410.46,6378743,0
MSFT.US,D,20201026,000000,403.03,438.21,385.79,431.40,9093491,0
MSFT.US,D,20201026,000000,423.50,437.06,422.25,434.10,4824019,0
MSFT.US,D,20201027,000000,431.86,432.13,418.91,424.93,5178936,0
MSFT.US,D,20201028,000000,440.62,442.48,434.91,436.97,5088276,0
MSFT.US,D,20201029,000000,446.88,457.83,445.37,452.67,4876158,0
MSFT.US,D,20201030,000000,449.06,453.22,423.36,429.98,6163640,0
MSFT.US,D,20201102,000000,431.21,434.69,419.24,423.84,6081115,0
MSFT.US,D,20201102,000000,440.16,446.04,417.45,419.62,9260675,0
MSFT.US,D,20201102,000000,414.71,416.44,396.29,403.47,3720944,0
MSFT.US,D,20201103,000000,403.80,460.40,395.94,441.83,6922352,0
MSFT.US,D,20201104,000000,438.60,444.22,437.14,439.94,6173113,0
MSFT.US,D,20201105,000000,419.47,465.70,418.63,457.48,5008309,0
MSFT.US,D,20201106,000000,442.97,554.45,419.97,521.69,8788817,0
MSFT.US,D,20201109,000000,528.00,553.40,449.18,456.21,4252266,0
MSFT.US,D,20201109,000000,453.32,454.11,436.96,439.10,4700761,0
MSFT.US,D,20201109,000000,422.78,502.11,412.74,490.33,4633558,0
MSFT.US,D,20201110,000000,498.50,506.44,485.83,493.06,3831211,0
MSFT.US,D,20201111,000000,489.83,514.40,476.80,500.62,6055547,0
MSFT.US,D,20201112,000000,499.18,511.45,496.97,503.63,8592764,0
MSFT.US,D,20201113,000000,505.80,525.68,458.31,462.11,3637623,0
MSFT.US,D,20201116,000000,487.60,493.31,427.42,442.43,7444921,0
MSFT.US,D,20201116,000000,429.84,497.64,424.18,480.00,8698519,0
MSFT.US,D,20201116,000000,482.75,524.01,477.42,511.75,10281894,0
