<TICKER>,<PER>,<DATE>,<TIME>,<OPEN>,<HIGH>,<LOW>,<CLOSE>,<VOL>,<OPENINT>
MU.US,D,20180102,000000,85.12,85.33,85.11,85.31,10861136,0
MU.US,D,20180103,000000,84.74,86.53,84.39,85.68,5045001,0
MU.US,D,20180104,000000,85.96,86.01,84.01,84.22,8505558,0
MU.US,D,20180105,000000,84.47,84.50,84.01,84.17,4527777,0
MU.US,D,20180108,000000,84.14,86.41,82.84,86.18,8632776,0
MU.US,D,20180108,000000,86.34,86.58,85.62,85.85,4769404,0
MU.US,D,20180108,000000,86.76,86.88,85.84,86.31,7113696,0
MU.US,D,20180109,000000,86.03,86.28,83.93,84.56,7683528,0
MU.US,D,20180110,000000,84.66,86.03,84.29,86.02,4891762,0
MU.US,D,20180111,000000,86.58,88.28,83.89,84.02,7412294,0
MU.US,D,20180112,000000,83.28,85.05,82.29,84.37,5487415,0
MU.US,D,20180115,000000,84.95,85.22,77.92,81.25,7934261,0
MU.US,D,20180115,000000,81.26,81.37,76.31,78.28,4681102,0
MU.US,D,20180115,000000,78.26,81.40,77.15,80.11,6766521,0
MU.US,D,20180116,000000,80.55,81.55,76.47,77.17,10557780,0
MU.US,D,20180117,000000,76.93,79.24,76.87,78.44,11687298,0
MU.US,D,20180118,000000,79.41,80.23,76.34,77.01,10669905,0
MU.US,D,20180119,000000,76.43,76.57,73.93,74.73,6991998,0
MU.US,D,20180122,000000,75.00,75.69,73.30,73.65,7183228,0
MU.US,D,20180122,000000,73.36,73.95,72.38,72.56,8192270,0
MU.US,D,20180122,000000,71.34,78.05,69.46,76.50,6707826,0
MU.US,D,20180123,000000,76.29,76.84,75.95,76.62,6056902,0
MU.US,D,20180124,000000,76.14,76.22,72.86,74.05,8335481,0
MU.US,D,20180125,000000,72.91,73.65,72.91,73.29,10707839,0
MU.US,D,20180126,000000,72.86,73.05,71.53,71.71,8662626,0
MU.US,D,20180129,000000,72.61,73.70,72.10,73.45,6116340,0
MU.US,D,20180129,000000,73.30,73.38,71.57,72.23,10881259,0
MU.US,D,20180129,000000,72.39,78.89,72.29,77.79,11322045,0
MU.US,D,20180130,000000,76.84,81.23,76.79,79.88,10093629,0
MU.US,D,20180131,000000,79.66,83.04,79.43,82.79,10591067,0
MU.US,D,20180201,000000,82.06,83.92,81.91,82.96,7067994,0
MU.US,D,20180202,000000,82.68,83.20,79.83,80.16,9852660,0
MU.US,D,20180205,000000,79.55,83.46,78.26,83.35,4328177,0
MU.US,D,20180205,000000,82.92,94.20,81.61,92.25,11545306,0
MU.US,D,20180205,000000,91.77,95.12,91.62,95.03,7680117,0
MU.US,D,20180206,000000,95.20,100.46,94.95,100.00,11401257,0
MU.US,D,20180207,000000,101.05,101.62,99.47,101.34,8925603,0
MU.US,D,20180208,000000,100.28,108.37,99.58,106.24,11069664,0
MU.US,D,20180209,000000,105.04,108.34,104.43,108.24,8084768,0
MU.US,D,20180212,000000,110.37,111.83,99.11,102.79,4644004,0
MU.US,D,20180212,000000,103.21,103.29,101.01,101.50,7982669,0
MU.US,D,20180212,000000,101.84,101.87,99.58,101.46,4568419,0
MU.US,D,20180213,000000,101.53,105.06,101.52,104.86,11770293,0
MU.US,D,20180214,000000,104.85,105.45,104.06,104.06,11080481,0
MU.US,D,20180215,000000,104.86,110.79,104.77,110.78,11088640,0
MU.US,D,20180216,000000,109.73,110.82,108.61,109.74,7999995,0
MU.US,D,20180219,000000,108.64,110.03,100.03,103.57,10405091,0
MU.US,D,20180219,000000,103.54,103.60,103.03,103.16,11699824,0
MU.US,D,20180219,000000,104.13,105.56,98.08,102.36,5866363,0
MU.US,D,20180220,000000,102.84,107.95,101.22,106.12,11710964,0
MU.US,D,20180221,000000,106.60,108.94,105.09,108.47,4795255,0
MU.US,D,20180222,000000,108.45,108.57,101.50,105.03,10501874,0
MU.US,D,20180223,000000,105.21,108.59,104.87,107.50,7521611,0
MU.US,D,20180226,000000,107.77,109.16,107.65,108.53,5142171,0
MU.US,D,20180226,000000,108.48,109.63,108.48,109.56,6971830,0
MU.US,D,20180226,000000,110.10,110.32,108.65,109.55,11284070,0
MU.US,D,20180227,000000,110.31,114.16,109.59,113.09,6297369,0
MU.US,D,20180228,000000,112.53,113.97,107.31,108.66,8823692,0
MU.US,D,20180301,000000,107.94,110.11,107.60,110.06,5940899,0
MU.US,D,20180302,000000,110.44,111.40,110.42,111.29,9488364,0
MU.US,D,20180305,000000,111.24,112.63,111.03,112.39,7102781,0
MU.US,D,20180305,000000,111.75,112.04,110.07,110.36,10794762,0
MU.US,D,20180305,000000,109.97,110.50,108.43,108.51,4180898,0
MU.US,D,20180306,000000,106.79,107.18,105.80,105.83,4593846,0
MU.US,D,20180307,000000,105.68,108.04,105.36,107.01,4066444,0
MU.US,D,20180308,000000,108.28,108.51,105.60,106.96,9582989,0
MU.US,D,20180309,000000,106.88,107.17,104.77,105.05,8691623,0
MU.US,D,20180312,000000,104.81,108.28,103.25,108.12,9983730,0
MU.US,D,20180312,000000,108.12,108.56,106.64,106.74,8264789,0
MU.US,D,20180312,000000,106.42,108.95,105.52,106.77,9358077,0
MU.US,D,20180313,000000,107.05,109.95,106.79,108.71,6712334,0
MU.US,D,20180314,000000,108.35,108.71,108.32,108.57,10820312,0
MU.US,D,20180315,000000,108.15,109.93,108.01,109.54,10827398,0
MU.US,D,20180316,000000,109.74,109.92,109.66,109.89,11248424,0
MU.US,D,20180319,000000,109.57,109.75,109.34,109.49,6382834,0
MU.US,D,20180319,000000,109.50,110.36,106.58,106.75,6334272,0
MU.US,D,20180319,000000,106.40,106.45,105.13,105.94,7357504,0
MU.US,D,20180320,000000,105.70,107.08,105.34,106.80,5944935,0
MU.US,D,20180321,000000,106.75,107.23,103.70,104.79,5873391,0
MU.US,D,20180322,000000,104.46,104.49,104.24,104.26,9538811,0
MU.US,D,20180323,000000,103.41,103.45,103.22,103.23,7015003,0
MU.US,D,20180326,000000,103.57,103.96,102.41,103.35,4214470,0
MU.US,D,20180326,000000,103.51,103.87,103.41,103.86,11209633,0
MU.US,D,20180326,000000,103.98,105.12,100.93,101.26,10413694,0
MU.US,D,20180327,000000,100.93,102.06,100.62,101.54,9110711,0
MU.US,D,20180328,000000,101.86,102.48,100.76,101.16,6492865,0
MU.US,D,20180329,000000,100.33,100.64,97.16,98.03,8495854,0
MU.US,D,20180330,000000,98.17,98.20,96.37,97.41,7011147,0
MU.US,D,20180402,000000,96.97,102.04,95.94,100.97,6999981,0
MU.US,D,20180402,000000,101.89,102.61,101.11,101.14,7074294,0
MU.US,D,20180402,000000,100.96,103.16,100.95,102.37,7999953,0
MU.US,D,20180403,000000,102.41,103.00,97.49,99.40,10061694,0
MU.US,D,20180404,000000,99.81,99.84,96.85,97.25,9658597,0
MU.US,D,20180405,000000,96.73,100.67,96.44,99.33,4370174,0
MU.US,D,20180406,000000,99.75,100.98,96.13,97.24,9853970,0
MU.US,D,20180409,000000,97.63,97.86,95.94,95.97,8355239,0
MU.US,D,20180409,000000,95.90,95.92,95.77,95.92,11864206,0
MU.US,D,20180409,000000,95.94,99.98,95.42,98.78,7521700,0
MU.US,D,20180410,000000,97.55,99.81,97.11,99.79,7311894,0
MU.US,D,20180411,000000,99.85,101.01,95.65,96.51,5489388,0
MU.US,D,20180412,000000,96.01,96.21,94.97,95.62,11208676,0
MU.US,D,20180413,000000,96.31,96.32,95.81,96.15,6189989,0
MU.US,D,20180416,000000,95.95,96.16,95.86,96.06,11244383,0
MU.US,D,20180416,000000,95.58,96.01,94.13,94.77,11212575,0
MU.US,D,20180416,000000,94.32,94.68,92.74,93.20,8393426,0
MU.US,D,20180417,000000,93.22,93.92,88.57,89.76,9806539,0
MU.US,D,20180418,000000,89.57,90.88,89.48,90.64,11654090,0
MU.US,D,20180419,000000,90.29,90.68,89.63,89.89,5644211,0
MU.US,D,20180420,000000,90.21,90.93,89.85,90.83,9420260,0
MU.US,D,20180423,000000,90.88,91.44,87.41,87.44,10387686,0
MU.US,D,20180423,000000,86.44,86.55,86.06,86.25,6680400,0
MU.US,D,20180423,000000,86.76,86.94,86.61,86.77,8754946,0
MU.US,D,20180424,000000,86.88,90.07,85.83,88.75,5123042,0
MU.US,D,20180425,000000,88.77,90.49,88.49,90.09,7834838,0
MU.US,D,20180426,000000,89.83,92.99,89.46,91.88,7153528,0
MU.US,D,20180427,000000,91.66,93.39,87.42,88.34,5374616,0
MU.US,D,20180430,000000,88.27,88.56,87.43,87.53,11989755,0
MU.US,D,20180430,000000,87.27,90.53,86.82,88.55,9359695,0
MU.US,D,20180430,000000,88.69,89.23,88.49,89.09,8975163,0
MU.US,D,20180501,000000,88.89,89.21,88.88,88.96,11857143,0
MU.US,D,20180502,000000,88.40,91.66,87.69,91.08,8550818,0
MU.US,D,20180503,000000,91.44,92.05,90.72,90.84,9333557,0
MU.US,D,20180504,000000,89.89,95.20,88.44,93.30,7567674,0
MU.US,D,20180507,000000,94.45,94.49,93.43,93.74,8565212,0
MU.US,D,20180507,000000,92.18,92.49,91.35,91.52,7215891,0
MU.US,D,20180507,000000,91.09,92.34,85.74,87.65,7361156,0
MU.US,D,20180508,000000,88.07,88.78,86.32,86.44,9652663,0
MU.US,D,20180509,000000,85.44,86.10,82.27,83.84,5767546,0
MU.US,D,20180510,000000,84.08,84.08,82.94,83.19,6822842,0
MU.US,D,20180511,000000,83.07,83.22,81.03,81.57,10762583,0
MU.US,D,20180514,000000,82.49,82.86,79.57,80.15,5847688,0
MU.US,D,20180514,000000,80.58,82.75,80.31,81.73,8312544,0
MU.US,D,20180514,000000,81.64,81.76,81.34,81.45,4689834,0
MU.US,D,20180515,000000,82.25,83.55,78.82,79.59,10237563,0
MU.US,D,20180516,000000,79.65,81.74,79.28,81.23,4752691,0
MU.US,D,20180517,000000,80.99,82.91,80.75,82.75,4501222,0
MU.US,D,20180518,000000,81.92,83.54,81.37,83.46,5465272,0
MU.US,D,20180521,000000,83.69,83.96,80.73,81.07,11266092,0
MU.US,D,20180521,000000,80.00,82.48,79.31,82.26,4475526,0
MU.US,D,20180521,000000,82.72,85.37,81.78,84.75,8127744,0
MU.US,D,20180522,000000,84.05,84.99,83.96,84.83,9172052,0
MU.US,D,20180523,000000,83.75,83.78,82.30,82.50,10169064,0
MU.US,D,20180524,000000,83.80,84.43,80.55,80.88,9009965,0
MU.US,D,20180525,000000,81.00,81.29,71.63,73.19,11156435,0
MU.US,D,20180528,000000,73.65,77.30,73.38,75.65,8397622,0
MU.US,D,20180528,000000,76.53,76.84,68.59,69.90,6083473,0
MU.US,D,20180528,000000,69.51,69.56,66.87,67.24,9464559,0
MU.US,D,20180529,000000,66.90,67.16,64.07,64.78,4524805,0
MU.US,D,20180530,000000,65.01,65.59,60.61,62.84,4911740,0
MU.US,D,20180531,000000,62.57,66.83,62.28,65.35,7477391,0
MU.US,D,20180601,000000,65.95,66.36,64.29,65.07,6707202,0
MU.US,D,20180604,000000,64.89,67.35,64.00,66.88,5655916,0
MU.US,D,20180604,000000,66.96,72.20,66.63,70.74,8506705,0
MU.US,D,20180604,000000,71.29,71.37,68.90,69.02,4896570,0
MU.US,D,20180605,000000,69.04,75.70,67.86,73.24,9314617,0
MU.US,D,20180606,000000,73.03,74.58,67.85,70.01,6997190,0
MU.US,D,20180607,000000,71.01,71.04,67.43,68.03,7513276,0
MU.US,D,20180608,000000,69.38,69.84,65.60,66.96,6923908,0
MU.US,D,20180611,000000,66.83,68.07,61.83,62.41,5335346,0
MU.US,D,20180611,000000,62.85,63.67,61.86,61.90,11701137,0
MU.US,D,20180611,000000,61.62,62.08,60.55,61.18,6023680,0
MU.US,D,20180612,000000,60.82,60.97,59.83,59.86,7975543,0
MU.US,D,20180613,000000,60.06,62.61,59.21,62.42,7212561,0
MU.US,D,20180614,000000,62.34,62.50,61.40,61.75,9337809,0
MU.US,D,20180615,000000,61.18,61.39,59.65,59.81,4092942,0
MU.US,D,20180618,000000,60.20,62.01,60.11,61.68,8009294,0
MU.US,D,20180618,000000,60.86,62.41,60.36,61.60,7786277,0
MU.US,D,20180618,000000,62.53,63.19,61.36,62.01,11234390,0
MU.US,D,20180619,000000,62.17,62.89,58.92,59.89,9695899,0
MU.US,D,20180620,000000,59.59,59.75,59.42,59.55,6770071,0
MU.US,D,20180621,000000,59.88,60.63,56.97,57.82,5532147,0
MU.US,D,20180622,000000,56.73,57.42,56.64,57.36,5825753,0
MU.US,D,20180625,000000,56.91,57.89,56.84,57.85,10150576,0
MU.US,D,20180625,000000,58.52,58.83,57.07,57.45,4034017,0
MU.US,D,20180625,000000,57.22,57.95,56.98,57.81,8084502,0
MU.US,D,20180626,000000,58.25,59.08,58.01,58.89,7731936,0
MU.US,D,20180627,000000,59.14,60.17,56.65,56.74,7391872,0
MU.US,D,20180628,000000,57.09,57.24,53.88,55.26,8464335,0
MU.US,D,20180629,000000,55.95,56.43,52.23,52.34,6805387,0
MU.US,D,20180702,000000,52.15,52.49,52.15,52.37,8191455,0
MU.US,D,20180702,000000,51.98,52.17,47.87,49.21,9977419,0
MU.US,D,20180702,000000,48.25,51.00,47.71,49.42,5611564,0
MU.US,D,20180703,000000,49.72,50.98,49.62,50.97,7805647,0
MU.US,D,20180704,000000,50.95,53.20,50.30,52.90,5634491,0
MU.US,D,20180705,000000,52.56,52.63,50.59,51.04,11232157,0
MU.US,D,20180706,000000,51.88,52.08,50.59,50.74,8211121,0
MU.US,D,20180709,000000,51.02,52.37,50.73,52.17,4168232,0
MU.US,D,20180709,000000,52.64,53.82,52.47,53.48,11116168,0
MU.US,D,20180709,000000,53.12,55.52,51.57,55.45,7193547,0
MU.US,D,20180710,000000,55.74,56.00,54.32,55.01,7579454,0
MU.US,D,20180711,000000,55.23,55.28,54.76,54.87,4472958,0
MU.US,D,20180712,000000,54.87,54.90,54.63,54.72,8347241,0
MU.US,D,20180713,000000,54.81,54.88,52.95,53.23,6899536,0
MU.US,D,20180716,000000,53.76,55.98,53.25,54.98,9457709,0
MU.US,D,20180716,000000,55.42,55.48,55.11,55.29,8598277,0
MU.US,D,20180716,000000,54.66,55.25,51.07,52.14,6318985,0
MU.US,D,20180717,000000,52.55,52.96,52.40,52.46,7140532,0
MU.US,D,20180718,000000,52.30,52.49,50.67,50.83,4342634,0
MU.US,D,20180719,000000,50.81,52.58,50.55,51.79,4240637,0
MU.US,D,20180720,000000,51.64,54.32,51.28,54.18,11176976,0
MU.US,D,20180723,000000,54.79,55.38,50.91,51.66,4777255,0
MU.US,D,20180723,000000,51.50,53.37,51.28,52.82,10638158,0
MU.US,D,20180723,000000,53.51,53.78,52.79,52.87,10861240,0
MU.US,D,20180724,000000,52.47,57.43,51.28,55.46,4354214,0
MU.US,D,20180725,000000,56.16,56.94,55.32,55.34,8395504,0
MU.US,D,20180726,000000,54.90,56.73,54.06,56.06,5620229,0
MU.US,D,20180727,000000,55.64,56.79,55.49,56.35,7491214,0
MU.US,D,20180730,000000,56.99,57.02,56.49,56.69,7529053,0
MU.US,D,20180730,000000,56.44,57.23,50.17,52.14,8426928,0
MU.US,D,20180730,000000,52.05,53.92,52.01,53.00,10191145,0
MU.US,D,20180731,000000,53.95,54.48,53.62,54.20,6943176,0
MU.US,D,20180801,000000,53.57,53.75,51.43,52.20,11192736,0
MU.US,D,20180802,000000,52.72,54.44,52.61,53.28,4108674,0
MU.US,D,20180803,000000,53.34,53.63,52.15,52.38,8181389,0
MU.US,D,20180806,000000,52.51,52.89,51.37,51.46,8153238,0
MU.US,D,20180806,000000,51.08,51.12,49.89,50.12,7983515,0
MU.US,D,20180806,000000,50.25,50.27,49.92,50.01,9060920,0
MU.US,D,20180807,000000,50.00,50.04,49.20,49.44,5879470,0
MU.US,D,20180808,000000,49.50,50.91,49.41,50.72,9618722,0
MU.US,D,20180809,000000,50.61,50.71,50.35,50.41,8742761,0
MU.US,D,20180810,000000,50.40,50.49,49.47,49.51,4543616,0
MU.US,D,20180813,000000,49.29,49.74,49.18,49.59,5557613,0
MU.US,D,20180813,000000,50.36,51.14,50.21,50.83,11118707,0
MU.US,D,20180813,000000,51.05,52.56,50.67,52.20,6375375,0
MU.US,D,20180814,000000,51.72,53.26,50.56,53.15,4981526,0
MU.US,D,20180815,000000,53.30,53.53,53.16,53.50,7499612,0
MU.US,D,20180816,000000,53.17,53.27,52.35,52.56,7808080,0
MU.US,D,20180817,000000,51.68,52.35,51.31,51.93,6044069,0
MU.US,D,20180820,000000,51.73,52.30,51.38,52.10,9022874,0
MU.US,D,20180820,000000,52.02,52.93,51.86,52.74,8746167,0
MU.US,D,20180820,000000,52.47,53.22,52.43,53.08,8791528,0
MU.US,D,20180821,000000,53.46,53.99,52.12,52.29,7354001,0
MU.US,D,20180822,000000,52.37,53.04,52.34,52.69,7027145,0
MU.US,D,20180823,000000,52.61,52.72,51.94,52.28,7872923,0
MU.US,D,20180824,000000,53.17,53.39,51.81,51.96,8113703,0
MU.US,D,20180827,000000,51.73,52.52,51.72,52.34,8140787,0
MU.US,D,20180827,000000,52.36,52.82,52.28,52.71,4405482,0
MU.US,D,20180827,000000,52.71,52.74,52.08,52.17,4604643,0
MU.US,D,20180828,000000,52.00,52.03,50.36,50.82,6049940,0
MU.US,D,20180829,000000,50.69,50.79,49.07,49.55,6966799,0
MU.US,D,20180830,000000,50.05,50.18,47.77,48.05,6546048,0
MU.US,D,20180831,000000,47.36,48.61,46.87,48.31,7202470,0
MU.US,D,20180903,000000,47.84,49.16,47.68,48.81,9844024,0
MU.US,D,20180903,000000,49.38,49.47,48.53,48.86,11312859,0
MU.US,D,20180903,000000,49.17,49.49,48.45,48.47,5446707,0
MU.US,D,20180904,000000,48.36,48.53,46.19,47.21,7495529,0
MU.US,D,20180905,000000,47.09,47.10,46.94,47.02,10776390,0
MU.US,D,20180906,000000,47.19,48.33,47.14,48.00,10185319,0
MU.US,D,20180907,000000,47.83,48.61,47.79,48.39,6711896,0
MU.US,D,20180910,000000,48.53,48.77,47.87,48.09,6822217,0
MU.US,D,20180910,000000,48.03,48.08,47.70,47.90,8422185,0
MU.US,D,20180910,000000,48.03,48.57,47.92,48.39,8982028,0
MU.US,D,20180911,000000,48.33,48.36,47.16,47.35,7684176,0
MU.US,D,20180912,000000,47.50,47.64,46.82,46.99,6807096,0
MU.US,D,20180913,000000,47.07,48.60,47.03,48.26,8324931,0
MU.US,D,20180914,000000,47.88,48.04,47.51,47.83,10843688,0
MU.US,D,20180917,000000,48.26,48.47,46.17,46.85,10803636,0
MU.US,D,20180917,000000,46.59,48.03,45.96,47.56,10340947,0
MU.US,D,20180917,000000,47.94,48.90,47.58,48.12,14804213,0
MU.US,D,20180918,000000,49.14,49.44,48.98,49.01,16234466,0
MU.US,D,20180919,000000,49.28,49.99,49.05,49.84,12986968,0
MU.US,D,20180920,000000,49.94,51.21,49.88,51.11,12748979,0
MU.US,D,20180921,000000,52.41,52.68,52.05,52.49,14509916,0
MU.US,D,20180924,000000,53.15,53.47,53.11,53.41,12969437,0
MU.US,D,20180924,000000,53.58,55.55,52.99,54.74,20377688,0
MU.US,D,20180924,000000,54.66,56.72,53.42,55.90,17334024,0
MU.US,D,20180925,000000,55.95,57.18,55.76,56.77,14159398,0
MU.US,D,20180926,000000,56.63,59.39,56.05,58.22,25403366,0
MU.US,D,20180927,000000,58.63,58.96,58.12,58.95,15858517,0
MU.US,D,20180928,000000,59.32,61.44,59.29,60.88,22858864,0
MU.US,D,20181001,000000,61.71,62.67,61.44,62.64,13532759,0
MU.US,D,20181001,000000,62.62,64.98,61.98,64.53,16927404,0
MU.US,D,20181001,000000,64.40,66.23,64.17,66.03,30083317,0
MU.US,D,20181002,000000,65.89,70.28,65.14,67.93,17895096,0
MU.US,D,20181003,000000,68.50,71.61,68.49,70.47,32402135,0
MU.US,D,20181004,000000,70.21,74.56,70.01,72.95,20887475,0
MU.US,D,20181005,000000,73.44,76.75,73.40,75.92,15101721,0
MU.US,D,20181008,000000,75.67,78.86,75.33,78.32,16407973,0
MU.US,D,20181008,000000,77.30,81.99,76.76,81.20,34051727,0
MU.US,D,20181008,000000,81.69,84.81,81.30,84.03,40072639,0
MU.US,D,20181009,000000,84.04,88.23,83.66,87.37,18962061,0
MU.US,D,20181010,000000,86.84,88.15,86.52,88.13,11493889,0
MU.US,D,20181011,000000,89.68,89.84,85.06,85.16,4794361,0
MU.US,D,20181012,000000,84.71,84.88,84.00,84.22,11871554,0
MU.US,D,20181015,000000,84.27,84.77,75.11,79.07,6153332,0
MU.US,D,20181015,000000,79.31,79.63,79.26,79.55,8332670,0
MU.US,D,20181015,000000,80.15,80.21,73.39,76.28,10649352,0
MU.US,D,20181016,000000,76.66,78.87,75.30,78.55,6202638,0
MU.US,D,20181017,000000,77.77,87.71,74.05,86.14,4464840,0
MU.US,D,20181018,000000,86.91,88.30,85.92,86.65,6673404,0
MU.US,D,20181019,000000,87.05,87.48,85.16,85.54,5142935,0
MU.US,D,20181022,000000,85.42,87.53,85.18,86.81,7553079,0
MU.US,D,20181022,000000,87.23,90.09,86.68,88.97,7740555,0
MU.US,D,20181022,000000,88.52,90.43,87.84,90.10,7122559,0
MU.US,D,20181023,000000,91.32,91.49,87.19,88.31,10018554,0
MU.US,D,20181024,000000,88.30,91.06,86.43,90.88,11399984,0
MU.US,D,20181025,000000,90.72,98.02,89.64,95.99,4360431,0
MU.US,D,20181026,000000,96.44,96.78,92.50,92.78,6629692,0
MU.US,D,20181029,000000,93.57,97.70,93.43,97.52,4494965,0
MU.US,D,20181029,000000,97.25,108.11,93.00,105.20,8893496,0
MU.US,D,20181029,000000,105.53,106.02,105.40,105.67,11743319,0
MU.US,D,20181030,000000,105.95,106.10,105.91,106.07,6013648,0
MU.US,D,20181031,000000,107.60,107.89,106.13,106.45,9968771,0
MU.US,D,20181101,000000,105.50,111.00,105.23,109.63,10220980,0
MU.US,D,20181102,000000,109.73,113.95,108.50,112.96,11831288,0
MU.US,D,20181105,000000,113.43,114.05,111.95,112.63,8487268,0
MU.US,D,20181105,000000,111.82,115.53,111.24,114.50,9292252,0
MU.US,D,20181105,000000,116.17,122.38,116.09,121.91,8935958,0
MU.US,D,20181106,000000,121.76,123.00,121.42,122.44,11250147,0
MU.US,D,20181107,000000,121.15,121.83,111.22,115.57,9794138,0
MU.US,D,20181108,000000,116.15,116.47,114.90,115.64,9203322,0
MU.US,D,20181109,000000,114.31,114.32,109.01,109.42,7597019,0
MU.US,D,20181112,000000,110.14,111.08,108.99,109.08,7620513,0
MU.US,D,20181112,000000,108.35,108.50,107.97,108.37,9703475,0
MU.US,D,20181112,000000,108.55,108.85,107.93,108.36,7057131,0
MU.US,D,20181113,000000,110.91,118.80,108.99,116.12,8087552,0
MU.US,D,20181114,000000,116.70,120.29,115.99,119.72,8206741,0
MU.US,D,20181115,000000,119.37,125.36,116.98,124.89,4741954,0
MU.US,D,20181116,000000,124.94,125.47,112.57,116.68,5899449,0
MU.US,D,20181119,000000,117.95,123.04,114.40,114.91,7384338,0
MU.US,D,20181119,000000,116.07,116.29,111.26,111.98,10470877,0
MU.US,D,20181119,000000,112.35,116.25,111.64,116.25,9138489,0
MU.US,D,20181120,000000,116.39,120.78,116.16,120.34,8498471,0
MU.US,D,20181121,000000,120.12,122.85,120.04,122.41,10631675,0
MU.US,D,20181122,000000,122.34,122.49,121.28,121.44,4310868,0
MU.US,D,20181123,000000,121.49,123.32,120.83,122.67,7189402,0
MU.US,D,20181126,000000,124.10,124.24,122.31,123.04,9205857,0
MU.US,D,20181126,000000,123.56,123.64,122.76,123.42,10098083,0
MU.US,D,20181126,000000,122.12,122.24,119.30,120.37,10646444,0
MU.US,D,20181127,000000,120.56,125.85,119.75,124.96,5962714,0
MU.US,D,20181128,000000,125.25,127.54,125.16,126.67,9281983,0
MU.US,D,20181129,000000,127.93,129.22,121.67,123.08,4309081,0
MU.US,D,20181130,000000,122.52,122.85,118.95,121.39,7859381,0
MU.US,D,20181203,000000,122.91,123.99,122.71,123.58,11491848,0
MU.US,D,20181203,000000,120.96,122.66,120.44,121.80,10133548,0
MU.US,D,20181203,000000,120.75,124.50,119.66,123.53,12286200,0
MU.US,D,20181204,000000,125.37,126.80,125.06,125.89,10124096,0
MU.US,D,20181205,000000,124.36,129.81,124.32,128.40,10718063,0
MU.US,D,20181206,000000,128.57,131.74,128.34,131.42,18334570,0
MU.US,D,20181207,000000,131.18,135.49,131.10,133.00,7695157,0
MU.US,D,20181210,000000,132.13,136.75,131.45,136.01,7418863,0
MU.US,D,20181210,000000,133.03,138.87,133.00,138.17,12438070,0
MU.US,D,20181210,000000,137.50,140.43,137.46,140.09,11236976,0
MU.US,D,20181211,000000,139.39,143.78,138.73,142.80,14776298,0
MU.US,D,20181212,000000,146.04,146.71,145.74,146.48,9114727,0
MU.US,D,20181213,000000,145.53,151.12,142.99,149.70,22964703,0
MU.US,D,20181214,000000,150.79,152.51,150.76,152.33,9808329,0
MU.US,D,20181217,000000,154.99,155.21,154.07,154.86,10943679,0
MU.US,D,20181217,000000,155.87,158.03,155.36,157.05,19569991,0
MU.US,D,20181217,000000,155.94,162.17,155.42,159.95,16961501,0
MU.US,D,20181218,000000,160.86,164.05,159.96,163.32,22036955,0
MU.US,D,20181219,000000,162.19,168.88,161.62,166.91,13333446,0
MU.US,D,20181220,000000,163.70,170.91,163.56,170.05,15010234,0
MU.US,D,20181221,000000,170.83,173.89,169.81,173.43,16518504,0
MU.US,D,20181224,000000,173.61,180.43,173.56,179.42,10637043,0
MU.US,D,20181224,000000,180.21,185.44,180.19,183.85,10758963,0
MU.US,D,20181224,000000,182.68,188.94,181.64,188.43,30093126,0
MU.US,D,20181225,000000,189.49,194.51,188.58,192.83,27144741,0
MU.US,D,20181226,000000,193.87,199.64,192.81,198.52,22608102,0
MU.US,D,20181227,000000,201.07,206.65,199.76,204.31,11210808,0
MU.US,D,20181228,000000,202.96,213.68,202.26,209.99,13020615,0
MU.US,D,20181231,000000,210.04,215.44,206.93,213.65,33440174,0
MU.US,D,20181231,000000,217.48,221.85,211.90,221.44,12307494,0
MU.US,D,20181231,000000,221.25,229.81,221.22,227.88,26338961,0
MU.US,D,20190101,000000,232.60,235.97,231.97,233.77,29917218,0
MU.US,D,20190102,000000,234.24,241.38,233.35,240.09,25971695,0
MU.US,D,20190103,000000,239.59,247.54,235.59,246.78,34374510,0
MU.US,D,20190104,000000,247.46,258.19,247.18,253.13,30328567,0
MU.US,D,20190107,000000,252.24,265.67,251.55,259.83,23230996,0
MU.US,D,20190107,000000,255.38,270.01,252.64,268.35,31443129,0
MU.US,D,20190107,000000,267.98,286.83,267.78,279.20,38193876,0
MU.US,D,20190108,000000,278.08,290.35,276.27,287.47,24951968,0
MU.US,D,20190109,000000,287.55,306.50,283.32,298.75,23702412,0
MU.US,D,20190110,000000,293.90,314.56,292.23,313.63,23346094,0
MU.US,D,20190111,000000,309.22,329.55,306.71,324.10,40105984,0
MU.US,D,20190114,000000,331.25,341.09,329.18,337.26,29645970,0
MU.US,D,20190114,000000,333.98,335.25,318.11,323.03,6120967,0
MU.US,D,20190114,000000,323.26,343.40,319.29,343.29,6096615,0
MU.US,D,20190115,000000,344.06,350.75,311.14,314.72,10656779,0
MU.US,D,20190116,000000,316.20,318.21,304.35,306.38,8543288,0
MU.US,D,20190117,000000,311.59,312.59,294.16,297.02,5947027,0
MU.US,D,20190118,000000,296.37,318.54,293.10,315.54,10530836,0
MU.US,D,20190121,000000,308.85,336.07,308.18,331.27,11804124,0
MU.US,D,20190121,000000,332.68,334.34,318.13,318.33,6603278,0
MU.US,D,20190121,000000,321.41,335.15,286.43,295.07,11517574,0
MU.US,D,20190122,000000,295.05,299.75,293.49,298.24,10138899,0
MU.US,D,20190123,000000,296.25,297.34,287.34,289.01,5576168,0
MU.US,D,20190124,000000,292.36,294.71,281.47,283.28,9808914,0
MU.US,D,20190125,000000,279.43,281.27,279.21,281.04,5265720,0
MU.US,D,20190128,000000,281.04,286.07,279.89,284.05,4480172,0
MU.US,D,20190128,000000,288.43,291.24,287.63,290.86,17681019,0
MU.US,D,20190128,000000,290.41,294.94,287.60,294.57,7374569,0
MU.US,D,20190129,000000,292.62,301.20,291.39,299.71,16326918,0
MU.US,D,20190130,000000,303.77,304.83,302.70,303.13,16873149,0
MU.US,D,20190131,000000,300.93,309.94,299.56,308.51,9724799,0
MU.US,D,20190201,000000,312.35,317.43,312.22,316.47,19936161,0
MU.US,D,20190204,000000,316.01,321.84,315.40,320.58,18956754,0
MU.US,D,20190204,000000,320.38,330.63,319.85,324.91,17153884,0
MU.US,D,20190204,000000,319.69,332.91,317.55,331.37,21617899,0
MU.US,D,20190205,000000,330.80,341.74,326.82,339.36,12835922,0
MU.US,D,20190206,000000,337.46,349.29,336.88,347.12,14320993,0
MU.US,D,20190207,000000,341.43,360.11,341.13,355.18,13194051,0
MU.US,D,20190208,000000,353.07,363.54,352.67,360.03,15127876,0
MU.US,D,20190211,000000,361.93,373.74,360.51,368.01,16328600,0
MU.US,D,20190211,000000,368.49,376.09,366.22,375.97,13077494,0
MU.US,D,20190211,000000,372.04,386.99,370.13,385.10,18205220,0
MU.US,D,20190212,000000,383.51,407.45,381.46,398.62,17093359,0
MU.US,D,20190213,000000,398.17,411.49,395.73,407.36,20850076,0
MU.US,D,20190214,000000,407.47,420.01,407.24,417.93,11535507,0
MU.US,D,20190215,000000,418.08,444.00,416.33,430.60,11799421,0
MU.US,D,20190218,000000,427.86,455.15,424.85,443.39,22925119,0
MU.US,D,20190218,000000,442.92,455.59,440.40,454.70,16794587,0
MU.US,D,20190218,000000,457.60,469.61,455.35,467.28,32504869,0
MU.US,D,20190219,000000,466.24,488.37,462.06,480.32,20721585,0
MU.US,D,20190220,000000,484.09,496.71,483.28,491.53,32884003,0
MU.US,D,20190221,000000,480.47,534.60,476.61,508.92,31746254,0
MU.US,D,20190222,000000,498.02,525.43,497.91,523.70,21093033,0
MU.US,D,20190225,000000,526.90,536.10,526.04,534.61,33913245,0
MU.US,D,20190225,000000,532.29,563.91,528.91,549.19,14874838,0
MU.US,D,20190225,000000,548.98,566.96,546.04,566.86,16010913,0
MU.US,D,20190226,000000,574.65,586.90,574.37,585.73,29091864,0
MU.US,D,20190227,000000,580.06,625.99,574.47,604.12,16402095,0
MU.US,D,20190228,000000,600.09,625.32,598.91,623.54,33738304,0
MU.US,D,20190301,000000,622.63,662.73,615.53,647.40,22133302,0
MU.US,D,20190304,000000,637.59,664.21,635.53,663.62,10230348,0
MU.US,D,20190304,000000,658.69,743.04,642.89,727.97,8696611,0
MU.US,D,20190304,000000,725.50,744.04,718.31,737.72,4879141,0
MU.US,D,20190305,000000,736.56,737.36,714.40,717.76,7656784,0
MU.US,D,20190306,000000,721.75,744.63,713.95,744.26,11668515,0
MU.US,D,20190307,000000,745.19,749.47,724.70,728.20,5108805,0
MU.US,D,20190308,000000,727.10,746.01,648.17,660.39,7896480,0
MU.US,D,20190311,000000,649.93,650.86,579.03,589.48,5130395,0
MU.US,D,20190311,000000,587.53,610.62,580.21,607.87,10454702,0
MU.US,D,20190311,000000,615.23,681.27,603.23,667.20,10162124,0
MU.US,D,20190312,000000,664.51,665.58,662.21,662.34,4562008,0
MU.US,D,20190313,000000,661.33,679.25,617.49,630.64,8160158,0
MU.US,D,20190314,000000,628.05,635.24,626.55,633.69,9280387,0
MU.US,D,20190315,000000,639.30,644.09,622.54,627.02,6277194,0
MU.US,D,20190318,000000,621.48,691.94,608.69,682.67,11181856,0
MU.US,D,20190318,000000,678.10,682.48,673.23,682.26,8900961,0
MU.US,D,20190318,000000,690.53,700.59,690.13,700.14,7863861,0
MU.US,D,20190319,000000,713.04,726.67,656.56,689.79,7429418,0
MU.US,D,20190320,000000,704.50,733.67,703.19,718.20,11606242,0
MU.US,D,20190321,000000,716.39,728.77,712.30,727.34,11473769,0
MU.US,D,20190322,000000,709.68,752.86,701.45,749.73,7096578,0
MU.US,D,20190325,000000,754.87,755.19,753.45,754.46,7868260,0
MU.US,D,20190325,000000,763.61,782.54,761.16,775.47,10167022,0
MU.US,D,20190325,000000,766.66,823.17,757.53,816.69,6560415,0
MU.US,D,20190326,000000,815.35,821.28,789.97,804.90,11641638,0
MU.US,D,20190327,000000,800.89,807.62,799.44,800.43,7332222,0
MU.US,D,20190328,000000,795.22,795.25,776.95,781.27,10807351,0
MU.US,D,20190329,000000,777.73,809.04,773.98,804.29,6166157,0
MU.US,D,20190401,000000,801.62,812.42,792.84,794.39,11286108,0
MU.US,D,20190401,000000,798.60,809.65,746.66,750.35,9100312,0
MU.US,D,20190401,000000,756.38,764.32,740.77,742.39,5655245,0
MU.US,D,20190402,000000,752.37,755.15,686.48,699.80,10729756,0
MU.US,D,20190403,000000,666.16,670.23,590.18,608.99,10819769,0
MU.US,D,20190404,000000,602.18,625.09,594.64,617.03,11950365,0
MU.US,D,20190405,000000,622.35,632.85,620.20,632.79,9026171,0
MU.US,D,20190408,000000,649.71,691.89,638.03,672.76,7745304,0
MU.US,D,20190408,000000,674.54,674.69,647.18,651.64,8337554,0
MU.US,D,20190408,000000,645.62,656.29,638.47,650.62,10776484,0
MU.US,D,20190409,000000,633.71,635.24,581.47,598.86,7572938,0
MU.US,D,20190410,000000,583.75,591.59,561.36,568.39,7774018,0
MU.US,D,20190411,000000,570.88,590.03,565.40,589.16,7689167,0
MU.US,D,20190412,000000,594.79,602.13,575.69,577.66,9750444,0
MU.US,D,20190415,000000,568.23,609.81,562.54,600.63,9793800,0
MU.US,D,20190415,000000,607.49,647.30,596.67,642.42,7256358,0
MU.US,D,20190415,000000,645.65,648.55,589.47,612.56,4047482,0
MU.US,D,20190416,000000,621.65,628.35,592.47,593.28,9033271,0
MU.US,D,20190417,000000,597.49,598.71,585.55,587.72,10726158,0
MU.US,D,20190418,000000,585.11,637.33,578.28,613.64,7205629,0
MU.US,D,20190419,000000,597.12,602.89,585.54,590.66,10068815,0
MU.US,D,20190422,000000,596.42,597.64,586.22,586.95,10969041,0
MU.US,D,20190422,000000,574.56,590.28,568.93,584.32,4517508,0
MU.US,D,20190422,000000,577.99,618.62,573.85,609.84,10177952,0
MU.US,D,20190423,000000,598.70,623.43,594.82,611.90,8525624,0
MU.US,D,20190424,000000,616.73,633.99,590.75,593.94,6685957,0
MU.US,D,20190425,000000,603.98,611.18,544.41,559.86,5058065,0
MU.US,D,20190426,000000,573.27,575.02,546.80,555.55,5011519,0
MU.US,D,20190429,000000,573.99,587.90,553.26,558.01,7588938,0
MU.US,D,20190429,000000,551.60,565.96,551.56,560.59,6502080,0
MU.US,D,20190429,000000,557.23,581.31,549.30,580.56,8021178,0
MU.US,D,20190430,000000,585.42,589.84,563.11,567.43,7262091,0
MU.US,D,20190501,000000,563.19,576.79,479.03,503.78,8052115,0
MU.US,D,20190502,000000,495.44,514.87,494.03,510.86,10340051,0
MU.US,D,20190503,000000,503.57,538.44,499.90,524.23,6767380,0
MU.US,D,20190506,000000,536.89,543.51,523.78,525.07,5699953,0
MU.US,D,20190506,000000,525.26,566.67,524.12,560.24,6065972,0
MU.US,D,20190506,000000,543.59,546.73,531.52,532.11,10402893,0
MU.US,D,20190507,000000,531.55,533.64,528.85,532.53,4476932,0
MU.US,D,20190508,000000,545.44,547.34,529.80,534.27,9576409,0
MU.US,D,20190509,000000,548.38,550.07,546.80,547.81,9598012,0
MU.US,D,20190510,000000,539.92,546.26,513.97,527.98,10600010,0
MU.US,D,20190513,000000,537.73,538.87,518.72,520.10,4684350,0
MU.US,D,20190513,000000,505.48,512.57,505.18,509.94,4442423,0
MU.US,D,20190513,000000,514.20,516.62,492.37,495.51,11908868,0
MU.US,D,20190514,000000,505.14,554.14,504.82,531.26,5459106,0
MU.US,D,20190515,000000,539.21,544.47,455.43,491.82,8189896,0
MU.US,D,20190516,000000,472.62,474.07,462.29,472.31,11628081,0
MU.US,D,20190517,000000,485.98,493.56,439.46,458.23,6580112,0
MU.US,D,20190520,000000,464.47,532.69,459.30,510.18,5969997,0
MU.US,D,20190520,000000,511.92,516.35,495.67,505.44,4264849,0
MU.US,D,20190520,000000,502.22,520.21,497.42,519.10,8876337,0
MU.US,D,20190521,000000,518.67,547.93,516.37,537.30,8071722,0
MU.US,D,20190522,000000,545.22,546.27,540.46,543.39,4582665,0
MU.US,D,20190523,000000,544.54,563.82,481.39,489.26,5578074,0
MU.US,D,20190524,000000,487.17,492.11,458.25,460.09,5071619,0
MU.US,D,20190527,000000,466.31,467.98,454.98,460.51,8214716,0
MU.US,D,20190527,000000,426.60,438.52,423.96,438.29,8249451,0
MU.US,D,20190527,000000,449.85,501.67,339.69,342.55,5536015,0
MU.US,D,20190528,000000,344.95,351.62,320.83,326.17,11697521,0
MU.US,D,20190529,000000,315.51,316.43,260.10,288.49,10913426,0
MU.US,D,20190530,000000,291.00,336.10,288.31,329.53,11376345,0
MU.US,D,20190531,000000,335.79,348.45,335.62,346.92,10619808,0
MU.US,D,20190603,000000,338.46,357.87,326.05,356.82,4002460,0
MU.US,D,20190603,000000,339.38,342.01,339.21,340.85,4856538,0
MU.US,D,20190603,000000,346.28,354.41,321.55,332.70,11122257,0
MU.US,D,20190604,000000,334.17,362.08,327.45,361.12,9756024,0
MU.US,D,20190605,000000,355.78,375.16,354.67,365.58,8513900,0
MU.US,D,20190606,000000,362.52,367.08,362.06,366.70,5195420,0
MU.US,D,20190607,000000,373.15,375.18,354.31,359.01,4708576,0
MU.US,D,20190610,000000,355.94,415.29,349.04,409.84,6219850,0
MU.US,D,20190610,000000,411.69,449.71,410.86,439.70,9293439,0
MU.US,D,20190610,000000,441.63,441.72,427.40,430.28,4327971,0
MU.US,D,20190611,000000,427.70,478.98,422.59,460.58,5611237,0
MU.US,D,20190612,000000,471.80,478.33,464.70,476.79,9192237,0
MU.US,D,20190613,000000,490.32,492.45,434.61,443.61,10158322,0
MU.US,D,20190614,000000,445.96,453.48,360.69,381.54,5036703,0
MU.US,D,20190617,000000,376.32,384.03,349.54,365.77,7809467,0
MU.US,D,20190617,000000,366.03,375.74,328.47,350.54,6585008,0
MU.US,D,20190617,000000,354.28,364.81,352.14,362.29,4926657,0
MU.US,D,20190618,000000,361.58,363.31,352.85,358.57,10725698,0
MU.US,D,20190619,000000,371.70,373.80,316.11,347.29,11077487,0
MU.US,D,20190620,000000,333.56,333.80,282.66,294.62,9727635,0
MU.US,D,20190621,000000,306.51,333.96,306.25,333.67,11951106,0
MU.US,D,20190624,000000,349.90,387.36,347.78,385.94,6941909,0
MU.US,D,20190624,000000,386.29,404.26,384.66,400.42,5726957,0
MU.US,D,20190624,000000,401.00,438.03,397.16,417.61,9684190,0
MU.US,D,20190625,000000,435.87,447.40,386.13,388.83,4910541,0
MU.US,D,20190626,000000,385.66,407.56,337.47,357.70,8122182,0
MU.US,D,20190627,000000,358.71,400.98,356.09,381.05,11111710,0
MU.US,D,20190628,000000,383.08,385.22,378.72,378.75,9992959,0
MU.US,D,20190701,000000,367.17,404.86,359.17,396.55,4489301,0
MU.US,D,20190701,000000,377.86,507.56,374.66,462.61,4780718,0
MU.US,D,20190701,000000,461.95,489.05,446.56,485.36,9213386,0
MU.US,D,20190702,000000,489.85,494.89,474.76,479.03,10479949,0
MU.US,D,20190703,000000,474.10,482.68,428.66,447.04,5657451,0
MU.US,D,20190704,000000,451.27,465.13,449.25,461.04,11373232,0
MU.US,D,20190705,000000,461.67,498.80,450.87,488.68,8769596,0
MU.US,D,20190708,000000,487.24,490.38,483.57,490.21,8162801,0
MU.US,D,20190708,000000,462.85,466.56,453.86,460.92,5847602,0
MU.US,D,20190708,000000,454.25,499.27,454.16,478.73,11204030,0
MU.US,D,20190709,000000,476.03,477.06,471.98,475.22,5552927,0
MU.US,D,20190710,000000,460.94,559.93,447.79,538.27,9726864,0
MU.US,D,20190711,000000,531.70,538.07,506.91,518.91,8693915,0
MU.US,D,20190712,000000,513.89,517.39,511.93,514.26,9479274,0
MU.US,D,20190715,000000,524.32,526.84,495.05,495.75,6280298,0
MU.US,D,20190715,000000,505.26,530.81,462.97,465.22,11008513,0
MU.US,D,20190715,000000,496.80,502.26,456.53,469.97,8105278,0
MU.US,D,20190716,000000,460.28,469.07,414.07,422.92,11705997,0
MU.US,D,20190717,000000,426.08,457.51,421.14,449.25,6066675,0
MU.US,D,20190718,000000,437.55,441.29,417.82,426.87,5122314,0
MU.US,D,20190719,000000,442.55,518.01,425.57,504.76,10957454,0
MU.US,D,20190722,000000,507.81,518.70,442.61,445.87,5104438,0
MU.US,D,20190722,000000,452.01,463.92,390.61,404.05,7343773,0
MU.US,D,20190722,000000,403.84,410.50,398.41,405.95,4709958,0
MU.US,D,20190723,000000,403.35,421.60,396.49,418.09,8857572,0
MU.US,D,20190724,000000,413.34,417.27,409.12,412.16,10212904,0
MU.US,D,20190725,000000,405.50,430.49,400.65,415.50,6776281,0
MU.US,D,20190726,000000,422.56,422.86,416.32,417.75,9615763,0
MU.US,D,20190729,000000,407.03,449.42,397.17,440.10,10678577,0
MU.US,D,20190729,000000,441.59,444.52,433.66,433.80,7059835,0
MU.US,D,20190729,000000,435.62,440.08,404.98,408.73,4551319,0
MU.US,D,20190730,000000,408.65,439.31,405.04,431.80,11368590,0
MU.US,D,20190731,000000,431.38,433.24,430.78,432.65,7564053,0
MU.US,D,20190801,000000,442.71,505.22,434.67,490.11,4393226,0
MU.US,D,20190802,000000,481.38,523.60,472.52,494.51,8857892,0
MU.US,D,20190805,000000,501.89,513.53,463.46,464.37,11684012,0
MU.US,D,20190805,000000,465.07,468.23,461.97,466.04,9486771,0
MU.US,D,20190805,000000,461.09,465.28,413.99,434.36,9833326,0
MU.US,D,20190806,000000,411.61,417.58,389.94,390.50,6001693,0
MU.US,D,20190807,000000,372.55,382.60,316.11,334.05,6013030,0
MU.US,D,20190808,000000,331.57,333.69,294.35,300.87,4456675,0
MU.US,D,20190809,000000,308.84,314.07,307.10,313.96,9842925,0
MU.US,D,20190812,000000,320.63,326.33,319.15,326.13,6510138,0
MU.US,D,20190812,000000,328.50,335.86,327.59,335.04,4376372,0
MU.US,D,20190812,000000,334.20,400.45,332.44,369.99,5099410,0
MU.US,D,20190813,000000,364.31,368.23,342.73,345.58,9405520,0
MU.US,D,20190814,000000,336.09,373.13,334.47,358.11,11836284,0
MU.US,D,20190815,000000,367.38,370.34,324.06,339.87,10678618,0
MU.US,D,20190816,000000,336.71,355.26,330.79,355.18,9835616,0
MU.US,D,20190819,000000,345.36,380.88,333.96,373.51,6417339,0
MU.US,D,20190819,000000,369.84,371.76,347.91,352.27,7563048,0
MU.US,D,20190819,000000,352.01,355.37,335.34,336.22,6854660,0
MU.US,D,20190820,000000,331.84,335.21,316.24,316.33,4664727,0
MU.US,D,20190821,000000,318.62,320.50,318.47,319.75,5963969,0
MU.US,D,20190822,000000,325.42,350.21,322.15,348.17,8599983,0
MU.US,D,20190823,000000,351.50,354.39,341.41,348.37,8269533,0
MU.US,D,20190826,000000,342.97,348.23,329.27,342.66,8017484,0
MU.US,D,20190826,000000,347.78,350.77,346.38,348.28,6803385,0
MU.US,D,20190826,000000,352.16,360.47,340.07,341.82,5294342,0
MU.US,D,20190827,000000,331.59,390.10,325.30,387.77,4175733,0
MU.US,D,20190828,000000,388.68,392.28,387.90,387.90,11215987,0
MU.US,D,20190829,000000,391.31,395.68,367.74,376.67,11845291,0
MU.US,D,20190830,000000,373.09,385.49,372.39,381.34,5669895,0
MU.US,D,20190902,000000,385.53,398.85,331.76,342.97,9646361,0
MU.US,D,20190902,000000,334.34,340.97,334.31,336.55,9314360,0
MU.US,D,20190902,000000,344.34,351.44,344.28,348.80,4167365,0
MU.US,D,20190903,000000,347.50,359.27,315.70,322.67,7307826,0
MU.US,D,20190904,000000,321.06,351.72,313.86,344.83,6974932,0
MU.US,D,20190905,000000,345.00,346.13,278.01,299.74,9713503,0
MU.US,D,20190906,000000,290.63,363.43,272.62,333.94,5121442,0
MU.US,D,20190909,000000,326.37,327.76,309.41,311.37,11178128,0
MU.US,D,20190909,000000,313.91,335.33,266.40,271.62,9835158,0
MU.US,D,20190909,000000,275.88,288.60,274.14,284.95,10325043,0
MU.US,D,20190910,000000,288.30,291.29,269.23,273.07,7493125,0
MU.US,D,20190911,000000,269.82,325.17,269.04,304.52,7289413,0
MU.US,D,20190912,000000,295.25,303.22,292.02,301.71,6064739,0
MU.US,D,20190913,000000,297.24,307.72,243.46,257.63,6706300,0
MU.US,D,20190916,000000,249.33,252.50,234.16,239.00,4480017,0
MU.US,D,20190916,000000,248.40,250.47,233.73,234.08,11806278,0
MU.US,D,20190916,000000,229.71,230.13,227.64,228.14,10559808,0
MU.US,D,20190917,000000,236.35,240.84,207.55,214.83,9486424,0
MU.US,D,20190918,000000,210.45,218.07,204.11,216.56,10651238,0
MU.US,D,20190919,000000,209.89,245.30,206.17,227.74,8208931,0
MU.US,D,20190920,000000,229.90,230.57,226.07,226.74,10349001,0
MU.US,D,20190923,000000,224.43,228.51,211.91,213.38,5129164,0
MU.US,D,20190923,000000,212.34,214.66,195.31,197.94,7139991,0
MU.US,D,20190923,000000,198.48,217.96,193.63,217.33,5899552,0
MU.US,D,20190924,000000,209.53,220.02,206.70,217.19,4049081,0
MU.US,D,20190925,000000,219.13,230.09,217.02,225.36,8304752,0
MU.US,D,20190926,000000,226.58,230.45,224.40,225.52,4814527,0
MU.US,D,20190927,000000,233.54,243.19,199.29,201.37,9134280,0
MU.US,D,20190930,000000,204.54,205.57,188.38,190.73,8282241,0
MU.US,D,20190930,000000,191.93,195.80,179.34,182.18,10977652,0
MU.US,D,20190930,000000,178.76,190.02,177.34,190.01,6620397,0
MU.US,D,20191001,000000,192.58,193.39,151.52,160.65,11538797,0
MU.US,D,20191002,000000,165.09,169.28,130.76,147.49,8464790,0
MU.US,D,20191003,000000,149.24,159.49,147.32,158.19,9618985,0
MU.US,D,20191004,000000,159.95,161.21,137.39,144.00,5610831,0
MU.US,D,20191007,000000,147.17,148.93,141.05,141.17,10052237,0
MU.US,D,20191007,000000,143.44,144.67,138.85,140.34,11536556,0
MU.US,D,20191007,000000,139.69,155.17,131.34,147.03,11653078,0
MU.US,D,20191008,000000,149.15,152.47,138.46,141.03,10992625,0
MU.US,D,20191009,000000,143.86,148.13,125.36,132.10,7814341,0
MU.US,D,20191010,000000,133.60,133.91,133.12,133.48,7145995,0
MU.US,D,20191011,000000,136.01,136.52,130.56,133.63,6906282,0
MU.US,D,20191014,000000,135.09,142.93,132.49,136.35,4548957,0
MU.US,D,20191014,000000,138.52,140.47,136.81,139.23,10731746,0
MU.US,D,20191014,000000,134.66,134.70,129.66,130.96,7605895,0
MU.US,D,20191015,000000,129.12,135.13,126.45,134.96,4023814,0
MU.US,D,20191016,000000,129.20,144.35,126.64,137.62,7970192,0
MU.US,D,20191017,000000,139.60,141.72,138.18,140.88,10067154,0
MU.US,D,20191018,000000,139.21,142.51,111.27,117.56,7306070,0
MU.US,D,20191021,000000,121.89,124.41,121.13,123.71,4838988,0
MU.US,D,20191021,000000,119.81,123.61,118.88,122.43,10155507,0
MU.US,D,20191021,000000,121.42,132.15,120.12,131.13,10814528,0
MU.US,D,20191022,000000,133.07,135.68,118.36,121.98,8238612,0
MU.US,D,20191023,000000,123.48,136.06,121.23,135.57,8194958,0
MU.US,D,20191024,000000,132.24,157.00,128.77,146.51,9042106,0
MU.US,D,20191025,000000,148.62,184.26,147.31,173.18,7003203,0
MU.US,D,20191028,000000,175.98,177.77,173.04,177.04,4923962,0
MU.US,D,20191028,000000,180.19,183.20,160.94,167.20,6450616,0
MU.US,D,20191028,000000,165.28,166.62,149.99,157.65,8981322,0
MU.US,D,20191029,000000,151.51,151.85,148.29,149.39,11476262,0
MU.US,D,20191030,000000,143.03,145.63,123.13,130.41,6536863,0
MU.US,D,20191031,000000,131.10,139.65,129.96,139.64,5322163,0
MU.US,D,20191101,000000,136.68,139.60,136.20,138.19,5507730,0
MU.US,D,20191104,000000,134.45,141.79,133.07,139.14,11696836,0
MU.US,D,20191104,000000,137.36,138.32,123.37,123.86,9674140,0
MU.US,D,20191104,000000,127.93,134.55,126.65,134.52,10617690,0
MU.US,D,20191105,000000,136.45,139.02,135.33,137.23,4325824,0
MU.US,D,20191106,000000,138.57,141.19,138.03,140.65,4311200,0
MU.US,D,20191107,000000,141.52,144.11,133.85,134.10,5472891,0
MU.US,D,20191108,000000,127.50,161.03,127.03,147.35,5340255,0
MU.US,D,20191111,000000,148.66,148.82,144.53,145.08,5539352,0
MU.US,D,20191111,000000,140.15,153.91,138.94,149.69,10640031,0
MU.US,D,20191111,000000,149.84,153.36,149.47,151.61,11506482,0
MU.US,D,20191112,000000,158.82,161.05,145.15,148.24,9646348,0
MU.US,D,20191113,000000,150.59,152.73,141.85,142.48,6921723,0
MU.US,D,20191114,000000,143.86,146.66,143.74,145.41,10880958,0
MU.US,D,20191115,000000,144.37,144.61,142.79,142.94,8784310,0
MU.US,D,20191118,000000,141.04,147.91,139.17,147.84,10025610,0
MU.US,D,20191118,000000,147.61,149.69,122.51,134.84,11432522,0
MU.US,D,20191118,000000,125.31,148.18,120.03,145.72,10363498,0
MU.US,D,20191119,000000,146.80,157.62,129.68,130.51,4706073,0
MU.US,D,20191120,000000,131.80,133.18,123.64,126.23,6912998,0
MU.US,D,20191121,000000,131.16,131.54,129.25,129.84,9469383,0
MU.US,D,20191122,000000,128.36,157.98,125.09,149.15,4501871,0
MU.US,D,20191125,000000,141.72,145.42,131.01,134.10,8908658,0
MU.US,D,20191125,000000,138.05,143.69,135.82,141.43,4041580,0
MU.US,D,20191125,000000,141.03,143.31,140.53,143.27,7239696,0
MU.US,D,20191126,000000,146.56,147.91,137.50,138.94,7666757,0
MU.US,D,20191127,000000,139.58,139.76,123.34,125.28,9718571,0
MU.US,D,20191128,000000,127.31,128.35,118.08,122.07,11895011,0
MU.US,D,20191129,000000,119.41,120.48,100.84,104.86,5745623,0
MU.US,D,20191202,000000,105.13,112.23,103.63,111.25,5043588,0
MU.US,D,20191202,000000,112.64,112.94,106.98,107.71,11734238,0
MU.US,D,20191202,000000,105.85,113.02,91.12,91.96,6522468,0
MU.US,D,20191203,000000,92.57,104.02,91.28,98.69,10254021,0
MU.US,D,20191204,000000,104.41,104.68,93.74,94.76,9274139,0
MU.US,D,20191205,000000,94.29,104.23,93.08,99.92,6461992,0
MU.US,D,20191206,000000,99.76,101.53,83.40,85.68,10676663,0
MU.US,D,20191209,000000,85.13,88.25,81.62,83.67,5870297,0
MU.US,D,20191209,000000,85.37,85.50,81.13,83.53,4431274,0
MU.US,D,20191209,000000,85.08,87.35,83.48,85.87,9607072,0
MU.US,D,20191210,000000,86.82,93.13,86.69,90.20,9826532,0
MU.US,D,20191211,000000,90.64,92.61,76.03,78.90,4593973,0
MU.US,D,20191212,000000,77.47,78.73,63.79,68.88,7222180,0
MU.US,D,20191213,000000,70.67,79.77,69.66,77.54,6641351,0
MU.US,D,20191216,000000,78.21,79.87,72.31,73.70,11295195,0
MU.US,D,20191216,000000,74.30,75.23,69.48,70.07,6903904,0
MU.US,D,20191216,000000,69.09,78.91,65.35,75.01,11862672,0
MU.US,D,20191217,000000,77.13,77.39,74.53,74.75,8609862,0
MU.US,D,20191218,000000,74.75,80.88,58.55,62.66,4163481,0
MU.US,D,20191219,000000,61.66,69.61,60.82,68.09,6923393,0
MU.US,D,20191220,000000,69.10,69.19,68.93,69.14,11420903,0
MU.US,D,20191223,000000,68.20,69.38,68.10,69.09,5126239,0
MU.US,D,20191223,000000,69.01,69.77,57.20,58.90,6662517,0
MU.US,D,20191223,000000,60.43,64.69,59.05,64.10,6394398,0
MU.US,D,20191224,000000,63.58,65.88,63.53,65.45,9557709,0
MU.US,D,20191225,000000,66.64,67.44,62.54,63.49,10931607,0
MU.US,D,20191226,000000,62.46,67.53,62.21,66.05,11786425,0
MU.US,D,20191227,000000,66.78,69.04,66.46,68.68,10765209,0
MU.US,D,20191230,000000,67.24,68.14,59.19,59.81,5463055,0
MU.US,D,20191230,000000,59.75,59.98,52.25,53.54,11479826,0
MU.US,D,20191230,000000,52.27,52.78,52.19,52.60,9064212,0
MU.US,D,20191231,000000,54.24,54.49,51.74,52.22,10734542,0
MU.US,D,20200101,000000,49.99,50.64,47.36,47.36,6433147,0
MU.US,D,20200102,000000,47.44,49.03,44.04,44.37,6418222,0
MU.US,D,20200103,000000,43.78,46.89,42.41,46.63,10877850,0
MU.US,D,20200106,000000,46.86,49.44,45.97,48.69,4555776,0
MU.US,D,20200106,000000,49.32,49.80,45.60,46.80,11913147,0
MU.US,D,20200106,000000,47.52,49.35,47.40,48.42,5031256,0
MU.US,D,20200107,000000,48.05,48.63,47.62,48.62,7525158,0
MU.US,D,20200108,000000,47.72,47.91,45.89,46.39,4196662,0
MU.US,D,20200109,000000,44.90,44.91,41.60,42.35,8562937,0
MU.US,D,20200110,000000,42.12,46.28,41.31,44.81,6161149,0
MU.US,D,20200113,000000,43.11,44.41,42.87,44.26,8661990,0
MU.US,D,20200113,000000,45.30,46.70,31.77,36.99,4953054,0
MU.US,D,20200113,000000,37.16,37.91,31.57,32.21,7417069,0
MU.US,D,20200114,000000,32.64,37.07,32.45,36.85,11014422,0
MU.US,D,20200115,000000,37.12,37.45,34.00,34.02,4208892,0
MU.US,D,20200116,000000,35.32,35.74,30.68,32.00,11496244,0
MU.US,D,20200117,000000,31.21,31.52,30.05,30.54,10618583,0
MU.US,D,20200120,000000,30.14,30.15,29.92,30.00,7932868,0
MU.US,D,20200120,000000,31.00,31.29,28.02,28.28,8109405,0
MU.US,D,20200120,000000,28.30,28.74,27.52,27.78,10880692,0
MU.US,D,20200121,000000,26.97,27.12,25.35,25.96,6572810,0
MU.US,D,20200122,000000,25.27,27.05,25.22,26.75,8977799,0
MU.US,D,20200123,000000,27.06,27.42,24.89,25.43,8284160,0
MU.US,D,20200124,000000,25.24,26.76,24.89,26.48,7588427,0
MU.US,D,20200127,000000,26.56,27.26,23.54,24.11,9481644,0
MU.US,D,20200127,000000,24.63,24.84,23.59,23.73,4970099,0
MU.US,D,20200127,000000,24.06,28.33,23.80,26.17,11112536,0
MU.US,D,20200128,000000,26.66,27.73,26.18,27.50,7771351,0
MU.US,D,20200129,000000,27.67,29.94,27.61,28.71,8947540,0
MU.US,D,20200130,000000,28.77,30.33,28.23,30.23,9974760,0
MU.US,D,20200131,000000,29.84,30.15,27.83,28.46,11705923,0
MU.US,D,20200203,000000,28.75,30.24,28.72,30.23,4291559,0
MU.US,D,20200203,000000,30.54,30.86,29.12,29.45,10296474,0
MU.US,D,20200203,000000,30.03,30.05,28.83,29.54,6947110,0
MU.US,D,20200204,000000,29.26,29.47,27.69,28.32,6605027,0
MU.US,D,20200205,000000,29.01,31.87,28.22,31.19,6723970,0
MU.US,D,20200206,000000,30.99,31.06,30.47,30.60,4697558,0
MU.US,D,20200207,000000,30.10,30.28,28.26,28.31,4766541,0
MU.US,D,20200210,000000,27.97,28.04,22.26,24.44,7990924,0
MU.US,D,20200210,000000,24.91,24.95,24.63,24.67,7980235,0
MU.US,D,20200210,000000,25.13,28.25,23.25,27.81,11364683,0
MU.US,D,20200211,000000,27.77,29.24,27.59,28.87,11175986,0
MU.US,D,20200212,000000,29.21,29.48,25.66,26.31,8785378,0
MU.US,D,20200213,000000,26.41,26.61,26.39,26.52,4944501,0
MU.US,D,20200214,000000,26.76,27.13,25.20,25.40,7777359,0
MU.US,D,20200217,000000,25.48,25.60,24.49,24.71,7257842,0
MU.US,D,20200217,000000,24.26,24.32,22.20,22.70,9457837,0
MU.US,D,20200217,000000,22.75,24.52,22.27,23.98,6814729,0
MU.US,D,20200218,000000,23.86,24.06,22.83,22.86,11814242,0
MU.US,D,20200219,000000,22.39,22.75,20.53,21.18,4942796,0
MU.US,D,20200220,000000,21.09,21.73,21.03,21.36,5287089,0
MU.US,D,20200221,000000,21.40,21.86,20.84,21.21,4830184,0
MU.US,D,20200224,000000,21.43,23.16,21.27,22.59,10725976,0
MU.US,D,20200224,000000,22.28,22.41,22.15,22.17,11047061,0
MU.US,D,20200224,000000,22.41,25.29,22.24,25.07,6944043,0
MU.US,D,20200225,000000,25.22,25.23,23.72,24.34,5777958,0
MU.US,D,20200226,000000,24.58,26.26,24.31,25.88,10192183,0
MU.US,D,20200227,000000,25.85,26.14,25.30,25.41,8804528,0
MU.US,D,20200228,000000,25.45,25.89,25.29,25.87,9793527,0
MU.US,D,20200302,000000,26.10,26.33,25.32,25.42,6610486,0
MU.US,D,20200302,000000,25.85,25.93,25.24,25.52,7283071,0
MU.US,D,20200302,000000,25.35,25.81,25.31,25.78,4317085,0
MU.US,D,20200303,000000,25.62,25.98,25.48,25.96,5257038,0
MU.US,D,20200304,000000,26.43,26.69,24.36,24.36,10017636,0
MU.US,D,20200305,000000,24.12,24.28,23.58,23.79,9457620,0
MU.US,D,20200306,000000,24.69,25.03,23.62,23.86,9197589,0
MU.US,D,20200309,000000,23.88,25.37,23.71,24.94,5821804,0
MU.US,D,20200309,000000,24.59,24.67,23.88,24.07,5925698,0
MU.US,D,20200309,000000,23.80,27.92,23.29,26.87,9278516,0
MU.US,D,20200310,000000,26.59,26.62,25.22,25.62,8096364,0
MU.US,D,20200311,000000,25.67,25.81,25.13,25.22,4381814,0
MU.US,D,20200312,000000,25.15,25.88,21.75,23.24,11189469,0
MU.US,D,20200313,000000,23.66,24.58,23.59,24.15,8032139,0
MU.US,D,20200316,000000,23.86,25.92,23.23,25.48,4667787,0
MU.US,D,20200316,000000,25.53,25.98,23.67,23.67,10920727,0
MU.US,D,20200316,000000,23.51,23.84,22.96,23.81,8607842,0
MU.US,D,20200317,000000,23.44,23.49,21.75,22.59,4981838,0
MU.US,D,20200318,000000,23.20,24.27,23.09,24.00,11908309,0
MU.US,D,20200319,000000,23.84,25.24,23.65,25.06,9950736,0
MU.US,D,20200320,000000,25.62,25.70,25.09,25.14,7374239,0
MU.US,D,20200323,000000,25.53,26.41,24.79,26.10,5430798,0
MU.US,D,20200323,000000,25.39,25.51,24.68,24.77,4269080,0
MU.US,D,20200323,000000,24.32,24.68,24.30,24.49,6401485,0
MU.US,D,20200324,000000,24.47,24.77,24.31,24.75,6506524,0
MU.US,D,20200325,000000,24.51,25.69,24.08,25.08,10890522,0
MU.US,D,20200326,000000,24.72,27.68,24.41,26.66,4958067,0
MU.US,D,20200327,000000,26.93,27.38,25.84,26.35,9803761,0
MU.US,D,20200330,000000,25.42,30.29,25.35,27.98,11850248,0
MU.US,D,20200330,000000,28.10,28.70,25.76,25.96,11511061,0
MU.US,D,20200330,000000,26.46,26.83,26.40,26.58,11910380,0
MU.US,D,20200331,000000,26.10,26.59,25.44,25.49,5435129,0
MU.US,D,20200401,000000,25.71,25.72,24.96,25.33,11822432,0
MU.US,D,20200402,000000,24.99,25.53,23.08,23.69,9205821,0
MU.US,D,20200403,000000,23.72,23.93,23.62,23.74,9497051,0
MU.US,D,20200406,000000,23.69,25.05,23.57,24.86,11741622,0
MU.US,D,20200406,000000,25.04,25.95,24.82,25.47,5464655,0
MU.US,D,20200406,000000,25.50,26.62,25.24,26.42,5574228,0
MU.US,D,20200407,000000,26.74,26.89,25.91,26.40,10905071,0
MU.US,D,20200408,000000,26.44,26.56,26.32,26.54,5785327,0
MU.US,D,20200409,000000,25.91,27.01,25.43,26.79,10452662,0
MU.US,D,20200410,000000,27.14,29.19,26.99,28.34,9599411,0
MU.US,D,20200413,000000,27.78,28.85,27.18,28.79,11847312,0
MU.US,D,20200413,000000,28.94,29.72,28.03,29.32,10627188,0
MU.US,D,20200413,000000,29.28,29.35,28.38,28.70,10780497,0
MU.US,D,20200414,000000,28.71,28.82,28.37,28.45,9756418,0
MU.US,D,20200415,000000,28.69,28.92,28.66,28.84,8086834,0
MU.US,D,20200416,000000,28.68,29.47,28.58,29.25,8035716,0
MU.US,D,20200417,000000,29.04,30.92,28.77,30.78,4175258,0
MU.US,D,20200420,000000,30.65,30.73,29.81,30.46,8075160,0
MU.US,D,20200420,000000,30.59,32.29,30.56,32.08,11569245,0
MU.US,D,20200420,000000,32.43,33.55,29.99,30.12,10117292,0
MU.US,D,20200421,000000,30.17,31.93,23.08,26.33,10927310,0
MU.US,D,20200422,000000,26.85,29.46,26.35,28.77,9352967,0
MU.US,D,20200423,000000,28.97,29.01,28.59,28.82,11761427,0
MU.US,D,20200424,000000,28.42,30.37,27.81,29.52,10437533,0
MU.US,D,20200427,000000,29.33,29.33,28.61,28.91,7961770,0
MU.US,D,20200427,000000,29.29,29.92,25.54,26.72,8102022,0
MU.US,D,20200427,000000,26.37,26.71,26.26,26.68,5024444,0
MU.US,D,20200428,000000,27.18,27.59,25.60,26.05,11971133,0
MU.US,D,20200429,000000,26.40,26.42,26.28,26.30,11926492,0
MU.US,D,20200430,000000,25.82,28.13,25.59,27.34,10673557,0
MU.US,D,20200501,000000,27.73,27.89,24.77,25.03,4989510,0
MU.US,D,20200504,000000,24.97,26.12,24.77,26.10,10491313,0
MU.US,D,20200504,000000,26.16,27.46,25.92,27.31,8625248,0
MU.US,D,20200504,000000,27.18,27.21,26.90,26.98,9202520,0
MU.US,D,20200505,000000,27.08,27.13,26.48,26.56,4356463,0
MU.US,D,20200506,000000,26.72,27.19,26.52,27.14,10377511,0
MU.US,D,20200507,000000,27.28,27.31,27.07,27.13,10104869,0
MU.US,D,20200508,000000,26.96,29.21,26.64,29.14,10387109,0
MU.US,D,20200511,000000,28.90,29.76,28.77,29.53,5271943,0
MU.US,D,20200511,000000,29.05,29.41,28.46,28.82,7211263,0
MU.US,D,20200511,000000,28.89,29.52,28.04,28.32,8987860,0
MU.US,D,20200512,000000,27.70,28.05,27.30,27.74,5783361,0
MU.US,D,20200513,000000,28.21,28.42,26.80,27.13,9140134,0
MU.US,D,20200514,000000,26.67,27.67,26.51,27.48,7032274,0
MU.US,D,20200515,000000,27.80,28.85,27.38,28.80,4094630,0
MU.US,D,20200518,000000,28.81,31.57,28.66,31.04,4096879,0
MU.US,D,20200518,000000,30.80,31.02,30.18,30.22,11124406,0
MU.US,D,20200518,000000,30.22,30.29,26.25,26.82,7433964,0
MU.US,D,20200519,000000,27.06,27.33,25.88,26.23,5765928,0
MU.US,D,20200520,000000,26.03,26.18,24.55,25.29,5394126,0
MU.US,D,20200521,000000,25.52,25.86,24.54,24.64,5424517,0
MU.US,D,20200522,000000,24.60,25.27,24.53,25.21,6372032,0
MU.US,D,20200525,000000,25.55,25.79,25.28,25.38,5826666,0
MU.US,D,20200525,000000,25.14,25.23,24.69,24.70,4305515,0
MU.US,D,20200525,000000,24.88,24.94,24.67,24.76,11955980,0
MU.US,D,20200526,000000,25.31,25.66,24.47,24.58,6569701,0
MU.US,D,20200527,000000,24.47,25.89,24.33,25.84,7746215,0
MU.US,D,20200528,000000,26.10,27.16,25.98,26.83,10188896,0
MU.US,D,20200529,000000,27.29,27.91,24.42,24.84,7016347,0
MU.US,D,20200601,000000,25.23,25.67,22.60,23.02,11411610,0
MU.US,D,20200601,000000,22.72,23.15,21.32,21.36,4864567,0
MU.US,D,20200601,000000,21.82,21.94,21.49,21.52,7901605,0
MU.US,D,20200602,000000,21.93,22.84,20.59,21.20,8653610,0
MU.US,D,20200603,000000,21.36,21.38,20.78,21.01,4558573,0
MU.US,D,20200604,000000,21.52,21.73,21.38,21.42,11822169,0
MU.US,D,20200605,000000,21.22,22.87,20.85,22.75,5214403,0
MU.US,D,20200608,000000,23.11,24.31,22.84,23.77,10552024,0
MU.US,D,20200608,000000,24.42,24.64,23.66,23.71,7271093,0
MU.US,D,20200608,000000,23.14,23.45,21.47,22.18,4251805,0
MU.US,D,20200609,000000,22.26,22.26,22.24,22.25,10045626,0
MU.US,D,20200610,000000,22.99,23.86,20.44,20.46,4614735,0
MU.US,D,20200611,000000,20.73,20.73,20.28,20.29,5982873,0
MU.US,D,20200612,000000,20.60,21.12,17.65,17.97,7980833,0
MU.US,D,20200615,000000,17.35,18.09,17.12,18.08,10258832,0
MU.US,D,20200615,000000,17.76,17.97,17.69,17.91,4555507,0
MU.US,D,20200615,000000,18.35,20.92,17.99,19.82,4041541,0
MU.US,D,20200616,000000,19.86,21.24,19.82,21.01,8620539,0
MU.US,D,20200617,000000,21.21,23.55,21.20,22.97,11337268,0
MU.US,D,20200618,000000,22.75,23.27,22.68,22.98,7247729,0
MU.US,D,20200619,000000,23.42,23.71,23.36,23.68,4104469,0
MU.US,D,20200622,000000,23.32,23.58,21.82,22.05,7763737,0
MU.US,D,20200622,000000,21.55,21.92,19.65,20.38,8653966,0
MU.US,D,20200622,000000,20.10,20.42,20.02,20.39,5149222,0
MU.US,D,20200623,000000,20.46,21.25,20.15,20.86,7246017,0
MU.US,D,20200624,000000,20.45,22.04,20.36,21.49,7247196,0
MU.US,D,20200625,000000,21.70,21.75,20.57,20.78,10981432,0
MU.US,D,20200626,000000,21.31,21.48,20.31,20.53,8017641,0
MU.US,D,20200629,000000,20.77,20.86,19.55,20.01,7911656,0
MU.US,D,20200629,000000,19.74,21.16,19.34,20.95,11451473,0
MU.US,D,20200629,000000,21.00,21.08,20.97,21.06,9428783,0
MU.US,D,20200630,000000,20.51,23.54,19.58,22.80,8339761,0
MU.US,D,20200701,000000,22.86,26.45,22.79,25.33,4682471,0
MU.US,D,20200702,000000,25.79,26.04,23.19,23.84,8628456,0
MU.US,D,20200703,000000,23.85,25.48,23.63,24.73,5963450,0
MU.US,D,20200706,000000,24.59,25.24,24.42,25.12,4622341,0
MU.US,D,20200706,000000,25.03,25.17,24.84,24.96,10202093,0
MU.US,D,20200706,000000,25.06,25.19,23.41,23.73,11814307,0
MU.US,D,20200707,000000,23.23,25.37,23.15,24.46,5348885,0
MU.US,D,20200708,000000,24.14,24.35,23.51,23.64,7597451,0
MU.US,D,20200709,000000,24.17,24.87,22.07,22.18,9928834,0
MU.US,D,20200710,000000,22.42,22.67,20.12,20.52,7033719,0
MU.US,D,20200713,000000,20.49,21.76,20.40,21.35,4949386,0
MU.US,D,20200713,000000,21.34,22.84,21.16,22.75,4136686,0
MU.US,D,20200713,000000,22.38,22.40,21.86,22.03,10063472,0
MU.US,D,20200714,000000,22.12,23.91,22.02,23.31,8749451,0
MU.US,D,20200715,000000,23.47,23.52,23.05,23.45,6724704,0
MU.US,D,20200716,000000,22.96,23.00,22.77,22.78,10301723,0
MU.US,D,20200717,000000,22.66,22.84,21.47,21.54,5685267,0
MU.US,D,20200720,000000,21.59,22.02,20.74,20.98,5261487,0
MU.US,D,20200720,000000,21.00,22.17,20.55,21.98,4085355,0
MU.US,D,20200720,000000,22.49,22.58,21.85,22.02,6433207,0
MU.US,D,20200721,000000,22.21,22.95,22.17,22.74,7541416,0
MU.US,D,20200722,000000,22.94,24.61,22.49,24.46,4970804,0
MU.US,D,20200723,000000,24.32,24.50,22.80,23.45,8564027,0
MU.US,D,20200724,000000,23.47,24.17,23.23,24.05,8784292,0
MU.US,D,20200727,000000,23.38,24.50,23.21,24.39,5630193,0
MU.US,D,20200727,000000,24.50,24.52,24.30,24.38,10302014,0
MU.US,D,20200727,000000,24.47,24.87,24.44,24.84,11641425,0
MU.US,D,20200728,000000,24.75,25.12,24.28,24.87,6582886,0
MU.US,D,20200729,000000,24.78,25.42,24.67,25.15,4474553,0
MU.US,D,20200730,000000,25.29,25.30,24.53,24.54,4491869,0
MU.US,D,20200731,000000,24.64,24.87,23.66,24.14,9500136,0
MU.US,D,20200803,000000,23.96,23.99,23.92,23.95,5251566,0
MU.US,D,20200803,000000,23.76,26.35,23.61,25.52,9819646,0
MU.US,D,20200803,000000,25.23,25.76,25.17,25.69,5815885,0
MU.US,D,20200804,000000,25.57,25.63,25.33,25.50,9298546,0
MU.US,D,20200805,000000,25.54,25.58,24.90,24.97,10481293,0
MU.US,D,20200806,000000,24.52,24.55,23.27,23.75,6484184,0
MU.US,D,20200807,000000,24.09,24.40,23.31,23.49,4007641,0
MU.US,D,20200810,000000,23.11,23.68,22.95,23.47,11009723,0
MU.US,D,20200810,000000,23.50,24.43,23.26,24.08,10384991,0
MU.US,D,20200810,000000,24.10,24.32,22.97,23.28,5587311,0
MU.US,D,20200811,000000,23.57,23.67,23.33,23.43,6687138,0
MU.US,D,20200812,000000,23.66,23.76,23.11,23.27,4900446,0
MU.US,D,20200813,000000,23.52,23.78,23.46,23.70,4103865,0
MU.US,D,20200814,000000,23.72,24.46,23.55,24.27,10586608,0
MU.US,D,20200817,000000,24.23,24.27,23.89,24.02,8937546,0
MU.US,D,20200817,000000,23.99,24.01,23.47,23.62,4316876,0
MU.US,D,20200817,000000,23.30,24.29,23.17,23.97,7811051,0
MU.US,D,20200818,000000,24.00,24.17,22.74,23.05,5601745,0
MU.US,D,20200819,000000,22.93,23.14,22.15,22.37,5051447,0
MU.US,D,20200820,000000,22.20,22.37,21.70,21.79,9473850,0
MU.US,D,20200821,000000,21.85,21.97,21.23,21.32,4082957,0
MU.US,D,20200824,000000,21.37,22.38,21.24,22.22,9564672,0
MU.US,D,20200824,000000,22.13,23.76,22.04,23.11,9081537,0
MU.US,D,20200824,000000,23.11,23.54,22.91,23.51,10843999,0
MU.US,D,20200825,000000,23.26,23.66,23.24,23.65,7732436,0
MU.US,D,20200826,000000,23.96,24.10,22.81,23.26,7620826,0
MU.US,D,20200827,000000,23.19,23.56,23.11,23.55,11040633,0
MU.US,D,20200828,000000,23.85,24.01,23.74,24.00,10057990,0
MU.US,D,20200831,000000,23.99,24.99,23.95,24.79,8471439,0
MU.US,D,20200831,000000,24.68,25.14,24.60,25.03,4302370,0
MU.US,D,20200831,000000,25.21,25.52,23.71,24.28,11091686,0
MU.US,D,20200901,000000,24.43,24.68,24.42,24.56,6866049,0
MU.US,D,20200902,000000,24.54,25.33,24.26,25.31,10381679,0
MU.US,D,20200903,000000,25.29,25.97,25.25,25.93,5260858,0
MU.US,D,20200904,000000,26.26,26.31,25.87,25.98,9493751,0
MU.US,D,20200907,000000,26.07,26.10,26.00,26.05,10904746,0
MU.US,D,20200907,000000,26.29,26.40,26.09,26.18,11222035,0
MU.US,D,20200907,000000,26.28,26.52,25.85,25.90,9706863,0
MU.US,D,20200908,000000,25.80,26.57,24.45,25.07,5105595,0
MU.US,D,20200909,000000,25.05,25.11,23.37,23.75,8196888,0
MU.US,D,20200910,000000,23.21,24.16,23.15,23.92,10512181,0
MU.US,D,20200911,000000,23.83,23.95,23.28,23.47,11313775,0
MU.US,D,20200914,000000,23.41,25.17,23.24,24.35,6081968,0
MU.US,D,20200914,000000,24.09,24.23,23.70,24.23,7244465,0
MU.US,D,20200914,000000,24.12,24.72,24.05,24.66,10213131,0
MU.US,D,20200915,000000,24.60,24.61,23.86,24.34,6464635,0
MU.US,D,20200916,000000,24.54,24.71,24.52,24.63,8808880,0
MU.US,D,20200917,000000,24.69,25.49,24.65,24.92,10581796,0
MU.US,D,20200918,000000,24.97,24.97,24.96,24.96,4492117,0
MU.US,D,20200921,000000,25.09,25.93,23.44,23.97,7896946,0
MU.US,D,20200921,000000,23.96,23.98,22.25,23.11,5696965,0
MU.US,D,20200921,000000,23.13,23.22,22.88,22.89,7470220,0
MU.US,D,20200922,000000,22.72,23.27,22.70,23.14,5362071,0
MU.US,D,20200923,000000,23.37,23.47,23.23,23.46,7825678,0
MU.US,D,20200924,000000,23.28,23.35,23.26,23.33,4106762,0
MU.US,D,20200925,000000,23.24,24.41,22.96,24.33,8791968,0
MU.US,D,20200928,000000,23.98,24.30,23.95,24.17,10043764,0
MU.US,D,20200928,000000,24.13,24.53,22.64,22.86,11562714,0
MU.US,D,20200928,000000,22.79,22.83,21.62,22.21,4538956,0
MU.US,D,20200929,000000,22.35,22.60,21.28,21.78,8990540,0
MU.US,D,20200930,000000,21.78,21.82,21.76,21.79,9250858,0
MU.US,D,20201001,000000,21.98,22.14,19.35,20.13,9628478,0
MU.US,D,20201002,000000,19.94,20.06,18.59,19.00,9024217,0
MU.US,D,20201005,000000,18.98,19.02,18.92,18.99,10001895,0
MU.US,D,20201005,000000,19.21,19.91,19.00,19.63,10163939,0
MU.US,D,20201005,000000,19.44,20.31,19.39,19.99,6066926,0
MU.US,D,20201006,000000,20.02,20.03,19.73,19.84,10214464,0
MU.US,D,20201007,000000,20.11,20.30,19.22,19.34,7240302,0
MU.US,D,20201008,000000,19.23,19.39,18.77,19.13,9084302,0
MU.US,D,20201009,000000,18.99,19.47,18.89,19.36,7578031,0
MU.US,D,20201012,000000,19.27,19.36,18.50,18.71,8211467,0
MU.US,D,20201012,000000,18.50,20.64,18.39,20.01,11131402,0
MU.US,D,20201012,000000,19.96,20.76,19.91,20.46,5313378,0
MU.US,D,20201013,000000,20.28,21.56,20.08,21.39,8614396,0
MU.US,D,20201014,000000,21.50,21.84,20.82,20.88,10925662,0
MU.US,D,20201015,000000,21.21,21.29,20.65,20.76,4830213,0
MU.US,D,20201016,000000,21.07,21.08,20.92,20.94,9832744,0
MU.US,D,20201019,000000,20.99,21.54,20.84,21.31,7566379,0
MU.US,D,20201019,000000,21.44,21.51,20.76,20.86,9642269,0
MU.US,D,20201019,000000,20.64,22.31,20.61,22.06,7080069,0
MU.US,D,20201020,000000,22.60,22.60,21.05,21.31,7306818,0
MU.US,D,20201021,000000,21.41,21.51,20.64,20.84,6324077,0
MU.US,D,20201022,000000,20.88,21.25,19.37,19.66,8006771,0
MU.US,D,20201023,000000,19.77,19.97,19.12,19.42,9518855,0
MU.US,D,20201026,000000,19.82,20.35,19.69,20.29,9298440,0
MU.US,D,20201026,000000,20.55,21.67,20.51,21.66,7993868,0
MU.US,D,20201026,000000,22.17,22.22,21.47,21.62,8348918,0
MU.US,D,20201027,000000,21.98,22.12,21.10,21.26,10352063,0
MU.US,D,20201028,000000,21.19,21.98,20.27,20.44,6436660,0
MU.US,D,20201029,000000,20.11,20.96,19.92,20.71,6426827,0
MU.US,D,20201030,000000,20.33,21.29,20.02,21.21,11466823,0
MU.US,D,20201102,000000,20.82,20.99,18.50,18.93,4515322,0
MU.US,D,20201102,000000,19.03,21.74,18.45,21.50,7744634,0
MU.US,D,20201102,000000,21.62,22.47,21.60,22.24,11257802,0
MU.US,D,20201103,000000,22.29,23.52,22.09,23.43,8095637,0
MU.US,D,20201104,000000,23.88,24.34,20.40,22.21,8918571,0
MU.US,D,20201105,000000,22.51,26.10,22.22,24.55,6504584,0
MU.US,D,20201106,000000,24.51,27.20,24.11,26.53,9409367,0
MU.US,D,20201109,000000,26.28,30.18,25.46,30.09,8018299,0
MU.US,D,20201109,000000,30.10,31.19,29.93,30.90,11779378,0
MU.US,D,20201109,000000,30.40,31.11,28.08,28.49,8083496,0
MU.US,D,20201110,000000,28.16,29.74,27.59,29.07,4646558,0
MU.US,D,20201111,000000,28.64,28.91,27.93,28.44,7615879,0
MU.US,D,20201112,000000,28.48,28.75,28.37,28.73,10308698,0
MU.US,D,20201113,000000,29.36,29.67,28.90,29.00,11365987,0
MU.US,D,20201116,000000,29.20,29.24,29.05,29.24,10226110,0
MU.US,D,20201116,000000,29.13,29.20,29.01,29.15,6325335,0
MU.US,D,20201116,000000,29.80,31.34,26.12,27.49,10163361,0
MU.US,D,20201117,000000,27.60,27.97,27.53,27.93,9369209,0
MU.US,D,20201118,000000,28.52,29.04,28.50,28.97,6829900,0
MU.US,D,20201119,000000,28.43,35.95,28.37,33.46,9721975,0
MU.US,D,20201120,000000,33.42,37.48,32.75,35.50,6785158,0
MU.US,D,20201123,000000,35.00,35.59,34.88,35.56,9547125,0
MU.US,D,20201123,000000,35.31,36.29,34.66,36.10,9556236,0
MU.US,D,20201123,000000,36.10,36.97,33.65,34.07,7462706,0
MU.US,D,20201124,000000,32.96,35.02,31.78,34.85,11978401,0
MU.US,D,20201125,000000,35.44,37.58,35.23,37.10,11470263,0
MU.US,D,20201126,000000,37.42,37.89,35.47,35.59,9063203,0
MU.US,D,20201127,000000,35.50,35.64,34.79,34.93,7278359,0
MU.US,D,20201130,000000,35.16,36.18,34.82,35.59,6686330,0
MU.US,D,20201130,000000,35.70,35.99,34.10,34.73,9025018,0
MU.US,D,20201130,000000,35.29,35.45,34.76,35.09,7743931,0
MU.US,D,20201201,000000,35.50,37.14,35.33,36.92,11179067,0
MU.US,D,20201202,000000,35.95,37.92,29.55,31.50,9391062,0
MU.US,D,20201203,000000,30.83,31.38,29.73,30.16,4601195,0
MU.US,D,20201204,000000,29.57,33.71,29.05,32.30,8356447,0
MU.US,D,20201207,000000,32.03,33.99,31.90,33.54,5374517,0
MU.US,D,20201207,000000,34.12,34.80,32.09,32.11,8715422,0
MU.US,D,20201207,000000,31.43,35.44,31.03,34.55,6018297,0
MU.US,D,20201208,000000,35.11,35.87,34.95,35.44,11425791,0
MU.US,D,20201209,000000,35.30,35.69,31.41,32.83,7216489,0
MU.US,D,20201210,000000,33.20,33.71,31.29,32.06,8003713,0
MU.US,D,20201211,000000,31.97,32.00,31.90,31.91,9344145,0
MU.US,D,20201214,000000,32.41,33.66,32.34,33.17,10956799,0
MU.US,D,20201214,000000,32.64,34.25,32.13,33.80,8492633,0
MU.US,D,20201214,000000,34.33,37.94,34.22,35.81,4085230,0
MU.US,D,20201215,000000,36.33,36.56,35.93,36.29,9067883,0
MU.US,D,20201216,000000,35.39,37.65,34.59,37.17,8942493,0
MU.US,D,20201217,000000,36.81,36.89,36.80,36.87,5549346,0
MU.US,D,20201218,000000,35.71,36.08,33.44,34.18,11460305,0
MU.US,D,20201221,000000,35.23,35.26,34.71,34.74,8402049,0
MU.US,D,20201221,000000,35.37,35.74,32.50,33.49,8985324,0
MU.US,D,20201221,000000,33.27,34.42,32.77,34.27,10617850,0
MU.US,D,20201222,000000,33.83,35.27,33.82,34.64,5697627,0
MU.US,D,20201223,000000,36.17,36.26,35.35,35.63,11775567,0
MU.US,D,20201224,000000,34.72,35.03,32.87,33.15,6085593,0
MU.US,D,20201225,000000,33.09,40.20,31.42,36.67,10831577,0
MU.US,D,20201228,000000,37.38,38.64,36.72,38.01,10057096,0
MU.US,D,20201228,000000,37.10,37.28,36.82,36.83,11875210,0
MU.US,D,20201228,000000,36.53,38.08,36.03,37.73,5902383,0
MU.US,D,20201229,000000,36.65,38.82,35.44,38.33,7164896,0
MU.US,D,20201230,000000,38.37,42.01,38.21,41.75,10951471,0
MU.US,D,20201231,000000,41.41,42.11,39.47,40.24,9550514,0
MU.US,D,20210101,000000,39.40,42.43,38.58,41.40,9586441,0
MU.US,D,20210104,000000,41.79,45.27,33.33,34.09,8032996,0
MU.US,D,20210104,000000,34.61,34.85,32.60,33.01,11200524,0
MU.US,D,20210104,000000,34.00,34.03,31.93,32.31,5444057,0
MU.US,D,20210105,000000,32.94,34.40,32.87,34.19,7319121,0
MU.US,D,20210106,000000,34.02,36.84,33.47,36.33,7874846,0
MU.US,D,20210107,000000,36.76,36.91,33.38,33.78,7471581,0
MU.US,D,20210108,000000,33.68,34.31,32.67,33.54,10174452,0
MU.US,D,20210111,000000,33.93,34.64,30.82,31.00,5259077,0
MU.US,D,20210111,000000,30.65,31.86,27.13,27.95,8803603,0
MU.US,D,20210111,000000,29.08,29.47,28.90,29.38,6517205,0
MU.US,D,20210112,000000,29.33,29.46,28.26,28.30,11953018,0
MU.US,D,20210113,000000,27.60,29.65,27.27,28.86,7206612,0
MU.US,D,20210114,000000,30.59,30.69,28.70,29.38,10445596,0
MU.US,D,20210115,000000,30.67,30.85,26.97,27.21,6319524,0
MU.US,D,20210118,000000,26.81,26.85,26.77,26.83,6208113,0
MU.US,D,20210118,000000,26.90,27.35,24.91,25.09,7509044,0
MU.US,D,20210118,000000,25.16,25.35,24.08,24.69,4402950,0
MU.US,D,20210119,000000,24.49,25.33,20.23,21.79,8145404,0
MU.US,D,20210120,000000,21.22,26.23,20.22,24.41,4802842,0
MU.US,D,20210121,000000,24.00,24.27,22.42,22.67,9988039,0
MU.US,D,20210122,000000,22.93,24.90,22.76,24.55,6496562,0
MU.US,D,20210125,000000,24.10,24.41,21.67,22.60,4825258,0
MU.US,D,20210125,000000,22.21,25.61,22.00,24.52,10406902,0
MU.US,D,20210125,000000,24.47,25.26,21.64,22.34,8683174,0
MU.US,D,20210126,000000,22.06,22.44,21.73,21.91,6351166,0
MU.US,D,20210127,000000,21.46,22.02,21.34,21.89,7792268,0
MU.US,D,20210128,000000,21.42,21.89,20.63,20.79,6014545,0
MU.US,D,20210129,000000,21.27,24.39,20.83,23.62,5202238,0
MU.US,D,20210201,000000,23.38,23.70,22.17,22.44,10955937,0
MU.US,D,20210201,000000,23.49,23.92,23.23,23.87,11193762,0
MU.US,D,20210201,000000,24.16,24.34,23.69,23.73,4437189,0
MU.US,D,20210202,000000,24.47,24.72,24.37,24.64,11988301,0
MU.US,D,20210203,000000,24.33,24.46,21.55,22.11,7303899,0
MU.US,D,20210204,000000,22.37,22.37,22.22,22.25,7295475,0
MU.US,D,20210205,000000,22.55,22.60,21.74,22.08,8419073,0
MU.US,D,20210208,000000,23.11,23.16,21.46,21.58,9510755,0
MU.US,D,20210208,000000,20.90,23.75,20.28,22.80,8412188,0
MU.US,D,20210208,000000,23.05,25.56,22.37,25.11,7574989,0
MU.US,D,20210209,000000,24.99,25.46,23.94,24.38,6328132,0
MU.US,D,20210210,000000,24.23,25.72,24.23,25.04,8109350,0
MU.US,D,20210211,000000,23.96,24.24,23.20,23.47,11463335,0
MU.US,D,20210212,000000,23.61,24.67,23.13,24.54,9506475,0
MU.US,D,20210215,000000,24.78,25.39,24.13,24.25,4272995,0
MU.US,D,20210215,000000,23.92,24.00,23.77,23.77,9667386,0
MU.US,D,20210215,000000,24.29,24.82,24.24,24.58,8720298,0
MU.US,D,20210216,000000,24.33,26.41,17.99,20.99,8366667,0
MU.US,D,20210217,000000,20.95,21.20,19.02,19.21,9413345,0
MU.US,D,20210218,000000,18.70,18.97,18.66,18.92,5182104,0
MU.US,D,20210219,000000,19.08,19.09,16.81,17.65,7517830,0
MU.US,D,20210222,000000,18.08,23.85,16.25,21.89,10977291,0
MU.US,D,20210222,000000,23.09,23.20,20.61,20.96,8490989,0
MU.US,D,20210222,000000,21.43,21.45,19.44,19.66,11743596,0
MU.US,D,20210223,000000,19.53,20.05,17.65,17.96,7084125,0
MU.US,D,20210224,000000,17.84,19.64,17.05,19.36,10468274,0
MU.US,D,20210225,000000,19.29,19.71,18.42,18.45,11524539,0
MU.US,D,20210226,000000,18.07,20.74,17.68,19.73,8206665,0
MU.US,D,20210301,000000,20.52,21.62,20.26,21.36,4739640,0
MU.US,D,20210301,000000,21.63,22.29,19.26,19.54,6929667,0
MU.US,D,20210301,000000,20.15,23.05,19.78,22.01,4077307,0
MU.US,D,20210302,000000,23.28,24.20,21.03,21.89,9818186,0
MU.US,D,20210303,000000,21.71,22.64,21.54,21.97,8106954,0
MU.US,D,20210304,000000,20.97,31.02,20.41,26.23,5784538,0
MU.US,D,20210305,000000,25.36,29.02,24.66,29.00,8337903,0
MU.US,D,20210308,000000,27.53,29.08,27.09,29.06,10286591,0
MU.US,D,20210308,000000,28.51,33.12,27.91,30.88,5283410,0
MU.US,D,20210308,000000,30.46,36.67,29.57,35.35,6943373,0
MU.US,D,20210309,000000,35.09,35.66,32.75,32.99,5672823,0
MU.US,D,20210310,000000,34.10,35.01,26.51,29.67,11874466,0
MU.US,D,20210311,000000,29.56,33.88,29.32,32.74,6912935,0
MU.US,D,20210312,000000,33.02,34.76,32.78,34.23,11722087,0
MU.US,D,20210315,000000,34.06,35.08,33.09,33.18,5885728,0
MU.US,D,20210315,000000,33.30,36.09,33.18,36.08,8511945,0
MU.US,D,20210315,000000,35.11,37.01,34.77,36.42,11686570,0
MU.US,D,20210316,000000,37.16,42.03,36.79,40.21,5798042,0
MU.US,D,20210317,000000,40.27,40.88,33.53,35.40,7124948,0
MU.US,D,20210318,000000,35.46,37.65,34.44,37.58,9313759,0
MU.US,D,20210319,000000,38.36,42.46,38.17,40.16,5778353,0
MU.US,D,20210322,000000,39.88,47.43,38.70,45.46,8563606,0
MU.US,D,20210322,000000,45.76,48.11,45.56,48.00,7902259,0
MU.US,D,20210322,000000,48.54,51.57,46.95,49.97,5205391,0
MU.US,D,20210323,000000,49.46,50.60,49.33,50.19,10613430,0
MU.US,D,20210324,000000,50.58,51.14,47.85,48.93,8921439,0
MU.US,D,20210325,000000,47.25,48.11,46.60,47.89,8144846,0
MU.US,D,20210326,000000,48.69,48.77,46.74,46.95,6955394,0
MU.US,D,20210329,000000,47.78,47.82,41.78,42.85,8984912,0
MU.US,D,20210329,000000,43.10,43.78,40.07,41.03,5362048,0
MU.US,D,20210329,000000,42.11,43.58,29.32,35.63,9304744,0
MU.US,D,20210330,000000,34.39,37.66,33.49,36.94,8108591,0
MU.US,D,20210331,000000,36.16,36.87,33.56,34.29,9929481,0
MU.US,D,20210401,000000,35.31,35.85,33.65,34.29,11080620,0
MU.US,D,20210402,000000,34.67,35.15,30.75,31.70,7849899,0
MU.US,D,20210405,000000,31.60,31.72,30.48,31.12,10014265,0
MU.US,D,20210405,000000,32.08,32.92,29.10,29.20,8633145,0
