<TICKER>,<PER>,<DATE>,<TIME>,<OPEN>,<HIGH>,<LOW>,<CLOSE>,<VOL>,<OPENINT>
MVIS.US,D,20180102,000000,3.00,3.01,2.93,2.95,10414550,0
MVIS.US,D,20180103,000000,2.95,2.96,2.95,2.95,9602023,0
MVIS.US,D,20180104,000000,2.95,3.03,2.94,3.01,9192110,0
MVIS.US,D,20180105,000000,3.01,3.05,3.00,3.05,6287736,0
MVIS.US,D,20180108,000000,3.04,3.14,3.02,3.11,7640085,0
MVIS.US,D,20180108,000000,3.12,3.20,3.12,3.17,10449934,0
MVIS.US,D,20180108,000000,3.17,3.22,3.16,3.21,6895232,0
MVIS.US,D,20180109,000000,3.20,3.21,3.19,3.19,8882097,0
MVIS.US,D,20180110,000000,3.19,3.20,3.18,3.20,8614891,0
MVIS.US,D,20180111,000000,3.20,3.21,3.20,3.21,7175763,0
MVIS.US,D,20180112,000000,3.21,3.24,3.20,3.23,5334641,0
MVIS.US,D,20180115,000000,3.23,3.24,3.23,3.23,6715681,0
MVIS.US,D,20180115,000000,3.24,3.24,3.23,3.23,9225387,0
MVIS.US,D,20180115,000000,3.22,3.23,3.17,3.19,8096444,0
MVIS.US,D,20180116,000000,3.20,3.20,3.17,3.17,4548084,0
MVIS.US,D,20180117,000000,3.18,3.23,3.17,3.20,7399497,0
MVIS.US,D,20180118,000000,3.22,3.22,3.19,3.21,4602244,0
MVIS.US,D,20180119,000000,3.22,3.24,3.22,3.24,7609483,0
MVIS.US,D,20180122,000000,3.24,3.25,3.15,3.19,7163095,0
MVIS.US,D,20180122,000000,3.16,3.31,3.09,3.26,8291295,0
MVIS.US,D,20180122,000000,3.27,3.28,3.24,3.25,5233961,0
MVIS.US,D,20180123,000000,3.26,3.30,3.26,3.28,7558502,0
MVIS.US,D,20180124,000000,3.29,3.32,3.20,3.23,6876540,0
MVIS.US,D,20180125,000000,3.22,3.26,3.20,3.25,9774362,0
MVIS.US,D,20180126,000000,3.24,3.27,3.23,3.27,3581406,0
MVIS.US,D,20180129,000000,3.25,3.30,3.24,3.27,9218163,0
MVIS.US,D,20180129,000000,3.28,3.28,3.26,3.27,10017137,0
MVIS.US,D,20180129,000000,3.27,3.27,3.27,3.27,7473271,0
MVIS.US,D,20180130,000000,3.27,3.28,3.22,3.22,6839507,0
MVIS.US,D,20180131,000000,3.21,3.23,3.20,3.23,4063456,0
MVIS.US,D,20180201,000000,3.23,3.23,3.19,3.21,4097821,0
MVIS.US,D,20180202,000000,3.21,3.22,3.20,3.22,6316647,0
MVIS.US,D,20180205,000000,3.22,3.22,3.19,3.19,7854577,0
MVIS.US,D,20180205,000000,3.19,3.19,3.19,3.19,6314078,0
MVIS.US,D,20180205,000000,3.19,3.19,3.18,3.18,7387546,0
MVIS.US,D,20180206,000000,3.18,3.18,3.15,3.17,9224717,0
MVIS.US,D,20180207,000000,3.16,3.17,3.16,3.17,9566248,0
MVIS.US,D,20180208,000000,3.17,3.18,3.17,3.18,6085819,0
MVIS.US,D,20180209,000000,3.17,3.18,3.16,3.18,6308289,0
MVIS.US,D,20180212,000000,3.18,3.18,3.17,3.17,7453660,0
MVIS.US,D,20180212,000000,3.17,3.18,3.14,3.15,4022919,0
MVIS.US,D,20180212,000000,3.15,3.18,3.15,3.17,8045151,0
MVIS.US,D,20180213,000000,3.17,3.17,3.13,3.13,3887779,0
MVIS.US,D,20180214,000000,3.13,3.17,3.12,3.16,8538118,0
MVIS.US,D,20180215,000000,3.16,3.16,3.16,3.16,9226270,0
MVIS.US,D,20180216,000000,3.16,3.16,3.13,3.14,4036577,0
MVIS.US,D,20180219,000000,3.14,3.15,3.13,3.15,7423653,0
MVIS.US,D,20180219,000000,3.16,3.16,3.14,3.15,5786710,0
MVIS.US,D,20180219,000000,3.14,3.17,3.13,3.16,7985530,0
MVIS.US,D,20180220,000000,3.15,3.17,3.15,3.17,7263913,0
MVIS.US,D,20180221,000000,3.16,3.18,3.16,3.18,5347767,0
MVIS.US,D,20180222,000000,3.18,3.18,3.18,3.18,7919975,0
MVIS.US,D,20180223,000000,3.17,3.19,3.17,3.18,4486933,0
MVIS.US,D,20180226,000000,3.18,3.20,3.14,3.16,8718642,0
MVIS.US,D,20180226,000000,3.16,3.17,3.16,3.16,4755679,0
MVIS.US,D,20180226,000000,3.16,3.17,3.15,3.16,4861813,0
MVIS.US,D,20180227,000000,3.15,3.17,3.15,3.16,4392195,0
MVIS.US,D,20180228,000000,3.17,3.17,3.15,3.15,6406814,0
MVIS.US,D,20180301,000000,3.15,3.15,3.14,3.14,9431310,0
MVIS.US,D,20180302,000000,3.13,3.17,3.13,3.15,7131156,0
MVIS.US,D,20180305,000000,3.15,3.17,3.15,3.17,4517582,0
MVIS.US,D,20180305,000000,3.18,3.20,3.13,3.13,8977087,0
MVIS.US,D,20180305,000000,3.13,3.17,3.13,3.16,6511656,0
MVIS.US,D,20180306,000000,3.16,3.16,3.14,3.14,5552964,0
MVIS.US,D,20180307,000000,3.14,3.14,3.12,3.13,7018545,0
MVIS.US,D,20180308,000000,3.13,3.13,3.12,3.12,9013661,0
MVIS.US,D,20180309,000000,3.13,3.15,3.13,3.15,8756627,0
MVIS.US,D,20180312,000000,3.13,3.13,3.08,3.10,4163477,0
MVIS.US,D,20180312,000000,3.09,3.09,3.07,3.09,5293511,0
MVIS.US,D,20180312,000000,3.08,3.10,3.07,3.10,7782479,0
MVIS.US,D,20180313,000000,3.10,3.12,3.09,3.12,10208808,0
MVIS.US,D,20180314,000000,3.12,3.13,3.10,3.11,3641860,0
MVIS.US,D,20180315,000000,3.09,3.17,3.08,3.15,3899359,0
MVIS.US,D,20180316,000000,3.15,3.15,3.09,3.12,3816992,0
MVIS.US,D,20180319,000000,3.12,3.22,3.10,3.21,7312467,0
MVIS.US,D,20180319,000000,3.21,3.29,3.21,3.27,5107659,0
MVIS.US,D,20180319,000000,3.29,3.30,3.19,3.21,6181406,0
MVIS.US,D,20180320,000000,3.20,3.27,3.19,3.26,4709950,0
MVIS.US,D,20180321,000000,3.26,3.27,3.18,3.23,10473936,0
MVIS.US,D,20180322,000000,3.24,3.30,3.22,3.26,10257263,0
MVIS.US,D,20180323,000000,3.25,3.40,3.20,3.38,5094482,0
MVIS.US,D,20180326,000000,3.39,3.41,3.38,3.41,6136536,0
MVIS.US,D,20180326,000000,3.38,3.44,3.36,3.42,4450122,0
MVIS.US,D,20180326,000000,3.43,3.43,3.37,3.39,4780628,0
MVIS.US,D,20180327,000000,3.38,3.50,3.37,3.47,7368237,0
MVIS.US,D,20180328,000000,3.46,3.48,3.46,3.47,5621555,0
MVIS.US,D,20180329,000000,3.47,3.47,3.39,3.40,6972997,0
MVIS.US,D,20180330,000000,3.39,3.41,3.27,3.30,8411512,0
MVIS.US,D,20180402,000000,3.29,3.30,3.20,3.22,5041235,0
MVIS.US,D,20180402,000000,3.21,3.22,3.21,3.21,10279489,0
MVIS.US,D,20180402,000000,3.21,3.24,3.21,3.23,9821497,0
MVIS.US,D,20180403,000000,3.24,3.25,3.23,3.25,10220432,0
MVIS.US,D,20180404,000000,3.23,3.30,3.23,3.27,5733472,0
MVIS.US,D,20180405,000000,3.26,3.42,3.24,3.37,9895963,0
MVIS.US,D,20180406,000000,3.36,3.44,3.33,3.42,9242571,0
MVIS.US,D,20180409,000000,3.44,3.44,3.39,3.41,6952975,0
MVIS.US,D,20180409,000000,3.39,3.39,3.31,3.32,7998276,0
MVIS.US,D,20180409,000000,3.31,3.45,3.29,3.44,6220741,0
MVIS.US,D,20180410,000000,3.45,3.46,3.44,3.45,6210604,0
MVIS.US,D,20180411,000000,3.45,3.57,3.44,3.54,7238369,0
MVIS.US,D,20180412,000000,3.51,3.52,3.51,3.52,4816425,0
MVIS.US,D,20180413,000000,3.49,3.55,3.49,3.54,7473519,0
MVIS.US,D,20180416,000000,3.52,3.54,3.35,3.37,9273669,0
MVIS.US,D,20180416,000000,3.39,3.40,3.39,3.40,7621525,0
MVIS.US,D,20180416,000000,3.39,3.40,3.27,3.30,8701203,0
MVIS.US,D,20180417,000000,3.33,3.33,3.32,3.32,9589317,0
MVIS.US,D,20180418,000000,3.33,3.41,3.18,3.20,10494973,0
MVIS.US,D,20180419,000000,3.18,3.28,3.18,3.28,5949091,0
MVIS.US,D,20180420,000000,3.27,3.31,3.27,3.31,8171479,0
MVIS.US,D,20180423,000000,3.34,3.42,3.34,3.40,4589268,0
MVIS.US,D,20180423,000000,3.38,3.40,3.38,3.40,9072419,0
MVIS.US,D,20180423,000000,3.43,3.46,3.42,3.45,3665956,0
MVIS.US,D,20180424,000000,3.42,3.47,3.41,3.47,8391294,0
MVIS.US,D,20180425,000000,3.50,3.51,3.44,3.45,3884734,0
MVIS.US,D,20180426,000000,3.44,3.54,3.43,3.51,10308205,0
MVIS.US,D,20180427,000000,3.53,3.54,3.47,3.50,6055537,0
MVIS.US,D,20180430,000000,3.48,3.52,3.47,3.51,7635087,0
MVIS.US,D,20180430,000000,3.49,3.49,3.44,3.46,5969361,0
MVIS.US,D,20180430,000000,3.44,3.47,3.43,3.47,6465311,0
MVIS.US,D,20180501,000000,3.46,3.47,3.43,3.44,5074165,0
MVIS.US,D,20180502,000000,3.45,3.46,3.34,3.37,9781060,0
MVIS.US,D,20180503,000000,3.39,3.40,3.21,3.25,5467583,0
MVIS.US,D,20180504,000000,3.23,3.24,3.23,3.24,3708228,0
MVIS.US,D,20180507,000000,3.26,3.28,3.26,3.28,6424622,0
MVIS.US,D,20180507,000000,3.27,3.44,3.25,3.38,3952302,0
MVIS.US,D,20180507,000000,3.36,3.37,3.21,3.27,8800874,0
MVIS.US,D,20180508,000000,3.26,3.28,3.26,3.27,6481637,0
MVIS.US,D,20180509,000000,3.27,3.32,3.25,3.32,8468153,0
MVIS.US,D,20180510,000000,3.30,3.48,3.28,3.46,6885001,0
MVIS.US,D,20180511,000000,3.45,3.47,3.44,3.46,6484278,0
MVIS.US,D,20180514,000000,3.47,3.50,3.39,3.39,5290598,0
MVIS.US,D,20180514,000000,3.37,3.38,3.37,3.37,9515534,0
MVIS.US,D,20180514,000000,3.37,3.37,3.33,3.34,9074132,0
MVIS.US,D,20180515,000000,3.35,3.51,3.35,3.48,5379526,0
MVIS.US,D,20180516,000000,3.47,3.50,3.47,3.50,4055744,0
MVIS.US,D,20180517,000000,3.52,3.56,3.51,3.53,4850317,0
MVIS.US,D,20180518,000000,3.56,3.65,3.55,3.64,5721521,0
MVIS.US,D,20180521,000000,3.64,3.71,3.62,3.69,6585285,0
MVIS.US,D,20180521,000000,3.72,3.73,3.69,3.70,9532230,0
MVIS.US,D,20180521,000000,3.70,3.81,3.67,3.77,4866987,0
MVIS.US,D,20180522,000000,3.78,3.90,3.78,3.89,9564598,0
MVIS.US,D,20180523,000000,3.90,3.95,3.90,3.94,7753101,0
MVIS.US,D,20180524,000000,3.97,4.04,3.81,3.83,9414476,0
MVIS.US,D,20180525,000000,3.81,3.87,3.80,3.86,10354455,0
MVIS.US,D,20180528,000000,3.87,3.91,3.69,3.72,5868248,0
MVIS.US,D,20180528,000000,3.69,3.77,3.65,3.75,3620317,0
MVIS.US,D,20180528,000000,3.74,3.76,3.65,3.68,6293010,0
MVIS.US,D,20180529,000000,3.67,3.69,3.56,3.58,9803790,0
MVIS.US,D,20180530,000000,3.59,3.64,3.42,3.49,7305703,0
MVIS.US,D,20180531,000000,3.51,3.51,3.34,3.42,8294360,0
MVIS.US,D,20180601,000000,3.41,3.42,3.40,3.40,8213881,0
MVIS.US,D,20180604,000000,3.40,3.40,3.31,3.32,4724172,0
MVIS.US,D,20180604,000000,3.34,3.45,3.30,3.44,10318059,0
MVIS.US,D,20180604,000000,3.45,3.47,3.35,3.35,7359377,0
MVIS.US,D,20180605,000000,3.35,3.35,3.35,3.35,4742012,0
MVIS.US,D,20180606,000000,3.32,3.37,3.32,3.36,10313261,0
MVIS.US,D,20180607,000000,3.33,3.40,3.32,3.40,8795428,0
MVIS.US,D,20180608,000000,3.36,3.38,3.34,3.35,4164680,0
MVIS.US,D,20180611,000000,3.34,3.38,3.32,3.37,4523430,0
MVIS.US,D,20180611,000000,3.39,3.39,3.38,3.38,7184050,0
MVIS.US,D,20180611,000000,3.38,3.38,3.35,3.36,5175685,0
MVIS.US,D,20180612,000000,3.35,3.51,3.34,3.45,9827885,0
MVIS.US,D,20180613,000000,3.48,3.53,3.47,3.52,6625927,0
MVIS.US,D,20180614,000000,3.51,3.53,3.49,3.53,9882501,0
MVIS.US,D,20180615,000000,3.56,3.56,3.55,3.56,9904630,0
MVIS.US,D,20180618,000000,3.52,3.53,3.46,3.47,10105941,0
MVIS.US,D,20180618,000000,3.47,3.56,3.47,3.51,5221563,0
MVIS.US,D,20180618,000000,3.54,3.56,3.46,3.48,5165866,0
MVIS.US,D,20180619,000000,3.49,3.50,3.37,3.40,7776628,0
MVIS.US,D,20180620,000000,3.36,3.60,3.35,3.59,10200990,0
MVIS.US,D,20180621,000000,3.57,3.62,3.47,3.48,7751538,0
MVIS.US,D,20180622,000000,3.49,3.94,3.44,3.77,7191297,0
MVIS.US,D,20180625,000000,3.82,3.82,3.65,3.67,5816239,0
MVIS.US,D,20180625,000000,3.64,3.80,3.59,3.78,5475842,0
MVIS.US,D,20180625,000000,3.74,3.86,3.73,3.82,8589274,0
MVIS.US,D,20180626,000000,3.83,3.83,3.71,3.74,8918621,0
MVIS.US,D,20180627,000000,3.75,3.75,3.67,3.70,7894783,0
MVIS.US,D,20180628,000000,3.65,3.70,3.65,3.69,8294546,0
MVIS.US,D,20180629,000000,3.68,3.75,3.67,3.73,6213016,0
MVIS.US,D,20180702,000000,3.73,3.85,3.71,3.84,3996152,0
MVIS.US,D,20180702,000000,3.84,3.86,3.76,3.78,8827160,0
MVIS.US,D,20180702,000000,3.77,3.78,3.62,3.63,7735457,0
MVIS.US,D,20180703,000000,3.59,3.71,3.58,3.66,8724585,0
MVIS.US,D,20180704,000000,3.67,3.68,3.60,3.63,6788176,0
MVIS.US,D,20180705,000000,3.63,3.96,3.58,3.85,7747680,0
MVIS.US,D,20180706,000000,3.90,3.93,3.72,3.74,4387487,0
MVIS.US,D,20180709,000000,3.78,3.78,3.62,3.68,9198700,0
MVIS.US,D,20180709,000000,3.69,3.70,3.46,3.57,4770974,0
MVIS.US,D,20180709,000000,3.56,3.63,3.55,3.61,9972461,0
MVIS.US,D,20180710,000000,3.62,3.81,3.57,3.70,8910475,0
MVIS.US,D,20180711,000000,3.68,3.77,3.68,3.76,8084435,0
MVIS.US,D,20180712,000000,3.81,3.81,3.65,3.71,4204025,0
MVIS.US,D,20180713,000000,3.70,3.71,3.64,3.65,7161302,0
MVIS.US,D,20180716,000000,3.61,3.67,3.47,3.50,6226727,0
MVIS.US,D,20180716,000000,3.53,3.55,3.25,3.33,8939961,0
MVIS.US,D,20180716,000000,3.30,3.35,3.25,3.34,7221822,0
MVIS.US,D,20180717,000000,3.31,3.59,3.23,3.49,7286204,0
MVIS.US,D,20180718,000000,3.51,3.56,3.38,3.44,7192281,0
MVIS.US,D,20180719,000000,3.41,3.49,3.37,3.48,8908034,0
MVIS.US,D,20180720,000000,3.48,3.68,3.47,3.64,8087079,0
MVIS.US,D,20180723,000000,3.67,3.70,3.52,3.53,5295368,0
MVIS.US,D,20180723,000000,3.50,3.61,3.49,3.57,7214818,0
MVIS.US,D,20180723,000000,3.58,3.58,3.58,3.58,4661244,0
MVIS.US,D,20180724,000000,3.58,3.87,3.51,3.84,6938907,0
MVIS.US,D,20180725,000000,3.81,3.85,3.80,3.85,5527665,0
MVIS.US,D,20180726,000000,3.76,3.96,3.75,3.94,9973985,0
MVIS.US,D,20180727,000000,3.94,3.98,3.89,3.98,5760291,0
MVIS.US,D,20180730,000000,3.94,4.04,3.93,4.00,3505542,0
MVIS.US,D,20180730,000000,4.03,4.05,3.92,3.94,5738364,0
MVIS.US,D,20180730,000000,4.01,4.04,3.47,3.73,8224034,0
MVIS.US,D,20180731,000000,3.64,3.66,3.57,3.59,8776152,0
MVIS.US,D,20180801,000000,3.64,3.84,3.60,3.81,9683773,0
MVIS.US,D,20180802,000000,3.83,3.85,3.78,3.78,6167581,0
MVIS.US,D,20180803,000000,3.83,4.20,3.80,4.16,4951845,0
MVIS.US,D,20180806,000000,4.12,4.36,4.07,4.27,4661290,0
MVIS.US,D,20180806,000000,4.23,4.43,4.20,4.33,4448009,0
MVIS.US,D,20180806,000000,4.39,4.43,4.34,4.41,6658581,0
MVIS.US,D,20180807,000000,4.48,4.73,4.42,4.64,4807364,0
MVIS.US,D,20180808,000000,4.63,4.70,4.40,4.46,3784964,0
MVIS.US,D,20180809,000000,4.49,4.51,4.48,4.51,4377365,0
MVIS.US,D,20180810,000000,4.40,4.43,4.21,4.24,6752599,0
MVIS.US,D,20180813,000000,4.22,4.25,4.04,4.13,4122219,0
MVIS.US,D,20180813,000000,4.12,4.12,3.88,3.93,7254473,0
MVIS.US,D,20180813,000000,3.97,3.98,3.84,3.86,8442337,0
MVIS.US,D,20180814,000000,3.78,3.88,3.78,3.88,6582495,0
MVIS.US,D,20180815,000000,3.83,4.31,3.80,4.09,6804029,0
MVIS.US,D,20180816,000000,4.11,4.14,3.83,3.89,4781051,0
MVIS.US,D,20180817,000000,3.83,4.11,3.81,4.02,10064375,0
MVIS.US,D,20180820,000000,3.96,4.00,3.78,3.78,6217022,0
MVIS.US,D,20180820,000000,3.65,3.98,3.62,3.90,5930416,0
MVIS.US,D,20180820,000000,3.86,3.89,3.85,3.89,8348214,0
MVIS.US,D,20180821,000000,3.90,3.91,3.76,3.83,6979139,0
MVIS.US,D,20180822,000000,3.83,3.88,3.60,3.70,8259914,0
MVIS.US,D,20180823,000000,3.71,3.73,3.69,3.69,10416997,0
MVIS.US,D,20180824,000000,3.67,3.68,3.61,3.61,6268443,0
MVIS.US,D,20180827,000000,3.58,3.66,3.57,3.65,3610789,0
MVIS.US,D,20180827,000000,3.64,3.64,3.54,3.56,8783478,0
MVIS.US,D,20180827,000000,3.57,3.60,3.45,3.48,7938184,0
MVIS.US,D,20180828,000000,3.42,3.46,3.42,3.45,4282416,0
MVIS.US,D,20180829,000000,3.47,3.49,3.46,3.47,7180116,0
MVIS.US,D,20180830,000000,3.44,3.46,3.44,3.45,4860838,0
MVIS.US,D,20180831,000000,3.43,3.45,3.43,3.45,5087557,0
MVIS.US,D,20180903,000000,3.44,3.51,3.44,3.49,9311065,0
MVIS.US,D,20180903,000000,3.49,3.49,3.48,3.48,5523906,0
MVIS.US,D,20180903,000000,3.47,3.62,3.44,3.59,4243897,0
MVIS.US,D,20180904,000000,3.62,3.67,3.37,3.47,7701540,0
MVIS.US,D,20180905,000000,3.48,3.49,3.11,3.19,4667224,0
MVIS.US,D,20180906,000000,3.20,3.22,3.14,3.16,4983098,0
MVIS.US,D,20180907,000000,3.14,3.25,3.14,3.23,4204140,0
MVIS.US,D,20180910,000000,3.26,3.27,3.24,3.24,3873408,0
MVIS.US,D,20180910,000000,3.23,3.30,3.23,3.27,3860657,0
MVIS.US,D,20180910,000000,3.30,3.32,3.04,3.06,4056529,0
MVIS.US,D,20180911,000000,3.08,3.12,3.04,3.04,10075668,0
MVIS.US,D,20180912,000000,3.02,3.27,2.96,3.21,9142433,0
MVIS.US,D,20180913,000000,3.22,3.23,3.18,3.21,5687520,0
MVIS.US,D,20180914,000000,3.23,3.24,3.22,3.23,6380627,0
MVIS.US,D,20180917,000000,3.22,3.28,2.85,2.96,10143970,0
MVIS.US,D,20180917,000000,2.94,3.00,2.77,2.83,6628725,0
MVIS.US,D,20180917,000000,2.80,2.88,2.77,2.87,7080584,0
MVIS.US,D,20180918,000000,2.89,2.90,2.59,2.62,7389666,0
MVIS.US,D,20180919,000000,2.63,2.63,2.58,2.59,9852719,0
MVIS.US,D,20180920,000000,2.57,2.69,2.52,2.62,3913305,0
MVIS.US,D,20180921,000000,2.67,2.73,2.65,2.72,7067417,0
MVIS.US,D,20180924,000000,2.72,2.74,2.63,2.66,8392881,0
MVIS.US,D,20180924,000000,2.69,2.69,2.63,2.65,3792855,0
MVIS.US,D,20180924,000000,2.60,2.75,2.60,2.71,6958910,0
MVIS.US,D,20180925,000000,2.69,2.69,2.67,2.67,3766161,0
MVIS.US,D,20180926,000000,2.69,2.70,2.63,2.67,6488448,0
MVIS.US,D,20180927,000000,2.77,2.83,2.58,2.59,8398597,0
MVIS.US,D,20180928,000000,2.57,2.74,2.54,2.72,4330384,0
MVIS.US,D,20181001,000000,2.78,2.87,2.77,2.83,5796560,0
MVIS.US,D,20181001,000000,2.88,2.90,2.73,2.75,5015058,0
MVIS.US,D,20181001,000000,2.68,2.71,2.63,2.67,8479302,0
MVIS.US,D,20181002,000000,2.62,2.64,2.59,2.63,8782592,0
MVIS.US,D,20181003,000000,2.69,2.69,2.56,2.57,4381505,0
MVIS.US,D,20181004,000000,2.60,2.62,2.45,2.50,4925953,0
MVIS.US,D,20181005,000000,2.50,2.57,2.48,2.53,8672923,0
MVIS.US,D,20181008,000000,2.53,2.55,2.37,2.40,4587859,0
MVIS.US,D,20181008,000000,2.46,2.48,2.38,2.41,4955365,0
MVIS.US,D,20181008,000000,2.44,2.47,2.25,2.28,5173137,0
MVIS.US,D,20181009,000000,2.30,2.50,2.26,2.44,8670278,0
MVIS.US,D,20181010,000000,2.37,2.38,2.23,2.30,3622784,0
MVIS.US,D,20181011,000000,2.27,2.40,2.26,2.36,5879692,0
MVIS.US,D,20181012,000000,2.35,2.38,2.19,2.19,3726903,0
MVIS.US,D,20181015,000000,2.19,2.33,2.16,2.33,5482319,0
MVIS.US,D,20181015,000000,2.35,2.40,2.35,2.37,7711478,0
MVIS.US,D,20181015,000000,2.34,2.39,2.34,2.39,9921408,0
MVIS.US,D,20181016,000000,2.39,2.44,2.08,2.18,8367823,0
MVIS.US,D,20181017,000000,2.29,2.32,1.97,2.05,3862052,0
MVIS.US,D,20181018,000000,2.00,2.16,1.95,2.15,6081771,0
MVIS.US,D,20181019,000000,2.11,2.18,2.10,2.16,6500037,0
MVIS.US,D,20181022,000000,2.11,2.31,2.06,2.20,6940920,0
MVIS.US,D,20181022,000000,2.15,2.18,1.84,1.86,3630294,0
MVIS.US,D,20181022,000000,1.86,1.89,1.67,1.70,8403182,0
MVIS.US,D,20181023,000000,1.65,1.88,1.62,1.76,5873890,0
MVIS.US,D,20181024,000000,1.76,1.97,1.75,1.87,4627762,0
MVIS.US,D,20181025,000000,1.85,1.98,1.84,1.95,6924672,0
MVIS.US,D,20181026,000000,1.98,2.13,1.97,2.12,4031704,0
MVIS.US,D,20181029,000000,2.15,2.21,2.14,2.20,8578804,0
MVIS.US,D,20181029,000000,2.24,2.24,2.13,2.14,4623086,0
MVIS.US,D,20181029,000000,2.17,2.20,1.90,1.93,3742560,0
MVIS.US,D,20181030,000000,1.90,1.90,1.73,1.80,9157229,0
MVIS.US,D,20181031,000000,1.79,1.83,1.77,1.80,3870164,0
MVIS.US,D,20181101,000000,1.78,1.80,1.49,1.58,4731270,0
MVIS.US,D,20181102,000000,1.54,1.83,1.46,1.74,5171826,0
MVIS.US,D,20181105,000000,1.75,1.96,1.72,1.91,8458195,0
MVIS.US,D,20181105,000000,1.89,1.98,1.87,1.93,5117973,0
MVIS.US,D,20181105,000000,1.91,1.92,1.90,1.91,9174833,0
MVIS.US,D,20181106,000000,1.91,2.03,1.90,2.01,6343912,0
MVIS.US,D,20181107,000000,1.99,2.05,1.98,2.04,10457040,0
MVIS.US,D,20181108,000000,2.03,2.24,1.97,2.17,7140043,0
MVIS.US,D,20181109,000000,2.21,2.25,2.21,2.22,6366664,0
MVIS.US,D,20181112,000000,2.25,2.29,2.13,2.19,4947694,0
MVIS.US,D,20181112,000000,2.25,2.25,2.01,2.10,4623320,0
MVIS.US,D,20181112,000000,2.05,2.46,2.02,2.35,7875821,0
MVIS.US,D,20181113,000000,2.39,2.60,2.37,2.58,7025809,0
MVIS.US,D,20181114,000000,2.59,2.61,2.54,2.55,8071861,0
MVIS.US,D,20181115,000000,2.61,2.62,2.43,2.43,4130372,0
MVIS.US,D,20181116,000000,2.42,2.44,2.29,2.33,9892043,0
MVIS.US,D,20181119,000000,2.43,2.52,2.12,2.14,9945211,0
MVIS.US,D,20181119,000000,2.09,2.16,2.01,2.11,8503090,0
MVIS.US,D,20181119,000000,2.07,2.09,1.86,1.94,5437282,0
MVIS.US,D,20181120,000000,1.90,1.93,1.73,1.74,9128590,0
MVIS.US,D,20181121,000000,1.70,1.72,1.70,1.71,8831376,0
MVIS.US,D,20181122,000000,1.71,1.74,1.71,1.72,6791404,0
MVIS.US,D,20181123,000000,1.73,1.74,1.64,1.66,4985876,0
MVIS.US,D,20181126,000000,1.67,1.80,1.65,1.80,4101447,0
MVIS.US,D,20181126,000000,1.85,1.87,1.56,1.61,4172717,0
MVIS.US,D,20181126,000000,1.56,1.76,1.53,1.67,6549959,0
MVIS.US,D,20181127,000000,1.64,1.82,1.59,1.81,9574140,0
MVIS.US,D,20181128,000000,1.79,1.90,1.77,1.86,9766113,0
MVIS.US,D,20181129,000000,1.88,2.03,1.86,2.01,6883921,0
MVIS.US,D,20181130,000000,2.03,2.27,1.93,2.27,4983835,0
MVIS.US,D,20181203,000000,2.29,2.46,2.27,2.44,9798474,0
MVIS.US,D,20181203,000000,2.40,3.47,2.03,3.08,5070687,0
MVIS.US,D,20181203,000000,3.03,3.08,2.95,2.97,6231320,0
MVIS.US,D,20181204,000000,2.97,2.97,2.83,2.87,10316313,0
MVIS.US,D,20181205,000000,2.94,3.09,2.65,2.66,6659891,0
MVIS.US,D,20181206,000000,2.58,2.80,2.57,2.79,9432286,0
MVIS.US,D,20181207,000000,2.66,2.67,2.37,2.41,6988551,0
MVIS.US,D,20181210,000000,2.44,2.65,2.36,2.60,7362336,0
MVIS.US,D,20181210,000000,2.48,2.58,2.44,2.52,8055849,0
MVIS.US,D,20181210,000000,2.51,2.69,2.47,2.61,10421293,0
MVIS.US,D,20181211,000000,2.59,2.63,2.34,2.39,6527646,0
MVIS.US,D,20181212,000000,2.35,2.46,2.28,2.43,8476421,0
MVIS.US,D,20181213,000000,2.53,2.57,2.25,2.26,10034195,0
MVIS.US,D,20181214,000000,2.20,2.42,2.16,2.36,10352461,0
MVIS.US,D,20181217,000000,2.37,2.43,2.15,2.22,6138782,0
MVIS.US,D,20181217,000000,2.09,2.10,2.00,2.01,6449059,0
MVIS.US,D,20181217,000000,2.00,2.07,1.97,2.05,9735108,0
MVIS.US,D,20181218,000000,2.08,2.30,2.04,2.23,10265903,0
MVIS.US,D,20181219,000000,2.17,2.25,1.91,2.07,9018854,0
MVIS.US,D,20181220,000000,2.04,2.07,1.97,1.98,8141784,0
MVIS.US,D,20181221,000000,2.00,2.01,1.92,1.93,3748075,0
MVIS.US,D,20181224,000000,1.89,2.09,1.87,2.08,6368867,0
MVIS.US,D,20181224,000000,2.10,2.11,2.03,2.03,4576361,0
MVIS.US,D,20181224,000000,2.04,2.05,2.02,2.05,9894913,0
MVIS.US,D,20181225,000000,2.06,2.07,1.96,1.99,6977717,0
MVIS.US,D,20181226,000000,1.98,2.14,1.91,2.09,8185937,0
MVIS.US,D,20181227,000000,2.12,2.13,1.74,1.82,10467627,0
MVIS.US,D,20181228,000000,1.79,1.80,1.79,1.80,6775081,0
MVIS.US,D,20181231,000000,1.83,1.84,1.76,1.79,8439464,0
MVIS.US,D,20181231,000000,1.78,2.10,1.74,1.98,4115597,0
MVIS.US,D,20181231,000000,1.98,2.03,1.86,1.90,6380000,0
MVIS.US,D,20190101,000000,1.88,1.90,1.72,1.78,9699018,0
MVIS.US,D,20190102,000000,1.75,1.84,1.74,1.81,6043912,0
MVIS.US,D,20190103,000000,1.79,1.84,1.65,1.65,5156790,0
MVIS.US,D,20190104,000000,1.64,1.65,1.59,1.62,9056830,0
MVIS.US,D,20190107,000000,1.60,1.60,1.59,1.60,9086670,0
MVIS.US,D,20190107,000000,1.61,1.61,1.54,1.56,4151002,0
MVIS.US,D,20190107,000000,1.54,1.58,1.53,1.56,7276507,0
MVIS.US,D,20190108,000000,1.51,1.53,1.51,1.52,7182977,0
MVIS.US,D,20190109,000000,1.51,1.56,1.50,1.52,4613351,0
MVIS.US,D,20190110,000000,1.54,1.60,1.51,1.56,8691227,0
MVIS.US,D,20190111,000000,1.59,1.62,1.58,1.61,5811612,0
MVIS.US,D,20190114,000000,1.64,1.66,1.41,1.48,6780750,0
MVIS.US,D,20190114,000000,1.46,1.48,1.42,1.42,10070431,0
MVIS.US,D,20190114,000000,1.38,1.56,1.38,1.50,9224808,0
MVIS.US,D,20190115,000000,1.53,1.73,1.51,1.70,9791990,0
MVIS.US,D,20190116,000000,1.74,1.85,1.70,1.83,7279600,0
MVIS.US,D,20190117,000000,1.84,1.87,1.78,1.79,8466040,0
MVIS.US,D,20190118,000000,1.77,1.86,1.55,1.63,4526073,0
MVIS.US,D,20190121,000000,1.59,1.61,1.53,1.54,5946842,0
MVIS.US,D,20190121,000000,1.59,1.60,1.55,1.56,7245280,0
MVIS.US,D,20190121,000000,1.57,1.58,1.54,1.54,3932516,0
MVIS.US,D,20190122,000000,1.58,1.59,1.43,1.44,7728511,0
MVIS.US,D,20190123,000000,1.45,1.46,1.45,1.46,7806552,0
MVIS.US,D,20190124,000000,1.42,1.49,1.42,1.48,6008218,0
MVIS.US,D,20190125,000000,1.48,1.50,1.48,1.50,4003245,0
MVIS.US,D,20190128,000000,1.51,1.52,1.38,1.42,5083055,0
MVIS.US,D,20190128,000000,1.43,1.50,1.41,1.49,8560475,0
MVIS.US,D,20190128,000000,1.54,1.58,1.44,1.45,9752213,0
MVIS.US,D,20190129,000000,1.50,1.51,1.36,1.36,4624735,0
MVIS.US,D,20190130,000000,1.35,1.39,1.34,1.36,4506408,0
MVIS.US,D,20190131,000000,1.37,1.44,1.35,1.41,9681751,0
MVIS.US,D,20190201,000000,1.38,1.53,1.37,1.49,3872483,0
MVIS.US,D,20190204,000000,1.48,1.49,1.47,1.49,4516162,0
MVIS.US,D,20190204,000000,1.50,1.52,1.49,1.51,7134536,0
MVIS.US,D,20190204,000000,1.53,1.54,1.45,1.45,5691510,0
MVIS.US,D,20190205,000000,1.41,1.69,1.34,1.69,8756282,0
MVIS.US,D,20190206,000000,1.63,1.64,1.62,1.63,8906816,0
MVIS.US,D,20190207,000000,1.64,1.84,1.63,1.79,6847793,0
MVIS.US,D,20190208,000000,1.70,1.71,1.55,1.59,5566492,0
MVIS.US,D,20190211,000000,1.55,1.84,1.49,1.80,10450674,0
MVIS.US,D,20190211,000000,1.79,1.84,1.60,1.67,5799836,0
MVIS.US,D,20190211,000000,1.67,1.70,1.58,1.60,7450282,0
MVIS.US,D,20190212,000000,1.64,1.64,1.57,1.58,3743734,0
MVIS.US,D,20190213,000000,1.59,1.63,1.59,1.62,4732507,0
MVIS.US,D,20190214,000000,1.65,1.69,1.52,1.53,8351002,0
MVIS.US,D,20190215,000000,1.54,1.61,1.54,1.60,10217971,0
MVIS.US,D,20190218,000000,1.63,1.64,1.63,1.63,8357670,0
MVIS.US,D,20190218,000000,1.61,1.70,1.56,1.67,7631971,0
MVIS.US,D,20190218,000000,1.66,1.87,1.65,1.77,9148574,0
MVIS.US,D,20190219,000000,1.75,1.79,1.54,1.62,9789204,0
MVIS.US,D,20190220,000000,1.64,1.94,1.55,1.80,10304698,0
MVIS.US,D,20190221,000000,1.74,1.75,1.70,1.70,9575653,0
MVIS.US,D,20190222,000000,1.71,1.72,1.69,1.70,5656710,0
MVIS.US,D,20190225,000000,1.68,1.70,1.68,1.69,7309416,0
MVIS.US,D,20190225,000000,1.69,1.80,1.68,1.74,9972852,0
MVIS.US,D,20190225,000000,1.74,1.74,1.74,1.74,4650456,0
MVIS.US,D,20190226,000000,1.70,1.93,1.69,1.89,8946610,0
MVIS.US,D,20190227,000000,1.85,1.91,1.82,1.88,5867245,0
MVIS.US,D,20190228,000000,1.94,1.94,1.92,1.92,10082228,0
MVIS.US,D,20190301,000000,2.00,2.01,1.66,1.75,8019027,0
MVIS.US,D,20190304,000000,1.72,1.96,1.69,1.93,7459483,0
MVIS.US,D,20190304,000000,1.93,1.95,1.76,1.80,6771481,0
MVIS.US,D,20190304,000000,1.83,1.85,1.76,1.78,4021763,0
MVIS.US,D,20190305,000000,1.82,1.98,1.80,1.96,5800285,0
MVIS.US,D,20190306,000000,1.97,2.02,1.78,1.85,3560559,0
MVIS.US,D,20190307,000000,1.80,1.92,1.80,1.89,6403449,0
MVIS.US,D,20190308,000000,1.93,1.96,1.82,1.83,5764294,0
MVIS.US,D,20190311,000000,1.86,2.02,1.81,1.93,7757611,0
MVIS.US,D,20190311,000000,1.95,2.04,1.94,1.98,5217742,0
MVIS.US,D,20190311,000000,2.01,2.01,2.00,2.01,5584514,0
MVIS.US,D,20190312,000000,2.02,2.06,2.01,2.05,9990115,0
MVIS.US,D,20190313,000000,2.05,2.29,2.00,2.18,5293570,0
MVIS.US,D,20190314,000000,2.22,2.23,2.17,2.18,8908895,0
MVIS.US,D,20190315,000000,2.11,2.20,2.09,2.17,5216400,0
MVIS.US,D,20190318,000000,2.15,2.18,2.11,2.13,6000417,0
MVIS.US,D,20190318,000000,2.14,2.18,1.98,2.02,7991351,0
MVIS.US,D,20190318,000000,1.93,1.96,1.87,1.87,3770905,0
MVIS.US,D,20190319,000000,1.90,1.91,1.72,1.75,7588262,0
MVIS.US,D,20190320,000000,1.78,2.08,1.74,2.06,9859098,0
MVIS.US,D,20190321,000000,2.10,2.21,2.09,2.16,10136993,0
MVIS.US,D,20190322,000000,2.17,2.20,2.08,2.09,8239193,0
MVIS.US,D,20190325,000000,2.12,2.27,2.08,2.24,4208399,0
MVIS.US,D,20190325,000000,2.21,2.26,2.00,2.02,8080698,0
MVIS.US,D,20190325,000000,2.00,2.05,1.81,1.87,7516164,0
MVIS.US,D,20190326,000000,1.84,2.12,1.79,2.08,4918123,0
MVIS.US,D,20190327,000000,2.12,2.24,2.10,2.23,6404202,0
MVIS.US,D,20190328,000000,2.25,2.28,2.02,2.04,6531876,0
MVIS.US,D,20190329,000000,1.97,2.25,1.94,2.18,4476609,0
MVIS.US,D,20190401,000000,2.17,2.25,2.17,2.23,5625286,0
MVIS.US,D,20190401,000000,2.25,2.26,2.07,2.09,4243492,0
MVIS.US,D,20190401,000000,2.07,2.15,2.06,2.13,6440814,0
MVIS.US,D,20190402,000000,2.12,2.32,2.11,2.27,3818954,0
MVIS.US,D,20190403,000000,2.24,2.25,2.17,2.19,5334762,0
MVIS.US,D,20190404,000000,2.20,2.25,1.85,1.85,8177541,0
MVIS.US,D,20190405,000000,1.86,1.89,1.82,1.84,6146211,0
MVIS.US,D,20190408,000000,1.86,1.94,1.85,1.91,8629480,0
MVIS.US,D,20190408,000000,1.91,1.93,1.84,1.85,6871004,0
MVIS.US,D,20190408,000000,1.83,1.97,1.79,1.94,10245735,0
MVIS.US,D,20190409,000000,1.93,1.93,1.90,1.91,4917411,0
MVIS.US,D,20190410,000000,1.88,1.89,1.77,1.83,6916722,0
MVIS.US,D,20190411,000000,1.82,1.84,1.64,1.66,8190938,0
MVIS.US,D,20190412,000000,1.63,1.69,1.63,1.69,4367865,0
MVIS.US,D,20190415,000000,1.70,1.72,1.68,1.71,5859878,0
MVIS.US,D,20190415,000000,1.71,1.75,1.63,1.66,7736065,0
MVIS.US,D,20190415,000000,1.69,1.72,1.69,1.71,9576121,0
MVIS.US,D,20190416,000000,1.66,1.77,1.63,1.76,4373992,0
MVIS.US,D,20190417,000000,1.76,1.78,1.63,1.65,8767539,0
MVIS.US,D,20190418,000000,1.63,1.75,1.62,1.72,5512262,0
MVIS.US,D,20190419,000000,1.72,1.75,1.62,1.66,8471531,0
MVIS.US,D,20190422,000000,1.65,1.67,1.65,1.66,9383934,0
MVIS.US,D,20190422,000000,1.65,1.68,1.36,1.49,9689181,0
MVIS.US,D,20190422,000000,1.50,1.53,1.48,1.52,10456460,0
MVIS.US,D,20190423,000000,1.51,1.58,1.50,1.57,7581409,0
MVIS.US,D,20190424,000000,1.57,1.61,1.57,1.59,4606137,0
MVIS.US,D,20190425,000000,1.63,1.72,1.62,1.70,6898334,0
MVIS.US,D,20190426,000000,1.69,1.72,1.69,1.72,4409779,0
MVIS.US,D,20190429,000000,1.69,1.75,1.69,1.72,10169382,0
MVIS.US,D,20190429,000000,1.69,1.71,1.68,1.70,5785552,0
MVIS.US,D,20190429,000000,1.74,1.81,1.63,1.67,8349799,0
MVIS.US,D,20190430,000000,1.60,1.79,1.53,1.76,4409945,0
MVIS.US,D,20190501,000000,1.75,2.18,1.71,2.06,5818837,0
MVIS.US,D,20190502,000000,2.01,2.39,1.88,2.27,6694712,0
MVIS.US,D,20190503,000000,2.29,2.56,2.25,2.45,3623573,0
MVIS.US,D,20190506,000000,2.46,2.56,2.43,2.55,4903803,0
MVIS.US,D,20190506,000000,2.54,2.61,2.54,2.58,3582727,0
MVIS.US,D,20190506,000000,2.60,2.63,2.41,2.43,3517653,0
MVIS.US,D,20190507,000000,2.45,2.50,2.23,2.25,7541690,0
MVIS.US,D,20190508,000000,2.24,2.31,2.24,2.29,5731931,0
MVIS.US,D,20190509,000000,2.29,2.29,2.27,2.28,3873149,0
MVIS.US,D,20190510,000000,2.30,2.44,2.27,2.41,9851031,0
MVIS.US,D,20190513,000000,2.42,2.44,2.40,2.44,5260186,0
MVIS.US,D,20190513,000000,2.46,2.66,2.41,2.59,10468956,0
MVIS.US,D,20190513,000000,2.61,2.68,2.58,2.67,7422821,0
MVIS.US,D,20190514,000000,2.63,2.72,2.61,2.71,4604217,0
MVIS.US,D,20190515,000000,2.69,3.02,2.67,2.94,7596221,0
MVIS.US,D,20190516,000000,2.89,3.17,2.88,3.03,5218927,0
MVIS.US,D,20190517,000000,3.08,3.16,2.93,2.95,3793068,0
MVIS.US,D,20190520,000000,3.07,3.45,3.00,3.27,3602427,0
MVIS.US,D,20190520,000000,3.22,3.23,3.05,3.16,5069782,0
MVIS.US,D,20190520,000000,3.28,3.28,3.23,3.27,6199926,0
MVIS.US,D,20190521,000000,3.34,3.61,3.32,3.52,9202914,0
MVIS.US,D,20190522,000000,3.46,3.49,3.45,3.49,7586221,0
MVIS.US,D,20190523,000000,3.41,3.68,3.38,3.64,6790034,0
MVIS.US,D,20190524,000000,3.73,4.13,3.72,4.08,8797715,0
MVIS.US,D,20190527,000000,3.96,4.15,3.91,4.09,3573158,0
MVIS.US,D,20190527,000000,3.98,4.40,3.93,4.37,5741417,0
MVIS.US,D,20190527,000000,4.26,4.36,4.26,4.29,6396569,0
MVIS.US,D,20190528,000000,4.21,4.31,4.14,4.27,5085199,0
MVIS.US,D,20190529,000000,4.20,4.22,3.73,3.90,8431988,0
MVIS.US,D,20190530,000000,3.93,3.98,3.92,3.96,7375266,0
MVIS.US,D,20190531,000000,3.89,4.24,3.88,4.15,4163150,0
MVIS.US,D,20190603,000000,4.17,4.40,4.17,4.40,5948446,0
MVIS.US,D,20190603,000000,4.34,4.40,4.19,4.25,9964739,0
MVIS.US,D,20190603,000000,4.33,4.53,4.28,4.46,5365395,0
MVIS.US,D,20190604,000000,4.56,4.58,4.14,4.30,8480273,0
MVIS.US,D,20190605,000000,4.25,4.40,4.17,4.35,5633210,0
MVIS.US,D,20190606,000000,4.30,4.31,3.87,3.87,7197770,0
MVIS.US,D,20190607,000000,3.90,3.92,3.64,3.71,5108939,0
MVIS.US,D,20190610,000000,3.56,3.64,3.51,3.55,6049881,0
MVIS.US,D,20190610,000000,3.63,4.14,3.63,4.01,6196736,0
MVIS.US,D,20190610,000000,4.12,4.35,3.52,3.53,7370885,0
MVIS.US,D,20190611,000000,3.63,3.98,3.62,3.83,3877271,0
MVIS.US,D,20190612,000000,3.91,4.11,3.44,3.68,7926991,0
MVIS.US,D,20190613,000000,3.59,3.60,3.50,3.51,6197625,0
MVIS.US,D,20190614,000000,3.52,3.57,3.29,3.31,7422617,0
MVIS.US,D,20190617,000000,3.32,3.48,3.26,3.37,5683335,0
MVIS.US,D,20190617,000000,3.27,3.33,2.87,2.95,6601521,0
MVIS.US,D,20190617,000000,2.83,3.59,2.77,3.48,5629220,0
MVIS.US,D,20190618,000000,3.42,3.74,3.32,3.60,8849140,0
MVIS.US,D,20190619,000000,3.56,3.75,3.54,3.72,3837090,0
MVIS.US,D,20190620,000000,3.71,4.18,3.61,4.04,8269321,0
MVIS.US,D,20190621,000000,3.89,3.91,3.88,3.90,8508908,0
MVIS.US,D,20190624,000000,3.97,4.13,3.95,4.11,10043832,0
MVIS.US,D,20190624,000000,4.06,4.13,3.77,3.84,10326415,0
MVIS.US,D,20190624,000000,3.80,3.86,3.41,3.52,3599525,0
MVIS.US,D,20190625,000000,3.57,3.61,3.24,3.35,4439692,0
MVIS.US,D,20190626,000000,3.29,3.40,2.71,2.86,5254520,0
MVIS.US,D,20190627,000000,2.89,2.90,2.48,2.64,8583710,0
MVIS.US,D,20190628,000000,2.71,3.01,2.69,2.99,9415973,0
MVIS.US,D,20190701,000000,3.00,3.00,2.99,3.00,7458481,0
MVIS.US,D,20190701,000000,2.93,3.29,2.88,3.20,10111442,0
MVIS.US,D,20190701,000000,3.08,3.13,3.08,3.11,8285341,0
MVIS.US,D,20190702,000000,3.09,3.11,2.73,2.74,6597996,0
MVIS.US,D,20190703,000000,2.83,3.01,2.81,2.99,5761273,0
MVIS.US,D,20190704,000000,3.00,3.07,2.68,2.83,4645088,0
MVIS.US,D,20190705,000000,2.77,2.98,2.73,2.83,8990186,0
MVIS.US,D,20190708,000000,2.76,2.76,2.60,2.62,4213502,0
MVIS.US,D,20190708,000000,2.65,2.86,2.38,2.44,8510411,0
MVIS.US,D,20190708,000000,2.46,2.64,2.45,2.57,10178676,0
MVIS.US,D,20190709,000000,2.55,2.67,2.49,2.65,4821661,0
MVIS.US,D,20190710,000000,2.55,2.57,2.47,2.49,10032888,0
MVIS.US,D,20190711,000000,2.43,3.04,2.36,2.72,9172044,0
MVIS.US,D,20190712,000000,2.79,2.81,2.66,2.68,7801292,0
MVIS.US,D,20190715,000000,2.77,2.82,2.38,2.44,5141462,0
MVIS.US,D,20190715,000000,2.43,2.46,1.93,2.07,8731580,0
MVIS.US,D,20190715,000000,2.02,2.31,2.00,2.30,4767638,0
MVIS.US,D,20190716,000000,2.22,2.88,2.06,2.69,7038355,0
MVIS.US,D,20190717,000000,2.75,2.80,2.47,2.48,5165523,0
MVIS.US,D,20190718,000000,2.45,2.67,2.38,2.57,4945745,0
MVIS.US,D,20190719,000000,2.57,3.00,2.57,2.83,7129558,0
MVIS.US,D,20190722,000000,2.84,2.88,2.71,2.73,3711017,0
MVIS.US,D,20190722,000000,2.81,2.92,2.40,2.44,4479941,0
MVIS.US,D,20190722,000000,2.43,2.65,2.43,2.59,5789594,0
MVIS.US,D,20190723,000000,2.53,2.57,2.45,2.46,3866191,0
MVIS.US,D,20190724,000000,2.44,2.60,2.01,2.07,4769357,0
MVIS.US,D,20190725,000000,2.06,2.26,2.04,2.24,6278038,0
MVIS.US,D,20190726,000000,2.14,2.15,2.13,2.14,9846159,0
MVIS.US,D,20190729,000000,2.23,2.32,2.19,2.30,9417617,0
MVIS.US,D,20190729,000000,2.36,2.39,2.35,2.37,8607199,0
MVIS.US,D,20190729,000000,2.37,2.42,2.37,2.41,4322321,0
MVIS.US,D,20190730,000000,2.37,2.47,1.89,2.07,6137046,0
MVIS.US,D,20190731,000000,1.97,2.15,1.95,2.04,4551741,0
MVIS.US,D,20190801,000000,2.07,2.08,2.00,2.02,7672648,0
MVIS.US,D,20190802,000000,2.02,2.04,2.01,2.02,7092362,0
MVIS.US,D,20190805,000000,2.04,2.05,1.73,1.85,9645767,0
MVIS.US,D,20190805,000000,1.82,1.86,1.77,1.78,9866069,0
MVIS.US,D,20190805,000000,1.76,1.79,1.76,1.77,8825535,0
MVIS.US,D,20190806,000000,1.81,1.93,1.77,1.91,5500601,0
MVIS.US,D,20190807,000000,1.93,1.95,1.93,1.94,7141556,0
MVIS.US,D,20190808,000000,1.96,2.00,1.81,1.83,9541445,0
MVIS.US,D,20190809,000000,1.90,2.00,1.60,1.66,5630520,0
MVIS.US,D,20190812,000000,1.71,1.73,1.65,1.65,3622579,0
MVIS.US,D,20190812,000000,1.66,1.75,1.64,1.74,6914321,0
MVIS.US,D,20190812,000000,1.74,1.84,1.72,1.78,6889877,0
MVIS.US,D,20190813,000000,1.77,1.86,1.65,1.71,8810212,0
MVIS.US,D,20190814,000000,1.75,1.83,1.69,1.82,6796758,0
MVIS.US,D,20190815,000000,1.82,2.01,1.80,1.99,10496175,0
MVIS.US,D,20190816,000000,1.95,2.04,1.70,1.74,5121046,0
MVIS.US,D,20190819,000000,1.77,1.95,1.72,1.91,7704094,0
MVIS.US,D,20190819,000000,1.93,1.97,1.92,1.97,7725600,0
MVIS.US,D,20190819,000000,1.91,2.03,1.89,2.00,7897588,0
MVIS.US,D,20190820,000000,1.99,2.00,1.75,1.82,10166720,0
MVIS.US,D,20190821,000000,1.88,1.91,1.71,1.79,6638407,0
MVIS.US,D,20190822,000000,1.77,1.87,1.50,1.51,6439591,0
MVIS.US,D,20190823,000000,1.47,1.49,1.45,1.49,8781903,0
MVIS.US,D,20190826,000000,1.48,1.50,1.39,1.43,6588331,0
MVIS.US,D,20190826,000000,1.43,1.45,1.30,1.31,7227589,0
MVIS.US,D,20190826,000000,1.30,1.36,1.28,1.32,6611104,0
MVIS.US,D,20190827,000000,1.35,1.37,1.11,1.23,9541756,0
MVIS.US,D,20190828,000000,1.21,1.22,1.18,1.19,10302273,0
MVIS.US,D,20190829,000000,1.18,1.18,1.15,1.16,4636912,0
MVIS.US,D,20190830,000000,1.20,1.20,1.13,1.14,9638461,0
MVIS.US,D,20190902,000000,1.14,1.14,1.12,1.13,9214610,0
MVIS.US,D,20190902,000000,1.13,1.26,1.12,1.23,9254365,0
MVIS.US,D,20190902,000000,1.26,1.26,1.20,1.21,5525839,0
MVIS.US,D,20190903,000000,1.19,1.22,1.19,1.21,10279964,0
MVIS.US,D,20190904,000000,1.22,1.25,1.10,1.12,7343826,0
MVIS.US,D,20190905,000000,1.12,1.12,1.11,1.12,4994193,0
MVIS.US,D,20190906,000000,1.12,1.31,1.09,1.21,10453328,0
MVIS.US,D,20190909,000000,1.21,1.37,1.20,1.31,8943013,0
MVIS.US,D,20190909,000000,1.31,1.33,1.28,1.33,4343785,0
MVIS.US,D,20190909,000000,1.32,1.32,1.28,1.29,9224068,0
MVIS.US,D,20190910,000000,1.31,1.32,1.19,1.24,5596973,0
MVIS.US,D,20190911,000000,1.18,1.19,1.08,1.10,8499874,0
MVIS.US,D,20190912,000000,1.12,1.12,1.05,1.08,9576913,0
MVIS.US,D,20190913,000000,1.08,1.22,1.07,1.19,3645560,0
MVIS.US,D,20190916,000000,1.21,1.22,1.05,1.09,7426659,0
MVIS.US,D,20190916,000000,1.05,1.09,1.04,1.08,9865995,0
MVIS.US,D,20190916,000000,1.09,1.11,1.03,1.03,8028024,0
MVIS.US,D,20190917,000000,1.06,1.20,1.05,1.17,6732229,0
MVIS.US,D,20190918,000000,1.16,1.18,1.15,1.17,6496428,0
MVIS.US,D,20190919,000000,1.14,1.17,0.97,1.00,4836747,0
MVIS.US,D,20190920,000000,1.02,1.11,1.00,1.10,8987078,0
MVIS.US,D,20190923,000000,1.10,1.10,1.00,1.05,10044512,0
MVIS.US,D,20190923,000000,1.02,1.04,0.95,1.00,6836048,0
MVIS.US,D,20190923,000000,1.00,1.00,1.00,1.00,9621633,0
MVIS.US,D,20190924,000000,1.01,1.04,1.00,1.03,10407142,0
MVIS.US,D,20190925,000000,1.02,1.10,1.01,1.09,8611766,0
MVIS.US,D,20190926,000000,1.09,1.10,1.06,1.10,4315788,0
MVIS.US,D,20190927,000000,1.03,1.22,1.02,1.15,7135588,0
MVIS.US,D,20190930,000000,1.16,1.25,1.14,1.25,9850406,0
MVIS.US,D,20190930,000000,1.22,1.41,1.22,1.34,9372076,0
MVIS.US,D,20190930,000000,1.29,1.41,1.24,1.40,10054420,0
MVIS.US,D,20191001,000000,1.37,1.55,1.35,1.48,9205418,0
MVIS.US,D,20191002,000000,1.50,1.76,1.44,1.70,4893235,0
MVIS.US,D,20191003,000000,1.69,1.93,1.68,1.88,4377315,0
MVIS.US,D,20191004,000000,1.93,2.00,1.90,1.96,3882680,0
MVIS.US,D,20191007,000000,1.95,1.96,1.90,1.91,5347380,0
MVIS.US,D,20191007,000000,1.96,1.97,1.74,1.79,9104709,0
MVIS.US,D,20191007,000000,1.77,1.98,1.76,1.95,6669043,0
MVIS.US,D,20191008,000000,1.89,1.90,1.87,1.88,9046292,0
MVIS.US,D,20191009,000000,1.88,1.94,1.88,1.94,8412235,0
MVIS.US,D,20191010,000000,1.96,1.96,1.92,1.94,8591890,0
MVIS.US,D,20191011,000000,1.94,1.94,1.91,1.91,4055723,0
MVIS.US,D,20191014,000000,1.90,2.10,1.86,2.08,8208434,0
MVIS.US,D,20191014,000000,2.09,2.25,2.07,2.24,5637984,0
MVIS.US,D,20191014,000000,2.25,2.50,2.24,2.43,8649010,0
MVIS.US,D,20191015,000000,2.36,2.46,2.35,2.43,7143856,0
MVIS.US,D,20191016,000000,2.39,2.48,2.38,2.45,7634991,0
MVIS.US,D,20191017,000000,2.47,2.50,2.38,2.43,5867344,0
MVIS.US,D,20191018,000000,2.42,2.62,2.33,2.61,9450546,0
MVIS.US,D,20191021,000000,2.64,2.68,2.45,2.50,7704423,0
MVIS.US,D,20191021,000000,2.50,2.51,2.14,2.23,4650661,0
MVIS.US,D,20191021,000000,2.22,2.34,2.22,2.32,5948432,0
MVIS.US,D,20191022,000000,2.23,2.28,2.23,2.28,4888029,0
MVIS.US,D,20191023,000000,2.30,2.40,2.06,2.11,10161745,0
MVIS.US,D,20191024,000000,2.11,2.13,2.09,2.13,9971662,0
MVIS.US,D,20191025,000000,2.12,2.20,2.12,2.17,6260630,0
MVIS.US,D,20191028,000000,2.16,2.17,2.14,2.15,3562689,0
MVIS.US,D,20191028,000000,2.17,2.21,2.15,2.18,7851140,0
MVIS.US,D,20191028,000000,2.21,2.21,2.10,2.13,8124580,0
MVIS.US,D,20191029,000000,2.13,2.27,2.12,2.24,6784479,0
MVIS.US,D,20191030,000000,2.25,2.29,2.09,2.10,5597279,0
MVIS.US,D,20191031,000000,2.12,2.14,1.95,2.04,6647950,0
MVIS.US,D,20191101,000000,2.08,2.08,2.06,2.07,5023270,0
MVIS.US,D,20191104,000000,2.09,2.13,2.08,2.12,7785102,0
MVIS.US,D,20191104,000000,2.11,2.15,2.10,2.15,6362749,0
MVIS.US,D,20191104,000000,2.13,2.20,2.12,2.20,13471027,0
MVIS.US,D,20191105,000000,2.19,2.27,2.17,2.25,16448590,0
MVIS.US,D,20191106,000000,2.25,2.29,2.21,2.29,15228780,0
MVIS.US,D,20191107,000000,2.28,2.35,2.27,2.34,19596584,0
MVIS.US,D,20191108,000000,2.31,2.43,2.30,2.39,19784659,0
MVIS.US,D,20191111,000000,2.31,2.50,2.26,2.44,10999794,0
MVIS.US,D,20191111,000000,2.41,2.50,2.40,2.48,14062133,0
MVIS.US,D,20191111,000000,2.53,2.57,2.53,2.54,14909319,0
MVIS.US,D,20191112,000000,2.52,2.68,2.50,2.60,13973102,0
MVIS.US,D,20191113,000000,2.63,2.70,2.63,2.67,10808087,0
MVIS.US,D,20191114,000000,2.64,2.88,2.61,2.73,9304169,0
MVIS.US,D,20191115,000000,2.77,2.80,2.74,2.80,25303589,0
MVIS.US,D,20191118,000000,2.79,2.93,2.79,2.87,26603721,0
MVIS.US,D,20191118,000000,2.92,2.96,2.91,2.95,20072357,0
MVIS.US,D,20191118,000000,2.94,3.01,2.88,3.00,22557078,0
MVIS.US,D,20191119,000000,2.99,3.14,2.93,3.09,28162836,0
MVIS.US,D,20191120,000000,3.06,3.21,3.06,3.17,27540931,0
MVIS.US,D,20191121,000000,3.14,3.33,3.12,3.26,25172436,0
MVIS.US,D,20191122,000000,3.24,3.39,3.23,3.36,23052031,0
MVIS.US,D,20191125,000000,3.32,3.53,3.30,3.47,13652593,0
MVIS.US,D,20191125,000000,3.42,3.65,3.40,3.57,25360937,0
MVIS.US,D,20191125,000000,3.57,3.74,3.56,3.65,18552065,0
MVIS.US,D,20191126,000000,3.63,3.85,3.61,3.82,15889222,0
MVIS.US,D,20191127,000000,3.78,3.94,3.77,3.92,27424572,0
MVIS.US,D,20191128,000000,3.93,4.01,3.92,3.94,8061770,0
MVIS.US,D,20191129,000000,4.00,4.14,3.70,3.81,7245360,0
MVIS.US,D,20191202,000000,3.82,3.94,3.77,3.91,6800072,0
MVIS.US,D,20191202,000000,3.87,3.88,3.82,3.85,5839161,0
MVIS.US,D,20191202,000000,3.87,3.96,3.87,3.93,6288932,0
MVIS.US,D,20191203,000000,3.91,4.14,3.86,4.13,7272313,0
MVIS.US,D,20191204,000000,4.10,4.21,4.09,4.19,8118287,0
MVIS.US,D,20191205,000000,4.19,4.25,3.94,3.98,6024311,0
MVIS.US,D,20191206,000000,3.98,4.05,3.97,4.04,6707528,0
MVIS.US,D,20191209,000000,4.02,4.16,3.97,4.09,4393675,0
MVIS.US,D,20191209,000000,4.07,4.08,4.01,4.03,8708852,0
MVIS.US,D,20191209,000000,4.00,4.02,4.00,4.00,9990707,0
MVIS.US,D,20191210,000000,4.01,4.06,4.01,4.05,6122116,0
MVIS.US,D,20191211,000000,4.02,4.11,4.00,4.11,9306699,0
MVIS.US,D,20191212,000000,4.14,4.16,3.93,3.98,7299445,0
MVIS.US,D,20191213,000000,4.00,4.06,3.99,4.04,7031307,0
MVIS.US,D,20191216,000000,4.05,4.05,4.01,4.02,10095981,0
MVIS.US,D,20191216,000000,4.02,4.02,4.00,4.00,5475696,0
MVIS.US,D,20191216,000000,4.00,4.05,4.00,4.04,7881203,0
MVIS.US,D,20191217,000000,4.06,4.18,4.03,4.17,5232831,0
MVIS.US,D,20191218,000000,4.18,4.30,4.17,4.27,5474825,0
MVIS.US,D,20191219,000000,4.23,4.24,4.18,4.19,10206835,0
MVIS.US,D,20191220,000000,4.13,4.20,4.09,4.16,4519767,0
MVIS.US,D,20191223,000000,4.16,4.19,4.08,4.08,7200298,0
MVIS.US,D,20191223,000000,4.09,4.11,4.03,4.07,5709752,0
MVIS.US,D,20191223,000000,4.00,4.17,3.91,4.11,4144382,0
MVIS.US,D,20191224,000000,4.12,4.29,4.11,4.27,5213403,0
MVIS.US,D,20191225,000000,4.23,4.63,4.19,4.58,6859717,0
MVIS.US,D,20191226,000000,4.58,4.59,4.53,4.53,8412673,0
MVIS.US,D,20191227,000000,4.53,4.64,4.52,4.60,10476493,0
MVIS.US,D,20191230,000000,4.63,4.64,4.42,4.53,8859658,0
MVIS.US,D,20191230,000000,4.49,4.56,4.27,4.30,5868799,0
MVIS.US,D,20191230,000000,4.29,4.29,4.02,4.09,7312347,0
MVIS.US,D,20191231,000000,4.07,4.19,4.06,4.15,6494288,0
MVIS.US,D,20200101,000000,4.13,4.15,4.09,4.11,8235277,0
MVIS.US,D,20200102,000000,4.14,4.34,4.03,4.33,5036170,0
MVIS.US,D,20200103,000000,4.38,4.39,4.30,4.34,6204304,0
MVIS.US,D,20200106,000000,4.26,4.30,4.18,4.19,8856854,0
MVIS.US,D,20200106,000000,4.11,4.13,4.01,4.03,4860105,0
MVIS.US,D,20200106,000000,3.98,4.01,3.90,3.95,7949773,0
MVIS.US,D,20200107,000000,3.92,4.05,3.90,3.98,4102860,0
MVIS.US,D,20200108,000000,3.95,4.12,3.92,4.10,3720776,0
MVIS.US,D,20200109,000000,4.16,4.18,3.93,3.96,5814452,0
MVIS.US,D,20200110,000000,3.96,4.10,3.92,4.08,6944482,0
MVIS.US,D,20200113,000000,4.08,4.19,4.07,4.18,9188052,0
MVIS.US,D,20200113,000000,4.17,4.26,4.16,4.24,10197498,0
MVIS.US,D,20200113,000000,4.27,4.29,4.12,4.14,3832546,0
MVIS.US,D,20200114,000000,4.14,4.20,4.14,4.19,9600382,0
MVIS.US,D,20200115,000000,4.23,4.23,4.06,4.08,5926924,0
MVIS.US,D,20200116,000000,4.11,4.15,3.75,3.81,8651663,0
MVIS.US,D,20200117,000000,3.83,3.90,3.56,3.59,9492298,0
MVIS.US,D,20200120,000000,3.65,3.83,3.60,3.81,4191471,0
MVIS.US,D,20200120,000000,3.81,4.02,3.79,3.96,9707537,0
MVIS.US,D,20200120,000000,3.92,3.94,3.77,3.83,8130840,0
MVIS.US,D,20200121,000000,3.82,3.82,3.82,3.82,8433791,0
MVIS.US,D,20200122,000000,3.78,4.14,3.71,4.02,8756716,0
MVIS.US,D,20200123,000000,4.08,4.20,4.08,4.19,4346426,0
MVIS.US,D,20200124,000000,4.21,4.23,3.87,3.90,9988475,0
MVIS.US,D,20200127,000000,3.87,3.88,3.82,3.84,3615431,0
MVIS.US,D,20200127,000000,3.80,3.93,3.78,3.90,4437141,0
MVIS.US,D,20200127,000000,3.98,3.98,3.91,3.92,8875152,0
MVIS.US,D,20200128,000000,3.90,3.95,3.88,3.95,9040245,0
MVIS.US,D,20200129,000000,3.94,3.95,3.88,3.92,4028585,0
MVIS.US,D,20200130,000000,3.91,3.93,3.89,3.91,8892840,0
MVIS.US,D,20200131,000000,3.95,3.97,3.82,3.83,6657776,0
MVIS.US,D,20200203,000000,3.82,3.84,3.78,3.79,5696284,0
MVIS.US,D,20200203,000000,3.83,3.85,3.73,3.75,4915108,0
MVIS.US,D,20200203,000000,3.77,3.79,3.65,3.70,9843688,0
MVIS.US,D,20200204,000000,3.65,3.92,3.58,3.80,4323633,0
MVIS.US,D,20200205,000000,3.81,3.81,3.72,3.73,7312088,0
MVIS.US,D,20200206,000000,3.77,3.78,3.36,3.45,5307878,0
MVIS.US,D,20200207,000000,3.45,3.47,3.44,3.47,4818644,0
MVIS.US,D,20200210,000000,3.45,3.56,3.44,3.55,7626757,0
MVIS.US,D,20200210,000000,3.53,3.53,3.37,3.40,4534954,0
MVIS.US,D,20200210,000000,3.41,3.48,3.40,3.48,3688366,0
MVIS.US,D,20200211,000000,3.47,3.59,3.45,3.58,7057106,0
MVIS.US,D,20200212,000000,3.56,3.69,3.54,3.66,6042184,0
MVIS.US,D,20200213,000000,3.67,3.99,3.64,3.87,6709831,0
MVIS.US,D,20200214,000000,3.91,4.02,3.89,3.96,7209411,0
MVIS.US,D,20200217,000000,3.98,4.06,3.97,4.03,3946671,0
MVIS.US,D,20200217,000000,3.99,4.02,3.95,3.97,10174279,0
MVIS.US,D,20200217,000000,3.91,4.22,3.80,4.13,7622345,0
MVIS.US,D,20200218,000000,4.11,4.45,4.08,4.32,7377781,0
MVIS.US,D,20200219,000000,4.32,4.36,4.19,4.23,8663297,0
MVIS.US,D,20200220,000000,4.24,4.25,4.23,4.23,8781241,0
MVIS.US,D,20200221,000000,4.27,4.30,4.02,4.03,5176097,0
MVIS.US,D,20200224,000000,3.97,4.05,3.95,4.03,10441522,0
MVIS.US,D,20200224,000000,3.97,4.11,3.94,4.09,6208960,0
MVIS.US,D,20200224,000000,4.10,4.11,4.10,4.10,10288320,0
MVIS.US,D,20200225,000000,4.13,4.34,4.07,4.28,9408535,0
MVIS.US,D,20200226,000000,4.24,4.27,4.24,4.25,5968140,0
MVIS.US,D,20200227,000000,4.22,4.43,4.18,4.36,4612247,0
MVIS.US,D,20200228,000000,4.42,4.43,4.37,4.38,4116843,0
MVIS.US,D,20200302,000000,4.39,4.41,4.16,4.21,7352309,0
MVIS.US,D,20200302,000000,4.26,4.26,4.17,4.21,3575961,0
MVIS.US,D,20200302,000000,4.23,4.23,4.09,4.11,10002243,0
MVIS.US,D,20200303,000000,4.07,4.10,4.07,4.10,7110011,0
MVIS.US,D,20200304,000000,4.02,4.07,3.93,3.97,6203134,0
MVIS.US,D,20200305,000000,3.94,3.98,3.57,3.70,9883702,0
MVIS.US,D,20200306,000000,3.74,3.74,3.57,3.62,7420722,0
MVIS.US,D,20200309,000000,3.56,3.57,3.55,3.56,9792409,0
MVIS.US,D,20200309,000000,3.53,3.64,3.52,3.59,7003765,0
MVIS.US,D,20200309,000000,3.59,3.60,3.46,3.48,9726446,0
MVIS.US,D,20200310,000000,3.51,3.57,3.50,3.55,5582929,0
MVIS.US,D,20200311,000000,3.53,3.54,3.52,3.53,4447643,0
MVIS.US,D,20200312,000000,3.58,3.60,3.50,3.51,10054836,0
MVIS.US,D,20200313,000000,3.52,3.52,3.50,3.50,8551570,0
MVIS.US,D,20200316,000000,3.48,3.61,3.46,3.55,5768074,0
MVIS.US,D,20200316,000000,3.54,3.57,3.36,3.44,4999544,0
MVIS.US,D,20200316,000000,3.43,3.45,3.35,3.36,4035850,0
MVIS.US,D,20200317,000000,3.36,3.53,3.35,3.52,3741535,0
MVIS.US,D,20200318,000000,3.52,3.63,3.51,3.61,9436796,0
MVIS.US,D,20200319,000000,3.63,3.65,3.48,3.53,8339100,0
MVIS.US,D,20200320,000000,3.56,3.58,3.56,3.58,4760147,0
MVIS.US,D,20200323,000000,3.61,3.63,3.52,3.52,5381748,0
MVIS.US,D,20200323,000000,3.58,3.62,3.42,3.43,7295875,0
MVIS.US,D,20200323,000000,3.46,3.46,3.39,3.41,6633377,0
MVIS.US,D,20200324,000000,3.41,3.41,3.23,3.33,5702835,0
MVIS.US,D,20200325,000000,3.31,3.48,3.30,3.44,5158560,0
MVIS.US,D,20200326,000000,3.47,3.49,3.45,3.45,6712819,0
MVIS.US,D,20200327,000000,3.48,3.52,3.46,3.50,6655567,0
MVIS.US,D,20200330,000000,3.44,3.46,3.33,3.33,9688953,0
MVIS.US,D,20200330,000000,3.37,3.38,3.36,3.38,9328816,0
MVIS.US,D,20200330,000000,3.40,3.41,3.29,3.32,6130128,0
MVIS.US,D,20200331,000000,3.32,3.50,3.28,3.50,10433686,0
MVIS.US,D,20200401,000000,3.43,3.43,3.43,3.43,3901862,0
MVIS.US,D,20200402,000000,3.49,3.50,3.37,3.41,4613167,0
MVIS.US,D,20200403,000000,3.46,3.53,3.27,3.29,6440767,0
MVIS.US,D,20200406,000000,3.26,3.29,3.18,3.29,7166201,0
MVIS.US,D,20200406,000000,3.30,3.38,3.18,3.20,4942884,0
MVIS.US,D,20200406,000000,3.20,3.23,3.19,3.19,4406339,0
MVIS.US,D,20200407,000000,3.21,3.23,3.03,3.11,8064620,0
MVIS.US,D,20200408,000000,3.12,3.27,3.09,3.25,9951399,0
MVIS.US,D,20200409,000000,3.28,3.30,3.27,3.30,6556996,0
MVIS.US,D,20200410,000000,3.30,3.30,3.29,3.29,4110191,0
MVIS.US,D,20200413,000000,3.33,3.34,3.18,3.19,3891275,0
MVIS.US,D,20200413,000000,3.17,3.34,3.12,3.29,9712436,0
MVIS.US,D,20200413,000000,3.30,3.35,3.30,3.35,4347186,0
MVIS.US,D,20200414,000000,3.35,3.46,3.31,3.42,4403125,0
MVIS.US,D,20200415,000000,3.42,3.45,3.35,3.37,9631156,0
MVIS.US,D,20200416,000000,3.39,3.39,3.27,3.30,5331679,0
MVIS.US,D,20200417,000000,3.26,3.47,3.22,3.43,9431905,0
MVIS.US,D,20200420,000000,3.43,3.60,3.41,3.57,8088862,0
MVIS.US,D,20200420,000000,3.52,4.00,3.43,3.84,3936199,0
MVIS.US,D,20200420,000000,3.70,4.01,3.62,3.98,7904994,0
MVIS.US,D,20200421,000000,4.08,4.23,3.89,3.92,9016248,0
MVIS.US,D,20200422,000000,4.03,4.09,3.86,3.87,8490060,0
MVIS.US,D,20200423,000000,3.85,3.86,3.82,3.82,4811427,0
MVIS.US,D,20200424,000000,3.78,4.17,3.69,4.15,5066068,0
MVIS.US,D,20200427,000000,4.18,4.19,3.96,4.00,3511138,0
MVIS.US,D,20200427,000000,3.92,4.13,3.88,4.06,6728486,0
MVIS.US,D,20200427,000000,4.04,4.27,4.02,4.25,10033531,0
MVIS.US,D,20200428,000000,4.22,4.25,4.12,4.15,9161118,0
MVIS.US,D,20200429,000000,4.15,4.20,4.14,4.19,8959243,0
MVIS.US,D,20200430,000000,4.13,4.17,4.13,4.16,6239261,0
MVIS.US,D,20200501,000000,4.11,4.13,4.01,4.05,6542919,0
MVIS.US,D,20200504,000000,4.08,4.13,3.94,3.98,10320137,0
MVIS.US,D,20200504,000000,3.96,4.03,3.96,4.00,5830487,0
MVIS.US,D,20200504,000000,3.93,4.17,3.91,4.09,3536736,0
MVIS.US,D,20200505,000000,4.05,4.06,4.05,4.06,9453509,0
MVIS.US,D,20200506,000000,4.09,4.12,3.80,3.84,5451064,0
MVIS.US,D,20200507,000000,3.91,3.96,3.88,3.96,10459238,0
MVIS.US,D,20200508,000000,4.08,4.22,4.07,4.10,7108868,0
MVIS.US,D,20200511,000000,4.12,4.12,4.12,4.12,5283213,0
MVIS.US,D,20200511,000000,4.13,4.26,4.07,4.25,10322622,0
MVIS.US,D,20200511,000000,4.21,4.36,4.20,4.30,6191283,0
MVIS.US,D,20200512,000000,4.30,4.38,4.29,4.35,11597323,0
MVIS.US,D,20200513,000000,4.30,4.61,4.16,4.48,9366260,0
MVIS.US,D,20200514,000000,4.62,4.63,4.52,4.56,17014171,0
MVIS.US,D,20200515,000000,4.58,4.64,4.56,4.63,8585897,0
MVIS.US,D,20200518,000000,4.61,4.75,4.53,4.73,18765535,0
MVIS.US,D,20200518,000000,4.73,4.87,4.71,4.87,14601759,0
MVIS.US,D,20200518,000000,4.88,4.97,4.88,4.97,12179415,0
MVIS.US,D,20200519,000000,4.98,5.11,4.96,5.08,19692193,0
MVIS.US,D,20200520,000000,5.07,5.26,5.04,5.23,16704632,0
MVIS.US,D,20200521,000000,5.20,5.42,5.16,5.38,22271777,0
MVIS.US,D,20200522,000000,5.34,5.60,5.31,5.54,16648209,0
MVIS.US,D,20200525,000000,5.54,5.77,5.51,5.73,11076818,0
MVIS.US,D,20200525,000000,5.71,5.92,5.70,5.90,24207836,0
MVIS.US,D,20200525,000000,5.83,6.27,5.82,6.10,17629180,0
MVIS.US,D,20200526,000000,6.04,6.38,6.00,6.33,26133897,0
MVIS.US,D,20200527,000000,6.27,6.36,6.26,6.30,3947411,0
MVIS.US,D,20200528,000000,6.42,6.47,6.23,6.28,3647806,0
MVIS.US,D,20200529,000000,6.38,6.47,5.77,6.02,4750176,0
MVIS.US,D,20200601,000000,6.00,6.08,5.99,6.07,4692251,0
MVIS.US,D,20200601,000000,6.09,6.11,6.08,6.09,4381149,0
MVIS.US,D,20200601,000000,6.07,6.07,5.96,5.99,5577365,0
MVIS.US,D,20200602,000000,5.97,6.00,5.97,5.98,5043395,0
MVIS.US,D,20200603,000000,6.01,6.02,5.93,5.94,5407422,0
MVIS.US,D,20200604,000000,5.94,6.07,5.90,6.05,7559033,0
MVIS.US,D,20200605,000000,6.11,6.12,6.11,6.11,8985284,0
MVIS.US,D,20200608,000000,5.99,6.03,5.79,5.82,5009747,0
MVIS.US,D,20200608,000000,5.88,5.89,5.72,5.82,10251086,0
MVIS.US,D,20200608,000000,5.78,5.79,5.69,5.72,4073729,0
MVIS.US,D,20200609,000000,5.73,5.78,5.63,5.63,5610696,0
MVIS.US,D,20200610,000000,5.61,5.68,5.60,5.67,5133785,0
MVIS.US,D,20200611,000000,5.68,5.72,5.58,5.58,10162025,0
MVIS.US,D,20200612,000000,5.59,5.68,5.57,5.65,7913624,0
MVIS.US,D,20200615,000000,5.63,5.66,5.62,5.65,8278987,0
MVIS.US,D,20200615,000000,5.59,6.05,5.51,5.91,10467414,0
MVIS.US,D,20200615,000000,5.96,6.04,5.71,5.72,8354165,0
MVIS.US,D,20200616,000000,5.63,5.65,5.60,5.61,7527916,0
MVIS.US,D,20200617,000000,5.68,5.71,5.39,5.43,8157351,0
MVIS.US,D,20200618,000000,5.41,5.45,5.40,5.42,9931110,0
MVIS.US,D,20200619,000000,5.40,5.42,4.98,5.12,7505809,0
MVIS.US,D,20200622,000000,5.14,5.15,5.03,5.06,7653846,0
MVIS.US,D,20200622,000000,5.11,5.12,5.11,5.12,9594887,0
MVIS.US,D,20200622,000000,5.09,5.10,4.88,4.89,8237698,0
MVIS.US,D,20200623,000000,4.90,5.04,4.89,4.99,3598106,0
MVIS.US,D,20200624,000000,5.00,5.04,5.00,5.03,4411052,0
MVIS.US,D,20200625,000000,5.03,5.07,5.02,5.06,4781167,0
MVIS.US,D,20200626,000000,5.09,5.11,4.99,5.04,7826648,0
MVIS.US,D,20200629,000000,5.04,5.14,5.03,5.13,8391947,0
MVIS.US,D,20200629,000000,5.11,5.12,4.83,4.85,6937965,0
MVIS.US,D,20200629,000000,4.83,5.06,4.70,4.93,5958954,0
MVIS.US,D,20200630,000000,4.95,4.98,4.68,4.71,8220558,0
MVIS.US,D,20200701,000000,4.72,4.95,4.71,4.90,8885062,0
MVIS.US,D,20200702,000000,4.86,4.88,4.32,4.36,5241098,0
MVIS.US,D,20200703,000000,4.32,4.41,4.31,4.40,3614743,0
MVIS.US,D,20200706,000000,4.42,4.44,4.35,4.36,3532624,0
MVIS.US,D,20200706,000000,4.41,4.41,4.37,4.39,7032314,0
MVIS.US,D,20200706,000000,4.37,4.43,4.37,4.42,4594074,0
MVIS.US,D,20200707,000000,4.45,4.63,4.45,4.58,9565112,0
MVIS.US,D,20200708,000000,4.64,4.77,4.62,4.65,7187526,0
MVIS.US,D,20200709,000000,4.63,4.92,4.56,4.87,7799592,0
MVIS.US,D,20200710,000000,4.91,4.92,4.40,4.59,6836728,0
MVIS.US,D,20200713,000000,4.50,4.68,4.40,4.60,10217983,0
MVIS.US,D,20200713,000000,4.53,4.56,4.52,4.54,4559125,0
MVIS.US,D,20200713,000000,4.51,4.51,4.42,4.43,10183899,0
MVIS.US,D,20200714,000000,4.49,4.53,4.24,4.32,9488683,0
MVIS.US,D,20200715,000000,4.32,4.37,4.02,4.11,8456209,0
MVIS.US,D,20200716,000000,4.09,4.11,3.99,3.99,22169906,0
MVIS.US,D,20200717,000000,3.97,3.98,3.83,3.87,9777087,0
MVIS.US,D,20200720,000000,3.77,3.77,3.66,3.72,27051306,0
MVIS.US,D,20200720,000000,3.64,3.72,3.39,3.49,14992513,0
MVIS.US,D,20200720,000000,3.45,3.55,3.21,3.24,17159117,0
MVIS.US,D,20200721,000000,3.24,3.25,3.03,3.11,13421022,0
MVIS.US,D,20200722,000000,3.16,3.30,2.86,2.86,35329910,0
MVIS.US,D,20200723,000000,2.95,2.98,2.70,2.70,34697023,0
MVIS.US,D,20200724,000000,2.75,2.78,2.47,2.55,26406366,0
MVIS.US,D,20200727,000000,2.53,2.54,2.38,2.39,37816929,0
MVIS.US,D,20200727,000000,2.43,2.47,2.18,2.20,49309285,0
MVIS.US,D,20200727,000000,2.19,2.21,2.06,2.09,42491594,0
MVIS.US,D,20200728,000000,2.12,2.15,2.09,2.14,6718253,0
MVIS.US,D,20200729,000000,2.12,2.29,2.12,2.27,9748276,0
MVIS.US,D,20200730,000000,2.31,2.32,2.27,2.28,7698217,0
MVIS.US,D,20200731,000000,2.26,2.51,2.21,2.43,8314088,0
MVIS.US,D,20200803,000000,2.43,2.48,2.26,2.31,9782045,0
MVIS.US,D,20200803,000000,2.33,2.35,2.31,2.33,8183206,0
MVIS.US,D,20200803,000000,2.31,2.36,2.27,2.35,5446813,0
MVIS.US,D,20200804,000000,2.36,2.40,2.15,2.16,9638503,0
MVIS.US,D,20200805,000000,2.17,2.33,2.15,2.27,4535122,0
MVIS.US,D,20200806,000000,2.26,2.27,2.26,2.26,6088193,0
MVIS.US,D,20200807,000000,2.24,2.40,2.19,2.36,9487938,0
MVIS.US,D,20200810,000000,2.35,2.42,2.33,2.40,7918718,0
MVIS.US,D,20200810,000000,2.41,2.44,2.20,2.24,10427400,0
MVIS.US,D,20200810,000000,2.23,2.32,2.21,2.30,8086632,0
MVIS.US,D,20200811,000000,2.30,2.31,2.20,2.26,4635252,0
MVIS.US,D,20200812,000000,2.25,2.31,2.24,2.31,5879466,0
MVIS.US,D,20200813,000000,2.31,2.32,2.27,2.29,6700134,0
MVIS.US,D,20200814,000000,2.33,2.34,2.24,2.27,9595810,0
MVIS.US,D,20200817,000000,2.27,2.28,2.19,2.27,8055445,0
MVIS.US,D,20200817,000000,2.27,2.29,2.18,2.20,3884067,0
MVIS.US,D,20200817,000000,2.24,2.27,2.07,2.13,7538264,0
MVIS.US,D,20200818,000000,2.14,2.14,2.13,2.13,6288636,0
MVIS.US,D,20200819,000000,2.13,2.16,2.04,2.05,4247683,0
MVIS.US,D,20200820,000000,2.05,2.22,2.03,2.15,6512937,0
MVIS.US,D,20200821,000000,2.16,2.19,2.07,2.10,7191490,0
MVIS.US,D,20200824,000000,2.14,2.15,2.06,2.07,4277836,0
MVIS.US,D,20200824,000000,2.11,2.18,2.11,2.15,7447144,0
MVIS.US,D,20200824,000000,2.13,2.14,2.10,2.11,10379285,0
MVIS.US,D,20200825,000000,2.12,2.14,2.09,2.09,4988905,0
MVIS.US,D,20200826,000000,2.11,2.15,2.02,2.03,4524698,0
MVIS.US,D,20200827,000000,2.00,2.07,2.00,2.07,5671125,0
MVIS.US,D,20200828,000000,2.06,2.08,1.99,2.02,4231787,0
MVIS.US,D,20200831,000000,2.04,2.05,2.03,2.04,4783131,0
MVIS.US,D,20200831,000000,2.06,2.13,2.06,2.11,4594089,0
MVIS.US,D,20200831,000000,2.15,2.22,2.15,2.18,6621651,0
MVIS.US,D,20200901,000000,2.17,2.21,2.02,2.02,7000230,0
MVIS.US,D,20200902,000000,2.03,2.03,2.01,2.02,9081271,0
MVIS.US,D,20200903,000000,2.01,2.02,1.87,1.92,10188089,0
MVIS.US,D,20200904,000000,1.91,1.92,1.89,1.90,9881397,0
MVIS.US,D,20200907,000000,1.91,1.94,1.82,1.84,5029716,0
MVIS.US,D,20200907,000000,1.86,1.88,1.78,1.79,4753015,0
MVIS.US,D,20200907,000000,1.78,1.94,1.77,1.87,8073448,0
MVIS.US,D,20200908,000000,1.87,1.88,1.84,1.86,8754807,0
MVIS.US,D,20200909,000000,1.86,1.88,1.86,1.87,8710479,0
MVIS.US,D,20200910,000000,1.89,1.89,1.89,1.89,3605068,0
MVIS.US,D,20200911,000000,1.89,1.90,1.83,1.85,5636505,0
MVIS.US,D,20200914,000000,1.84,1.86,1.70,1.75,9314909,0
MVIS.US,D,20200914,000000,1.80,1.86,1.79,1.83,6633958,0
MVIS.US,D,20200914,000000,1.80,1.87,1.79,1.83,6621224,0
MVIS.US,D,20200915,000000,1.80,1.81,1.75,1.75,7844640,0
MVIS.US,D,20200916,000000,1.75,1.75,1.73,1.74,9519166,0
MVIS.US,D,20200917,000000,1.72,1.78,1.72,1.77,9764149,0
MVIS.US,D,20200918,000000,1.77,1.77,1.76,1.77,10262145,0
MVIS.US,D,20200921,000000,1.74,1.90,1.71,1.84,3797661,0
MVIS.US,D,20200921,000000,1.83,1.84,1.68,1.72,7693454,0
MVIS.US,D,20200921,000000,1.71,1.71,1.70,1.70,8396587,0
MVIS.US,D,20200922,000000,1.68,1.69,1.61,1.65,8660520,0
MVIS.US,D,20200923,000000,1.65,1.65,1.62,1.62,5782891,0
MVIS.US,D,20200924,000000,1.60,1.61,1.58,1.60,5372619,0
MVIS.US,D,20200925,000000,1.59,1.59,1.54,1.56,7762731,0
MVIS.US,D,20200928,000000,1.57,1.61,1.56,1.61,9677280,0
MVIS.US,D,20200928,000000,1.58,1.62,1.58,1.61,9837209,0
MVIS.US,D,20200928,000000,1.60,1.61,1.52,1.55,5451819,0
MVIS.US,D,20200929,000000,1.52,1.55,1.52,1.55,9484556,0
MVIS.US,D,20200930,000000,1.55,1.60,1.55,1.60,9846015,0
MVIS.US,D,20201001,000000,1.61,1.66,1.61,1.65,9529787,0
MVIS.US,D,20201002,000000,1.65,1.66,1.65,1.66,6130854,0
MVIS.US,D,20201005,000000,1.67,1.67,1.64,1.66,4811376,0
MVIS.US,D,20201005,000000,1.67,1.67,1.52,1.56,9616031,0
MVIS.US,D,20201005,000000,1.57,1.62,1.55,1.61,4948864,0
MVIS.US,D,20201006,000000,1.61,1.61,1.52,1.56,10097022,0
MVIS.US,D,20201007,000000,1.58,1.63,1.57,1.61,5017623,0
MVIS.US,D,20201008,000000,1.61,1.61,1.59,1.60,7230860,0
MVIS.US,D,20201009,000000,1.61,1.68,1.59,1.65,7946311,0
MVIS.US,D,20201012,000000,1.63,1.63,1.61,1.62,10473250,0
MVIS.US,D,20201012,000000,1.63,1.69,1.62,1.66,8424082,0
MVIS.US,D,20201012,000000,1.68,1.69,1.61,1.62,8522129,0
MVIS.US,D,20201013,000000,1.62,1.68,1.62,1.67,6299760,0
MVIS.US,D,20201014,000000,1.68,1.70,1.67,1.70,6454218,0
MVIS.US,D,20201015,000000,1.69,1.76,1.68,1.76,8254352,0
MVIS.US,D,20201016,000000,1.76,1.82,1.75,1.82,6189207,0
MVIS.US,D,20201019,000000,1.79,1.84,1.79,1.84,4858587,0
MVIS.US,D,20201019,000000,1.84,1.85,1.73,1.77,8907573,0
MVIS.US,D,20201019,000000,1.77,1.78,1.72,1.74,6803282,0
MVIS.US,D,20201020,000000,1.75,1.76,1.74,1.75,8252767,0
MVIS.US,D,20201021,000000,1.76,1.78,1.71,1.71,6757464,0
MVIS.US,D,20201022,000000,1.71,1.72,1.68,1.69,9386740,0
MVIS.US,D,20201023,000000,1.69,1.74,1.68,1.73,6377500,0
MVIS.US,D,20201026,000000,1.73,1.76,1.72,1.75,6283599,0
MVIS.US,D,20201026,000000,1.79,1.81,1.72,1.75,9549688,0
MVIS.US,D,20201026,000000,1.74,1.75,1.73,1.73,8985832,0
MVIS.US,D,20201027,000000,1.72,1.73,1.62,1.66,5111773,0
MVIS.US,D,20201028,000000,1.67,1.70,1.66,1.68,6973582,0
MVIS.US,D,20201029,000000,1.69,1.70,1.69,1.70,4436965,0
MVIS.US,D,20201030,000000,1.69,1.70,1.68,1.68,7078415,0
MVIS.US,D,20201102,000000,1.67,1.69,1.67,1.68,5310153,0
MVIS.US,D,20201102,000000,1.69,1.71,1.67,1.69,9771055,0
MVIS.US,D,20201102,000000,1.67,1.82,1.66,1.77,6230110,0
MVIS.US,D,20201103,000000,1.77,1.80,1.76,1.80,10092174,0
MVIS.US,D,20201104,000000,1.80,1.80,1.78,1.79,10458850,0
MVIS.US,D,20201105,000000,1.79,1.80,1.75,1.76,10461945,0
MVIS.US,D,20201106,000000,1.73,1.74,1.72,1.72,3832318,0
MVIS.US,D,20201109,000000,1.69,1.75,1.68,1.74,8526110,0
MVIS.US,D,20201109,000000,1.76,1.77,1.66,1.69,7418757,0
MVIS.US,D,20201109,000000,1.70,1.70,1.64,1.65,9860254,0
MVIS.US,D,20201110,000000,1.65,1.73,1.62,1.70,10418011,0
MVIS.US,D,20201111,000000,1.72,1.77,1.71,1.75,6837505,0
MVIS.US,D,20201112,000000,1.75,1.77,1.75,1.77,5300544,0
MVIS.US,D,20201113,000000,1.77,1.94,1.76,1.88,8552839,0
MVIS.US,D,20201116,000000,1.87,1.87,1.84,1.85,6856460,0
MVIS.US,D,20201116,000000,1.89,1.91,1.73,1.77,7213010,0
MVIS.US,D,20201116,000000,1.77,1.77,1.70,1.71,7205759,0
MVIS.US,D,20201117,000000,1.70,1.89,1.69,1.84,7287538,0
MVIS.US,D,20201118,000000,1.85,1.85,1.84,1.84,5024234,0
MVIS.US,D,20201119,000000,1.84,1.84,1.82,1.83,8331545,0
MVIS.US,D,20201120,000000,1.81,1.94,1.80,1.91,5764863,0
MVIS.US,D,20201123,000000,1.90,1.92,1.86,1.87,8023306,0
MVIS.US,D,20201123,000000,1.87,1.89,1.76,1.78,6226809,0
MVIS.US,D,20201123,000000,1.80,1.81,1.79,1.81,4954944,0
MVIS.US,D,20201124,000000,1.80,1.88,1.79,1.87,5775568,0
MVIS.US,D,20201125,000000,1.84,1.84,1.76,1.77,8188990,0
MVIS.US,D,20201126,000000,1.79,1.79,1.71,1.73,6374880,0
MVIS.US,D,20201127,000000,1.73,1.74,1.67,1.69,10492084,0
MVIS.US,D,20201130,000000,1.69,1.72,1.69,1.72,4636687,0
MVIS.US,D,20201130,000000,1.70,1.71,1.67,1.67,4586060,0
MVIS.US,D,20201130,000000,1.68,1.69,1.64,1.65,6197942,0
MVIS.US,D,20201201,000000,1.65,1.65,1.63,1.64,3858066,0
MVIS.US,D,20201202,000000,1.68,1.68,1.59,1.62,8930551,0
MVIS.US,D,20201203,000000,1.60,1.60,1.53,1.54,7145435,0
MVIS.US,D,20201204,000000,1.55,1.58,1.53,1.57,8792298,0
MVIS.US,D,20201207,000000,1.55,1.55,1.52,1.52,8463862,0
MVIS.US,D,20201207,000000,1.52,1.53,1.49,1.49,9912639,0
MVIS.US,D,20201207,000000,1.51,1.51,1.50,1.51,3614728,0
MVIS.US,D,20201208,000000,1.48,1.53,1.48,1.50,4167644,0
MVIS.US,D,20201209,000000,1.50,1.50,1.49,1.49,6402039,0
MVIS.US,D,20201210,000000,1.49,1.53,1.48,1.52,5327233,0
MVIS.US,D,20201211,000000,1.54,1.55,1.49,1.50,10134831,0
MVIS.US,D,20201214,000000,1.51,1.52,1.50,1.52,6138258,0
MVIS.US,D,20201214,000000,1.54,1.54,1.49,1.51,3821852,0
MVIS.US,D,20201214,000000,1.52,1.53,1.52,1.52,6361700,0
MVIS.US,D,20201215,000000,1.51,1.56,1.51,1.56,4368215,0
MVIS.US,D,20201216,000000,1.56,1.58,1.55,1.58,9888679,0
MVIS.US,D,20201217,000000,1.59,1.62,1.49,1.54,6965389,0
MVIS.US,D,20201218,000000,1.52,1.57,1.52,1.55,8338936,0
MVIS.US,D,20201221,000000,1.55,1.57,1.55,1.57,6670504,0
MVIS.US,D,20201221,000000,1.58,1.62,1.56,1.62,9550727,0
MVIS.US,D,20201221,000000,1.63,1.66,1.53,1.54,5337151,0
MVIS.US,D,20201222,000000,1.53,1.65,1.52,1.61,4305517,0
MVIS.US,D,20201223,000000,1.60,1.61,1.59,1.59,7609109,0
MVIS.US,D,20201224,000000,1.58,1.61,1.57,1.60,3664767,0
MVIS.US,D,20201225,000000,1.60,1.62,1.60,1.61,5918154,0
MVIS.US,D,20201228,000000,1.62,1.64,1.61,1.63,8170883,0
MVIS.US,D,20201228,000000,1.60,1.75,1.58,1.68,4722469,0
MVIS.US,D,20201228,000000,1.69,1.70,1.69,1.70,10429078,0
MVIS.US,D,20201229,000000,1.68,1.69,1.68,1.68,5272707,0
MVIS.US,D,20201230,000000,1.65,1.70,1.65,1.67,4551970,0
MVIS.US,D,20201231,000000,1.68,1.69,1.62,1.63,4774138,0
MVIS.US,D,20210101,000000,1.64,1.73,1.62,1.72,5509642,0
MVIS.US,D,20210104,000000,1.72,1.72,1.67,1.68,7958382,0
MVIS.US,D,20210104,000000,1.67,1.71,1.65,1.70,5609540,0
MVIS.US,D,20210104,000000,1.69,1.72,1.63,1.64,4579984,0
MVIS.US,D,20210105,000000,1.63,1.64,1.59,1.60,8945899,0
MVIS.US,D,20210106,000000,1.58,1.62,1.58,1.61,4908629,0
MVIS.US,D,20210107,000000,1.62,1.69,1.61,1.66,6978509,0
MVIS.US,D,20210108,000000,1.68,1.69,1.54,1.54,7910507,0
MVIS.US,D,20210111,000000,1.53,1.53,1.51,1.51,8580590,0
MVIS.US,D,20210111,000000,1.53,1.54,1.47,1.49,4871514,0
