<TICKER>,<PER>,<DATE>,<TIME>,<OPEN>,<HIGH>,<LOW>,<CLOSE>,<VOL>,<OPENINT>
NFLX.US,D,20180102,000000,452.82,455.06,446.32,446.75,2755875,0
NFLX.US,D,20180103,000000,443.64,447.88,441.74,445.37,5849812,0
NFLX.US,D,20180104,000000,446.42,449.38,427.74,429.82,3064720,0
NFLX.US,D,20180105,000000,434.93,435.66,415.10,423.41,3839968,0
NFLX.US,D,20180108,000000,420.79,433.84,418.27,430.03,5277761,0
NFLX.US,D,20180108,000000,433.64,438.26,412.48,418.39,5270224,0
NFLX.US,D,20180108,000000,416.94,431.48,414.83,428.58,2026974,0
NFLX.US,D,20180109,000000,419.86,435.85,414.14,429.60,5211266,0
NFLX.US,D,20180110,000000,431.28,453.03,429.12,449.75,2134014,0
NFLX.US,D,20180111,000000,451.87,453.43,445.49,446.66,3860269,0
NFLX.US,D,20180112,000000,443.85,459.47,440.61,455.31,2076726,0
NFLX.US,D,20180115,000000,457.49,460.10,456.96,459.55,4077875,0
NFLX.US,D,20180115,000000,454.80,460.57,454.32,459.73,2638596,0
NFLX.US,D,20180115,000000,458.23,461.69,458.15,461.22,4000636,0
NFLX.US,D,20180116,000000,465.06,483.91,464.51,479.03,3728426,0
NFLX.US,D,20180117,000000,482.23,482.68,476.42,477.72,3512193,0
NFLX.US,D,20180118,000000,478.97,481.59,478.51,480.90,5400239,0
NFLX.US,D,20180119,000000,479.53,479.77,474.19,474.33,3201381,0
NFLX.US,D,20180122,000000,473.38,475.30,470.80,475.26,5324398,0
NFLX.US,D,20180122,000000,475.29,478.70,467.38,469.02,2739035,0
NFLX.US,D,20180122,000000,468.94,472.84,467.37,472.36,5214459,0
NFLX.US,D,20180123,000000,469.88,471.57,459.44,461.44,3978461,0
NFLX.US,D,20180124,000000,460.84,474.23,455.90,473.35,3154456,0
NFLX.US,D,20180125,000000,476.20,477.74,465.70,466.43,2153067,0
NFLX.US,D,20180126,000000,467.31,467.36,466.99,467.28,3029309,0
NFLX.US,D,20180129,000000,466.24,469.58,465.69,467.41,5572237,0
NFLX.US,D,20180129,000000,468.74,473.52,468.26,472.47,2469683,0
NFLX.US,D,20180129,000000,471.19,475.14,470.72,472.92,5164948,0
NFLX.US,D,20180130,000000,471.81,492.67,470.87,484.29,3197075,0
NFLX.US,D,20180131,000000,482.18,483.22,479.34,479.62,2151167,0
NFLX.US,D,20180201,000000,478.76,486.02,477.37,485.18,3896820,0
NFLX.US,D,20180202,000000,487.30,487.90,486.80,487.64,5561032,0
NFLX.US,D,20180205,000000,488.66,490.74,488.24,490.14,3222388,0
NFLX.US,D,20180205,000000,491.39,493.58,482.61,482.74,2007958,0
NFLX.US,D,20180205,000000,485.67,488.24,475.76,478.52,3343555,0
NFLX.US,D,20180206,000000,477.70,479.30,472.33,473.54,5905862,0
NFLX.US,D,20180207,000000,471.59,480.36,467.94,479.80,5638276,0
NFLX.US,D,20180208,000000,477.98,480.01,474.02,474.04,3639048,0
NFLX.US,D,20180209,000000,471.50,471.60,471.00,471.58,2238078,0
NFLX.US,D,20180212,000000,471.30,471.39,465.16,466.71,5592999,0
NFLX.US,D,20180212,000000,466.39,466.63,464.97,465.36,2226214,0
NFLX.US,D,20180212,000000,466.88,468.54,466.80,468.32,5262664,0
NFLX.US,D,20180213,000000,470.71,478.48,469.83,476.19,5959840,0
NFLX.US,D,20180214,000000,477.75,478.99,473.19,474.14,2921847,0
NFLX.US,D,20180215,000000,474.39,474.69,461.35,468.02,5004058,0
NFLX.US,D,20180216,000000,464.12,481.20,464.12,476.35,4490649,0
NFLX.US,D,20180219,000000,473.95,477.32,462.81,464.83,4950897,0
NFLX.US,D,20180219,000000,462.90,474.55,462.57,473.20,2563272,0
NFLX.US,D,20180219,000000,474.50,488.15,471.83,482.56,3587831,0
NFLX.US,D,20180220,000000,485.01,486.16,484.55,485.69,5087531,0
NFLX.US,D,20180221,000000,485.29,489.06,479.50,480.91,3310904,0
NFLX.US,D,20180222,000000,482.05,485.18,460.02,469.30,5327542,0
NFLX.US,D,20180223,000000,466.64,477.56,463.25,476.47,3733114,0
NFLX.US,D,20180226,000000,474.67,475.33,474.52,474.90,3554420,0
NFLX.US,D,20180226,000000,474.51,477.37,473.74,477.12,4182549,0
NFLX.US,D,20180226,000000,480.73,483.50,480.34,482.72,2685845,0
NFLX.US,D,20180227,000000,482.19,485.27,481.63,484.14,3471837,0
NFLX.US,D,20180228,000000,480.58,481.31,480.10,480.36,3952631,0
NFLX.US,D,20180301,000000,479.07,483.67,478.95,482.75,2237546,0
NFLX.US,D,20180302,000000,485.23,485.85,484.60,485.56,3997374,0
NFLX.US,D,20180305,000000,483.97,492.92,481.82,492.54,5308949,0
NFLX.US,D,20180305,000000,493.59,494.67,488.39,490.84,3217647,0
NFLX.US,D,20180305,000000,492.57,493.74,482.08,484.51,3926913,0
NFLX.US,D,20180306,000000,483.69,494.70,482.29,493.50,4333565,0
NFLX.US,D,20180307,000000,491.73,501.11,490.17,498.05,4310142,0
NFLX.US,D,20180308,000000,497.91,498.46,497.91,498.36,2693860,0
NFLX.US,D,20180309,000000,497.61,500.86,484.76,486.07,5887482,0
NFLX.US,D,20180312,000000,487.57,493.71,477.71,479.79,5949764,0
NFLX.US,D,20180312,000000,482.04,484.92,464.48,466.21,5769953,0
NFLX.US,D,20180312,000000,470.50,472.57,448.73,458.53,2813576,0
NFLX.US,D,20180313,000000,460.65,461.41,441.05,448.95,4832292,0
NFLX.US,D,20180314,000000,447.45,447.73,443.03,446.49,2607023,0
NFLX.US,D,20180315,000000,444.44,464.70,441.84,455.31,2665908,0
NFLX.US,D,20180316,000000,457.15,457.33,449.29,450.57,3135492,0
NFLX.US,D,20180319,000000,447.91,447.96,444.80,445.30,2007862,0
NFLX.US,D,20180319,000000,448.24,452.11,447.78,451.30,3635501,0
NFLX.US,D,20180319,000000,451.10,452.42,440.26,441.46,5743343,0
NFLX.US,D,20180320,000000,442.28,443.75,429.89,432.77,3916358,0
NFLX.US,D,20180321,000000,432.15,443.68,431.81,443.18,4956917,0
NFLX.US,D,20180322,000000,438.83,474.70,437.81,468.55,4596835,0
NFLX.US,D,20180323,000000,472.75,474.53,471.51,473.32,5322716,0
NFLX.US,D,20180326,000000,470.39,484.66,462.47,484.13,4149724,0
NFLX.US,D,20180326,000000,482.91,488.30,482.36,486.72,5173650,0
NFLX.US,D,20180326,000000,486.29,489.35,481.83,482.40,2255471,0
NFLX.US,D,20180327,000000,481.23,481.49,480.43,480.71,5339172,0
NFLX.US,D,20180328,000000,477.04,500.74,472.32,496.88,3833068,0
NFLX.US,D,20180329,000000,502.88,504.06,500.69,501.11,5540230,0
NFLX.US,D,20180330,000000,503.07,524.26,500.74,517.62,2637608,0
NFLX.US,D,20180402,000000,514.71,516.78,504.93,509.11,2893609,0
NFLX.US,D,20180402,000000,507.26,523.59,504.87,517.90,3327036,0
NFLX.US,D,20180402,000000,514.46,544.37,513.02,534.95,2930166,0
NFLX.US,D,20180403,000000,535.65,536.09,527.59,529.05,3864662,0
NFLX.US,D,20180404,000000,527.50,530.89,524.23,529.44,2083373,0
NFLX.US,D,20180405,000000,518.88,530.94,517.74,528.79,3682689,0
NFLX.US,D,20180406,000000,532.38,534.25,518.89,520.86,4904488,0
NFLX.US,D,20180409,000000,524.38,529.03,500.39,502.63,4132906,0
NFLX.US,D,20180409,000000,503.02,503.64,489.95,494.50,4485390,0
NFLX.US,D,20180409,000000,497.03,504.38,496.76,503.95,4320803,0
NFLX.US,D,20180410,000000,495.57,517.53,495.51,509.62,4230600,0
NFLX.US,D,20180411,000000,508.67,516.98,507.66,515.60,2314272,0
NFLX.US,D,20180412,000000,519.43,519.48,481.57,491.24,3078595,0
NFLX.US,D,20180413,000000,488.59,491.07,482.52,482.54,4670797,0
NFLX.US,D,20180416,000000,484.39,484.50,474.72,476.32,4112345,0
NFLX.US,D,20180416,000000,474.39,479.60,473.00,478.36,2592097,0
NFLX.US,D,20180416,000000,478.01,479.01,465.38,472.07,5298837,0
NFLX.US,D,20180417,000000,475.61,479.84,468.83,470.58,2606249,0
NFLX.US,D,20180418,000000,468.94,477.34,467.55,475.33,5900309,0
NFLX.US,D,20180419,000000,471.18,484.37,471.03,481.69,5216064,0
NFLX.US,D,20180420,000000,486.89,489.52,469.31,474.80,4876502,0
NFLX.US,D,20180423,000000,469.26,496.84,462.70,489.24,3118125,0
NFLX.US,D,20180423,000000,483.98,497.67,480.79,496.25,4758593,0
NFLX.US,D,20180423,000000,492.41,496.55,436.81,459.85,3681186,0
NFLX.US,D,20180424,000000,449.13,449.60,438.79,439.79,4322260,0
NFLX.US,D,20180425,000000,445.18,453.39,413.86,418.87,5078041,0
NFLX.US,D,20180426,000000,423.74,442.71,422.04,432.01,5525275,0
NFLX.US,D,20180427,000000,426.93,427.52,419.04,421.94,5354477,0
NFLX.US,D,20180430,000000,421.85,433.90,421.66,433.26,5398842,0
NFLX.US,D,20180430,000000,438.21,445.03,434.88,443.64,4891319,0
NFLX.US,D,20180430,000000,448.68,452.00,437.51,441.47,5075040,0
NFLX.US,D,20180501,000000,441.56,449.64,401.58,419.43,4992215,0
NFLX.US,D,20180502,000000,421.68,432.32,421.36,425.78,2837141,0
NFLX.US,D,20180503,000000,426.16,426.22,425.25,425.53,3159220,0
NFLX.US,D,20180504,000000,428.37,430.37,419.25,423.72,4140893,0
NFLX.US,D,20180507,000000,417.33,418.17,416.28,418.09,3141361,0
NFLX.US,D,20180507,000000,415.64,426.99,409.89,426.02,5105654,0
NFLX.US,D,20180507,000000,424.83,449.98,416.41,443.49,4400347,0
NFLX.US,D,20180508,000000,441.86,442.24,429.03,434.71,2090453,0
NFLX.US,D,20180509,000000,426.27,437.25,424.93,434.35,4224448,0
NFLX.US,D,20180510,000000,429.23,436.22,428.18,436.18,3231072,0
NFLX.US,D,20180511,000000,437.37,439.78,436.55,439.33,3642060,0
NFLX.US,D,20180514,000000,443.26,454.53,424.68,425.84,5835331,0
NFLX.US,D,20180514,000000,424.81,426.14,418.76,419.20,5217369,0
NFLX.US,D,20180514,000000,421.21,424.96,420.68,424.11,2230204,0
NFLX.US,D,20180515,000000,422.69,431.83,420.21,428.75,4852995,0
NFLX.US,D,20180516,000000,429.30,429.31,418.67,422.92,3774063,0
NFLX.US,D,20180517,000000,423.56,430.74,423.40,429.14,4007266,0
NFLX.US,D,20180518,000000,431.36,434.98,430.72,434.18,4975931,0
NFLX.US,D,20180521,000000,437.38,438.78,426.15,427.23,5121455,0
NFLX.US,D,20180521,000000,426.71,431.74,424.44,431.03,2473770,0
NFLX.US,D,20180521,000000,430.45,431.30,422.36,426.13,3466053,0
NFLX.US,D,20180522,000000,425.07,425.69,422.27,423.33,2732348,0
NFLX.US,D,20180523,000000,425.43,426.16,419.99,421.89,3895581,0
NFLX.US,D,20180524,000000,422.16,424.56,421.81,423.66,2008213,0
NFLX.US,D,20180525,000000,423.82,427.43,423.29,426.59,3685401,0
NFLX.US,D,20180528,000000,426.24,426.77,422.37,423.38,5223255,0
NFLX.US,D,20180528,000000,424.51,429.40,424.26,428.48,2717115,0
NFLX.US,D,20180528,000000,428.43,430.17,428.07,429.89,3775683,0
NFLX.US,D,20180529,000000,432.35,433.04,422.79,423.25,2964892,0
NFLX.US,D,20180530,000000,422.28,425.96,422.23,425.15,4074798,0
NFLX.US,D,20180531,000000,425.42,426.82,425.37,426.78,4581366,0
NFLX.US,D,20180601,000000,427.04,427.18,425.18,425.85,2822143,0
NFLX.US,D,20180604,000000,425.64,425.85,423.44,423.95,3126918,0
NFLX.US,D,20180604,000000,422.05,425.40,421.94,424.15,4684745,0
NFLX.US,D,20180604,000000,424.23,424.90,417.74,418.91,2463627,0
NFLX.US,D,20180605,000000,419.07,421.48,410.29,410.53,4977490,0
NFLX.US,D,20180606,000000,410.65,415.22,410.24,414.13,3882775,0
NFLX.US,D,20180607,000000,416.61,424.13,415.69,423.04,5372276,0
NFLX.US,D,20180608,000000,424.82,427.00,414.83,418.76,4048356,0
NFLX.US,D,20180611,000000,418.93,419.35,418.62,419.32,3528267,0
NFLX.US,D,20180611,000000,416.56,422.03,415.39,421.53,3179694,0
NFLX.US,D,20180611,000000,422.67,433.17,421.16,431.23,3079985,0
NFLX.US,D,20180612,000000,429.33,429.36,429.30,429.36,3646235,0
NFLX.US,D,20180613,000000,432.35,434.93,426.35,430.30,5844780,0
NFLX.US,D,20180614,000000,429.46,432.32,428.38,431.10,3779655,0
NFLX.US,D,20180615,000000,433.11,434.15,426.03,428.57,2303532,0
NFLX.US,D,20180618,000000,426.80,432.49,425.57,431.63,2638008,0
NFLX.US,D,20180618,000000,429.58,443.19,429.56,441.53,4816329,0
NFLX.US,D,20180618,000000,441.01,442.00,438.52,441.32,5734563,0
NFLX.US,D,20180619,000000,443.94,445.71,435.75,436.15,4052952,0
NFLX.US,D,20180620,000000,435.89,436.48,421.64,425.43,3734350,0
NFLX.US,D,20180621,000000,423.30,423.47,419.73,420.58,5973403,0
NFLX.US,D,20180622,000000,419.62,427.20,418.18,423.60,2635997,0
NFLX.US,D,20180625,000000,422.61,426.02,421.95,425.71,5223933,0
NFLX.US,D,20180625,000000,423.87,426.60,423.33,425.18,4149367,0
NFLX.US,D,20180625,000000,423.92,423.94,423.84,423.91,3386669,0
NFLX.US,D,20180626,000000,423.70,424.12,415.33,419.85,3021098,0
NFLX.US,D,20180627,000000,418.73,426.11,418.48,423.59,2425328,0
NFLX.US,D,20180628,000000,424.20,424.68,419.53,421.30,4525794,0
NFLX.US,D,20180629,000000,420.99,421.03,419.72,420.12,4163175,0
NFLX.US,D,20180702,000000,420.16,432.92,417.93,431.13,5538462,0
NFLX.US,D,20180702,000000,428.61,430.88,426.86,430.42,2088650,0
NFLX.US,D,20180702,000000,430.16,432.47,429.63,431.26,3124166,0
NFLX.US,D,20180703,000000,431.82,431.84,431.43,431.78,2885854,0
NFLX.US,D,20180704,000000,432.80,433.43,431.23,431.58,2637285,0
NFLX.US,D,20180705,000000,431.71,433.61,431.40,433.05,3773649,0
NFLX.US,D,20180706,000000,432.84,435.24,432.56,434.76,4452530,0
NFLX.US,D,20180709,000000,435.46,436.50,430.12,432.58,5720627,0
NFLX.US,D,20180709,000000,431.99,432.69,427.47,428.52,5155696,0
NFLX.US,D,20180709,000000,429.07,429.48,428.01,428.16,2055410,0
NFLX.US,D,20180710,000000,428.45,431.00,422.60,425.07,4596324,0
NFLX.US,D,20180711,000000,425.20,426.44,425.10,426.39,4375711,0
NFLX.US,D,20180712,000000,425.46,425.99,425.35,425.93,5679702,0
NFLX.US,D,20180713,000000,427.03,427.54,419.05,423.75,2174677,0
NFLX.US,D,20180716,000000,423.06,423.51,421.54,421.88,5011521,0
NFLX.US,D,20180716,000000,422.18,422.97,418.87,420.09,2322296,0
NFLX.US,D,20180716,000000,420.03,420.57,414.77,415.83,2020976,0
NFLX.US,D,20180717,000000,416.39,417.05,407.51,410.15,3043061,0
NFLX.US,D,20180718,000000,407.66,407.67,406.10,406.55,4394202,0
NFLX.US,D,20180719,000000,406.60,407.40,406.30,406.96,5409166,0
NFLX.US,D,20180720,000000,408.10,408.84,403.25,403.94,3575960,0
NFLX.US,D,20180723,000000,405.16,405.62,395.37,398.28,2024548,0
NFLX.US,D,20180723,000000,396.59,397.99,395.87,397.27,3734037,0
NFLX.US,D,20180723,000000,398.69,405.45,396.35,402.74,5020294,0
NFLX.US,D,20180724,000000,405.05,408.62,405.02,407.86,5090995,0
NFLX.US,D,20180725,000000,406.96,418.81,404.97,418.26,3393921,0
NFLX.US,D,20180726,000000,417.39,417.51,403.59,404.15,5737144,0
NFLX.US,D,20180727,000000,409.38,409.65,403.00,405.04,2500450,0
NFLX.US,D,20180730,000000,401.39,401.93,397.67,398.55,4933866,0
NFLX.US,D,20180730,000000,401.09,405.95,401.06,404.27,5269978,0
NFLX.US,D,20180730,000000,406.51,409.84,405.63,409.81,3406719,0
NFLX.US,D,20180731,000000,408.14,409.30,403.99,405.03,5319010,0
NFLX.US,D,20180801,000000,406.18,406.64,395.30,396.61,5659244,0
NFLX.US,D,20180802,000000,396.75,398.18,396.14,397.41,5104515,0
NFLX.US,D,20180803,000000,396.99,397.00,396.94,396.95,4059411,0
NFLX.US,D,20180806,000000,399.14,400.15,399.09,399.42,5565635,0
NFLX.US,D,20180806,000000,399.23,404.72,397.31,404.05,3465616,0
NFLX.US,D,20180806,000000,404.56,416.31,399.34,412.21,2684315,0
NFLX.US,D,20180807,000000,412.52,414.56,412.42,414.04,4469876,0
NFLX.US,D,20180808,000000,413.49,415.14,410.90,411.93,3613861,0
NFLX.US,D,20180809,000000,410.27,419.57,409.00,416.06,4579929,0
NFLX.US,D,20180810,000000,416.54,419.22,416.39,418.76,5587221,0
NFLX.US,D,20180813,000000,418.92,425.22,417.63,422.34,4951287,0
NFLX.US,D,20180813,000000,423.08,426.59,422.95,426.07,5186151,0
NFLX.US,D,20180813,000000,423.98,431.17,423.88,428.35,5508210,0
NFLX.US,D,20180814,000000,431.76,432.04,424.17,425.92,4642737,0
NFLX.US,D,20180815,000000,427.82,435.41,426.99,431.31,4394603,0
NFLX.US,D,20180816,000000,434.96,438.79,423.19,425.66,2689285,0
NFLX.US,D,20180817,000000,428.70,429.11,421.55,423.60,3347733,0
NFLX.US,D,20180820,000000,424.34,425.75,422.92,423.19,3034584,0
NFLX.US,D,20180820,000000,424.79,448.12,424.23,437.56,2115342,0
NFLX.US,D,20180820,000000,435.88,436.66,432.28,433.66,5063650,0
NFLX.US,D,20180821,000000,431.34,443.05,428.67,441.36,3777525,0
NFLX.US,D,20180822,000000,442.66,443.60,425.80,429.38,2253196,0
NFLX.US,D,20180823,000000,430.30,443.18,427.07,438.72,3877911,0
NFLX.US,D,20180824,000000,437.87,438.19,432.93,435.10,2887483,0
NFLX.US,D,20180827,000000,438.08,438.95,433.73,434.60,5475755,0
NFLX.US,D,20180827,000000,438.00,438.03,435.04,435.17,3295792,0
NFLX.US,D,20180827,000000,435.55,436.85,424.39,427.49,4944651,0
NFLX.US,D,20180828,000000,430.28,438.10,430.24,434.71,2354140,0
NFLX.US,D,20180829,000000,431.41,459.96,427.63,453.21,4902546,0
NFLX.US,D,20180830,000000,452.64,457.16,451.51,456.38,5040748,0
NFLX.US,D,20180831,000000,454.36,462.04,453.61,461.77,2789466,0
NFLX.US,D,20180903,000000,455.92,472.97,455.82,466.53,5929229,0
NFLX.US,D,20180903,000000,461.85,463.37,443.98,449.64,4048846,0
NFLX.US,D,20180903,000000,449.78,451.66,424.43,435.25,5598387,0
NFLX.US,D,20180904,000000,434.96,442.83,434.69,441.56,5022259,0
NFLX.US,D,20180905,000000,443.16,463.45,440.70,456.92,5820495,0
NFLX.US,D,20180906,000000,457.66,458.10,454.96,455.56,2947523,0
NFLX.US,D,20180907,000000,454.13,457.67,453.72,456.85,3106424,0
NFLX.US,D,20180910,000000,458.42,468.28,457.15,465.68,3048527,0
NFLX.US,D,20180910,000000,464.75,474.46,417.98,431.61,4683145,0
NFLX.US,D,20180910,000000,424.40,438.87,422.64,438.54,5648582,0
NFLX.US,D,20180911,000000,441.82,443.65,440.84,442.59,2808458,0
NFLX.US,D,20180912,000000,443.02,443.30,430.54,435.35,3334667,0
NFLX.US,D,20180913,000000,443.57,449.27,403.62,423.83,4261250,0
NFLX.US,D,20180914,000000,420.61,428.56,398.95,401.53,3816163,0
NFLX.US,D,20180917,000000,392.97,456.42,387.83,440.66,3840573,0
NFLX.US,D,20180917,000000,435.55,439.88,434.81,437.14,5124467,0
NFLX.US,D,20180917,000000,445.59,506.58,442.87,495.54,5445138,0
NFLX.US,D,20180918,000000,500.56,502.47,500.33,501.91,4254029,0
NFLX.US,D,20180919,000000,505.07,513.76,501.08,512.80,5540243,0
NFLX.US,D,20180920,000000,500.17,509.70,458.96,462.93,3459709,0
NFLX.US,D,20180921,000000,450.78,530.71,441.52,499.84,2752943,0
NFLX.US,D,20180924,000000,496.85,505.35,477.83,491.50,4490656,0
NFLX.US,D,20180924,000000,490.72,502.04,488.27,498.70,4532564,0
NFLX.US,D,20180924,000000,493.53,566.76,490.60,543.48,4338699,0
NFLX.US,D,20180925,000000,540.74,555.59,519.24,534.33,5364438,0
NFLX.US,D,20180926,000000,540.98,543.76,517.32,517.52,2894928,0
NFLX.US,D,20180927,000000,508.68,516.43,507.26,515.97,4203911,0
NFLX.US,D,20180928,000000,509.71,515.05,484.06,496.35,5697827,0
NFLX.US,D,20181001,000000,492.24,499.00,489.84,495.23,2726890,0
NFLX.US,D,20181001,000000,493.18,495.91,485.85,487.89,5358379,0
NFLX.US,D,20181001,000000,494.14,502.69,487.01,499.08,4034751,0
NFLX.US,D,20181002,000000,488.40,495.17,488.28,494.31,3305415,0
NFLX.US,D,20181003,000000,496.50,496.60,484.76,488.52,3173341,0
NFLX.US,D,20181004,000000,485.84,492.41,465.97,470.19,5567820,0
NFLX.US,D,20181005,000000,462.13,491.17,461.32,479.02,3876083,0
NFLX.US,D,20181008,000000,479.24,510.55,478.48,499.30,5164133,0
NFLX.US,D,20181008,000000,500.19,501.05,493.13,495.57,3983510,0
NFLX.US,D,20181008,000000,493.58,503.94,492.99,501.23,3312885,0
NFLX.US,D,20181009,000000,485.72,505.98,479.30,502.94,5560376,0
NFLX.US,D,20181010,000000,494.81,505.96,492.31,503.01,5775980,0
NFLX.US,D,20181011,000000,506.48,507.20,489.40,495.26,2830735,0
NFLX.US,D,20181012,000000,498.57,523.68,496.94,518.38,4336762,0
NFLX.US,D,20181015,000000,516.36,522.78,513.98,522.38,5962428,0
NFLX.US,D,20181015,000000,514.23,571.20,512.32,558.10,4504516,0
NFLX.US,D,20181015,000000,564.25,573.29,535.13,537.17,5575714,0
NFLX.US,D,20181016,000000,529.06,531.38,528.90,530.05,6955879,0
NFLX.US,D,20181017,000000,530.55,533.91,498.81,512.87,11892679,0
NFLX.US,D,20181018,000000,513.94,514.05,495.73,495.87,6541469,0
NFLX.US,D,20181019,000000,509.56,521.01,454.17,469.49,6231720,0
NFLX.US,D,20181022,000000,461.03,464.26,451.61,455.46,6978864,0
NFLX.US,D,20181022,000000,455.17,468.66,434.28,438.65,13781755,0
NFLX.US,D,20181022,000000,433.44,436.83,409.57,414.38,17619128,0
NFLX.US,D,20181023,000000,404.85,405.38,391.48,392.16,18061378,0
NFLX.US,D,20181024,000000,384.61,385.16,368.95,369.71,22787751,0
NFLX.US,D,20181025,000000,372.01,375.60,347.65,347.99,21093074,0
NFLX.US,D,20181026,000000,342.23,347.91,320.71,328.18,11483507,0
NFLX.US,D,20181029,000000,331.49,342.91,270.68,304.19,19894240,0
NFLX.US,D,20181029,000000,303.72,304.40,279.34,287.01,13354263,0
NFLX.US,D,20181029,000000,284.36,285.07,261.89,266.33,26181384,0
NFLX.US,D,20181030,000000,263.40,265.53,244.27,250.15,4770129,0
NFLX.US,D,20181031,000000,253.48,254.05,244.39,245.95,4611854,0
NFLX.US,D,20181101,000000,247.81,249.58,237.60,240.49,2030370,0
NFLX.US,D,20181102,000000,242.36,246.10,228.57,235.03,2322097,0
NFLX.US,D,20181105,000000,234.77,235.03,233.72,233.89,5201114,0
NFLX.US,D,20181105,000000,227.48,249.45,220.25,242.09,3947574,0
NFLX.US,D,20181105,000000,245.16,249.01,231.46,234.28,5991347,0
NFLX.US,D,20181106,000000,226.27,228.80,212.26,215.15,4748655,0
NFLX.US,D,20181107,000000,213.17,220.77,212.41,217.62,2303325,0
NFLX.US,D,20181108,000000,221.67,232.42,218.97,229.44,4793828,0
NFLX.US,D,20181109,000000,227.52,228.48,226.77,227.45,5629307,0
NFLX.US,D,20181112,000000,228.12,230.33,219.54,221.54,3986388,0
NFLX.US,D,20181112,000000,223.43,224.11,213.30,216.22,4278920,0
NFLX.US,D,20181112,000000,216.85,221.19,216.37,218.89,2701295,0
NFLX.US,D,20181113,000000,216.09,216.43,210.42,211.56,3777936,0
NFLX.US,D,20181114,000000,214.33,215.62,208.98,209.54,3258613,0
NFLX.US,D,20181115,000000,213.34,214.37,210.72,211.38,4916506,0
NFLX.US,D,20181116,000000,212.14,221.69,210.71,220.04,4461869,0
NFLX.US,D,20181119,000000,220.63,220.76,214.42,215.24,3157649,0
NFLX.US,D,20181119,000000,210.25,215.84,209.27,213.69,2807723,0
NFLX.US,D,20181119,000000,214.29,215.19,202.59,206.15,3831398,0
NFLX.US,D,20181120,000000,201.74,203.22,195.91,199.76,2421415,0
NFLX.US,D,20181121,000000,197.58,199.95,195.04,195.16,3416155,0
NFLX.US,D,20181122,000000,193.20,194.54,192.65,193.41,3208436,0
NFLX.US,D,20181123,000000,197.28,202.58,196.46,202.08,3401868,0
NFLX.US,D,20181126,000000,200.92,215.21,197.88,212.76,5481205,0
NFLX.US,D,20181126,000000,212.17,213.98,209.49,210.53,3479813,0
NFLX.US,D,20181126,000000,211.43,212.54,202.94,204.70,2594516,0
NFLX.US,D,20181127,000000,207.18,217.24,205.22,216.60,4465828,0
NFLX.US,D,20181128,000000,213.47,216.30,203.00,206.45,2083119,0
NFLX.US,D,20181129,000000,204.11,208.31,196.41,197.15,4969852,0
NFLX.US,D,20181130,000000,200.14,201.16,194.81,195.46,5259044,0
NFLX.US,D,20181203,000000,193.88,197.78,179.79,184.19,5981748,0
NFLX.US,D,20181203,000000,187.57,198.02,184.93,193.99,3000416,0
NFLX.US,D,20181203,000000,197.66,198.12,190.42,191.36,4231587,0
NFLX.US,D,20181204,000000,188.94,192.62,188.30,191.81,3018555,0
NFLX.US,D,20181205,000000,193.42,195.53,188.16,189.80,2004857,0
NFLX.US,D,20181206,000000,193.43,195.93,193.12,195.36,2746920,0
NFLX.US,D,20181207,000000,197.96,198.71,181.12,183.49,2122461,0
NFLX.US,D,20181210,000000,185.80,189.46,184.48,188.20,4823357,0
NFLX.US,D,20181210,000000,186.74,187.70,183.45,185.12,2864608,0
NFLX.US,D,20181210,000000,182.64,182.82,179.06,179.09,2844501,0
NFLX.US,D,20181211,000000,184.05,184.78,177.15,177.91,4203065,0
NFLX.US,D,20181212,000000,176.84,179.34,176.15,179.22,5132329,0
NFLX.US,D,20181213,000000,177.62,185.57,177.43,183.43,2658485,0
NFLX.US,D,20181214,000000,186.25,186.26,184.23,184.36,3901323,0
NFLX.US,D,20181217,000000,183.03,203.10,175.83,196.65,2474264,0
NFLX.US,D,20181217,000000,196.87,196.93,196.02,196.21,2400727,0
NFLX.US,D,20181217,000000,192.90,200.10,192.64,194.56,5142653,0
NFLX.US,D,20181218,000000,191.25,217.87,189.85,207.19,3773829,0
NFLX.US,D,20181219,000000,210.11,238.67,201.62,237.16,3607785,0
NFLX.US,D,20181220,000000,238.59,254.88,236.29,253.33,2288820,0
NFLX.US,D,20181221,000000,250.36,265.40,245.14,259.31,4756816,0
NFLX.US,D,20181224,000000,257.07,257.46,255.90,256.28,2390188,0
NFLX.US,D,20181224,000000,254.88,274.99,249.91,273.49,4865815,0
NFLX.US,D,20181224,000000,267.47,305.29,261.68,297.31,3779028,0
NFLX.US,D,20181225,000000,296.63,314.77,295.81,309.54,2443784,0
NFLX.US,D,20181226,000000,317.10,320.02,302.21,304.32,2716640,0
NFLX.US,D,20181227,000000,302.44,348.57,301.97,344.52,2241985,0
NFLX.US,D,20181228,000000,338.54,343.61,337.28,341.68,3330122,0
NFLX.US,D,20181231,000000,347.39,352.06,304.17,305.66,5669330,0
NFLX.US,D,20181231,000000,306.34,306.86,305.97,306.18,5620276,0
NFLX.US,D,20181231,000000,304.46,320.61,303.18,315.48,5490728,0
NFLX.US,D,20190101,000000,310.43,324.95,307.43,322.70,5290144,0
NFLX.US,D,20190102,000000,324.98,326.69,311.86,316.16,4900863,0
NFLX.US,D,20190103,000000,310.92,319.74,308.96,317.73,2045925,0
NFLX.US,D,20190104,000000,321.71,323.85,319.76,323.15,4739359,0
NFLX.US,D,20190107,000000,326.27,328.72,325.95,328.32,5495118,0
NFLX.US,D,20190107,000000,327.28,338.07,326.51,335.36,5262291,0
NFLX.US,D,20190107,000000,338.24,358.77,335.18,354.83,2525383,0
NFLX.US,D,20190108,000000,351.45,388.02,344.42,381.71,4273397,0
NFLX.US,D,20190109,000000,377.97,394.72,373.86,386.06,7159278,0
NFLX.US,D,20190110,000000,380.82,398.36,379.73,391.28,4397415,0
NFLX.US,D,20190111,000000,388.91,397.98,388.29,396.91,5509163,0
NFLX.US,D,20190114,000000,395.91,407.61,393.21,403.53,8105428,0
NFLX.US,D,20190114,000000,401.35,408.85,399.93,408.75,7132773,0
NFLX.US,D,20190114,000000,405.40,420.24,402.60,418.59,7706104,0
NFLX.US,D,20190115,000000,416.71,427.60,416.39,424.65,7753456,0
NFLX.US,D,20190116,000000,425.76,436.37,422.67,435.85,6024066,0
NFLX.US,D,20190117,000000,432.22,444.45,428.44,443.65,5527631,0
NFLX.US,D,20190118,000000,442.59,459.18,442.06,455.97,8005832,0
NFLX.US,D,20190121,000000,466.37,467.12,464.68,466.03,10331183,0
NFLX.US,D,20190121,000000,456.68,480.53,451.28,474.92,7812553,0
NFLX.US,D,20190121,000000,480.68,481.45,477.08,481.32,11635808,0
NFLX.US,D,20190122,000000,466.95,491.27,462.79,490.27,9992812,0
NFLX.US,D,20190123,000000,486.40,503.71,481.82,503.29,13957868,0
NFLX.US,D,20190124,000000,499.24,521.85,491.24,517.94,11880719,0
NFLX.US,D,20190125,000000,511.03,532.71,509.02,530.85,12441473,0
NFLX.US,D,20190128,000000,523.50,548.61,523.07,544.61,7740615,0
NFLX.US,D,20190128,000000,540.17,562.74,533.34,562.05,10329245,0
NFLX.US,D,20190128,000000,554.74,580.50,552.29,576.93,11745448,0
NFLX.US,D,20190129,000000,582.49,612.96,578.84,595.17,17366580,0
NFLX.US,D,20190130,000000,594.59,613.65,582.71,613.39,8178450,0
NFLX.US,D,20190131,000000,598.81,637.84,589.49,635.75,16769453,0
NFLX.US,D,20190201,000000,642.05,660.25,623.24,657.73,9036391,0
NFLX.US,D,20190204,000000,671.78,683.59,669.29,681.12,7069996,0
NFLX.US,D,20190204,000000,671.94,743.19,654.21,708.01,6981765,0
NFLX.US,D,20190204,000000,717.60,739.03,711.51,733.39,8843261,0
NFLX.US,D,20190205,000000,734.39,739.41,716.78,723.55,4403839,0
NFLX.US,D,20190206,000000,718.84,751.70,712.74,748.04,4642283,0
NFLX.US,D,20190207,000000,758.35,767.98,752.55,759.82,2451218,0
NFLX.US,D,20190208,000000,751.06,755.06,722.45,725.97,3808040,0
NFLX.US,D,20190211,000000,743.05,747.31,717.39,720.81,2816043,0
NFLX.US,D,20190211,000000,715.01,754.26,711.94,733.81,4438613,0
NFLX.US,D,20190211,000000,743.09,784.35,725.12,770.25,5746481,0
NFLX.US,D,20190212,000000,761.56,776.16,703.96,729.73,5965227,0
NFLX.US,D,20190213,000000,715.71,718.94,712.00,717.57,4171089,0
NFLX.US,D,20190214,000000,701.79,704.19,678.90,682.04,5708337,0
NFLX.US,D,20190215,000000,683.14,688.20,663.30,676.03,5121474,0
NFLX.US,D,20190218,000000,692.19,704.43,633.80,662.59,5208474,0
NFLX.US,D,20190218,000000,654.81,712.25,638.96,705.93,3771760,0
NFLX.US,D,20190218,000000,713.05,750.72,708.91,744.80,5750234,0
NFLX.US,D,20190219,000000,745.47,762.24,627.24,675.32,4562703,0
NFLX.US,D,20190220,000000,671.74,687.61,615.54,625.69,4306855,0
NFLX.US,D,20190221,000000,607.58,673.05,592.89,668.79,5034055,0
NFLX.US,D,20190222,000000,670.39,672.55,668.58,671.20,2276108,0
NFLX.US,D,20190225,000000,666.90,668.82,651.90,655.78,5209838,0
NFLX.US,D,20190225,000000,664.43,671.92,628.66,641.32,2037594,0
NFLX.US,D,20190225,000000,637.08,641.33,628.08,628.91,3971560,0
NFLX.US,D,20190226,000000,629.97,633.50,581.06,583.76,4616729,0
NFLX.US,D,20190227,000000,595.29,600.21,539.09,548.73,4880931,0
NFLX.US,D,20190228,000000,551.81,552.13,472.17,492.02,5165138,0
NFLX.US,D,20190301,000000,492.85,493.20,458.99,461.63,2516551,0
NFLX.US,D,20190304,000000,449.36,504.11,439.32,485.50,5738977,0
NFLX.US,D,20190304,000000,500.81,502.19,500.34,502.01,5534473,0
NFLX.US,D,20190304,000000,521.06,524.27,481.62,509.15,5849657,0
NFLX.US,D,20190305,000000,516.71,525.22,495.16,498.05,4736302,0
NFLX.US,D,20190306,000000,484.89,485.27,452.65,465.37,2014710,0
NFLX.US,D,20190307,000000,463.97,521.80,463.51,516.69,2651963,0
NFLX.US,D,20190308,000000,519.40,525.74,515.75,522.93,4776383,0
NFLX.US,D,20190311,000000,521.49,526.21,493.62,503.18,4616472,0
NFLX.US,D,20190311,000000,507.82,508.74,500.09,502.16,2150187,0
NFLX.US,D,20190311,000000,502.56,503.47,492.29,492.68,2571384,0
NFLX.US,D,20190312,000000,487.11,509.06,482.88,500.43,2664846,0
NFLX.US,D,20190313,000000,497.68,523.25,497.40,517.80,4212624,0
NFLX.US,D,20190314,000000,538.20,540.19,508.04,518.66,5422442,0
NFLX.US,D,20190315,000000,530.01,530.98,527.27,528.20,4037981,0
NFLX.US,D,20190318,000000,534.55,547.09,532.83,546.04,2559349,0
NFLX.US,D,20190318,000000,550.25,558.74,458.25,496.86,4318266,0
NFLX.US,D,20190318,000000,499.95,502.27,456.49,468.03,3868699,0
NFLX.US,D,20190319,000000,451.38,463.82,376.52,411.74,4829915,0
NFLX.US,D,20190320,000000,407.44,420.85,383.47,419.91,2818096,0
NFLX.US,D,20190321,000000,423.68,490.60,416.37,469.20,2201692,0
NFLX.US,D,20190322,000000,458.91,472.07,454.43,463.43,5689839,0
NFLX.US,D,20190325,000000,469.43,478.05,414.06,434.27,2008304,0
NFLX.US,D,20190325,000000,423.50,460.46,422.45,457.27,3670452,0
NFLX.US,D,20190325,000000,468.84,475.25,436.41,444.99,3930258,0
NFLX.US,D,20190326,000000,443.16,443.20,439.58,439.64,5743173,0
NFLX.US,D,20190327,000000,436.02,443.32,399.50,410.19,2856070,0
NFLX.US,D,20190328,000000,419.22,428.58,399.18,401.41,3480197,0
NFLX.US,D,20190329,000000,408.00,421.61,405.76,418.20,3446745,0
NFLX.US,D,20190401,000000,414.87,422.31,405.11,406.70,5224982,0
NFLX.US,D,20190401,000000,398.10,427.91,387.16,425.66,2173876,0
NFLX.US,D,20190401,000000,430.91,439.51,427.99,438.97,4429683,0
NFLX.US,D,20190402,000000,430.30,441.22,429.68,440.23,4125447,0
NFLX.US,D,20190403,000000,442.67,449.35,435.02,437.03,2038057,0
NFLX.US,D,20190404,000000,440.13,442.73,416.59,424.51,3225124,0
NFLX.US,D,20190405,000000,427.53,433.49,406.06,409.63,4641700,0
NFLX.US,D,20190408,000000,411.70,427.71,411.22,417.30,4075032,0
NFLX.US,D,20190408,000000,424.75,432.59,395.38,406.79,3502512,0
NFLX.US,D,20190408,000000,404.45,424.28,401.28,420.64,3034942,0
NFLX.US,D,20190409,000000,417.39,421.72,403.33,405.45,3837603,0
NFLX.US,D,20190410,000000,410.95,418.71,393.78,395.59,5946790,0
NFLX.US,D,20190411,000000,390.89,397.50,347.85,358.90,4039186,0
NFLX.US,D,20190412,000000,358.67,360.38,355.04,356.85,5086323,0
NFLX.US,D,20190415,000000,356.24,357.07,354.50,355.76,5863158,0
NFLX.US,D,20190415,000000,356.44,368.57,354.40,368.00,2245664,0
NFLX.US,D,20190415,000000,366.80,373.03,362.93,367.32,4670916,0
NFLX.US,D,20190416,000000,373.72,374.45,351.46,352.73,4213698,0
NFLX.US,D,20190417,000000,344.21,350.61,342.24,345.84,5322052,0
NFLX.US,D,20190418,000000,349.89,350.39,324.12,330.67,5834664,0
NFLX.US,D,20190419,000000,338.83,341.43,317.49,324.25,5327436,0
NFLX.US,D,20190422,000000,320.34,325.98,318.58,322.22,4669772,0
NFLX.US,D,20190422,000000,314.54,333.03,309.06,324.45,3751180,0
NFLX.US,D,20190422,000000,323.25,329.63,322.52,328.19,2553671,0
NFLX.US,D,20190423,000000,332.21,333.26,319.61,321.33,3214320,0
NFLX.US,D,20190424,000000,325.09,331.11,291.49,303.87,4234398,0
NFLX.US,D,20190425,000000,299.92,304.03,292.48,294.34,2244470,0
NFLX.US,D,20190426,000000,291.71,291.79,286.64,288.56,2030581,0
NFLX.US,D,20190429,000000,291.41,294.26,291.16,293.44,2793200,0
NFLX.US,D,20190429,000000,297.09,301.11,277.78,280.37,4810404,0
NFLX.US,D,20190429,000000,279.62,316.25,274.85,305.87,4259661,0
NFLX.US,D,20190430,000000,301.38,340.39,298.13,327.84,3469517,0
NFLX.US,D,20190501,000000,333.99,338.84,307.89,312.97,3155570,0
NFLX.US,D,20190502,000000,313.43,328.81,311.71,325.72,5594039,0
NFLX.US,D,20190503,000000,317.00,350.64,314.86,340.72,3772569,0
NFLX.US,D,20190506,000000,334.86,337.99,333.70,337.47,4561027,0
NFLX.US,D,20190506,000000,337.97,341.44,321.13,326.23,5156399,0
NFLX.US,D,20190506,000000,328.37,332.94,314.86,316.16,2352918,0
NFLX.US,D,20190507,000000,312.21,334.61,308.92,331.05,3688880,0
NFLX.US,D,20190508,000000,329.37,346.26,321.73,343.45,5680565,0
NFLX.US,D,20190509,000000,340.58,341.77,310.71,325.03,3700870,0
NFLX.US,D,20190510,000000,323.13,323.18,317.82,321.58,4840214,0
NFLX.US,D,20190513,000000,319.11,333.22,317.14,330.79,2497182,0
NFLX.US,D,20190513,000000,331.71,331.73,323.30,325.83,2452602,0
NFLX.US,D,20190513,000000,328.31,341.58,327.45,338.83,3054345,0
NFLX.US,D,20190514,000000,331.05,357.76,329.55,354.17,5511945,0
NFLX.US,D,20190515,000000,354.27,360.45,315.17,323.24,4186881,0
NFLX.US,D,20190516,000000,320.67,321.67,310.59,315.45,5204780,0
NFLX.US,D,20190517,000000,321.25,334.73,304.95,310.48,3864137,0
NFLX.US,D,20190520,000000,312.03,324.05,283.37,284.90,2430498,0
NFLX.US,D,20190520,000000,282.41,284.68,264.75,274.29,2414611,0
NFLX.US,D,20190520,000000,268.39,288.72,267.29,279.52,5950366,0
NFLX.US,D,20190521,000000,283.73,320.82,272.95,309.77,2576728,0
NFLX.US,D,20190522,000000,315.84,332.32,311.32,325.69,5673760,0
NFLX.US,D,20190523,000000,328.23,340.29,275.54,297.42,3299416,0
NFLX.US,D,20190524,000000,298.47,313.49,296.08,308.40,3846011,0
NFLX.US,D,20190527,000000,313.15,313.91,286.97,290.84,4571023,0
NFLX.US,D,20190527,000000,296.68,306.38,295.31,301.58,5023163,0
NFLX.US,D,20190527,000000,302.94,303.78,275.96,286.79,2821194,0
NFLX.US,D,20190528,000000,287.17,299.10,285.65,297.65,5180179,0
NFLX.US,D,20190529,000000,299.49,299.55,277.07,287.43,5431888,0
NFLX.US,D,20190530,000000,284.33,304.90,273.24,303.82,4541251,0
NFLX.US,D,20190531,000000,305.07,315.84,300.72,311.88,3153704,0
NFLX.US,D,20190603,000000,311.21,325.47,307.88,322.43,4805259,0
NFLX.US,D,20190603,000000,320.26,330.59,315.25,323.28,4080681,0
NFLX.US,D,20190603,000000,327.58,335.98,324.33,333.90,2557344,0
NFLX.US,D,20190604,000000,333.86,344.34,333.28,343.35,3741363,0
NFLX.US,D,20190605,000000,345.60,346.21,304.21,312.42,3136216,0
NFLX.US,D,20190606,000000,314.40,339.97,310.18,331.05,4597889,0
NFLX.US,D,20190607,000000,333.69,349.48,333.41,342.42,3537586,0
NFLX.US,D,20190610,000000,341.10,345.39,339.71,342.48,5017300,0
NFLX.US,D,20190610,000000,341.43,345.50,341.13,343.81,5150650,0
NFLX.US,D,20190610,000000,353.22,356.95,335.25,336.41,5193867,0
NFLX.US,D,20190611,000000,335.39,339.07,311.95,321.43,13526789,0
NFLX.US,D,20190612,000000,319.70,321.42,305.69,307.63,12400689,0
NFLX.US,D,20190613,000000,303.28,305.81,287.71,291.25,8296282,0
NFLX.US,D,20190614,000000,287.85,288.08,278.75,279.28,14649612,0
NFLX.US,D,20190617,000000,277.88,280.97,257.40,264.56,10251596,0
NFLX.US,D,20190617,000000,267.71,267.98,247.29,248.00,11142699,0
NFLX.US,D,20190617,000000,246.58,248.94,224.44,232.96,27550688,0
NFLX.US,D,20190618,000000,238.52,244.96,206.11,214.13,16154640,0
NFLX.US,D,20190619,000000,214.03,214.51,212.21,212.70,3480363,0
NFLX.US,D,20190620,000000,214.32,214.87,203.15,204.87,4911217,0
NFLX.US,D,20190621,000000,211.40,213.90,211.05,212.97,5515276,0
NFLX.US,D,20190624,000000,212.08,218.93,180.36,191.46,3533218,0
NFLX.US,D,20190624,000000,188.13,194.84,188.10,194.77,5842768,0
NFLX.US,D,20190624,000000,201.28,205.95,178.04,188.59,2796669,0
NFLX.US,D,20190625,000000,188.54,199.68,185.57,197.95,3013959,0
NFLX.US,D,20190626,000000,200.26,202.04,200.15,201.71,3714095,0
NFLX.US,D,20190627,000000,199.91,212.03,198.58,209.28,3091026,0
NFLX.US,D,20190628,000000,214.52,218.69,212.99,213.58,5276264,0
NFLX.US,D,20190701,000000,207.69,216.32,207.07,215.09,5980952,0
NFLX.US,D,20190701,000000,216.63,218.37,207.87,209.78,4347589,0
NFLX.US,D,20190701,000000,208.88,212.83,208.30,210.19,5926772,0
NFLX.US,D,20190702,000000,204.35,218.74,199.24,216.43,2169206,0
NFLX.US,D,20190703,000000,211.99,215.65,210.96,214.63,2753348,0
NFLX.US,D,20190704,000000,212.75,216.24,200.87,200.87,5530293,0
NFLX.US,D,20190705,000000,200.98,201.30,200.47,200.76,5995353,0
NFLX.US,D,20190708,000000,202.93,206.85,178.57,184.48,2724156,0
NFLX.US,D,20190708,000000,183.59,191.80,182.01,189.36,3512586,0
NFLX.US,D,20190708,000000,183.48,186.12,163.13,168.55,3305014,0
NFLX.US,D,20190709,000000,167.64,169.67,166.01,168.66,2475930,0
NFLX.US,D,20190710,000000,169.98,185.45,166.87,183.85,2262290,0
NFLX.US,D,20190711,000000,188.59,191.17,182.50,185.39,5945511,0
NFLX.US,D,20190712,000000,185.83,186.36,182.51,185.10,2108373,0
NFLX.US,D,20190715,000000,186.17,197.79,186.04,193.67,5046928,0
NFLX.US,D,20190715,000000,192.41,195.55,174.63,181.04,5893573,0
NFLX.US,D,20190715,000000,181.44,181.79,181.26,181.73,5264005,0
NFLX.US,D,20190716,000000,183.08,191.24,182.51,190.13,4245108,0
NFLX.US,D,20190717,000000,191.16,193.35,182.11,183.52,2563172,0
NFLX.US,D,20190718,000000,186.92,193.02,186.54,192.49,4313006,0
NFLX.US,D,20190719,000000,198.01,198.54,185.79,191.77,4648290,0
NFLX.US,D,20190722,000000,190.82,194.32,189.91,193.17,4520247,0
NFLX.US,D,20190722,000000,193.85,194.64,192.04,193.44,2062760,0
NFLX.US,D,20190722,000000,190.31,191.00,163.98,168.38,4460223,0
NFLX.US,D,20190723,000000,165.93,188.56,159.14,186.91,3807343,0
NFLX.US,D,20190724,000000,190.99,191.25,181.16,183.37,5157343,0
NFLX.US,D,20190725,000000,183.81,189.17,182.14,187.79,5100613,0
NFLX.US,D,20190726,000000,184.85,186.54,183.06,186.34,2956910,0
NFLX.US,D,20190729,000000,192.36,193.91,190.54,191.24,3318335,0
NFLX.US,D,20190729,000000,200.86,201.88,181.17,183.55,5337896,0
NFLX.US,D,20190729,000000,184.24,185.58,182.36,183.21,4052560,0
NFLX.US,D,20190730,000000,176.96,184.15,176.12,180.81,3260076,0
NFLX.US,D,20190731,000000,184.13,188.11,172.19,176.74,3629553,0
NFLX.US,D,20190801,000000,172.82,207.46,171.43,198.46,3733107,0
NFLX.US,D,20190802,000000,197.93,206.44,193.31,205.40,5922337,0
NFLX.US,D,20190805,000000,199.41,202.14,173.37,179.41,2626422,0
NFLX.US,D,20190805,000000,179.93,184.17,170.58,175.69,4838219,0
NFLX.US,D,20190805,000000,172.55,178.28,160.31,163.81,3208247,0
NFLX.US,D,20190806,000000,165.29,166.26,152.32,155.11,3080813,0
NFLX.US,D,20190807,000000,153.20,158.29,151.20,153.59,2188863,0
NFLX.US,D,20190808,000000,150.16,178.72,146.99,166.90,3768321,0
NFLX.US,D,20190809,000000,163.88,168.80,162.80,168.77,7122338,0
NFLX.US,D,20190812,000000,170.10,171.41,169.91,171.40,5000464,0
NFLX.US,D,20190812,000000,171.02,177.64,167.42,175.38,3747230,0
NFLX.US,D,20190812,000000,177.27,180.40,176.23,177.58,6929095,0
NFLX.US,D,20190813,000000,177.73,183.51,175.79,179.58,7527175,0
NFLX.US,D,20190814,000000,181.52,184.89,178.63,183.41,3528243,0
NFLX.US,D,20190815,000000,183.22,187.17,183.06,186.13,4006342,0
NFLX.US,D,20190816,000000,187.84,190.65,185.38,188.83,4952625,0
NFLX.US,D,20190819,000000,186.11,194.43,185.69,192.89,6873527,0
NFLX.US,D,20190819,000000,190.13,199.43,188.85,195.81,5024255,0
NFLX.US,D,20190819,000000,198.32,199.92,197.95,199.42,8876843,0
NFLX.US,D,20190820,000000,200.89,202.64,198.25,202.02,10193976,0
NFLX.US,D,20190821,000000,202.01,206.36,200.26,205.45,6214789,0
NFLX.US,D,20190822,000000,197.85,220.71,193.77,210.60,5201072,0
NFLX.US,D,20190823,000000,210.09,215.21,208.36,213.68,11324263,0
NFLX.US,D,20190826,000000,210.21,220.48,198.68,217.17,5880335,0
NFLX.US,D,20190826,000000,217.16,225.59,215.57,222.21,10743653,0
NFLX.US,D,20190826,000000,220.28,233.47,219.84,228.36,12596664,0
NFLX.US,D,20190827,000000,235.30,236.39,230.77,231.97,6695393,0
NFLX.US,D,20190828,000000,228.65,241.52,222.45,238.90,11476464,0
NFLX.US,D,20190829,000000,246.68,247.46,243.09,244.96,12790740,0
NFLX.US,D,20190830,000000,246.82,252.46,246.63,251.76,13819669,0
NFLX.US,D,20190902,000000,250.20,270.97,245.45,261.43,7076247,0
NFLX.US,D,20190902,000000,253.95,274.52,253.00,267.99,6106837,0
NFLX.US,D,20190902,000000,263.46,274.14,262.20,273.65,9873560,0
NFLX.US,D,20190903,000000,279.66,285.55,279.10,281.55,11525985,0
NFLX.US,D,20190904,000000,280.10,289.80,276.81,288.15,9766329,0
NFLX.US,D,20190905,000000,294.53,299.35,291.82,295.84,8973673,0
NFLX.US,D,20190906,000000,304.25,304.43,301.30,303.22,13982725,0
NFLX.US,D,20190909,000000,307.18,312.07,304.83,311.94,6710273,0
NFLX.US,D,20190909,000000,310.05,331.44,306.46,322.26,10857522,0
NFLX.US,D,20190909,000000,318.75,342.87,311.05,333.45,10539251,0
NFLX.US,D,20190910,000000,328.14,345.41,321.71,343.73,13381523,0
NFLX.US,D,20190911,000000,342.12,355.84,338.26,354.26,16405293,0
NFLX.US,D,20190912,000000,352.36,366.26,347.82,364.45,10645426,0
NFLX.US,D,20190913,000000,356.48,380.40,351.82,375.22,12310877,0
NFLX.US,D,20190916,000000,377.39,388.24,374.25,387.38,16701083,0
NFLX.US,D,20190916,000000,370.01,403.06,348.46,399.61,17954822,0
NFLX.US,D,20190916,000000,390.57,415.31,385.18,411.36,7156374,0
NFLX.US,D,20190917,000000,414.67,434.71,413.58,425.58,9305964,0
NFLX.US,D,20190918,000000,441.39,444.43,434.07,436.54,3583448,0
NFLX.US,D,20190919,000000,467.15,470.00,410.61,427.95,2669095,0
NFLX.US,D,20190920,000000,442.63,466.71,437.24,460.19,2602409,0
NFLX.US,D,20190923,000000,448.47,449.94,447.12,449.11,2457535,0
NFLX.US,D,20190923,000000,466.67,468.04,449.14,449.48,5172163,0
NFLX.US,D,20190923,000000,444.72,492.88,438.54,487.62,4282085,0
NFLX.US,D,20190924,000000,481.23,611.46,468.74,574.33,4644768,0
NFLX.US,D,20190925,000000,590.58,625.43,464.93,521.08,5513467,0
NFLX.US,D,20190926,000000,535.62,537.81,479.31,480.34,4381604,0
NFLX.US,D,20190927,000000,482.97,483.40,476.40,479.47,3345460,0
NFLX.US,D,20190930,000000,476.77,514.43,473.90,493.49,2075680,0
NFLX.US,D,20190930,000000,482.15,529.98,472.17,518.34,5294454,0
NFLX.US,D,20190930,000000,495.09,638.41,468.40,592.32,3437806,0
NFLX.US,D,20191001,000000,602.00,632.70,495.86,526.47,4479020,0
NFLX.US,D,20191002,000000,505.12,506.35,492.17,494.30,3715413,0
NFLX.US,D,20191003,000000,490.30,493.37,434.55,454.40,5065224,0
NFLX.US,D,20191004,000000,457.74,460.00,428.24,440.13,4410165,0
NFLX.US,D,20191007,000000,435.38,439.19,285.41,374.17,2336663,0
NFLX.US,D,20191007,000000,358.37,414.76,349.61,409.59,4235534,0
NFLX.US,D,20191007,000000,412.28,471.22,410.42,455.00,5970310,0
NFLX.US,D,20191008,000000,446.48,468.26,445.40,458.90,3482288,0
NFLX.US,D,20191009,000000,452.57,476.09,444.86,468.72,4239109,0
NFLX.US,D,20191010,000000,478.08,478.66,448.85,467.35,5338115,0
NFLX.US,D,20191011,000000,441.61,461.28,398.65,411.93,3806536,0
NFLX.US,D,20191014,000000,411.26,429.13,410.37,426.04,5135705,0
NFLX.US,D,20191014,000000,419.44,444.95,419.01,435.18,5614862,0
NFLX.US,D,20191014,000000,447.16,453.38,390.11,413.89,5947440,0
NFLX.US,D,20191015,000000,403.80,417.67,344.68,356.26,3060994,0
NFLX.US,D,20191016,000000,364.51,407.98,353.79,398.70,2690718,0
NFLX.US,D,20191017,000000,398.68,399.21,390.45,391.41,2143697,0
NFLX.US,D,20191018,000000,380.69,382.90,368.99,370.72,3055373,0
NFLX.US,D,20191021,000000,387.03,390.88,348.25,349.50,3059816,0
NFLX.US,D,20191021,000000,353.92,362.58,353.12,357.50,2175038,0
NFLX.US,D,20191021,000000,362.97,363.63,362.95,363.54,2043343,0
NFLX.US,D,20191022,000000,373.24,389.44,368.04,385.32,3036286,0
NFLX.US,D,20191023,000000,383.76,388.38,363.27,366.39,2239725,0
NFLX.US,D,20191024,000000,379.29,406.43,372.68,402.76,5286003,0
NFLX.US,D,20191025,000000,404.88,406.83,386.01,388.85,3787517,0
NFLX.US,D,20191028,000000,384.22,385.36,380.20,381.25,3842590,0
NFLX.US,D,20191028,000000,373.35,376.26,357.44,360.18,3965974,0
NFLX.US,D,20191028,000000,352.92,400.01,341.03,393.10,5875573,0
NFLX.US,D,20191029,000000,399.82,401.22,270.16,327.64,3679496,0
NFLX.US,D,20191030,000000,324.18,402.20,313.86,366.06,2875584,0
NFLX.US,D,20191031,000000,364.20,392.31,358.91,385.47,2199838,0
NFLX.US,D,20191101,000000,392.54,395.23,308.41,340.01,5055165,0
NFLX.US,D,20191104,000000,339.00,341.51,338.88,340.90,3240695,0
NFLX.US,D,20191104,000000,334.57,335.64,329.72,331.13,3747340,0
NFLX.US,D,20191104,000000,335.43,338.91,315.81,320.18,3591189,0
NFLX.US,D,20191105,000000,334.80,337.92,334.70,337.21,2559570,0
NFLX.US,D,20191106,000000,332.61,343.19,329.03,337.85,2629297,0
NFLX.US,D,20191107,000000,328.15,348.75,323.43,348.28,5760417,0
NFLX.US,D,20191108,000000,346.73,365.36,320.38,320.42,5527764,0
NFLX.US,D,20191111,000000,317.61,330.87,266.56,281.54,4259382,0
NFLX.US,D,20191111,000000,278.82,279.28,241.09,252.62,5101357,0
NFLX.US,D,20191111,000000,257.90,258.00,234.20,239.39,2280948,0
NFLX.US,D,20191112,000000,238.37,257.56,178.56,203.93,2574417,0
NFLX.US,D,20191113,000000,204.34,211.08,189.06,195.29,4488250,0
NFLX.US,D,20191114,000000,190.38,232.64,182.30,217.45,4145855,0
NFLX.US,D,20191115,000000,222.64,230.22,220.55,229.85,2799459,0
NFLX.US,D,20191118,000000,232.77,247.53,178.56,202.50,5074845,0
NFLX.US,D,20191118,000000,205.42,207.20,202.40,204.28,3377334,0
NFLX.US,D,20191118,000000,208.80,209.21,202.35,204.50,2445581,0
NFLX.US,D,20191119,000000,209.86,211.55,204.73,208.39,4968007,0
NFLX.US,D,20191120,000000,205.92,223.41,202.83,222.97,4182399,0
NFLX.US,D,20191121,000000,223.12,234.61,221.70,233.99,2355952,0
NFLX.US,D,20191122,000000,231.14,237.06,204.35,212.29,4680220,0
NFLX.US,D,20191125,000000,212.69,212.71,202.69,207.60,4712655,0
NFLX.US,D,20191125,000000,203.34,205.03,201.35,203.84,5590721,0
NFLX.US,D,20191125,000000,198.36,229.42,192.16,218.66,2871136,0
NFLX.US,D,20191126,000000,227.13,240.62,226.01,240.11,5021146,0
NFLX.US,D,20191127,000000,236.92,260.57,234.64,259.91,4033012,0
NFLX.US,D,20191128,000000,260.07,262.46,219.04,228.54,3503528,0
NFLX.US,D,20191129,000000,228.01,228.56,218.97,222.90,4458112,0
NFLX.US,D,20191202,000000,221.18,225.78,221.13,224.36,4980389,0
NFLX.US,D,20191202,000000,227.55,243.54,227.24,235.52,2434222,0
NFLX.US,D,20191202,000000,233.21,240.29,233.15,239.92,2918882,0
NFLX.US,D,20191203,000000,236.44,240.83,195.13,210.83,2644311,0
NFLX.US,D,20191204,000000,213.60,214.35,177.57,191.86,4164443,0
NFLX.US,D,20191205,000000,192.98,204.82,192.88,202.73,4133579,0
NFLX.US,D,20191206,000000,199.21,201.28,196.63,201.22,2589324,0
NFLX.US,D,20191209,000000,204.99,206.01,204.75,206.00,3808650,0
NFLX.US,D,20191209,000000,204.53,204.70,199.86,199.91,3565924,0
NFLX.US,D,20191209,000000,200.03,213.59,194.62,212.19,3875520,0
NFLX.US,D,20191210,000000,211.49,212.87,205.99,207.56,5058415,0
NFLX.US,D,20191211,000000,209.68,216.59,209.24,216.33,4266182,0
NFLX.US,D,20191212,000000,223.70,224.98,208.97,213.01,3209599,0
NFLX.US,D,20191213,000000,216.27,240.97,213.82,235.26,3503163,0
NFLX.US,D,20191216,000000,232.50,245.81,229.92,245.36,5743841,0
NFLX.US,D,20191216,000000,241.56,271.32,232.82,261.41,2868778,0
NFLX.US,D,20191216,000000,264.73,270.75,261.53,269.88,2942027,0
NFLX.US,D,20191217,000000,281.80,295.37,253.43,256.53,5390524,0
NFLX.US,D,20191218,000000,255.20,261.84,251.30,260.15,4474568,0
NFLX.US,D,20191219,000000,255.28,261.36,253.83,258.11,3123749,0
NFLX.US,D,20191220,000000,259.90,265.80,257.44,263.66,5202431,0
NFLX.US,D,20191223,000000,267.22,281.71,265.97,277.80,4657220,0
NFLX.US,D,20191223,000000,274.69,277.35,272.07,273.35,4852087,0
NFLX.US,D,20191223,000000,266.18,267.29,259.09,265.82,2661051,0
NFLX.US,D,20191224,000000,269.66,281.98,267.90,277.48,5667377,0
NFLX.US,D,20191225,000000,280.86,290.54,273.97,287.48,3370657,0
NFLX.US,D,20191226,000000,292.86,306.61,292.25,306.15,5945324,0
NFLX.US,D,20191227,000000,311.46,317.45,310.67,314.25,2895407,0
NFLX.US,D,20191230,000000,315.24,317.54,315.19,316.89,4040160,0
NFLX.US,D,20191230,000000,319.36,333.13,287.13,293.28,2959564,0
NFLX.US,D,20191230,000000,287.73,288.69,278.90,283.83,3100180,0
NFLX.US,D,20191231,000000,279.99,282.13,235.91,247.29,3427702,0
NFLX.US,D,20200101,000000,246.80,248.74,232.07,235.94,5372721,0
NFLX.US,D,20200102,000000,239.97,241.69,214.57,221.64,5764989,0
NFLX.US,D,20200103,000000,220.21,240.98,218.36,238.39,5326042,0
NFLX.US,D,20200106,000000,232.82,242.09,229.36,241.99,5977509,0
NFLX.US,D,20200106,000000,242.93,248.45,220.88,224.59,2703737,0
NFLX.US,D,20200106,000000,222.66,222.68,211.21,214.24,5395080,0
NFLX.US,D,20200107,000000,211.88,215.77,211.68,215.26,5952802,0
NFLX.US,D,20200108,000000,215.85,223.78,215.70,221.56,2050006,0
NFLX.US,D,20200109,000000,219.40,248.00,206.75,236.00,2900705,0
NFLX.US,D,20200110,000000,226.00,288.80,212.43,263.86,5956956,0
NFLX.US,D,20200113,000000,265.55,283.93,240.12,240.21,3939813,0
NFLX.US,D,20200113,000000,245.66,252.77,215.32,220.04,3934249,0
NFLX.US,D,20200113,000000,216.76,219.45,211.35,212.97,4958414,0
NFLX.US,D,20200114,000000,209.63,224.84,209.26,217.32,5108151,0
NFLX.US,D,20200115,000000,223.59,242.33,222.32,238.73,4087531,0
NFLX.US,D,20200116,000000,235.77,253.15,235.44,251.59,2775259,0
NFLX.US,D,20200117,000000,247.19,247.75,246.22,246.41,3549720,0
NFLX.US,D,20200120,000000,246.86,248.66,244.20,245.67,4491007,0
NFLX.US,D,20200120,000000,241.44,255.07,236.57,248.71,2348889,0
NFLX.US,D,20200120,000000,241.48,245.04,213.65,224.73,2421960,0
NFLX.US,D,20200121,000000,220.28,252.31,212.33,246.63,5842936,0
NFLX.US,D,20200122,000000,243.59,270.72,242.33,263.06,3971824,0
NFLX.US,D,20200123,000000,257.29,263.62,225.20,235.89,3520681,0
NFLX.US,D,20200124,000000,230.48,238.27,227.34,237.87,3278121,0
NFLX.US,D,20200127,000000,237.31,242.50,236.12,240.97,9365089,0
NFLX.US,D,20200127,000000,232.29,254.02,231.97,245.58,7099058,0
NFLX.US,D,20200127,000000,241.97,252.44,241.50,250.12,6669262,0
NFLX.US,D,20200128,000000,234.32,258.33,226.08,255.48,5184390,0
NFLX.US,D,20200129,000000,257.68,260.41,256.73,259.18,11613636,0
NFLX.US,D,20200130,000000,255.64,274.84,249.64,265.31,11827202,0
NFLX.US,D,20200131,000000,261.76,277.98,249.78,271.77,9950942,0
NFLX.US,D,20200203,000000,267.95,291.58,261.59,277.07,11548326,0
NFLX.US,D,20200203,000000,283.42,284.31,283.34,283.79,6669085,0
NFLX.US,D,20200203,000000,286.51,292.92,285.86,292.78,7533325,0
NFLX.US,D,20200204,000000,288.14,307.27,285.35,301.01,12298041,0
NFLX.US,D,20200205,000000,288.48,309.25,287.92,306.87,12759208,0
NFLX.US,D,20200206,000000,317.30,317.34,316.28,316.36,8492394,0
NFLX.US,D,20200207,000000,314.10,333.35,308.11,326.21,15955624,0
NFLX.US,D,20200210,000000,330.99,340.79,329.11,335.85,16957229,0
NFLX.US,D,20200210,000000,332.17,354.71,324.21,345.14,12629817,0
NFLX.US,D,20200210,000000,340.85,373.05,331.92,357.59,9988888,0
NFLX.US,D,20200211,000000,360.15,371.36,359.46,369.76,6666188,0
NFLX.US,D,20200212,000000,374.31,386.00,366.48,380.86,13728909,0
NFLX.US,D,20200213,000000,385.90,404.85,381.54,397.57,14784512,0
NFLX.US,D,20200214,000000,389.94,413.70,387.66,410.27,17588811,0
NFLX.US,D,20200217,000000,417.34,432.94,416.33,426.94,13031422,0
NFLX.US,D,20200217,000000,426.90,427.37,422.19,424.20,3479626,0
NFLX.US,D,20200217,000000,432.78,439.33,401.23,409.08,3991204,0
NFLX.US,D,20200218,000000,408.21,425.72,349.24,366.29,2248591,0
NFLX.US,D,20200219,000000,349.75,404.78,348.69,401.64,2791933,0
NFLX.US,D,20200220,000000,396.41,399.80,396.20,399.07,5732705,0
NFLX.US,D,20200221,000000,402.10,427.80,399.30,425.79,5667715,0
NFLX.US,D,20200224,000000,437.03,442.93,436.79,441.34,3618434,0
NFLX.US,D,20200224,000000,441.86,444.06,413.50,424.82,3059791,0
NFLX.US,D,20200224,000000,422.16,425.08,402.92,413.23,5725912,0
NFLX.US,D,20200225,000000,414.99,418.05,412.61,412.97,2675929,0
NFLX.US,D,20200226,000000,411.62,415.73,364.30,370.33,3233931,0
NFLX.US,D,20200227,000000,372.52,372.61,368.71,371.49,5950673,0
NFLX.US,D,20200228,000000,375.64,395.90,367.62,392.90,3399859,0
NFLX.US,D,20200302,000000,404.84,411.06,383.94,386.45,4288258,0
NFLX.US,D,20200302,000000,390.18,497.24,378.49,485.00,4846533,0
NFLX.US,D,20200302,000000,470.20,475.66,447.06,460.52,2641988,0
NFLX.US,D,20200303,000000,450.20,472.96,449.65,463.52,4695350,0
NFLX.US,D,20200304,000000,457.22,462.73,454.53,461.45,4519434,0
NFLX.US,D,20200305,000000,475.22,479.86,457.26,460.09,3727103,0
NFLX.US,D,20200306,000000,464.70,492.24,459.47,479.32,3037315,0
NFLX.US,D,20200309,000000,477.97,478.10,466.72,468.38,2716625,0
NFLX.US,D,20200309,000000,482.94,485.16,481.76,482.99,4366504,0
NFLX.US,D,20200309,000000,500.07,502.50,464.53,477.46,5799423,0
NFLX.US,D,20200310,000000,476.19,539.19,472.84,512.30,5718756,0
NFLX.US,D,20200311,000000,501.10,607.65,474.82,566.09,3956146,0
NFLX.US,D,20200312,000000,542.74,611.44,528.32,592.12,2908146,0
NFLX.US,D,20200313,000000,574.83,585.43,573.54,583.93,3699643,0
NFLX.US,D,20200316,000000,578.56,616.01,575.74,615.61,3924748,0
NFLX.US,D,20200316,000000,606.41,742.27,574.13,721.59,5111969,0
NFLX.US,D,20200316,000000,730.08,747.32,724.36,745.25,2369327,0
NFLX.US,D,20200317,000000,757.42,785.35,689.91,697.33,4508996,0
NFLX.US,D,20200318,000000,719.65,722.66,641.99,659.58,3981801,0
NFLX.US,D,20200319,000000,679.93,680.43,658.75,662.53,3774517,0
NFLX.US,D,20200320,000000,654.65,675.50,649.36,667.38,2109431,0
NFLX.US,D,20200323,000000,651.12,663.99,642.52,656.60,3450746,0
NFLX.US,D,20200323,000000,637.94,641.06,566.97,577.89,3758949,0
NFLX.US,D,20200323,000000,544.29,577.87,542.12,570.18,5572572,0
NFLX.US,D,20200324,000000,560.55,685.22,542.69,636.05,5990586,0
NFLX.US,D,20200325,000000,637.95,646.71,554.21,585.13,4988844,0
NFLX.US,D,20200326,000000,585.40,587.06,568.68,569.94,5742046,0
NFLX.US,D,20200327,000000,557.69,580.84,542.64,573.20,4536355,0
NFLX.US,D,20200330,000000,585.12,638.13,580.35,621.77,2599120,0
NFLX.US,D,20200330,000000,633.41,638.68,626.67,636.35,3592259,0
NFLX.US,D,20200330,000000,636.02,656.16,562.46,578.84,5700086,0
NFLX.US,D,20200331,000000,572.37,628.70,557.17,606.67,5131600,0
NFLX.US,D,20200401,000000,607.36,634.09,602.88,625.20,3651563,0
NFLX.US,D,20200402,000000,624.21,626.70,621.76,624.11,4810813,0
NFLX.US,D,20200403,000000,634.91,637.59,633.54,634.77,2987750,0
NFLX.US,D,20200406,000000,632.83,649.66,593.39,604.32,2948181,0
NFLX.US,D,20200406,000000,617.30,711.50,614.50,704.84,3554181,0
NFLX.US,D,20200406,000000,711.82,770.05,694.60,763.56,3700840,0
NFLX.US,D,20200407,000000,775.60,785.30,699.20,726.40,3528215,0
NFLX.US,D,20200408,000000,685.57,756.72,678.01,738.66,4275396,0
NFLX.US,D,20200409,000000,758.23,762.28,680.26,707.84,4863399,0
NFLX.US,D,20200410,000000,700.10,722.99,688.12,715.93,4819521,0
NFLX.US,D,20200413,000000,701.67,709.47,653.93,685.86,5304695,0
NFLX.US,D,20200413,000000,726.61,747.04,535.04,596.62,5626816,0
NFLX.US,D,20200413,000000,601.70,607.86,559.11,567.70,5690471,0
NFLX.US,D,20200414,000000,544.97,604.69,533.73,585.98,4778313,0
NFLX.US,D,20200415,000000,576.20,627.55,555.91,624.75,2697920,0
NFLX.US,D,20200416,000000,639.93,641.99,636.77,637.41,4156288,0
NFLX.US,D,20200417,000000,620.95,706.88,609.33,671.74,5540546,0
NFLX.US,D,20200420,000000,686.30,695.55,587.49,601.49,3710315,0
NFLX.US,D,20200420,000000,618.48,621.30,614.63,619.96,4000129,0
NFLX.US,D,20200420,000000,629.46,819.59,619.44,720.27,3083366,0
NFLX.US,D,20200421,000000,736.01,743.65,709.02,717.59,5042236,0
NFLX.US,D,20200422,000000,741.52,777.18,615.35,642.30,3634820,0
NFLX.US,D,20200423,000000,668.58,682.37,561.05,614.99,5420087,0
NFLX.US,D,20200424,000000,629.52,642.23,596.96,604.19,2932628,0
NFLX.US,D,20200427,000000,611.81,616.69,602.84,604.80,2275418,0
NFLX.US,D,20200427,000000,606.30,673.66,590.76,643.15,5334242,0
NFLX.US,D,20200427,000000,638.76,733.23,622.91,698.95,4572482,0
NFLX.US,D,20200428,000000,684.32,709.14,619.16,631.24,3990743,0
NFLX.US,D,20200429,000000,613.52,616.80,563.81,587.91,4575511,0
NFLX.US,D,20200430,000000,581.25,617.56,509.17,520.14,3084900,0
NFLX.US,D,20200501,000000,506.89,510.72,499.33,502.03,5204517,0
NFLX.US,D,20200504,000000,509.20,512.04,487.64,490.70,3358883,0
NFLX.US,D,20200504,000000,475.03,475.14,465.22,468.42,4216112,0
NFLX.US,D,20200504,000000,481.28,490.26,441.23,447.14,3076625,0
NFLX.US,D,20200505,000000,449.80,474.82,444.52,473.94,4340396,0
NFLX.US,D,20200506,000000,473.70,476.09,424.38,432.66,4663987,0
NFLX.US,D,20200507,000000,433.36,435.87,420.56,422.41,2946616,0
NFLX.US,D,20200508,000000,425.78,440.36,423.45,432.56,2574670,0
NFLX.US,D,20200511,000000,449.66,453.14,386.03,405.05,5829544,0
NFLX.US,D,20200511,000000,406.04,418.73,370.60,375.20,4636928,0
NFLX.US,D,20200511,000000,367.05,370.10,366.76,367.16,5648854,0
NFLX.US,D,20200512,000000,363.02,426.26,356.55,407.01,3416904,0
NFLX.US,D,20200513,000000,411.72,424.84,408.56,423.19,3780833,0
NFLX.US,D,20200514,000000,423.87,430.90,422.86,428.92,3914068,0
NFLX.US,D,20200515,000000,423.38,424.92,422.13,423.49,5495161,0
NFLX.US,D,20200518,000000,428.59,436.50,365.81,382.52,3039113,0
NFLX.US,D,20200518,000000,377.62,395.98,371.90,393.85,2553111,0
NFLX.US,D,20200518,000000,398.30,400.16,378.52,379.63,5047704,0
NFLX.US,D,20200519,000000,376.53,383.55,344.25,346.84,2285950,0
NFLX.US,D,20200520,000000,357.81,358.96,339.16,341.49,2077958,0
NFLX.US,D,20200521,000000,344.08,344.14,335.25,335.91,5518884,0
NFLX.US,D,20200522,000000,324.29,333.81,317.14,329.53,4285378,0
NFLX.US,D,20200525,000000,329.49,337.01,326.04,336.40,2975031,0
NFLX.US,D,20200525,000000,327.18,383.56,323.77,369.88,2517269,0
NFLX.US,D,20200525,000000,372.46,423.84,360.96,423.80,5258702,0
NFLX.US,D,20200526,000000,423.56,434.59,389.10,390.15,5189211,0
NFLX.US,D,20200527,000000,381.13,398.55,376.75,396.13,4914829,0
NFLX.US,D,20200528,000000,388.95,441.47,376.84,423.67,5658818,0
NFLX.US,D,20200529,000000,427.68,462.19,421.30,447.42,3556103,0
NFLX.US,D,20200601,000000,434.46,506.88,413.30,479.40,3647781,0
NFLX.US,D,20200601,000000,486.70,488.09,459.17,465.03,3104317,0
NFLX.US,D,20200601,000000,465.69,501.54,457.78,496.46,2729210,0
NFLX.US,D,20200602,000000,496.37,509.77,495.85,505.12,5791737,0
NFLX.US,D,20200603,000000,516.23,517.07,474.41,479.60,5240873,0
NFLX.US,D,20200604,000000,500.10,501.46,483.84,484.64,3727788,0
NFLX.US,D,20200605,000000,466.60,505.74,463.62,480.80,5779565,0
NFLX.US,D,20200608,000000,490.45,491.00,483.63,488.82,2053216,0
NFLX.US,D,20200608,000000,486.83,493.67,476.61,482.16,2119359,0
NFLX.US,D,20200608,000000,470.51,476.64,456.32,462.78,4510181,0
NFLX.US,D,20200609,000000,467.81,479.79,435.06,437.86,5312844,0
NFLX.US,D,20200610,000000,415.30,417.35,409.91,411.35,4136154,0
NFLX.US,D,20200611,000000,401.10,416.06,364.42,373.54,4523922,0
NFLX.US,D,20200612,000000,372.26,375.77,371.99,373.78,4798398,0
NFLX.US,D,20200615,000000,375.52,424.22,369.66,409.81,3356719,0
NFLX.US,D,20200615,000000,406.63,444.91,396.55,443.08,5598675,0
NFLX.US,D,20200615,000000,444.49,523.81,438.77,484.62,3318386,0
NFLX.US,D,20200616,000000,479.10,513.35,473.12,494.80,2073559,0
NFLX.US,D,20200617,000000,502.40,507.31,491.83,494.85,3880913,0
NFLX.US,D,20200618,000000,486.15,492.50,441.67,464.09,4236740,0
NFLX.US,D,20200619,000000,460.51,488.23,442.48,472.19,5201025,0
NFLX.US,D,20200622,000000,476.82,490.09,471.23,487.11,3099114,0
NFLX.US,D,20200622,000000,482.68,494.13,398.68,432.00,4012154,0
NFLX.US,D,20200622,000000,426.04,460.18,419.80,459.81,2056039,0
NFLX.US,D,20200623,000000,437.63,460.34,433.19,451.77,5035758,0
NFLX.US,D,20200624,000000,438.06,440.55,433.66,435.57,5046527,0
NFLX.US,D,20200625,000000,444.83,448.93,422.62,430.47,4593011,0
NFLX.US,D,20200626,000000,436.33,437.19,414.68,418.52,3923668,0
NFLX.US,D,20200629,000000,434.93,435.26,410.05,411.86,5348984,0
NFLX.US,D,20200629,000000,407.71,408.79,395.19,395.90,2542916,0
NFLX.US,D,20200629,000000,396.68,407.58,391.91,400.60,5876501,0
NFLX.US,D,20200630,000000,404.03,410.72,402.13,409.41,4885113,0
NFLX.US,D,20200701,000000,416.59,418.88,325.92,347.56,3628119,0
NFLX.US,D,20200702,000000,336.36,347.26,335.44,345.11,4241485,0
NFLX.US,D,20200703,000000,340.17,350.77,310.87,314.63,5068985,0
NFLX.US,D,20200706,000000,310.00,324.00,305.29,318.52,4527391,0
NFLX.US,D,20200706,000000,313.35,314.71,300.93,301.24,2819506,0
NFLX.US,D,20200706,000000,297.64,303.26,292.35,299.56,3339032,0
NFLX.US,D,20200707,000000,291.81,294.29,278.30,282.70,2324913,0
NFLX.US,D,20200708,000000,269.30,281.00,264.93,278.83,4164920,0
NFLX.US,D,20200709,000000,269.55,270.97,250.22,255.52,2111206,0
NFLX.US,D,20200710,000000,253.96,297.66,245.60,283.53,3827440,0
NFLX.US,D,20200713,000000,287.88,289.11,238.36,254.27,5956932,0
NFLX.US,D,20200713,000000,253.14,258.53,236.55,240.21,2160876,0
NFLX.US,D,20200713,000000,239.56,265.03,239.32,255.44,5192145,0
NFLX.US,D,20200714,000000,254.24,272.21,253.74,269.94,2621057,0
NFLX.US,D,20200715,000000,265.01,285.52,262.35,278.82,3753871,0
NFLX.US,D,20200716,000000,280.77,291.80,277.39,290.62,4990188,0
NFLX.US,D,20200717,000000,295.73,302.64,283.34,283.39,4842482,0
NFLX.US,D,20200720,000000,286.27,286.55,285.49,285.90,5443036,0
NFLX.US,D,20200720,000000,287.20,292.62,280.11,286.59,4106908,0
NFLX.US,D,20200720,000000,285.56,289.07,277.54,279.65,4794807,0
NFLX.US,D,20200721,000000,278.33,278.53,270.29,270.67,4873724,0
NFLX.US,D,20200722,000000,274.80,275.14,272.23,272.40,3977166,0
NFLX.US,D,20200723,000000,268.55,294.50,268.28,288.05,4822529,0
NFLX.US,D,20200724,000000,294.54,296.10,277.50,277.68,2901998,0
NFLX.US,D,20200727,000000,275.48,294.31,273.48,289.75,2322566,0
NFLX.US,D,20200727,000000,288.05,291.98,287.84,290.55,5181725,0
NFLX.US,D,20200727,000000,303.08,305.18,274.57,274.79,2983586,0
NFLX.US,D,20200728,000000,275.12,286.81,273.74,284.58,5341183,0
NFLX.US,D,20200729,000000,290.76,338.40,288.77,318.43,5728031,0
NFLX.US,D,20200730,000000,326.71,328.99,304.76,307.49,3639456,0
NFLX.US,D,20200731,000000,311.67,318.73,277.74,290.91,5005885,0
NFLX.US,D,20200803,000000,304.17,309.21,295.58,302.53,5006090,0
NFLX.US,D,20200803,000000,310.53,323.70,248.84,259.35,4795575,0
NFLX.US,D,20200803,000000,270.38,282.08,250.68,255.95,4119012,0
NFLX.US,D,20200804,000000,253.47,272.85,252.19,262.39,4864230,0
NFLX.US,D,20200805,000000,263.76,274.59,261.98,269.16,2875141,0
NFLX.US,D,20200806,000000,269.82,287.34,269.32,283.91,3822603,0
NFLX.US,D,20200807,000000,279.12,280.25,278.82,279.96,4034931,0
NFLX.US,D,20200810,000000,279.34,279.88,274.63,275.86,2206265,0
NFLX.US,D,20200810,000000,269.33,286.78,265.34,283.94,2823192,0
NFLX.US,D,20200810,000000,284.67,287.34,280.08,280.91,5306270,0
NFLX.US,D,20200811,000000,281.36,292.12,277.47,287.95,5098877,0
NFLX.US,D,20200812,000000,288.76,290.72,288.15,289.98,4833123,0
NFLX.US,D,20200813,000000,283.74,283.97,278.20,280.57,5619693,0
NFLX.US,D,20200814,000000,287.23,294.31,249.87,253.05,3099428,0
NFLX.US,D,20200817,000000,255.77,257.21,239.52,247.60,3638301,0
NFLX.US,D,20200817,000000,246.03,265.76,239.27,257.23,5946740,0
NFLX.US,D,20200817,000000,249.07,267.56,243.74,260.24,5258330,0
NFLX.US,D,20200818,000000,250.32,269.80,236.39,260.04,5047656,0
NFLX.US,D,20200819,000000,256.94,275.75,256.52,272.24,5874509,0
NFLX.US,D,20200820,000000,269.19,272.03,254.41,256.70,5067071,0
NFLX.US,D,20200821,000000,251.59,255.63,249.98,253.63,3897992,0
