<TICKER>,<PER>,<DATE>,<TIME>,<OPEN>,<HIGH>,<LOW>,<CLOSE>,<VOL>,<OPENINT>
NVDA.US,D,20180102,000000,495.87,495.98,494.23,494.29,5689436,0
NVDA.US,D,20180103,000000,495.14,516.16,493.06,510.52,14678965,0
NVDA.US,D,20180104,000000,514.00,514.76,507.10,508.81,5743197,0
NVDA.US,D,20180105,000000,510.51,516.32,495.72,496.08,7750696,0
NVDA.US,D,20180108,000000,498.71,503.16,498.19,502.40,8017339,0
NVDA.US,D,20180108,000000,504.26,507.13,491.63,495.20,11767332,0
NVDA.US,D,20180108,000000,498.51,500.82,497.16,499.01,10686058,0
NVDA.US,D,20180109,000000,497.83,498.67,494.83,495.75,6742276,0
NVDA.US,D,20180110,000000,497.01,499.52,494.07,495.98,5231694,0
NVDA.US,D,20180111,000000,496.53,498.07,492.02,493.40,11505749,0
NVDA.US,D,20180112,000000,494.78,504.04,490.28,503.09,12049497,0
NVDA.US,D,20180115,000000,502.26,515.62,502.00,514.16,14758287,0
NVDA.US,D,20180115,000000,510.54,533.60,504.99,522.50,5570047,0
NVDA.US,D,20180115,000000,520.68,537.08,510.51,536.25,8282831,0
NVDA.US,D,20180116,000000,534.21,549.90,505.01,513.77,14228358,0
NVDA.US,D,20180117,000000,514.04,519.16,512.66,514.21,14178371,0
NVDA.US,D,20180118,000000,510.63,510.70,508.90,509.41,14126515,0
NVDA.US,D,20180119,000000,505.33,510.61,504.05,510.22,7300024,0
NVDA.US,D,20180122,000000,510.17,510.67,503.94,505.02,8414092,0
NVDA.US,D,20180122,000000,504.83,519.84,502.45,519.03,8289866,0
NVDA.US,D,20180122,000000,524.83,532.48,523.49,530.72,14825676,0
NVDA.US,D,20180123,000000,530.32,533.62,529.52,531.76,11541940,0
NVDA.US,D,20180124,000000,534.74,537.49,510.15,524.29,9320989,0
NVDA.US,D,20180125,000000,524.63,545.36,517.93,541.30,5690055,0
NVDA.US,D,20180126,000000,538.80,539.23,535.98,536.31,9883423,0
NVDA.US,D,20180129,000000,533.94,535.53,514.80,519.11,8411466,0
NVDA.US,D,20180129,000000,518.96,559.99,504.90,559.47,12217314,0
NVDA.US,D,20180129,000000,554.18,562.18,552.76,560.42,9521355,0
NVDA.US,D,20180130,000000,561.90,570.89,558.51,565.88,12659161,0
NVDA.US,D,20180131,000000,566.37,569.24,546.45,556.88,8904552,0
NVDA.US,D,20180201,000000,561.38,566.42,534.37,543.42,11339650,0
NVDA.US,D,20180202,000000,544.58,566.20,542.34,563.56,5324372,0
NVDA.US,D,20180205,000000,560.03,561.81,507.80,527.36,7842743,0
NVDA.US,D,20180205,000000,527.19,531.62,525.98,531.38,10355582,0
NVDA.US,D,20180205,000000,527.55,559.34,518.17,551.70,13417022,0
NVDA.US,D,20180206,000000,548.72,583.40,546.86,580.00,12728648,0
NVDA.US,D,20180207,000000,586.80,629.89,583.72,617.36,5459823,0
NVDA.US,D,20180208,000000,615.56,624.78,613.86,623.53,6403692,0
NVDA.US,D,20180209,000000,611.29,616.82,599.18,603.49,10439180,0
NVDA.US,D,20180212,000000,596.18,599.76,593.62,597.67,12946626,0
NVDA.US,D,20180212,000000,593.37,597.92,580.40,595.58,6524006,0
NVDA.US,D,20180212,000000,589.46,600.24,584.01,595.33,10104683,0
NVDA.US,D,20180213,000000,610.27,625.75,608.47,625.70,9265688,0
NVDA.US,D,20180214,000000,634.30,637.98,558.05,587.24,10641756,0
NVDA.US,D,20180215,000000,580.92,616.91,576.42,602.70,14105937,0
NVDA.US,D,20180216,000000,616.51,621.97,595.60,596.89,14603025,0
NVDA.US,D,20180219,000000,572.42,622.11,556.85,610.26,6826866,0
NVDA.US,D,20180219,000000,606.03,654.45,595.64,650.13,6094095,0
NVDA.US,D,20180219,000000,642.87,645.91,640.15,642.38,14881036,0
NVDA.US,D,20180220,000000,655.95,658.30,598.01,619.97,10100218,0
NVDA.US,D,20180221,000000,622.79,636.57,618.61,634.97,7023971,0
NVDA.US,D,20180222,000000,632.91,635.35,632.84,635.17,13286300,0
NVDA.US,D,20180223,000000,650.19,653.83,609.58,620.57,10886703,0
NVDA.US,D,20180226,000000,622.86,626.89,606.86,610.06,6792044,0
NVDA.US,D,20180226,000000,627.77,628.55,532.23,573.09,13036213,0
NVDA.US,D,20180226,000000,552.03,568.36,510.03,515.80,7964154,0
NVDA.US,D,20180227,000000,501.32,504.92,486.72,492.59,7257632,0
NVDA.US,D,20180228,000000,491.92,504.22,418.20,434.34,10125724,0
NVDA.US,D,20180301,000000,440.65,446.82,380.59,389.97,13324792,0
NVDA.US,D,20180302,000000,388.65,393.20,378.79,380.34,11534586,0
NVDA.US,D,20180305,000000,374.20,380.71,372.72,376.68,14437105,0
NVDA.US,D,20180305,000000,390.75,392.90,317.97,344.55,14938791,0
NVDA.US,D,20180305,000000,347.63,347.92,337.42,338.94,10350455,0
NVDA.US,D,20180306,000000,341.68,343.38,307.49,325.04,7118433,0
NVDA.US,D,20180307,000000,326.63,330.98,315.26,315.38,7955270,0
NVDA.US,D,20180308,000000,312.66,330.33,309.25,327.50,12258834,0
NVDA.US,D,20180309,000000,332.19,333.40,326.08,328.43,8934326,0
NVDA.US,D,20180312,000000,330.58,339.12,280.11,290.92,6669627,0
NVDA.US,D,20180312,000000,298.02,304.50,274.74,280.02,9200687,0
NVDA.US,D,20180312,000000,280.12,280.69,277.97,278.58,8257324,0
NVDA.US,D,20180313,000000,281.19,299.42,280.58,297.07,12056924,0
NVDA.US,D,20180314,000000,293.50,301.38,293.01,299.66,11508800,0
NVDA.US,D,20180315,000000,308.18,308.78,267.68,270.63,12811227,0
NVDA.US,D,20180316,000000,273.50,278.41,272.40,277.67,13249684,0
NVDA.US,D,20180319,000000,281.01,281.03,279.38,280.91,6244336,0
NVDA.US,D,20180319,000000,280.46,285.06,278.79,283.97,10850874,0
NVDA.US,D,20180319,000000,282.51,296.69,280.79,292.91,14270338,0
NVDA.US,D,20180320,000000,294.48,296.91,279.07,281.04,12382378,0
NVDA.US,D,20180321,000000,281.20,282.29,271.48,273.12,7906789,0
NVDA.US,D,20180322,000000,272.60,277.70,270.88,277.32,11312768,0
NVDA.US,D,20180323,000000,281.72,281.84,268.36,270.29,9064058,0
NVDA.US,D,20180326,000000,273.04,279.61,270.97,276.51,10399287,0
NVDA.US,D,20180326,000000,283.35,283.51,267.28,268.02,6478287,0
NVDA.US,D,20180326,000000,268.08,284.00,265.55,281.10,13170867,0
NVDA.US,D,20180327,000000,285.32,286.49,260.35,267.64,5652195,0
NVDA.US,D,20180328,000000,273.59,275.21,271.23,271.89,7641953,0
NVDA.US,D,20180329,000000,273.50,275.97,262.24,264.73,8783831,0
NVDA.US,D,20180330,000000,265.31,298.83,263.34,286.87,8634363,0
NVDA.US,D,20180402,000000,289.14,289.63,284.68,288.01,12462211,0
NVDA.US,D,20180402,000000,286.23,286.73,250.00,273.08,11565731,0
NVDA.US,D,20180402,000000,270.25,283.13,270.02,276.05,8849293,0
NVDA.US,D,20180403,000000,273.60,281.13,272.10,279.59,9325982,0
NVDA.US,D,20180404,000000,276.72,292.87,276.31,284.84,10106062,0
NVDA.US,D,20180405,000000,284.65,287.03,266.69,271.28,13173510,0
NVDA.US,D,20180406,000000,275.52,285.41,273.71,283.18,7265453,0
NVDA.US,D,20180409,000000,282.76,283.46,261.84,270.11,6541170,0
NVDA.US,D,20180409,000000,268.38,283.28,267.44,280.55,6183161,0
NVDA.US,D,20180409,000000,282.83,308.63,276.24,304.68,11865757,0
NVDA.US,D,20180410,000000,307.86,314.44,304.85,312.55,6089467,0
NVDA.US,D,20180411,000000,314.88,318.02,301.73,306.31,7211574,0
NVDA.US,D,20180412,000000,309.43,309.59,291.70,295.92,12755523,0
NVDA.US,D,20180413,000000,298.73,298.79,293.60,295.16,10572126,0
NVDA.US,D,20180416,000000,295.00,302.10,280.12,281.35,11366750,0
NVDA.US,D,20180416,000000,284.25,287.28,265.52,274.81,13285736,0
NVDA.US,D,20180416,000000,272.40,284.03,271.89,281.69,14214018,0
NVDA.US,D,20180417,000000,285.36,326.88,280.92,316.13,14281965,0
NVDA.US,D,20180418,000000,320.72,321.27,318.71,319.71,7898106,0
NVDA.US,D,20180419,000000,324.05,361.91,319.11,361.82,10134050,0
NVDA.US,D,20180420,000000,369.77,373.80,369.77,373.24,9013762,0
NVDA.US,D,20180423,000000,372.71,389.86,368.73,389.40,5540619,0
NVDA.US,D,20180423,000000,386.43,411.14,386.24,403.73,7549037,0
NVDA.US,D,20180423,000000,411.94,415.79,411.43,415.63,13287495,0
NVDA.US,D,20180424,000000,416.56,429.54,415.66,422.60,11986731,0
NVDA.US,D,20180425,000000,424.92,462.55,421.51,459.04,7041689,0
NVDA.US,D,20180426,000000,458.77,481.28,456.64,470.59,11960344,0
NVDA.US,D,20180427,000000,461.89,504.08,455.39,493.29,7892899,0
NVDA.US,D,20180430,000000,494.00,495.32,471.87,476.22,13524423,0
NVDA.US,D,20180430,000000,481.78,534.54,465.12,526.99,14826305,0
NVDA.US,D,20180430,000000,536.03,559.33,535.08,557.81,9114578,0
NVDA.US,D,20180501,000000,560.31,569.08,518.87,524.75,14653072,0
NVDA.US,D,20180502,000000,507.38,510.44,503.22,503.49,11091780,0
NVDA.US,D,20180503,000000,513.24,515.01,502.97,503.13,12023668,0
NVDA.US,D,20180504,000000,502.15,530.88,495.46,526.73,11968417,0
NVDA.US,D,20180507,000000,526.96,527.30,512.04,513.59,7185516,0
NVDA.US,D,20180507,000000,511.44,515.84,491.48,493.91,11164005,0
NVDA.US,D,20180507,000000,494.80,498.08,483.34,484.46,5938755,0
NVDA.US,D,20180508,000000,486.95,492.35,445.44,448.30,5573883,0
NVDA.US,D,20180509,000000,448.75,466.65,444.84,460.57,8416879,0
NVDA.US,D,20180510,000000,453.53,461.05,451.60,459.71,11572248,0
NVDA.US,D,20180511,000000,466.64,480.11,462.19,477.70,7900797,0
NVDA.US,D,20180514,000000,472.19,509.20,461.03,506.03,10335019,0
NVDA.US,D,20180514,000000,500.00,502.08,466.58,469.15,10815345,0
NVDA.US,D,20180514,000000,466.01,472.74,433.91,450.41,6295531,0
NVDA.US,D,20180515,000000,453.74,470.10,452.97,463.91,12017867,0
NVDA.US,D,20180516,000000,470.36,476.23,426.10,436.74,12837972,0
NVDA.US,D,20180517,000000,438.50,451.71,433.10,450.63,12518048,0
NVDA.US,D,20180518,000000,451.02,463.76,449.57,461.41,7842161,0
NVDA.US,D,20180521,000000,464.61,502.88,459.44,500.84,7762468,0
NVDA.US,D,20180521,000000,496.71,518.51,493.31,516.13,8444689,0
NVDA.US,D,20180521,000000,524.30,540.93,459.71,474.25,5036962,0
NVDA.US,D,20180522,000000,479.50,483.81,479.18,481.10,5544557,0
NVDA.US,D,20180523,000000,478.55,502.38,475.81,495.29,12290474,0
NVDA.US,D,20180524,000000,498.79,503.93,482.10,489.75,7207051,0
NVDA.US,D,20180525,000000,484.68,548.65,471.56,517.79,9935364,0
NVDA.US,D,20180528,000000,521.55,529.77,513.45,521.95,13878401,0
NVDA.US,D,20180528,000000,528.02,554.64,527.76,553.17,5449595,0
NVDA.US,D,20180528,000000,557.98,574.60,514.78,524.43,6739024,0
NVDA.US,D,20180529,000000,518.73,523.21,498.20,500.17,13929232,0
NVDA.US,D,20180530,000000,500.25,508.55,469.70,477.39,8105541,0
NVDA.US,D,20180531,000000,476.54,492.51,472.40,486.68,11133525,0
NVDA.US,D,20180601,000000,478.93,482.29,458.70,465.87,5923672,0
NVDA.US,D,20180604,000000,467.48,500.69,465.73,490.05,5307795,0
NVDA.US,D,20180604,000000,481.21,488.08,479.82,486.57,7875634,0
NVDA.US,D,20180604,000000,482.22,488.02,479.72,487.63,5809228,0
NVDA.US,D,20180605,000000,493.21,506.95,490.44,497.32,14561755,0
NVDA.US,D,20180606,000000,503.14,515.87,502.67,508.71,9318439,0
NVDA.US,D,20180607,000000,502.17,516.73,495.87,513.03,8206134,0
NVDA.US,D,20180608,000000,516.36,520.03,477.23,505.75,7041003,0
NVDA.US,D,20180611,000000,505.01,507.44,492.07,499.59,7412080,0
NVDA.US,D,20180611,000000,494.36,507.61,487.81,501.26,8668510,0
NVDA.US,D,20180611,000000,509.85,519.45,505.82,516.43,7046358,0
NVDA.US,D,20180612,000000,521.20,522.67,487.41,490.09,14037081,0
NVDA.US,D,20180613,000000,483.25,513.69,479.00,505.03,13075680,0
NVDA.US,D,20180614,000000,507.95,516.73,489.44,513.68,8261447,0
NVDA.US,D,20180615,000000,517.99,519.95,478.05,481.52,8892355,0
NVDA.US,D,20180618,000000,483.81,484.06,466.37,469.60,13950049,0
NVDA.US,D,20180618,000000,449.36,486.26,448.46,478.06,12922781,0
NVDA.US,D,20180618,000000,472.07,512.08,469.20,496.92,10891023,0
NVDA.US,D,20180619,000000,496.98,517.85,484.39,513.62,9121480,0
NVDA.US,D,20180620,000000,507.24,527.68,503.64,525.58,14170515,0
NVDA.US,D,20180621,000000,534.12,534.23,531.36,531.97,13820637,0
NVDA.US,D,20180622,000000,524.64,540.87,524.57,537.18,7084913,0
NVDA.US,D,20180625,000000,540.57,541.35,501.54,507.40,11615152,0
NVDA.US,D,20180625,000000,521.54,525.42,515.79,520.15,12860488,0
NVDA.US,D,20180625,000000,516.76,521.70,510.85,513.36,10027236,0
NVDA.US,D,20180626,000000,519.39,520.47,495.97,502.75,5447522,0
NVDA.US,D,20180627,000000,495.51,540.39,481.23,533.71,13754598,0
NVDA.US,D,20180628,000000,535.04,550.10,532.31,547.28,11424786,0
NVDA.US,D,20180629,000000,545.57,560.73,545.07,549.88,10940097,0
NVDA.US,D,20180702,000000,551.77,571.53,546.59,560.62,6142847,0
NVDA.US,D,20180702,000000,561.00,579.92,557.56,573.40,8017046,0
NVDA.US,D,20180702,000000,562.62,661.85,554.24,643.71,8786995,0
NVDA.US,D,20180703,000000,632.99,704.74,632.43,694.14,10267088,0
NVDA.US,D,20180704,000000,700.01,702.39,688.21,690.18,8053942,0
NVDA.US,D,20180705,000000,692.12,694.36,635.20,648.38,8809975,0
NVDA.US,D,20180706,000000,645.63,671.63,644.75,659.43,13368868,0
NVDA.US,D,20180709,000000,663.66,666.54,647.13,648.82,9029085,0
NVDA.US,D,20180709,000000,626.82,692.09,617.70,672.07,8460030,0
NVDA.US,D,20180709,000000,673.89,676.70,656.10,659.07,14629282,0
NVDA.US,D,20180710,000000,657.49,688.92,645.81,685.99,6442832,0
NVDA.US,D,20180711,000000,689.60,698.97,649.02,651.52,14694781,0
NVDA.US,D,20180712,000000,662.00,680.64,656.53,664.51,13726701,0
NVDA.US,D,20180713,000000,672.19,679.49,667.33,673.63,6470697,0
NVDA.US,D,20180716,000000,665.09,797.95,636.29,754.34,6828201,0
NVDA.US,D,20180716,000000,782.12,804.97,778.43,801.20,7319929,0
NVDA.US,D,20180716,000000,801.60,892.95,784.28,854.27,14205023,0
NVDA.US,D,20180717,000000,863.26,867.17,759.10,792.95,5519447,0
NVDA.US,D,20180718,000000,799.55,810.28,759.92,773.84,13952798,0
NVDA.US,D,20180719,000000,773.72,819.37,768.94,811.36,5668347,0
NVDA.US,D,20180720,000000,837.91,841.37,780.64,793.18,13691275,0
NVDA.US,D,20180723,000000,801.32,804.15,754.80,760.45,5266372,0
NVDA.US,D,20180723,000000,751.11,790.49,736.48,779.18,6376481,0
NVDA.US,D,20180723,000000,775.01,785.11,682.80,717.44,5693134,0
NVDA.US,D,20180724,000000,710.53,710.82,708.64,710.25,12441329,0
NVDA.US,D,20180725,000000,703.83,736.42,695.20,726.15,6325307,0
NVDA.US,D,20180726,000000,717.00,724.10,699.17,702.27,14337619,0
NVDA.US,D,20180727,000000,711.95,736.84,660.83,667.76,5702284,0
NVDA.US,D,20180730,000000,661.28,733.87,659.49,714.17,14483208,0
NVDA.US,D,20180730,000000,715.13,747.87,713.45,731.79,5709989,0
NVDA.US,D,20180730,000000,721.05,766.11,706.95,747.63,5203941,0
NVDA.US,D,20180731,000000,725.50,764.02,723.50,752.24,9741820,0
NVDA.US,D,20180801,000000,773.01,821.06,666.14,677.03,6995964,0
NVDA.US,D,20180802,000000,671.63,780.52,664.55,745.39,7828923,0
NVDA.US,D,20180803,000000,762.21,772.39,727.74,740.59,5412891,0
NVDA.US,D,20180806,000000,767.49,828.08,766.97,827.07,8574186,0
NVDA.US,D,20180806,000000,846.51,897.64,836.45,871.26,9179478,0
NVDA.US,D,20180806,000000,865.40,865.50,836.98,840.96,10403656,0
NVDA.US,D,20180807,000000,810.31,813.95,748.44,757.40,13913042,0
NVDA.US,D,20180808,000000,763.46,826.00,762.72,814.60,5147284,0
NVDA.US,D,20180809,000000,802.61,848.28,802.27,840.67,14476296,0
NVDA.US,D,20180810,000000,824.22,897.05,821.47,849.11,7983609,0
NVDA.US,D,20180813,000000,864.82,900.99,761.01,789.05,11927012,0
NVDA.US,D,20180813,000000,788.86,792.14,777.56,784.53,6243974,0
NVDA.US,D,20180813,000000,805.49,818.91,804.70,818.19,14112149,0
NVDA.US,D,20180814,000000,817.33,817.91,799.71,803.63,10148366,0
NVDA.US,D,20180815,000000,811.79,818.24,782.41,784.07,7248013,0
NVDA.US,D,20180816,000000,765.48,815.93,757.70,813.23,11217783,0
NVDA.US,D,20180817,000000,809.81,853.87,803.42,849.08,10767078,0
NVDA.US,D,20180820,000000,853.63,909.66,843.08,904.58,6070024,0
NVDA.US,D,20180820,000000,894.31,945.87,887.68,941.16,6945482,0
NVDA.US,D,20180820,000000,945.13,947.39,907.86,916.49,11282961,0
NVDA.US,D,20180821,000000,925.29,953.72,920.13,937.33,14748335,0
NVDA.US,D,20180822,000000,919.90,1029.36,902.96,1012.58,13143679,0
NVDA.US,D,20180823,000000,1005.44,1066.46,988.73,1032.16,8507357,0
NVDA.US,D,20180824,000000,1022.05,1042.40,852.52,918.19,9665293,0
NVDA.US,D,20180827,000000,920.24,976.73,918.96,975.23,7654101,0
NVDA.US,D,20180827,000000,990.24,1057.98,962.90,1030.40,6132981,0
NVDA.US,D,20180827,000000,1020.60,1204.89,986.22,1157.77,8339962,0
NVDA.US,D,20180828,000000,1166.42,1267.32,1144.39,1241.65,7178168,0
NVDA.US,D,20180829,000000,1275.85,1283.06,1214.52,1245.98,7525744,0
NVDA.US,D,20180830,000000,1225.88,1261.35,1225.16,1253.32,10082641,0
NVDA.US,D,20180831,000000,1227.05,1295.95,1202.46,1282.79,5667923,0
NVDA.US,D,20180903,000000,1264.08,1322.72,1262.47,1312.55,12285064,0
NVDA.US,D,20180903,000000,1309.26,1319.67,1293.95,1295.19,12037485,0
NVDA.US,D,20180903,000000,1277.00,1278.52,1234.94,1249.94,12198284,0
NVDA.US,D,20180904,000000,1247.14,1266.83,1220.47,1224.57,10253186,0
NVDA.US,D,20180905,000000,1235.89,1275.21,1216.89,1242.33,12748015,0
NVDA.US,D,20180906,000000,1296.02,1314.39,1228.68,1253.73,7650735,0
NVDA.US,D,20180907,000000,1204.13,1408.19,1196.64,1337.11,14381004,0
NVDA.US,D,20180910,000000,1309.02,1319.74,1302.66,1305.72,11994103,0
NVDA.US,D,20180910,000000,1340.14,1341.47,1226.49,1274.44,7949431,0
NVDA.US,D,20180910,000000,1301.42,1305.60,1244.17,1250.60,10657779,0
NVDA.US,D,20180911,000000,1265.54,1380.90,1257.20,1367.13,12699951,0
NVDA.US,D,20180912,000000,1357.57,1418.90,1349.70,1396.67,7033736,0
NVDA.US,D,20180913,000000,1411.58,1448.77,1283.37,1303.18,5138221,0
NVDA.US,D,20180914,000000,1279.04,1288.66,1274.85,1284.68,7863812,0
NVDA.US,D,20180917,000000,1299.35,1306.03,1262.62,1282.93,12424202,0
NVDA.US,D,20180917,000000,1309.62,1381.56,1297.24,1354.88,8519686,0
NVDA.US,D,20180917,000000,1306.74,1476.56,1302.60,1426.24,13531696,0
NVDA.US,D,20180918,000000,1442.07,1555.87,1428.05,1548.94,11201179,0
NVDA.US,D,20180919,000000,1512.06,1736.58,1476.07,1682.91,11768174,0
NVDA.US,D,20180920,000000,1698.70,1699.62,1654.13,1657.65,5010088,0
NVDA.US,D,20180921,000000,1602.45,1812.62,1594.60,1746.31,12721386,0
NVDA.US,D,20180924,000000,1741.48,1764.64,1735.29,1761.79,10763385,0
NVDA.US,D,20180924,000000,1782.20,1785.15,1713.29,1731.80,9111707,0
NVDA.US,D,20180924,000000,1721.89,1745.80,1499.20,1555.86,13018212,0
NVDA.US,D,20180925,000000,1616.90,1617.93,1581.31,1588.85,7573239,0
NVDA.US,D,20180926,000000,1662.59,1673.69,1574.90,1584.50,10797181,0
NVDA.US,D,20180927,000000,1549.87,1651.18,1545.34,1636.27,8842694,0
NVDA.US,D,20180928,000000,1620.35,1666.14,1586.57,1663.66,7093869,0
NVDA.US,D,20181001,000000,1644.33,1705.95,1629.86,1687.26,14730804,0
NVDA.US,D,20181001,000000,1749.69,1799.46,1561.19,1588.74,13810663,0
NVDA.US,D,20181001,000000,1543.35,1606.72,1538.52,1602.08,10856477,0
NVDA.US,D,20181002,000000,1569.08,1595.41,1567.03,1589.48,14966055,0
NVDA.US,D,20181003,000000,1565.09,1574.67,1545.87,1552.46,13725336,0
NVDA.US,D,20181004,000000,1531.48,1564.77,1200.31,1252.05,12412790,0
NVDA.US,D,20181005,000000,1245.65,1251.07,1174.19,1185.27,7227734,0
NVDA.US,D,20181008,000000,1150.60,1165.98,1065.85,1108.17,5150785,0
NVDA.US,D,20181008,000000,1120.59,1208.57,1110.71,1163.22,8096729,0
NVDA.US,D,20181008,000000,1137.14,1311.89,1121.54,1261.63,6408016,0
NVDA.US,D,20181009,000000,1254.07,1281.24,1203.71,1222.38,14648516,0
NVDA.US,D,20181010,000000,1253.96,1283.19,1245.92,1262.01,12619776,0
NVDA.US,D,20181011,000000,1245.07,1279.11,1239.34,1262.08,13738078,0
NVDA.US,D,20181012,000000,1288.32,1289.44,1245.97,1253.79,11875499,0
NVDA.US,D,20181015,000000,1284.90,1287.55,1257.96,1263.19,14150855,0
NVDA.US,D,20181015,000000,1255.58,1321.27,1244.94,1316.01,6348355,0
NVDA.US,D,20181015,000000,1285.12,1408.88,1283.07,1389.77,5106519,0
NVDA.US,D,20181016,000000,1407.54,1408.20,1359.87,1370.74,7455859,0
NVDA.US,D,20181017,000000,1376.84,1459.11,1375.13,1442.53,11754386,0
NVDA.US,D,20181018,000000,1425.35,1437.58,1398.93,1408.33,11171998,0
NVDA.US,D,20181019,000000,1447.13,1462.91,1392.92,1409.36,13411891,0
NVDA.US,D,20181022,000000,1397.58,1401.66,1337.86,1356.88,5968641,0
NVDA.US,D,20181022,000000,1318.57,1388.45,1302.02,1379.80,14340969,0
NVDA.US,D,20181022,000000,1399.17,1403.75,1391.09,1402.31,6004420,0
NVDA.US,D,20181023,000000,1468.08,1468.48,1420.19,1433.42,13897644,0
NVDA.US,D,20181024,000000,1458.32,1502.23,1458.13,1494.76,5300030,0
NVDA.US,D,20181025,000000,1485.12,1488.88,1410.28,1417.94,11453355,0
NVDA.US,D,20181026,000000,1428.67,1491.99,1423.06,1480.64,5109589,0
NVDA.US,D,20181029,000000,1466.66,1688.99,1459.36,1599.70,8707004,0
NVDA.US,D,20181029,000000,1590.41,1833.48,1569.57,1753.74,7555816,0
NVDA.US,D,20181029,000000,1758.66,1795.71,1555.87,1604.23,6826736,0
NVDA.US,D,20181030,000000,1607.14,1619.66,1605.54,1615.08,14914272,0
NVDA.US,D,20181031,000000,1582.92,1583.03,1569.34,1581.90,13314061,0
NVDA.US,D,20181101,000000,1540.14,1554.74,1373.74,1402.75,8405569,0
NVDA.US,D,20181102,000000,1395.49,1415.87,1294.76,1296.75,11205874,0
NVDA.US,D,20181105,000000,1246.37,1248.79,1245.52,1247.99,6348146,0
NVDA.US,D,20181105,000000,1234.38,1305.36,1226.95,1295.58,11999334,0
NVDA.US,D,20181105,000000,1313.37,1339.54,1061.10,1150.82,8384675,0
NVDA.US,D,20181106,000000,1183.50,1200.64,1178.76,1194.12,12041068,0
NVDA.US,D,20181107,000000,1151.80,1191.92,1148.90,1184.03,14179503,0
NVDA.US,D,20181108,000000,1220.60,1232.82,997.67,1067.80,13878976,0
NVDA.US,D,20181109,000000,1106.20,1110.64,1084.22,1104.22,8834863,0
NVDA.US,D,20181112,000000,1140.32,1163.45,1133.39,1149.02,7101463,0
NVDA.US,D,20181112,000000,1154.05,1162.48,1152.33,1157.94,9089556,0
NVDA.US,D,20181112,000000,1142.08,1144.55,1136.01,1138.00,11740759,0
NVDA.US,D,20181113,000000,1119.96,1255.67,1114.63,1234.97,14812060,0
NVDA.US,D,20181114,000000,1218.14,1240.55,1209.88,1229.91,8038590,0
NVDA.US,D,20181115,000000,1219.38,1236.88,1120.69,1143.32,10646320,0
NVDA.US,D,20181116,000000,1111.66,1243.13,1099.19,1231.03,9851843,0
NVDA.US,D,20181119,000000,1236.52,1245.95,1190.42,1204.28,8816327,0
NVDA.US,D,20181119,000000,1232.44,1244.64,1114.23,1162.31,5445632,0
NVDA.US,D,20181119,000000,1171.67,1199.27,1150.08,1188.07,5745951,0
NVDA.US,D,20181120,000000,1185.03,1185.79,1126.51,1148.54,5565683,0
NVDA.US,D,20181121,000000,1132.60,1133.47,1029.70,1050.18,14406989,0
NVDA.US,D,20181122,000000,1081.79,1092.43,990.38,1003.15,9034503,0
NVDA.US,D,20181123,000000,1014.34,1076.20,896.79,901.24,8375490,0
NVDA.US,D,20181126,000000,882.96,924.57,863.41,922.67,8486821,0
NVDA.US,D,20181126,000000,967.63,1049.39,959.30,1006.90,5913491,0
NVDA.US,D,20181126,000000,1001.99,1003.46,1001.07,1001.42,12297381,0
NVDA.US,D,20181127,000000,1013.85,1034.37,824.06,881.45,8765125,0
NVDA.US,D,20181128,000000,867.39,906.27,743.70,790.17,5579309,0
NVDA.US,D,20181129,000000,782.24,791.70,732.82,740.47,9810041,0
NVDA.US,D,20181130,000000,745.46,814.65,743.79,803.27,13454167,0
NVDA.US,D,20181203,000000,809.22,830.98,738.64,754.91,12792895,0
NVDA.US,D,20181203,000000,743.61,795.31,736.81,774.71,5590276,0
NVDA.US,D,20181203,000000,778.06,780.12,683.74,702.09,13688262,0
NVDA.US,D,20181204,000000,714.06,722.63,644.15,660.71,10960844,0
NVDA.US,D,20181205,000000,677.98,692.29,571.97,600.46,13731880,0
NVDA.US,D,20181206,000000,598.64,670.65,575.42,658.92,12051877,0
NVDA.US,D,20181207,000000,670.55,691.45,610.00,622.43,10670905,0
NVDA.US,D,20181210,000000,616.81,620.43,597.57,607.83,8411853,0
NVDA.US,D,20181210,000000,615.90,624.10,554.96,558.69,12351877,0
NVDA.US,D,20181210,000000,551.29,552.19,477.68,519.77,8424198,0
NVDA.US,D,20181211,000000,534.83,536.73,485.07,491.16,11422042,0
NVDA.US,D,20181212,000000,491.32,531.57,480.00,523.18,14144009,0
NVDA.US,D,20181213,000000,533.87,542.26,533.83,538.43,8950183,0
NVDA.US,D,20181214,000000,537.22,539.18,533.74,534.18,14574579,0
NVDA.US,D,20181217,000000,525.75,536.37,522.33,531.91,6410704,0
NVDA.US,D,20181217,000000,542.21,545.95,530.48,537.28,8479914,0
NVDA.US,D,20181217,000000,537.47,578.82,532.02,575.86,10788624,0
NVDA.US,D,20181218,000000,558.35,574.94,555.77,572.85,10204809,0
NVDA.US,D,20181219,000000,551.39,578.98,535.33,576.84,13811468,0
NVDA.US,D,20181220,000000,577.77,634.26,570.18,628.98,10437685,0
NVDA.US,D,20181221,000000,625.55,628.01,611.81,619.67,8436820,0
NVDA.US,D,20181224,000000,619.04,655.27,608.06,654.03,10597317,0
NVDA.US,D,20181224,000000,669.36,676.34,635.79,639.17,12794010,0
NVDA.US,D,20181224,000000,637.18,705.04,633.22,689.76,14003376,0
NVDA.US,D,20181225,000000,684.07,691.52,617.42,639.50,8785877,0
NVDA.US,D,20181226,000000,638.19,640.61,622.98,625.47,5630182,0
NVDA.US,D,20181227,000000,610.19,613.20,604.36,607.10,12424849,0
NVDA.US,D,20181228,000000,605.11,664.51,599.60,651.99,5558479,0
NVDA.US,D,20181231,000000,655.06,741.52,637.31,718.24,9619486,0
NVDA.US,D,20181231,000000,731.27,738.28,724.59,738.22,7322437,0
NVDA.US,D,20181231,000000,743.31,762.94,738.52,757.28,6110134,0
NVDA.US,D,20190101,000000,745.25,812.07,731.02,797.14,9203446,0
NVDA.US,D,20190102,000000,808.32,821.19,714.92,731.56,13840535,0
NVDA.US,D,20190103,000000,721.65,725.67,662.36,666.86,5476983,0
NVDA.US,D,20190104,000000,664.88,775.70,648.94,743.17,13326780,0
NVDA.US,D,20190107,000000,733.64,740.87,732.80,740.29,13099096,0
NVDA.US,D,20190107,000000,730.50,761.32,720.62,751.74,12015857,0
NVDA.US,D,20190107,000000,753.29,765.22,621.13,667.76,12003496,0
NVDA.US,D,20190108,000000,686.28,694.64,633.05,634.31,5153326,0
NVDA.US,D,20190109,000000,632.03,635.93,606.79,610.04,5249933,0
NVDA.US,D,20190110,000000,616.92,635.01,613.15,631.05,9880365,0
NVDA.US,D,20190111,000000,626.10,629.57,620.62,621.15,11495350,0
NVDA.US,D,20190114,000000,612.48,623.09,587.26,605.10,11648085,0
NVDA.US,D,20190114,000000,587.59,666.40,558.48,664.76,13634833,0
NVDA.US,D,20190114,000000,651.39,653.65,619.61,623.44,8624317,0
NVDA.US,D,20190115,000000,618.83,642.24,540.44,563.71,13862907,0
NVDA.US,D,20190116,000000,561.74,564.17,561.24,563.24,14258999,0
NVDA.US,D,20190117,000000,567.88,580.58,567.08,574.84,7392069,0
NVDA.US,D,20190118,000000,585.78,588.51,580.31,582.10,14904614,0
NVDA.US,D,20190121,000000,591.37,598.10,531.22,537.80,8304459,0
NVDA.US,D,20190121,000000,536.54,538.77,519.17,520.67,5621021,0
NVDA.US,D,20190121,000000,531.96,557.03,524.44,552.34,14852390,0
NVDA.US,D,20190122,000000,545.43,583.89,545.42,583.47,13015006,0
NVDA.US,D,20190123,000000,586.56,638.93,579.13,619.00,9852722,0
NVDA.US,D,20190124,000000,610.79,628.62,505.48,532.05,9839041,0
NVDA.US,D,20190125,000000,542.35,600.62,534.83,586.08,10753010,0
NVDA.US,D,20190128,000000,590.49,606.07,586.53,597.76,5114127,0
NVDA.US,D,20190128,000000,593.96,602.71,488.80,525.13,5651537,0
NVDA.US,D,20190128,000000,526.02,530.48,444.98,451.52,7329811,0
NVDA.US,D,20190129,000000,453.08,453.68,452.30,452.50,5888876,0
NVDA.US,D,20190130,000000,469.02,471.03,444.08,450.50,14945441,0
NVDA.US,D,20190131,000000,452.47,485.46,452.22,471.12,14774430,0
NVDA.US,D,20190201,000000,474.77,479.73,449.96,452.90,10110190,0
NVDA.US,D,20190204,000000,446.99,453.58,446.79,450.16,10887583,0
NVDA.US,D,20190204,000000,455.57,459.02,389.62,396.85,12781323,0
NVDA.US,D,20190204,000000,388.08,404.31,316.70,330.93,5742019,0
NVDA.US,D,20190205,000000,330.23,370.87,327.24,360.42,6701774,0
NVDA.US,D,20190206,000000,347.09,381.79,343.26,371.01,14893241,0
NVDA.US,D,20190207,000000,384.32,387.20,358.68,375.91,6650109,0
NVDA.US,D,20190208,000000,385.79,435.83,380.03,423.06,14732049,0
NVDA.US,D,20190211,000000,419.73,422.43,394.42,408.72,8434116,0
NVDA.US,D,20190211,000000,403.45,426.33,397.75,418.13,7330142,0
NVDA.US,D,20190211,000000,413.93,427.44,411.78,423.97,7410088,0
NVDA.US,D,20190212,000000,428.64,439.06,427.09,438.06,9400882,0
NVDA.US,D,20190213,000000,438.10,440.28,409.73,419.05,6204051,0
NVDA.US,D,20190214,000000,413.69,416.13,390.65,393.45,9730722,0
NVDA.US,D,20190215,000000,399.26,407.37,385.40,387.97,10796073,0
NVDA.US,D,20190218,000000,396.73,399.25,372.33,373.06,14029046,0
NVDA.US,D,20190218,000000,372.30,395.03,368.35,389.09,5046713,0
NVDA.US,D,20190218,000000,395.28,413.90,393.22,413.52,11172678,0
NVDA.US,D,20190219,000000,411.17,478.66,403.72,460.57,5018342,0
NVDA.US,D,20190220,000000,456.49,459.87,396.49,402.11,14149086,0
NVDA.US,D,20190221,000000,394.28,397.32,391.10,396.81,7960051,0
NVDA.US,D,20190222,000000,396.96,397.26,375.76,382.26,6116547,0
NVDA.US,D,20190225,000000,378.46,394.86,377.14,391.64,11951013,0
NVDA.US,D,20190225,000000,396.69,400.79,381.77,388.03,14855198,0
NVDA.US,D,20190225,000000,397.77,416.43,395.58,412.83,13836020,0
NVDA.US,D,20190226,000000,407.00,425.62,385.36,403.10,7253304,0
NVDA.US,D,20190227,000000,417.33,417.92,394.31,396.25,11739578,0
NVDA.US,D,20190228,000000,409.45,409.80,376.98,385.56,8053806,0
NVDA.US,D,20190301,000000,380.80,448.23,368.34,416.48,10596276,0
NVDA.US,D,20190304,000000,414.96,427.11,411.84,422.95,14537485,0
NVDA.US,D,20190304,000000,418.03,426.59,394.03,397.32,9287262,0
NVDA.US,D,20190304,000000,393.67,442.34,393.66,423.44,14754609,0
NVDA.US,D,20190305,000000,422.17,437.78,422.12,431.55,8694752,0
NVDA.US,D,20190306,000000,431.18,431.73,422.26,426.94,6390698,0
NVDA.US,D,20190307,000000,431.62,455.30,430.05,449.31,14189175,0
NVDA.US,D,20190308,000000,432.06,466.79,427.83,463.37,14858593,0
NVDA.US,D,20190311,000000,468.68,515.23,468.12,504.69,7070246,0
NVDA.US,D,20190311,000000,515.37,541.95,506.25,531.19,10959627,0
NVDA.US,D,20190311,000000,535.77,548.43,535.63,545.48,13581034,0
NVDA.US,D,20190312,000000,532.01,598.55,523.02,572.02,5368159,0
NVDA.US,D,20190313,000000,576.70,577.42,530.50,543.94,13565006,0
NVDA.US,D,20190314,000000,541.34,543.61,512.13,519.10,6470819,0
NVDA.US,D,20190315,000000,516.27,517.87,469.69,474.62,6133872,0
NVDA.US,D,20190318,000000,488.04,492.36,465.08,468.93,12673127,0
NVDA.US,D,20190318,000000,473.89,475.20,470.59,470.69,5334440,0
NVDA.US,D,20190318,000000,470.26,470.61,454.25,458.26,11830184,0
NVDA.US,D,20190319,000000,467.64,469.64,467.49,469.28,8963170,0
NVDA.US,D,20190320,000000,472.80,475.38,452.73,459.95,7085416,0
NVDA.US,D,20190321,000000,462.58,473.61,403.02,421.20,8798509,0
NVDA.US,D,20190322,000000,430.57,438.19,421.86,424.99,10272900,0
NVDA.US,D,20190325,000000,418.36,423.07,417.18,420.01,12566242,0
NVDA.US,D,20190325,000000,424.75,426.06,402.34,403.64,14350567,0
NVDA.US,D,20190325,000000,408.54,454.95,405.96,443.00,12633891,0
NVDA.US,D,20190326,000000,447.17,447.79,437.80,440.55,14338486,0
NVDA.US,D,20190327,000000,447.27,447.99,413.68,422.52,5812200,0
NVDA.US,D,20190328,000000,415.79,439.46,339.17,371.89,5597559,0
NVDA.US,D,20190329,000000,366.98,369.41,363.29,366.80,9616875,0
NVDA.US,D,20190401,000000,375.10,377.43,318.92,332.94,5315835,0
NVDA.US,D,20190401,000000,336.51,338.02,308.98,324.59,5620502,0
NVDA.US,D,20190401,000000,331.23,334.22,296.08,308.55,12276092,0
NVDA.US,D,20190402,000000,317.46,320.38,291.26,301.38,6215978,0
NVDA.US,D,20190403,000000,299.72,305.34,299.35,301.93,12615281,0
NVDA.US,D,20190404,000000,303.79,305.67,286.52,301.76,12592554,0
NVDA.US,D,20190405,000000,290.06,330.79,281.86,315.55,10488468,0
NVDA.US,D,20190408,000000,318.29,329.05,265.24,284.10,13046575,0
NVDA.US,D,20190408,000000,285.85,289.38,281.09,284.56,13494414,0
NVDA.US,D,20190408,000000,288.46,289.43,264.90,268.34,8234416,0
NVDA.US,D,20190409,000000,265.19,266.24,250.55,252.65,6506168,0
NVDA.US,D,20190410,000000,263.35,266.47,262.22,264.84,8159665,0
NVDA.US,D,20190411,000000,258.31,270.67,255.92,268.95,10959338,0
NVDA.US,D,20190412,000000,269.24,282.47,267.13,278.37,10136617,0
NVDA.US,D,20190415,000000,281.69,282.02,266.37,269.69,10005010,0
NVDA.US,D,20190415,000000,265.24,269.65,265.03,268.67,11474751,0
NVDA.US,D,20190415,000000,275.82,277.58,244.12,249.07,13876416,0
NVDA.US,D,20190416,000000,255.79,256.16,254.24,254.29,5292249,0
NVDA.US,D,20190417,000000,258.37,265.76,243.81,244.89,14898354,0
NVDA.US,D,20190418,000000,250.29,259.25,224.45,232.43,7867324,0
NVDA.US,D,20190419,000000,235.60,238.46,234.92,236.74,12560875,0
NVDA.US,D,20190422,000000,238.23,260.54,226.99,257.19,7056904,0
NVDA.US,D,20190422,000000,256.83,258.84,234.17,236.22,13817529,0
NVDA.US,D,20190422,000000,235.22,278.75,226.89,265.25,7855504,0
NVDA.US,D,20190423,000000,261.03,266.62,235.44,236.86,7856929,0
NVDA.US,D,20190424,000000,233.00,277.30,220.55,260.64,14403410,0
NVDA.US,D,20190425,000000,255.55,260.45,252.15,259.01,8556187,0
NVDA.US,D,20190426,000000,257.23,260.26,247.29,251.72,13378522,0
NVDA.US,D,20190429,000000,251.51,282.19,250.94,275.66,7929765,0
NVDA.US,D,20190429,000000,279.16,292.58,267.11,289.88,9231052,0
NVDA.US,D,20190429,000000,294.91,299.68,294.55,299.18,6686277,0
NVDA.US,D,20190430,000000,295.10,325.15,289.70,320.04,12354404,0
NVDA.US,D,20190501,000000,317.49,325.48,262.14,290.93,11291906,0
NVDA.US,D,20190502,000000,292.64,331.69,276.55,319.10,5483404,0
NVDA.US,D,20190503,000000,318.67,325.04,316.61,318.37,13563599,0
NVDA.US,D,20190506,000000,321.78,325.32,312.39,314.47,14732315,0
NVDA.US,D,20190506,000000,312.50,318.38,301.53,310.32,8874534,0
NVDA.US,D,20190506,000000,307.65,324.88,305.27,320.36,7720059,0
NVDA.US,D,20190507,000000,315.48,361.42,307.71,343.92,5507060,0
NVDA.US,D,20190508,000000,336.54,340.65,315.78,321.44,5113725,0
NVDA.US,D,20190509,000000,328.15,336.04,295.99,301.42,9496668,0
NVDA.US,D,20190510,000000,306.61,338.57,299.24,326.80,5542886,0
NVDA.US,D,20190513,000000,334.35,334.97,325.31,328.41,11124838,0
NVDA.US,D,20190513,000000,334.52,338.75,273.24,293.93,8588907,0
NVDA.US,D,20190513,000000,293.73,298.89,255.56,259.47,9046044,0
NVDA.US,D,20190514,000000,262.48,265.23,242.98,244.29,12867301,0
NVDA.US,D,20190515,000000,247.93,252.25,247.82,251.22,9535465,0
NVDA.US,D,20190516,000000,265.32,265.75,228.84,232.72,13641740,0
NVDA.US,D,20190517,000000,237.44,238.51,199.18,200.87,11723676,0
NVDA.US,D,20190520,000000,202.12,204.83,195.63,197.21,12068194,0
NVDA.US,D,20190520,000000,197.03,202.89,180.43,184.46,7688683,0
NVDA.US,D,20190520,000000,180.41,183.63,178.99,182.12,7588500,0
NVDA.US,D,20190521,000000,183.21,183.74,174.91,175.79,8005826,0
NVDA.US,D,20190522,000000,173.30,187.19,168.41,180.29,8110555,0
NVDA.US,D,20190523,000000,181.86,182.60,177.82,178.09,13242063,0
NVDA.US,D,20190524,000000,177.07,186.66,144.32,154.43,10857346,0
NVDA.US,D,20190527,000000,157.83,159.51,140.91,146.86,12130324,0
NVDA.US,D,20190527,000000,147.11,150.59,147.08,149.28,13270419,0
NVDA.US,D,20190527,000000,150.35,152.19,149.55,152.08,12592551,0
NVDA.US,D,20190528,000000,149.57,156.51,148.47,154.89,23407535,0
NVDA.US,D,20190529,000000,159.71,161.08,157.45,158.14,14633815,0
NVDA.US,D,20190530,000000,161.11,162.88,160.34,161.89,13323394,0
NVDA.US,D,20190531,000000,164.69,167.24,160.32,166.46,29895049,0
NVDA.US,D,20190603,000000,172.68,174.58,169.18,170.14,26455594,0
NVDA.US,D,20190603,000000,169.43,173.47,168.92,172.78,33501436,0
NVDA.US,D,20190603,000000,171.04,181.82,169.56,178.72,17850690,0
NVDA.US,D,20190604,000000,175.84,186.27,171.29,183.46,18708496,0
NVDA.US,D,20190605,000000,189.79,191.74,187.14,189.07,36158780,0
NVDA.US,D,20190606,000000,185.73,195.05,182.32,194.11,15095795,0
NVDA.US,D,20190607,000000,199.86,201.84,198.99,199.01,29572986,0
NVDA.US,D,20190610,000000,195.12,206.38,194.72,205.21,30122232,0
NVDA.US,D,20190610,000000,201.06,217.26,200.36,211.74,24054261,0
NVDA.US,D,20190610,000000,209.87,220.40,207.63,218.88,41139412,0
NVDA.US,D,20190611,000000,220.01,230.78,217.38,228.09,23939443,0
NVDA.US,D,20190612,000000,232.11,294.59,222.07,267.30,9262126,0
NVDA.US,D,20190613,000000,269.65,274.04,235.07,245.95,10031623,0
NVDA.US,D,20190614,000000,246.99,253.76,246.02,252.31,14392188,0
NVDA.US,D,20190617,000000,256.30,260.35,255.78,259.78,8496235,0
NVDA.US,D,20190617,000000,260.62,263.90,251.38,252.61,14905286,0
NVDA.US,D,20190617,000000,248.25,288.66,245.63,277.10,6921266,0
NVDA.US,D,20190618,000000,267.40,272.29,266.93,270.16,6190960,0
NVDA.US,D,20190619,000000,269.49,278.66,268.16,275.59,11886441,0
NVDA.US,D,20190620,000000,282.17,302.70,279.05,300.87,11764463,0
NVDA.US,D,20190621,000000,306.09,307.75,282.78,290.49,11054982,0
NVDA.US,D,20190624,000000,284.85,294.18,225.73,249.34,6698035,0
NVDA.US,D,20190624,000000,249.53,258.65,246.94,257.07,10181482,0
NVDA.US,D,20190624,000000,254.36,302.54,244.78,287.58,11750998,0
NVDA.US,D,20190625,000000,274.55,278.20,256.38,258.40,5026528,0
NVDA.US,D,20190626,000000,264.13,273.53,230.39,232.98,5022087,0
NVDA.US,D,20190627,000000,234.91,256.33,224.97,250.27,12316461,0
NVDA.US,D,20190628,000000,250.89,260.07,247.00,259.47,6502043,0
NVDA.US,D,20190701,000000,260.04,277.05,257.53,270.73,9795938,0
NVDA.US,D,20190701,000000,266.23,295.44,263.51,292.53,9078610,0
NVDA.US,D,20190701,000000,292.12,295.47,258.36,262.70,12887476,0
NVDA.US,D,20190702,000000,259.53,263.70,251.24,257.72,13718593,0
NVDA.US,D,20190703,000000,261.21,270.61,232.93,236.76,12041882,0
NVDA.US,D,20190704,000000,238.62,240.68,221.89,224.03,12652189,0
NVDA.US,D,20190705,000000,217.07,227.86,213.15,226.70,9341692,0
NVDA.US,D,20190708,000000,219.04,220.62,213.64,214.93,8047663,0
NVDA.US,D,20190708,000000,221.23,229.88,194.10,196.84,13246012,0
NVDA.US,D,20190708,000000,189.01,240.64,184.08,226.26,14392065,0
NVDA.US,D,20190709,000000,224.28,229.20,209.24,211.03,5033423,0
NVDA.US,D,20190710,000000,213.17,213.32,208.77,210.47,6645495,0
NVDA.US,D,20190711,000000,205.83,211.63,190.42,194.66,5380844,0
NVDA.US,D,20190712,000000,195.52,203.65,177.48,181.38,8966263,0
NVDA.US,D,20190715,000000,182.83,222.42,177.30,201.31,12121808,0
NVDA.US,D,20190715,000000,199.74,203.70,169.91,182.57,14624509,0
NVDA.US,D,20190715,000000,187.96,203.46,156.44,164.14,5918691,0
NVDA.US,D,20190716,000000,161.54,185.82,157.51,174.34,10710824,0
NVDA.US,D,20190717,000000,169.81,175.48,153.71,156.45,13556101,0
NVDA.US,D,20190718,000000,158.14,173.53,152.28,165.51,10620700,0
NVDA.US,D,20190719,000000,164.48,175.12,162.22,174.08,12116371,0
NVDA.US,D,20190722,000000,174.63,174.98,168.50,172.87,7974720,0
NVDA.US,D,20190722,000000,169.83,177.82,169.82,176.52,13794772,0
NVDA.US,D,20190722,000000,171.02,182.38,169.62,173.38,5481516,0
NVDA.US,D,20190723,000000,177.19,178.11,155.39,161.55,10695797,0
NVDA.US,D,20190724,000000,157.65,160.50,153.69,153.87,6337768,0
NVDA.US,D,20190725,000000,150.12,159.11,143.45,157.79,9157101,0
NVDA.US,D,20190726,000000,156.18,163.01,155.20,161.10,8649674,0
NVDA.US,D,20190729,000000,162.32,162.44,149.64,153.00,11866808,0
NVDA.US,D,20190729,000000,149.76,152.51,140.24,144.28,5550875,0
NVDA.US,D,20190729,000000,144.31,145.54,134.39,138.00,8518217,0
NVDA.US,D,20190730,000000,132.99,151.17,131.10,146.58,14500946,0
NVDA.US,D,20190731,000000,149.27,184.20,147.98,172.05,9210470,0
NVDA.US,D,20190801,000000,168.91,172.85,167.09,171.86,13774720,0
NVDA.US,D,20190802,000000,171.33,182.21,171.23,178.60,11771112,0
NVDA.US,D,20190805,000000,174.58,177.68,135.07,149.54,11734899,0
NVDA.US,D,20190805,000000,148.75,149.56,143.23,145.43,10533943,0
NVDA.US,D,20190805,000000,148.13,148.60,148.07,148.51,11110161,0
NVDA.US,D,20190806,000000,147.08,148.71,141.15,142.12,14205059,0
NVDA.US,D,20190807,000000,141.89,160.57,139.04,157.65,12837570,0
NVDA.US,D,20190808,000000,156.00,159.82,125.11,143.68,9092296,0
NVDA.US,D,20190809,000000,141.70,141.72,141.06,141.11,5946671,0
NVDA.US,D,20190812,000000,143.64,145.08,111.42,121.17,10146165,0
NVDA.US,D,20190812,000000,120.99,136.36,117.76,131.16,7321268,0
NVDA.US,D,20190812,000000,128.54,130.75,128.10,130.38,6120956,0
NVDA.US,D,20190813,000000,138.17,138.33,102.55,111.41,7271437,0
NVDA.US,D,20190814,000000,111.03,112.05,104.88,106.05,6954970,0
NVDA.US,D,20190815,000000,105.16,109.23,104.09,108.76,8334841,0
NVDA.US,D,20190816,000000,109.60,129.31,107.59,124.40,7875960,0
NVDA.US,D,20190819,000000,124.83,125.04,120.69,121.80,11482556,0
NVDA.US,D,20190819,000000,121.23,123.82,100.59,102.76,8026191,0
NVDA.US,D,20190819,000000,103.31,104.67,94.12,96.02,12793994,0
NVDA.US,D,20190820,000000,100.68,115.57,96.73,111.93,12962929,0
NVDA.US,D,20190821,000000,110.46,110.72,88.74,97.42,13162991,0
NVDA.US,D,20190822,000000,96.69,99.07,95.06,97.90,9884048,0
NVDA.US,D,20190823,000000,93.97,116.44,93.79,107.82,13131509,0
NVDA.US,D,20190826,000000,109.10,111.94,102.55,105.34,9907803,0
NVDA.US,D,20190826,000000,105.15,110.20,103.37,108.64,12859184,0
NVDA.US,D,20190826,000000,105.79,111.00,104.72,108.76,13647861,0
NVDA.US,D,20190827,000000,108.33,108.37,99.99,100.87,14312544,0
NVDA.US,D,20190828,000000,98.70,99.22,94.60,96.65,7755619,0
NVDA.US,D,20190829,000000,98.33,110.85,98.13,105.77,9747420,0
NVDA.US,D,20190830,000000,107.29,107.67,105.80,107.36,9868043,0
NVDA.US,D,20190902,000000,106.94,120.70,106.65,114.66,14060811,0
NVDA.US,D,20190902,000000,112.34,112.62,108.96,109.90,8899548,0
NVDA.US,D,20190902,000000,111.72,118.21,110.93,116.50,9297267,0
NVDA.US,D,20190903,000000,119.02,119.14,114.80,117.63,8014651,0
NVDA.US,D,20190904,000000,118.66,119.01,111.22,115.20,8675040,0
NVDA.US,D,20190905,000000,118.61,119.72,111.32,113.27,14797057,0
NVDA.US,D,20190906,000000,114.57,120.18,112.49,119.96,10159087,0
NVDA.US,D,20190909,000000,122.07,123.84,111.55,113.53,9348788,0
NVDA.US,D,20190909,000000,112.61,119.17,111.10,114.32,11825277,0
NVDA.US,D,20190909,000000,111.52,120.69,109.63,119.36,13331335,0
NVDA.US,D,20190910,000000,121.62,129.64,121.10,127.07,13049642,0
NVDA.US,D,20190911,000000,128.66,130.17,119.80,120.88,13040544,0
NVDA.US,D,20190912,000000,121.48,122.41,100.62,107.77,6682709,0
NVDA.US,D,20190913,000000,106.90,114.92,105.72,112.32,7940545,0
NVDA.US,D,20190916,000000,114.95,116.62,102.57,105.30,10656984,0
NVDA.US,D,20190916,000000,101.86,108.33,100.73,108.00,5171986,0
NVDA.US,D,20190916,000000,109.35,119.61,108.43,118.89,9861494,0
NVDA.US,D,20190917,000000,120.41,155.20,119.57,140.73,7438095,0
NVDA.US,D,20190918,000000,138.94,150.66,135.61,150.64,5264406,0
NVDA.US,D,20190919,000000,146.14,148.53,144.24,148.50,14252925,0
NVDA.US,D,20190920,000000,151.31,153.20,146.28,149.30,14363329,0
NVDA.US,D,20190923,000000,147.69,173.27,136.44,169.61,10174937,0
NVDA.US,D,20190923,000000,169.45,169.74,142.60,148.58,6103218,0
NVDA.US,D,20190923,000000,149.63,151.41,139.93,140.90,7862515,0
NVDA.US,D,20190924,000000,143.74,162.11,138.25,155.61,14964743,0
NVDA.US,D,20190925,000000,159.63,161.69,151.56,152.48,14519316,0
NVDA.US,D,20190926,000000,145.55,166.13,141.99,161.58,10890050,0
NVDA.US,D,20190927,000000,163.72,167.50,152.30,153.81,8752448,0
NVDA.US,D,20190930,000000,156.85,157.67,139.00,139.06,10840217,0
NVDA.US,D,20190930,000000,135.21,135.46,131.55,131.86,6704886,0
NVDA.US,D,20190930,000000,127.54,128.50,121.32,123.59,11796359,0
NVDA.US,D,20191001,000000,121.32,128.33,119.78,127.25,7601236,0
NVDA.US,D,20191002,000000,126.50,130.57,126.04,128.01,14779574,0
NVDA.US,D,20191003,000000,128.29,131.85,107.95,114.56,12134927,0
NVDA.US,D,20191004,000000,115.31,130.15,112.67,125.41,7070241,0
NVDA.US,D,20191007,000000,128.89,136.38,128.73,134.72,6495124,0
NVDA.US,D,20191007,000000,132.61,132.62,120.25,121.08,12830990,0
NVDA.US,D,20191007,000000,124.20,127.95,123.61,125.96,10534886,0
NVDA.US,D,20191008,000000,124.24,128.73,98.02,105.53,9558770,0
NVDA.US,D,20191009,000000,107.80,110.31,89.48,97.74,6230783,0
NVDA.US,D,20191010,000000,98.92,99.27,95.00,96.26,6855620,0
NVDA.US,D,20191011,000000,97.32,97.79,87.01,87.48,9424565,0
NVDA.US,D,20191014,000000,87.87,94.47,86.18,92.08,9543062,0
NVDA.US,D,20191014,000000,92.30,94.48,85.44,88.45,5842402,0
NVDA.US,D,20191014,000000,86.41,87.98,81.68,81.97,13017995,0
NVDA.US,D,20191015,000000,82.05,83.21,74.55,76.77,13604829,0
NVDA.US,D,20191016,000000,77.58,86.99,75.02,83.47,11827461,0
NVDA.US,D,20191017,000000,81.29,84.11,70.37,75.91,9079017,0
NVDA.US,D,20191018,000000,76.77,77.62,71.08,71.35,11635872,0
NVDA.US,D,20191021,000000,72.81,73.13,70.41,71.38,8443053,0
NVDA.US,D,20191021,000000,72.70,76.03,53.48,58.82,7641484,0
NVDA.US,D,20191021,000000,59.58,59.85,50.66,52.57,5720020,0
NVDA.US,D,20191022,000000,54.02,54.03,52.45,52.70,9952040,0
NVDA.US,D,20191023,000000,51.83,58.90,51.55,55.94,10625242,0
NVDA.US,D,20191024,000000,55.79,59.17,54.90,58.35,5310682,0
NVDA.US,D,20191025,000000,57.39,61.14,56.80,59.62,9462324,0
NVDA.US,D,20191028,000000,59.39,59.61,53.09,56.34,7179001,0
NVDA.US,D,20191028,000000,53.96,54.05,52.85,52.98,11646560,0
NVDA.US,D,20191028,000000,53.52,53.86,52.33,52.43,7476455,0
NVDA.US,D,20191029,000000,51.84,52.22,49.41,49.62,5592307,0
NVDA.US,D,20191030,000000,48.55,48.66,46.18,46.75,7652639,0
NVDA.US,D,20191031,000000,47.40,49.61,47.19,49.05,7140357,0
NVDA.US,D,20191101,000000,49.20,49.97,49.19,49.91,9164001,0
NVDA.US,D,20191104,000000,51.50,52.05,51.40,51.98,5116228,0
NVDA.US,D,20191104,000000,52.78,53.15,51.40,51.76,7186958,0
NVDA.US,D,20191104,000000,52.64,57.84,50.78,57.71,14753605,0
NVDA.US,D,20191105,000000,58.99,62.01,56.39,57.88,11887427,0
NVDA.US,D,20191106,000000,55.50,61.00,55.00,58.93,5617335,0
NVDA.US,D,20191107,000000,59.49,60.23,59.21,60.01,8133931,0
NVDA.US,D,20191108,000000,59.46,63.09,59.30,62.06,11505130,0
NVDA.US,D,20191111,000000,63.43,63.72,59.96,60.96,10817579,0
NVDA.US,D,20191111,000000,62.28,64.86,62.13,64.57,11111676,0
NVDA.US,D,20191111,000000,66.48,66.54,58.14,60.69,13066208,0
NVDA.US,D,20191112,000000,60.93,61.18,58.87,59.29,9424278,0
NVDA.US,D,20191113,000000,59.08,59.62,58.65,58.66,11443406,0
NVDA.US,D,20191114,000000,60.05,62.29,59.22,61.48,9480272,0
NVDA.US,D,20191115,000000,60.29,69.57,59.32,63.91,10747941,0
NVDA.US,D,20191118,000000,65.83,71.09,64.58,69.96,12853198,0
NVDA.US,D,20191118,000000,71.61,72.38,67.30,68.85,6848424,0
NVDA.US,D,20191118,000000,70.91,78.02,70.75,76.81,13199913,0
NVDA.US,D,20191119,000000,80.22,81.87,80.12,80.36,11585007,0
NVDA.US,D,20191120,000000,79.69,86.28,78.66,85.58,10765895,0
NVDA.US,D,20191121,000000,86.50,89.93,72.50,72.67,5752782,0
NVDA.US,D,20191122,000000,73.02,76.15,71.65,75.15,11261011,0
NVDA.US,D,20191125,000000,74.71,75.47,74.12,74.88,5190824,0
NVDA.US,D,20191125,000000,75.90,80.55,75.31,79.02,6471353,0
NVDA.US,D,20191125,000000,79.59,79.80,74.30,76.62,8460107,0
NVDA.US,D,20191126,000000,75.97,85.74,75.27,83.82,7955650,0
NVDA.US,D,20191127,000000,81.17,83.38,81.04,82.28,9054782,0
NVDA.US,D,20191128,000000,82.95,83.30,79.32,81.20,10111708,0
NVDA.US,D,20191129,000000,82.06,85.91,81.62,85.32,11486019,0
NVDA.US,D,20191202,000000,89.48,91.36,80.92,81.15,5226293,0
NVDA.US,D,20191202,000000,85.30,87.06,78.53,81.78,6238153,0
NVDA.US,D,20191202,000000,82.71,85.71,82.53,85.34,6421942,0
NVDA.US,D,20191203,000000,83.59,85.87,75.14,76.05,8931154,0
NVDA.US,D,20191204,000000,75.37,85.20,74.85,80.67,12020200,0
NVDA.US,D,20191205,000000,80.98,82.33,80.75,82.18,20218433,0
NVDA.US,D,20191206,000000,82.35,84.00,81.68,83.75,21802289,0
NVDA.US,D,20191209,000000,82.27,84.92,82.09,84.58,15990900,0
NVDA.US,D,20191209,000000,86.76,86.81,86.12,86.36,9470202,0
NVDA.US,D,20191209,000000,83.95,88.33,83.54,88.21,24321104,0
NVDA.US,D,20191210,000000,90.14,91.01,89.24,90.17,17147783,0
NVDA.US,D,20191211,000000,91.50,91.80,90.33,91.30,18410694,0
NVDA.US,D,20191212,000000,92.18,92.53,92.11,92.46,10946285,0
NVDA.US,D,20191213,000000,93.58,94.25,93.30,94.00,15059481,0
NVDA.US,D,20191216,000000,95.33,98.41,94.54,95.68,14564036,0
NVDA.US,D,20191216,000000,96.15,101.04,95.82,98.47,24885189,0
NVDA.US,D,20191216,000000,100.21,101.46,99.77,100.45,31317354,0
NVDA.US,D,20191217,000000,100.45,102.79,99.17,102.19,21046009,0
NVDA.US,D,20191218,000000,100.37,107.23,98.76,104.51,25352080,0
NVDA.US,D,20191219,000000,106.16,106.74,105.81,106.61,12830900,0
NVDA.US,D,20191220,000000,107.15,110.79,107.14,108.83,33867226,0
NVDA.US,D,20191223,000000,110.12,112.21,109.77,112.13,25075507,0
NVDA.US,D,20191223,000000,114.66,115.76,114.16,115.30,33979523,0
NVDA.US,D,20191223,000000,116.78,120.56,113.86,118.39,22590786,0
NVDA.US,D,20191224,000000,118.85,122.14,118.46,122.02,30569344,0
NVDA.US,D,20191225,000000,120.83,124.64,119.26,124.61,25158679,0
NVDA.US,D,20191226,000000,120.34,130.05,119.97,127.20,39071537,0
NVDA.US,D,20191227,000000,126.48,131.73,125.39,130.65,26518995,0
NVDA.US,D,20191230,000000,128.84,137.45,124.86,135.40,40655908,0
NVDA.US,D,20191230,000000,131.60,141.20,130.04,138.44,32373201,0
NVDA.US,D,20191230,000000,142.69,143.08,138.85,142.48,21613271,0
NVDA.US,D,20191231,000000,143.50,147.99,142.02,146.69,34562471,0
NVDA.US,D,20200101,000000,147.36,153.57,146.18,151.41,43185567,0
NVDA.US,D,20200102,000000,150.91,156.30,149.31,155.95,26422064,0
NVDA.US,D,20200103,000000,160.45,160.54,158.73,159.80,18474925,0
NVDA.US,D,20200106,000000,158.25,166.52,155.69,165.09,41415495,0
NVDA.US,D,20200106,000000,166.79,172.78,164.50,170.62,19230199,0
NVDA.US,D,20200106,000000,169.21,177.86,166.87,176.83,22413041,0
NVDA.US,D,20200107,000000,177.20,186.63,174.56,183.74,35203901,0
NVDA.US,D,20200108,000000,187.67,199.73,187.23,190.92,8503752,0
NVDA.US,D,20200109,000000,185.84,186.67,179.53,184.85,12305985,0
NVDA.US,D,20200110,000000,178.13,178.89,165.82,168.90,12530491,0
NVDA.US,D,20200113,000000,160.52,177.16,159.53,172.90,12489614,0
NVDA.US,D,20200113,000000,170.57,174.69,170.02,172.81,8838338,0
NVDA.US,D,20200113,000000,173.16,173.73,167.47,168.55,12555959,0
NVDA.US,D,20200114,000000,167.31,190.45,166.25,185.13,9085287,0
NVDA.US,D,20200115,000000,184.19,208.99,176.49,205.13,14896610,0
NVDA.US,D,20200116,000000,206.34,217.41,205.21,214.80,8693598,0
NVDA.US,D,20200117,000000,207.93,208.18,203.48,206.50,13313388,0
NVDA.US,D,20200120,000000,208.84,222.95,208.06,215.22,7934110,0
NVDA.US,D,20200120,000000,218.56,222.32,198.29,200.09,12461836,0
NVDA.US,D,20200120,000000,191.70,218.08,189.98,210.98,13978789,0
NVDA.US,D,20200121,000000,221.78,228.24,175.41,195.76,12707090,0
NVDA.US,D,20200122,000000,193.77,198.79,163.41,166.17,12706194,0
NVDA.US,D,20200123,000000,167.42,171.21,160.07,162.03,11067949,0
NVDA.US,D,20200124,000000,165.98,180.26,164.58,175.76,9426826,0
NVDA.US,D,20200127,000000,173.52,181.16,171.52,179.25,6855057,0
NVDA.US,D,20200127,000000,181.20,182.35,174.51,176.49,14948109,0
NVDA.US,D,20200127,000000,174.83,190.43,174.52,189.63,12336601,0
NVDA.US,D,20200128,000000,195.21,199.50,175.34,184.95,14460499,0
NVDA.US,D,20200129,000000,192.92,194.19,184.83,188.23,12076382,0
NVDA.US,D,20200130,000000,186.43,186.70,185.08,185.97,9996660,0
NVDA.US,D,20200131,000000,185.99,195.26,185.08,195.14,6763841,0
NVDA.US,D,20200203,000000,191.09,191.83,180.59,183.65,9620704,0
NVDA.US,D,20200203,000000,188.78,198.94,187.02,194.47,13033369,0
NVDA.US,D,20200203,000000,196.50,206.84,196.31,206.30,5129285,0
NVDA.US,D,20200204,000000,204.32,204.40,196.29,197.56,10300469,0
NVDA.US,D,20200205,000000,194.48,226.74,187.38,226.46,6258907,0
NVDA.US,D,20200206,000000,220.01,220.61,207.87,208.55,9753184,0
NVDA.US,D,20200207,000000,203.19,226.46,201.81,223.33,12565889,0
NVDA.US,D,20200210,000000,228.57,234.24,228.28,232.97,7062989,0
NVDA.US,D,20200210,000000,223.62,227.75,221.10,225.70,14362545,0
NVDA.US,D,20200210,000000,223.48,256.97,223.46,256.74,11281619,0
NVDA.US,D,20200211,000000,257.50,272.59,252.76,271.53,10154297,0
NVDA.US,D,20200212,000000,277.33,279.04,271.37,272.19,6837951,0
NVDA.US,D,20200213,000000,257.95,280.71,255.03,276.85,5342028,0
NVDA.US,D,20200214,000000,278.78,292.15,269.20,278.70,14405623,0
NVDA.US,D,20200217,000000,272.38,273.16,269.39,271.89,14791675,0
NVDA.US,D,20200217,000000,273.12,277.11,259.37,264.47,12993884,0
NVDA.US,D,20200217,000000,263.05,265.01,233.76,243.74,7971864,0
NVDA.US,D,20200218,000000,239.97,243.23,231.38,237.71,14489182,0
NVDA.US,D,20200219,000000,246.32,257.71,204.11,205.03,7800775,0
NVDA.US,D,20200220,000000,210.03,210.47,198.53,198.59,12910320,0
NVDA.US,D,20200221,000000,204.33,204.33,197.08,199.63,7507414,0
NVDA.US,D,20200224,000000,200.56,201.11,200.47,201.04,6799822,0
NVDA.US,D,20200224,000000,211.16,213.92,140.71,151.66,12022448,0
NVDA.US,D,20200224,000000,148.70,154.60,128.64,132.45,12926610,0
NVDA.US,D,20200225,000000,129.20,129.57,125.02,126.74,11853067,0
NVDA.US,D,20200226,000000,126.46,131.01,124.37,130.74,8603159,0
NVDA.US,D,20200227,000000,130.11,144.22,128.16,141.50,11370663,0
NVDA.US,D,20200228,000000,146.28,153.99,143.15,153.23,14360056,0
NVDA.US,D,20200302,000000,153.97,156.39,144.75,145.20,5005744,0
NVDA.US,D,20200302,000000,144.14,171.59,143.18,157.13,12330760,0
NVDA.US,D,20200302,000000,156.33,156.39,155.55,155.99,8516430,0
NVDA.US,D,20200303,000000,151.00,154.78,150.40,154.28,5498407,0
NVDA.US,D,20200304,000000,147.95,182.91,142.41,175.15,6145616,0
NVDA.US,D,20200305,000000,176.84,188.20,176.73,184.49,5383545,0
NVDA.US,D,20200306,000000,177.64,182.46,177.06,181.13,10090848,0
NVDA.US,D,20200309,000000,180.89,186.43,176.60,185.77,8422679,0
NVDA.US,D,20200309,000000,189.17,193.16,188.89,192.52,13968381,0
NVDA.US,D,20200309,000000,194.44,195.23,180.86,184.27,14554615,0
NVDA.US,D,20200310,000000,181.10,184.67,180.02,184.36,11162891,0
NVDA.US,D,20200311,000000,187.63,188.50,186.36,186.54,12786586,0
NVDA.US,D,20200312,000000,183.69,186.88,183.22,185.24,6387100,0
NVDA.US,D,20200313,000000,181.15,182.94,159.19,162.38,9919564,0
NVDA.US,D,20200316,000000,160.94,162.76,151.51,153.37,12405793,0
NVDA.US,D,20200316,000000,158.88,158.96,146.29,149.41,8901663,0
NVDA.US,D,20200316,000000,142.77,173.10,140.63,170.63,10763071,0
NVDA.US,D,20200317,000000,167.07,168.72,156.30,158.72,9873592,0
NVDA.US,D,20200318,000000,159.14,162.47,153.11,153.90,9904859,0
NVDA.US,D,20200319,000000,154.38,161.55,152.63,160.90,8995732,0
NVDA.US,D,20200320,000000,164.88,170.58,130.05,142.99,10058288,0
NVDA.US,D,20200323,000000,143.11,146.98,142.58,146.62,7773245,0
NVDA.US,D,20200323,000000,144.86,148.00,132.12,135.75,7176805,0
NVDA.US,D,20200323,000000,131.69,133.22,130.74,132.20,10207019,0
NVDA.US,D,20200324,000000,128.42,129.92,128.40,129.13,13096611,0
NVDA.US,D,20200325,000000,128.19,140.11,125.20,138.97,11393034,0
NVDA.US,D,20200326,000000,135.76,138.11,131.44,132.93,6567368,0
NVDA.US,D,20200327,000000,130.58,134.72,108.12,116.39,10849428,0
NVDA.US,D,20200330,000000,113.86,114.33,102.37,102.72,11874204,0
NVDA.US,D,20200330,000000,101.71,102.38,94.37,96.49,6433435,0
NVDA.US,D,20200330,000000,96.57,96.80,95.25,95.39,5693843,0
NVDA.US,D,20200331,000000,97.41,99.06,91.86,92.51,6413972,0
NVDA.US,D,20200401,000000,97.49,102.32,79.03,82.80,12957993,0
NVDA.US,D,20200402,000000,83.54,85.19,68.22,71.25,9622713,0
NVDA.US,D,20200403,000000,71.05,71.28,69.75,69.84,7946929,0
NVDA.US,D,20200406,000000,72.47,73.36,68.50,69.40,8601738,0
NVDA.US,D,20200406,000000,70.43,70.48,69.76,70.17,10495662,0
NVDA.US,D,20200406,000000,68.98,74.39,68.50,73.89,5915768,0
NVDA.US,D,20200407,000000,75.31,77.29,60.08,62.55,8651368,0
NVDA.US,D,20200408,000000,64.21,65.89,59.23,59.54,10383336,0
NVDA.US,D,20200409,000000,60.13,62.05,59.16,61.49,14399292,0
NVDA.US,D,20200410,000000,61.32,61.72,59.30,60.06,14541158,0
NVDA.US,D,20200413,000000,59.84,61.09,59.76,60.56,10312043,0
NVDA.US,D,20200413,000000,60.92,64.21,60.83,63.01,13908343,0
NVDA.US,D,20200413,000000,61.56,71.82,59.93,67.75,6543111,0
NVDA.US,D,20200414,000000,73.22,73.29,72.87,72.98,10325939,0
NVDA.US,D,20200415,000000,74.84,75.54,69.35,70.64,7127611,0
NVDA.US,D,20200416,000000,68.96,74.38,66.25,74.01,8954871,0
NVDA.US,D,20200417,000000,75.66,78.93,64.73,67.10,14903218,0
NVDA.US,D,20200420,000000,67.60,69.10,66.94,69.04,14627264,0
NVDA.US,D,20200420,000000,67.13,71.16,66.99,70.04,7752378,0
NVDA.US,D,20200420,000000,69.45,69.87,66.57,68.60,11266810,0
NVDA.US,D,20200421,000000,70.07,71.77,62.85,65.39,12285260,0
NVDA.US,D,20200422,000000,64.46,79.86,60.61,78.84,12844605,0
NVDA.US,D,20200423,000000,79.62,81.20,75.41,77.17,7356021,0
NVDA.US,D,20200424,000000,76.43,85.31,73.06,82.35,5312329,0
NVDA.US,D,20200427,000000,80.19,90.63,79.29,89.85,7916785,0
NVDA.US,D,20200427,000000,91.83,92.19,86.97,87.16,8475354,0
NVDA.US,D,20200427,000000,92.17,93.63,87.79,87.82,13577735,0
NVDA.US,D,20200428,000000,90.48,91.89,88.97,90.35,12019365,0
NVDA.US,D,20200429,000000,88.38,89.66,83.78,84.41,7337126,0
NVDA.US,D,20200430,000000,81.18,94.69,80.56,88.28,6434438,0
NVDA.US,D,20200501,000000,83.87,102.10,83.44,100.21,11598914,0
NVDA.US,D,20200504,000000,100.46,110.67,99.79,106.19,12893594,0
NVDA.US,D,20200504,000000,105.18,105.44,104.00,104.77,12413692,0
NVDA.US,D,20200504,000000,105.59,111.92,103.35,110.21,10773296,0
NVDA.US,D,20200505,000000,107.39,109.17,83.90,91.34,11104866,0
NVDA.US,D,20200506,000000,91.44,91.53,88.92,89.02,6208370,0
NVDA.US,D,20200507,000000,88.83,90.03,84.35,86.08,13057346,0
NVDA.US,D,20200508,000000,84.35,92.57,83.63,90.79,7852153,0
NVDA.US,D,20200511,000000,89.44,90.12,85.75,87.43,12628287,0
NVDA.US,D,20200511,000000,90.00,100.93,86.56,98.15,7362389,0
NVDA.US,D,20200511,000000,98.57,108.56,97.08,105.23,14435980,0
NVDA.US,D,20200512,000000,107.28,107.65,104.53,106.52,14105264,0
NVDA.US,D,20200513,000000,107.37,114.18,90.78,91.14,13566593,0
NVDA.US,D,20200514,000000,91.86,108.14,90.35,101.74,12073634,0
NVDA.US,D,20200515,000000,102.23,102.31,99.12,101.29,6746241,0
NVDA.US,D,20200518,000000,100.74,103.08,100.63,102.92,7127469,0
NVDA.US,D,20200518,000000,105.97,109.34,103.61,103.86,13039494,0
NVDA.US,D,20200518,000000,102.26,103.39,101.81,103.39,11950111,0
NVDA.US,D,20200519,000000,100.12,107.03,97.05,106.55,11300722,0
NVDA.US,D,20200520,000000,108.03,109.70,100.90,102.81,8892814,0
NVDA.US,D,20200521,000000,105.60,106.74,93.16,95.82,13410135,0
NVDA.US,D,20200522,000000,93.07,93.96,92.19,93.23,10843552,0
NVDA.US,D,20200525,000000,91.34,91.57,91.24,91.56,5327788,0
NVDA.US,D,20200525,000000,90.15,93.35,89.61,93.30,6483047,0
NVDA.US,D,20200525,000000,93.47,93.62,87.68,88.51,14349007,0
NVDA.US,D,20200526,000000,87.74,97.20,86.52,95.85,12042708,0
NVDA.US,D,20200527,000000,95.60,107.77,95.20,106.62,11193748,0
NVDA.US,D,20200528,000000,109.65,110.74,96.28,98.24,10377043,0
NVDA.US,D,20200529,000000,96.77,97.53,89.17,90.33,5373117,0
NVDA.US,D,20200601,000000,90.98,98.00,90.54,96.78,13692701,0
NVDA.US,D,20200601,000000,95.23,96.63,94.51,95.73,8614739,0
NVDA.US,D,20200601,000000,93.89,97.00,93.72,94.67,14907475,0
NVDA.US,D,20200602,000000,94.70,101.80,94.68,98.20,5178246,0
NVDA.US,D,20200603,000000,101.21,102.56,98.26,98.63,8916633,0
NVDA.US,D,20200604,000000,97.99,98.63,93.65,94.23,6721117,0
NVDA.US,D,20200605,000000,94.59,96.75,84.68,88.14,7508768,0
NVDA.US,D,20200608,000000,85.72,94.78,83.56,92.80,8459610,0
NVDA.US,D,20200608,000000,93.91,102.54,92.67,101.26,6018674,0
NVDA.US,D,20200608,000000,101.09,102.52,90.94,95.37,8176386,0
NVDA.US,D,20200609,000000,96.50,104.59,96.41,101.76,8276723,0
NVDA.US,D,20200610,000000,104.25,104.28,103.56,104.12,6312007,0
NVDA.US,D,20200611,000000,99.96,112.32,98.67,109.81,9113847,0
NVDA.US,D,20200612,000000,111.38,112.09,107.97,108.47,14506036,0
NVDA.US,D,20200615,000000,110.62,111.48,110.53,111.36,10687045,0
NVDA.US,D,20200615,000000,110.97,124.42,110.82,122.85,13323937,0
NVDA.US,D,20200615,000000,120.71,139.50,119.37,137.15,14306165,0
NVDA.US,D,20200616,000000,138.08,141.02,138.00,140.30,9529042,0
NVDA.US,D,20200617,000000,142.34,152.00,141.75,148.82,5763310,0
NVDA.US,D,20200618,000000,152.19,153.04,150.28,150.61,12105177,0
NVDA.US,D,20200619,000000,151.57,152.70,151.36,152.61,11544507,0
NVDA.US,D,20200622,000000,151.71,167.91,149.45,163.31,8148844,0
NVDA.US,D,20200622,000000,159.43,165.48,157.41,164.42,10616413,0
NVDA.US,D,20200622,000000,158.38,161.09,157.33,160.17,5068721,0
NVDA.US,D,20200623,000000,159.92,160.73,156.54,157.45,6154593,0
NVDA.US,D,20200624,000000,156.60,157.06,156.57,157.05,12100268,0
NVDA.US,D,20200625,000000,163.98,164.84,160.19,161.77,9061648,0
NVDA.US,D,20200626,000000,156.83,167.97,152.58,167.40,9572397,0
NVDA.US,D,20200629,000000,167.17,167.87,153.48,158.59,12913868,0
NVDA.US,D,20200629,000000,158.89,169.39,158.55,163.70,6357804,0
NVDA.US,D,20200629,000000,165.78,166.81,161.37,162.57,8791993,0
NVDA.US,D,20200630,000000,161.23,162.75,143.73,146.51,7800996,0
NVDA.US,D,20200701,000000,146.87,147.55,138.97,142.66,8432380,0
NVDA.US,D,20200702,000000,141.67,145.47,136.40,138.71,11214593,0
NVDA.US,D,20200703,000000,138.46,145.58,138.05,143.37,11665601,0
NVDA.US,D,20200706,000000,140.84,143.85,139.72,143.14,9266913,0
NVDA.US,D,20200706,000000,143.26,144.35,128.25,130.74,8102422,0
NVDA.US,D,20200706,000000,130.92,139.40,130.86,138.17,13534298,0
NVDA.US,D,20200707,000000,139.00,139.35,138.72,138.73,11969903,0
NVDA.US,D,20200708,000000,139.39,140.32,135.45,136.29,14940184,0
NVDA.US,D,20200709,000000,137.73,137.99,136.75,136.77,9529254,0
NVDA.US,D,20200710,000000,132.93,144.75,132.30,142.23,10248647,0
NVDA.US,D,20200713,000000,136.64,142.49,136.45,141.77,13697351,0
NVDA.US,D,20200713,000000,141.96,142.61,141.82,142.48,8114697,0
NVDA.US,D,20200713,000000,142.90,143.16,140.23,141.25,8487453,0
NVDA.US,D,20200714,000000,141.38,143.21,139.77,142.72,14229491,0
NVDA.US,D,20200715,000000,142.94,143.85,142.19,142.76,10805786,0
NVDA.US,D,20200716,000000,143.58,147.69,143.53,146.77,5727062,0
NVDA.US,D,20200717,000000,143.69,153.97,143.61,151.29,5084000,0
NVDA.US,D,20200720,000000,150.92,154.55,150.20,153.79,14339815,0
NVDA.US,D,20200720,000000,153.78,160.64,152.70,156.70,8739532,0
NVDA.US,D,20200720,000000,157.74,158.01,157.30,157.50,11145546,0
NVDA.US,D,20200721,000000,157.07,157.55,153.34,154.60,12944431,0
NVDA.US,D,20200722,000000,152.88,162.97,150.68,159.24,11188443,0
NVDA.US,D,20200723,000000,156.72,164.37,153.47,162.85,14364209,0
NVDA.US,D,20200724,000000,163.32,167.97,161.58,167.46,9017731,0
NVDA.US,D,20200727,000000,167.86,173.55,167.86,172.65,8427390,0
NVDA.US,D,20200727,000000,172.78,176.96,172.61,175.07,10195981,0
NVDA.US,D,20200727,000000,177.13,179.72,168.96,170.00,14739722,0
NVDA.US,D,20200728,000000,171.36,171.72,163.74,164.07,6315052,0
NVDA.US,D,20200729,000000,162.61,168.28,161.96,167.52,10651961,0
NVDA.US,D,20200730,000000,167.44,170.11,166.58,170.08,10154306,0
NVDA.US,D,20200731,000000,170.63,170.99,169.22,169.89,8802105,0
NVDA.US,D,20200803,000000,169.40,173.15,169.34,171.95,14860789,0
NVDA.US,D,20200803,000000,174.31,176.76,172.13,174.19,5908964,0
NVDA.US,D,20200803,000000,175.06,176.63,163.97,167.98,10907796,0
NVDA.US,D,20200804,000000,166.03,179.70,163.31,176.73,12516168,0
NVDA.US,D,20200805,000000,175.61,182.41,174.84,181.54,11172821,0
NVDA.US,D,20200806,000000,182.08,191.10,179.25,190.27,12312347,0
NVDA.US,D,20200807,000000,190.47,190.74,188.04,189.36,7947310,0
NVDA.US,D,20200810,000000,189.23,194.56,189.13,191.91,11619856,0
NVDA.US,D,20200810,000000,190.37,190.72,185.08,186.69,6801107,0
NVDA.US,D,20200810,000000,186.83,187.00,185.02,185.38,11069087,0
NVDA.US,D,20200811,000000,185.40,185.99,182.67,183.16,14925124,0
NVDA.US,D,20200812,000000,182.09,184.38,181.76,184.13,14589585,0
NVDA.US,D,20200813,000000,183.57,186.93,181.84,184.81,11181290,0
NVDA.US,D,20200814,000000,182.90,201.20,182.11,196.52,5522967,0
NVDA.US,D,20200817,000000,195.85,197.04,182.40,185.88,11026472,0
NVDA.US,D,20200817,000000,185.44,185.60,169.06,174.79,8418482,0
NVDA.US,D,20200817,000000,172.33,177.87,171.47,176.28,10460724,0
NVDA.US,D,20200818,000000,174.44,174.56,170.79,171.08,10013764,0
NVDA.US,D,20200819,000000,171.33,179.63,171.18,175.43,6447728,0
NVDA.US,D,20200820,000000,174.93,179.06,174.85,177.79,5341452,0
NVDA.US,D,20200821,000000,180.67,181.77,180.44,181.74,7524144,0
NVDA.US,D,20200824,000000,185.62,185.77,185.03,185.03,7023635,0
NVDA.US,D,20200824,000000,185.37,185.64,184.73,184.97,9117029,0
NVDA.US,D,20200824,000000,186.59,186.65,185.09,185.70,9531923,0
NVDA.US,D,20200825,000000,186.42,189.32,186.23,188.88,14144285,0
NVDA.US,D,20200826,000000,190.11,191.06,179.34,181.90,9918868,0
NVDA.US,D,20200827,000000,179.50,187.68,176.44,185.14,11445274,0
NVDA.US,D,20200828,000000,184.84,185.50,180.40,181.90,10662226,0
NVDA.US,D,20200831,000000,180.76,182.22,177.01,177.35,12450523,0
NVDA.US,D,20200831,000000,176.38,176.59,172.10,172.67,10951300,0
NVDA.US,D,20200831,000000,173.87,177.36,166.44,167.81,11468848,0
NVDA.US,D,20200901,000000,168.96,169.05,164.07,164.84,11883268,0
NVDA.US,D,20200902,000000,164.31,164.87,159.33,159.74,14328282,0
NVDA.US,D,20200903,000000,158.51,160.74,158.05,160.72,8193511,0
NVDA.US,D,20200904,000000,160.43,160.93,154.20,156.87,10901130,0
NVDA.US,D,20200907,000000,156.19,157.69,155.74,157.45,9487549,0
NVDA.US,D,20200907,000000,157.51,157.61,155.01,155.41,8592920,0
NVDA.US,D,20200907,000000,157.35,157.82,151.80,152.75,14080637,0
NVDA.US,D,20200908,000000,152.42,160.81,149.17,159.23,8495550,0
NVDA.US,D,20200909,000000,158.90,160.99,158.22,159.66,7972200,0
NVDA.US,D,20200910,000000,158.29,159.31,157.79,158.78,9050055,0
NVDA.US,D,20200911,000000,159.12,159.90,153.38,153.50,5846902,0
NVDA.US,D,20200914,000000,153.77,158.71,153.07,156.01,9451019,0
NVDA.US,D,20200914,000000,155.96,158.91,155.57,158.83,10869212,0
NVDA.US,D,20200914,000000,159.80,161.13,155.88,156.71,12285056,0
NVDA.US,D,20200915,000000,156.41,156.65,156.01,156.34,10197782,0
NVDA.US,D,20200916,000000,155.96,158.55,154.87,158.49,9831554,0
NVDA.US,D,20200917,000000,158.76,159.25,158.74,159.19,11700764,0
NVDA.US,D,20200918,000000,159.34,159.56,158.28,158.59,14860742,0
NVDA.US,D,20200921,000000,158.73,162.53,157.72,161.25,6428240,0
NVDA.US,D,20200921,000000,161.88,162.02,156.63,157.57,7403403,0
NVDA.US,D,20200921,000000,158.05,158.38,157.20,157.42,11944409,0
NVDA.US,D,20200922,000000,157.44,158.07,153.67,155.42,11159856,0
NVDA.US,D,20200923,000000,155.41,155.73,154.22,154.84,8159749,0
NVDA.US,D,20200924,000000,156.04,156.50,146.53,147.81,14121823,0
NVDA.US,D,20200925,000000,147.39,149.00,146.31,148.60,7781643,0
NVDA.US,D,20200928,000000,149.25,149.55,147.76,148.16,5821724,0
NVDA.US,D,20200928,000000,148.59,149.86,143.10,144.97,14710901,0
NVDA.US,D,20200928,000000,145.79,153.31,145.29,151.78,8456982,0
NVDA.US,D,20200929,000000,152.41,157.76,151.65,157.57,9912045,0
NVDA.US,D,20200930,000000,156.76,157.62,149.96,151.11,13782785,0
NVDA.US,D,20201001,000000,150.79,153.09,150.76,152.56,6183461,0
NVDA.US,D,20201002,000000,152.53,157.85,151.85,156.24,6368892,0
NVDA.US,D,20201005,000000,157.01,158.35,156.95,158.24,5672973,0
NVDA.US,D,20201005,000000,157.86,161.87,157.06,161.22,7207902,0
NVDA.US,D,20201005,000000,160.78,161.40,157.81,158.17,12076775,0
NVDA.US,D,20201006,000000,156.31,159.67,155.57,158.59,8787786,0
NVDA.US,D,20201007,000000,159.41,164.98,158.22,164.26,9704296,0
NVDA.US,D,20201008,000000,164.31,166.45,163.20,166.20,12585314,0
NVDA.US,D,20201009,000000,165.86,166.21,162.96,163.40,13268685,0
NVDA.US,D,20201012,000000,164.03,164.24,161.10,161.72,7082254,0
NVDA.US,D,20201012,000000,162.43,163.94,162.41,163.15,13115559,0
NVDA.US,D,20201012,000000,163.62,166.08,159.99,160.69,7770996,0
NVDA.US,D,20201013,000000,162.19,163.05,161.62,162.44,6574851,0
NVDA.US,D,20201014,000000,162.85,162.98,161.96,162.16,14780212,0
NVDA.US,D,20201015,000000,162.51,166.53,161.29,164.95,12281866,0
NVDA.US,D,20201016,000000,165.80,169.67,165.41,169.00,11228429,0
NVDA.US,D,20201019,000000,169.28,173.51,167.70,173.29,6916988,0
NVDA.US,D,20201019,000000,173.84,174.26,170.62,171.12,12447888,0
NVDA.US,D,20201019,000000,171.39,174.18,170.25,174.13,9403519,0
NVDA.US,D,20201020,000000,175.26,179.34,174.34,178.67,7359906,0
