<TICKER>,<PER>,<DATE>,<TIME>,<OPEN>,<HIGH>,<LOW>,<CLOSE>,<VOL>,<OPENINT>
OPEN.US,D,20180102,000000,4.94,4.94,4.81,4.85,5223424,0
OPEN.US,D,20180103,000000,4.86,4.87,4.85,4.87,8956208,0
OPEN.US,D,20180104,000000,4.86,4.92,4.85,4.89,7398091,0
OPEN.US,D,20180105,000000,4.89,4.90,4.71,4.75,5242576,0
OPEN.US,D,20180108,000000,4.75,4.82,4.62,4.64,3355728,0
OPEN.US,D,20180108,000000,4.66,4.72,4.65,4.68,7981548,0
OPEN.US,D,20180108,000000,4.68,4.70,4.65,4.66,7054195,0
OPEN.US,D,20180109,000000,4.68,4.78,4.65,4.75,5120166,0
OPEN.US,D,20180110,000000,4.75,4.76,4.73,4.73,6485336,0
OPEN.US,D,20180111,000000,4.73,4.74,4.72,4.72,3955262,0
OPEN.US,D,20180112,000000,4.74,4.74,4.67,4.69,3634845,0
OPEN.US,D,20180115,000000,4.69,4.74,4.58,4.62,4255776,0
OPEN.US,D,20180115,000000,4.63,4.64,4.54,4.55,3900050,0
OPEN.US,D,20180115,000000,4.54,4.55,4.50,4.51,8212893,0
OPEN.US,D,20180116,000000,4.50,4.50,4.48,4.49,7400871,0
OPEN.US,D,20180117,000000,4.47,4.49,4.47,4.48,8812134,0
OPEN.US,D,20180118,000000,4.49,4.49,4.48,4.48,4848729,0
OPEN.US,D,20180119,000000,4.48,4.52,4.47,4.52,4886251,0
OPEN.US,D,20180122,000000,4.53,4.58,4.52,4.57,5045075,0
OPEN.US,D,20180122,000000,4.57,4.66,4.56,4.61,4554964,0
OPEN.US,D,20180122,000000,4.62,4.62,4.61,4.62,7436337,0
OPEN.US,D,20180123,000000,4.63,4.63,4.58,4.60,7213561,0
OPEN.US,D,20180124,000000,4.58,4.59,4.58,4.58,4990379,0
OPEN.US,D,20180125,000000,4.61,4.62,4.54,4.54,8685818,0
OPEN.US,D,20180126,000000,4.53,4.58,4.50,4.57,3437303,0
OPEN.US,D,20180129,000000,4.58,4.59,4.49,4.51,5909208,0
OPEN.US,D,20180129,000000,4.53,4.55,4.38,4.40,3882265,0
OPEN.US,D,20180129,000000,4.41,4.44,4.30,4.36,3613033,0
OPEN.US,D,20180130,000000,4.36,4.44,4.32,4.44,8112982,0
OPEN.US,D,20180131,000000,4.43,4.45,4.43,4.45,8386216,0
OPEN.US,D,20180201,000000,4.47,4.53,4.46,4.51,4440340,0
OPEN.US,D,20180202,000000,4.50,4.50,4.45,4.48,3504302,0
OPEN.US,D,20180205,000000,4.47,4.48,4.46,4.47,8259220,0
OPEN.US,D,20180205,000000,4.44,4.45,4.38,4.40,5453391,0
OPEN.US,D,20180205,000000,4.37,4.54,4.27,4.51,3663520,0
OPEN.US,D,20180206,000000,4.55,4.55,4.41,4.45,7614736,0
OPEN.US,D,20180207,000000,4.44,4.44,4.42,4.42,4376729,0
OPEN.US,D,20180208,000000,4.36,4.39,4.34,4.37,5004623,0
OPEN.US,D,20180209,000000,4.37,4.37,4.36,4.36,8428336,0
OPEN.US,D,20180212,000000,4.35,4.48,4.31,4.46,5700578,0
OPEN.US,D,20180212,000000,4.41,4.43,4.41,4.42,4234447,0
OPEN.US,D,20180212,000000,4.40,4.41,4.36,4.36,5808166,0
OPEN.US,D,20180213,000000,4.35,4.35,4.31,4.32,8610868,0
OPEN.US,D,20180214,000000,4.31,4.35,4.30,4.34,6253899,0
OPEN.US,D,20180215,000000,4.38,4.41,4.06,4.17,6150010,0
OPEN.US,D,20180216,000000,4.16,4.20,4.11,4.16,7879390,0
OPEN.US,D,20180219,000000,4.23,4.25,3.94,4.06,5525052,0
OPEN.US,D,20180219,000000,4.10,4.20,4.09,4.16,3684168,0
OPEN.US,D,20180219,000000,4.16,4.25,4.15,4.25,8651196,0
OPEN.US,D,20180220,000000,4.18,4.25,4.17,4.23,6748972,0
OPEN.US,D,20180221,000000,4.22,4.23,4.20,4.20,3269856,0
OPEN.US,D,20180222,000000,4.25,4.26,4.23,4.24,3416179,0
OPEN.US,D,20180223,000000,4.29,4.48,4.27,4.47,4898405,0
OPEN.US,D,20180226,000000,4.50,4.53,4.30,4.31,3309033,0
OPEN.US,D,20180226,000000,4.31,4.50,4.26,4.48,7717561,0
OPEN.US,D,20180226,000000,4.52,4.53,4.43,4.45,8254532,0
OPEN.US,D,20180227,000000,4.43,4.50,4.32,4.32,8837825,0
OPEN.US,D,20180228,000000,4.36,4.41,4.08,4.18,8811202,0
OPEN.US,D,20180301,000000,4.15,4.44,4.12,4.38,7006107,0
OPEN.US,D,20180302,000000,4.41,4.43,4.16,4.26,4194341,0
OPEN.US,D,20180305,000000,4.21,4.34,4.14,4.28,4451778,0
OPEN.US,D,20180305,000000,4.26,4.31,4.14,4.17,7262760,0
OPEN.US,D,20180305,000000,4.09,4.10,3.92,3.97,5604710,0
OPEN.US,D,20180306,000000,3.96,3.98,3.89,3.89,3807274,0
OPEN.US,D,20180307,000000,3.87,3.90,3.85,3.90,3220965,0
OPEN.US,D,20180308,000000,3.82,3.92,3.79,3.89,7965522,0
OPEN.US,D,20180309,000000,3.94,3.95,3.94,3.94,6264990,0
OPEN.US,D,20180312,000000,3.91,4.13,3.82,4.12,5664806,0
OPEN.US,D,20180312,000000,4.04,4.22,4.02,4.20,3702291,0
OPEN.US,D,20180312,000000,4.16,4.17,4.15,4.15,5656390,0
OPEN.US,D,20180313,000000,4.10,4.35,4.07,4.32,3609388,0
OPEN.US,D,20180314,000000,4.36,4.46,4.07,4.17,7829456,0
OPEN.US,D,20180315,000000,4.08,4.25,4.06,4.18,3176822,0
OPEN.US,D,20180316,000000,4.19,4.23,4.13,4.15,5609338,0
OPEN.US,D,20180319,000000,4.08,4.42,4.05,4.35,3100600,0
OPEN.US,D,20180319,000000,4.38,4.47,4.36,4.42,8886201,0
OPEN.US,D,20180319,000000,4.36,4.39,4.21,4.26,8807628,0
OPEN.US,D,20180320,000000,4.26,4.29,4.22,4.26,5467707,0
OPEN.US,D,20180321,000000,4.17,4.43,4.13,4.37,8597611,0
OPEN.US,D,20180322,000000,4.44,4.48,4.32,4.36,6733377,0
OPEN.US,D,20180323,000000,4.37,4.39,4.37,4.38,8296051,0
OPEN.US,D,20180326,000000,4.52,4.60,4.29,4.34,6778109,0
OPEN.US,D,20180326,000000,4.35,4.37,4.23,4.32,5623801,0
OPEN.US,D,20180326,000000,4.38,4.61,4.36,4.54,7109407,0
OPEN.US,D,20180327,000000,4.42,4.90,4.38,4.87,3998221,0
OPEN.US,D,20180328,000000,4.79,4.89,4.69,4.83,3798986,0
OPEN.US,D,20180329,000000,4.74,4.83,4.59,4.78,4899062,0
OPEN.US,D,20180330,000000,4.81,5.59,4.61,5.34,3010387,0
OPEN.US,D,20180402,000000,5.19,5.36,5.14,5.32,7946617,0
OPEN.US,D,20180402,000000,5.23,5.39,5.23,5.29,4055599,0
OPEN.US,D,20180402,000000,5.30,5.31,5.24,5.26,5351632,0
OPEN.US,D,20180403,000000,5.21,5.41,5.21,5.40,8076796,0
OPEN.US,D,20180404,000000,5.33,5.61,5.28,5.60,5279821,0
OPEN.US,D,20180405,000000,5.49,5.55,5.48,5.54,6212127,0
OPEN.US,D,20180406,000000,5.50,5.65,5.24,5.36,6741022,0
OPEN.US,D,20180409,000000,5.29,5.36,5.29,5.35,3101505,0
OPEN.US,D,20180409,000000,5.29,5.29,5.14,5.22,6347027,0
OPEN.US,D,20180409,000000,5.22,5.32,4.92,5.05,5428257,0
OPEN.US,D,20180410,000000,5.06,5.17,5.03,5.15,8371172,0
OPEN.US,D,20180411,000000,5.11,5.27,5.05,5.21,8244004,0
OPEN.US,D,20180412,000000,5.09,6.04,5.03,5.66,8610324,0
OPEN.US,D,20180413,000000,5.73,6.00,5.65,5.91,7757840,0
OPEN.US,D,20180416,000000,5.83,5.85,5.63,5.66,4475494,0
OPEN.US,D,20180416,000000,5.72,5.87,5.24,5.35,6723164,0
OPEN.US,D,20180416,000000,5.41,6.16,5.37,5.90,3379576,0
OPEN.US,D,20180417,000000,5.88,5.89,5.85,5.86,6419992,0
OPEN.US,D,20180418,000000,5.93,5.95,5.81,5.84,4979077,0
OPEN.US,D,20180419,000000,5.82,5.83,5.58,5.66,6198933,0
OPEN.US,D,20180420,000000,5.60,5.65,5.40,5.42,6105412,0
OPEN.US,D,20180423,000000,5.45,5.64,5.41,5.56,3912208,0
OPEN.US,D,20180423,000000,5.56,5.76,5.50,5.73,6769859,0
OPEN.US,D,20180423,000000,5.64,5.65,5.24,5.33,7947860,0
OPEN.US,D,20180424,000000,5.35,5.36,5.26,5.27,5286046,0
OPEN.US,D,20180425,000000,5.24,5.26,4.83,4.98,5208073,0
OPEN.US,D,20180426,000000,4.97,5.55,4.90,5.48,8698623,0
OPEN.US,D,20180427,000000,5.44,5.45,5.19,5.19,7560382,0
OPEN.US,D,20180430,000000,5.14,5.19,4.73,4.79,4166074,0
OPEN.US,D,20180430,000000,4.79,5.12,4.72,5.11,6008886,0
OPEN.US,D,20180430,000000,5.11,5.18,4.82,4.86,6007453,0
OPEN.US,D,20180501,000000,4.88,4.89,4.78,4.81,8223106,0
OPEN.US,D,20180502,000000,4.88,4.90,4.83,4.87,7773107,0
OPEN.US,D,20180503,000000,4.99,5.01,4.64,4.75,3599238,0
OPEN.US,D,20180504,000000,4.77,4.83,4.54,4.64,4864974,0
OPEN.US,D,20180507,000000,4.58,4.89,4.55,4.78,8710550,0
OPEN.US,D,20180507,000000,4.65,4.65,4.54,4.60,3689907,0
OPEN.US,D,20180507,000000,4.59,4.85,4.51,4.82,3213564,0
OPEN.US,D,20180508,000000,4.83,4.86,4.78,4.79,4953035,0
OPEN.US,D,20180509,000000,4.92,4.93,4.83,4.84,8158019,0
OPEN.US,D,20180510,000000,4.78,5.03,4.71,5.01,3303243,0
OPEN.US,D,20180511,000000,5.01,5.32,4.93,5.27,7777581,0
OPEN.US,D,20180514,000000,5.29,5.52,5.28,5.48,6028578,0
OPEN.US,D,20180514,000000,5.64,5.79,5.59,5.68,6857532,0
OPEN.US,D,20180514,000000,5.61,5.97,5.59,5.83,6345960,0
OPEN.US,D,20180515,000000,5.78,5.85,5.43,5.52,6149550,0
OPEN.US,D,20180516,000000,5.47,5.57,5.44,5.56,8437028,0
OPEN.US,D,20180517,000000,5.57,5.93,5.55,5.82,8200878,0
OPEN.US,D,20180518,000000,5.87,5.99,5.82,5.94,6035627,0
OPEN.US,D,20180521,000000,5.88,5.90,5.88,5.89,5393557,0
OPEN.US,D,20180521,000000,6.00,6.56,5.99,6.51,5394495,0
OPEN.US,D,20180521,000000,6.46,6.55,6.44,6.54,4541757,0
OPEN.US,D,20180522,000000,6.52,6.53,6.46,6.47,5589297,0
OPEN.US,D,20180523,000000,6.50,6.59,6.10,6.15,5916979,0
OPEN.US,D,20180524,000000,6.13,6.13,6.12,6.12,3304800,0
OPEN.US,D,20180525,000000,6.09,6.34,6.04,6.27,3470144,0
OPEN.US,D,20180528,000000,6.30,6.45,6.30,6.36,3456176,0
OPEN.US,D,20180528,000000,6.35,6.38,6.33,6.38,6197644,0
OPEN.US,D,20180528,000000,6.47,6.55,6.39,6.41,3267205,0
OPEN.US,D,20180529,000000,6.38,6.41,6.06,6.17,7472827,0
OPEN.US,D,20180530,000000,6.27,6.33,6.18,6.19,3863076,0
OPEN.US,D,20180531,000000,6.15,6.23,6.12,6.20,7557819,0
OPEN.US,D,20180601,000000,6.20,6.43,6.19,6.33,8866346,0
OPEN.US,D,20180604,000000,6.34,6.68,6.33,6.54,6476266,0
OPEN.US,D,20180604,000000,6.46,6.95,6.43,6.86,6464597,0
OPEN.US,D,20180604,000000,6.79,7.10,6.76,6.99,5558881,0
OPEN.US,D,20180605,000000,6.97,7.01,6.77,6.79,5635991,0
OPEN.US,D,20180606,000000,6.81,7.00,6.79,6.96,6988366,0
OPEN.US,D,20180607,000000,6.99,7.00,6.73,6.85,7594864,0
OPEN.US,D,20180608,000000,6.86,7.05,6.79,7.00,7993604,0
OPEN.US,D,20180611,000000,7.01,7.07,6.89,6.90,3782444,0
OPEN.US,D,20180611,000000,6.76,6.79,6.59,6.66,3001627,0
OPEN.US,D,20180611,000000,6.77,6.85,6.46,6.48,4357515,0
OPEN.US,D,20180612,000000,6.61,6.62,6.31,6.35,3834972,0
OPEN.US,D,20180613,000000,6.28,6.44,6.25,6.36,7113555,0
OPEN.US,D,20180614,000000,6.29,6.48,6.27,6.48,4853463,0
OPEN.US,D,20180615,000000,6.46,6.60,6.44,6.57,4694637,0
OPEN.US,D,20180618,000000,6.56,6.99,6.53,6.87,3607315,0
OPEN.US,D,20180618,000000,6.87,7.06,6.81,6.91,3346267,0
OPEN.US,D,20180618,000000,6.91,7.00,6.90,6.93,6865605,0
OPEN.US,D,20180619,000000,6.97,7.00,6.80,6.89,4456406,0
OPEN.US,D,20180620,000000,6.89,6.92,6.68,6.70,8917193,0
OPEN.US,D,20180621,000000,6.62,7.12,6.48,7.05,4270974,0
OPEN.US,D,20180622,000000,7.07,7.08,7.00,7.06,7468268,0
OPEN.US,D,20180625,000000,7.04,7.07,7.02,7.03,3198238,0
OPEN.US,D,20180625,000000,7.01,7.02,6.93,6.96,3745244,0
OPEN.US,D,20180625,000000,6.90,6.92,6.48,6.51,5857385,0
OPEN.US,D,20180626,000000,6.49,6.49,6.46,6.47,8974513,0
OPEN.US,D,20180627,000000,6.55,6.59,6.22,6.28,8566020,0
OPEN.US,D,20180628,000000,6.24,6.26,6.04,6.07,7004051,0
OPEN.US,D,20180629,000000,6.07,6.21,6.07,6.18,3775587,0
OPEN.US,D,20180702,000000,6.20,6.49,6.19,6.36,8021330,0
OPEN.US,D,20180702,000000,6.34,6.53,6.28,6.50,5584572,0
OPEN.US,D,20180702,000000,6.48,6.50,6.12,6.21,7729032,0
OPEN.US,D,20180703,000000,6.22,6.45,6.10,6.42,4409319,0
OPEN.US,D,20180704,000000,6.40,6.41,6.30,6.32,8086098,0
OPEN.US,D,20180705,000000,6.21,6.22,6.15,6.19,7845580,0
OPEN.US,D,20180706,000000,6.16,6.45,6.14,6.43,8304232,0
OPEN.US,D,20180709,000000,6.45,6.67,6.42,6.60,6318571,0
OPEN.US,D,20180709,000000,6.61,6.61,6.61,6.61,7481375,0
OPEN.US,D,20180709,000000,6.65,6.67,6.50,6.54,4822628,0
OPEN.US,D,20180710,000000,6.54,6.55,6.42,6.47,3571054,0
OPEN.US,D,20180711,000000,6.45,6.60,6.45,6.52,8885367,0
OPEN.US,D,20180712,000000,6.58,6.59,6.57,6.59,5261054,0
OPEN.US,D,20180713,000000,6.60,6.66,6.44,6.47,6487403,0
OPEN.US,D,20180716,000000,6.50,6.55,6.28,6.28,5811886,0
OPEN.US,D,20180716,000000,6.34,6.35,6.31,6.32,8569762,0
OPEN.US,D,20180716,000000,6.35,6.36,6.32,6.32,3620724,0
OPEN.US,D,20180717,000000,6.38,6.41,6.31,6.32,6011016,0
OPEN.US,D,20180718,000000,6.32,6.52,6.29,6.42,3185945,0
OPEN.US,D,20180719,000000,6.45,6.46,6.39,6.40,8595534,0
OPEN.US,D,20180720,000000,6.39,6.50,6.36,6.50,7877290,0
OPEN.US,D,20180723,000000,6.47,6.48,6.34,6.38,3814889,0
OPEN.US,D,20180723,000000,6.35,6.36,6.33,6.33,8003652,0
OPEN.US,D,20180723,000000,6.32,6.36,6.31,6.36,5930590,0
OPEN.US,D,20180724,000000,6.39,6.40,6.34,6.35,5297037,0
OPEN.US,D,20180725,000000,6.33,6.37,6.33,6.35,5019333,0
OPEN.US,D,20180726,000000,6.33,6.38,6.32,6.36,7306902,0
OPEN.US,D,20180727,000000,6.36,6.38,6.27,6.28,5860677,0
OPEN.US,D,20180730,000000,6.29,6.31,6.11,6.18,8467032,0
OPEN.US,D,20180730,000000,6.21,6.21,6.07,6.11,3047860,0
OPEN.US,D,20180730,000000,6.12,6.25,6.12,6.24,7685674,0
OPEN.US,D,20180731,000000,6.27,6.32,6.27,6.31,3102205,0
OPEN.US,D,20180801,000000,6.35,6.35,6.25,6.28,5751272,0
OPEN.US,D,20180802,000000,6.30,6.33,6.30,6.31,8640726,0
OPEN.US,D,20180803,000000,6.30,6.42,6.26,6.42,6532223,0
OPEN.US,D,20180806,000000,6.45,6.49,6.45,6.49,3125690,0
OPEN.US,D,20180806,000000,6.45,6.76,6.43,6.68,6368907,0
OPEN.US,D,20180806,000000,6.69,6.71,6.62,6.62,8509339,0
OPEN.US,D,20180807,000000,6.60,6.60,6.55,6.55,3067003,0
OPEN.US,D,20180808,000000,6.55,6.61,6.54,6.61,8868395,0
OPEN.US,D,20180809,000000,6.56,6.66,6.51,6.62,8697630,0
OPEN.US,D,20180810,000000,6.62,6.76,6.61,6.74,8275017,0
OPEN.US,D,20180813,000000,6.74,6.81,6.73,6.81,6525655,0
OPEN.US,D,20180813,000000,6.79,6.80,6.66,6.71,6911627,0
OPEN.US,D,20180813,000000,6.73,6.84,6.70,6.81,3908048,0
OPEN.US,D,20180814,000000,6.80,6.86,6.79,6.85,3938745,0
OPEN.US,D,20180815,000000,6.82,6.82,6.70,6.74,4211759,0
OPEN.US,D,20180816,000000,6.77,6.77,6.66,6.69,7627185,0
OPEN.US,D,20180817,000000,6.69,6.90,6.69,6.80,5571706,0
OPEN.US,D,20180820,000000,6.80,6.82,6.80,6.81,4451368,0
OPEN.US,D,20180820,000000,6.84,6.91,6.83,6.90,5905850,0
OPEN.US,D,20180820,000000,6.87,6.99,6.84,6.93,4430318,0
OPEN.US,D,20180821,000000,6.93,6.94,6.83,6.88,7235201,0
OPEN.US,D,20180822,000000,6.90,6.93,6.85,6.86,8012358,0
OPEN.US,D,20180823,000000,6.86,6.86,6.83,6.85,8397407,0
OPEN.US,D,20180824,000000,6.84,6.84,6.81,6.82,5279708,0
OPEN.US,D,20180827,000000,6.82,6.97,6.78,6.94,4744747,0
OPEN.US,D,20180827,000000,6.95,6.97,6.95,6.97,5010242,0
OPEN.US,D,20180827,000000,6.97,7.06,6.95,7.06,6728674,0
OPEN.US,D,20180828,000000,7.01,7.09,7.01,7.05,3065467,0
OPEN.US,D,20180829,000000,7.04,7.05,6.98,6.98,6983469,0
OPEN.US,D,20180830,000000,6.96,7.04,6.93,7.04,3150383,0
OPEN.US,D,20180831,000000,7.05,7.05,7.01,7.02,8006298,0
OPEN.US,D,20180903,000000,7.00,7.00,6.93,6.95,7951635,0
OPEN.US,D,20180903,000000,6.95,6.96,6.91,6.92,6261862,0
OPEN.US,D,20180903,000000,6.94,6.94,6.92,6.93,7702334,0
OPEN.US,D,20180904,000000,6.93,6.96,6.81,6.81,3317749,0
OPEN.US,D,20180905,000000,6.80,6.80,6.78,6.79,8489877,0
OPEN.US,D,20180906,000000,6.77,6.83,6.77,6.80,6537586,0
OPEN.US,D,20180907,000000,6.82,6.83,6.78,6.78,8650688,0
OPEN.US,D,20180910,000000,6.77,6.79,6.77,6.79,7725495,0
OPEN.US,D,20180910,000000,6.80,6.98,6.78,6.96,8430840,0
OPEN.US,D,20180910,000000,6.90,6.91,6.87,6.89,5724068,0
OPEN.US,D,20180911,000000,6.86,6.88,6.76,6.77,7095833,0
OPEN.US,D,20180912,000000,6.75,6.76,6.74,6.74,4706292,0
OPEN.US,D,20180913,000000,6.78,6.79,6.73,6.73,6787449,0
OPEN.US,D,20180914,000000,6.72,6.73,6.67,6.68,8235718,0
OPEN.US,D,20180917,000000,6.67,6.72,6.66,6.71,4330855,0
OPEN.US,D,20180917,000000,6.70,6.72,6.61,6.63,8501414,0
OPEN.US,D,20180917,000000,6.64,6.64,6.63,6.63,4591531,0
OPEN.US,D,20180918,000000,6.63,6.70,6.63,6.69,3590942,0
OPEN.US,D,20180919,000000,6.68,6.68,6.66,6.66,7181415,0
OPEN.US,D,20180920,000000,6.64,6.65,6.58,6.60,5724350,0
OPEN.US,D,20180921,000000,6.58,6.66,6.54,6.64,8387143,0
OPEN.US,D,20180924,000000,6.68,6.86,6.67,6.84,7442235,0
OPEN.US,D,20180924,000000,6.86,6.88,6.71,6.77,3597521,0
OPEN.US,D,20180924,000000,6.78,6.78,6.77,6.78,5707683,0
OPEN.US,D,20180925,000000,6.76,6.79,6.76,6.78,3384451,0
OPEN.US,D,20180926,000000,6.80,6.90,6.79,6.85,3950423,0
OPEN.US,D,20180927,000000,6.84,6.86,6.83,6.86,3362712,0
OPEN.US,D,20180928,000000,6.85,6.86,6.85,6.86,5070410,0
OPEN.US,D,20181001,000000,6.86,6.87,6.85,6.85,5675319,0
OPEN.US,D,20181001,000000,6.88,6.89,6.81,6.82,4369427,0
OPEN.US,D,20181001,000000,6.79,6.89,6.79,6.87,4723580,0
OPEN.US,D,20181002,000000,6.85,6.96,6.84,6.94,3259127,0
OPEN.US,D,20181003,000000,6.95,6.96,6.93,6.94,4276736,0
OPEN.US,D,20181004,000000,6.93,6.99,6.93,6.97,5670124,0
OPEN.US,D,20181005,000000,6.98,6.99,6.92,6.94,6927040,0
OPEN.US,D,20181008,000000,6.92,6.93,6.89,6.91,7745737,0
OPEN.US,D,20181008,000000,6.90,6.91,6.85,6.86,3263702,0
OPEN.US,D,20181008,000000,6.86,6.87,6.84,6.85,6127323,0
OPEN.US,D,20181009,000000,6.85,6.94,6.85,6.93,3782682,0
OPEN.US,D,20181010,000000,6.93,6.98,6.93,6.97,4751094,0
OPEN.US,D,20181011,000000,6.96,7.00,6.95,7.00,6334303,0
OPEN.US,D,20181012,000000,7.01,7.01,6.92,6.95,8544106,0
OPEN.US,D,20181015,000000,6.94,6.95,6.94,6.95,7964849,0
OPEN.US,D,20181015,000000,6.94,6.97,6.94,6.97,4293578,0
OPEN.US,D,20181015,000000,6.97,7.16,6.95,7.07,7281101,0
OPEN.US,D,20181016,000000,7.05,7.08,7.05,7.05,4278536,0
OPEN.US,D,20181017,000000,7.08,7.21,7.08,7.17,4791350,0
OPEN.US,D,20181018,000000,7.08,7.32,7.06,7.22,3025604,0
OPEN.US,D,20181019,000000,7.27,7.30,7.10,7.12,8808038,0
OPEN.US,D,20181022,000000,7.13,7.14,7.06,7.06,8820357,0
OPEN.US,D,20181022,000000,7.11,7.14,7.11,7.13,4202500,0
OPEN.US,D,20181022,000000,7.13,7.13,7.01,7.03,4184034,0
OPEN.US,D,20181023,000000,6.96,7.20,6.94,7.15,3702801,0
OPEN.US,D,20181024,000000,7.17,7.17,7.10,7.13,6334632,0
OPEN.US,D,20181025,000000,7.15,7.17,7.06,7.09,8455131,0
OPEN.US,D,20181026,000000,7.05,7.06,6.97,6.98,3470010,0
OPEN.US,D,20181029,000000,6.97,7.07,6.96,7.05,8530284,0
OPEN.US,D,20181029,000000,7.08,7.19,7.06,7.16,8684536,0
OPEN.US,D,20181029,000000,7.20,7.24,7.04,7.08,3828739,0
OPEN.US,D,20181030,000000,7.09,7.10,7.09,7.10,4597014,0
OPEN.US,D,20181031,000000,7.10,7.23,7.06,7.20,5655346,0
OPEN.US,D,20181101,000000,7.21,7.21,7.21,7.21,7587522,0
OPEN.US,D,20181102,000000,7.21,7.27,7.20,7.25,4780628,0
OPEN.US,D,20181105,000000,7.25,7.25,7.24,7.25,5946616,0
OPEN.US,D,20181105,000000,7.25,7.28,7.17,7.19,6667690,0
OPEN.US,D,20181105,000000,7.23,7.24,7.19,7.20,3705551,0
OPEN.US,D,20181106,000000,7.21,7.55,7.21,7.53,3466744,0
OPEN.US,D,20181107,000000,7.50,7.63,7.45,7.60,8339580,0
OPEN.US,D,20181108,000000,7.67,7.68,7.60,7.62,7482615,0
OPEN.US,D,20181109,000000,7.65,7.67,7.47,7.52,4823619,0
OPEN.US,D,20181112,000000,7.51,7.56,7.49,7.55,4269199,0
OPEN.US,D,20181112,000000,7.57,7.73,7.56,7.67,5504816,0
OPEN.US,D,20181112,000000,7.71,7.72,7.61,7.64,4296233,0
OPEN.US,D,20181113,000000,7.62,7.64,7.49,7.52,3516364,0
OPEN.US,D,20181114,000000,7.54,7.80,7.51,7.71,3931381,0
OPEN.US,D,20181115,000000,7.74,7.75,7.74,7.75,6025317,0
OPEN.US,D,20181116,000000,7.75,7.88,7.74,7.87,3936910,0
OPEN.US,D,20181119,000000,7.89,7.94,7.89,7.93,5329614,0
OPEN.US,D,20181119,000000,7.91,8.11,7.86,8.02,8910356,0
OPEN.US,D,20181119,000000,8.05,8.05,7.97,8.00,5843579,0
OPEN.US,D,20181120,000000,8.00,8.06,7.98,8.05,8602307,0
OPEN.US,D,20181121,000000,8.06,8.07,7.99,8.02,6451115,0
OPEN.US,D,20181122,000000,8.00,8.16,7.97,8.09,6880833,0
OPEN.US,D,20181123,000000,8.07,8.10,8.07,8.08,4197736,0
OPEN.US,D,20181126,000000,8.08,8.16,8.07,8.15,8920000,0
OPEN.US,D,20181126,000000,8.11,8.12,8.07,8.09,6006296,0
OPEN.US,D,20181126,000000,8.10,8.33,8.07,8.20,6919618,0
OPEN.US,D,20181127,000000,8.18,8.37,8.18,8.29,4543243,0
OPEN.US,D,20181128,000000,8.23,8.35,8.19,8.30,5631037,0
OPEN.US,D,20181129,000000,8.32,8.55,8.28,8.48,3525491,0
OPEN.US,D,20181130,000000,8.46,8.47,8.39,8.41,6250672,0
OPEN.US,D,20181203,000000,8.39,8.50,8.37,8.48,8643416,0
OPEN.US,D,20181203,000000,8.48,8.58,8.48,8.57,7142479,0
OPEN.US,D,20181203,000000,8.55,8.58,8.45,8.47,8651646,0
OPEN.US,D,20181204,000000,8.48,8.49,8.41,8.43,7057072,0
OPEN.US,D,20181205,000000,8.43,8.49,8.40,8.47,7471824,0
OPEN.US,D,20181206,000000,8.47,8.47,8.46,8.46,8008085,0
OPEN.US,D,20181207,000000,8.46,8.66,8.46,8.58,5301441,0
OPEN.US,D,20181210,000000,8.59,8.60,8.59,8.60,5891987,0
OPEN.US,D,20181210,000000,8.60,8.61,8.53,8.54,5350707,0
OPEN.US,D,20181210,000000,8.50,8.57,8.49,8.54,3118740,0
OPEN.US,D,20181211,000000,8.53,8.55,8.41,8.43,7198451,0
OPEN.US,D,20181212,000000,8.47,8.49,8.40,8.40,4032136,0
OPEN.US,D,20181213,000000,8.41,8.44,8.40,8.43,7794566,0
OPEN.US,D,20181214,000000,8.43,8.43,8.40,8.41,3419441,0
OPEN.US,D,20181217,000000,8.40,8.48,8.40,8.48,7180088,0
OPEN.US,D,20181217,000000,8.50,8.51,8.42,8.44,8471633,0
OPEN.US,D,20181217,000000,8.49,8.49,8.47,8.47,7457212,0
OPEN.US,D,20181218,000000,8.41,8.45,8.41,8.45,8273604,0
OPEN.US,D,20181219,000000,8.49,8.50,8.47,8.48,4199262,0
OPEN.US,D,20181220,000000,8.53,8.54,8.28,8.35,7570958,0
OPEN.US,D,20181221,000000,8.37,8.41,8.36,8.40,7452646,0
OPEN.US,D,20181224,000000,8.39,8.47,8.38,8.46,7985360,0
OPEN.US,D,20181224,000000,8.46,8.67,8.44,8.66,7580219,0
OPEN.US,D,20181224,000000,8.67,8.67,8.65,8.66,8276262,0
OPEN.US,D,20181225,000000,8.63,8.86,8.56,8.79,4962153,0
OPEN.US,D,20181226,000000,8.77,9.04,8.76,8.97,8334933,0
OPEN.US,D,20181227,000000,8.99,9.05,8.98,9.03,5213091,0
OPEN.US,D,20181228,000000,9.08,9.09,9.03,9.05,3339859,0
OPEN.US,D,20181231,000000,9.04,9.08,9.00,9.06,8841080,0
OPEN.US,D,20181231,000000,9.03,9.41,8.94,9.26,4939058,0
OPEN.US,D,20181231,000000,9.24,9.37,9.23,9.34,4891638,0
OPEN.US,D,20190101,000000,9.34,9.36,9.34,9.35,5780610,0
OPEN.US,D,20190102,000000,9.34,9.34,9.30,9.31,4040346,0
OPEN.US,D,20190103,000000,9.33,9.34,9.13,9.19,4374282,0
OPEN.US,D,20190104,000000,9.20,9.20,9.15,9.15,8709552,0
OPEN.US,D,20190107,000000,9.16,9.17,9.04,9.11,6026869,0
OPEN.US,D,20190107,000000,9.09,9.09,9.00,9.01,4734625,0
OPEN.US,D,20190107,000000,9.00,9.09,8.99,9.07,4053704,0
OPEN.US,D,20190108,000000,9.07,9.21,9.07,9.16,3274022,0
OPEN.US,D,20190109,000000,9.16,9.17,9.08,9.11,7474389,0
OPEN.US,D,20190110,000000,9.14,9.16,9.14,9.15,5215995,0
OPEN.US,D,20190111,000000,9.12,9.27,9.11,9.27,5154885,0
OPEN.US,D,20190114,000000,9.26,9.26,9.19,9.20,8716157,0
OPEN.US,D,20190114,000000,9.20,9.21,9.15,9.17,8140848,0
OPEN.US,D,20190114,000000,9.18,9.19,9.17,9.17,6394171,0
OPEN.US,D,20190115,000000,9.17,9.19,9.17,9.19,5133185,0
OPEN.US,D,20190116,000000,9.21,9.30,9.18,9.29,5687571,0
OPEN.US,D,20190117,000000,9.33,9.40,9.31,9.37,6943330,0
OPEN.US,D,20190118,000000,9.32,9.34,9.30,9.34,8101895,0
OPEN.US,D,20190121,000000,9.27,9.28,9.21,9.22,5761124,0
OPEN.US,D,20190121,000000,9.19,9.22,9.18,9.22,3106619,0
OPEN.US,D,20190121,000000,9.20,9.34,9.16,9.32,3090508,0
OPEN.US,D,20190122,000000,9.37,9.46,9.33,9.34,8306774,0
OPEN.US,D,20190123,000000,9.32,9.33,9.32,9.32,4561949,0
OPEN.US,D,20190124,000000,9.35,9.35,9.30,9.31,3806625,0
OPEN.US,D,20190125,000000,9.35,9.36,9.33,9.35,8545175,0
OPEN.US,D,20190128,000000,9.36,9.44,9.36,9.42,8285000,0
OPEN.US,D,20190128,000000,9.41,9.41,9.39,9.40,8422780,0
OPEN.US,D,20190128,000000,9.44,9.58,9.43,9.56,4791595,0
OPEN.US,D,20190129,000000,9.56,9.56,9.50,9.53,3680591,0
OPEN.US,D,20190130,000000,9.53,9.54,9.50,9.51,6748805,0
OPEN.US,D,20190131,000000,9.49,9.50,9.48,9.49,5485228,0
OPEN.US,D,20190201,000000,9.52,9.56,9.51,9.55,4510915,0
OPEN.US,D,20190204,000000,9.57,9.66,9.55,9.65,7210729,0
OPEN.US,D,20190204,000000,9.69,9.70,9.61,9.63,5167708,0
OPEN.US,D,20190204,000000,9.65,9.70,9.64,9.68,5892904,0
OPEN.US,D,20190205,000000,9.65,9.82,9.63,9.75,6915647,0
OPEN.US,D,20190206,000000,9.80,9.82,9.68,9.75,8958882,0
OPEN.US,D,20190207,000000,9.72,9.80,9.48,9.55,4000205,0
OPEN.US,D,20190208,000000,9.53,9.54,9.52,9.53,5412778,0
OPEN.US,D,20190211,000000,9.48,9.60,9.46,9.59,4399277,0
OPEN.US,D,20190211,000000,9.53,9.60,9.52,9.59,6965384,0
OPEN.US,D,20190211,000000,9.60,9.61,9.54,9.56,8093803,0
OPEN.US,D,20190212,000000,9.51,9.86,9.45,9.82,5507331,0
OPEN.US,D,20190213,000000,9.87,9.87,9.86,9.87,4594500,0
OPEN.US,D,20190214,000000,9.88,9.96,9.87,9.95,3055450,0
OPEN.US,D,20190215,000000,9.92,9.93,9.89,9.90,8501725,0
OPEN.US,D,20190218,000000,9.88,9.96,9.88,9.94,6410541,0
OPEN.US,D,20190218,000000,9.93,9.94,9.91,9.93,7796089,0
OPEN.US,D,20190218,000000,9.94,9.98,9.83,9.86,5496176,0
OPEN.US,D,20190219,000000,9.89,9.91,9.74,9.77,4448901,0
OPEN.US,D,20190220,000000,9.73,9.76,9.67,9.69,8864418,0
OPEN.US,D,20190221,000000,9.70,9.82,9.69,9.81,7153864,0
OPEN.US,D,20190222,000000,9.74,9.82,9.70,9.73,8475394,0
OPEN.US,D,20190225,000000,9.70,9.89,9.66,9.88,6058273,0
OPEN.US,D,20190225,000000,9.96,10.00,9.95,10.00,3885582,0
OPEN.US,D,20190225,000000,9.97,10.11,9.97,10.07,3987175,0
OPEN.US,D,20190226,000000,10.06,10.16,10.04,10.11,7439129,0
OPEN.US,D,20190227,000000,10.12,10.28,10.09,10.22,4127591,0
OPEN.US,D,20190228,000000,10.18,10.31,10.14,10.30,8872736,0
OPEN.US,D,20190301,000000,10.34,10.39,10.30,10.31,8789173,0
OPEN.US,D,20190304,000000,10.23,10.25,10.19,10.22,7836863,0
OPEN.US,D,20190304,000000,10.25,10.25,10.19,10.20,3135051,0
OPEN.US,D,20190304,000000,10.21,10.30,10.07,10.09,7849692,0
OPEN.US,D,20190305,000000,10.06,10.06,10.03,10.03,7455174,0
OPEN.US,D,20190306,000000,10.03,10.04,9.95,9.98,8141924,0
OPEN.US,D,20190307,000000,9.87,10.34,9.77,10.20,3061119,0
OPEN.US,D,20190308,000000,10.20,10.22,10.06,10.15,8721568,0
OPEN.US,D,20190311,000000,10.16,10.41,10.16,10.31,4427855,0
OPEN.US,D,20190311,000000,10.37,10.38,10.28,10.30,5429679,0
OPEN.US,D,20190311,000000,10.32,10.42,10.32,10.41,4997110,0
OPEN.US,D,20190312,000000,10.40,10.48,10.38,10.47,8487643,0
OPEN.US,D,20190313,000000,10.53,10.54,10.53,10.54,3870513,0
OPEN.US,D,20190314,000000,10.59,10.65,10.45,10.49,4166531,0
OPEN.US,D,20190315,000000,10.51,10.57,10.36,10.41,6473897,0
OPEN.US,D,20190318,000000,10.37,10.63,10.35,10.57,5894951,0
OPEN.US,D,20190318,000000,10.53,10.99,10.49,10.82,3742893,0
OPEN.US,D,20190318,000000,10.84,10.88,10.83,10.87,7261485,0
OPEN.US,D,20190319,000000,10.81,10.96,10.79,10.92,4512708,0
OPEN.US,D,20190320,000000,10.91,10.96,10.38,10.62,6653734,0
OPEN.US,D,20190321,000000,10.62,10.64,10.35,10.42,7869854,0
OPEN.US,D,20190322,000000,10.45,10.49,10.13,10.16,6275569,0
OPEN.US,D,20190325,000000,10.18,10.23,10.18,10.22,8891484,0
OPEN.US,D,20190325,000000,10.20,10.21,10.20,10.21,6681017,0
OPEN.US,D,20190325,000000,10.22,10.22,10.13,10.17,6318785,0
OPEN.US,D,20190326,000000,10.11,10.19,10.10,10.17,7467021,0
OPEN.US,D,20190327,000000,10.13,10.32,10.12,10.29,6659958,0
OPEN.US,D,20190328,000000,10.36,10.57,10.33,10.56,5038051,0
OPEN.US,D,20190329,000000,10.50,10.66,10.50,10.63,7021665,0
OPEN.US,D,20190401,000000,10.59,10.62,10.59,10.61,3602645,0
OPEN.US,D,20190401,000000,10.57,10.72,10.57,10.66,5431518,0
OPEN.US,D,20190401,000000,10.65,10.81,10.61,10.74,8827262,0
OPEN.US,D,20190402,000000,10.73,10.73,10.70,10.70,8119640,0
OPEN.US,D,20190403,000000,10.68,10.71,10.62,10.66,7936400,0
OPEN.US,D,20190404,000000,10.64,10.64,10.60,10.61,3340563,0
OPEN.US,D,20190405,000000,10.62,10.62,10.61,10.61,5270019,0
OPEN.US,D,20190408,000000,10.63,10.63,10.60,10.60,8462405,0
OPEN.US,D,20190408,000000,10.58,10.61,10.52,10.53,3591827,0
OPEN.US,D,20190408,000000,10.55,10.57,10.55,10.57,3696267,0
OPEN.US,D,20190409,000000,10.58,10.58,10.54,10.54,8170237,0
OPEN.US,D,20190410,000000,10.54,10.80,10.53,10.74,8320565,0
OPEN.US,D,20190411,000000,10.72,10.74,10.71,10.73,3044481,0
OPEN.US,D,20190412,000000,10.74,10.88,10.70,10.88,4519059,0
OPEN.US,D,20190415,000000,10.93,10.94,10.82,10.88,6075732,0
OPEN.US,D,20190415,000000,10.88,10.91,10.66,10.69,6210117,0
OPEN.US,D,20190415,000000,10.72,10.75,10.52,10.59,6039048,0
OPEN.US,D,20190416,000000,10.60,10.62,10.60,10.61,7911849,0
OPEN.US,D,20190417,000000,10.57,10.62,10.57,10.62,5393331,0
OPEN.US,D,20190418,000000,10.58,10.68,10.52,10.65,6504615,0
OPEN.US,D,20190419,000000,10.62,10.64,10.62,10.64,8849585,0
OPEN.US,D,20190422,000000,10.66,10.66,10.64,10.66,7039586,0
OPEN.US,D,20190422,000000,10.68,10.81,10.66,10.81,8348086,0
OPEN.US,D,20190422,000000,10.82,10.86,10.81,10.86,7426314,0
OPEN.US,D,20190423,000000,10.87,10.97,10.87,10.97,5352790,0
OPEN.US,D,20190424,000000,10.92,10.92,10.91,10.91,8985759,0
OPEN.US,D,20190425,000000,10.97,10.97,10.86,10.92,6825840,0
OPEN.US,D,20190426,000000,10.84,10.90,10.58,10.58,4081027,0
OPEN.US,D,20190429,000000,10.63,10.67,10.51,10.59,6139570,0
OPEN.US,D,20190429,000000,10.56,10.76,10.54,10.76,6214053,0
OPEN.US,D,20190429,000000,10.76,10.82,10.66,10.72,6848203,0
OPEN.US,D,20190430,000000,10.74,10.74,10.59,10.61,8532580,0
OPEN.US,D,20190501,000000,10.62,10.68,10.16,10.26,4358023,0
OPEN.US,D,20190502,000000,10.22,10.78,10.12,10.51,7671996,0
OPEN.US,D,20190503,000000,10.40,10.51,10.38,10.51,7639942,0
OPEN.US,D,20190506,000000,10.54,10.55,10.40,10.42,7897401,0
OPEN.US,D,20190506,000000,10.40,10.58,10.38,10.48,4641602,0
OPEN.US,D,20190506,000000,10.53,10.55,10.43,10.47,8233146,0
OPEN.US,D,20190507,000000,10.48,10.49,10.46,10.48,4977247,0
OPEN.US,D,20190508,000000,10.47,10.67,10.37,10.60,3149296,0
OPEN.US,D,20190509,000000,10.54,10.56,9.95,10.19,3546831,0
OPEN.US,D,20190510,000000,10.21,10.23,10.21,10.23,7116603,0
OPEN.US,D,20190513,000000,10.25,10.26,10.22,10.23,8321167,0
OPEN.US,D,20190513,000000,10.28,10.48,10.26,10.40,5100323,0
OPEN.US,D,20190513,000000,10.45,10.66,10.41,10.55,3354052,0
OPEN.US,D,20190514,000000,10.56,10.71,10.30,10.40,8829485,0
OPEN.US,D,20190515,000000,10.46,10.67,10.46,10.63,5436660,0
OPEN.US,D,20190516,000000,10.62,10.66,10.36,10.40,6924824,0
OPEN.US,D,20190517,000000,10.40,10.43,10.28,10.32,7124044,0
OPEN.US,D,20190520,000000,10.29,10.42,10.27,10.39,4291615,0
OPEN.US,D,20190520,000000,10.33,10.49,10.24,10.48,6271922,0
OPEN.US,D,20190520,000000,10.42,10.51,10.38,10.49,5281965,0
OPEN.US,D,20190521,000000,10.50,10.57,10.48,10.55,3712863,0
OPEN.US,D,20190522,000000,10.57,10.69,10.55,10.67,7199354,0
OPEN.US,D,20190523,000000,10.68,10.70,10.67,10.69,3259236,0
OPEN.US,D,20190524,000000,10.69,10.69,10.67,10.68,6548192,0
OPEN.US,D,20190527,000000,10.71,10.71,10.62,10.65,4197431,0
OPEN.US,D,20190527,000000,10.66,10.66,10.64,10.66,7835277,0
OPEN.US,D,20190527,000000,10.63,10.65,10.57,10.60,3059038,0
OPEN.US,D,20190528,000000,10.60,10.60,10.57,10.60,3359572,0
OPEN.US,D,20190529,000000,10.62,10.65,10.62,10.64,3230148,0
OPEN.US,D,20190530,000000,10.63,10.71,10.63,10.67,8560809,0
OPEN.US,D,20190531,000000,10.68,10.77,10.66,10.72,5094558,0
OPEN.US,D,20190603,000000,10.69,10.69,10.64,10.67,8970641,0
OPEN.US,D,20190603,000000,10.65,10.90,10.61,10.78,7666612,0
OPEN.US,D,20190603,000000,10.82,10.82,10.76,10.78,4637220,0
OPEN.US,D,20190604,000000,10.83,11.17,10.77,11.05,3723916,0
OPEN.US,D,20190605,000000,11.01,11.13,11.00,11.10,3740779,0
OPEN.US,D,20190606,000000,11.13,11.15,10.97,11.03,6343344,0
OPEN.US,D,20190607,000000,11.00,11.02,10.77,10.86,4509925,0
OPEN.US,D,20190610,000000,10.87,10.93,10.87,10.92,4618213,0
OPEN.US,D,20190610,000000,10.92,10.92,10.89,10.90,6749317,0
OPEN.US,D,20190610,000000,10.91,10.96,10.70,10.75,8673359,0
OPEN.US,D,20190611,000000,10.77,10.80,10.70,10.72,6517444,0
OPEN.US,D,20190612,000000,10.71,10.76,10.70,10.72,8089283,0
OPEN.US,D,20190613,000000,10.71,10.84,10.69,10.81,4695663,0
OPEN.US,D,20190614,000000,10.79,10.93,10.75,10.90,7533310,0
OPEN.US,D,20190617,000000,10.92,10.93,10.77,10.80,3675899,0
OPEN.US,D,20190617,000000,10.80,11.11,10.78,11.02,5795208,0
OPEN.US,D,20190617,000000,11.04,11.04,10.92,10.95,7930689,0
OPEN.US,D,20190618,000000,10.97,10.98,10.96,10.97,8988324,0
OPEN.US,D,20190619,000000,10.94,11.01,10.92,10.99,8713552,0
OPEN.US,D,20190620,000000,11.08,11.15,11.05,11.14,7178205,0
OPEN.US,D,20190621,000000,11.11,11.11,11.07,11.08,3096071,0
OPEN.US,D,20190624,000000,11.06,11.07,11.06,11.06,8117890,0
OPEN.US,D,20190624,000000,11.01,11.06,10.99,11.06,6046788,0
OPEN.US,D,20190624,000000,11.01,11.03,10.96,10.98,3154209,0
OPEN.US,D,20190625,000000,10.95,11.00,10.84,10.90,6348603,0
OPEN.US,D,20190626,000000,10.88,10.97,10.87,10.90,3101069,0
OPEN.US,D,20190627,000000,10.79,11.45,10.73,11.18,6600789,0
OPEN.US,D,20190628,000000,11.36,11.59,11.35,11.53,8253930,0
OPEN.US,D,20190701,000000,11.46,11.48,11.38,11.39,7053419,0
OPEN.US,D,20190701,000000,11.28,11.91,11.20,11.67,7141772,0
OPEN.US,D,20190701,000000,11.58,12.34,11.40,12.15,4034933,0
OPEN.US,D,20190702,000000,12.10,12.53,12.08,12.46,8796926,0
OPEN.US,D,20190703,000000,12.66,12.73,12.30,12.36,6412543,0
OPEN.US,D,20190704,000000,12.46,12.46,12.36,12.37,6083053,0
OPEN.US,D,20190705,000000,12.22,12.43,12.18,12.34,4078189,0
OPEN.US,D,20190708,000000,12.25,12.67,12.14,12.55,8087996,0
OPEN.US,D,20190708,000000,12.53,13.20,12.53,13.00,3484857,0
OPEN.US,D,20190708,000000,12.89,12.92,12.81,12.87,4941862,0
OPEN.US,D,20190709,000000,12.77,12.78,12.04,12.20,8262432,0
OPEN.US,D,20190710,000000,12.32,12.35,12.24,12.26,8401306,0
OPEN.US,D,20190711,000000,12.11,12.72,11.92,12.50,7953765,0
OPEN.US,D,20190712,000000,12.80,12.88,12.62,12.72,8893743,0
OPEN.US,D,20190715,000000,12.79,13.18,12.78,13.01,8300471,0
OPEN.US,D,20190715,000000,13.20,13.32,12.96,13.04,6738827,0
OPEN.US,D,20190715,000000,13.17,13.30,12.79,12.83,7792716,0
OPEN.US,D,20190716,000000,12.60,12.61,12.42,12.43,5511140,0
OPEN.US,D,20190717,000000,12.50,12.62,12.49,12.51,3344611,0
OPEN.US,D,20190718,000000,12.38,12.47,12.13,12.21,8245736,0
OPEN.US,D,20190719,000000,12.33,12.51,12.29,12.48,4686156,0
OPEN.US,D,20190722,000000,12.62,13.04,12.39,12.99,8466631,0
OPEN.US,D,20190722,000000,13.25,13.33,12.78,12.83,8710480,0
OPEN.US,D,20190722,000000,12.87,12.89,12.82,12.84,4903103,0
OPEN.US,D,20190723,000000,12.79,12.79,12.74,12.78,7812366,0
OPEN.US,D,20190724,000000,12.75,12.77,12.26,12.38,7817064,0
OPEN.US,D,20190725,000000,12.44,12.47,11.63,11.81,4119390,0
OPEN.US,D,20190726,000000,11.74,12.38,11.74,12.21,5446070,0
OPEN.US,D,20190729,000000,12.07,12.52,11.93,12.41,6373638,0
OPEN.US,D,20190729,000000,12.54,12.55,12.34,12.38,3130005,0
OPEN.US,D,20190729,000000,12.39,12.76,12.29,12.72,7332172,0
OPEN.US,D,20190730,000000,12.77,12.91,12.76,12.81,5860429,0
OPEN.US,D,20190731,000000,12.56,13.76,12.34,13.57,3438096,0
OPEN.US,D,20190801,000000,13.64,13.76,13.21,13.32,7149892,0
OPEN.US,D,20190802,000000,13.10,13.14,13.01,13.08,4154624,0
OPEN.US,D,20190805,000000,13.07,14.29,13.06,13.89,6138499,0
OPEN.US,D,20190805,000000,13.57,13.91,13.07,13.18,3565741,0
OPEN.US,D,20190805,000000,13.20,13.27,12.31,12.47,4762696,0
OPEN.US,D,20190806,000000,12.65,12.87,12.64,12.83,7123218,0
OPEN.US,D,20190807,000000,12.76,12.85,12.45,12.46,3265835,0
OPEN.US,D,20190808,000000,12.36,12.94,12.12,12.88,8705172,0
OPEN.US,D,20190809,000000,12.91,13.01,12.20,12.39,6920532,0
OPEN.US,D,20190812,000000,12.52,12.54,12.30,12.38,8660375,0
OPEN.US,D,20190812,000000,12.50,12.52,12.29,12.38,4374817,0
OPEN.US,D,20190812,000000,12.37,13.17,12.13,13.14,8024031,0
OPEN.US,D,20190813,000000,12.93,13.12,12.17,12.45,7286754,0
OPEN.US,D,20190814,000000,12.56,13.31,12.54,12.97,4572706,0
OPEN.US,D,20190815,000000,12.82,12.94,12.80,12.91,5596502,0
OPEN.US,D,20190816,000000,12.86,13.12,12.83,13.10,5198568,0
OPEN.US,D,20190819,000000,12.95,13.21,12.85,13.14,7536299,0
OPEN.US,D,20190819,000000,13.03,13.22,13.00,13.14,8425614,0
OPEN.US,D,20190819,000000,13.12,13.16,12.41,12.64,8300928,0
OPEN.US,D,20190820,000000,12.80,13.25,12.74,13.07,5303224,0
OPEN.US,D,20190821,000000,13.15,13.60,13.10,13.54,5763214,0
OPEN.US,D,20190822,000000,13.69,13.90,12.76,12.98,3108588,0
OPEN.US,D,20190823,000000,12.55,13.26,12.54,13.26,3825144,0
OPEN.US,D,20190826,000000,12.93,12.99,11.95,12.34,4257684,0
OPEN.US,D,20190826,000000,12.42,12.55,12.39,12.47,7714252,0
OPEN.US,D,20190826,000000,12.31,12.38,11.19,11.38,4042900,0
OPEN.US,D,20190827,000000,11.36,12.08,11.30,11.72,8750983,0
OPEN.US,D,20190828,000000,11.64,11.80,11.23,11.43,3918992,0
OPEN.US,D,20190829,000000,11.62,11.63,11.17,11.27,4727198,0
OPEN.US,D,20190830,000000,11.24,11.64,11.16,11.60,6281655,0
OPEN.US,D,20190902,000000,11.61,11.68,11.53,11.58,6041782,0
OPEN.US,D,20190902,000000,11.56,12.69,11.55,12.31,6876256,0
OPEN.US,D,20190902,000000,12.54,12.57,12.54,12.54,3977334,0
OPEN.US,D,20190903,000000,12.44,12.64,12.42,12.60,8679338,0
OPEN.US,D,20190904,000000,12.57,12.60,12.26,12.34,7236459,0
OPEN.US,D,20190905,000000,12.38,12.39,12.06,12.09,9595507,0
OPEN.US,D,20190906,000000,12.08,12.30,11.79,11.80,17560628,0
OPEN.US,D,20190909,000000,11.57,11.61,11.31,11.33,18087174,0
OPEN.US,D,20190909,000000,11.16,11.24,10.66,10.72,14232540,0
OPEN.US,D,20190909,000000,10.55,10.62,10.22,10.29,20367238,0
OPEN.US,D,20190910,000000,10.48,10.75,9.23,9.77,19694658,0
OPEN.US,D,20190911,000000,9.71,9.79,9.36,9.38,16846462,0
OPEN.US,D,20190912,000000,9.34,9.69,8.76,8.78,18711880,0
OPEN.US,D,20190913,000000,8.70,8.70,7.98,8.12,27994927,0
OPEN.US,D,20190916,000000,7.95,7.99,7.57,7.59,22232714,0
OPEN.US,D,20190916,000000,7.63,7.67,7.16,7.21,32673640,0
OPEN.US,D,20190916,000000,7.09,7.22,6.72,6.74,25886023,0
OPEN.US,D,20190917,000000,6.58,6.77,6.16,6.16,26145674,0
OPEN.US,D,20190918,000000,6.11,6.47,6.11,6.33,5845327,0
OPEN.US,D,20190919,000000,6.27,6.63,6.24,6.56,7143031,0
OPEN.US,D,20190920,000000,6.58,6.78,6.46,6.72,7152116,0
OPEN.US,D,20190923,000000,6.55,7.01,6.44,6.99,7202628,0
OPEN.US,D,20190923,000000,6.89,7.23,6.89,7.22,4929242,0
OPEN.US,D,20190923,000000,7.05,7.45,7.03,7.38,8842541,0
OPEN.US,D,20190924,000000,7.40,7.85,7.39,7.84,5704335,0
OPEN.US,D,20190925,000000,7.82,8.40,7.78,8.18,5644921,0
OPEN.US,D,20190926,000000,8.19,8.39,8.10,8.36,8720852,0
OPEN.US,D,20190927,000000,8.47,8.51,7.98,8.06,4826637,0
OPEN.US,D,20190930,000000,8.07,8.24,8.04,8.19,5728553,0
OPEN.US,D,20190930,000000,8.28,8.31,7.77,8.05,8266017,0
OPEN.US,D,20190930,000000,8.00,8.01,7.76,7.78,6881748,0
OPEN.US,D,20191001,000000,7.78,7.92,7.74,7.85,7382287,0
OPEN.US,D,20191002,000000,7.95,8.00,7.27,7.38,5013311,0
OPEN.US,D,20191003,000000,7.49,7.52,7.39,7.45,6318530,0
OPEN.US,D,20191004,000000,7.46,7.64,6.37,6.69,8152326,0
OPEN.US,D,20191007,000000,6.62,6.62,6.04,6.10,4167387,0
OPEN.US,D,20191007,000000,6.12,6.16,6.10,6.16,6943824,0
OPEN.US,D,20191007,000000,6.12,6.21,6.07,6.17,6218018,0
OPEN.US,D,20191008,000000,6.23,6.25,6.19,6.19,4184049,0
OPEN.US,D,20191009,000000,6.12,6.12,6.04,6.06,8323856,0
OPEN.US,D,20191010,000000,6.00,6.19,5.91,6.19,3766895,0
OPEN.US,D,20191011,000000,6.20,6.48,6.19,6.43,3046077,0
OPEN.US,D,20191014,000000,6.41,6.64,6.40,6.58,7747789,0
OPEN.US,D,20191014,000000,6.72,6.78,6.64,6.64,5558774,0
OPEN.US,D,20191014,000000,6.69,6.70,6.54,6.61,3076418,0
OPEN.US,D,20191015,000000,6.69,6.72,6.57,6.61,4236316,0
OPEN.US,D,20191016,000000,6.65,6.66,6.54,6.54,6048957,0
OPEN.US,D,20191017,000000,6.50,7.05,6.34,6.92,6765777,0
OPEN.US,D,20191018,000000,6.71,7.10,6.70,7.04,3608086,0
OPEN.US,D,20191021,000000,7.11,7.26,7.02,7.23,4035837,0
OPEN.US,D,20191021,000000,7.20,7.66,6.94,7.65,7967003,0
OPEN.US,D,20191021,000000,7.56,7.75,7.51,7.68,4970753,0
OPEN.US,D,20191022,000000,7.61,7.77,7.57,7.77,8797092,0
OPEN.US,D,20191023,000000,7.73,7.73,7.72,7.73,6165290,0
OPEN.US,D,20191024,000000,7.84,7.86,7.83,7.85,8299531,0
OPEN.US,D,20191025,000000,7.87,8.08,7.85,8.05,7440420,0
OPEN.US,D,20191028,000000,8.07,8.22,8.06,8.20,5420523,0
OPEN.US,D,20191028,000000,8.02,8.06,7.67,7.72,4597631,0
OPEN.US,D,20191028,000000,7.76,7.81,7.68,7.73,4489293,0
OPEN.US,D,20191029,000000,7.81,7.96,7.78,7.89,4356047,0
OPEN.US,D,20191030,000000,7.95,8.55,7.88,8.40,8865043,0
OPEN.US,D,20191031,000000,8.39,8.67,8.35,8.67,4049949,0
OPEN.US,D,20191101,000000,8.76,8.94,8.75,8.90,3497800,0
OPEN.US,D,20191104,000000,8.82,8.99,8.36,8.45,5804029,0
OPEN.US,D,20191104,000000,8.53,8.59,8.53,8.57,6882479,0
OPEN.US,D,20191104,000000,8.63,8.64,8.57,8.59,3776190,0
OPEN.US,D,20191105,000000,8.62,8.95,8.53,8.80,7212624,0
OPEN.US,D,20191106,000000,8.82,8.83,8.74,8.75,4921248,0
OPEN.US,D,20191107,000000,8.73,9.28,8.66,9.13,8980206,0
OPEN.US,D,20191108,000000,9.13,9.14,9.13,9.14,3478050,0
OPEN.US,D,20191111,000000,9.18,9.21,9.04,9.10,3851483,0
OPEN.US,D,20191111,000000,8.98,9.51,8.89,9.37,4025741,0
OPEN.US,D,20191111,000000,9.48,9.88,9.41,9.72,5418391,0
OPEN.US,D,20191112,000000,9.56,10.83,9.37,10.47,5824632,0
OPEN.US,D,20191113,000000,10.65,11.84,10.55,11.09,5157466,0
OPEN.US,D,20191114,000000,10.94,11.27,10.91,11.20,6067685,0
OPEN.US,D,20191115,000000,11.24,11.61,11.22,11.57,7524375,0
OPEN.US,D,20191118,000000,11.59,12.08,11.31,12.07,8427992,0
OPEN.US,D,20191118,000000,12.33,12.50,11.21,11.56,8101937,0
OPEN.US,D,20191118,000000,11.45,12.44,11.36,12.31,5528429,0
OPEN.US,D,20191119,000000,12.37,12.97,12.28,12.76,3782402,0
OPEN.US,D,20191120,000000,12.84,12.93,12.28,12.55,6533284,0
OPEN.US,D,20191121,000000,12.99,13.02,12.97,12.97,8291987,0
OPEN.US,D,20191122,000000,12.97,13.01,12.96,13.00,4470599,0
OPEN.US,D,20191125,000000,12.82,14.48,12.80,14.19,5039362,0
OPEN.US,D,20191125,000000,14.11,14.79,14.02,14.66,3073856,0
OPEN.US,D,20191125,000000,14.62,14.70,13.88,14.53,7541549,0
OPEN.US,D,20191126,000000,14.64,15.22,14.51,15.18,5142947,0
OPEN.US,D,20191127,000000,14.91,16.01,14.72,15.89,3501045,0
OPEN.US,D,20191128,000000,16.09,16.22,15.12,15.28,3334948,0
OPEN.US,D,20191129,000000,15.63,15.65,14.25,14.36,5690247,0
OPEN.US,D,20191202,000000,14.11,15.17,13.76,14.81,8775622,0
OPEN.US,D,20191202,000000,14.53,14.67,14.24,14.45,7061537,0
OPEN.US,D,20191202,000000,14.36,15.12,14.23,14.78,7261218,0
OPEN.US,D,20191203,000000,14.47,14.52,13.97,14.02,8600368,0
OPEN.US,D,20191204,000000,14.23,14.25,13.22,13.53,7243133,0
OPEN.US,D,20191205,000000,13.26,13.75,13.21,13.63,6927272,0
OPEN.US,D,20191206,000000,13.61,13.75,13.50,13.73,5448637,0
OPEN.US,D,20191209,000000,13.85,13.99,13.79,13.97,8447190,0
OPEN.US,D,20191209,000000,14.11,14.37,14.05,14.21,13837506,0
OPEN.US,D,20191209,000000,14.25,14.54,14.22,14.44,6981405,0
OPEN.US,D,20191210,000000,14.56,14.68,14.49,14.68,7020271,0
OPEN.US,D,20191211,000000,14.84,14.89,14.81,14.87,10302787,0
OPEN.US,D,20191212,000000,14.96,15.18,14.94,15.18,17579414,0
OPEN.US,D,20191213,000000,15.20,15.47,15.14,15.46,7164833,0
OPEN.US,D,20191216,000000,15.43,16.06,15.32,15.87,17058036,0
OPEN.US,D,20191216,000000,15.83,16.20,15.69,16.14,10641154,0
OPEN.US,D,20191216,000000,16.08,16.69,16.06,16.53,18465059,0
OPEN.US,D,20191217,000000,16.71,17.05,16.68,16.93,9159758,0
OPEN.US,D,20191218,000000,16.91,17.65,16.72,17.40,11207558,0
OPEN.US,D,20191219,000000,17.80,18.26,17.68,18.04,9753140,0
OPEN.US,D,20191220,000000,18.25,18.78,18.19,18.48,15943065,0
OPEN.US,D,20191223,000000,18.38,19.00,18.18,18.95,25868742,0
OPEN.US,D,20191223,000000,18.98,19.90,18.88,19.57,17176493,0
OPEN.US,D,20191223,000000,19.58,20.90,19.40,20.26,9689962,0
OPEN.US,D,20191224,000000,20.15,21.21,19.94,21.01,20567563,0
OPEN.US,D,20191225,000000,21.16,22.46,21.08,21.78,13882373,0
OPEN.US,D,20191226,000000,21.75,22.71,21.49,22.44,21182332,0
OPEN.US,D,20191227,000000,22.48,23.10,22.18,22.94,22285611,0
OPEN.US,D,20191230,000000,22.73,22.90,20.93,21.62,7725632,0
OPEN.US,D,20191230,000000,21.51,21.97,20.89,20.91,4214813,0
OPEN.US,D,20191230,000000,21.12,21.56,20.10,20.57,3394793,0
OPEN.US,D,20191231,000000,20.23,21.33,20.16,20.85,8790378,0
OPEN.US,D,20200101,000000,20.80,22.91,20.59,22.23,6745370,0
OPEN.US,D,20200102,000000,21.73,24.64,21.46,23.63,8462084,0
OPEN.US,D,20200103,000000,23.26,23.62,20.46,21.47,8933684,0
OPEN.US,D,20200106,000000,21.57,21.62,21.31,21.36,6693914,0
OPEN.US,D,20200106,000000,21.98,22.31,19.63,20.51,3906095,0
OPEN.US,D,20200106,000000,20.63,20.72,20.26,20.45,4401536,0
OPEN.US,D,20200107,000000,20.94,20.97,20.03,20.43,5189121,0
OPEN.US,D,20200108,000000,20.67,20.95,19.50,19.59,6548570,0
OPEN.US,D,20200109,000000,19.87,20.08,19.27,19.42,4777493,0
OPEN.US,D,20200110,000000,19.65,19.67,19.57,19.66,5654075,0
OPEN.US,D,20200113,000000,19.60,19.61,19.20,19.44,6222258,0
OPEN.US,D,20200113,000000,19.51,20.03,19.48,19.79,8799541,0
OPEN.US,D,20200113,000000,19.85,22.33,19.51,21.28,4108684,0
OPEN.US,D,20200114,000000,21.95,22.44,19.54,20.14,3102749,0
OPEN.US,D,20200115,000000,20.03,21.47,19.45,21.37,8193870,0
OPEN.US,D,20200116,000000,21.13,21.19,21.04,21.18,5328996,0
OPEN.US,D,20200117,000000,21.51,21.78,21.45,21.77,6553096,0
OPEN.US,D,20200120,000000,21.89,22.35,20.65,20.72,6762976,0
OPEN.US,D,20200120,000000,20.66,21.71,20.66,21.53,5544524,0
OPEN.US,D,20200120,000000,21.96,23.21,21.94,23.01,5660830,0
OPEN.US,D,20200121,000000,22.92,23.41,22.71,23.11,7214253,0
OPEN.US,D,20200122,000000,22.92,24.72,22.77,23.94,6968377,0
OPEN.US,D,20200123,000000,24.08,24.40,24.08,24.30,7585491,0
OPEN.US,D,20200124,000000,24.49,24.75,24.49,24.54,7870830,0
OPEN.US,D,20200127,000000,24.47,25.17,24.37,24.90,8641994,0
OPEN.US,D,20200127,000000,24.90,24.94,24.32,24.50,7807358,0
OPEN.US,D,20200127,000000,24.63,24.68,22.03,23.16,3581604,0
OPEN.US,D,20200128,000000,23.21,23.22,22.62,22.78,5817273,0
OPEN.US,D,20200129,000000,22.89,23.65,22.79,23.50,6503078,0
OPEN.US,D,20200130,000000,23.61,23.62,23.61,23.62,7505639,0
OPEN.US,D,20200131,000000,24.05,24.14,22.89,23.08,8471139,0
OPEN.US,D,20200203,000000,23.15,25.78,22.96,25.39,6935634,0
OPEN.US,D,20200203,000000,25.27,27.20,25.07,26.64,6552425,0
OPEN.US,D,20200203,000000,26.05,26.85,25.89,26.65,7132110,0
OPEN.US,D,20200204,000000,26.82,27.10,24.09,24.55,7120475,0
OPEN.US,D,20200205,000000,23.97,24.59,23.74,24.37,8225003,0
OPEN.US,D,20200206,000000,24.41,24.55,23.60,23.71,7383611,0
OPEN.US,D,20200207,000000,23.88,24.24,23.73,24.15,5219137,0
OPEN.US,D,20200210,000000,24.11,24.26,23.75,23.84,7672493,0
OPEN.US,D,20200210,000000,23.98,24.79,23.95,24.60,4332632,0
OPEN.US,D,20200210,000000,24.57,24.99,24.57,24.97,7138046,0
OPEN.US,D,20200211,000000,25.03,25.70,24.91,25.41,6679371,0
OPEN.US,D,20200212,000000,25.22,26.27,25.03,26.27,8544376,0
OPEN.US,D,20200213,000000,26.13,26.14,25.94,26.06,3403558,0
OPEN.US,D,20200214,000000,25.97,26.15,25.17,25.58,3114349,0
OPEN.US,D,20200217,000000,25.50,25.56,25.32,25.39,6061389,0
OPEN.US,D,20200217,000000,25.50,26.01,25.29,25.64,3797307,0
OPEN.US,D,20200217,000000,25.83,25.95,24.99,25.09,8862631,0
OPEN.US,D,20200218,000000,25.01,25.03,24.70,24.85,5654695,0
OPEN.US,D,20200219,000000,24.82,25.51,23.50,23.66,7708467,0
OPEN.US,D,20200220,000000,23.91,23.92,23.52,23.58,6441773,0
OPEN.US,D,20200221,000000,23.24,24.53,22.97,24.15,7026184,0
OPEN.US,D,20200224,000000,24.18,24.18,24.14,24.15,6965146,0
OPEN.US,D,20200224,000000,24.24,24.31,24.24,24.29,8207163,0
OPEN.US,D,20200224,000000,24.21,24.53,24.18,24.49,8478576,0
OPEN.US,D,20200225,000000,24.48,24.64,24.08,24.16,5313365,0
OPEN.US,D,20200226,000000,24.24,24.43,23.86,23.88,4374167,0
OPEN.US,D,20200227,000000,23.91,24.58,23.77,24.33,8282010,0
OPEN.US,D,20200228,000000,24.29,24.29,24.21,24.24,7514712,0
OPEN.US,D,20200302,000000,24.25,24.31,24.23,24.26,5032382,0
OPEN.US,D,20200302,000000,24.27,24.45,24.21,24.44,7274318,0
OPEN.US,D,20200302,000000,24.47,24.57,24.44,24.48,7437809,0
OPEN.US,D,20200303,000000,24.48,24.50,24.34,24.40,7677521,0
OPEN.US,D,20200304,000000,24.37,24.50,23.97,24.10,8890532,0
OPEN.US,D,20200305,000000,24.12,24.24,24.11,24.21,5409048,0
OPEN.US,D,20200306,000000,24.21,24.43,24.19,24.31,7778717,0
OPEN.US,D,20200309,000000,24.36,24.37,24.19,24.23,6635628,0
OPEN.US,D,20200309,000000,24.25,24.29,23.98,24.00,4026800,0
OPEN.US,D,20200309,000000,23.95,24.07,23.95,24.02,5848698,0
OPEN.US,D,20200310,000000,24.06,24.08,23.83,23.94,8584557,0
OPEN.US,D,20200311,000000,23.87,23.89,23.82,23.86,3215306,0
OPEN.US,D,20200312,000000,23.92,24.05,23.89,24.04,9929257,0
OPEN.US,D,20200313,000000,24.41,24.65,24.36,24.58,7795693,0
OPEN.US,D,20200316,000000,24.55,25.71,24.37,24.97,8343580,0
OPEN.US,D,20200316,000000,25.08,25.76,24.92,25.40,6433943,0
OPEN.US,D,20200316,000000,25.47,26.03,25.41,25.88,10636682,0
OPEN.US,D,20200317,000000,26.34,26.40,26.23,26.30,8393041,0
OPEN.US,D,20200318,000000,26.89,27.41,26.66,26.95,7972286,0
OPEN.US,D,20200319,000000,26.28,27.61,25.82,27.45,12701165,0
OPEN.US,D,20200320,000000,27.39,28.37,26.89,28.21,6025629,0
OPEN.US,D,20200323,000000,28.03,28.88,28.00,28.85,14631341,0
OPEN.US,D,20200323,000000,28.46,29.83,28.42,29.72,13478284,0
OPEN.US,D,20200323,000000,29.06,30.89,28.90,30.44,14073826,0
OPEN.US,D,20200324,000000,30.48,31.19,30.39,31.17,7005761,0
OPEN.US,D,20200325,000000,31.04,31.99,30.92,31.90,8433973,0
OPEN.US,D,20200326,000000,31.71,32.98,31.25,32.61,16526315,0
OPEN.US,D,20200327,000000,31.99,33.59,31.89,33.24,8616346,0
OPEN.US,D,20200330,000000,33.61,33.89,33.42,33.85,13945344,0
OPEN.US,D,20200330,000000,33.68,35.15,33.58,34.99,21351432,0
OPEN.US,D,20200330,000000,34.76,36.61,34.75,35.97,14371609,0
OPEN.US,D,20200331,000000,35.33,37.67,34.85,36.74,19036178,0
OPEN.US,D,20200401,000000,36.85,37.45,36.73,37.42,20052955,0
OPEN.US,D,20200402,000000,38.33,38.59,38.11,38.57,13757382,0
OPEN.US,D,20200403,000000,38.58,40.10,38.13,39.72,23158041,0
OPEN.US,D,20200406,000000,40.20,40.77,40.16,40.73,12400456,0
OPEN.US,D,20200406,000000,40.97,42.03,40.93,41.95,19458285,0
OPEN.US,D,20200406,000000,42.22,43.50,42.18,43.23,9561026,0
OPEN.US,D,20200407,000000,43.56,45.10,43.24,44.65,12999505,0
OPEN.US,D,20200408,000000,43.97,46.75,43.93,46.26,25956899,0
OPEN.US,D,20200409,000000,45.47,48.84,44.03,48.01,25609283,0
OPEN.US,D,20200410,000000,48.76,50.40,48.59,49.60,11695770,0
OPEN.US,D,20200413,000000,50.17,51.24,49.68,51.00,19975717,0
OPEN.US,D,20200413,000000,51.32,52.91,51.03,52.87,11692047,0
OPEN.US,D,20200413,000000,53.86,54.54,53.55,54.45,23248622,0
OPEN.US,D,20200414,000000,54.59,56.78,53.66,56.72,14843565,0
OPEN.US,D,20200415,000000,56.72,59.13,56.45,58.33,15862630,0
OPEN.US,D,20200416,000000,58.85,61.50,58.81,60.43,26408085,0
OPEN.US,D,20200417,000000,60.46,62.37,60.25,62.27,23201241,0
OPEN.US,D,20200420,000000,61.84,62.25,58.28,58.57,7249096,0
OPEN.US,D,20200420,000000,58.59,58.60,53.38,55.07,3022535,0
OPEN.US,D,20200420,000000,55.81,56.77,53.83,54.23,7858084,0
OPEN.US,D,20200421,000000,53.67,54.23,51.50,52.08,3913011,0
OPEN.US,D,20200422,000000,51.15,51.81,47.35,48.71,5200824,0
OPEN.US,D,20200423,000000,48.07,49.61,47.68,48.90,5795649,0
OPEN.US,D,20200424,000000,49.87,49.94,48.30,48.41,5129024,0
OPEN.US,D,20200427,000000,49.35,49.67,48.95,49.46,7000541,0
OPEN.US,D,20200427,000000,50.23,50.41,47.14,47.45,8700441,0
OPEN.US,D,20200427,000000,47.20,49.24,47.06,48.64,4782598,0
OPEN.US,D,20200428,000000,49.06,49.31,47.93,47.95,3160971,0
OPEN.US,D,20200429,000000,48.91,49.27,48.12,48.13,7676350,0
OPEN.US,D,20200430,000000,48.44,50.07,48.25,49.83,3300746,0
OPEN.US,D,20200501,000000,50.06,50.79,49.77,50.14,4279735,0
OPEN.US,D,20200504,000000,51.12,53.53,50.93,53.47,7372644,0
OPEN.US,D,20200504,000000,54.05,54.90,53.99,54.46,3498414,0
OPEN.US,D,20200504,000000,53.99,61.38,52.83,59.06,8968695,0
OPEN.US,D,20200505,000000,59.50,64.87,59.21,63.34,3934032,0
OPEN.US,D,20200506,000000,63.64,63.65,62.42,62.76,5359691,0
OPEN.US,D,20200507,000000,63.28,65.56,63.05,64.65,7835896,0
OPEN.US,D,20200508,000000,64.88,65.93,64.60,65.43,7753293,0
OPEN.US,D,20200511,000000,65.02,66.40,62.22,62.40,3303438,0
OPEN.US,D,20200511,000000,62.99,65.39,61.82,64.92,6437751,0
OPEN.US,D,20200511,000000,64.32,64.48,59.66,61.15,5279287,0
OPEN.US,D,20200512,000000,61.43,63.66,57.95,58.85,3487020,0
OPEN.US,D,20200513,000000,59.49,59.87,55.84,55.94,7952258,0
OPEN.US,D,20200514,000000,56.22,56.23,55.42,55.90,3619278,0
OPEN.US,D,20200515,000000,55.74,56.90,53.36,53.55,3036113,0
OPEN.US,D,20200518,000000,54.46,55.28,54.27,55.04,6732324,0
OPEN.US,D,20200518,000000,54.51,55.64,54.23,55.51,4282911,0
OPEN.US,D,20200518,000000,56.05,57.82,55.96,57.75,8632781,0
OPEN.US,D,20200519,000000,57.33,58.06,54.49,55.18,3411919,0
OPEN.US,D,20200520,000000,54.93,56.08,49.91,50.93,8356466,0
OPEN.US,D,20200521,000000,51.03,52.36,50.84,51.94,4177689,0
OPEN.US,D,20200522,000000,52.25,52.47,49.35,49.49,3491205,0
OPEN.US,D,20200525,000000,49.90,50.24,49.13,49.15,8508951,0
OPEN.US,D,20200525,000000,49.17,49.58,49.09,49.57,4407754,0
OPEN.US,D,20200525,000000,49.86,50.78,46.68,47.89,4052310,0
OPEN.US,D,20200526,000000,48.40,48.95,45.40,46.68,4626574,0
OPEN.US,D,20200527,000000,47.11,47.34,43.83,44.55,8947622,0
OPEN.US,D,20200528,000000,43.97,44.35,43.87,44.28,8400600,0
OPEN.US,D,20200529,000000,44.06,45.17,43.82,45.04,5586637,0
OPEN.US,D,20200601,000000,45.28,45.30,44.16,44.51,3218005,0
OPEN.US,D,20200601,000000,44.49,45.31,44.45,45.16,7027029,0
OPEN.US,D,20200601,000000,45.37,46.77,45.23,46.63,5235435,0
OPEN.US,D,20200602,000000,46.43,49.42,46.28,48.48,6975471,0
OPEN.US,D,20200603,000000,48.22,49.91,48.04,49.30,3104909,0
OPEN.US,D,20200604,000000,49.61,49.69,49.26,49.28,7411153,0
OPEN.US,D,20200605,000000,49.86,50.05,47.57,47.60,5606793,0
OPEN.US,D,20200608,000000,47.89,48.00,47.60,47.69,4410097,0
OPEN.US,D,20200608,000000,48.16,49.93,48.02,49.18,8848740,0
OPEN.US,D,20200608,000000,49.15,49.23,49.06,49.21,5345212,0
OPEN.US,D,20200609,000000,49.20,49.34,46.91,47.24,6867902,0
OPEN.US,D,20200610,000000,47.23,47.25,46.85,47.01,7747625,0
OPEN.US,D,20200611,000000,47.24,47.34,47.02,47.07,8820879,0
OPEN.US,D,20200612,000000,47.36,47.76,47.22,47.71,8716764,0
OPEN.US,D,20200615,000000,47.41,49.16,47.20,48.44,8051658,0
OPEN.US,D,20200615,000000,48.69,49.73,48.66,49.52,3729045,0
OPEN.US,D,20200615,000000,49.61,51.18,49.49,50.84,3771192,0
OPEN.US,D,20200616,000000,50.77,51.21,47.94,48.82,3354170,0
OPEN.US,D,20200617,000000,48.64,51.04,48.18,50.66,5718796,0
OPEN.US,D,20200618,000000,50.70,51.15,47.80,48.21,5974242,0
OPEN.US,D,20200619,000000,47.99,48.07,47.42,47.68,4061014,0
OPEN.US,D,20200622,000000,47.72,47.94,46.71,47.47,8230122,0
OPEN.US,D,20200622,000000,47.82,48.01,47.62,47.91,7775306,0
OPEN.US,D,20200622,000000,47.86,48.17,46.69,46.98,7891535,0
OPEN.US,D,20200623,000000,46.68,46.69,46.26,46.40,4279338,0
OPEN.US,D,20200624,000000,46.48,48.45,45.85,48.18,8231881,0
OPEN.US,D,20200625,000000,48.28,48.68,46.99,47.23,6465851,0
OPEN.US,D,20200626,000000,47.19,48.12,47.13,47.66,8096192,0
OPEN.US,D,20200629,000000,47.10,47.15,47.01,47.07,5115070,0
OPEN.US,D,20200629,000000,47.17,47.18,46.93,46.95,4738894,0
OPEN.US,D,20200629,000000,47.31,47.53,45.75,45.85,8679608,0
OPEN.US,D,20200630,000000,45.64,45.96,45.12,45.14,6733731,0
OPEN.US,D,20200701,000000,45.17,46.64,45.16,46.51,5185281,0
OPEN.US,D,20200702,000000,46.75,47.36,46.53,47.32,3842562,0
OPEN.US,D,20200703,000000,47.33,47.48,45.34,46.07,7613636,0
OPEN.US,D,20200706,000000,46.21,46.21,45.74,45.86,4386603,0
OPEN.US,D,20200706,000000,45.65,47.56,45.38,47.44,3978760,0
OPEN.US,D,20200706,000000,47.43,47.53,47.42,47.51,6444057,0
OPEN.US,D,20200707,000000,47.59,48.00,47.51,47.97,4687505,0
OPEN.US,D,20200708,000000,47.68,49.39,47.44,48.82,6563792,0
OPEN.US,D,20200709,000000,48.71,50.83,48.22,50.13,3177969,0
OPEN.US,D,20200710,000000,50.43,50.61,49.36,49.53,6652225,0
OPEN.US,D,20200713,000000,49.78,49.93,47.76,48.40,4005769,0
OPEN.US,D,20200713,000000,48.29,48.42,47.42,47.67,4867995,0
OPEN.US,D,20200713,000000,47.51,47.58,47.22,47.30,5809868,0
OPEN.US,D,20200714,000000,47.24,47.48,44.78,45.83,6767791,0
OPEN.US,D,20200715,000000,45.98,46.01,45.06,45.36,4395125,0
OPEN.US,D,20200716,000000,45.27,45.66,45.23,45.51,6572157,0
OPEN.US,D,20200717,000000,45.44,45.74,45.32,45.56,7431177,0
OPEN.US,D,20200720,000000,45.24,46.57,45.12,46.38,3816425,0
OPEN.US,D,20200720,000000,46.25,46.26,46.15,46.20,8640923,0
OPEN.US,D,20200720,000000,46.37,46.38,45.20,45.44,3359768,0
OPEN.US,D,20200721,000000,45.20,45.22,44.74,44.86,3350127,0
OPEN.US,D,20200722,000000,45.00,45.45,44.90,45.12,3193005,0
OPEN.US,D,20200723,000000,45.13,45.17,44.46,44.48,5636168,0
OPEN.US,D,20200724,000000,44.36,44.39,44.25,44.28,3413319,0
OPEN.US,D,20200727,000000,44.30,44.40,44.08,44.14,4069024,0
OPEN.US,D,20200727,000000,44.20,44.56,44.17,44.48,7443500,0
OPEN.US,D,20200727,000000,44.49,44.50,44.46,44.47,5026058,0
OPEN.US,D,20200728,000000,44.24,45.14,44.19,44.77,7818627,0
OPEN.US,D,20200729,000000,44.79,44.80,44.65,44.67,3915270,0
OPEN.US,D,20200730,000000,44.67,44.81,44.45,44.50,8417562,0
OPEN.US,D,20200731,000000,44.45,44.48,44.43,44.46,5377734,0
OPEN.US,D,20200803,000000,44.51,45.04,44.45,44.87,7362557,0
OPEN.US,D,20200803,000000,44.92,44.96,44.83,44.89,8393003,0
OPEN.US,D,20200803,000000,44.71,45.61,44.59,45.50,8608344,0
OPEN.US,D,20200804,000000,45.56,45.64,45.42,45.47,8137404,0
OPEN.US,D,20200805,000000,45.59,45.68,45.59,45.64,5844618,0
OPEN.US,D,20200806,000000,45.64,45.85,45.62,45.73,3869672,0
OPEN.US,D,20200807,000000,45.74,45.74,45.70,45.71,6482134,0
OPEN.US,D,20200810,000000,45.71,45.95,45.68,45.91,7222093,0
OPEN.US,D,20200810,000000,45.77,45.92,45.71,45.89,7229101,0
OPEN.US,D,20200810,000000,45.98,46.48,45.80,46.39,4621620,0
OPEN.US,D,20200811,000000,46.35,46.72,46.06,46.54,6383801,0
OPEN.US,D,20200812,000000,46.50,46.65,45.80,46.01,8128622,0
OPEN.US,D,20200813,000000,45.79,47.03,45.50,46.83,4805622,0
OPEN.US,D,20200814,000000,46.73,46.99,46.46,46.94,4871088,0
OPEN.US,D,20200817,000000,46.94,47.25,46.89,47.12,5030510,0
OPEN.US,D,20200817,000000,46.93,47.14,46.92,47.14,7048152,0
OPEN.US,D,20200817,000000,47.18,47.34,45.39,46.16,6015294,0
OPEN.US,D,20200818,000000,46.26,46.39,45.26,45.43,6992867,0
OPEN.US,D,20200819,000000,45.73,45.75,44.55,45.04,6349903,0
OPEN.US,D,20200820,000000,45.02,45.12,44.43,44.55,4004580,0
OPEN.US,D,20200821,000000,44.42,45.42,44.18,45.00,8883632,0
OPEN.US,D,20200824,000000,44.90,45.63,44.72,45.55,3396275,0
OPEN.US,D,20200824,000000,45.38,45.47,45.37,45.43,7751681,0
OPEN.US,D,20200824,000000,45.38,45.42,45.26,45.30,5550247,0
OPEN.US,D,20200825,000000,45.04,45.04,44.57,44.58,8956819,0
OPEN.US,D,20200826,000000,44.44,45.29,44.36,45.08,6507988,0
OPEN.US,D,20200827,000000,45.69,46.07,45.66,45.84,3022955,0
OPEN.US,D,20200828,000000,45.40,46.01,45.22,45.88,5566633,0
OPEN.US,D,20200831,000000,45.79,45.80,44.66,45.02,5748124,0
OPEN.US,D,20200831,000000,45.22,45.42,44.57,44.62,3670858,0
OPEN.US,D,20200831,000000,45.11,45.11,43.71,43.91,4843119,0
OPEN.US,D,20200901,000000,44.10,45.25,43.89,45.01,7638003,0
OPEN.US,D,20200902,000000,45.13,47.23,44.89,46.72,5598071,0
OPEN.US,D,20200903,000000,46.79,47.12,46.09,46.27,8470347,0
OPEN.US,D,20200904,000000,46.20,46.22,46.05,46.09,6018173,0
OPEN.US,D,20200907,000000,46.12,48.15,45.89,48.12,8226270,0
OPEN.US,D,20200907,000000,47.95,48.92,47.80,48.71,3021315,0
OPEN.US,D,20200907,000000,48.56,50.37,48.07,49.56,6525003,0
OPEN.US,D,20200908,000000,49.66,49.92,48.99,49.08,7084096,0
OPEN.US,D,20200909,000000,48.24,50.09,48.14,49.73,4127565,0
OPEN.US,D,20200910,000000,49.72,49.90,49.49,49.89,6453484,0
OPEN.US,D,20200911,000000,49.78,49.84,48.57,48.91,7288234,0
OPEN.US,D,20200914,000000,48.74,48.78,48.24,48.38,3437657,0
OPEN.US,D,20200914,000000,48.08,48.11,47.50,47.75,6791122,0
OPEN.US,D,20200914,000000,48.23,48.25,47.16,47.50,6768224,0
OPEN.US,D,20200915,000000,47.51,47.63,46.81,46.90,8448859,0
OPEN.US,D,20200916,000000,46.72,46.81,45.26,45.39,3176653,0
OPEN.US,D,20200917,000000,45.57,46.05,43.81,44.37,8728593,0
OPEN.US,D,20200918,000000,44.24,44.51,43.15,43.31,4890072,0
OPEN.US,D,20200921,000000,43.52,43.64,42.92,43.43,8008541,0
OPEN.US,D,20200921,000000,44.18,44.26,43.40,43.64,4048468,0
OPEN.US,D,20200921,000000,44.34,44.74,42.88,42.96,7617066,0
OPEN.US,D,20200922,000000,43.24,45.53,43.23,44.99,3654673,0
OPEN.US,D,20200923,000000,45.22,45.60,45.05,45.52,4027636,0
OPEN.US,D,20200924,000000,45.39,45.75,43.60,44.12,7467951,0
OPEN.US,D,20200925,000000,44.59,44.73,42.75,43.34,7875900,0
OPEN.US,D,20200928,000000,43.03,44.49,42.38,44.32,7481493,0
OPEN.US,D,20200928,000000,44.23,44.68,42.68,43.03,8287247,0
OPEN.US,D,20200928,000000,43.04,43.32,41.66,42.02,8656566,0
OPEN.US,D,20200929,000000,41.74,43.83,41.51,43.05,4339241,0
OPEN.US,D,20200930,000000,43.03,43.17,42.57,42.72,8896041,0
OPEN.US,D,20201001,000000,43.20,43.34,42.34,42.38,3327503,0
OPEN.US,D,20201002,000000,42.58,43.56,42.53,43.01,8638240,0
OPEN.US,D,20201005,000000,42.48,42.48,42.11,42.19,7489616,0
OPEN.US,D,20201005,000000,42.38,43.23,42.11,42.95,7525920,0
OPEN.US,D,20201005,000000,42.89,42.96,42.32,42.68,7939587,0
OPEN.US,D,20201006,000000,42.45,43.29,42.41,42.89,8535145,0
OPEN.US,D,20201007,000000,43.15,43.55,41.60,42.19,7511574,0
OPEN.US,D,20201008,000000,41.87,41.95,40.74,41.04,6234428,0
OPEN.US,D,20201009,000000,41.11,41.62,40.98,41.62,7972181,0
OPEN.US,D,20201012,000000,41.53,42.68,41.44,42.39,8908381,0
OPEN.US,D,20201012,000000,42.29,43.19,42.02,43.05,4083373,0
OPEN.US,D,20201012,000000,42.95,43.11,42.55,42.74,8372251,0
OPEN.US,D,20201013,000000,42.66,44.25,42.65,44.01,5082335,0
OPEN.US,D,20201014,000000,43.87,44.10,42.81,42.98,4024504,0
OPEN.US,D,20201015,000000,43.05,43.42,42.48,42.61,5064317,0
OPEN.US,D,20201016,000000,42.15,42.91,42.14,42.81,5425651,0
OPEN.US,D,20201019,000000,42.91,43.85,42.75,43.69,4996759,0
OPEN.US,D,20201019,000000,43.76,44.08,43.76,44.06,6307218,0
OPEN.US,D,20201019,000000,44.21,44.24,44.19,44.23,8236069,0
OPEN.US,D,20201020,000000,44.25,44.25,44.18,44.22,8254420,0
OPEN.US,D,20201021,000000,44.22,44.43,44.19,44.38,4401345,0
OPEN.US,D,20201022,000000,44.51,44.67,44.45,44.67,4301980,0
OPEN.US,D,20201023,000000,44.68,44.72,44.48,44.50,7431234,0
OPEN.US,D,20201026,000000,44.43,44.49,44.41,44.48,7607563,0
OPEN.US,D,20201026,000000,44.52,44.81,44.50,44.79,5437804,0
OPEN.US,D,20201026,000000,44.76,45.31,44.65,45.18,3890021,0
OPEN.US,D,20201027,000000,45.26,45.43,45.21,45.39,7978664,0
OPEN.US,D,20201028,000000,45.45,46.22,45.44,46.21,6797766,0
OPEN.US,D,20201029,000000,46.36,46.37,46.12,46.14,6892102,0
OPEN.US,D,20201030,000000,46.33,47.20,46.21,46.77,3523207,0
OPEN.US,D,20201102,000000,46.50,48.22,45.90,48.20,3368319,0
OPEN.US,D,20201102,000000,47.96,48.34,47.96,48.29,5208186,0
OPEN.US,D,20201102,000000,48.36,48.37,47.35,47.59,8362402,0
OPEN.US,D,20201103,000000,47.92,48.80,47.65,48.58,8673761,0
OPEN.US,D,20201104,000000,48.88,48.94,48.02,48.26,7484459,0
OPEN.US,D,20201105,000000,48.20,48.33,47.76,47.87,4414837,0
OPEN.US,D,20201106,000000,47.99,48.27,46.89,47.15,6504843,0
OPEN.US,D,20201109,000000,47.56,47.61,45.31,46.01,5458452,0
OPEN.US,D,20201109,000000,46.13,47.58,45.80,47.25,7788349,0
OPEN.US,D,20201109,000000,47.34,47.55,46.05,46.33,6405810,0
OPEN.US,D,20201110,000000,46.33,46.33,46.15,46.22,7609953,0
OPEN.US,D,20201111,000000,46.15,46.48,46.11,46.27,3527664,0
OPEN.US,D,20201112,000000,46.34,46.40,45.28,45.40,7934144,0
OPEN.US,D,20201113,000000,45.28,45.41,45.22,45.39,3063920,0
OPEN.US,D,20201116,000000,45.46,45.95,45.43,45.87,6017633,0
OPEN.US,D,20201116,000000,45.63,47.05,45.55,46.70,4964095,0
OPEN.US,D,20201116,000000,46.67,46.70,46.61,46.66,4863698,0
OPEN.US,D,20201117,000000,46.63,47.17,46.44,47.11,8392839,0
OPEN.US,D,20201118,000000,47.17,47.57,47.07,47.57,4612564,0
OPEN.US,D,20201119,000000,47.32,49.13,47.04,48.43,5008949,0
OPEN.US,D,20201120,000000,48.20,48.39,48.17,48.38,5523295,0
OPEN.US,D,20201123,000000,48.48,48.59,48.12,48.17,7880387,0
OPEN.US,D,20201123,000000,48.19,48.22,48.03,48.05,5560955,0
OPEN.US,D,20201123,000000,47.99,48.05,47.76,47.85,3252520,0
OPEN.US,D,20201124,000000,47.84,47.94,47.27,47.36,8413019,0
OPEN.US,D,20201125,000000,47.42,47.43,46.81,46.98,6189211,0
OPEN.US,D,20201126,000000,47.24,47.44,46.46,46.83,4631344,0
OPEN.US,D,20201127,000000,46.64,47.70,46.35,47.69,4888422,0
OPEN.US,D,20201130,000000,48.02,48.45,47.19,47.19,4167668,0
OPEN.US,D,20201130,000000,47.20,47.35,45.23,45.75,3962968,0
OPEN.US,D,20201130,000000,45.78,46.04,45.29,45.51,4399472,0
OPEN.US,D,20201201,000000,45.19,45.36,44.51,44.81,4104886,0
OPEN.US,D,20201202,000000,44.74,45.52,44.52,45.46,3282993,0
OPEN.US,D,20201203,000000,45.41,45.47,45.28,45.29,5070840,0
OPEN.US,D,20201204,000000,45.49,45.58,44.88,45.01,5238954,0
OPEN.US,D,20201207,000000,45.30,45.42,44.46,44.73,7990493,0
OPEN.US,D,20201207,000000,44.94,44.96,44.89,44.92,6914623,0
OPEN.US,D,20201207,000000,44.63,44.97,44.53,44.81,3750334,0
OPEN.US,D,20201208,000000,44.84,45.19,43.47,43.82,3971287,0
OPEN.US,D,20201209,000000,43.75,43.76,43.33,43.46,4930530,0
OPEN.US,D,20201210,000000,43.61,44.44,43.58,44.18,3081251,0
OPEN.US,D,20201211,000000,44.41,44.62,43.52,43.69,3096232,0
OPEN.US,D,20201214,000000,43.72,43.75,43.16,43.18,3309764,0
OPEN.US,D,20201214,000000,43.43,43.90,43.31,43.57,5108499,0
OPEN.US,D,20201214,000000,43.66,43.70,43.60,43.69,8732978,0
OPEN.US,D,20201215,000000,43.80,43.82,43.67,43.70,5354268,0
OPEN.US,D,20201216,000000,43.40,43.42,43.16,43.28,4755388,0
OPEN.US,D,20201217,000000,43.24,43.80,43.15,43.57,5291563,0
OPEN.US,D,20201218,000000,43.62,44.20,43.51,44.07,7519922,0
OPEN.US,D,20201221,000000,43.97,44.32,43.87,44.30,6526417,0
OPEN.US,D,20201221,000000,44.30,44.38,43.71,43.87,8590090,0
OPEN.US,D,20201221,000000,43.77,44.78,43.56,44.56,3932309,0
OPEN.US,D,20201222,000000,44.40,44.59,44.16,44.29,5506691,0
OPEN.US,D,20201223,000000,44.06,44.08,43.89,43.92,5488660,0
OPEN.US,D,20201224,000000,43.83,44.17,43.75,44.15,5253271,0
OPEN.US,D,20201225,000000,44.28,45.15,44.16,44.89,6135925,0
OPEN.US,D,20201228,000000,44.77,44.87,44.05,44.27,5358117,0
OPEN.US,D,20201228,000000,44.33,44.44,43.78,43.79,8193944,0
OPEN.US,D,20201228,000000,43.76,43.85,43.76,43.81,6232645,0
OPEN.US,D,20201229,000000,43.78,43.78,43.24,43.31,6716680,0
OPEN.US,D,20201230,000000,43.44,43.45,43.34,43.37,3275982,0
OPEN.US,D,20201231,000000,43.37,43.37,43.26,43.31,7303809,0
OPEN.US,D,20210101,000000,43.30,43.51,42.63,42.78,6899860,0
OPEN.US,D,20210104,000000,42.75,42.79,42.36,42.49,6237787,0
OPEN.US,D,20210104,000000,42.57,42.62,42.57,42.61,7801660,0
OPEN.US,D,20210104,000000,42.68,42.78,41.47,42.00,5969895,0
OPEN.US,D,20210105,000000,42.03,42.06,41.59,41.77,3344955,0
OPEN.US,D,20210106,000000,41.73,42.02,41.68,41.87,8853568,0
OPEN.US,D,20210107,000000,41.94,42.05,41.50,41.52,3084921,0
OPEN.US,D,20210108,000000,41.71,41.99,41.68,41.93,6636176,0
OPEN.US,D,20210111,000000,41.99,42.02,41.67,41.70,4496486,0
OPEN.US,D,20210111,000000,41.60,42.06,41.43,41.88,4457093,0
OPEN.US,D,20210111,000000,41.91,42.00,41.44,41.60,7486581,0
OPEN.US,D,20210112,000000,41.73,41.86,41.43,41.45,3612174,0
OPEN.US,D,20210113,000000,41.39,41.40,41.30,41.34,7082320,0
OPEN.US,D,20210114,000000,41.41,41.45,41.14,41.21,8400040,0
OPEN.US,D,20210115,000000,41.33,41.35,40.76,40.80,5100672,0
OPEN.US,D,20210118,000000,40.75,40.83,40.69,40.70,4621502,0
OPEN.US,D,20210118,000000,40.75,40.80,40.51,40.58,4041918,0
OPEN.US,D,20210118,000000,40.78,40.85,40.49,40.61,7746953,0
OPEN.US,D,20210119,000000,40.69,42.18,40.42,41.59,3394703,0
