<TICKER>,<PER>,<DATE>,<TIME>,<OPEN>,<HIGH>,<LOW>,<CLOSE>,<VOL>,<OPENINT>
ORCL.US,D,20180102,000000,109.71,112.87,108.66,111.90,4439505,0
ORCL.US,D,20180103,000000,111.28,114.41,110.69,113.59,2705129,0
ORCL.US,D,20180104,000000,112.59,117.64,112.36,116.64,5009852,0
ORCL.US,D,20180105,000000,116.70,117.00,114.09,115.35,3035642,0
ORCL.US,D,20180108,000000,115.07,115.44,114.51,114.62,3605333,0
ORCL.US,D,20180108,000000,114.52,114.59,113.65,113.96,4848403,0
ORCL.US,D,20180108,000000,114.43,114.46,111.97,113.46,5994208,0
ORCL.US,D,20180109,000000,113.93,115.25,113.84,114.81,4907652,0
ORCL.US,D,20180110,000000,114.91,115.08,114.53,114.58,3883958,0
ORCL.US,D,20180111,000000,114.49,114.85,113.81,114.12,5308984,0
ORCL.US,D,20180112,000000,114.02,114.13,113.41,113.72,7245950,0
ORCL.US,D,20180115,000000,114.04,115.16,113.27,115.14,5903697,0
ORCL.US,D,20180115,000000,115.10,115.55,113.37,113.43,5475540,0
ORCL.US,D,20180115,000000,113.11,115.75,112.85,115.34,6868682,0
ORCL.US,D,20180116,000000,115.25,117.72,114.67,117.38,7235366,0
ORCL.US,D,20180117,000000,117.10,120.05,116.84,119.28,4471572,0
ORCL.US,D,20180118,000000,120.23,120.34,117.90,117.98,6273168,0
ORCL.US,D,20180119,000000,118.18,118.55,114.30,115.19,6795046,0
ORCL.US,D,20180122,000000,114.24,115.31,113.83,115.19,2906792,0
ORCL.US,D,20180122,000000,115.80,118.33,115.50,117.57,3802172,0
ORCL.US,D,20180122,000000,117.16,122.75,116.96,119.77,5750566,0
ORCL.US,D,20180123,000000,119.64,119.66,119.58,119.59,5504889,0
ORCL.US,D,20180124,000000,120.03,121.01,118.34,119.06,6830159,0
ORCL.US,D,20180125,000000,120.07,120.07,118.77,119.02,5882756,0
ORCL.US,D,20180126,000000,119.28,120.60,118.89,120.26,3070364,0
ORCL.US,D,20180129,000000,121.36,122.55,120.92,121.68,6585596,0
ORCL.US,D,20180129,000000,123.21,127.65,122.29,126.26,6786329,0
ORCL.US,D,20180129,000000,126.16,128.79,124.03,128.40,6121486,0
ORCL.US,D,20180130,000000,128.73,129.72,125.64,126.10,6764471,0
ORCL.US,D,20180131,000000,125.86,126.78,119.02,123.79,5802240,0
ORCL.US,D,20180201,000000,123.73,123.93,121.77,122.34,5116613,0
ORCL.US,D,20180202,000000,123.55,123.62,120.52,122.20,7174009,0
ORCL.US,D,20180205,000000,122.05,122.59,117.92,118.74,6182570,0
ORCL.US,D,20180205,000000,118.77,121.20,118.58,119.53,4142033,0
ORCL.US,D,20180205,000000,119.50,120.21,119.48,119.79,7367308,0
ORCL.US,D,20180206,000000,120.57,129.50,119.53,127.01,5428564,0
ORCL.US,D,20180207,000000,127.43,127.52,125.52,125.82,2606311,0
ORCL.US,D,20180208,000000,125.33,126.33,124.67,126.31,3622501,0
ORCL.US,D,20180209,000000,127.62,127.95,123.88,124.50,6334848,0
ORCL.US,D,20180212,000000,125.14,125.53,124.99,125.37,2980400,0
ORCL.US,D,20180212,000000,125.15,126.02,121.78,124.03,3948957,0
ORCL.US,D,20180212,000000,124.07,125.10,122.29,122.52,6319307,0
ORCL.US,D,20180213,000000,122.11,122.70,116.21,117.85,3860428,0
ORCL.US,D,20180214,000000,118.11,118.26,116.65,117.27,3947820,0
ORCL.US,D,20180215,000000,117.26,118.04,113.81,113.98,2702898,0
ORCL.US,D,20180216,000000,112.93,113.05,111.37,111.54,3494274,0
ORCL.US,D,20180219,000000,112.19,114.43,110.99,113.96,7410739,0
ORCL.US,D,20180219,000000,112.99,113.94,112.96,113.60,6010067,0
ORCL.US,D,20180219,000000,114.47,114.48,109.97,111.14,6880604,0
ORCL.US,D,20180220,000000,109.97,110.00,101.74,104.51,5248926,0
ORCL.US,D,20180221,000000,104.17,108.44,103.43,108.21,6948740,0
ORCL.US,D,20180222,000000,108.21,115.19,106.84,113.87,4353675,0
ORCL.US,D,20180223,000000,114.52,115.35,111.59,111.93,3745388,0
ORCL.US,D,20180226,000000,111.92,112.00,111.12,111.46,7424938,0
ORCL.US,D,20180226,000000,111.81,115.34,110.50,114.49,5075304,0
ORCL.US,D,20180226,000000,114.00,115.09,113.57,114.99,5834436,0
ORCL.US,D,20180227,000000,115.58,118.52,115.41,116.78,4944970,0
ORCL.US,D,20180228,000000,117.12,118.11,117.00,117.98,7283874,0
ORCL.US,D,20180301,000000,119.68,119.98,105.27,110.06,2763349,0
ORCL.US,D,20180302,000000,108.94,109.29,106.36,108.02,2947463,0
ORCL.US,D,20180305,000000,107.61,107.71,103.53,103.77,3473799,0
ORCL.US,D,20180305,000000,104.13,106.93,95.03,96.18,7397727,0
ORCL.US,D,20180305,000000,95.52,97.67,95.05,97.35,3565172,0
ORCL.US,D,20180306,000000,98.12,100.05,97.91,99.92,4968519,0
ORCL.US,D,20180307,000000,101.42,101.70,97.80,98.38,6576604,0
ORCL.US,D,20180308,000000,100.14,100.35,93.14,94.24,7010337,0
ORCL.US,D,20180309,000000,92.52,92.61,91.06,91.48,3554013,0
ORCL.US,D,20180312,000000,93.34,93.39,87.87,89.19,2517404,0
ORCL.US,D,20180312,000000,89.71,93.35,89.69,92.19,5250170,0
ORCL.US,D,20180312,000000,91.78,92.89,89.77,89.97,6276862,0
ORCL.US,D,20180313,000000,91.49,92.68,91.09,92.43,3672230,0
ORCL.US,D,20180314,000000,90.66,91.40,90.62,91.32,7176989,0
ORCL.US,D,20180315,000000,90.00,91.71,89.93,91.06,5968148,0
ORCL.US,D,20180316,000000,93.07,94.03,92.84,93.36,5907601,0
ORCL.US,D,20180319,000000,93.96,94.81,90.27,91.42,7233660,0
ORCL.US,D,20180319,000000,91.96,92.58,90.18,90.63,4773677,0
ORCL.US,D,20180319,000000,90.02,95.52,89.13,95.10,7303417,0
ORCL.US,D,20180320,000000,95.31,98.39,94.21,97.52,5983248,0
ORCL.US,D,20180321,000000,97.16,97.47,95.67,95.77,5263469,0
ORCL.US,D,20180322,000000,96.22,97.36,95.52,97.11,4370741,0
ORCL.US,D,20180323,000000,98.57,100.64,98.33,100.16,3586852,0
ORCL.US,D,20180326,000000,101.81,103.40,101.77,102.61,6649866,0
ORCL.US,D,20180326,000000,103.25,103.48,95.86,100.22,6970359,0
ORCL.US,D,20180326,000000,99.82,101.86,99.58,101.25,6408569,0
ORCL.US,D,20180327,000000,100.70,103.54,100.54,102.28,6825913,0
ORCL.US,D,20180328,000000,104.34,105.12,102.39,103.68,2795244,0
ORCL.US,D,20180329,000000,104.13,104.27,102.84,103.27,4555677,0
ORCL.US,D,20180330,000000,104.00,105.43,103.37,105.09,6438359,0
ORCL.US,D,20180402,000000,106.35,107.51,99.20,100.84,5074953,0
ORCL.US,D,20180402,000000,100.15,100.56,97.74,97.89,5693287,0
ORCL.US,D,20180402,000000,101.10,102.83,93.58,95.86,7059723,0
ORCL.US,D,20180403,000000,94.93,100.58,94.63,98.93,4781209,0
ORCL.US,D,20180404,000000,99.98,100.29,98.79,99.17,2755055,0
ORCL.US,D,20180405,000000,98.64,100.18,98.06,99.25,3409910,0
ORCL.US,D,20180406,000000,100.66,104.23,91.26,93.88,6461043,0
ORCL.US,D,20180409,000000,93.65,93.79,93.31,93.64,5374973,0
ORCL.US,D,20180409,000000,93.38,101.32,92.50,98.79,4336715,0
ORCL.US,D,20180409,000000,97.19,110.24,95.75,105.85,5985684,0
ORCL.US,D,20180410,000000,106.18,107.07,103.74,104.08,4171931,0
ORCL.US,D,20180411,000000,104.12,104.23,99.43,99.52,4324079,0
ORCL.US,D,20180412,000000,99.12,99.21,95.27,95.65,3429599,0
ORCL.US,D,20180413,000000,96.70,97.08,93.64,94.91,6510561,0
ORCL.US,D,20180416,000000,95.28,95.71,91.44,92.50,2663024,0
ORCL.US,D,20180416,000000,91.93,93.37,90.40,90.98,3583230,0
ORCL.US,D,20180416,000000,92.47,93.03,92.12,92.63,3527617,0
ORCL.US,D,20180417,000000,92.29,92.46,90.43,91.11,7487098,0
ORCL.US,D,20180418,000000,89.47,93.48,87.44,92.61,6146264,0
ORCL.US,D,20180419,000000,93.63,94.34,90.00,90.00,5359396,0
ORCL.US,D,20180420,000000,88.40,95.60,87.70,94.67,2763593,0
ORCL.US,D,20180423,000000,96.57,105.00,94.96,102.37,3060634,0
ORCL.US,D,20180423,000000,101.41,108.77,101.31,102.26,5401895,0
ORCL.US,D,20180423,000000,103.20,104.15,98.96,99.97,5815291,0
ORCL.US,D,20180424,000000,99.64,103.58,99.48,101.64,7183107,0
ORCL.US,D,20180425,000000,103.55,103.75,101.86,102.02,4913483,0
ORCL.US,D,20180426,000000,102.11,107.58,101.09,106.98,3744850,0
ORCL.US,D,20180427,000000,105.73,106.88,104.91,105.47,6864261,0
ORCL.US,D,20180430,000000,104.08,106.86,103.71,106.04,6229992,0
ORCL.US,D,20180430,000000,106.31,108.25,105.56,107.97,4069392,0
ORCL.US,D,20180430,000000,111.23,111.51,108.25,109.08,6030856,0
ORCL.US,D,20180501,000000,109.37,115.63,107.89,113.45,2669773,0
ORCL.US,D,20180502,000000,113.27,114.15,113.09,113.84,5716845,0
ORCL.US,D,20180503,000000,116.57,117.13,110.75,111.45,6915265,0
ORCL.US,D,20180504,000000,109.44,111.67,108.98,111.54,5801565,0
ORCL.US,D,20180507,000000,110.97,112.55,105.66,106.30,5435823,0
ORCL.US,D,20180507,000000,105.10,112.40,105.01,109.34,6788871,0
ORCL.US,D,20180507,000000,111.94,112.50,108.45,109.89,3093680,0
ORCL.US,D,20180508,000000,109.08,112.63,106.09,106.10,2828262,0
ORCL.US,D,20180509,000000,106.37,108.61,106.07,108.11,3941198,0
ORCL.US,D,20180510,000000,106.30,112.76,104.02,112.19,2780635,0
ORCL.US,D,20180511,000000,112.19,112.57,110.55,111.49,3817981,0
ORCL.US,D,20180514,000000,113.50,117.69,113.29,116.94,6347098,0
ORCL.US,D,20180514,000000,117.97,118.01,106.77,111.33,5327901,0
ORCL.US,D,20180514,000000,111.20,115.71,110.49,114.36,7405956,0
ORCL.US,D,20180515,000000,113.63,115.61,105.29,109.85,3583712,0
ORCL.US,D,20180516,000000,107.81,113.63,106.86,111.32,4279202,0
ORCL.US,D,20180517,000000,110.94,111.37,106.05,106.16,7477022,0
ORCL.US,D,20180518,000000,107.90,108.47,104.25,104.89,5737088,0
ORCL.US,D,20180521,000000,104.67,104.69,100.38,101.24,6256955,0
ORCL.US,D,20180521,000000,99.34,99.42,96.56,97.51,7082739,0
ORCL.US,D,20180521,000000,97.07,104.26,96.23,103.29,3981547,0
ORCL.US,D,20180522,000000,99.24,103.37,98.18,102.32,5708692,0
ORCL.US,D,20180523,000000,103.86,106.30,96.76,99.12,6137134,0
ORCL.US,D,20180524,000000,99.70,105.06,98.68,104.65,6799180,0
ORCL.US,D,20180525,000000,104.12,104.39,102.78,102.92,4645045,0
ORCL.US,D,20180528,000000,103.18,109.82,101.89,107.17,7064513,0
ORCL.US,D,20180528,000000,108.82,109.04,107.88,107.89,3099790,0
ORCL.US,D,20180528,000000,108.54,112.29,107.69,111.87,6908945,0
ORCL.US,D,20180529,000000,110.81,111.22,110.59,110.96,7481175,0
ORCL.US,D,20180530,000000,108.77,123.52,108.13,123.08,7110001,0
ORCL.US,D,20180531,000000,123.35,124.98,117.87,118.59,5216491,0
ORCL.US,D,20180601,000000,119.78,125.73,119.65,125.54,7001449,0
ORCL.US,D,20180604,000000,126.76,128.20,114.14,117.91,6924726,0
ORCL.US,D,20180604,000000,120.72,120.84,117.95,118.12,6427697,0
ORCL.US,D,20180604,000000,118.12,121.39,117.17,120.65,2848262,0
ORCL.US,D,20180605,000000,119.68,124.31,118.71,122.88,5750616,0
ORCL.US,D,20180606,000000,124.75,129.57,124.10,127.78,6520969,0
ORCL.US,D,20180607,000000,126.97,135.33,125.17,134.51,4203582,0
ORCL.US,D,20180608,000000,135.81,137.41,129.29,131.41,3490457,0
ORCL.US,D,20180611,000000,133.38,136.74,133.21,136.42,4715476,0
ORCL.US,D,20180611,000000,137.04,137.56,131.12,132.71,4154872,0
ORCL.US,D,20180611,000000,133.16,134.54,125.51,127.07,4179228,0
ORCL.US,D,20180612,000000,129.11,134.83,116.34,117.66,2819763,0
ORCL.US,D,20180613,000000,115.16,115.47,108.61,110.33,5050127,0
ORCL.US,D,20180614,000000,109.89,112.11,101.25,105.68,5090833,0
ORCL.US,D,20180615,000000,104.85,107.63,97.50,99.48,5237287,0
ORCL.US,D,20180618,000000,100.50,104.82,100.28,103.80,4027211,0
ORCL.US,D,20180618,000000,105.30,108.25,104.85,106.73,5725669,0
ORCL.US,D,20180618,000000,105.87,110.17,104.62,109.15,5434030,0
ORCL.US,D,20180619,000000,110.40,111.51,108.67,108.75,6012292,0
ORCL.US,D,20180620,000000,107.02,110.31,105.98,109.21,7260467,0
ORCL.US,D,20180621,000000,109.61,115.46,107.65,113.24,3243803,0
ORCL.US,D,20180622,000000,114.17,120.75,112.44,118.88,3458565,0
ORCL.US,D,20180625,000000,119.52,123.19,118.49,122.86,7212344,0
ORCL.US,D,20180625,000000,121.14,124.58,120.56,123.46,3582104,0
ORCL.US,D,20180625,000000,123.27,123.90,121.19,121.86,6403493,0
ORCL.US,D,20180626,000000,120.76,122.25,120.07,121.92,7200181,0
ORCL.US,D,20180627,000000,121.78,121.92,121.66,121.91,6784153,0
ORCL.US,D,20180628,000000,123.04,123.27,119.67,121.35,3017462,0
ORCL.US,D,20180629,000000,120.90,121.61,118.79,119.28,3412991,0
ORCL.US,D,20180702,000000,118.20,121.32,116.84,120.98,2921811,0
ORCL.US,D,20180702,000000,120.72,121.26,117.14,118.73,4661476,0
ORCL.US,D,20180702,000000,120.36,120.95,114.06,115.96,4225419,0
ORCL.US,D,20180703,000000,116.58,116.78,116.23,116.74,5969314,0
ORCL.US,D,20180704,000000,115.37,115.60,112.02,113.29,4433562,0
ORCL.US,D,20180705,000000,113.49,114.67,102.18,107.92,4786389,0
ORCL.US,D,20180706,000000,105.19,111.27,103.77,110.56,5599887,0
ORCL.US,D,20180709,000000,112.43,119.51,111.15,118.38,3081088,0
ORCL.US,D,20180709,000000,118.85,119.15,107.67,113.09,5876643,0
ORCL.US,D,20180709,000000,114.09,116.55,113.89,115.27,5214919,0
ORCL.US,D,20180710,000000,115.70,120.15,115.68,119.85,4692288,0
ORCL.US,D,20180711,000000,119.45,125.26,119.11,124.13,7467461,0
ORCL.US,D,20180712,000000,126.12,126.60,123.12,123.41,2796638,0
ORCL.US,D,20180713,000000,121.97,123.35,121.48,123.09,6272499,0
ORCL.US,D,20180716,000000,122.02,130.66,119.00,128.38,2503329,0
ORCL.US,D,20180716,000000,128.31,136.06,126.24,135.07,2596185,0
ORCL.US,D,20180716,000000,136.37,137.38,131.14,134.41,3778648,0
ORCL.US,D,20180717,000000,133.36,135.26,123.62,124.62,3029643,0
ORCL.US,D,20180718,000000,124.44,124.71,122.25,122.44,4154215,0
ORCL.US,D,20180719,000000,122.77,130.73,120.22,129.10,7017052,0
ORCL.US,D,20180720,000000,127.16,132.55,126.63,130.87,5934937,0
ORCL.US,D,20180723,000000,131.35,131.46,130.93,130.94,5500250,0
ORCL.US,D,20180723,000000,130.24,136.60,129.81,135.41,5808318,0
ORCL.US,D,20180723,000000,137.52,137.53,136.17,137.23,3167141,0
ORCL.US,D,20180724,000000,134.60,137.54,130.83,131.32,7198029,0
ORCL.US,D,20180725,000000,130.49,140.99,127.18,138.94,6121449,0
ORCL.US,D,20180726,000000,139.51,142.95,139.39,141.87,6976340,0
ORCL.US,D,20180727,000000,144.29,145.15,134.91,137.62,6675276,0
ORCL.US,D,20180730,000000,138.81,140.09,129.96,131.94,4566121,0
ORCL.US,D,20180730,000000,134.54,138.85,134.23,137.14,5409212,0
ORCL.US,D,20180730,000000,136.77,138.77,128.48,133.39,4183564,0
ORCL.US,D,20180731,000000,132.47,134.26,125.94,126.95,3411972,0
ORCL.US,D,20180801,000000,128.31,133.36,127.90,132.56,7154495,0
ORCL.US,D,20180802,000000,136.24,137.72,131.44,133.39,4182083,0
ORCL.US,D,20180803,000000,133.23,134.04,126.30,130.11,6892453,0
ORCL.US,D,20180806,000000,131.36,131.38,131.15,131.25,3434784,0
ORCL.US,D,20180806,000000,133.49,134.53,128.75,130.16,5814213,0
ORCL.US,D,20180806,000000,131.36,134.80,131.30,132.99,5766986,0
ORCL.US,D,20180807,000000,133.08,135.10,124.61,125.57,7230205,0
ORCL.US,D,20180808,000000,122.32,129.04,120.06,127.88,4433714,0
ORCL.US,D,20180809,000000,125.99,126.66,123.76,123.92,3515153,0
ORCL.US,D,20180810,000000,127.34,134.86,126.71,131.54,3166635,0
ORCL.US,D,20180813,000000,133.64,134.34,133.00,134.18,6809163,0
ORCL.US,D,20180813,000000,133.40,134.11,131.00,131.79,7119328,0
ORCL.US,D,20180813,000000,132.49,138.91,132.15,138.61,6766972,0
ORCL.US,D,20180814,000000,136.55,146.70,134.50,145.57,7393899,0
ORCL.US,D,20180815,000000,144.94,147.55,144.34,147.23,3417504,0
ORCL.US,D,20180816,000000,147.71,153.94,146.61,150.66,7401985,0
ORCL.US,D,20180817,000000,153.12,154.22,146.27,148.76,5722507,0
ORCL.US,D,20180820,000000,146.42,149.29,145.53,148.19,6991624,0
ORCL.US,D,20180820,000000,148.08,149.04,147.90,148.60,3554344,0
ORCL.US,D,20180820,000000,151.45,152.97,140.46,143.43,5790494,0
ORCL.US,D,20180821,000000,145.66,146.82,145.60,146.62,4847029,0
ORCL.US,D,20180822,000000,146.93,160.10,145.31,156.09,5747020,0
ORCL.US,D,20180823,000000,156.32,156.36,155.54,155.91,3960908,0
ORCL.US,D,20180824,000000,154.64,156.53,145.53,147.91,6533755,0
ORCL.US,D,20180827,000000,147.91,153.04,145.21,152.96,6662213,0
ORCL.US,D,20180827,000000,150.14,159.19,147.50,158.68,4338929,0
ORCL.US,D,20180827,000000,158.94,170.73,158.33,166.22,5457428,0
ORCL.US,D,20180828,000000,166.23,172.29,165.94,171.98,6012299,0
ORCL.US,D,20180829,000000,172.26,172.55,171.38,172.00,5262203,0
ORCL.US,D,20180830,000000,172.20,173.80,171.79,173.65,3331776,0
ORCL.US,D,20180831,000000,173.55,173.60,171.76,172.55,2947769,0
ORCL.US,D,20180903,000000,172.92,178.13,172.05,177.49,3866407,0
ORCL.US,D,20180903,000000,175.14,178.01,166.94,167.48,7006677,0
ORCL.US,D,20180903,000000,169.43,169.91,159.33,162.44,5517781,0
ORCL.US,D,20180904,000000,165.48,166.75,150.46,154.50,4222089,0
ORCL.US,D,20180905,000000,153.78,159.22,153.62,158.57,3635110,0
ORCL.US,D,20180906,000000,159.29,162.90,158.86,162.00,6557882,0
ORCL.US,D,20180907,000000,160.49,168.65,159.84,166.04,5139811,0
ORCL.US,D,20180910,000000,165.66,166.06,164.61,164.93,5210461,0
ORCL.US,D,20180910,000000,163.21,164.07,156.57,157.72,5708561,0
ORCL.US,D,20180910,000000,156.43,157.53,156.27,157.14,3690798,0
ORCL.US,D,20180911,000000,159.79,161.19,144.21,147.27,5522703,0
ORCL.US,D,20180912,000000,147.08,148.24,144.30,145.87,5948532,0
ORCL.US,D,20180913,000000,146.90,150.56,146.55,149.28,4120249,0
ORCL.US,D,20180914,000000,146.14,152.10,145.57,148.61,7044224,0
ORCL.US,D,20180917,000000,148.84,149.40,137.60,142.73,5070886,0
ORCL.US,D,20180917,000000,145.59,147.60,129.37,132.90,5409065,0
ORCL.US,D,20180917,000000,131.27,131.47,131.21,131.46,3067862,0
ORCL.US,D,20180918,000000,132.67,145.65,132.60,141.27,6549300,0
ORCL.US,D,20180919,000000,140.09,143.24,139.93,142.68,3852015,0
ORCL.US,D,20180920,000000,142.79,143.45,131.23,133.09,5864761,0
ORCL.US,D,20180921,000000,131.61,134.42,131.13,133.99,4923529,0
ORCL.US,D,20180924,000000,133.58,134.95,133.55,134.47,5185260,0
ORCL.US,D,20180924,000000,135.98,156.59,131.65,153.55,6661175,0
ORCL.US,D,20180924,000000,154.00,154.25,140.39,141.55,6358404,0
ORCL.US,D,20180925,000000,140.21,142.90,127.66,129.28,4168477,0
ORCL.US,D,20180926,000000,128.76,132.84,128.73,131.84,5497223,0
ORCL.US,D,20180927,000000,133.74,136.63,132.65,136.33,3655211,0
ORCL.US,D,20180928,000000,136.91,137.13,135.35,135.41,7280400,0
ORCL.US,D,20181001,000000,135.95,136.28,135.65,135.73,6682815,0
ORCL.US,D,20181001,000000,135.40,135.44,128.25,133.21,6255852,0
ORCL.US,D,20181001,000000,130.59,145.43,129.02,141.10,5109091,0
ORCL.US,D,20181002,000000,137.99,138.02,132.18,132.56,3510651,0
ORCL.US,D,20181003,000000,134.02,134.90,129.43,129.82,4474182,0
ORCL.US,D,20181004,000000,125.73,132.02,125.57,128.73,5714796,0
ORCL.US,D,20181005,000000,131.78,132.29,127.26,128.00,2979869,0
ORCL.US,D,20181008,000000,128.15,129.76,128.11,129.61,4497308,0
ORCL.US,D,20181008,000000,130.22,130.58,128.00,128.86,6736906,0
ORCL.US,D,20181008,000000,128.58,133.11,118.06,119.90,7096313,0
ORCL.US,D,20181009,000000,117.31,125.15,115.93,122.59,4313257,0
ORCL.US,D,20181010,000000,121.20,121.96,112.88,113.63,3825117,0
ORCL.US,D,20181011,000000,111.65,124.62,109.72,123.90,3099058,0
ORCL.US,D,20181012,000000,122.97,123.11,117.26,118.23,4029181,0
ORCL.US,D,20181015,000000,119.79,121.10,100.08,110.19,3464952,0
ORCL.US,D,20181015,000000,108.98,112.05,108.07,112.02,7130658,0
ORCL.US,D,20181015,000000,110.12,126.95,105.60,123.36,3907624,0
ORCL.US,D,20181016,000000,122.52,125.16,108.93,111.65,3171845,0
ORCL.US,D,20181017,000000,111.54,112.14,106.56,107.77,5437253,0
ORCL.US,D,20181018,000000,105.33,111.97,103.62,108.28,5054257,0
ORCL.US,D,20181019,000000,107.51,110.68,106.71,110.29,4658194,0
ORCL.US,D,20181022,000000,110.02,117.54,109.01,115.95,3137356,0
ORCL.US,D,20181022,000000,111.56,112.13,111.50,112.00,2889452,0
ORCL.US,D,20181022,000000,110.89,125.75,109.62,122.15,5859158,0
ORCL.US,D,20181023,000000,125.01,125.50,119.42,120.58,6278447,0
ORCL.US,D,20181024,000000,118.85,120.43,117.08,117.93,4927627,0
ORCL.US,D,20181025,000000,118.86,127.65,117.86,127.31,2898593,0
ORCL.US,D,20181026,000000,127.63,129.63,127.62,128.42,7369578,0
ORCL.US,D,20181029,000000,130.81,135.42,113.53,121.66,6339027,0
ORCL.US,D,20181029,000000,124.07,127.45,121.19,121.94,7092080,0
ORCL.US,D,20181029,000000,123.33,126.22,122.17,123.85,7446727,0
ORCL.US,D,20181030,000000,125.37,126.53,124.86,126.17,10238948,0
ORCL.US,D,20181031,000000,131.37,131.69,127.29,128.40,8608607,0
ORCL.US,D,20181101,000000,128.33,130.73,127.14,130.43,13262725,0
ORCL.US,D,20181102,000000,130.75,133.47,130.68,133.31,4911023,0
ORCL.US,D,20181105,000000,130.37,137.52,128.78,136.69,7750934,0
ORCL.US,D,20181105,000000,139.44,139.52,139.43,139.44,15535439,0
ORCL.US,D,20181105,000000,139.50,143.61,138.74,141.79,15699358,0
ORCL.US,D,20181106,000000,142.17,145.97,141.80,145.75,11258284,0
ORCL.US,D,20181107,000000,145.15,150.74,143.48,149.11,15403567,0
ORCL.US,D,20181108,000000,147.04,158.77,145.58,152.93,9514189,0
ORCL.US,D,20181109,000000,148.46,157.70,146.37,155.53,16884756,0
ORCL.US,D,20181112,000000,150.17,159.51,148.44,158.63,20527769,0
ORCL.US,D,20181112,000000,159.23,165.52,158.64,163.80,9545116,0
ORCL.US,D,20181112,000000,169.03,169.10,166.84,167.54,17870750,0
ORCL.US,D,20181113,000000,168.57,174.22,168.15,172.62,18095435,0
ORCL.US,D,20181114,000000,171.13,181.70,169.75,177.21,23436783,0
ORCL.US,D,20181115,000000,173.88,184.14,168.53,182.40,17633717,0
ORCL.US,D,20181116,000000,183.09,189.62,181.49,189.21,18374308,0
ORCL.US,D,20181119,000000,190.68,196.88,182.79,194.96,12342782,0
ORCL.US,D,20181119,000000,192.34,199.13,189.84,198.78,5212368,0
ORCL.US,D,20181119,000000,204.61,205.28,179.78,188.00,4282699,0
ORCL.US,D,20181120,000000,185.01,202.89,183.84,201.43,6189659,0
ORCL.US,D,20181121,000000,198.95,199.99,198.62,199.67,6344118,0
ORCL.US,D,20181122,000000,197.52,198.51,191.20,191.64,5948000,0
ORCL.US,D,20181123,000000,191.93,210.44,191.69,206.22,3172581,0
ORCL.US,D,20181126,000000,201.86,206.87,198.51,206.27,4109769,0
ORCL.US,D,20181126,000000,205.75,215.71,204.07,215.16,5017581,0
ORCL.US,D,20181126,000000,206.92,207.27,202.93,205.77,7009523,0
ORCL.US,D,20181127,000000,207.56,215.64,204.90,212.97,5334954,0
ORCL.US,D,20181128,000000,218.84,221.91,201.63,207.45,5843818,0
ORCL.US,D,20181129,000000,206.23,207.23,200.32,203.17,7256678,0
ORCL.US,D,20181130,000000,205.74,206.33,205.53,205.80,3387122,0
ORCL.US,D,20181203,000000,202.59,215.45,200.20,214.58,6619807,0
ORCL.US,D,20181203,000000,217.53,218.61,209.27,210.76,4489856,0
ORCL.US,D,20181203,000000,205.75,206.81,195.67,199.00,4018239,0
ORCL.US,D,20181204,000000,196.86,212.22,192.99,210.70,5787483,0
ORCL.US,D,20181205,000000,205.99,208.17,195.06,202.01,6732196,0
ORCL.US,D,20181206,000000,193.33,206.45,190.43,206.33,3466131,0
ORCL.US,D,20181207,000000,208.79,213.62,185.24,193.62,5799756,0
ORCL.US,D,20181210,000000,195.60,196.05,152.70,159.98,4426408,0
ORCL.US,D,20181210,000000,163.27,163.49,162.10,162.12,4720672,0
ORCL.US,D,20181210,000000,165.91,166.96,159.58,162.11,6051594,0
ORCL.US,D,20181211,000000,167.70,169.05,144.90,154.17,5115280,0
ORCL.US,D,20181212,000000,156.47,179.88,153.80,167.98,6784063,0
ORCL.US,D,20181213,000000,169.77,178.18,133.77,152.49,4633830,0
ORCL.US,D,20181214,000000,155.06,161.25,154.27,158.07,5576314,0
ORCL.US,D,20181217,000000,160.56,167.05,144.26,144.66,7100740,0
ORCL.US,D,20181217,000000,145.22,149.12,144.09,148.93,5714305,0
ORCL.US,D,20181217,000000,147.64,149.65,138.29,138.85,6974852,0
ORCL.US,D,20181218,000000,136.13,139.13,129.75,131.90,3947300,0
ORCL.US,D,20181219,000000,130.52,131.31,122.90,124.55,7116070,0
ORCL.US,D,20181220,000000,124.54,138.45,121.12,134.21,3457428,0
ORCL.US,D,20181221,000000,138.40,146.77,134.31,144.32,5437317,0
ORCL.US,D,20181224,000000,144.69,144.73,139.72,141.08,5572321,0
ORCL.US,D,20181224,000000,144.96,156.49,141.58,152.15,5157749,0
ORCL.US,D,20181224,000000,151.47,152.89,151.16,151.87,5723751,0
ORCL.US,D,20181225,000000,153.97,154.65,149.69,150.92,5052231,0
ORCL.US,D,20181226,000000,147.98,158.16,144.68,156.98,4734590,0
ORCL.US,D,20181227,000000,159.87,160.91,156.27,157.71,3627782,0
ORCL.US,D,20181228,000000,159.79,161.10,158.90,160.34,5410615,0
ORCL.US,D,20181231,000000,160.56,180.04,149.68,175.90,6497267,0
ORCL.US,D,20181231,000000,175.37,198.83,170.68,190.15,2604007,0
ORCL.US,D,20181231,000000,190.99,221.27,187.20,217.74,5687933,0
ORCL.US,D,20190101,000000,229.90,233.09,217.60,222.61,2513820,0
ORCL.US,D,20190102,000000,222.90,226.15,204.99,206.29,7177032,0
ORCL.US,D,20190103,000000,205.87,206.83,205.46,205.71,3285422,0
ORCL.US,D,20190104,000000,205.87,208.44,183.91,185.22,3100250,0
ORCL.US,D,20190107,000000,185.67,189.21,174.45,177.45,7176518,0
ORCL.US,D,20190107,000000,175.00,183.99,174.47,181.64,4223569,0
ORCL.US,D,20190107,000000,180.26,183.71,179.91,182.86,3518059,0
ORCL.US,D,20190108,000000,183.61,189.21,180.42,186.77,7127991,0
ORCL.US,D,20190109,000000,189.34,207.59,180.36,201.88,6645510,0
ORCL.US,D,20190110,000000,206.08,207.16,202.54,204.49,3458094,0
ORCL.US,D,20190111,000000,202.18,206.22,181.75,188.11,2723353,0
ORCL.US,D,20190114,000000,187.14,201.27,183.73,197.68,5235671,0
ORCL.US,D,20190114,000000,200.06,207.23,199.87,206.65,4163022,0
ORCL.US,D,20190114,000000,210.53,211.27,210.52,210.84,6751423,0
ORCL.US,D,20190115,000000,213.93,215.74,205.71,207.54,4331603,0
ORCL.US,D,20190116,000000,210.65,214.72,182.26,185.95,6410847,0
ORCL.US,D,20190117,000000,184.48,190.44,183.68,190.09,2920558,0
ORCL.US,D,20190118,000000,184.07,209.48,184.06,200.30,3418938,0
ORCL.US,D,20190121,000000,199.83,201.63,194.94,194.97,2727520,0
ORCL.US,D,20190121,000000,199.35,219.48,194.56,217.32,5817323,0
ORCL.US,D,20190121,000000,219.80,222.97,207.28,211.53,6347499,0
ORCL.US,D,20190122,000000,214.16,217.03,203.57,205.53,4348893,0
ORCL.US,D,20190123,000000,203.68,219.06,197.72,218.34,4749965,0
ORCL.US,D,20190124,000000,221.68,236.39,219.11,230.75,3721589,0
ORCL.US,D,20190125,000000,234.33,252.93,232.51,251.48,7400758,0
ORCL.US,D,20190128,000000,259.91,263.01,239.37,247.61,5148821,0
ORCL.US,D,20190128,000000,239.73,252.96,235.12,244.67,4325105,0
ORCL.US,D,20190128,000000,245.99,256.08,244.06,252.57,2892632,0
ORCL.US,D,20190129,000000,250.75,279.57,248.88,268.83,6082227,0
ORCL.US,D,20190130,000000,272.58,275.92,253.71,260.42,4935553,0
ORCL.US,D,20190131,000000,256.94,260.66,250.37,253.90,6861794,0
ORCL.US,D,20190201,000000,259.90,300.19,259.85,296.90,6685074,0
ORCL.US,D,20190204,000000,299.06,308.51,296.33,306.72,4709701,0
ORCL.US,D,20190204,000000,304.20,315.86,302.59,312.30,4595863,0
ORCL.US,D,20190204,000000,318.10,326.79,282.53,290.15,5707245,0
ORCL.US,D,20190205,000000,295.11,310.02,294.15,306.94,4085469,0
ORCL.US,D,20190206,000000,308.92,332.85,300.53,330.90,6765088,0
ORCL.US,D,20190207,000000,337.66,338.64,301.77,316.57,6240483,0
ORCL.US,D,20190208,000000,314.98,349.59,310.34,339.57,7076923,0
ORCL.US,D,20190211,000000,344.03,352.85,303.30,323.22,3146255,0
ORCL.US,D,20190211,000000,327.16,327.53,309.95,314.21,6951190,0
ORCL.US,D,20190211,000000,307.34,309.84,298.48,303.67,5668463,0
ORCL.US,D,20190212,000000,300.84,308.12,300.34,306.26,7384877,0
ORCL.US,D,20190213,000000,296.49,316.71,291.55,315.30,3574409,0
ORCL.US,D,20190214,000000,321.90,323.83,309.08,311.61,3400523,0
ORCL.US,D,20190215,000000,305.66,320.70,302.16,319.15,3749494,0
ORCL.US,D,20190218,000000,325.32,350.41,324.64,348.86,6568540,0
ORCL.US,D,20190218,000000,347.89,348.68,324.93,335.92,2941100,0
ORCL.US,D,20190218,000000,342.87,374.08,336.76,371.15,2574802,0
ORCL.US,D,20190219,000000,373.60,405.26,365.22,395.97,4056756,0
ORCL.US,D,20190220,000000,384.30,389.32,383.80,388.32,3396904,0
ORCL.US,D,20190221,000000,388.64,389.41,373.19,375.90,3273392,0
ORCL.US,D,20190222,000000,369.13,377.72,344.70,349.81,4621932,0
ORCL.US,D,20190225,000000,357.49,385.87,357.21,374.25,3522726,0
ORCL.US,D,20190225,000000,374.97,377.53,334.14,344.43,4722506,0
ORCL.US,D,20190225,000000,337.75,402.05,332.44,391.25,5834718,0
ORCL.US,D,20190226,000000,384.71,389.96,334.04,347.26,4307050,0
ORCL.US,D,20190227,000000,350.27,378.96,342.16,376.58,5172777,0
ORCL.US,D,20190228,000000,383.11,384.26,373.55,374.03,2931231,0
ORCL.US,D,20190301,000000,363.14,363.28,362.43,362.43,7222887,0
ORCL.US,D,20190304,000000,355.46,363.18,288.36,292.55,6101069,0
ORCL.US,D,20190304,000000,296.91,319.00,289.91,313.03,4400483,0
ORCL.US,D,20190304,000000,318.23,342.87,315.18,333.62,4512395,0
ORCL.US,D,20190305,000000,349.75,358.16,301.96,308.82,6949587,0
ORCL.US,D,20190306,000000,316.91,320.91,287.19,291.95,3533614,0
ORCL.US,D,20190307,000000,283.76,284.16,274.68,277.17,3521183,0
ORCL.US,D,20190308,000000,276.62,316.41,265.76,312.61,6569560,0
ORCL.US,D,20190311,000000,301.51,333.76,293.71,328.55,2895567,0
ORCL.US,D,20190311,000000,332.46,406.51,319.17,370.43,4258313,0
ORCL.US,D,20190311,000000,371.34,371.37,363.05,366.06,6287808,0
ORCL.US,D,20190312,000000,361.84,429.14,359.89,415.32,5787744,0
ORCL.US,D,20190313,000000,411.90,446.78,403.39,432.18,6174914,0
ORCL.US,D,20190314,000000,428.81,463.94,422.33,456.35,3410290,0
ORCL.US,D,20190315,000000,454.98,457.74,405.09,412.63,6973061,0
ORCL.US,D,20190318,000000,413.08,418.69,401.78,404.20,5925638,0
ORCL.US,D,20190318,000000,395.28,395.56,387.10,392.97,4112506,0
ORCL.US,D,20190318,000000,388.86,399.19,293.51,327.14,7272715,0
ORCL.US,D,20190319,000000,329.46,344.81,281.88,293.45,3900190,0
ORCL.US,D,20190320,000000,294.79,300.00,259.10,264.15,3185498,0
ORCL.US,D,20190321,000000,263.02,291.24,254.49,285.46,3755326,0
ORCL.US,D,20190322,000000,283.33,311.68,282.65,307.87,4772444,0
ORCL.US,D,20190325,000000,314.22,349.16,309.02,342.22,6579046,0
ORCL.US,D,20190325,000000,337.12,340.19,301.59,312.39,3361923,0
ORCL.US,D,20190325,000000,313.56,317.14,281.77,283.49,4525758,0
ORCL.US,D,20190326,000000,291.95,293.29,269.74,278.97,6076957,0
ORCL.US,D,20190327,000000,277.16,344.00,270.13,334.75,5538655,0
ORCL.US,D,20190328,000000,338.13,381.99,326.25,373.63,4793649,0
ORCL.US,D,20190329,000000,369.28,369.73,364.87,366.30,4458225,0
ORCL.US,D,20190401,000000,373.72,385.10,343.61,348.70,6881075,0
ORCL.US,D,20190401,000000,354.83,359.51,334.07,335.29,6989460,0
ORCL.US,D,20190401,000000,332.19,340.34,328.79,339.94,3304270,0
ORCL.US,D,20190402,000000,331.15,342.28,328.68,337.07,6685308,0
ORCL.US,D,20190403,000000,326.50,380.79,303.26,375.51,6882300,0
ORCL.US,D,20190404,000000,366.38,376.37,365.96,376.09,4858748,0
ORCL.US,D,20190405,000000,382.35,390.95,377.03,390.65,3815864,0
ORCL.US,D,20190408,000000,384.91,389.24,384.17,387.87,6085127,0
ORCL.US,D,20190408,000000,386.17,387.06,351.20,370.17,3015854,0
ORCL.US,D,20190408,000000,368.58,398.76,299.00,322.97,5166252,0
ORCL.US,D,20190409,000000,317.53,325.91,271.93,287.49,4488056,0
ORCL.US,D,20190410,000000,283.40,312.43,277.75,300.46,7191999,0
ORCL.US,D,20190411,000000,307.86,315.62,270.24,272.28,6156350,0
ORCL.US,D,20190412,000000,282.78,286.75,262.55,272.20,6651888,0
ORCL.US,D,20190415,000000,262.92,269.49,210.54,215.39,3951669,0
ORCL.US,D,20190415,000000,211.83,231.60,208.91,229.39,4841049,0
ORCL.US,D,20190415,000000,227.43,240.60,176.93,196.29,7316516,0
ORCL.US,D,20190416,000000,198.22,231.35,192.51,226.04,6161203,0
ORCL.US,D,20190417,000000,216.37,216.99,203.02,205.85,4772398,0
ORCL.US,D,20190418,000000,203.92,218.34,199.52,213.90,6889421,0
ORCL.US,D,20190419,000000,213.55,215.45,209.65,209.88,2724848,0
ORCL.US,D,20190422,000000,208.94,238.22,206.44,234.22,7394535,0
ORCL.US,D,20190422,000000,233.27,234.26,223.60,223.89,5805864,0
ORCL.US,D,20190422,000000,225.39,226.54,208.25,210.86,2714253,0
ORCL.US,D,20190423,000000,207.72,208.80,205.79,205.87,4977758,0
ORCL.US,D,20190424,000000,209.26,231.87,208.15,220.11,3877723,0
ORCL.US,D,20190425,000000,217.85,224.95,204.15,204.46,4562413,0
ORCL.US,D,20190426,000000,203.61,204.58,192.26,194.35,6215680,0
ORCL.US,D,20190429,000000,200.25,204.53,200.18,202.88,5632976,0
ORCL.US,D,20190429,000000,205.08,229.16,200.08,220.13,6397383,0
ORCL.US,D,20190429,000000,216.02,216.29,194.09,199.54,3220076,0
ORCL.US,D,20190430,000000,204.26,205.73,196.99,200.96,5827024,0
ORCL.US,D,20190501,000000,202.02,224.04,201.15,216.32,6656762,0
ORCL.US,D,20190502,000000,215.53,225.89,215.36,225.30,4001897,0
ORCL.US,D,20190503,000000,214.42,224.24,167.23,181.20,5101548,0
ORCL.US,D,20190506,000000,181.27,185.23,159.48,165.33,4189114,0
ORCL.US,D,20190506,000000,166.09,166.36,164.77,165.09,2616726,0
ORCL.US,D,20190506,000000,165.06,166.51,156.52,156.97,7134994,0
ORCL.US,D,20190507,000000,158.61,179.62,156.79,174.04,3704151,0
ORCL.US,D,20190508,000000,178.00,192.55,176.84,191.55,4123065,0
ORCL.US,D,20190509,000000,194.75,195.67,168.19,171.01,2715822,0
ORCL.US,D,20190510,000000,174.41,178.25,158.47,164.57,5082868,0
ORCL.US,D,20190513,000000,163.88,163.96,159.74,160.58,6208011,0
ORCL.US,D,20190513,000000,156.86,161.19,144.63,144.92,6674089,0
ORCL.US,D,20190513,000000,147.86,176.80,142.61,163.87,2920014,0
ORCL.US,D,20190514,000000,156.93,164.53,156.84,164.13,3504076,0
ORCL.US,D,20190515,000000,163.63,166.35,162.44,164.32,7298708,0
ORCL.US,D,20190516,000000,164.40,164.43,164.10,164.16,5177019,0
ORCL.US,D,20190517,000000,164.72,165.95,131.96,135.85,5916250,0
ORCL.US,D,20190520,000000,131.70,136.69,130.80,136.18,3663748,0
ORCL.US,D,20190520,000000,138.65,139.05,131.79,132.34,5660677,0
ORCL.US,D,20190520,000000,129.09,142.80,127.24,136.96,6172801,0
ORCL.US,D,20190521,000000,137.66,151.36,133.60,148.20,2648236,0
ORCL.US,D,20190522,000000,143.40,163.44,138.29,160.90,4978737,0
ORCL.US,D,20190523,000000,159.99,160.43,158.04,159.61,2631843,0
ORCL.US,D,20190524,000000,153.74,154.47,150.72,151.40,3335093,0
ORCL.US,D,20190527,000000,148.24,163.47,142.49,157.29,4511446,0
ORCL.US,D,20190527,000000,154.92,172.14,151.67,168.60,7414809,0
ORCL.US,D,20190527,000000,167.89,170.01,167.03,169.77,7238354,0
ORCL.US,D,20190528,000000,167.69,176.61,163.83,174.76,5318097,0
ORCL.US,D,20190529,000000,172.31,188.40,171.35,185.33,7195388,0
ORCL.US,D,20190530,000000,192.69,195.71,170.96,176.80,6380570,0
ORCL.US,D,20190531,000000,184.47,193.09,167.15,172.02,5854269,0
ORCL.US,D,20190603,000000,172.83,188.26,172.76,181.74,3651249,0
ORCL.US,D,20190603,000000,178.93,182.62,172.79,174.20,2971458,0
ORCL.US,D,20190603,000000,176.32,189.19,174.75,182.49,3930928,0
ORCL.US,D,20190604,000000,183.26,205.88,182.88,197.95,5369338,0
ORCL.US,D,20190605,000000,198.46,199.84,180.01,185.30,6918212,0
ORCL.US,D,20190606,000000,188.51,188.53,186.92,187.77,6069603,0
ORCL.US,D,20190607,000000,188.30,209.97,187.19,199.77,2643589,0
ORCL.US,D,20190610,000000,198.79,228.93,194.39,215.11,3154653,0
ORCL.US,D,20190610,000000,214.85,216.03,208.96,211.35,4889661,0
ORCL.US,D,20190610,000000,212.09,216.57,211.33,214.74,4410334,0
ORCL.US,D,20190611,000000,214.61,243.30,213.44,235.17,3970375,0
ORCL.US,D,20190612,000000,229.45,234.56,209.37,220.89,6284397,0
ORCL.US,D,20190613,000000,223.86,232.26,188.13,207.23,3426930,0
ORCL.US,D,20190614,000000,217.19,221.31,191.15,200.32,7033144,0
ORCL.US,D,20190617,000000,204.80,205.46,188.48,190.14,7430023,0
ORCL.US,D,20190617,000000,187.97,211.73,181.03,205.55,4543289,0
ORCL.US,D,20190617,000000,206.27,213.66,204.48,213.16,5093144,0
ORCL.US,D,20190618,000000,213.28,215.93,189.86,200.62,5825224,0
ORCL.US,D,20190619,000000,196.11,213.83,192.94,211.14,3918637,0
ORCL.US,D,20190620,000000,203.86,206.59,203.54,205.44,3578086,0
ORCL.US,D,20190621,000000,203.40,206.35,196.46,196.72,2629262,0
ORCL.US,D,20190624,000000,188.55,200.10,188.38,195.71,7463612,0
ORCL.US,D,20190624,000000,189.24,217.84,188.24,214.65,5036688,0
ORCL.US,D,20190624,000000,204.47,205.65,194.24,196.70,2599928,0
ORCL.US,D,20190625,000000,202.30,223.64,191.61,221.78,2712184,0
ORCL.US,D,20190626,000000,220.57,244.10,216.46,239.06,2779232,0
ORCL.US,D,20190627,000000,236.67,242.55,235.01,239.59,4615885,0
ORCL.US,D,20190628,000000,232.45,233.36,223.04,223.32,2874891,0
ORCL.US,D,20190701,000000,222.12,224.30,204.82,209.93,4628358,0
ORCL.US,D,20190701,000000,214.56,215.41,211.63,212.63,6444731,0
ORCL.US,D,20190701,000000,209.66,218.58,208.39,216.62,4097038,0
ORCL.US,D,20190702,000000,220.38,222.16,205.14,209.31,5415539,0
ORCL.US,D,20190703,000000,209.99,212.19,207.93,209.78,6437335,0
ORCL.US,D,20190704,000000,212.29,212.54,211.14,211.37,3506582,0
ORCL.US,D,20190705,000000,210.82,214.02,186.22,186.94,3069707,0
ORCL.US,D,20190708,000000,185.35,185.41,181.27,182.83,2760074,0
ORCL.US,D,20190708,000000,186.35,188.08,185.80,187.88,5375850,0
ORCL.US,D,20190708,000000,189.62,196.06,189.05,193.90,4198638,0
ORCL.US,D,20190709,000000,195.10,195.83,174.80,180.99,6868304,0
ORCL.US,D,20190710,000000,180.32,180.98,161.83,166.55,2966495,0
ORCL.US,D,20190711,000000,160.35,186.57,152.48,186.19,6346347,0
ORCL.US,D,20190712,000000,186.09,221.07,177.40,216.46,2838692,0
ORCL.US,D,20190715,000000,220.38,221.28,213.16,216.48,5846318,0
ORCL.US,D,20190715,000000,212.68,213.63,210.33,211.28,7213952,0
ORCL.US,D,20190715,000000,215.22,217.12,191.98,199.18,3131889,0
ORCL.US,D,20190716,000000,209.71,210.12,208.00,208.60,4318793,0
ORCL.US,D,20190717,000000,207.63,244.41,202.43,242.44,5208443,0
ORCL.US,D,20190718,000000,238.95,242.18,227.95,233.02,4611057,0
ORCL.US,D,20190719,000000,238.18,247.30,235.22,245.48,3903392,0
ORCL.US,D,20190722,000000,243.26,248.10,224.78,231.20,4881814,0
ORCL.US,D,20190722,000000,228.41,261.28,228.03,252.73,6698121,0
ORCL.US,D,20190722,000000,260.60,274.23,258.31,272.42,3563849,0
ORCL.US,D,20190723,000000,267.97,278.33,238.73,243.98,5718350,0
ORCL.US,D,20190724,000000,246.25,262.71,240.94,261.38,4637047,0
ORCL.US,D,20190725,000000,269.49,270.57,251.41,251.44,4363195,0
ORCL.US,D,20190726,000000,256.30,257.15,254.26,254.91,6801947,0
ORCL.US,D,20190729,000000,254.09,259.57,199.45,213.64,2510937,0
ORCL.US,D,20190729,000000,221.49,234.71,218.87,234.64,5794641,0
ORCL.US,D,20190729,000000,238.18,238.18,210.37,220.92,6950765,0
ORCL.US,D,20190730,000000,222.98,235.10,222.35,231.75,6563574,0
ORCL.US,D,20190731,000000,236.56,240.97,212.75,219.97,3392570,0
ORCL.US,D,20190801,000000,215.27,215.59,210.42,212.25,3469745,0
ORCL.US,D,20190802,000000,212.38,225.07,208.61,223.95,3055643,0
ORCL.US,D,20190805,000000,225.48,226.97,214.78,218.74,5479432,0
ORCL.US,D,20190805,000000,208.60,224.66,208.22,221.83,5053729,0
ORCL.US,D,20190805,000000,220.67,221.75,193.19,204.67,4418851,0
ORCL.US,D,20190806,000000,201.33,217.65,200.61,215.42,5385189,0
ORCL.US,D,20190807,000000,220.99,225.01,220.80,224.54,7488068,0
ORCL.US,D,20190808,000000,220.16,235.72,219.29,231.48,5913594,0
ORCL.US,D,20190809,000000,231.01,240.47,229.74,239.39,5142953,0
ORCL.US,D,20190812,000000,238.49,242.09,209.95,215.66,3518573,0
ORCL.US,D,20190812,000000,217.48,226.96,214.38,218.78,3890527,0
ORCL.US,D,20190812,000000,221.33,228.37,217.69,227.39,4535571,0
ORCL.US,D,20190813,000000,226.42,227.29,221.46,224.60,5763184,0
ORCL.US,D,20190814,000000,220.87,238.85,217.36,232.89,6642441,0
ORCL.US,D,20190815,000000,232.42,238.18,205.15,205.55,5824031,0
ORCL.US,D,20190816,000000,204.82,207.47,197.04,198.53,2681741,0
ORCL.US,D,20190819,000000,201.82,203.92,195.91,196.28,4592948,0
ORCL.US,D,20190819,000000,199.90,200.04,197.79,199.30,5606295,0
ORCL.US,D,20190819,000000,194.68,208.23,194.45,206.76,6232731,0
ORCL.US,D,20190820,000000,213.94,214.58,210.92,211.01,7103981,0
ORCL.US,D,20190821,000000,212.57,218.63,211.94,218.03,7006607,0
ORCL.US,D,20190822,000000,218.78,223.93,204.48,204.83,4636044,0
ORCL.US,D,20190823,000000,207.34,224.02,202.81,221.14,3437631,0
ORCL.US,D,20190826,000000,209.47,213.81,208.54,212.00,2737118,0
ORCL.US,D,20190826,000000,209.85,229.40,209.15,223.94,4153047,0
ORCL.US,D,20190826,000000,222.65,232.67,220.95,228.44,5245162,0
ORCL.US,D,20190827,000000,219.43,219.46,216.12,217.37,4530683,0
ORCL.US,D,20190828,000000,212.11,212.15,200.99,201.08,6202800,0
ORCL.US,D,20190829,000000,198.24,207.73,197.59,204.44,5078813,0
ORCL.US,D,20190830,000000,202.03,202.69,200.93,202.34,5631837,0
ORCL.US,D,20190902,000000,202.39,214.28,201.86,209.73,2659827,0
ORCL.US,D,20190902,000000,214.24,237.12,213.42,234.38,6565417,0
ORCL.US,D,20190902,000000,232.35,257.21,232.24,249.74,5470584,0
ORCL.US,D,20190903,000000,244.45,245.51,237.99,239.03,3021351,0
ORCL.US,D,20190904,000000,237.15,237.80,216.45,219.16,6318645,0
ORCL.US,D,20190905,000000,221.85,230.21,221.73,230.18,4841361,0
ORCL.US,D,20190906,000000,225.46,254.51,218.76,250.62,4714606,0
ORCL.US,D,20190909,000000,251.28,256.79,250.88,256.40,2666680,0
ORCL.US,D,20190909,000000,252.63,252.69,248.66,250.75,2884530,0
ORCL.US,D,20190909,000000,256.13,265.26,255.98,264.09,6287051,0
ORCL.US,D,20190910,000000,253.79,325.93,240.54,321.92,4809197,0
ORCL.US,D,20190911,000000,323.83,324.39,295.79,301.56,3501339,0
ORCL.US,D,20190912,000000,305.12,307.91,304.64,307.46,7106891,0
ORCL.US,D,20190913,000000,310.48,340.94,243.84,251.29,3463095,0
ORCL.US,D,20190916,000000,246.11,314.59,238.15,295.06,3263070,0
ORCL.US,D,20190916,000000,313.65,314.62,270.46,283.24,6830348,0
ORCL.US,D,20190916,000000,291.91,302.16,254.41,262.19,4459125,0
ORCL.US,D,20190917,000000,255.65,256.65,248.06,252.90,4925561,0
ORCL.US,D,20190918,000000,250.22,268.05,243.85,264.82,5720737,0
ORCL.US,D,20190919,000000,259.12,262.27,228.59,230.27,5823984,0
ORCL.US,D,20190920,000000,218.45,246.79,211.34,245.08,6020109,0
ORCL.US,D,20190923,000000,247.49,260.93,212.85,221.14,3148648,0
ORCL.US,D,20190923,000000,227.63,228.42,217.00,217.13,3097760,0
ORCL.US,D,20190923,000000,220.11,229.49,218.62,227.73,4650484,0
ORCL.US,D,20190924,000000,221.78,254.98,214.64,247.02,4515135,0
ORCL.US,D,20190925,000000,254.13,256.56,232.48,238.66,5147384,0
ORCL.US,D,20190926,000000,235.60,235.71,235.34,235.67,3171718,0
ORCL.US,D,20190927,000000,229.84,245.11,228.53,243.61,6495181,0
ORCL.US,D,20190930,000000,240.86,241.40,237.84,238.94,2616751,0
ORCL.US,D,20190930,000000,246.62,284.99,241.33,275.97,7379275,0
ORCL.US,D,20190930,000000,268.94,302.46,263.88,299.78,4893028,0
ORCL.US,D,20191001,000000,311.06,325.30,310.39,323.24,6113576,0
ORCL.US,D,20191002,000000,319.89,320.94,312.42,315.40,4056440,0
ORCL.US,D,20191003,000000,333.63,348.38,329.46,339.89,6570824,0
ORCL.US,D,20191004,000000,335.84,357.03,331.00,353.23,3841426,0
ORCL.US,D,20191007,000000,339.99,383.91,332.00,361.68,3276106,0
ORCL.US,D,20191007,000000,350.74,365.59,348.82,365.08,6533738,0
ORCL.US,D,20191007,000000,365.66,369.39,364.76,368.58,5872108,0
ORCL.US,D,20191008,000000,354.25,364.73,349.42,364.13,4314643,0
ORCL.US,D,20191009,000000,351.66,352.82,325.86,336.02,5280327,0
ORCL.US,D,20191010,000000,352.70,356.31,268.33,283.00,6957223,0
ORCL.US,D,20191011,000000,285.95,294.59,261.65,261.95,4315020,0
ORCL.US,D,20191014,000000,262.27,268.51,259.93,266.43,5554876,0
ORCL.US,D,20191014,000000,269.62,274.71,227.32,229.38,3201585,0
ORCL.US,D,20191014,000000,229.32,241.82,228.19,237.69,6258134,0
ORCL.US,D,20191015,000000,238.79,241.85,235.21,238.39,4597161,0
ORCL.US,D,20191016,000000,234.75,256.18,234.70,251.48,2764552,0
ORCL.US,D,20191017,000000,239.35,281.64,227.70,272.25,4985062,0
ORCL.US,D,20191018,000000,274.47,274.50,242.91,254.09,5208938,0
ORCL.US,D,20191021,000000,253.56,260.17,248.27,249.64,2815085,0
ORCL.US,D,20191021,000000,253.81,259.33,252.04,259.04,3021582,0
ORCL.US,D,20191021,000000,257.19,257.71,256.21,256.93,5104707,0
ORCL.US,D,20191022,000000,254.18,266.44,223.83,231.70,5608250,0
ORCL.US,D,20191023,000000,222.25,222.71,205.30,212.20,3423434,0
ORCL.US,D,20191024,000000,213.40,231.13,209.88,225.35,7100339,0
ORCL.US,D,20191025,000000,228.02,229.95,201.72,209.13,4578474,0
ORCL.US,D,20191028,000000,216.61,217.24,196.08,204.92,6037353,0
ORCL.US,D,20191028,000000,210.01,214.83,195.91,195.97,3379160,0
ORCL.US,D,20191028,000000,197.33,228.17,188.26,225.73,6581284,0
ORCL.US,D,20191029,000000,216.22,218.42,204.48,205.86,4447760,0
ORCL.US,D,20191030,000000,209.27,209.97,205.47,206.43,3772001,0
ORCL.US,D,20191031,000000,198.25,206.86,181.97,192.98,6899537,0
ORCL.US,D,20191101,000000,188.96,189.19,178.02,179.12,5622020,0
ORCL.US,D,20191104,000000,175.28,182.60,173.18,176.75,5936678,0
ORCL.US,D,20191104,000000,178.10,195.48,173.88,188.75,6371267,0
ORCL.US,D,20191104,000000,192.18,198.84,191.15,198.25,6686205,0
ORCL.US,D,20191105,000000,197.35,203.28,195.93,201.99,6448214,0
ORCL.US,D,20191106,000000,193.92,209.30,188.25,202.32,4436089,0
ORCL.US,D,20191107,000000,203.73,204.76,199.48,199.50,2673470,0
ORCL.US,D,20191108,000000,198.11,215.73,196.41,209.55,4766355,0
ORCL.US,D,20191111,000000,205.72,206.75,196.28,196.35,6264061,0
ORCL.US,D,20191111,000000,201.47,215.82,150.07,163.35,3796975,0
ORCL.US,D,20191111,000000,162.20,173.36,161.12,173.08,4633103,0
ORCL.US,D,20191112,000000,175.87,181.60,144.64,153.54,6406225,0
ORCL.US,D,20191113,000000,154.73,167.40,154.54,160.22,5864775,0
ORCL.US,D,20191114,000000,163.07,166.11,162.29,163.26,3311988,0
ORCL.US,D,20191115,000000,165.85,168.49,161.47,161.64,6133636,0
ORCL.US,D,20191118,000000,164.81,165.79,164.70,165.05,5979164,0
ORCL.US,D,20191118,000000,164.49,165.18,162.49,164.41,4157287,0
ORCL.US,D,20191118,000000,165.00,198.07,162.19,192.89,6495998,0
ORCL.US,D,20191119,000000,197.82,202.83,194.03,196.12,3438176,0
ORCL.US,D,20191120,000000,203.67,206.07,177.62,190.39,3961041,0
ORCL.US,D,20191121,000000,189.44,219.08,187.02,214.26,6203992,0
ORCL.US,D,20191122,000000,215.06,217.47,195.87,197.72,4771436,0
ORCL.US,D,20191125,000000,195.04,195.44,190.76,193.43,4056059,0
ORCL.US,D,20191125,000000,183.98,187.73,152.98,162.36,3136805,0
ORCL.US,D,20191125,000000,164.38,191.53,161.45,186.79,2578091,0
ORCL.US,D,20191126,000000,189.89,189.99,188.80,189.06,4800511,0
ORCL.US,D,20191127,000000,183.43,188.52,181.13,186.29,3933661,0
ORCL.US,D,20191128,000000,187.34,193.45,176.01,179.80,6332030,0
ORCL.US,D,20191129,000000,180.92,181.33,177.66,180.49,6897162,0
ORCL.US,D,20191202,000000,181.11,181.93,178.89,179.94,3956796,0
ORCL.US,D,20191202,000000,182.72,188.60,145.08,147.89,4781527,0
ORCL.US,D,20191202,000000,143.14,159.87,137.83,156.36,3120768,0
ORCL.US,D,20191203,000000,152.18,166.66,150.36,160.73,3510638,0
ORCL.US,D,20191204,000000,166.13,167.55,134.46,151.81,3376074,0
ORCL.US,D,20191205,000000,151.49,180.73,150.78,173.62,4952969,0
ORCL.US,D,20191206,000000,173.31,175.02,173.12,173.78,4526102,0
ORCL.US,D,20191209,000000,163.59,167.17,125.68,129.44,3534205,0
ORCL.US,D,20191209,000000,131.81,134.28,131.55,132.96,7032287,0
ORCL.US,D,20191209,000000,133.49,140.24,133.40,138.43,5363400,0
ORCL.US,D,20191210,000000,138.98,146.03,138.51,144.59,3428310,0
ORCL.US,D,20191211,000000,140.49,144.06,140.12,142.22,4516910,0
ORCL.US,D,20191212,000000,137.13,151.26,136.34,147.21,2622312,0
ORCL.US,D,20191213,000000,153.01,159.51,151.76,154.15,4374420,0
ORCL.US,D,20191216,000000,154.75,159.52,143.65,143.66,4046591,0
ORCL.US,D,20191216,000000,137.70,159.04,133.12,150.03,2577905,0
ORCL.US,D,20191216,000000,148.01,154.04,146.96,150.09,7296244,0
ORCL.US,D,20191217,000000,147.21,150.18,146.38,149.01,5214632,0
ORCL.US,D,20191218,000000,150.92,162.90,150.37,156.66,4328066,0
ORCL.US,D,20191219,000000,150.91,153.38,144.03,145.85,4499366,0
ORCL.US,D,20191220,000000,148.46,150.74,146.98,149.69,5792558,0
ORCL.US,D,20191223,000000,144.48,191.61,137.11,175.32,6058848,0
ORCL.US,D,20191223,000000,172.59,176.83,172.17,175.06,4773928,0
ORCL.US,D,20191223,000000,175.46,192.56,167.43,185.54,6463260,0
ORCL.US,D,20191224,000000,187.82,188.36,178.23,182.63,3203260,0
ORCL.US,D,20191225,000000,181.47,182.15,178.71,180.95,7236926,0
ORCL.US,D,20191226,000000,180.87,184.93,159.37,165.69,6156473,0
ORCL.US,D,20191227,000000,164.75,167.44,146.59,149.78,2616210,0
ORCL.US,D,20191230,000000,148.13,162.26,142.35,161.94,3332896,0
ORCL.US,D,20191230,000000,169.01,171.10,148.12,155.13,3668648,0
ORCL.US,D,20191230,000000,158.63,159.22,158.22,158.34,2894892,0
ORCL.US,D,20191231,000000,160.25,164.62,141.60,148.97,2736864,0
ORCL.US,D,20200101,000000,149.33,156.44,147.81,153.98,5133363,0
ORCL.US,D,20200102,000000,149.44,149.82,146.63,147.93,2893525,0
ORCL.US,D,20200103,000000,144.91,158.60,144.08,154.60,4561712,0
ORCL.US,D,20200106,000000,151.52,151.92,146.32,147.03,4647594,0
ORCL.US,D,20200106,000000,150.51,159.09,149.40,156.90,3183143,0
ORCL.US,D,20200106,000000,157.09,160.86,155.84,159.29,5139294,0
ORCL.US,D,20200107,000000,161.71,163.50,147.94,151.76,4018484,0
ORCL.US,D,20200108,000000,150.64,157.33,149.86,156.58,4732820,0
ORCL.US,D,20200109,000000,158.74,166.21,122.00,139.78,3670296,0
ORCL.US,D,20200110,000000,140.99,162.89,138.43,160.09,6175973,0
ORCL.US,D,20200113,000000,160.51,163.81,141.80,144.31,3665143,0
ORCL.US,D,20200113,000000,147.80,159.60,147.00,158.64,6641625,0
ORCL.US,D,20200113,000000,154.54,167.08,150.07,163.66,5768416,0
ORCL.US,D,20200114,000000,158.87,186.37,149.57,176.21,2753226,0
ORCL.US,D,20200115,000000,175.95,187.03,170.40,186.17,4837148,0
ORCL.US,D,20200116,000000,183.41,185.64,164.96,175.12,6947528,0
ORCL.US,D,20200117,000000,180.00,199.44,170.64,193.75,3600966,0
ORCL.US,D,20200120,000000,198.14,200.70,141.75,161.24,6592720,0
ORCL.US,D,20200120,000000,166.72,167.65,140.46,143.96,5276560,0
ORCL.US,D,20200120,000000,142.74,148.31,141.17,146.60,4847428,0
ORCL.US,D,20200121,000000,142.19,176.47,134.88,176.26,5728919,0
ORCL.US,D,20200122,000000,172.42,192.90,164.96,187.56,5997056,0
ORCL.US,D,20200123,000000,182.54,192.59,181.14,189.31,7264634,0
ORCL.US,D,20200124,000000,189.53,225.77,181.38,220.09,4602417,0
ORCL.US,D,20200127,000000,216.29,220.56,215.06,220.45,6272653,0
ORCL.US,D,20200127,000000,218.09,245.37,214.90,230.24,3814714,0
ORCL.US,D,20200127,000000,228.25,230.84,210.97,214.37,3575867,0
ORCL.US,D,20200128,000000,212.34,220.77,180.79,197.17,5904230,0
ORCL.US,D,20200129,000000,196.45,198.69,195.41,198.16,3372742,0
ORCL.US,D,20200130,000000,195.93,203.72,176.29,179.55,5025482,0
ORCL.US,D,20200131,000000,178.74,209.62,178.22,199.68,3760780,0
ORCL.US,D,20200203,000000,196.38,203.27,196.21,202.01,7220443,0
ORCL.US,D,20200203,000000,205.26,217.83,201.74,213.99,7340825,0
ORCL.US,D,20200203,000000,212.48,217.48,189.78,199.91,6915336,0
ORCL.US,D,20200204,000000,197.89,207.72,197.77,205.23,4077893,0
ORCL.US,D,20200205,000000,203.86,228.48,196.44,224.29,6957704,0
ORCL.US,D,20200206,000000,224.79,228.44,211.38,213.81,2779962,0
ORCL.US,D,20200207,000000,219.03,233.15,217.65,229.93,3593756,0
ORCL.US,D,20200210,000000,236.40,242.22,217.33,218.56,3479302,0
ORCL.US,D,20200210,000000,223.77,255.05,218.19,248.43,5886004,0
ORCL.US,D,20200210,000000,254.73,259.77,234.82,240.90,2886692,0
ORCL.US,D,20200211,000000,241.98,242.42,241.40,242.28,6851603,0
ORCL.US,D,20200212,000000,251.11,255.39,223.70,232.35,3026694,0
ORCL.US,D,20200213,000000,229.97,233.42,207.35,211.53,6878010,0
ORCL.US,D,20200214,000000,209.48,212.46,193.20,199.22,3787408,0
ORCL.US,D,20200217,000000,210.41,213.43,203.28,203.43,7486509,0
ORCL.US,D,20200217,000000,196.31,199.88,181.38,181.70,5084189,0
ORCL.US,D,20200217,000000,189.62,192.42,178.51,182.58,5056498,0
ORCL.US,D,20200218,000000,179.82,180.96,172.94,173.20,7264157,0
ORCL.US,D,20200219,000000,167.88,179.17,167.45,175.06,3675027,0
ORCL.US,D,20200220,000000,167.81,168.71,154.20,157.74,2973122,0
ORCL.US,D,20200221,000000,157.51,169.42,156.72,165.28,4049397,0
ORCL.US,D,20200224,000000,164.77,169.09,134.54,141.21,3305703,0
ORCL.US,D,20200224,000000,146.20,154.14,104.97,124.01,6906690,0
ORCL.US,D,20200224,000000,125.49,133.82,97.76,102.59,4180263,0
ORCL.US,D,20200225,000000,102.15,104.01,89.21,92.60,4754746,0
ORCL.US,D,20200226,000000,93.80,103.67,89.27,103.40,2706701,0
ORCL.US,D,20200227,000000,104.26,119.28,102.82,117.76,5600350,0
ORCL.US,D,20200228,000000,111.09,116.11,110.19,113.77,6389217,0
ORCL.US,D,20200302,000000,113.73,114.57,102.79,104.39,7487766,0
ORCL.US,D,20200302,000000,100.41,100.69,88.81,90.89,7261558,0
ORCL.US,D,20200302,000000,91.72,92.00,87.66,87.87,5339874,0
ORCL.US,D,20200303,000000,87.20,87.35,76.88,76.88,2665546,0
ORCL.US,D,20200304,000000,78.52,81.22,75.96,76.48,5863023,0
ORCL.US,D,20200305,000000,76.90,77.19,75.47,75.95,4461297,0
ORCL.US,D,20200306,000000,77.91,85.89,76.53,83.31,3751867,0
ORCL.US,D,20200309,000000,80.49,81.77,74.89,75.96,6760076,0
ORCL.US,D,20200309,000000,74.37,84.76,69.52,82.91,2697356,0
ORCL.US,D,20200309,000000,79.84,99.47,78.42,97.99,6458910,0
ORCL.US,D,20200310,000000,99.47,102.96,71.78,72.77,3244526,0
ORCL.US,D,20200311,000000,72.25,76.12,66.61,67.94,5179376,0
ORCL.US,D,20200312,000000,69.58,78.07,69.52,74.86,4130809,0
ORCL.US,D,20200313,000000,73.81,76.51,63.66,67.93,5305534,0
ORCL.US,D,20200316,000000,67.48,69.43,66.93,68.25,6191346,0
ORCL.US,D,20200316,000000,66.05,66.42,62.01,62.98,4959924,0
ORCL.US,D,20200316,000000,64.22,64.26,52.62,54.52,6998478,0
ORCL.US,D,20200317,000000,54.62,55.84,54.33,55.62,2778474,0
ORCL.US,D,20200318,000000,57.17,63.08,56.89,62.76,4166734,0
ORCL.US,D,20200319,000000,60.64,65.66,58.38,64.20,6992773,0
ORCL.US,D,20200320,000000,65.24,81.95,63.05,77.57,6477578,0
ORCL.US,D,20200323,000000,78.67,79.11,73.50,74.25,3957979,0
ORCL.US,D,20200323,000000,73.52,75.33,68.48,70.97,6558968,0
ORCL.US,D,20200323,000000,71.49,71.50,65.33,66.42,5139113,0
ORCL.US,D,20200324,000000,67.18,68.81,58.70,59.09,5105438,0
ORCL.US,D,20200325,000000,59.10,59.33,58.18,58.33,6392765,0
ORCL.US,D,20200326,000000,61.23,62.08,45.62,50.01,4644764,0
ORCL.US,D,20200327,000000,50.45,54.45,50.26,52.39,3986263,0
ORCL.US,D,20200330,000000,53.02,54.98,52.93,54.67,3589649,0
ORCL.US,D,20200330,000000,54.72,54.98,50.20,53.61,6703023,0
ORCL.US,D,20200330,000000,53.65,58.40,51.65,57.70,7283033,0
ORCL.US,D,20200331,000000,56.32,62.11,54.25,61.23,5784295,0
ORCL.US,D,20200401,000000,62.23,72.79,61.15,67.81,3794732,0
ORCL.US,D,20200402,000000,68.80,68.96,67.34,67.44,5047667,0
ORCL.US,D,20200403,000000,63.06,63.22,61.86,62.58,4871875,0
ORCL.US,D,20200406,000000,63.13,63.66,57.86,59.60,2902895,0
ORCL.US,D,20200406,000000,61.12,61.42,59.56,59.63,4657036,0
ORCL.US,D,20200406,000000,59.82,60.38,49.14,53.63,6163546,0
ORCL.US,D,20200407,000000,53.68,54.33,43.60,47.71,2764617,0
ORCL.US,D,20200408,000000,47.30,48.36,44.92,46.29,4280905,0
ORCL.US,D,20200409,000000,45.98,46.16,42.53,43.36,2576551,0
ORCL.US,D,20200410,000000,42.45,54.34,40.88,51.59,3082025,0
ORCL.US,D,20200413,000000,52.89,52.96,48.84,49.92,5626159,0
ORCL.US,D,20200413,000000,48.58,50.80,48.18,50.04,7420264,0
ORCL.US,D,20200413,000000,48.51,54.83,46.24,54.15,3150522,0
ORCL.US,D,20200414,000000,53.04,61.19,51.43,57.71,7256669,0
ORCL.US,D,20200415,000000,57.42,62.55,55.48,62.36,5034200,0
ORCL.US,D,20200416,000000,60.59,65.59,59.22,62.27,5479979,0
ORCL.US,D,20200417,000000,62.69,69.71,62.38,69.00,5278719,0
ORCL.US,D,20200420,000000,69.71,76.97,66.84,74.73,5298683,0
ORCL.US,D,20200420,000000,75.18,77.26,75.12,76.94,4396075,0
ORCL.US,D,20200420,000000,76.75,77.02,59.95,67.88,6924044,0
ORCL.US,D,20200421,000000,70.33,71.17,59.76,64.08,5222554,0
ORCL.US,D,20200422,000000,65.76,71.95,63.27,70.41,2857051,0
ORCL.US,D,20200423,000000,71.09,80.95,69.28,79.30,3875703,0
ORCL.US,D,20200424,000000,78.55,79.85,78.45,79.41,6974341,0
ORCL.US,D,20200427,000000,80.46,83.39,66.26,70.70,3715023,0
ORCL.US,D,20200427,000000,69.21,70.73,64.25,64.72,3204421,0
ORCL.US,D,20200427,000000,63.84,79.80,61.20,74.79,3724332,0
ORCL.US,D,20200428,000000,72.33,80.08,70.17,79.59,4660307,0
ORCL.US,D,20200429,000000,77.85,86.61,75.82,84.35,6953734,0
ORCL.US,D,20200430,000000,88.76,89.06,83.63,85.90,5217510,0
ORCL.US,D,20200501,000000,87.64,88.72,83.06,84.73,3322435,0
ORCL.US,D,20200504,000000,85.95,95.37,84.32,93.45,7240175,0
ORCL.US,D,20200504,000000,97.38,103.80,96.22,101.31,5358631,0
ORCL.US,D,20200504,000000,105.03,108.08,104.83,106.68,5862834,0
ORCL.US,D,20200505,000000,109.70,110.57,108.96,109.19,6452348,0
ORCL.US,D,20200506,000000,107.41,108.75,95.26,100.22,3276134,0
ORCL.US,D,20200507,000000,102.55,103.66,84.98,90.33,5503084,0
ORCL.US,D,20200508,000000,89.61,94.42,89.06,90.80,9959262,0
ORCL.US,D,20200511,000000,90.74,91.90,90.24,91.65,9233613,0
ORCL.US,D,20200511,000000,91.85,93.03,91.27,92.82,6930988,0
ORCL.US,D,20200511,000000,96.41,96.61,92.52,94.70,9777447,0
ORCL.US,D,20200512,000000,93.31,98.05,91.36,95.75,11309367,0
ORCL.US,D,20200513,000000,91.61,98.86,90.75,98.27,6683349,0
ORCL.US,D,20200514,000000,98.56,102.54,97.56,100.99,8551158,0
ORCL.US,D,20200515,000000,96.85,104.69,96.74,103.31,14683552,0
ORCL.US,D,20200518,000000,103.05,107.27,102.91,105.27,15119157,0
ORCL.US,D,20200518,000000,101.49,111.06,101.36,107.40,5966858,0
ORCL.US,D,20200518,000000,102.46,113.30,98.82,109.67,15396621,0
ORCL.US,D,20200519,000000,107.73,112.81,106.11,112.06,14827581,0
ORCL.US,D,20200520,000000,109.69,119.31,107.00,115.35,15192578,0
ORCL.US,D,20200521,000000,118.82,119.63,117.96,118.38,15116072,0
ORCL.US,D,20200522,000000,118.65,122.80,117.09,122.00,19915825,0
ORCL.US,D,20200525,000000,124.58,129.20,123.00,125.71,17278928,0
ORCL.US,D,20200525,000000,126.80,129.69,125.45,129.30,12527913,0
ORCL.US,D,20200525,000000,132.46,135.22,132.18,134.00,16420474,0
ORCL.US,D,20200526,000000,133.09,138.86,132.59,136.65,21132808,0
ORCL.US,D,20200527,000000,138.10,143.75,136.47,142.15,7988940,0
ORCL.US,D,20200528,000000,142.13,149.50,139.57,147.49,17123920,0
ORCL.US,D,20200529,000000,146.94,154.59,145.38,152.35,14884229,0
ORCL.US,D,20200601,000000,152.53,161.58,151.31,157.31,23921851,0
ORCL.US,D,20200601,000000,164.37,164.37,161.92,163.40,20074508,0
ORCL.US,D,20200601,000000,162.81,174.03,161.54,169.48,17889730,0
ORCL.US,D,20200602,000000,169.08,171.97,168.85,170.19,7005720,0
ORCL.US,D,20200603,000000,175.81,178.27,175.66,177.71,7337558,0
ORCL.US,D,20200604,000000,174.87,204.42,173.00,193.61,7379929,0
ORCL.US,D,20200605,000000,195.68,198.28,141.54,156.12,7358292,0
ORCL.US,D,20200608,000000,160.65,162.91,159.25,159.42,6964088,0
ORCL.US,D,20200608,000000,163.56,188.20,159.15,180.42,5458615,0
ORCL.US,D,20200608,000000,184.38,188.00,163.56,171.66,4170566,0
ORCL.US,D,20200609,000000,176.66,177.54,157.66,158.08,6683000,0
ORCL.US,D,20200610,000000,154.32,159.39,148.69,151.97,5392232,0
ORCL.US,D,20200611,000000,156.83,157.39,144.54,145.93,3780049,0
ORCL.US,D,20200612,000000,148.15,151.24,132.55,140.83,4583866,0
ORCL.US,D,20200615,000000,137.90,146.54,137.78,143.59,5815543,0
ORCL.US,D,20200615,000000,148.59,152.31,129.82,135.31,6192518,0
ORCL.US,D,20200615,000000,136.38,142.29,124.66,126.07,6106888,0
ORCL.US,D,20200616,000000,123.54,139.93,120.82,134.83,5282779,0
ORCL.US,D,20200617,000000,137.67,137.67,134.57,134.98,6586373,0
ORCL.US,D,20200618,000000,135.89,149.41,133.71,147.66,3607866,0
ORCL.US,D,20200619,000000,147.42,148.09,136.05,139.27,4276230,0
ORCL.US,D,20200622,000000,138.67,138.75,131.27,134.06,6913896,0
ORCL.US,D,20200622,000000,129.40,130.55,124.70,130.37,4453993,0
ORCL.US,D,20200622,000000,135.86,139.42,134.64,138.75,5419749,0
ORCL.US,D,20200623,000000,140.89,153.42,136.78,152.99,6441588,0
ORCL.US,D,20200624,000000,152.44,153.08,147.42,148.71,6053519,0
ORCL.US,D,20200625,000000,147.37,147.63,143.70,144.87,3335865,0
ORCL.US,D,20200626,000000,142.10,146.92,139.96,146.82,6769738,0
ORCL.US,D,20200629,000000,147.60,148.81,138.16,139.57,5202903,0
ORCL.US,D,20200629,000000,137.18,137.72,135.85,136.83,5016863,0
ORCL.US,D,20200629,000000,137.46,139.29,130.63,133.23,4258904,0
ORCL.US,D,20200630,000000,133.03,156.00,131.97,151.46,4900633,0
ORCL.US,D,20200701,000000,144.02,168.89,137.88,160.61,6119122,0
ORCL.US,D,20200702,000000,156.83,165.44,156.03,162.75,6617994,0
ORCL.US,D,20200703,000000,162.77,162.87,160.02,160.44,6410628,0
ORCL.US,D,20200706,000000,169.89,172.72,149.89,150.30,6864648,0
ORCL.US,D,20200706,000000,148.21,148.43,147.15,147.78,3119045,0
ORCL.US,D,20200706,000000,144.42,153.93,143.73,151.06,5198452,0
ORCL.US,D,20200707,000000,151.65,166.36,149.24,164.76,3047086,0
ORCL.US,D,20200708,000000,171.80,171.84,167.99,168.51,6736584,0
ORCL.US,D,20200709,000000,165.98,166.31,164.94,165.67,3238660,0
ORCL.US,D,20200710,000000,163.78,165.32,158.41,163.39,7262655,0
ORCL.US,D,20200713,000000,170.18,174.10,149.19,156.55,3682139,0
ORCL.US,D,20200713,000000,153.86,154.04,140.53,143.07,4473317,0
ORCL.US,D,20200713,000000,141.70,147.98,140.81,147.12,4076280,0
ORCL.US,D,20200714,000000,148.05,148.43,139.39,141.50,4192395,0
ORCL.US,D,20200715,000000,142.24,143.03,139.52,140.58,5341087,0
ORCL.US,D,20200716,000000,137.98,140.98,136.79,140.33,3888288,0
ORCL.US,D,20200717,000000,138.80,141.29,115.96,118.53,6903974,0
ORCL.US,D,20200720,000000,116.72,117.10,114.89,115.16,4807794,0
ORCL.US,D,20200720,000000,112.07,125.78,109.65,120.96,2769540,0
ORCL.US,D,20200720,000000,129.53,132.02,117.60,123.91,7484446,0
ORCL.US,D,20200721,000000,124.19,135.34,122.27,135.27,3122090,0
ORCL.US,D,20200722,000000,140.72,173.97,139.61,158.46,6158376,0
ORCL.US,D,20200723,000000,154.83,158.51,136.59,140.25,4459739,0
ORCL.US,D,20200724,000000,135.50,135.67,133.02,134.23,2790422,0
ORCL.US,D,20200727,000000,131.60,134.49,125.35,126.78,7055517,0
ORCL.US,D,20200727,000000,125.89,127.21,122.79,123.03,2897245,0
ORCL.US,D,20200727,000000,120.02,126.20,118.95,125.30,4550283,0
ORCL.US,D,20200728,000000,128.79,129.19,125.94,127.16,6125706,0
ORCL.US,D,20200729,000000,131.11,131.35,127.56,128.85,2736122,0
ORCL.US,D,20200730,000000,132.11,132.58,130.41,130.55,5867923,0
ORCL.US,D,20200731,000000,135.20,153.55,134.60,149.31,4679970,0
ORCL.US,D,20200803,000000,157.25,159.13,150.35,151.39,5016275,0
ORCL.US,D,20200803,000000,151.83,153.28,146.68,148.33,5836986,0
ORCL.US,D,20200803,000000,152.80,164.18,151.02,164.17,3929831,0
ORCL.US,D,20200804,000000,161.69,163.10,155.01,156.90,6096896,0
ORCL.US,D,20200805,000000,152.72,156.17,152.60,153.05,3738761,0
ORCL.US,D,20200806,000000,159.03,161.67,151.95,152.07,3495180,0
ORCL.US,D,20200807,000000,156.90,167.67,154.06,166.84,6703606,0
ORCL.US,D,20200810,000000,167.27,174.49,166.11,172.07,6402346,0
ORCL.US,D,20200810,000000,169.05,174.42,147.32,152.82,5730321,0
ORCL.US,D,20200810,000000,152.23,154.51,148.22,148.67,4721222,0
ORCL.US,D,20200811,000000,148.94,150.30,137.05,139.52,5432175,0
ORCL.US,D,20200812,000000,138.42,141.97,138.12,141.91,5427940,0
ORCL.US,D,20200813,000000,145.30,146.99,138.61,140.55,6654177,0
ORCL.US,D,20200814,000000,142.49,166.57,139.14,165.18,2910367,0
ORCL.US,D,20200817,000000,163.86,167.60,162.67,165.70,7314794,0
ORCL.US,D,20200817,000000,168.13,175.70,166.68,174.50,3264153,0
ORCL.US,D,20200817,000000,170.12,171.71,141.98,148.97,7203074,0
ORCL.US,D,20200818,000000,148.92,154.25,146.45,154.25,3151123,0
ORCL.US,D,20200819,000000,157.10,159.08,139.06,143.82,5040922,0
ORCL.US,D,20200820,000000,147.49,158.44,145.36,155.40,4788489,0
ORCL.US,D,20200821,000000,148.98,152.85,133.97,138.14,3745220,0
ORCL.US,D,20200824,000000,134.57,136.42,116.00,123.30,5939084,0
ORCL.US,D,20200824,000000,123.28,124.36,111.81,113.69,4337155,0
ORCL.US,D,20200824,000000,109.46,109.70,107.56,108.63,14370399,0
ORCL.US,D,20200825,000000,108.15,109.80,101.69,104.54,13664267,0
ORCL.US,D,20200826,000000,101.55,101.76,99.35,99.47,10529768,0
ORCL.US,D,20200827,000000,98.34,99.27,94.74,95.42,20935789,0
ORCL.US,D,20200828,000000,93.61,93.69,89.20,89.82,13693480,0
ORCL.US,D,20200831,000000,90.37,91.84,82.86,83.43,18048783,0
ORCL.US,D,20200831,000000,84.18,86.36,78.16,79.17,31625272,0
ORCL.US,D,20200831,000000,77.45,77.75,72.84,73.65,32422733,0
ORCL.US,D,20200901,000000,73.85,74.72,72.90,73.30,7330039,0
ORCL.US,D,20200902,000000,75.64,76.28,64.01,68.71,4518043,0
ORCL.US,D,20200903,000000,65.58,82.56,63.04,80.04,6536392,0
ORCL.US,D,20200904,000000,80.65,85.37,80.12,85.16,3618843,0
ORCL.US,D,20200907,000000,86.41,88.96,80.01,82.70,7250614,0
ORCL.US,D,20200907,000000,86.46,90.15,74.44,74.98,4232163,0
ORCL.US,D,20200907,000000,75.02,80.72,74.96,79.68,3770969,0
ORCL.US,D,20200908,000000,77.05,81.27,76.95,78.95,5975394,0
ORCL.US,D,20200909,000000,80.95,81.73,72.88,73.60,3977634,0
ORCL.US,D,20200910,000000,74.03,75.41,63.93,66.99,4018452,0
ORCL.US,D,20200911,000000,68.76,76.72,68.69,73.24,3865349,0
ORCL.US,D,20200914,000000,76.62,78.99,56.92,68.27,2560084,0
ORCL.US,D,20200914,000000,68.45,68.53,66.70,66.75,3489837,0
ORCL.US,D,20200914,000000,68.68,68.77,67.64,67.98,6443920,0
ORCL.US,D,20200915,000000,66.19,66.90,63.52,64.35,5273218,0
ORCL.US,D,20200916,000000,66.89,66.91,59.47,60.80,6912009,0
ORCL.US,D,20200917,000000,60.97,64.26,60.38,64.00,6620735,0
ORCL.US,D,20200918,000000,63.42,65.51,62.09,64.82,7080579,0
ORCL.US,D,20200921,000000,68.66,68.87,66.71,67.71,7113477,0
ORCL.US,D,20200921,000000,68.65,70.29,60.91,62.92,7110291,0
ORCL.US,D,20200921,000000,60.32,69.12,58.61,67.09,7373426,0
ORCL.US,D,20200922,000000,69.02,69.72,55.96,59.46,3188988,0
ORCL.US,D,20200923,000000,60.81,60.84,60.20,60.60,6861686,0
ORCL.US,D,20200924,000000,59.28,60.10,59.04,59.58,6408447,0
ORCL.US,D,20200925,000000,60.52,67.01,60.46,65.88,2737242,0
ORCL.US,D,20200928,000000,67.76,70.26,63.13,63.63,2579271,0
ORCL.US,D,20200928,000000,64.31,65.61,62.90,65.18,5716131,0
ORCL.US,D,20200928,000000,67.27,67.30,54.70,60.53,4736962,0
ORCL.US,D,20200929,000000,59.98,69.59,57.51,67.92,3684203,0
ORCL.US,D,20200930,000000,67.87,71.40,67.47,70.40,4517688,0
ORCL.US,D,20201001,000000,69.47,73.33,69.05,71.55,2565148,0
ORCL.US,D,20201002,000000,73.82,73.89,66.69,70.81,6322295,0
ORCL.US,D,20201005,000000,70.71,82.72,66.28,78.64,4163406,0
ORCL.US,D,20201005,000000,81.09,81.64,70.11,73.03,5205656,0
ORCL.US,D,20201005,000000,74.83,78.22,74.63,77.93,5640148,0
ORCL.US,D,20201006,000000,78.52,78.61,60.97,64.40,5399844,0
ORCL.US,D,20201007,000000,64.55,66.13,59.64,59.83,6848261,0
ORCL.US,D,20201008,000000,59.84,59.89,59.44,59.63,7032589,0
ORCL.US,D,20201009,000000,59.74,59.96,58.31,58.65,2921839,0
ORCL.US,D,20201012,000000,57.83,62.90,57.57,62.22,4371707,0
ORCL.US,D,20201012,000000,62.87,69.52,62.04,68.43,6082991,0
ORCL.US,D,20201012,000000,67.37,69.93,66.03,69.91,4927360,0
ORCL.US,D,20201013,000000,70.34,78.29,69.37,77.13,6776190,0
ORCL.US,D,20201014,000000,78.33,83.41,77.90,82.82,2670699,0
ORCL.US,D,20201015,000000,85.50,94.27,85.32,91.56,7336880,0
ORCL.US,D,20201016,000000,93.46,112.69,93.04,102.35,3440238,0
ORCL.US,D,20201019,000000,101.78,103.14,91.73,92.29,6152987,0
ORCL.US,D,20201019,000000,90.30,110.98,87.29,110.84,4628768,0
ORCL.US,D,20201019,000000,111.49,120.72,110.02,117.65,3225492,0
ORCL.US,D,20201020,000000,114.81,129.28,114.08,126.06,6223204,0
ORCL.US,D,20201021,000000,125.17,138.44,125.13,134.59,5227636,0
ORCL.US,D,20201022,000000,135.60,145.09,134.36,141.24,6280888,0
ORCL.US,D,20201023,000000,137.97,139.22,128.09,128.99,7148885,0
ORCL.US,D,20201026,000000,126.77,128.74,124.47,125.13,5402071,0
ORCL.US,D,20201026,000000,129.40,152.30,127.58,150.70,6448103,0
ORCL.US,D,20201026,000000,146.44,149.15,138.21,140.78,3767081,0
ORCL.US,D,20201027,000000,137.88,144.49,137.76,141.01,4712766,0
ORCL.US,D,20201028,000000,144.91,166.65,142.21,154.87,7452905,0
ORCL.US,D,20201029,000000,152.10,180.35,148.37,171.99,3425172,0
ORCL.US,D,20201030,000000,172.44,185.83,170.81,182.82,4045515,0
ORCL.US,D,20201102,000000,181.14,183.96,151.47,163.61,5802140,0
ORCL.US,D,20201102,000000,161.82,163.15,152.67,153.93,3589462,0
ORCL.US,D,20201102,000000,158.69,160.12,142.47,147.48,4753151,0
ORCL.US,D,20201103,000000,142.13,163.60,141.96,158.26,2801721,0
ORCL.US,D,20201104,000000,160.74,161.21,151.61,153.32,2527850,0
ORCL.US,D,20201105,000000,148.72,165.48,145.96,165.28,6210279,0
ORCL.US,D,20201106,000000,157.79,159.05,157.71,158.44,5789564,0
ORCL.US,D,20201109,000000,164.36,165.18,147.29,149.07,3810434,0
ORCL.US,D,20201109,000000,150.08,154.26,148.86,153.94,4748131,0
ORCL.US,D,20201109,000000,150.35,151.19,148.80,149.30,4611145,0
ORCL.US,D,20201110,000000,147.14,151.53,128.60,134.39,3566678,0
ORCL.US,D,20201111,000000,137.85,142.36,102.23,104.51,3613360,0
ORCL.US,D,20201112,000000,104.05,122.85,100.51,119.31,7175028,0
ORCL.US,D,20201113,000000,122.64,130.47,120.98,127.68,6610272,0
ORCL.US,D,20201116,000000,126.47,130.77,126.23,130.30,6108240,0
ORCL.US,D,20201116,000000,124.90,132.83,123.92,129.87,4924010,0
ORCL.US,D,20201116,000000,130.38,131.50,130.17,130.89,5972413,0
ORCL.US,D,20201117,000000,132.43,151.25,130.30,143.26,6409782,0
ORCL.US,D,20201118,000000,140.93,140.93,127.38,131.35,2697913,0
ORCL.US,D,20201119,000000,133.04,156.97,132.61,152.26,6531849,0
ORCL.US,D,20201120,000000,153.16,155.08,142.33,143.81,6591176,0
ORCL.US,D,20201123,000000,142.09,184.14,141.07,175.58,3354347,0
ORCL.US,D,20201123,000000,171.42,191.35,170.04,183.40,5322631,0
ORCL.US,D,20201123,000000,182.71,184.38,166.87,171.44,3998974,0
ORCL.US,D,20201124,000000,173.74,193.71,170.42,185.19,3148080,0
ORCL.US,D,20201125,000000,185.27,201.05,184.02,194.01,3703018,0
ORCL.US,D,20201126,000000,196.15,223.35,195.75,217.34,5777745,0
ORCL.US,D,20201127,000000,217.60,217.78,206.16,209.25,3502861,0
ORCL.US,D,20201130,000000,210.81,245.78,206.20,244.96,6119420,0
ORCL.US,D,20201130,000000,242.13,262.51,240.41,255.56,6999391,0
ORCL.US,D,20201130,000000,259.51,266.58,255.66,264.23,5285572,0
ORCL.US,D,20201201,000000,261.93,262.23,248.06,248.55,5415551,0
ORCL.US,D,20201202,000000,243.20,244.83,228.98,233.84,5492080,0
ORCL.US,D,20201203,000000,229.66,254.45,227.17,246.84,5928283,0
ORCL.US,D,20201204,000000,248.06,252.00,247.16,250.31,2502387,0
ORCL.US,D,20201207,000000,252.01,275.21,244.24,267.79,3745543,0
ORCL.US,D,20201207,000000,268.51,272.03,254.81,261.16,5687341,0
ORCL.US,D,20201207,000000,268.28,279.47,241.87,247.98,3542151,0
ORCL.US,D,20201208,000000,237.77,238.50,237.65,238.22,3059731,0
ORCL.US,D,20201209,000000,246.46,275.23,243.90,268.38,5594565,0
ORCL.US,D,20201210,000000,276.44,322.75,275.45,310.53,5701037,0
ORCL.US,D,20201211,000000,307.74,318.15,277.02,284.83,2772471,0
ORCL.US,D,20201214,000000,286.15,290.60,252.81,271.23,5619188,0
ORCL.US,D,20201214,000000,274.92,277.48,255.29,258.90,5386313,0
ORCL.US,D,20201214,000000,270.22,271.15,235.06,235.82,3939730,0
ORCL.US,D,20201215,000000,237.22,259.78,235.49,255.42,4992562,0
ORCL.US,D,20201216,000000,255.89,256.22,220.12,231.68,3867769,0
ORCL.US,D,20201217,000000,226.58,227.36,216.43,221.19,3901433,0
ORCL.US,D,20201218,000000,218.48,218.56,212.01,213.42,7076467,0
ORCL.US,D,20201221,000000,203.82,244.62,199.48,232.80,6643010,0
ORCL.US,D,20201221,000000,233.55,235.02,210.68,218.03,2973461,0
ORCL.US,D,20201221,000000,215.45,247.64,213.81,233.40,6880385,0
ORCL.US,D,20201222,000000,229.23,250.08,224.31,245.86,3089976,0
ORCL.US,D,20201223,000000,247.57,259.99,194.00,221.66,4045932,0
ORCL.US,D,20201224,000000,214.85,227.50,213.90,226.36,2539789,0
ORCL.US,D,20201225,000000,219.39,219.55,211.96,215.93,3274367,0
ORCL.US,D,20201228,000000,221.94,223.69,187.79,199.43,3694362,0
ORCL.US,D,20201228,000000,202.36,205.01,201.18,203.13,7438467,0
ORCL.US,D,20201228,000000,201.73,203.60,191.75,193.25,5863625,0
ORCL.US,D,20201229,000000,193.03,193.39,175.90,179.81,5238592,0
ORCL.US,D,20201230,000000,181.21,193.04,177.15,189.02,6279826,0
ORCL.US,D,20201231,000000,190.80,200.79,190.57,195.50,7326427,0
ORCL.US,D,20210101,000000,197.19,209.22,195.63,206.18,5283040,0
ORCL.US,D,20210104,000000,207.68,209.43,195.13,199.87,5508623,0
ORCL.US,D,20210104,000000,199.85,202.26,198.62,198.70,4819378,0
ORCL.US,D,20210104,000000,198.93,204.06,181.11,188.38,2860171,0
ORCL.US,D,20210105,000000,179.10,198.14,178.44,194.82,7265371,0
ORCL.US,D,20210106,000000,192.84,224.59,191.62,218.23,3011343,0
ORCL.US,D,20210107,000000,220.16,236.41,220.13,230.35,7090639,0
ORCL.US,D,20210108,000000,234.99,253.06,234.56,243.92,5055716,0
ORCL.US,D,20210111,000000,244.04,250.85,225.06,227.60,2741645,0
ORCL.US,D,20210111,000000,230.60,233.03,207.83,208.10,5454771,0
ORCL.US,D,20210111,000000,202.97,220.90,200.59,215.61,4406619,0
ORCL.US,D,20210112,000000,210.01,229.89,208.86,226.53,3557407,0
ORCL.US,D,20210113,000000,227.84,228.06,181.50,188.97,5645517,0
ORCL.US,D,20210114,000000,190.31,204.91,182.77,201.92,7230368,0
ORCL.US,D,20210115,000000,192.18,202.81,187.75,201.07,5594805,0
ORCL.US,D,20210118,000000,197.34,214.07,193.44,213.44,6964837,0
ORCL.US,D,20210118,000000,217.25,233.14,210.71,230.74,7236232,0
ORCL.US,D,20210118,000000,229.78,231.89,211.04,214.81,7376585,0
ORCL.US,D,20210119,000000,217.77,224.18,185.29,194.36,6728251,0
ORCL.US,D,20210120,000000,189.95,196.55,189.50,196.23,3042456,0
ORCL.US,D,20210121,000000,192.15,204.86,188.86,201.05,4232523,0
ORCL.US,D,20210122,000000,203.87,207.40,187.28,191.24,4362566,0
ORCL.US,D,20210125,000000,184.73,190.08,171.04,172.46,3444455,0
ORCL.US,D,20210125,000000,173.55,177.09,168.12,170.35,6892462,0
ORCL.US,D,20210125,000000,172.31,172.32,171.10,171.75,3621302,0
ORCL.US,D,20210126,000000,168.48,171.56,167.63,169.25,6616825,0
ORCL.US,D,20210127,000000,165.41,166.81,149.37,151.84,6092462,0
ORCL.US,D,20210128,000000,150.46,160.90,148.56,155.22,2977553,0
ORCL.US,D,20210129,000000,152.17,172.48,149.19,167.05,6454901,0
ORCL.US,D,20210201,000000,168.96,169.28,167.33,168.06,5779958,0
ORCL.US,D,20210201,000000,170.51,171.85,161.34,162.94,4726331,0
ORCL.US,D,20210201,000000,170.15,173.19,147.83,156.87,6937790,0
ORCL.US,D,20210202,000000,165.87,176.13,107.78,132.09,5360738,0
ORCL.US,D,20210203,000000,132.50,134.39,131.88,134.30,2592055,0
ORCL.US,D,20210204,000000,132.38,132.62,132.14,132.34,5831251,0
ORCL.US,D,20210205,000000,135.92,148.57,134.41,146.44,6728828,0
ORCL.US,D,20210208,000000,143.69,149.55,143.31,147.89,3380981,0
ORCL.US,D,20210208,000000,148.53,160.01,147.74,157.93,3809507,0
ORCL.US,D,20210208,000000,156.34,168.36,153.85,165.68,2817326,0
ORCL.US,D,20210209,000000,166.12,176.83,159.08,174.34,5985552,0
ORCL.US,D,20210210,000000,173.48,174.73,169.24,170.67,4534735,0
ORCL.US,D,20210211,000000,177.71,178.24,167.91,174.01,5308471,0
ORCL.US,D,20210212,000000,172.38,196.02,171.40,187.89,4925421,0
ORCL.US,D,20210215,000000,189.37,205.50,188.28,197.93,5458034,0
ORCL.US,D,20210215,000000,196.52,205.87,162.83,172.59,2883961,0
ORCL.US,D,20210215,000000,170.67,194.00,168.77,188.64,6006521,0
ORCL.US,D,20210216,000000,191.25,191.35,188.55,189.06,3969407,0
ORCL.US,D,20210217,000000,191.84,192.05,186.60,187.65,5994847,0
ORCL.US,D,20210218,000000,190.86,197.00,189.55,196.98,5475076,0
ORCL.US,D,20210219,000000,192.31,196.25,167.74,178.45,2838980,0
ORCL.US,D,20210222,000000,172.76,191.16,161.82,184.84,7297709,0
ORCL.US,D,20210222,000000,182.42,183.32,170.72,171.82,4553873,0
ORCL.US,D,20210222,000000,174.62,174.90,172.57,173.11,5551720,0
ORCL.US,D,20210223,000000,176.45,176.84,175.99,176.35,3479705,0
ORCL.US,D,20210224,000000,178.32,197.71,174.37,193.51,3799795,0
ORCL.US,D,20210225,000000,199.54,205.23,187.88,189.28,4785320,0
ORCL.US,D,20210226,000000,190.12,195.53,175.89,177.10,7261705,0
ORCL.US,D,20210301,000000,172.72,176.34,172.34,174.53,3722305,0
ORCL.US,D,20210301,000000,178.25,178.48,177.18,177.66,6636155,0
ORCL.US,D,20210301,000000,181.14,181.48,180.09,180.35,3213268,0
ORCL.US,D,20210302,000000,182.00,192.10,181.15,191.62,4733905,0
ORCL.US,D,20210303,000000,197.39,197.64,182.09,184.31,7189057,0
ORCL.US,D,20210304,000000,176.19,204.32,172.27,188.42,4415337,0
ORCL.US,D,20210305,000000,187.89,189.77,170.70,175.86,3102100,0
ORCL.US,D,20210308,000000,176.30,210.94,171.36,209.87,7382921,0
ORCL.US,D,20210308,000000,209.27,216.35,207.71,215.02,6130674,0
ORCL.US,D,20210308,000000,214.15,249.19,207.23,234.46,4577007,0
ORCL.US,D,20210309,000000,238.57,247.36,237.76,245.32,7346978,0
ORCL.US,D,20210310,000000,237.40,244.71,235.66,242.09,4264233,0
ORCL.US,D,20210311,000000,238.11,243.43,236.65,239.35,4278166,0
ORCL.US,D,20210312,000000,238.30,239.47,229.32,233.49,4360951,0
ORCL.US,D,20210315,000000,229.29,242.66,228.89,241.44,4528616,0
ORCL.US,D,20210315,000000,242.76,273.85,235.82,271.61,6019185,0
ORCL.US,D,20210315,000000,281.11,285.35,252.24,256.92,6208637,0
ORCL.US,D,20210316,000000,254.53,278.46,251.39,274.51,3392758,0
ORCL.US,D,20210317,000000,271.08,274.38,232.25,253.17,3590523,0
ORCL.US,D,20210318,000000,254.68,256.93,235.73,244.66,3600483,0
ORCL.US,D,20210319,000000,248.84,249.14,245.90,247.25,6916481,0
ORCL.US,D,20210322,000000,249.33,253.28,224.72,227.60,5030438,0
ORCL.US,D,20210322,000000,226.35,237.68,225.72,236.26,4918333,0
ORCL.US,D,20210322,000000,239.55,245.27,181.03,200.73,3944434,0
ORCL.US,D,20210323,000000,205.91,208.44,192.40,194.11,4491537,0
ORCL.US,D,20210324,000000,192.55,193.65,178.81,179.33,6883195,0
ORCL.US,D,20210325,000000,174.83,178.90,154.89,161.83,4891551,0
ORCL.US,D,20210326,000000,161.39,168.43,158.05,166.13,2808767,0
ORCL.US,D,20210329,000000,162.89,165.24,162.47,165.20,7438050,0
ORCL.US,D,20210329,000000,164.19,189.20,153.75,182.46,5069886,0
ORCL.US,D,20210329,000000,182.44,207.56,177.28,202.23,4366877,0
ORCL.US,D,20210330,000000,201.60,212.68,199.51,209.99,5341549,0
ORCL.US,D,20210331,000000,206.98,223.53,205.09,222.31,6433494,0
ORCL.US,D,20210401,000000,224.45,224.83,214.56,221.78,5855194,0
ORCL.US,D,20210402,000000,213.01,241.82,209.03,233.02,4967728,0
