<TICKER>,<PER>,<DATE>,<TIME>,<OPEN>,<HIGH>,<LOW>,<CLOSE>,<VOL>,<OPENINT>
PINS.US,D,20180102,000000,30.28,30.33,29.76,29.95,3506835,0
PINS.US,D,20180103,000000,30.18,30.66,28.83,29.11,2918329,0
PINS.US,D,20180104,000000,29.19,29.24,29.03,29.05,3596249,0
PINS.US,D,20180105,000000,29.08,30.36,28.61,30.20,5248394,0
PINS.US,D,20180108,000000,30.05,30.65,30.05,30.64,4827174,0
PINS.US,D,20180108,000000,30.58,30.90,30.55,30.87,6531846,0
PINS.US,D,20180108,000000,30.99,32.35,30.74,32.05,3686251,0
PINS.US,D,20180109,000000,32.17,32.18,31.51,31.80,4002839,0
PINS.US,D,20180110,000000,31.88,32.27,31.84,32.21,7096113,0
PINS.US,D,20180111,000000,32.07,32.67,31.73,32.38,4865290,0
PINS.US,D,20180112,000000,32.32,32.32,31.63,31.82,5860234,0
PINS.US,D,20180115,000000,32.19,32.42,30.33,30.61,5616614,0
PINS.US,D,20180115,000000,30.51,31.51,30.39,31.19,7149012,0
PINS.US,D,20180115,000000,31.50,31.56,29.32,30.31,4882291,0
PINS.US,D,20180116,000000,30.29,30.32,30.19,30.20,5750671,0
PINS.US,D,20180117,000000,30.80,30.89,29.38,29.39,6416916,0
PINS.US,D,20180118,000000,29.35,29.59,29.33,29.39,4538339,0
PINS.US,D,20180119,000000,29.35,29.90,29.15,29.67,3540114,0
PINS.US,D,20180122,000000,29.92,30.02,29.60,29.68,4609124,0
PINS.US,D,20180122,000000,29.53,29.88,29.26,29.35,5068297,0
PINS.US,D,20180122,000000,29.16,31.25,28.83,30.98,3523081,0
PINS.US,D,20180123,000000,31.11,31.65,31.05,31.61,3432409,0
PINS.US,D,20180124,000000,31.41,31.87,31.20,31.68,6266991,0
PINS.US,D,20180125,000000,31.52,36.54,31.33,34.01,4606507,0
PINS.US,D,20180126,000000,33.69,33.92,31.38,31.84,6954588,0
PINS.US,D,20180129,000000,32.10,32.56,30.17,30.34,5279541,0
PINS.US,D,20180129,000000,30.28,31.19,30.14,30.94,5105210,0
PINS.US,D,20180129,000000,30.95,31.00,30.94,30.98,4703342,0
PINS.US,D,20180130,000000,30.84,31.68,27.76,28.65,6391559,0
PINS.US,D,20180131,000000,28.66,30.27,28.39,29.65,5068425,0
PINS.US,D,20180201,000000,29.57,29.60,29.16,29.17,4672385,0
PINS.US,D,20180202,000000,29.29,31.04,29.23,30.59,4064725,0
PINS.US,D,20180205,000000,30.78,31.60,30.77,31.45,6209258,0
PINS.US,D,20180205,000000,31.54,31.65,30.75,30.76,5387529,0
PINS.US,D,20180205,000000,30.76,30.82,30.50,30.51,6191643,0
PINS.US,D,20180206,000000,30.87,31.51,30.73,31.43,7180259,0
PINS.US,D,20180207,000000,31.05,31.16,29.94,30.11,7127597,0
PINS.US,D,20180208,000000,30.55,30.57,30.34,30.36,5156175,0
PINS.US,D,20180209,000000,30.23,31.28,30.23,30.94,3370824,0
PINS.US,D,20180212,000000,30.84,31.38,30.83,31.26,3147149,0
PINS.US,D,20180212,000000,31.21,32.67,30.92,32.34,3804473,0
PINS.US,D,20180212,000000,32.71,32.76,32.48,32.52,5879081,0
PINS.US,D,20180213,000000,32.39,32.50,32.36,32.45,3684130,0
PINS.US,D,20180214,000000,32.60,32.69,31.02,31.84,5108747,0
PINS.US,D,20180215,000000,32.53,32.55,31.11,31.70,6745817,0
PINS.US,D,20180216,000000,31.62,31.62,31.37,31.45,3746496,0
PINS.US,D,20180219,000000,31.58,32.09,30.74,30.85,4222496,0
PINS.US,D,20180219,000000,30.66,30.68,30.54,30.55,6590110,0
PINS.US,D,20180219,000000,29.67,33.01,29.35,31.51,6593082,0
PINS.US,D,20180220,000000,31.65,32.20,31.57,32.19,5276468,0
PINS.US,D,20180221,000000,32.43,32.53,31.82,31.96,6882632,0
PINS.US,D,20180222,000000,31.47,31.59,30.13,30.52,4533259,0
PINS.US,D,20180223,000000,30.46,32.36,30.39,31.25,7438832,0
PINS.US,D,20180226,000000,30.85,31.06,30.63,30.76,4746303,0
PINS.US,D,20180226,000000,30.46,30.63,30.05,30.37,2841242,0
PINS.US,D,20180226,000000,30.34,31.45,30.10,31.14,5959336,0
PINS.US,D,20180227,000000,31.33,31.34,30.81,31.04,2786770,0
PINS.US,D,20180228,000000,31.14,31.18,30.94,30.95,4172245,0
PINS.US,D,20180301,000000,30.79,30.96,29.67,29.95,7182459,0
PINS.US,D,20180302,000000,30.05,30.24,28.78,29.10,3262757,0
PINS.US,D,20180305,000000,29.42,30.42,29.30,30.19,5352236,0
PINS.US,D,20180305,000000,30.62,30.98,29.73,29.95,5216924,0
PINS.US,D,20180305,000000,29.88,30.00,28.86,29.04,6910408,0
PINS.US,D,20180306,000000,29.23,29.37,28.71,28.98,3371790,0
PINS.US,D,20180307,000000,28.94,29.07,28.89,29.04,2711217,0
PINS.US,D,20180308,000000,29.31,29.42,28.38,28.58,6374801,0
PINS.US,D,20180309,000000,28.60,28.68,27.00,27.94,4586760,0
PINS.US,D,20180312,000000,28.19,28.23,25.89,26.54,2905909,0
PINS.US,D,20180312,000000,26.03,28.55,25.65,27.80,6189257,0
PINS.US,D,20180312,000000,27.78,28.11,27.72,28.01,4457618,0
PINS.US,D,20180313,000000,27.39,28.54,27.24,28.30,6823294,0
PINS.US,D,20180314,000000,28.07,28.21,27.94,27.98,4498620,0
PINS.US,D,20180315,000000,27.82,29.54,27.70,29.40,3096605,0
PINS.US,D,20180316,000000,29.84,29.89,29.59,29.75,4757965,0
PINS.US,D,20180319,000000,29.73,30.11,29.70,29.83,4154170,0
PINS.US,D,20180319,000000,29.76,30.21,29.59,30.08,5661585,0
PINS.US,D,20180319,000000,29.81,29.84,27.60,28.42,5843714,0
PINS.US,D,20180320,000000,28.48,28.79,28.39,28.73,5723295,0
PINS.US,D,20180321,000000,28.44,29.21,28.29,28.98,4210057,0
PINS.US,D,20180322,000000,28.86,28.93,27.30,27.49,3392739,0
PINS.US,D,20180323,000000,28.39,28.64,26.86,26.96,2991027,0
PINS.US,D,20180326,000000,26.64,29.32,26.53,28.50,3449653,0
PINS.US,D,20180326,000000,27.88,29.38,27.32,29.14,4055542,0
PINS.US,D,20180326,000000,29.44,29.58,29.40,29.56,4740268,0
PINS.US,D,20180327,000000,29.07,30.63,28.93,29.76,3394435,0
PINS.US,D,20180328,000000,29.24,29.29,28.58,28.68,2566886,0
PINS.US,D,20180329,000000,28.61,28.72,28.00,28.08,5652562,0
PINS.US,D,20180330,000000,28.41,28.62,27.52,27.75,7170080,0
PINS.US,D,20180402,000000,27.90,28.27,27.89,28.19,4656344,0
PINS.US,D,20180402,000000,28.69,28.76,27.08,27.67,3174715,0
PINS.US,D,20180402,000000,27.18,27.22,24.85,25.58,7283774,0
PINS.US,D,20180403,000000,25.11,25.20,24.25,24.67,6382089,0
PINS.US,D,20180404,000000,24.60,24.99,24.52,24.94,6820844,0
PINS.US,D,20180405,000000,24.96,25.11,23.38,24.47,3029455,0
PINS.US,D,20180406,000000,24.01,24.94,23.97,24.76,5851757,0
PINS.US,D,20180409,000000,24.90,25.31,23.26,23.42,6472688,0
PINS.US,D,20180409,000000,23.39,23.40,23.18,23.22,4622617,0
PINS.US,D,20180409,000000,23.08,24.12,22.72,23.59,4168357,0
PINS.US,D,20180410,000000,23.50,26.15,23.37,25.17,3933477,0
PINS.US,D,20180411,000000,25.00,26.45,24.47,26.44,5256075,0
PINS.US,D,20180412,000000,26.06,26.07,25.98,26.01,5739839,0
PINS.US,D,20180413,000000,26.26,26.27,25.01,25.18,6775702,0
PINS.US,D,20180416,000000,25.89,26.24,25.88,26.05,4437807,0
PINS.US,D,20180416,000000,25.68,27.73,25.22,26.49,5436988,0
PINS.US,D,20180416,000000,26.61,26.96,25.85,25.97,2594934,0
PINS.US,D,20180417,000000,26.16,28.50,26.07,27.64,6526225,0
PINS.US,D,20180418,000000,27.84,27.95,27.82,27.93,4031928,0
PINS.US,D,20180419,000000,28.09,28.23,27.79,27.89,3897500,0
PINS.US,D,20180420,000000,27.88,28.03,27.45,27.48,6023509,0
PINS.US,D,20180423,000000,27.25,27.33,24.51,25.80,4343598,0
PINS.US,D,20180423,000000,25.68,26.12,25.49,26.10,5856534,0
PINS.US,D,20180423,000000,26.15,26.32,26.06,26.25,3205765,0
PINS.US,D,20180424,000000,26.39,26.47,25.59,25.83,7488129,0
PINS.US,D,20180425,000000,26.14,26.18,26.02,26.03,4130958,0
PINS.US,D,20180426,000000,26.09,26.26,25.31,25.51,6927388,0
PINS.US,D,20180427,000000,25.48,25.60,24.55,25.02,3348110,0
PINS.US,D,20180430,000000,24.83,24.85,24.37,24.51,2937897,0
PINS.US,D,20180430,000000,25.10,25.70,23.59,23.75,4184688,0
PINS.US,D,20180430,000000,23.63,24.45,23.57,24.21,6271792,0
PINS.US,D,20180501,000000,24.12,26.20,23.76,25.10,6309816,0
PINS.US,D,20180502,000000,24.75,26.68,24.52,26.37,6262076,0
PINS.US,D,20180503,000000,26.61,26.71,25.76,25.77,5605036,0
PINS.US,D,20180504,000000,25.58,26.70,25.51,26.56,4271147,0
PINS.US,D,20180507,000000,26.59,27.53,24.92,24.97,4468065,0
PINS.US,D,20180507,000000,25.02,25.89,25.01,25.79,5037263,0
PINS.US,D,20180507,000000,25.55,25.62,21.27,22.85,7361816,0
PINS.US,D,20180508,000000,22.90,23.15,19.25,20.96,4138849,0
PINS.US,D,20180509,000000,20.97,21.06,20.95,21.03,2703312,0
PINS.US,D,20180510,000000,21.41,21.52,21.29,21.45,5712442,0
PINS.US,D,20180511,000000,22.02,22.52,21.91,22.36,2816659,0
PINS.US,D,20180514,000000,22.43,22.53,21.07,21.17,5509738,0
PINS.US,D,20180514,000000,21.06,21.23,20.96,21.22,6097957,0
PINS.US,D,20180514,000000,21.09,21.59,21.01,21.47,4089859,0
PINS.US,D,20180515,000000,21.36,21.39,20.97,21.27,6576914,0
PINS.US,D,20180516,000000,21.61,21.63,21.49,21.52,3627990,0
PINS.US,D,20180517,000000,21.29,21.42,20.44,20.71,5132904,0
PINS.US,D,20180518,000000,20.78,21.17,19.01,19.64,6702288,0
PINS.US,D,20180521,000000,19.52,19.93,19.28,19.60,5872670,0
PINS.US,D,20180521,000000,19.61,19.63,18.77,18.81,2936524,0
PINS.US,D,20180521,000000,18.38,19.17,18.34,18.87,3532104,0
PINS.US,D,20180522,000000,18.95,18.97,18.93,18.95,6973467,0
PINS.US,D,20180523,000000,19.05,19.95,18.88,19.74,6838853,0
PINS.US,D,20180524,000000,19.81,19.82,19.51,19.57,3954601,0
PINS.US,D,20180525,000000,19.83,20.17,18.83,19.44,7200718,0
PINS.US,D,20180528,000000,19.40,20.24,19.15,20.05,6895552,0
PINS.US,D,20180528,000000,20.01,20.14,19.48,19.52,4078520,0
PINS.US,D,20180528,000000,19.42,21.13,19.17,20.66,4571809,0
PINS.US,D,20180529,000000,20.61,23.15,20.52,22.49,3998093,0
PINS.US,D,20180530,000000,22.34,22.45,21.90,22.10,6911952,0
PINS.US,D,20180531,000000,21.79,21.82,19.40,20.23,3771203,0
PINS.US,D,20180601,000000,19.92,20.06,19.24,19.51,2954422,0
PINS.US,D,20180604,000000,19.63,19.68,18.74,19.10,4297776,0
PINS.US,D,20180604,000000,18.81,19.33,18.81,19.28,5523801,0
PINS.US,D,20180604,000000,19.08,19.34,18.17,18.26,2871300,0
PINS.US,D,20180605,000000,18.10,18.17,18.09,18.12,6999900,0
PINS.US,D,20180606,000000,18.18,18.55,18.17,18.44,6910696,0
PINS.US,D,20180607,000000,18.23,18.25,18.20,18.21,4509296,0
PINS.US,D,20180608,000000,18.26,18.61,18.16,18.59,3253986,0
PINS.US,D,20180611,000000,18.41,18.45,18.24,18.28,4479214,0
PINS.US,D,20180611,000000,18.36,18.82,18.26,18.52,6179508,0
PINS.US,D,20180611,000000,18.37,19.01,18.33,18.70,6089365,0
PINS.US,D,20180612,000000,18.62,19.05,18.60,18.92,3517929,0
PINS.US,D,20180613,000000,19.02,19.08,17.72,17.89,6300345,0
PINS.US,D,20180614,000000,17.69,19.54,17.50,19.30,2970397,0
PINS.US,D,20180615,000000,19.52,19.71,18.03,18.52,5364523,0
PINS.US,D,20180618,000000,18.51,19.61,18.03,18.97,4394130,0
PINS.US,D,20180618,000000,19.30,19.49,18.47,18.77,6999418,0
PINS.US,D,20180618,000000,18.56,19.31,18.38,19.13,7391619,0
PINS.US,D,20180619,000000,18.93,19.02,18.37,18.38,3829280,0
PINS.US,D,20180620,000000,18.55,18.69,18.54,18.64,6889056,0
PINS.US,D,20180621,000000,18.57,18.78,18.11,18.29,4373534,0
PINS.US,D,20180622,000000,18.56,18.76,18.55,18.70,6428071,0
PINS.US,D,20180625,000000,18.34,18.93,18.22,18.88,5519599,0
PINS.US,D,20180625,000000,18.79,19.05,18.74,18.93,4748116,0
PINS.US,D,20180625,000000,19.07,19.80,18.93,19.74,7346650,0
PINS.US,D,20180626,000000,20.17,20.34,18.91,19.21,6919581,0
PINS.US,D,20180627,000000,18.78,18.80,18.61,18.65,3621518,0
PINS.US,D,20180628,000000,18.51,19.67,18.45,19.35,4912271,0
PINS.US,D,20180629,000000,19.56,19.71,19.56,19.69,5125713,0
PINS.US,D,20180702,000000,19.70,19.86,18.80,18.86,7120215,0
PINS.US,D,20180702,000000,19.00,19.95,19.00,19.66,4419541,0
PINS.US,D,20180702,000000,19.68,19.71,19.25,19.41,5821593,0
PINS.US,D,20180703,000000,19.06,21.05,18.93,20.34,2902064,0
PINS.US,D,20180704,000000,20.86,20.89,19.30,19.72,5644044,0
PINS.US,D,20180705,000000,19.48,19.53,18.39,18.75,6006228,0
PINS.US,D,20180706,000000,18.76,19.30,18.46,19.28,4020293,0
PINS.US,D,20180709,000000,19.42,19.44,18.38,18.40,5141094,0
PINS.US,D,20180709,000000,18.28,18.40,17.46,17.56,3318366,0
PINS.US,D,20180709,000000,17.56,17.81,17.18,17.28,4363687,0
PINS.US,D,20180710,000000,17.30,17.84,16.93,17.80,2966415,0
PINS.US,D,20180711,000000,18.22,18.44,18.21,18.40,3275878,0
PINS.US,D,20180712,000000,18.98,20.55,18.92,19.63,5897710,0
PINS.US,D,20180713,000000,19.26,19.34,19.25,19.29,3448626,0
PINS.US,D,20180716,000000,19.66,22.55,19.31,21.26,3502130,0
PINS.US,D,20180716,000000,20.76,21.79,20.65,21.45,4327255,0
PINS.US,D,20180716,000000,21.54,21.66,20.74,20.88,4309435,0
PINS.US,D,20180717,000000,21.04,21.13,20.46,20.68,4198567,0
PINS.US,D,20180718,000000,20.59,20.66,20.10,20.16,7110801,0
PINS.US,D,20180719,000000,20.55,20.91,20.50,20.72,4468264,0
PINS.US,D,20180720,000000,20.95,22.57,20.90,22.50,4032119,0
PINS.US,D,20180723,000000,22.31,22.37,22.21,22.30,6168166,0
PINS.US,D,20180723,000000,22.17,24.93,21.38,24.46,6495174,0
PINS.US,D,20180723,000000,24.60,24.94,23.91,24.23,5093433,0
PINS.US,D,20180724,000000,24.10,25.61,24.04,25.56,5608411,0
PINS.US,D,20180725,000000,25.85,27.15,25.76,26.95,3964056,0
PINS.US,D,20180726,000000,26.77,27.29,22.19,23.52,2823337,0
PINS.US,D,20180727,000000,23.90,24.17,23.55,23.60,7252781,0
PINS.US,D,20180730,000000,23.74,23.80,23.08,23.09,6454110,0
PINS.US,D,20180730,000000,22.99,23.10,22.80,22.95,6478297,0
PINS.US,D,20180730,000000,23.09,24.26,22.86,23.46,4711000,0
PINS.US,D,20180731,000000,23.32,26.53,23.25,25.41,4548901,0
PINS.US,D,20180801,000000,24.67,25.30,24.52,25.19,3178635,0
PINS.US,D,20180802,000000,25.17,25.23,22.73,23.80,3057738,0
PINS.US,D,20180803,000000,23.43,23.47,23.29,23.34,4368012,0
PINS.US,D,20180806,000000,22.84,23.25,20.55,21.34,2516084,0
PINS.US,D,20180806,000000,21.59,22.31,21.37,22.06,5435960,0
PINS.US,D,20180806,000000,22.89,23.03,22.35,22.62,4080993,0
PINS.US,D,20180807,000000,22.86,22.89,22.33,22.69,4790124,0
PINS.US,D,20180808,000000,23.00,23.22,21.85,21.90,2538417,0
PINS.US,D,20180809,000000,21.92,25.93,21.32,24.58,3491575,0
PINS.US,D,20180810,000000,24.94,25.84,22.38,23.23,4600647,0
PINS.US,D,20180813,000000,23.56,25.99,22.76,25.23,4162592,0
PINS.US,D,20180813,000000,25.48,25.95,25.48,25.81,5289823,0
PINS.US,D,20180813,000000,25.46,27.34,19.90,21.77,3185575,0
PINS.US,D,20180814,000000,22.37,23.52,22.24,23.27,6624474,0
PINS.US,D,20180815,000000,23.75,24.87,23.71,24.76,7063774,0
PINS.US,D,20180816,000000,25.13,27.04,25.05,26.72,5603292,0
PINS.US,D,20180817,000000,27.35,28.00,22.44,22.89,4918072,0
PINS.US,D,20180820,000000,23.21,23.69,21.09,21.56,7378372,0
PINS.US,D,20180820,000000,22.13,22.67,22.08,22.60,3861422,0
PINS.US,D,20180820,000000,22.67,22.96,22.33,22.78,5341322,0
PINS.US,D,20180821,000000,23.85,25.25,20.55,21.81,4682678,0
PINS.US,D,20180822,000000,22.16,22.60,20.67,21.42,4952074,0
PINS.US,D,20180823,000000,21.23,21.38,19.97,20.13,3226958,0
PINS.US,D,20180824,000000,20.89,21.46,19.84,20.08,3350397,0
PINS.US,D,20180827,000000,20.53,20.57,19.55,19.98,7260843,0
PINS.US,D,20180827,000000,20.07,21.05,19.85,21.01,6747962,0
PINS.US,D,20180827,000000,20.20,23.85,18.76,22.48,6325893,0
PINS.US,D,20180828,000000,23.29,23.62,21.40,21.92,4176817,0
PINS.US,D,20180829,000000,21.70,23.71,21.43,22.95,6715782,0
PINS.US,D,20180830,000000,23.11,25.26,23.06,24.93,3745059,0
PINS.US,D,20180831,000000,23.56,23.65,22.65,22.93,3503509,0
PINS.US,D,20180903,000000,23.05,24.67,22.67,24.60,5014231,0
PINS.US,D,20180903,000000,23.56,27.54,23.18,25.87,5184453,0
PINS.US,D,20180903,000000,25.03,25.78,24.86,25.68,4655560,0
PINS.US,D,20180904,000000,26.51,26.57,26.05,26.23,3711945,0
PINS.US,D,20180905,000000,25.93,27.51,22.75,23.23,6513502,0
PINS.US,D,20180906,000000,22.24,23.68,21.61,23.38,4604960,0
PINS.US,D,20180907,000000,23.44,27.44,23.01,26.46,3435226,0
PINS.US,D,20180910,000000,26.11,26.35,25.14,25.39,4495084,0
PINS.US,D,20180910,000000,26.21,27.63,22.72,24.18,3446495,0
PINS.US,D,20180910,000000,24.10,28.59,23.26,26.39,4407521,0
PINS.US,D,20180911,000000,26.57,28.14,21.59,22.25,5163996,0
PINS.US,D,20180912,000000,22.05,22.62,17.79,18.25,6966029,0
PINS.US,D,20180913,000000,18.83,21.15,18.82,20.56,5502048,0
PINS.US,D,20180914,000000,20.55,20.92,19.15,19.29,2739579,0
PINS.US,D,20180917,000000,19.28,19.57,19.24,19.48,5347577,0
PINS.US,D,20180917,000000,19.33,19.44,17.73,18.08,6783573,0
PINS.US,D,20180917,000000,17.75,18.89,14.24,14.33,5794586,0
PINS.US,D,20180918,000000,14.33,14.43,13.10,13.21,4409009,0
PINS.US,D,20180919,000000,12.96,14.02,12.82,13.92,2578597,0
PINS.US,D,20180920,000000,13.38,13.98,13.31,13.95,4340579,0
PINS.US,D,20180921,000000,14.04,14.37,11.66,11.91,4124472,0
PINS.US,D,20180924,000000,11.57,11.59,11.19,11.24,7001229,0
PINS.US,D,20180924,000000,11.32,11.37,10.28,10.43,5671824,0
PINS.US,D,20180924,000000,10.43,10.45,9.26,9.91,4724775,0
PINS.US,D,20180925,000000,9.51,10.19,9.45,10.06,7207614,0
PINS.US,D,20180926,000000,10.34,10.52,9.82,9.83,6785686,0
PINS.US,D,20180927,000000,9.44,10.51,9.21,10.05,4628766,0
PINS.US,D,20180928,000000,10.59,11.25,10.40,11.13,3785909,0
PINS.US,D,20181001,000000,10.98,11.15,9.96,10.04,2529493,0
PINS.US,D,20181001,000000,9.93,10.35,9.91,10.18,3281351,0
PINS.US,D,20181001,000000,10.15,10.15,9.78,9.86,4318638,0
PINS.US,D,20181002,000000,10.23,10.23,9.91,9.92,4128917,0
PINS.US,D,20181003,000000,9.79,10.42,9.76,10.24,6878081,0
PINS.US,D,20181004,000000,10.23,10.35,9.66,9.94,2671965,0
PINS.US,D,20181005,000000,10.08,10.21,9.63,9.86,7055170,0
PINS.US,D,20181008,000000,10.20,11.00,10.03,10.91,5059897,0
PINS.US,D,20181008,000000,11.20,11.29,10.61,10.72,2788960,0
PINS.US,D,20181008,000000,10.71,11.16,10.68,11.05,3875260,0
PINS.US,D,20181009,000000,10.86,11.47,10.74,11.39,6678779,0
PINS.US,D,20181010,000000,11.32,12.97,10.91,12.16,2751821,0
PINS.US,D,20181011,000000,12.46,13.72,12.05,13.38,4347543,0
PINS.US,D,20181012,000000,13.02,14.31,12.70,14.06,3559075,0
PINS.US,D,20181015,000000,13.53,14.55,13.49,14.25,5633439,0
PINS.US,D,20181015,000000,13.69,14.03,13.52,13.78,6247566,0
PINS.US,D,20181015,000000,13.66,14.05,12.33,12.66,2631210,0
PINS.US,D,20181016,000000,12.70,12.90,10.30,11.22,2528122,0
PINS.US,D,20181017,000000,11.07,11.08,11.04,11.05,6173351,0
PINS.US,D,20181018,000000,11.17,11.53,9.93,9.93,6211249,0
PINS.US,D,20181019,000000,10.26,10.29,9.71,9.76,3241159,0
PINS.US,D,20181022,000000,9.85,9.88,9.72,9.83,4632312,0
PINS.US,D,20181022,000000,10.19,10.26,9.44,9.69,2578505,0
PINS.US,D,20181022,000000,9.87,10.62,9.51,10.55,6626870,0
PINS.US,D,20181023,000000,10.54,10.55,10.05,10.30,5497184,0
PINS.US,D,20181024,000000,10.49,10.54,10.49,10.53,3947894,0
PINS.US,D,20181025,000000,10.48,10.49,10.42,10.43,6495434,0
PINS.US,D,20181026,000000,10.66,10.68,10.14,10.16,3921291,0
PINS.US,D,20181029,000000,10.18,10.26,9.70,9.83,2678844,0
PINS.US,D,20181029,000000,9.63,10.00,7.80,8.49,3194450,0
PINS.US,D,20181029,000000,8.26,8.32,8.11,8.12,5846187,0
PINS.US,D,20181030,000000,8.14,8.15,7.97,8.05,4641407,0
PINS.US,D,20181031,000000,8.23,8.27,7.98,8.00,4094573,0
PINS.US,D,20181101,000000,7.82,7.82,7.77,7.78,6146070,0
PINS.US,D,20181102,000000,7.92,8.38,7.87,8.30,5883425,0
PINS.US,D,20181105,000000,8.41,8.74,8.27,8.68,6486249,0
PINS.US,D,20181105,000000,8.52,8.77,7.67,7.91,5085721,0
PINS.US,D,20181105,000000,7.78,7.84,7.73,7.77,4069684,0
PINS.US,D,20181106,000000,7.80,7.90,7.51,7.52,6796257,0
PINS.US,D,20181107,000000,7.56,7.70,6.63,7.04,7214608,0
PINS.US,D,20181108,000000,7.16,7.26,6.58,6.88,3191560,0
PINS.US,D,20181109,000000,6.88,7.34,6.78,7.29,4963556,0
PINS.US,D,20181112,000000,7.21,7.24,6.90,6.98,7321085,0
PINS.US,D,20181112,000000,7.06,7.11,7.06,7.07,3353835,0
PINS.US,D,20181112,000000,7.26,7.57,7.26,7.48,5529370,0
PINS.US,D,20181113,000000,7.32,8.22,7.28,7.90,2755852,0
PINS.US,D,20181114,000000,7.88,8.10,7.86,8.08,5976633,0
PINS.US,D,20181115,000000,8.09,8.92,8.02,8.55,4169931,0
PINS.US,D,20181116,000000,8.39,8.42,8.34,8.37,4299532,0
PINS.US,D,20181119,000000,8.56,8.62,8.52,8.56,6267377,0
PINS.US,D,20181119,000000,8.74,8.77,8.58,8.63,5162852,0
PINS.US,D,20181119,000000,8.65,8.82,7.20,7.69,3316826,0
PINS.US,D,20181120,000000,7.65,8.19,7.52,8.17,4567654,0
PINS.US,D,20181121,000000,8.18,8.45,7.56,7.77,2629432,0
PINS.US,D,20181122,000000,7.79,7.81,7.44,7.50,4135579,0
PINS.US,D,20181123,000000,7.49,8.46,7.36,8.23,4218984,0
PINS.US,D,20181126,000000,8.37,8.53,6.98,7.34,7258805,0
PINS.US,D,20181126,000000,7.32,7.33,6.97,7.02,5873622,0
PINS.US,D,20181126,000000,7.10,7.19,6.53,6.57,7138569,0
PINS.US,D,20181127,000000,6.65,6.80,6.32,6.39,2621583,0
PINS.US,D,20181128,000000,6.32,6.57,4.54,5.08,4066834,0
PINS.US,D,20181129,000000,5.03,5.07,4.95,4.96,4178067,0
PINS.US,D,20181130,000000,5.02,5.23,5.00,5.15,5022257,0
PINS.US,D,20181203,000000,5.05,5.10,4.92,4.96,6025453,0
PINS.US,D,20181203,000000,5.03,5.09,5.03,5.08,6919550,0
PINS.US,D,20181203,000000,5.30,5.57,4.76,4.79,5467818,0
PINS.US,D,20181204,000000,4.78,4.79,4.36,4.51,5614550,0
PINS.US,D,20181205,000000,4.48,5.00,4.39,4.79,5757040,0
PINS.US,D,20181206,000000,4.93,4.93,4.93,4.93,4193847,0
PINS.US,D,20181207,000000,4.99,5.27,4.95,5.25,5960953,0
PINS.US,D,20181210,000000,5.29,5.39,5.10,5.15,5204217,0
PINS.US,D,20181210,000000,4.91,5.55,4.90,5.47,4317158,0
PINS.US,D,20181210,000000,5.32,5.59,5.28,5.56,3009085,0
PINS.US,D,20181211,000000,5.49,6.01,5.38,5.98,4726636,0
PINS.US,D,20181212,000000,6.31,7.06,6.28,6.73,5013458,0
PINS.US,D,20181213,000000,6.93,6.95,6.16,6.21,2570851,0
PINS.US,D,20181214,000000,6.21,6.32,5.71,5.77,6222014,0
PINS.US,D,20181217,000000,5.69,5.92,5.65,5.90,4012051,0
PINS.US,D,20181217,000000,5.78,6.15,5.69,6.03,7061206,0
PINS.US,D,20181217,000000,6.07,6.49,6.04,6.41,6432701,0
PINS.US,D,20181218,000000,6.39,6.80,6.31,6.76,6376963,0
PINS.US,D,20181219,000000,6.80,6.89,6.63,6.66,4056107,0
PINS.US,D,20181220,000000,6.46,6.70,6.37,6.65,2534873,0
PINS.US,D,20181221,000000,6.81,7.00,6.77,6.94,2690665,0
PINS.US,D,20181224,000000,6.80,6.93,6.61,6.75,5745138,0
PINS.US,D,20181224,000000,6.93,7.08,6.33,6.46,7128201,0
PINS.US,D,20181224,000000,6.50,6.51,5.99,6.01,3176456,0
PINS.US,D,20181225,000000,6.10,6.37,5.46,5.70,5687738,0
PINS.US,D,20181226,000000,5.55,6.66,5.27,6.45,7468516,0
PINS.US,D,20181227,000000,6.46,6.80,6.44,6.76,7138859,0
PINS.US,D,20181228,000000,6.94,6.98,6.22,6.43,5672457,0
PINS.US,D,20181231,000000,6.48,6.52,5.95,6.11,4513394,0
PINS.US,D,20181231,000000,5.97,6.16,5.93,6.00,5060628,0
PINS.US,D,20181231,000000,5.99,6.56,5.91,6.36,5951854,0
PINS.US,D,20190101,000000,6.25,6.34,5.59,5.78,7067782,0
PINS.US,D,20190102,000000,5.75,5.87,5.70,5.85,5023083,0
PINS.US,D,20190103,000000,5.88,5.98,5.81,5.94,2512192,0
PINS.US,D,20190104,000000,5.87,6.55,5.54,6.48,5614856,0
PINS.US,D,20190107,000000,6.22,6.95,6.17,6.83,5310898,0
PINS.US,D,20190107,000000,6.97,7.50,6.92,7.43,3527741,0
PINS.US,D,20190107,000000,7.62,7.85,6.74,6.77,6885651,0
PINS.US,D,20190108,000000,6.76,7.12,6.71,7.08,5441723,0
PINS.US,D,20190109,000000,7.15,7.19,7.08,7.10,6197114,0
PINS.US,D,20190110,000000,7.19,7.83,7.13,7.72,3326102,0
PINS.US,D,20190111,000000,7.75,8.10,7.58,8.02,2766255,0
PINS.US,D,20190114,000000,8.31,8.38,8.05,8.16,3634843,0
PINS.US,D,20190114,000000,8.13,8.42,7.87,8.38,3727698,0
PINS.US,D,20190114,000000,8.27,8.97,8.19,8.89,5498308,0
PINS.US,D,20190115,000000,9.14,9.15,8.97,9.11,5102151,0
PINS.US,D,20190116,000000,9.03,9.14,8.77,8.80,2708420,0
PINS.US,D,20190117,000000,8.85,8.92,8.68,8.73,3159625,0
PINS.US,D,20190118,000000,8.94,8.94,8.81,8.87,3989300,0
PINS.US,D,20190121,000000,8.96,9.10,8.94,9.00,4174848,0
PINS.US,D,20190121,000000,8.96,9.03,8.38,8.69,6239827,0
PINS.US,D,20190121,000000,8.45,8.50,8.07,8.15,4752897,0
PINS.US,D,20190122,000000,8.29,8.32,8.23,8.24,6531780,0
PINS.US,D,20190123,000000,8.45,8.92,8.42,8.69,7375369,0
PINS.US,D,20190124,000000,8.82,8.90,8.68,8.88,5851458,0
PINS.US,D,20190125,000000,9.06,9.11,8.45,8.66,5212057,0
PINS.US,D,20190128,000000,8.71,8.85,8.32,8.33,2819419,0
PINS.US,D,20190128,000000,8.36,8.57,6.94,7.33,4628500,0
PINS.US,D,20190128,000000,7.57,7.67,7.47,7.59,6355204,0
PINS.US,D,20190129,000000,7.70,9.59,7.70,9.20,3935116,0
PINS.US,D,20190130,000000,8.99,9.16,8.88,9.08,4318904,0
PINS.US,D,20190131,000000,9.24,9.81,8.98,9.75,3105685,0
PINS.US,D,20190201,000000,9.65,9.71,8.32,8.81,4319478,0
PINS.US,D,20190204,000000,8.79,8.89,7.96,8.19,2927343,0
PINS.US,D,20190204,000000,8.51,8.85,7.45,7.72,3416843,0
PINS.US,D,20190204,000000,7.60,7.60,7.47,7.49,7131527,0
PINS.US,D,20190205,000000,7.55,7.74,6.74,6.82,7050354,0
PINS.US,D,20190206,000000,6.86,6.91,6.49,6.53,3358397,0
PINS.US,D,20190207,000000,6.53,6.59,6.23,6.27,4532135,0
PINS.US,D,20190208,000000,6.35,6.41,6.34,6.35,6355095,0
PINS.US,D,20190211,000000,6.29,6.44,5.86,6.08,6343061,0
PINS.US,D,20190211,000000,6.32,6.57,5.84,5.89,6628360,0
PINS.US,D,20190211,000000,5.71,5.72,5.54,5.56,6553332,0
PINS.US,D,20190212,000000,5.56,5.73,4.95,5.07,5395490,0
PINS.US,D,20190213,000000,5.07,5.13,5.04,5.09,4199090,0
PINS.US,D,20190214,000000,5.15,5.26,5.12,5.19,3203658,0
PINS.US,D,20190215,000000,5.08,5.37,4.16,4.38,6295391,0
PINS.US,D,20190218,000000,4.46,4.51,3.89,4.05,5381050,0
PINS.US,D,20190218,000000,4.11,4.11,3.59,3.71,2522823,0
PINS.US,D,20190218,000000,3.71,3.90,3.71,3.82,3445002,0
PINS.US,D,20190219,000000,3.73,3.76,3.59,3.65,4378423,0
PINS.US,D,20190220,000000,3.68,3.76,3.65,3.71,3377659,0
PINS.US,D,20190221,000000,3.71,4.03,3.71,3.97,5618230,0
PINS.US,D,20190222,000000,4.08,4.18,3.61,3.65,7496505,0
PINS.US,D,20190225,000000,3.56,4.55,3.27,4.45,5462200,0
PINS.US,D,20190225,000000,4.41,4.57,4.39,4.45,4215971,0
PINS.US,D,20190225,000000,4.43,4.51,4.42,4.48,5283372,0
PINS.US,D,20190226,000000,4.38,4.55,4.31,4.50,2921206,0
PINS.US,D,20190227,000000,4.46,4.49,4.45,4.47,6234239,0
PINS.US,D,20190228,000000,4.58,4.66,3.75,3.81,2533695,0
PINS.US,D,20190301,000000,3.81,3.90,3.48,3.63,6597929,0
PINS.US,D,20190304,000000,3.54,3.56,3.48,3.48,6613952,0
PINS.US,D,20190304,000000,3.59,3.63,3.12,3.24,5686210,0
PINS.US,D,20190304,000000,3.16,3.22,2.47,2.69,5936631,0
PINS.US,D,20190305,000000,2.60,2.91,2.55,2.80,3077637,0
PINS.US,D,20190306,000000,2.88,2.98,2.13,2.39,6611070,0
PINS.US,D,20190307,000000,2.33,2.36,2.32,2.33,6812190,0
PINS.US,D,20190308,000000,2.28,2.48,2.20,2.40,4310776,0
PINS.US,D,20190311,000000,2.49,2.51,2.40,2.42,2988200,0
PINS.US,D,20190311,000000,2.47,2.48,2.43,2.45,5735390,0
PINS.US,D,20190311,000000,2.47,2.58,2.46,2.56,3104106,0
PINS.US,D,20190312,000000,2.46,3.03,2.40,2.80,2518045,0
PINS.US,D,20190313,000000,2.88,3.02,2.87,2.97,6895862,0
PINS.US,D,20190314,000000,2.84,3.06,2.84,3.03,4983335,0
PINS.US,D,20190315,000000,3.08,3.09,2.98,2.99,4864255,0
PINS.US,D,20190318,000000,2.86,2.86,2.68,2.73,4378979,0
PINS.US,D,20190318,000000,2.68,2.93,2.62,2.92,6706368,0
PINS.US,D,20190318,000000,2.93,2.95,2.76,2.77,2910108,0
PINS.US,D,20190319,000000,2.75,2.76,2.72,2.75,5516579,0
PINS.US,D,20190320,000000,2.73,2.86,2.70,2.86,6458584,0
PINS.US,D,20190321,000000,2.84,3.09,2.83,3.06,5470617,0
PINS.US,D,20190322,000000,3.04,3.47,2.91,3.35,6348559,0
PINS.US,D,20190325,000000,3.26,3.61,3.12,3.47,4954203,0
PINS.US,D,20190325,000000,3.39,3.48,3.33,3.41,5481258,0
PINS.US,D,20190325,000000,3.36,3.65,3.32,3.63,7393946,0
PINS.US,D,20190326,000000,3.58,3.61,3.20,3.42,2854002,0
PINS.US,D,20190327,000000,3.42,3.64,3.40,3.59,2777004,0
PINS.US,D,20190328,000000,3.46,3.54,3.44,3.49,3671764,0
PINS.US,D,20190329,000000,3.60,3.79,3.52,3.76,2999839,0
PINS.US,D,20190401,000000,3.77,4.30,3.65,4.23,3383081,0
PINS.US,D,20190401,000000,4.20,4.24,4.05,4.09,4866241,0
PINS.US,D,20190401,000000,4.19,4.68,3.94,4.66,3586976,0
PINS.US,D,20190402,000000,4.53,4.57,4.49,4.57,13777440,0
PINS.US,D,20190403,000000,4.52,4.54,4.45,4.47,11039866,0
PINS.US,D,20190404,000000,4.53,4.53,4.27,4.29,7080399,0
PINS.US,D,20190405,000000,4.28,4.32,4.13,4.16,6601972,0
PINS.US,D,20190408,000000,4.16,4.17,3.96,4.01,15972636,0
PINS.US,D,20190408,000000,4.04,4.06,3.73,3.86,12210428,0
PINS.US,D,20190408,000000,3.84,3.89,3.66,3.67,8540050,0
PINS.US,D,20190409,000000,3.63,3.63,3.50,3.54,20084359,0
PINS.US,D,20190410,000000,3.57,3.69,3.28,3.29,24016102,0
PINS.US,D,20190411,000000,3.20,3.22,3.11,3.12,10966641,0
PINS.US,D,20190412,000000,3.20,3.21,2.83,2.98,13501250,0
PINS.US,D,20190415,000000,3.04,3.05,2.81,2.82,16303730,0
PINS.US,D,20190415,000000,2.91,2.97,2.53,2.63,31328522,0
PINS.US,D,20190415,000000,2.60,2.64,2.46,2.46,26039244,0
PINS.US,D,20190416,000000,2.45,2.52,2.06,2.26,29319383,0
PINS.US,D,20190417,000000,2.31,2.35,2.08,2.14,15513840,0
PINS.US,D,20190418,000000,2.18,2.24,2.12,2.13,7046216,0
PINS.US,D,20190419,000000,2.11,2.26,2.07,2.21,6418910,0
PINS.US,D,20190422,000000,2.15,2.31,2.12,2.28,6109079,0
PINS.US,D,20190422,000000,2.24,2.28,2.15,2.20,5782575,0
PINS.US,D,20190422,000000,2.17,2.18,2.17,2.17,7106317,0
PINS.US,D,20190423,000000,2.17,2.19,2.17,2.18,3795100,0
PINS.US,D,20190424,000000,2.15,2.39,2.10,2.36,6105545,0
PINS.US,D,20190425,000000,2.34,2.38,2.22,2.24,2907814,0
PINS.US,D,20190426,000000,2.20,2.22,2.19,2.19,2882209,0
PINS.US,D,20190429,000000,2.21,2.23,2.18,2.19,6858087,0
PINS.US,D,20190429,000000,2.10,2.20,2.07,2.20,5439215,0
PINS.US,D,20190429,000000,2.14,2.52,2.12,2.37,5331089,0
PINS.US,D,20190430,000000,2.38,2.44,2.34,2.43,4249233,0
PINS.US,D,20190501,000000,2.39,2.43,2.23,2.24,4302833,0
PINS.US,D,20190502,000000,2.24,2.26,2.18,2.18,2819746,0
PINS.US,D,20190503,000000,2.18,2.19,2.13,2.14,6397518,0
PINS.US,D,20190506,000000,2.12,2.33,2.08,2.30,2573447,0
PINS.US,D,20190506,000000,2.30,2.34,2.13,2.14,7155328,0
PINS.US,D,20190506,000000,2.15,2.19,2.13,2.17,4358197,0
PINS.US,D,20190507,000000,2.17,2.20,2.17,2.19,7235947,0
PINS.US,D,20190508,000000,2.22,2.30,2.03,2.05,4136368,0
PINS.US,D,20190509,000000,2.09,2.21,1.76,1.84,2552918,0
PINS.US,D,20190510,000000,1.87,1.87,1.87,1.87,4471183,0
PINS.US,D,20190513,000000,1.85,1.90,1.84,1.88,6368589,0
PINS.US,D,20190513,000000,1.86,1.87,1.79,1.83,6107718,0
PINS.US,D,20190513,000000,1.85,1.89,1.80,1.80,5568675,0
PINS.US,D,20190514,000000,1.82,1.84,1.77,1.80,7339045,0
PINS.US,D,20190515,000000,1.81,1.89,1.76,1.87,4878895,0
PINS.US,D,20190516,000000,1.84,2.03,1.81,1.95,6164396,0
PINS.US,D,20190517,000000,1.97,2.10,1.96,2.07,7312705,0
PINS.US,D,20190520,000000,2.04,2.08,2.03,2.06,6005259,0
PINS.US,D,20190520,000000,2.04,2.14,1.96,2.14,6498439,0
PINS.US,D,20190520,000000,2.16,2.24,2.15,2.20,4239460,0
PINS.US,D,20190521,000000,2.20,2.23,2.05,2.06,4674427,0
PINS.US,D,20190522,000000,2.08,2.18,2.05,2.17,3934930,0
PINS.US,D,20190523,000000,2.14,2.16,1.91,1.94,6045446,0
PINS.US,D,20190524,000000,1.84,1.94,1.83,1.91,5460015,0
PINS.US,D,20190527,000000,1.88,2.03,1.86,1.93,5715298,0
PINS.US,D,20190527,000000,1.93,1.95,1.86,1.87,2780152,0
PINS.US,D,20190527,000000,1.87,1.87,1.84,1.84,6089554,0
PINS.US,D,20190528,000000,1.82,1.82,1.78,1.80,4953281,0
PINS.US,D,20190529,000000,1.75,1.95,1.74,1.86,7474082,0
PINS.US,D,20190530,000000,1.87,1.95,1.73,1.76,5941568,0
PINS.US,D,20190531,000000,1.76,1.86,1.72,1.86,4300506,0
PINS.US,D,20190603,000000,1.87,1.92,1.86,1.91,7123016,0
PINS.US,D,20190603,000000,1.90,2.17,1.86,2.09,6771162,0
PINS.US,D,20190603,000000,2.07,2.28,1.97,2.25,3758900,0
PINS.US,D,20190604,000000,2.25,2.26,2.03,2.04,5856980,0
PINS.US,D,20190605,000000,1.95,2.21,1.92,2.10,6589748,0
PINS.US,D,20190606,000000,2.10,2.11,2.04,2.07,5571095,0
PINS.US,D,20190607,000000,2.03,2.03,1.98,2.00,2505231,0
PINS.US,D,20190610,000000,2.01,2.01,1.97,1.99,4276814,0
PINS.US,D,20190610,000000,1.97,2.09,1.97,2.09,4798563,0
PINS.US,D,20190610,000000,2.14,2.15,2.07,2.08,4158998,0
PINS.US,D,20190611,000000,2.11,2.27,2.08,2.22,7206011,0
PINS.US,D,20190612,000000,2.18,2.24,2.15,2.23,7192198,0
PINS.US,D,20190613,000000,2.14,2.16,2.10,2.10,6785802,0
PINS.US,D,20190614,000000,1.98,2.05,1.78,1.81,6211018,0
PINS.US,D,20190617,000000,1.81,1.95,1.81,1.95,6158962,0
PINS.US,D,20190617,000000,2.00,2.10,1.66,1.75,4869908,0
PINS.US,D,20190617,000000,1.80,1.82,1.69,1.69,4936673,0
PINS.US,D,20190618,000000,1.67,1.67,1.57,1.58,6944639,0
PINS.US,D,20190619,000000,1.58,1.60,1.56,1.57,5080675,0
PINS.US,D,20190620,000000,1.54,1.57,1.54,1.56,6424355,0
PINS.US,D,20190621,000000,1.62,1.63,1.51,1.56,5676271,0
PINS.US,D,20190624,000000,1.58,1.58,1.57,1.58,5454663,0
PINS.US,D,20190624,000000,1.55,1.56,1.51,1.54,4186173,0
PINS.US,D,20190624,000000,1.52,1.53,1.41,1.43,3751423,0
PINS.US,D,20190625,000000,1.42,1.43,1.20,1.25,7274331,0
PINS.US,D,20190626,000000,1.24,1.31,1.24,1.27,6448157,0
PINS.US,D,20190627,000000,1.25,1.31,1.23,1.30,6380855,0
PINS.US,D,20190628,000000,1.28,1.30,1.26,1.26,7334643,0
PINS.US,D,20190701,000000,1.27,1.30,1.26,1.29,6793692,0
PINS.US,D,20190701,000000,1.31,1.31,1.29,1.30,3738459,0
PINS.US,D,20190701,000000,1.31,1.32,1.25,1.28,4726227,0
PINS.US,D,20190702,000000,1.24,1.30,1.24,1.29,6233987,0
PINS.US,D,20190703,000000,1.25,1.34,1.24,1.30,5402183,0
PINS.US,D,20190704,000000,1.27,1.32,1.27,1.29,5073377,0
PINS.US,D,20190705,000000,1.28,1.29,1.15,1.17,5721724,0
PINS.US,D,20190708,000000,1.17,1.19,1.17,1.18,6115228,0
PINS.US,D,20190708,000000,1.20,1.25,1.19,1.24,5552433,0
PINS.US,D,20190708,000000,1.27,1.37,1.24,1.36,4334905,0
PINS.US,D,20190709,000000,1.31,1.49,1.26,1.45,7354209,0
PINS.US,D,20190710,000000,1.44,1.51,1.44,1.50,2696689,0
PINS.US,D,20190711,000000,1.47,1.48,1.46,1.47,3851188,0
PINS.US,D,20190712,000000,1.46,1.47,1.42,1.44,4699291,0
PINS.US,D,20190715,000000,1.43,1.53,1.41,1.52,4713839,0
PINS.US,D,20190715,000000,1.53,1.54,1.52,1.53,7132841,0
PINS.US,D,20190715,000000,1.50,1.52,1.49,1.52,3367646,0
PINS.US,D,20190716,000000,1.52,1.56,1.34,1.37,4315596,0
PINS.US,D,20190717,000000,1.35,1.57,1.30,1.54,6076944,0
PINS.US,D,20190718,000000,1.59,1.62,1.54,1.54,7487284,0
PINS.US,D,20190719,000000,1.51,1.53,1.42,1.43,4066739,0
PINS.US,D,20190722,000000,1.42,1.45,1.16,1.25,6536619,0
PINS.US,D,20190722,000000,1.24,1.26,1.24,1.26,4943571,0
PINS.US,D,20190722,000000,1.20,1.48,1.19,1.40,7416228,0
PINS.US,D,20190723,000000,1.44,1.47,1.44,1.46,5377632,0
PINS.US,D,20190724,000000,1.45,1.49,1.26,1.28,2953202,0
PINS.US,D,20190725,000000,1.32,1.37,1.20,1.23,7171783,0
PINS.US,D,20190726,000000,1.25,1.28,1.19,1.20,6414629,0
PINS.US,D,20190729,000000,1.18,1.20,1.17,1.19,6295259,0
PINS.US,D,20190729,000000,1.17,1.18,0.99,1.03,2807163,0
PINS.US,D,20190729,000000,1.00,1.05,0.99,1.03,5467906,0
PINS.US,D,20190730,000000,1.02,1.03,0.99,1.00,6301484,0
PINS.US,D,20190731,000000,1.01,1.09,1.00,1.05,6898736,0
PINS.US,D,20190801,000000,1.06,1.17,1.02,1.13,4449971,0
PINS.US,D,20190802,000000,1.12,1.25,1.09,1.20,5105685,0
PINS.US,D,20190805,000000,1.22,1.22,1.18,1.19,4021649,0
PINS.US,D,20190805,000000,1.18,1.22,1.17,1.22,6916174,0
PINS.US,D,20190805,000000,1.22,1.25,1.21,1.24,4478971,0
PINS.US,D,20190806,000000,1.22,1.22,1.17,1.17,2857910,0
PINS.US,D,20190807,000000,1.17,1.34,1.14,1.29,4341243,0
PINS.US,D,20190808,000000,1.29,1.29,1.28,1.29,3737528,0
PINS.US,D,20190809,000000,1.29,1.31,1.15,1.21,3442233,0
PINS.US,D,20190812,000000,1.20,1.26,1.18,1.24,2567195,0
PINS.US,D,20190812,000000,1.24,1.32,1.22,1.29,3430245,0
PINS.US,D,20190812,000000,1.31,1.31,1.30,1.31,5751013,0
PINS.US,D,20190813,000000,1.29,1.30,1.29,1.30,6928947,0
PINS.US,D,20190814,000000,1.29,1.31,1.29,1.31,3722759,0
PINS.US,D,20190815,000000,1.29,1.30,1.28,1.30,3796625,0
PINS.US,D,20190816,000000,1.33,1.35,1.32,1.34,6725403,0
PINS.US,D,20190819,000000,1.35,1.35,1.25,1.27,6160453,0
PINS.US,D,20190819,000000,1.27,1.28,1.22,1.25,5397022,0
PINS.US,D,20190819,000000,1.24,1.29,1.24,1.27,4515433,0
PINS.US,D,20190820,000000,1.27,1.35,1.25,1.34,4122829,0
PINS.US,D,20190821,000000,1.33,1.34,1.26,1.27,4481900,0
PINS.US,D,20190822,000000,1.28,1.30,1.25,1.25,3095321,0
PINS.US,D,20190823,000000,1.25,1.25,1.24,1.25,3988089,0
PINS.US,D,20190826,000000,1.23,1.24,1.19,1.20,6383673,0
PINS.US,D,20190826,000000,1.23,1.24,1.14,1.15,5774509,0
PINS.US,D,20190826,000000,1.18,1.18,1.13,1.14,2665027,0
PINS.US,D,20190827,000000,1.14,1.14,1.13,1.14,3770608,0
PINS.US,D,20190828,000000,1.13,1.19,1.12,1.19,4895424,0
PINS.US,D,20190829,000000,1.20,1.21,1.19,1.19,4920192,0
PINS.US,D,20190830,000000,1.19,1.20,1.15,1.16,6887523,0
PINS.US,D,20190902,000000,1.16,1.16,1.09,1.10,4815052,0
PINS.US,D,20190902,000000,1.10,1.10,1.09,1.09,6478630,0
PINS.US,D,20190902,000000,1.10,1.14,1.09,1.14,2929742,0
PINS.US,D,20190903,000000,1.12,1.13,1.09,1.10,3314907,0
PINS.US,D,20190904,000000,1.10,1.17,1.09,1.15,5948027,0
PINS.US,D,20190905,000000,1.16,1.16,1.15,1.16,3163528,0
PINS.US,D,20190906,000000,1.14,1.17,1.14,1.16,2824569,0
PINS.US,D,20190909,000000,1.14,1.19,1.13,1.18,3786462,0
PINS.US,D,20190909,000000,1.17,1.23,1.17,1.22,3717210,0
PINS.US,D,20190909,000000,1.25,1.25,1.22,1.23,2873491,0
PINS.US,D,20190910,000000,1.25,1.27,1.21,1.22,5886127,0
PINS.US,D,20190911,000000,1.24,1.28,1.24,1.27,6513593,0
PINS.US,D,20190912,000000,1.25,1.35,1.24,1.31,5934685,0
PINS.US,D,20190913,000000,1.30,1.36,1.29,1.34,6946668,0
PINS.US,D,20190916,000000,1.33,1.44,1.32,1.41,4369277,0
PINS.US,D,20190916,000000,1.40,1.46,1.38,1.46,4101488,0
PINS.US,D,20190916,000000,1.47,1.53,1.47,1.52,3540469,0
PINS.US,D,20190917,000000,1.56,1.56,1.40,1.46,2926697,0
PINS.US,D,20190918,000000,1.48,1.48,1.48,1.48,4730018,0
PINS.US,D,20190919,000000,1.53,1.53,1.39,1.40,4597562,0
PINS.US,D,20190920,000000,1.40,1.46,1.40,1.43,6839250,0
PINS.US,D,20190923,000000,1.38,1.49,1.35,1.48,2962403,0
PINS.US,D,20190923,000000,1.45,1.45,1.40,1.41,3884724,0
PINS.US,D,20190923,000000,1.41,1.51,1.39,1.48,2603001,0
PINS.US,D,20190924,000000,1.47,1.55,1.46,1.54,4433977,0
PINS.US,D,20190925,000000,1.49,1.54,1.49,1.54,5755319,0
PINS.US,D,20190926,000000,1.54,1.59,1.39,1.49,4920545,0
PINS.US,D,20190927,000000,1.53,1.54,1.26,1.28,7247765,0
PINS.US,D,20190930,000000,1.29,1.34,1.17,1.20,4822649,0
PINS.US,D,20190930,000000,1.19,1.24,1.18,1.23,3098119,0
PINS.US,D,20190930,000000,1.22,1.23,1.16,1.17,6535842,0
PINS.US,D,20191001,000000,1.17,1.25,1.16,1.22,4786726,0
PINS.US,D,20191002,000000,1.21,1.23,1.14,1.17,5073985,0
PINS.US,D,20191003,000000,1.16,1.25,1.15,1.24,6126279,0
PINS.US,D,20191004,000000,1.22,1.27,1.22,1.25,3919250,0
PINS.US,D,20191007,000000,1.26,1.31,1.24,1.30,6924667,0
PINS.US,D,20191007,000000,1.28,1.30,1.20,1.25,5313478,0
PINS.US,D,20191007,000000,1.23,1.30,1.09,1.13,6338398,0
PINS.US,D,20191008,000000,1.13,1.15,1.12,1.14,7019898,0
PINS.US,D,20191009,000000,1.13,1.14,1.07,1.08,6937272,0
PINS.US,D,20191010,000000,1.08,1.08,1.04,1.05,6532529,0
PINS.US,D,20191011,000000,1.07,1.08,0.97,1.01,5566906,0
PINS.US,D,20191014,000000,1.00,1.01,1.00,1.00,4983449,0
PINS.US,D,20191014,000000,1.01,1.09,0.98,1.03,5735735,0
PINS.US,D,20191014,000000,1.03,1.18,1.02,1.13,5116612,0
PINS.US,D,20191015,000000,1.13,1.13,1.06,1.10,2654361,0
PINS.US,D,20191016,000000,1.12,1.12,0.95,1.01,3198554,0
PINS.US,D,20191017,000000,1.01,1.02,0.98,1.00,5861601,0
PINS.US,D,20191018,000000,1.04,1.04,1.00,1.00,6600923,0
PINS.US,D,20191021,000000,1.04,1.04,0.97,1.00,4294523,0
PINS.US,D,20191021,000000,1.03,1.04,1.02,1.02,4047370,0
PINS.US,D,20191021,000000,1.02,1.06,1.02,1.04,6034261,0
PINS.US,D,20191022,000000,1.04,1.11,1.01,1.10,5011653,0
PINS.US,D,20191023,000000,1.07,1.12,1.07,1.11,2751226,0
PINS.US,D,20191024,000000,1.11,1.13,1.04,1.06,4722025,0
PINS.US,D,20191025,000000,1.05,1.15,1.05,1.12,3036610,0
PINS.US,D,20191028,000000,1.16,1.19,1.03,1.08,4094893,0
PINS.US,D,20191028,000000,1.10,1.10,1.08,1.09,3770856,0
PINS.US,D,20191028,000000,1.09,1.09,1.08,1.08,7307201,0
PINS.US,D,20191029,000000,1.05,1.15,1.05,1.10,4413823,0
PINS.US,D,20191030,000000,1.14,1.15,1.09,1.10,5877407,0
PINS.US,D,20191031,000000,1.10,1.10,1.10,1.10,3968673,0
PINS.US,D,20191101,000000,1.11,1.12,1.07,1.08,7007335,0
PINS.US,D,20191104,000000,1.06,1.19,1.05,1.14,5960155,0
PINS.US,D,20191104,000000,1.18,1.19,1.07,1.08,6984023,0
PINS.US,D,20191104,000000,1.04,1.30,1.03,1.25,7208039,0
PINS.US,D,20191105,000000,1.27,1.31,1.26,1.30,3014460,0
PINS.US,D,20191106,000000,1.31,1.38,1.31,1.36,7424748,0
PINS.US,D,20191107,000000,1.34,1.37,1.24,1.27,3504809,0
PINS.US,D,20191108,000000,1.27,1.27,1.26,1.27,7224929,0
PINS.US,D,20191111,000000,1.27,1.28,1.18,1.22,4555391,0
PINS.US,D,20191111,000000,1.21,1.21,1.14,1.15,4595214,0
PINS.US,D,20191111,000000,1.13,1.14,1.01,1.06,5472581,0
PINS.US,D,20191112,000000,1.07,1.07,1.03,1.04,7029143,0
PINS.US,D,20191113,000000,1.08,1.11,0.99,1.00,4655920,0
PINS.US,D,20191114,000000,1.00,1.04,0.99,1.03,6356255,0
PINS.US,D,20191115,000000,1.01,1.12,1.00,1.10,5565525,0
PINS.US,D,20191118,000000,1.11,1.22,1.07,1.18,3825633,0
PINS.US,D,20191118,000000,1.19,1.22,0.98,1.04,3007759,0
PINS.US,D,20191118,000000,1.04,1.12,1.03,1.09,6567114,0
PINS.US,D,20191119,000000,1.10,1.11,1.10,1.11,2869607,0
PINS.US,D,20191120,000000,1.12,1.13,1.10,1.11,3580356,0
PINS.US,D,20191121,000000,1.12,1.13,1.07,1.08,4375826,0
PINS.US,D,20191122,000000,1.07,1.12,1.05,1.10,5002349,0
PINS.US,D,20191125,000000,1.11,1.18,1.09,1.17,3565234,0
PINS.US,D,20191125,000000,1.18,1.19,1.11,1.14,5854810,0
PINS.US,D,20191125,000000,1.10,1.10,1.10,1.10,4394360,0
PINS.US,D,20191126,000000,1.11,1.12,1.07,1.09,4298064,0
PINS.US,D,20191127,000000,1.12,1.12,1.10,1.11,6098229,0
PINS.US,D,20191128,000000,1.08,1.10,1.08,1.10,4589695,0
PINS.US,D,20191129,000000,1.10,1.11,1.01,1.02,3142523,0
PINS.US,D,20191202,000000,1.00,1.00,1.00,1.00,6057647,0
PINS.US,D,20191202,000000,1.01,1.01,1.00,1.00,3467197,0
PINS.US,D,20191202,000000,1.02,1.04,1.02,1.04,4514264,0
PINS.US,D,20191203,000000,1.03,1.11,1.03,1.07,6666201,0
PINS.US,D,20191204,000000,1.07,1.07,1.07,1.07,3946244,0
PINS.US,D,20191205,000000,1.11,1.12,1.06,1.08,2971695,0
PINS.US,D,20191206,000000,1.12,1.14,1.11,1.12,3210988,0
PINS.US,D,20191209,000000,1.13,1.29,1.08,1.26,4234560,0
PINS.US,D,20191209,000000,1.22,1.24,1.21,1.23,6121540,0
PINS.US,D,20191209,000000,1.22,1.22,1.21,1.22,5171590,0
PINS.US,D,20191210,000000,1.21,1.21,1.10,1.11,6490217,0
PINS.US,D,20191211,000000,1.10,1.18,1.08,1.17,5650214,0
PINS.US,D,20191212,000000,1.20,1.20,1.14,1.15,6974021,0
PINS.US,D,20191213,000000,1.19,1.25,1.18,1.24,6977980,0
PINS.US,D,20191216,000000,1.28,1.37,1.27,1.36,5196259,0
PINS.US,D,20191216,000000,1.35,1.35,1.19,1.24,4067274,0
PINS.US,D,20191216,000000,1.24,1.24,1.24,1.24,6820638,0
PINS.US,D,20191217,000000,1.27,1.32,1.26,1.32,5252740,0
PINS.US,D,20191218,000000,1.34,1.34,1.32,1.33,3975295,0
PINS.US,D,20191219,000000,1.31,1.38,1.30,1.36,5882315,0
PINS.US,D,20191220,000000,1.34,1.38,1.33,1.37,3672090,0
PINS.US,D,20191223,000000,1.36,1.40,1.36,1.39,2531975,0
PINS.US,D,20191223,000000,1.40,1.43,1.39,1.42,4293232,0
PINS.US,D,20191223,000000,1.36,1.37,1.36,1.36,6600992,0
PINS.US,D,20191224,000000,1.36,1.37,1.29,1.29,3741183,0
PINS.US,D,20191225,000000,1.29,1.36,1.28,1.35,4189730,0
PINS.US,D,20191226,000000,1.38,1.41,1.32,1.34,6769953,0
PINS.US,D,20191227,000000,1.39,1.41,1.26,1.30,2863242,0
PINS.US,D,20191230,000000,1.35,1.40,1.31,1.36,3719590,0
PINS.US,D,20191230,000000,1.38,1.46,1.36,1.43,3575128,0
PINS.US,D,20191230,000000,1.38,1.53,1.37,1.51,2795534,0
PINS.US,D,20191231,000000,1.53,1.70,1.47,1.66,5714161,0
PINS.US,D,20200101,000000,1.65,1.74,1.63,1.73,5483474,0
PINS.US,D,20200102,000000,1.74,1.74,1.73,1.73,6566896,0
PINS.US,D,20200103,000000,1.73,1.85,1.70,1.78,3710367,0
PINS.US,D,20200106,000000,1.77,1.78,1.70,1.71,3788458,0
PINS.US,D,20200106,000000,1.71,1.72,1.71,1.72,6087255,0
PINS.US,D,20200106,000000,1.72,1.75,1.72,1.74,3776839,0
PINS.US,D,20200107,000000,1.68,1.87,1.63,1.85,5431830,0
PINS.US,D,20200108,000000,1.81,1.86,1.79,1.86,3294404,0
PINS.US,D,20200109,000000,1.83,1.87,1.69,1.73,7250004,0
PINS.US,D,20200110,000000,1.72,1.72,1.65,1.67,2940840,0
PINS.US,D,20200113,000000,1.61,1.72,1.56,1.72,6976168,0
PINS.US,D,20200113,000000,1.78,1.80,1.63,1.65,7172424,0
PINS.US,D,20200113,000000,1.64,1.75,1.62,1.74,4453359,0
PINS.US,D,20200114,000000,1.70,1.73,1.66,1.68,5157437,0
PINS.US,D,20200115,000000,1.66,1.68,1.66,1.67,5712784,0
PINS.US,D,20200116,000000,1.69,1.79,1.69,1.75,2573448,0
PINS.US,D,20200117,000000,1.77,1.77,1.70,1.72,7184704,0
PINS.US,D,20200120,000000,1.72,1.76,1.71,1.74,4081481,0
PINS.US,D,20200120,000000,1.75,1.77,1.75,1.76,3002268,0
PINS.US,D,20200120,000000,1.77,1.78,1.69,1.69,6364095,0
PINS.US,D,20200121,000000,1.66,1.72,1.63,1.69,7231468,0
PINS.US,D,20200122,000000,1.64,1.74,1.64,1.69,4288740,0
PINS.US,D,20200123,000000,1.68,1.69,1.67,1.68,4101826,0
PINS.US,D,20200124,000000,1.70,1.71,1.47,1.48,6755150,0
PINS.US,D,20200127,000000,1.46,1.54,1.46,1.52,4634353,0
PINS.US,D,20200127,000000,1.55,1.55,1.50,1.51,4269482,0
PINS.US,D,20200127,000000,1.52,1.52,1.50,1.51,4670495,0
PINS.US,D,20200128,000000,1.52,1.62,1.50,1.59,4729030,0
PINS.US,D,20200129,000000,1.57,1.62,1.57,1.61,4368415,0
PINS.US,D,20200130,000000,1.59,1.70,1.57,1.67,3954584,0
PINS.US,D,20200131,000000,1.61,1.71,1.59,1.71,4149622,0
PINS.US,D,20200203,000000,1.74,1.76,1.69,1.72,3256103,0
PINS.US,D,20200203,000000,1.69,1.76,1.67,1.75,5430479,0
PINS.US,D,20200203,000000,1.81,1.81,1.74,1.78,3017026,0
PINS.US,D,20200204,000000,1.73,1.88,1.73,1.87,4072344,0
PINS.US,D,20200205,000000,1.85,2.09,1.84,2.02,6212939,0
PINS.US,D,20200206,000000,2.00,2.01,1.67,1.68,4937330,0
PINS.US,D,20200207,000000,1.71,1.71,1.66,1.66,5544587,0
PINS.US,D,20200210,000000,1.67,1.79,1.65,1.76,4103108,0
PINS.US,D,20200210,000000,1.80,1.97,1.73,1.97,6106986,0
PINS.US,D,20200210,000000,1.96,2.00,1.85,1.90,7163286,0
PINS.US,D,20200211,000000,1.95,2.14,1.90,2.12,4376820,0
PINS.US,D,20200212,000000,2.06,2.36,1.93,2.26,5283987,0
PINS.US,D,20200213,000000,2.19,2.23,2.18,2.21,4762688,0
PINS.US,D,20200214,000000,2.19,2.36,2.19,2.36,5203258,0
PINS.US,D,20200217,000000,2.31,2.34,2.13,2.19,6178602,0
PINS.US,D,20200217,000000,2.21,2.21,2.09,2.11,5946517,0
PINS.US,D,20200217,000000,2.05,2.09,2.05,2.08,6449176,0
PINS.US,D,20200218,000000,2.07,2.25,2.07,2.24,4928393,0
PINS.US,D,20200219,000000,2.23,2.28,2.20,2.24,6718179,0
PINS.US,D,20200220,000000,2.24,2.46,2.23,2.43,2770272,0
PINS.US,D,20200221,000000,2.46,2.51,2.02,2.24,3003290,0
PINS.US,D,20200224,000000,2.25,2.26,2.23,2.24,4336750,0
PINS.US,D,20200224,000000,2.22,2.24,2.04,2.10,2832498,0
PINS.US,D,20200224,000000,2.10,2.12,2.06,2.07,6917726,0
PINS.US,D,20200225,000000,2.06,2.69,2.03,2.47,5260853,0
PINS.US,D,20200226,000000,2.40,2.53,2.38,2.49,5428288,0
PINS.US,D,20200227,000000,2.39,2.81,2.24,2.73,2860858,0
PINS.US,D,20200228,000000,2.77,2.78,2.43,2.64,4391711,0
PINS.US,D,20200302,000000,2.68,2.76,2.66,2.76,6325634,0
PINS.US,D,20200302,000000,2.73,2.82,2.72,2.81,5880672,0
PINS.US,D,20200302,000000,2.78,3.10,2.75,3.06,3668663,0
PINS.US,D,20200303,000000,2.98,2.98,2.92,2.94,2679932,0
PINS.US,D,20200304,000000,2.94,2.95,2.86,2.88,6945349,0
PINS.US,D,20200305,000000,2.84,2.87,2.63,2.69,3666786,0
PINS.US,D,20200306,000000,2.79,2.84,2.56,2.61,5244627,0
PINS.US,D,20200309,000000,2.62,2.68,2.60,2.68,7404515,0
PINS.US,D,20200309,000000,2.71,2.94,2.65,2.89,4690321,0
PINS.US,D,20200309,000000,2.85,2.87,2.77,2.79,4478512,0
PINS.US,D,20200310,000000,2.85,2.85,2.83,2.83,4554631,0
PINS.US,D,20200311,000000,2.83,3.05,2.75,3.03,3989343,0
PINS.US,D,20200312,000000,2.97,3.30,2.94,3.16,4794506,0
PINS.US,D,20200313,000000,3.15,3.23,2.91,2.97,5960246,0
PINS.US,D,20200316,000000,3.04,3.42,2.86,3.34,3289896,0
PINS.US,D,20200316,000000,3.41,3.48,3.40,3.43,3381952,0
PINS.US,D,20200316,000000,3.41,3.50,3.19,3.26,5896283,0
PINS.US,D,20200317,000000,3.26,3.27,2.82,2.96,4355215,0
PINS.US,D,20200318,000000,3.00,3.18,2.98,3.09,6899300,0
PINS.US,D,20200319,000000,3.00,3.01,2.53,2.67,3589745,0
PINS.US,D,20200320,000000,2.63,2.70,2.60,2.67,3838421,0
PINS.US,D,20200323,000000,2.62,2.64,2.33,2.47,4273660,0
PINS.US,D,20200323,000000,2.43,2.59,2.40,2.59,3971113,0
PINS.US,D,20200323,000000,2.64,2.81,2.62,2.75,5130759,0
PINS.US,D,20200324,000000,2.70,2.77,2.66,2.75,6513749,0
PINS.US,D,20200325,000000,2.72,3.02,2.68,2.96,3573659,0
PINS.US,D,20200326,000000,3.00,3.02,2.97,2.99,2886585,0
PINS.US,D,20200327,000000,3.00,3.50,2.90,3.45,4443292,0
PINS.US,D,20200330,000000,3.47,3.64,3.40,3.63,5471310,0
PINS.US,D,20200330,000000,3.63,3.96,3.59,3.85,5068358,0
PINS.US,D,20200330,000000,3.92,3.99,3.43,3.45,5422348,0
PINS.US,D,20200331,000000,3.50,3.51,3.33,3.37,6963332,0
PINS.US,D,20200401,000000,3.29,3.51,3.28,3.37,4401777,0
PINS.US,D,20200402,000000,3.29,3.89,3.26,3.81,3881393,0
PINS.US,D,20200403,000000,3.87,3.95,3.23,3.38,4866197,0
PINS.US,D,20200406,000000,3.42,3.49,3.00,3.10,4755018,0
PINS.US,D,20200406,000000,3.04,3.56,3.04,3.45,6987384,0
PINS.US,D,20200406,000000,3.55,3.56,3.50,3.52,4290326,0
PINS.US,D,20200407,000000,3.51,3.76,3.48,3.66,4452475,0
PINS.US,D,20200408,000000,3.66,4.07,3.39,4.04,3418092,0
PINS.US,D,20200409,000000,3.99,4.55,3.89,4.40,5972100,0
PINS.US,D,20200410,000000,4.47,4.53,4.32,4.32,4808027,0
PINS.US,D,20200413,000000,4.35,4.97,4.17,4.83,3309985,0
PINS.US,D,20200413,000000,4.82,4.97,4.25,4.25,3145824,0
PINS.US,D,20200413,000000,4.04,4.19,4.04,4.15,5488535,0
PINS.US,D,20200414,000000,4.21,4.56,4.17,4.42,6506694,0
PINS.US,D,20200415,000000,4.47,4.48,4.02,4.11,6520238,0
PINS.US,D,20200416,000000,4.14,4.19,3.93,3.97,5898398,0
PINS.US,D,20200417,000000,3.92,4.20,3.88,4.11,3534720,0
PINS.US,D,20200420,000000,4.11,4.23,4.09,4.19,2959671,0
PINS.US,D,20200420,000000,4.14,4.14,3.88,3.93,7339716,0
PINS.US,D,20200420,000000,3.83,4.00,3.79,3.97,6312651,0
PINS.US,D,20200421,000000,3.97,4.30,3.83,4.27,2576541,0
PINS.US,D,20200422,000000,4.21,4.39,4.19,4.28,7203623,0
PINS.US,D,20200423,000000,4.18,4.21,4.11,4.14,2559145,0
PINS.US,D,20200424,000000,4.13,4.13,3.89,3.91,6891300,0
PINS.US,D,20200427,000000,3.83,3.89,3.52,3.59,4878178,0
PINS.US,D,20200427,000000,3.52,3.96,3.33,3.86,3925767,0
PINS.US,D,20200427,000000,3.96,4.46,3.94,4.25,5771922,0
PINS.US,D,20200428,000000,4.24,4.27,4.02,4.03,6387730,0
PINS.US,D,20200429,000000,4.00,5.44,3.98,4.99,6255823,0
PINS.US,D,20200430,000000,5.02,5.09,4.73,4.84,4122640,0
PINS.US,D,20200501,000000,5.01,5.17,4.48,4.56,5202048,0
PINS.US,D,20200504,000000,4.55,4.86,4.53,4.70,2773763,0
PINS.US,D,20200504,000000,4.74,4.84,4.45,4.60,2922623,0
PINS.US,D,20200504,000000,4.62,5.05,4.53,4.95,4208493,0
PINS.US,D,20200505,000000,4.74,5.18,4.69,5.11,5241526,0
PINS.US,D,20200506,000000,5.00,5.70,4.94,5.49,6110325,0
PINS.US,D,20200507,000000,5.37,5.37,5.33,5.34,6920306,0
PINS.US,D,20200508,000000,5.55,6.04,5.46,5.84,3588030,0
PINS.US,D,20200511,000000,5.65,6.71,5.64,6.40,4853748,0
PINS.US,D,20200511,000000,6.42,7.43,6.36,7.19,6173639,0
PINS.US,D,20200511,000000,7.03,7.78,6.90,7.78,4712070,0
PINS.US,D,20200512,000000,7.82,7.84,7.69,7.73,6246917,0
PINS.US,D,20200513,000000,7.98,8.05,7.55,7.62,3530183,0
PINS.US,D,20200514,000000,7.59,8.56,7.47,8.25,2944016,0
PINS.US,D,20200515,000000,8.17,8.22,7.81,7.91,3171880,0
PINS.US,D,20200518,000000,7.72,8.07,7.58,7.99,4419827,0
PINS.US,D,20200518,000000,7.90,8.28,7.79,8.27,6099929,0
PINS.US,D,20200518,000000,7.90,7.92,7.46,7.55,5165909,0
PINS.US,D,20200519,000000,7.47,8.04,7.17,8.02,3259900,0
PINS.US,D,20200520,000000,7.97,8.08,7.89,8.05,4132944,0
PINS.US,D,20200521,000000,8.14,8.55,8.10,8.54,5430389,0
PINS.US,D,20200522,000000,8.81,9.34,7.05,7.60,6973582,0
PINS.US,D,20200525,000000,7.53,9.39,7.18,9.11,5389500,0
PINS.US,D,20200525,000000,9.29,9.29,8.68,8.95,4334655,0
PINS.US,D,20200525,000000,8.80,8.96,8.23,8.35,5775361,0
PINS.US,D,20200526,000000,8.42,9.67,8.23,9.36,3623050,0
PINS.US,D,20200527,000000,9.57,9.70,9.31,9.31,3991723,0
PINS.US,D,20200528,000000,9.33,9.33,9.08,9.22,3373595,0
PINS.US,D,20200529,000000,9.58,9.97,8.59,8.91,5668511,0
PINS.US,D,20200601,000000,9.21,9.35,7.73,8.25,3309320,0
PINS.US,D,20200601,000000,8.21,8.24,7.28,7.39,3087008,0
PINS.US,D,20200601,000000,7.59,7.65,7.30,7.38,7357524,0
PINS.US,D,20200602,000000,7.39,7.46,6.98,7.14,5419823,0
PINS.US,D,20200603,000000,7.15,7.69,7.12,7.57,7362418,0
PINS.US,D,20200604,000000,7.41,8.29,7.09,8.28,3486236,0
PINS.US,D,20200605,000000,8.21,8.29,8.14,8.15,3264496,0
PINS.US,D,20200608,000000,7.94,9.26,7.74,8.91,5923496,0
PINS.US,D,20200608,000000,9.02,9.72,6.34,7.22,6625874,0
PINS.US,D,20200608,000000,7.38,7.86,7.35,7.63,5882676,0
PINS.US,D,20200609,000000,8.08,8.08,7.27,7.32,3518392,0
PINS.US,D,20200610,000000,7.29,9.40,6.93,9.09,4363092,0
PINS.US,D,20200611,000000,9.23,9.35,8.80,8.94,5039391,0
PINS.US,D,20200612,000000,8.74,10.16,8.58,9.93,5050057,0
PINS.US,D,20200615,000000,9.87,9.93,9.08,9.17,4390368,0
PINS.US,D,20200615,000000,9.13,9.30,7.87,8.39,6649059,0
PINS.US,D,20200615,000000,8.21,8.69,8.16,8.68,4677817,0
PINS.US,D,20200616,000000,8.86,9.04,8.04,8.11,2504947,0
PINS.US,D,20200617,000000,8.17,8.34,6.69,7.26,6957106,0
PINS.US,D,20200618,000000,7.27,7.30,6.53,6.90,6854288,0
PINS.US,D,20200619,000000,6.73,7.69,6.54,7.51,5948503,0
PINS.US,D,20200622,000000,7.53,7.72,7.29,7.29,5897822,0
PINS.US,D,20200622,000000,7.00,7.78,6.78,7.45,5876503,0
PINS.US,D,20200622,000000,7.45,7.49,6.72,7.18,4947063,0
PINS.US,D,20200623,000000,7.19,7.24,7.16,7.21,2863568,0
PINS.US,D,20200624,000000,7.11,7.30,6.00,6.65,6400144,0
PINS.US,D,20200625,000000,6.83,6.89,6.68,6.74,3572685,0
PINS.US,D,20200626,000000,6.89,8.01,6.88,7.77,5183885,0
PINS.US,D,20200629,000000,7.40,7.65,7.38,7.42,5840770,0
PINS.US,D,20200629,000000,7.16,8.59,6.81,8.46,5118257,0
PINS.US,D,20200629,000000,8.33,8.56,7.95,8.07,4743046,0
PINS.US,D,20200630,000000,8.31,8.37,8.15,8.26,5931718,0
PINS.US,D,20200701,000000,8.57,8.66,7.82,7.86,3992284,0
PINS.US,D,20200702,000000,7.64,7.68,7.42,7.44,4042865,0
PINS.US,D,20200703,000000,7.54,7.63,7.53,7.61,6368285,0
PINS.US,D,20200706,000000,7.58,7.58,7.28,7.33,6243234,0
PINS.US,D,20200706,000000,7.32,7.86,5.93,6.39,3281419,0
PINS.US,D,20200706,000000,6.26,6.41,5.37,5.63,5952036,0
PINS.US,D,20200707,000000,5.68,6.32,5.67,6.25,5554394,0
PINS.US,D,20200708,000000,6.16,6.18,5.44,5.61,3680716,0
PINS.US,D,20200709,000000,5.58,5.69,5.17,5.27,3749004,0
PINS.US,D,20200710,000000,5.30,5.64,4.30,4.52,3615044,0
PINS.US,D,20200713,000000,4.38,4.58,4.37,4.54,4292104,0
PINS.US,D,20200713,000000,4.43,4.43,4.26,4.28,6295307,0
PINS.US,D,20200713,000000,4.28,4.80,4.17,4.73,4006210,0
PINS.US,D,20200714,000000,4.82,4.83,4.80,4.82,7435321,0
PINS.US,D,20200715,000000,4.72,5.06,4.62,4.90,3295603,0
PINS.US,D,20200716,000000,4.81,4.89,4.42,4.49,5443994,0
PINS.US,D,20200717,000000,4.62,4.65,4.34,4.42,4816554,0
PINS.US,D,20200720,000000,4.33,4.89,4.15,4.89,4160510,0
PINS.US,D,20200720,000000,4.83,5.20,4.71,5.20,6262480,0
PINS.US,D,20200720,000000,5.13,5.32,4.98,5.23,6306540,0
PINS.US,D,20200721,000000,5.13,5.37,5.13,5.26,6225508,0
PINS.US,D,20200722,000000,5.19,5.36,5.18,5.32,5944087,0
PINS.US,D,20200723,000000,5.45,5.47,4.45,4.95,7448839,0
PINS.US,D,20200724,000000,4.88,5.88,4.14,5.78,7448727,0
PINS.US,D,20200727,000000,5.75,5.75,5.74,5.74,5808151,0
PINS.US,D,20200727,000000,5.83,5.88,5.60,5.65,3726188,0
PINS.US,D,20200727,000000,5.86,5.91,5.64,5.66,5134554,0
PINS.US,D,20200728,000000,5.69,5.71,5.05,5.06,7077677,0
PINS.US,D,20200729,000000,5.01,5.01,4.98,5.01,4756813,0
PINS.US,D,20200730,000000,4.91,4.91,4.70,4.86,5212696,0
PINS.US,D,20200731,000000,4.88,5.26,4.82,5.15,7253658,0
PINS.US,D,20200803,000000,5.22,5.24,5.17,5.17,6187661,0
PINS.US,D,20200803,000000,5.29,5.56,5.13,5.14,2552953,0
PINS.US,D,20200803,000000,5.15,5.17,5.11,5.11,5261072,0
PINS.US,D,20200804,000000,5.21,5.26,4.53,4.69,6510591,0
PINS.US,D,20200805,000000,4.64,4.89,3.95,4.13,5771154,0
PINS.US,D,20200806,000000,4.07,4.11,3.88,3.94,5162419,0
PINS.US,D,20200807,000000,3.96,4.12,3.96,4.07,3971580,0
PINS.US,D,20200810,000000,3.98,4.00,3.80,3.87,2519318,0
PINS.US,D,20200810,000000,3.81,4.03,3.77,3.98,2514954,0
PINS.US,D,20200810,000000,3.91,4.01,3.87,3.96,5194056,0
PINS.US,D,20200811,000000,3.96,5.03,3.59,4.68,6915117,0
PINS.US,D,20200812,000000,4.54,4.60,4.20,4.32,7132285,0
PINS.US,D,20200813,000000,4.26,4.44,4.25,4.40,4133864,0
PINS.US,D,20200814,000000,4.49,4.50,4.21,4.31,3746008,0
PINS.US,D,20200817,000000,4.38,4.46,4.13,4.17,6621327,0
PINS.US,D,20200817,000000,4.19,4.33,4.16,4.27,5068332,0
PINS.US,D,20200817,000000,4.20,4.37,4.16,4.20,4443970,0
PINS.US,D,20200818,000000,4.32,4.38,3.89,3.94,7389435,0
PINS.US,D,20200819,000000,3.98,4.12,3.62,3.66,6009985,0
PINS.US,D,20200820,000000,3.68,3.74,3.20,3.33,3975579,0
PINS.US,D,20200821,000000,3.31,3.58,3.29,3.50,6618669,0
PINS.US,D,20200824,000000,3.51,3.69,3.45,3.63,2650516,0
PINS.US,D,20200824,000000,3.65,3.69,3.53,3.55,3804997,0
PINS.US,D,20200824,000000,3.54,3.74,3.50,3.73,5102745,0
PINS.US,D,20200825,000000,3.76,3.82,3.52,3.54,3543771,0
PINS.US,D,20200826,000000,3.53,3.71,3.52,3.63,2751159,0
PINS.US,D,20200827,000000,3.65,3.66,3.58,3.60,5584494,0
PINS.US,D,20200828,000000,3.64,3.95,3.58,3.82,5751008,0
PINS.US,D,20200831,000000,3.83,3.94,3.80,3.84,2854293,0
PINS.US,D,20200831,000000,3.89,3.91,3.87,3.90,6320091,0
PINS.US,D,20200831,000000,3.91,4.11,3.89,4.05,5341588,0
PINS.US,D,20200901,000000,4.08,4.35,4.03,4.23,7347078,0
PINS.US,D,20200902,000000,4.18,4.28,3.80,3.85,5197273,0
PINS.US,D,20200903,000000,3.80,4.16,3.76,3.99,4885150,0
PINS.US,D,20200904,000000,3.95,3.95,3.87,3.91,5345819,0
PINS.US,D,20200907,000000,3.88,4.09,3.87,4.06,6944179,0
PINS.US,D,20200907,000000,4.08,4.10,3.67,3.72,4758793,0
PINS.US,D,20200907,000000,3.75,3.91,3.73,3.90,5970282,0
PINS.US,D,20200908,000000,3.80,3.87,3.79,3.83,3912900,0
PINS.US,D,20200909,000000,3.99,4.05,3.68,3.74,3103275,0
PINS.US,D,20200910,000000,3.83,3.85,3.53,3.58,3697081,0
PINS.US,D,20200911,000000,3.50,4.14,3.38,3.93,5421549,0
PINS.US,D,20200914,000000,3.90,4.00,3.87,3.96,3911078,0
PINS.US,D,20200914,000000,3.94,3.97,3.71,3.73,3952708,0
PINS.US,D,20200914,000000,3.74,3.77,3.74,3.75,2818968,0
PINS.US,D,20200915,000000,3.78,3.86,3.72,3.80,2534428,0
PINS.US,D,20200916,000000,3.83,3.89,3.60,3.65,4049935,0
PINS.US,D,20200917,000000,3.74,3.99,3.74,3.93,5788683,0
PINS.US,D,20200918,000000,3.90,3.92,3.79,3.85,3269699,0
PINS.US,D,20200921,000000,3.85,4.01,3.83,4.01,6989532,0
PINS.US,D,20200921,000000,3.98,3.99,3.87,3.93,3018037,0
PINS.US,D,20200921,000000,3.89,3.95,3.63,3.70,6243532,0
PINS.US,D,20200922,000000,3.68,3.70,3.47,3.59,6090643,0
PINS.US,D,20200923,000000,3.63,4.02,3.49,3.95,6799307,0
PINS.US,D,20200924,000000,3.99,3.99,3.66,3.69,6212803,0
PINS.US,D,20200925,000000,3.64,3.66,3.41,3.47,4269782,0
PINS.US,D,20200928,000000,3.41,3.46,3.06,3.12,5680923,0
PINS.US,D,20200928,000000,3.11,3.22,3.07,3.21,4270223,0
PINS.US,D,20200928,000000,3.16,3.17,3.11,3.13,5060790,0
PINS.US,D,20200929,000000,3.10,3.10,3.05,3.06,6142989,0
PINS.US,D,20200930,000000,3.07,3.15,2.95,2.96,2900275,0
PINS.US,D,20201001,000000,2.96,2.99,2.83,2.87,5509325,0
PINS.US,D,20201002,000000,2.93,2.93,2.91,2.92,3407292,0
PINS.US,D,20201005,000000,2.90,3.06,2.90,2.99,4393440,0
PINS.US,D,20201005,000000,2.93,3.35,2.90,3.21,3427999,0
PINS.US,D,20201005,000000,3.11,3.16,3.11,3.15,6986061,0
PINS.US,D,20201006,000000,3.20,3.23,2.92,3.02,6990574,0
PINS.US,D,20201007,000000,3.01,3.02,2.82,2.88,4045933,0
PINS.US,D,20201008,000000,2.85,2.85,2.81,2.84,3785820,0
PINS.US,D,20201009,000000,2.87,2.88,2.84,2.84,4774624,0
PINS.US,D,20201012,000000,2.86,2.96,2.59,2.66,4948781,0
PINS.US,D,20201012,000000,2.61,2.85,2.57,2.80,3725479,0
PINS.US,D,20201012,000000,2.83,2.84,2.82,2.83,3490009,0
PINS.US,D,20201013,000000,2.89,2.91,2.83,2.85,6852942,0
PINS.US,D,20201014,000000,2.81,2.88,2.80,2.87,3030810,0
PINS.US,D,20201015,000000,2.84,2.95,2.82,2.94,6930524,0
PINS.US,D,20201016,000000,2.92,3.03,2.91,3.02,6808961,0
PINS.US,D,20201019,000000,3.03,3.09,3.03,3.05,5901847,0
PINS.US,D,20201019,000000,2.96,3.20,2.96,3.09,5641905,0
PINS.US,D,20201019,000000,3.10,3.14,2.85,2.95,6580981,0
PINS.US,D,20201020,000000,3.00,3.14,2.99,3.11,5882357,0
PINS.US,D,20201021,000000,3.14,3.23,3.10,3.18,3621339,0
PINS.US,D,20201022,000000,3.18,3.23,2.66,2.80,5045392,0
PINS.US,D,20201023,000000,2.81,2.82,2.60,2.64,3809100,0
PINS.US,D,20201026,000000,2.63,2.78,2.62,2.78,2607993,0
PINS.US,D,20201026,000000,2.82,2.85,2.68,2.69,11741579,0
PINS.US,D,20201026,000000,2.67,2.70,2.60,2.60,6293394,0
PINS.US,D,20201027,000000,2.66,2.69,2.53,2.55,18461028,0
PINS.US,D,20201028,000000,2.52,2.55,2.40,2.43,10460736,0
PINS.US,D,20201029,000000,2.43,2.47,2.31,2.34,19219004,0
PINS.US,D,20201030,000000,2.32,2.33,2.21,2.25,9841487,0
PINS.US,D,20201102,000000,2.20,2.23,2.14,2.15,13225391,0
PINS.US,D,20201102,000000,2.11,2.14,1.98,2.01,23112320,0
PINS.US,D,20201102,000000,2.00,2.03,1.85,1.89,20362707,0
PINS.US,D,20201103,000000,1.82,1.82,1.81,1.81,20560801,0
PINS.US,D,20201104,000000,1.84,1.88,1.69,1.72,20984734,0
PINS.US,D,20201105,000000,1.71,1.77,1.58,1.59,27890408,0
PINS.US,D,20201106,000000,1.58,1.59,1.50,1.51,32204635,0
PINS.US,D,20201109,000000,1.51,1.52,1.36,1.39,12905629,0
PINS.US,D,20201109,000000,1.38,1.40,1.27,1.30,6429527,0
PINS.US,D,20201109,000000,1.28,1.33,1.28,1.31,4166104,0
PINS.US,D,20201110,000000,1.34,1.36,1.33,1.35,4650892,0
PINS.US,D,20201111,000000,1.35,1.40,1.33,1.40,2598600,0
PINS.US,D,20201112,000000,1.36,1.48,1.34,1.45,4940500,0
PINS.US,D,20201113,000000,1.43,1.53,1.41,1.52,6658989,0
PINS.US,D,20201116,000000,1.53,1.56,1.53,1.55,3296521,0
PINS.US,D,20201116,000000,1.56,1.58,1.45,1.53,6085798,0
PINS.US,D,20201116,000000,1.49,1.54,1.49,1.54,4463763,0
PINS.US,D,20201117,000000,1.54,1.55,1.53,1.53,3240294,0
PINS.US,D,20201118,000000,1.51,1.56,1.41,1.47,3626919,0
PINS.US,D,20201119,000000,1.46,1.52,1.44,1.50,4906742,0
PINS.US,D,20201120,000000,1.51,1.56,1.50,1.54,2618891,0
PINS.US,D,20201123,000000,1.52,1.53,1.50,1.50,4180479,0
PINS.US,D,20201123,000000,1.49,1.50,1.41,1.45,2916060,0
PINS.US,D,20201123,000000,1.45,1.47,1.45,1.46,3240939,0
PINS.US,D,20201124,000000,1.47,1.49,1.47,1.49,4879223,0
PINS.US,D,20201125,000000,1.48,1.52,1.47,1.51,3171921,0
PINS.US,D,20201126,000000,1.50,1.58,1.45,1.57,7052543,0
PINS.US,D,20201127,000000,1.56,1.61,1.53,1.59,4440907,0
PINS.US,D,20201130,000000,1.57,1.58,1.44,1.45,7125355,0
PINS.US,D,20201130,000000,1.49,1.51,1.40,1.40,4530329,0
PINS.US,D,20201130,000000,1.37,1.43,1.35,1.41,7165529,0
PINS.US,D,20201201,000000,1.40,1.47,1.39,1.46,2952383,0
PINS.US,D,20201202,000000,1.47,1.70,1.40,1.60,2645783,0
PINS.US,D,20201203,000000,1.62,1.66,1.62,1.65,3216896,0
PINS.US,D,20201204,000000,1.65,1.65,1.61,1.62,3098795,0
PINS.US,D,20201207,000000,1.61,1.64,1.61,1.63,5939365,0
PINS.US,D,20201207,000000,1.61,1.61,1.52,1.53,7142985,0
PINS.US,D,20201207,000000,1.53,1.53,1.52,1.52,4495754,0
PINS.US,D,20201208,000000,1.54,1.54,1.48,1.48,6223405,0
PINS.US,D,20201209,000000,1.47,1.48,1.34,1.40,6406297,0
PINS.US,D,20201210,000000,1.40,1.43,1.40,1.43,4683372,0
PINS.US,D,20201211,000000,1.46,1.46,1.38,1.40,3415518,0
PINS.US,D,20201214,000000,1.39,1.39,1.31,1.31,6910756,0
PINS.US,D,20201214,000000,1.31,1.43,1.31,1.41,7418039,0
PINS.US,D,20201214,000000,1.42,1.50,1.39,1.50,6837291,0
PINS.US,D,20201215,000000,1.49,1.60,1.47,1.57,6793508,0
PINS.US,D,20201216,000000,1.54,1.61,1.52,1.61,7339851,0
PINS.US,D,20201217,000000,1.60,1.64,1.50,1.51,7146441,0
PINS.US,D,20201218,000000,1.52,1.55,1.51,1.54,3337544,0
PINS.US,D,20201221,000000,1.53,1.56,1.53,1.56,6789899,0
PINS.US,D,20201221,000000,1.57,1.59,1.57,1.59,5639648,0
PINS.US,D,20201221,000000,1.59,1.67,1.58,1.67,3898688,0
PINS.US,D,20201222,000000,1.66,1.67,1.66,1.66,4164892,0
PINS.US,D,20201223,000000,1.67,1.86,1.61,1.83,4257444,0
PINS.US,D,20201224,000000,1.80,1.83,1.74,1.76,3174285,0
PINS.US,D,20201225,000000,1.71,1.80,1.68,1.79,5817161,0
PINS.US,D,20201228,000000,1.79,1.82,1.79,1.81,4516613,0
PINS.US,D,20201228,000000,1.82,1.85,1.81,1.85,6648515,0
PINS.US,D,20201228,000000,1.85,1.85,1.80,1.81,6107323,0
PINS.US,D,20201229,000000,1.79,1.87,1.79,1.83,4483906,0
PINS.US,D,20201230,000000,1.82,1.85,1.81,1.84,6385057,0
PINS.US,D,20201231,000000,1.84,1.85,1.84,1.85,3355426,0
PINS.US,D,20210101,000000,1.86,1.87,1.78,1.78,7327267,0
PINS.US,D,20210104,000000,1.78,1.84,1.77,1.83,5158124,0
PINS.US,D,20210104,000000,1.83,1.83,1.70,1.75,5056414,0
PINS.US,D,20210104,000000,1.75,1.80,1.72,1.77,5789853,0
PINS.US,D,20210105,000000,1.75,1.79,1.55,1.58,7129243,0
PINS.US,D,20210106,000000,1.58,1.59,1.43,1.49,6200489,0
PINS.US,D,20210107,000000,1.48,1.48,1.47,1.48,2771558,0
PINS.US,D,20210108,000000,1.48,1.49,1.45,1.47,6106579,0
PINS.US,D,20210111,000000,1.44,1.47,1.43,1.45,4859881,0
PINS.US,D,20210111,000000,1.44,1.44,1.40,1.41,4948413,0
PINS.US,D,20210111,000000,1.41,1.44,1.20,1.30,5026892,0
PINS.US,D,20210112,000000,1.29,1.32,1.23,1.26,5884281,0
PINS.US,D,20210113,000000,1.26,1.27,1.23,1.24,3029402,0
PINS.US,D,20210114,000000,1.25,1.28,1.25,1.28,6346942,0
PINS.US,D,20210115,000000,1.27,1.28,1.21,1.22,5393627,0
PINS.US,D,20210118,000000,1.23,1.25,1.10,1.14,4050666,0
PINS.US,D,20210118,000000,1.16,1.23,1.15,1.21,3992331,0
PINS.US,D,20210118,000000,1.22,1.23,1.19,1.19,5898410,0
PINS.US,D,20210119,000000,1.22,1.25,1.03,1.11,6658850,0
PINS.US,D,20210120,000000,1.12,1.13,1.12,1.13,6359684,0
PINS.US,D,20210121,000000,1.13,1.15,1.08,1.09,5151642,0
PINS.US,D,20210122,000000,1.10,1.11,1.10,1.10,5035583,0
PINS.US,D,20210125,000000,1.12,1.12,1.08,1.08,6563383,0
PINS.US,D,20210125,000000,1.08,1.08,1.03,1.04,5648638,0
PINS.US,D,20210125,000000,1.04,1.04,1.04,1.04,2536112,0
PINS.US,D,20210126,000000,1.03,1.05,1.00,1.00,3588681,0
PINS.US,D,20210127,000000,1.00,1.00,1.00,1.00,3795216,0
PINS.US,D,20210128,000000,1.00,1.01,0.98,1.00,7135048,0
PINS.US,D,20210129,000000,1.00,1.01,1.00,1.01,6251347,0
PINS.US,D,20210201,000000,1.01,1.07,1.00,1.05,6771624,0
PINS.US,D,20210201,000000,1.07,1.07,1.02,1.03,7214796,0
PINS.US,D,20210201,000000,1.03,1.07,1.03,1.06,5640549,0
PINS.US,D,20210202,000000,1.04,1.05,1.04,1.04,3018716,0
PINS.US,D,20210203,000000,1.04,1.05,0.99,1.00,3849435,0
PINS.US,D,20210204,000000,1.00,1.02,1.00,1.02,4178798,0
PINS.US,D,20210205,000000,1.02,1.03,1.02,1.02,6501195,0
PINS.US,D,20210208,000000,1.01,1.03,1.01,1.03,6188522,0
PINS.US,D,20210208,000000,1.02,1.05,1.02,1.04,7372650,0
PINS.US,D,20210208,000000,1.04,1.06,1.04,1.06,4651558,0
PINS.US,D,20210209,000000,1.06,1.06,1.02,1.03,5929819,0
PINS.US,D,20210210,000000,1.02,1.05,1.02,1.04,5352445,0
PINS.US,D,20210211,000000,1.05,1.05,1.05,1.05,5891353,0
PINS.US,D,20210212,000000,1.04,1.10,1.04,1.08,3551795,0
PINS.US,D,20210215,000000,1.08,1.09,1.06,1.07,3376347,0
PINS.US,D,20210215,000000,1.05,1.05,1.04,1.05,6359203,0
PINS.US,D,20210215,000000,1.04,1.04,1.01,1.02,6391230,0
PINS.US,D,20210216,000000,1.01,1.02,1.01,1.02,3394660,0
PINS.US,D,20210217,000000,1.03,1.06,1.02,1.06,5946889,0
PINS.US,D,20210218,000000,1.07,1.07,1.03,1.03,5474218,0
PINS.US,D,20210219,000000,1.03,1.04,1.03,1.03,3001229,0
PINS.US,D,20210222,000000,1.04,1.05,1.03,1.05,5729825,0
PINS.US,D,20210222,000000,1.04,1.06,1.04,1.05,6135171,0
PINS.US,D,20210222,000000,1.06,1.08,1.05,1.08,3842433,0
PINS.US,D,20210223,000000,1.08,1.09,1.05,1.06,5567839,0
PINS.US,D,20210224,000000,1.05,1.12,1.05,1.11,3553842,0
PINS.US,D,20210225,000000,1.10,1.14,1.09,1.13,3977235,0
PINS.US,D,20210226,000000,1.12,1.14,1.11,1.14,3074172,0
PINS.US,D,20210301,000000,1.14,1.14,1.13,1.13,3126517,0
PINS.US,D,20210301,000000,1.14,1.14,1.05,1.08,7049166,0
PINS.US,D,20210301,000000,1.09,1.10,1.05,1.06,7072449,0
PINS.US,D,20210302,000000,1.06,1.09,1.06,1.09,5978590,0
PINS.US,D,20210303,000000,1.08,1.09,1.08,1.09,7131713,0
PINS.US,D,20210304,000000,1.10,1.10,1.07,1.08,7346119,0
PINS.US,D,20210305,000000,1.07,1.08,1.06,1.07,5773565,0
PINS.US,D,20210308,000000,1.07,1.08,1.05,1.05,5802133,0
PINS.US,D,20210308,000000,1.05,1.05,1.04,1.04,3155399,0
PINS.US,D,20210308,000000,1.04,1.04,1.03,1.03,6927086,0
PINS.US,D,20210309,000000,1.03,1.05,1.03,1.05,7044868,0
PINS.US,D,20210310,000000,1.04,1.07,1.04,1.07,3216379,0
PINS.US,D,20210311,000000,1.06,1.07,1.03,1.03,5715339,0
PINS.US,D,20210312,000000,1.03,1.04,1.03,1.04,2554668,0
PINS.US,D,20210315,000000,1.04,1.04,1.02,1.03,7079673,0
PINS.US,D,20210315,000000,1.03,1.05,1.03,1.04,2954026,0
PINS.US,D,20210315,000000,1.04,1.05,1.01,1.01,6019789,0
PINS.US,D,20210316,000000,1.03,1.03,0.99,1.00,7149714,0
PINS.US,D,20210317,000000,1.00,1.02,0.99,1.01,3971639,0
PINS.US,D,20210318,000000,1.02,1.03,1.00,1.00,4966335,0
PINS.US,D,20210319,000000,1.00,1.01,1.00,1.00,7189847,0
PINS.US,D,20210322,000000,1.00,1.02,1.00,1.02,3292193,0
PINS.US,D,20210322,000000,1.03,1.03,1.01,1.01,3134320,0
PINS.US,D,20210322,000000,1.00,1.04,1.00,1.03,5956431,0
PINS.US,D,20210323,000000,1.04,1.04,1.04,1.04,2790468,0
PINS.US,D,20210324,000000,1.04,1.05,1.01,1.02,5968195,0
PINS.US,D,20210325,000000,1.01,1.05,1.00,1.04,3754242,0
PINS.US,D,20210326,000000,1.05,1.08,1.04,1.08,6148386,0
PINS.US,D,20210329,000000,1.08,1.09,1.02,1.04,6550475,0
PINS.US,D,20210329,000000,1.05,1.05,1.02,1.03,4257339,0
PINS.US,D,20210329,000000,1.02,1.02,0.99,1.00,7039766,0
PINS.US,D,20210330,000000,1.00,1.00,1.00,1.00,6640114,0
PINS.US,D,20210331,000000,1.00,1.02,1.00,1.02,2842609,0
PINS.US,D,20210401,000000,1.01,1.01,1.00,1.00,7086188,0
PINS.US,D,20210402,000000,1.00,1.02,1.00,1.01,6053833,0
PINS.US,D,20210405,000000,1.02,1.05,1.01,1.03,2504460,0
PINS.US,D,20210405,000000,1.03,1.03,1.02,1.02,4290802,0
PINS.US,D,20210405,000000,1.01,1.04,1.00,1.03,4415353,0
PINS.US,D,20210406,000000,1.04,1.07,1.04,1.07,4329763,0
PINS.US,D,20210407,000000,1.07,1.08,1.06,1.07,4529731,0
PINS.US,D,20210408,000000,1.07,1.08,1.06,1.06,6925660,0
PINS.US,D,20210409,000000,1.06,1.07,1.03,1.03,5718986,0
PINS.US,D,20210412,000000,1.02,1.06,1.00,1.06,6105841,0
PINS.US,D,20210412,000000,1.05,1.05,1.03,1.04,2881781,0
PINS.US,D,20210412,000000,1.04,1.04,1.02,1.02,5082873,0
PINS.US,D,20210413,000000,1.02,1.03,1.02,1.03,3366824,0
PINS.US,D,20210414,000000,1.02,1.04,1.02,1.04,3935676,0
PINS.US,D,20210415,000000,1.04,1.07,1.03,1.06,5660317,0
PINS.US,D,20210416,000000,1.07,1.08,1.06,1.07,5154145,0
PINS.US,D,20210419,000000,1.07,1.07,1.05,1.05,4482930,0
PINS.US,D,20210419,000000,1.05,1.06,1.03,1.03,6148906,0
PINS.US,D,20210419,000000,1.03,1.05,1.03,1.05,2627470,0
PINS.US,D,20210420,000000,1.05,1.07,1.04,1.06,5636658,0
PINS.US,D,20210421,000000,1.06,1.06,1.03,1.04,4347209,0
PINS.US,D,20210422,000000,1.04,1.06,1.04,1.06,5013878,0
PINS.US,D,20210423,000000,1.06,1.07,1.02,1.03,2532994,0
PINS.US,D,20210426,000000,1.03,1.03,1.03,1.03,5046963,0
PINS.US,D,20210426,000000,1.03,1.03,1.01,1.02,5729330,0
PINS.US,D,20210426,000000,1.02,1.04,1.01,1.03,3675598,0
PINS.US,D,20210427,000000,1.03,1.03,1.03,1.03,3709357,0
PINS.US,D,20210428,000000,1.03,1.03,1.03,1.03,5507313,0
PINS.US,D,20210429,000000,1.03,1.03,1.03,1.03,6037942,0
PINS.US,D,20210430,000000,1.03,1.04,1.03,1.04,6122351,0
PINS.US,D,20210503,000000,1.04,1.05,1.03,1.04,5416886,0
PINS.US,D,20210503,000000,1.04,1.06,1.04,1.05,5540055,0
PINS.US,D,20210503,000000,1.05,1.06,1.05,1.06,3517556,0
PINS.US,D,20210504,000000,1.06,1.06,1.06,1.06,5726443,0
PINS.US,D,20210505,000000,1.06,1.09,1.06,1.09,7236386,0
PINS.US,D,20210506,000000,1.09,1.11,1.09,1.11,4239670,0
PINS.US,D,20210507,000000,1.11,1.13,1.10,1.13,2838115,0
PINS.US,D,20210510,000000,1.13,1.13,1.13,1.13,6897219,0
PINS.US,D,20210510,000000,1.13,1.13,1.13,1.13,7493418,0
PINS.US,D,20210510,000000,1.13,1.14,1.13,1.14,6604499,0
PINS.US,D,20210511,000000,1.14,1.14,1.14,1.14,3689827,0
PINS.US,D,20210512,000000,1.14,1.15,1.14,1.15,6055958,0
PINS.US,D,20210513,000000,1.15,1.16,1.15,1.16,5220709,0
PINS.US,D,20210514,000000,1.16,1.17,1.16,1.17,6931305,0
PINS.US,D,20210517,000000,1.17,1.17,1.16,1.16,5365200,0
PINS.US,D,20210517,000000,1.16,1.16,1.16,1.16,6380711,0
PINS.US,D,20210517,000000,1.17,1.17,1.17,1.17,4313128,0
PINS.US,D,20210518,000000,1.16,1.17,1.16,1.17,3906664,0
PINS.US,D,20210519,000000,1.17,1.18,1.16,1.17,6085753,0
PINS.US,D,20210520,000000,1.17,1.17,1.17,1.17,6217609,0
PINS.US,D,20210521,000000,1.17,1.17,1.16,1.16,5307492,0
PINS.US,D,20210524,000000,1.17,1.17,1.13,1.15,6156333,0
PINS.US,D,20210524,000000,1.15,1.17,1.15,1.17,3409626,0
PINS.US,D,20210524,000000,1.18,1.21,1.17,1.21,3602639,0
PINS.US,D,20210525,000000,1.21,1.21,1.21,1.21,4063830,0
PINS.US,D,20210526,000000,1.20,1.20,1.20,1.20,4012192,0
PINS.US,D,20210527,000000,1.20,1.21,1.20,1.21,4375150,0
PINS.US,D,20210528,000000,1.21,1.22,1.21,1.21,2963319,0
PINS.US,D,20210531,000000,1.21,1.22,1.21,1.21,6557404,0
PINS.US,D,20210531,000000,1.21,1.21,1.21,1.21,4618208,0
PINS.US,D,20210531,000000,1.21,1.21,1.21,1.21,3037311,0
PINS.US,D,20210601,000000,1.21,1.21,1.21,1.21,4754029,0
PINS.US,D,20210602,000000,1.21,1.21,1.21,1.21,6210400,0
PINS.US,D,20210603,000000,1.21,1.21,1.20,1.20,3349037,0
PINS.US,D,20210604,000000,1.20,1.21,1.20,1.20,4899733,0
PINS.US,D,20210607,000000,1.20,1.21,1.20,1.20,4350622,0
PINS.US,D,20210607,000000,1.21,1.21,1.20,1.20,7321809,0
PINS.US,D,20210607,000000,1.20,1.20,1.19,1.19,7482245,0
PINS.US,D,20210608,000000,1.19,1.21,1.19,1.21,4582318,0
PINS.US,D,20210609,000000,1.21,1.21,1.20,1.20,3362626,0
PINS.US,D,20210610,000000,1.20,1.20,1.19,1.19,7032914,0
PINS.US,D,20210611,000000,1.19,1.20,1.18,1.20,2576201,0
PINS.US,D,20210614,000000,1.20,1.20,1.14,1.16,3044780,0
PINS.US,D,20210614,000000,1.16,1.17,1.16,1.17,5350198,0
PINS.US,D,20210614,000000,1.18,1.19,1.17,1.19,5329271,0
PINS.US,D,20210615,000000,1.19,1.20,1.17,1.18,5637465,0
PINS.US,D,20210616,000000,1.18,1.18,1.16,1.17,3378960,0
PINS.US,D,20210617,000000,1.16,1.16,1.15,1.15,2535742,0
PINS.US,D,20210618,000000,1.15,1.15,1.15,1.15,5689770,0
PINS.US,D,20210621,000000,1.16,1.16,1.14,1.14,6835541,0
PINS.US,D,20210621,000000,1.15,1.15,1.14,1.14,6097031,0
PINS.US,D,20210621,000000,1.15,1.15,1.14,1.14,2748432,0
PINS.US,D,20210622,000000,1.14,1.14,1.13,1.13,5736021,0
PINS.US,D,20210623,000000,1.13,1.14,1.12,1.12,5767825,0
PINS.US,D,20210624,000000,1.12,1.13,1.10,1.11,6066413,0
PINS.US,D,20210625,000000,1.11,1.14,1.11,1.13,3589206,0
PINS.US,D,20210628,000000,1.13,1.14,1.13,1.13,3720152,0
PINS.US,D,20210628,000000,1.12,1.13,1.11,1.12,2854793,0
PINS.US,D,20210628,000000,1.12,1.12,1.12,1.12,5244461,0
PINS.US,D,20210629,000000,1.12,1.13,1.12,1.12,3468094,0
PINS.US,D,20210630,000000,1.12,1.13,1.11,1.12,5631613,0
PINS.US,D,20210701,000000,1.12,1.12,1.07,1.08,4607775,0
PINS.US,D,20210702,000000,1.08,1.08,1.08,1.08,5105870,0
PINS.US,D,20210705,000000,1.08,1.10,1.08,1.09,5730756,0
PINS.US,D,20210705,000000,1.10,1.10,1.10,1.10,4195350,0
PINS.US,D,20210705,000000,1.09,1.09,1.09,1.09,6272516,0
PINS.US,D,20210706,000000,1.10,1.11,1.09,1.11,4083262,0
PINS.US,D,20210707,000000,1.11,1.11,1.10,1.10,5162836,0
PINS.US,D,20210708,000000,1.09,1.09,1.09,1.09,4686058,0
PINS.US,D,20210709,000000,1.09,1.10,1.08,1.10,3385562,0
PINS.US,D,20210712,000000,1.10,1.10,1.10,1.10,4654140,0
PINS.US,D,20210712,000000,1.10,1.10,1.09,1.09,5084386,0
PINS.US,D,20210712,000000,1.09,1.12,1.09,1.11,3315193,0
PINS.US,D,20210713,000000,1.10,1.14,1.09,1.13,5740525,0
PINS.US,D,20210714,000000,1.12,1.13,1.08,1.10,3903358,0
PINS.US,D,20210715,000000,1.10,1.11,1.09,1.11,7223572,0
PINS.US,D,20210716,000000,1.11,1.11,1.10,1.10,4059668,0
PINS.US,D,20210719,000000,1.10,1.14,1.10,1.13,4480736,0
PINS.US,D,20210719,000000,1.12,1.12,1.10,1.11,4762992,0
PINS.US,D,20210719,000000,1.09,1.13,1.08,1.11,4042282,0
PINS.US,D,20210720,000000,1.12,1.14,1.12,1.14,5925480,0
PINS.US,D,20210721,000000,1.14,1.19,1.14,1.19,5645511,0
PINS.US,D,20210722,000000,1.19,1.20,1.14,1.14,6059670,0
PINS.US,D,20210723,000000,1.14,1.17,1.14,1.16,3069140,0
PINS.US,D,20210726,000000,1.15,1.19,1.15,1.17,6834019,0
PINS.US,D,20210726,000000,1.17,1.19,1.17,1.19,3228244,0
PINS.US,D,20210726,000000,1.19,1.19,1.13,1.16,4505607,0
PINS.US,D,20210727,000000,1.16,1.18,1.15,1.18,7127887,0
PINS.US,D,20210728,000000,1.17,1.17,1.09,1.12,4972129,0
PINS.US,D,20210729,000000,1.12,1.19,1.08,1.18,3857290,0
PINS.US,D,20210730,000000,1.20,1.25,1.20,1.23,5054506,0
PINS.US,D,20210802,000000,1.23,1.23,1.23,1.23,7388965,0
PINS.US,D,20210802,000000,1.20,1.21,1.03,1.10,4931577,0
PINS.US,D,20210802,000000,1.10,1.10,1.06,1.06,2740081,0
PINS.US,D,20210803,000000,1.06,1.07,1.06,1.07,7255217,0
PINS.US,D,20210804,000000,1.06,1.08,1.06,1.08,3662876,0
PINS.US,D,20210805,000000,1.10,1.11,1.04,1.07,7171519,0
PINS.US,D,20210806,000000,1.06,1.06,1.05,1.06,6712250,0
PINS.US,D,20210809,000000,1.07,1.10,1.07,1.09,4898617,0
PINS.US,D,20210809,000000,1.09,1.16,1.08,1.15,6856152,0
PINS.US,D,20210809,000000,1.17,1.19,1.15,1.18,3238695,0
PINS.US,D,20210810,000000,1.16,1.16,1.11,1.13,3642116,0
PINS.US,D,20210811,000000,1.12,1.17,1.11,1.16,5995416,0
PINS.US,D,20210812,000000,1.20,1.24,1.01,1.05,5079279,0
PINS.US,D,20210813,000000,1.06,1.06,1.00,1.01,6492989,0
PINS.US,D,20210816,000000,1.02,1.16,0.99,1.13,6144195,0
PINS.US,D,20210816,000000,1.17,1.17,1.15,1.15,5611215,0
PINS.US,D,20210816,000000,1.14,1.19,1.08,1.11,4595545,0
PINS.US,D,20210817,000000,1.12,1.14,1.10,1.11,4713507,0
PINS.US,D,20210818,000000,1.12,1.13,1.12,1.13,7213227,0
PINS.US,D,20210819,000000,1.13,1.13,1.07,1.08,5792888,0
PINS.US,D,20210820,000000,1.07,1.09,1.07,1.08,5860714,0
PINS.US,D,20210823,000000,1.08,1.22,1.07,1.14,5831240,0
PINS.US,D,20210823,000000,1.14,1.14,1.12,1.13,6885612,0
PINS.US,D,20210823,000000,1.13,1.18,1.12,1.17,2867070,0
PINS.US,D,20210824,000000,1.16,1.27,1.10,1.25,5810970,0
PINS.US,D,20210825,000000,1.27,1.27,1.26,1.26,4026142,0
PINS.US,D,20210826,000000,1.27,1.28,1.26,1.26,2942049,0
PINS.US,D,20210827,000000,1.27,1.28,1.16,1.18,4113763,0
PINS.US,D,20210830,000000,1.18,1.26,1.17,1.24,4725545,0
PINS.US,D,20210830,000000,1.24,1.24,1.23,1.23,6605804,0
PINS.US,D,20210830,000000,1.25,1.27,1.16,1.19,4292594,0
PINS.US,D,20210831,000000,1.17,1.20,1.16,1.19,6903936,0
PINS.US,D,20210901,000000,1.17,1.18,1.17,1.18,3232897,0
PINS.US,D,20210902,000000,1.20,1.22,1.10,1.13,5207065,0
PINS.US,D,20210903,000000,1.15,1.16,1.12,1.13,5520233,0
PINS.US,D,20210906,000000,1.11,1.15,1.11,1.14,5663643,0
PINS.US,D,20210906,000000,1.14,1.14,1.14,1.14,7456925,0
PINS.US,D,20210906,000000,1.16,1.19,1.05,1.06,6574671,0
PINS.US,D,20210907,000000,1.03,1.12,1.03,1.11,5179767,0
PINS.US,D,20210908,000000,1.10,1.12,1.09,1.12,4337432,0
