<TICKER>,<PER>,<DATE>,<TIME>,<OPEN>,<HIGH>,<LOW>,<CLOSE>,<VOL>,<OPENINT>
PLTR.US,D,20180102,000000,20.05,20.21,19.49,19.54,14064728,0
PLTR.US,D,20180103,000000,19.57,19.58,19.48,19.48,11792171,0
PLTR.US,D,20180104,000000,19.56,21.83,19.26,20.76,15050165,0
PLTR.US,D,20180105,000000,20.94,20.99,20.83,20.97,16607825,0
PLTR.US,D,20180108,000000,20.99,21.02,20.82,20.86,20977764,0
PLTR.US,D,20180108,000000,20.81,20.86,20.71,20.72,11326667,0
PLTR.US,D,20180108,000000,20.96,21.00,19.93,20.32,16952003,0
PLTR.US,D,20180109,000000,20.01,20.15,19.98,20.11,17321489,0
PLTR.US,D,20180110,000000,20.10,20.72,20.06,20.46,15108018,0
PLTR.US,D,20180111,000000,20.34,20.63,20.30,20.57,22037127,0
PLTR.US,D,20180112,000000,20.57,20.74,20.52,20.71,11379404,0
PLTR.US,D,20180115,000000,20.41,21.29,20.41,21.04,21387891,0
PLTR.US,D,20180115,000000,21.06,21.20,20.46,20.63,9989966,0
PLTR.US,D,20180115,000000,20.65,20.72,20.25,20.39,14500791,0
PLTR.US,D,20180116,000000,20.57,21.10,20.45,20.97,13212235,0
PLTR.US,D,20180117,000000,20.67,21.03,20.65,20.97,21649127,0
PLTR.US,D,20180118,000000,20.90,21.07,20.86,21.04,18882525,0
PLTR.US,D,20180119,000000,21.13,21.72,21.04,21.66,9295995,0
PLTR.US,D,20180122,000000,21.59,22.14,21.43,22.12,7661868,0
PLTR.US,D,20180122,000000,22.40,22.45,22.01,22.16,19954590,0
PLTR.US,D,20180122,000000,22.07,22.09,21.92,21.94,9586623,0
PLTR.US,D,20180123,000000,22.07,22.53,22.03,22.36,13720569,0
PLTR.US,D,20180124,000000,22.60,22.73,22.55,22.66,14850773,0
PLTR.US,D,20180125,000000,22.88,22.89,22.55,22.65,18179232,0
PLTR.US,D,20180126,000000,22.72,23.39,22.67,23.24,9004863,0
PLTR.US,D,20180129,000000,23.35,23.57,23.34,23.41,12940880,0
PLTR.US,D,20180129,000000,23.47,23.52,23.30,23.33,15094682,0
PLTR.US,D,20180129,000000,23.35,25.30,23.25,24.80,9001414,0
PLTR.US,D,20180130,000000,24.56,25.52,24.50,25.05,12934256,0
PLTR.US,D,20180131,000000,25.20,25.20,24.54,24.76,21622129,0
PLTR.US,D,20180201,000000,24.59,24.70,24.17,24.23,11462304,0
PLTR.US,D,20180202,000000,24.07,24.28,24.01,24.26,10483694,0
PLTR.US,D,20180205,000000,24.41,24.76,24.33,24.60,18980014,0
PLTR.US,D,20180205,000000,24.63,25.19,24.63,25.07,18936397,0
PLTR.US,D,20180205,000000,25.28,25.63,25.18,25.54,11250864,0
PLTR.US,D,20180206,000000,25.48,25.48,24.78,24.88,17070259,0
PLTR.US,D,20180207,000000,24.97,25.79,24.95,25.58,15450962,0
PLTR.US,D,20180208,000000,25.90,25.94,25.02,25.40,20333310,0
PLTR.US,D,20180209,000000,25.22,25.86,25.09,25.40,14401455,0
PLTR.US,D,20180212,000000,25.84,26.00,24.57,25.32,21681030,0
PLTR.US,D,20180212,000000,25.09,26.36,24.96,26.31,7509648,0
PLTR.US,D,20180212,000000,25.87,28.24,25.38,27.38,10423095,0
PLTR.US,D,20180213,000000,27.52,27.72,25.94,26.16,11042379,0
PLTR.US,D,20180214,000000,25.84,27.80,25.46,27.16,11313571,0
PLTR.US,D,20180215,000000,27.39,27.65,26.85,27.10,14620526,0
PLTR.US,D,20180216,000000,27.11,27.15,26.99,27.05,18315257,0
PLTR.US,D,20180219,000000,27.12,28.20,24.21,24.75,20030977,0
PLTR.US,D,20180219,000000,24.42,26.50,23.76,26.12,22254664,0
PLTR.US,D,20180219,000000,26.00,28.47,25.74,27.90,13617145,0
PLTR.US,D,20180220,000000,27.57,28.36,27.35,28.05,9478607,0
PLTR.US,D,20180221,000000,27.60,29.26,27.36,28.38,15600853,0
PLTR.US,D,20180222,000000,28.75,29.96,28.26,29.90,15542049,0
PLTR.US,D,20180223,000000,29.89,32.48,29.67,31.33,17260599,0
PLTR.US,D,20180226,000000,30.88,33.26,30.46,32.27,14934676,0
PLTR.US,D,20180226,000000,32.61,33.91,28.57,29.53,20461176,0
PLTR.US,D,20180226,000000,29.46,30.63,29.37,30.49,14022400,0
PLTR.US,D,20180227,000000,30.62,30.90,28.35,28.98,9780812,0
PLTR.US,D,20180228,000000,29.06,29.51,29.02,29.37,16540970,0
PLTR.US,D,20180301,000000,29.43,29.66,27.91,28.05,13589355,0
PLTR.US,D,20180302,000000,27.74,28.07,26.71,26.96,18238800,0
PLTR.US,D,20180305,000000,26.90,27.21,26.90,27.10,20647233,0
PLTR.US,D,20180305,000000,27.20,27.74,24.90,24.92,19881569,0
PLTR.US,D,20180305,000000,24.52,24.76,23.76,23.90,12889631,0
PLTR.US,D,20180306,000000,23.82,24.00,23.78,23.96,14915569,0
PLTR.US,D,20180307,000000,23.90,24.00,23.00,23.35,12060657,0
PLTR.US,D,20180308,000000,23.68,23.75,23.48,23.54,21551411,0
PLTR.US,D,20180309,000000,23.49,23.53,23.04,23.05,16649260,0
PLTR.US,D,20180312,000000,22.77,22.83,22.76,22.80,18232095,0
PLTR.US,D,20180312,000000,22.69,22.94,22.50,22.91,16865939,0
PLTR.US,D,20180312,000000,22.95,23.44,22.73,23.38,8566170,0
PLTR.US,D,20180313,000000,23.39,23.52,23.37,23.46,12785796,0
PLTR.US,D,20180314,000000,23.59,23.66,22.92,23.03,7645032,0
PLTR.US,D,20180315,000000,22.98,23.00,22.85,22.92,21707698,0
PLTR.US,D,20180316,000000,22.93,23.03,22.27,22.52,14225742,0
PLTR.US,D,20180319,000000,22.38,22.61,22.30,22.55,19931770,0
PLTR.US,D,20180319,000000,22.41,22.72,22.40,22.67,14247496,0
PLTR.US,D,20180319,000000,22.65,23.16,22.51,22.90,7652684,0
PLTR.US,D,20180320,000000,22.75,22.76,22.66,22.68,10914698,0
PLTR.US,D,20180321,000000,22.58,22.58,22.53,22.54,18866739,0
PLTR.US,D,20180322,000000,22.32,22.75,22.19,22.69,22189289,0
PLTR.US,D,20180323,000000,22.85,22.89,22.62,22.69,12116029,0
PLTR.US,D,20180326,000000,22.45,22.84,22.38,22.78,10444208,0
PLTR.US,D,20180326,000000,22.59,22.60,22.28,22.37,14224939,0
PLTR.US,D,20180326,000000,22.67,22.74,22.32,22.41,18598404,0
PLTR.US,D,20180327,000000,22.38,23.21,22.37,22.98,19625955,0
PLTR.US,D,20180328,000000,23.06,23.17,22.98,23.16,12980373,0
PLTR.US,D,20180329,000000,23.32,23.56,23.25,23.46,10092754,0
PLTR.US,D,20180330,000000,23.32,23.82,23.05,23.79,20664063,0
PLTR.US,D,20180402,000000,23.72,23.85,23.46,23.49,15402233,0
PLTR.US,D,20180402,000000,23.17,25.22,23.03,24.57,18269884,0
PLTR.US,D,20180402,000000,24.51,24.56,24.44,24.45,18342165,0
PLTR.US,D,20180403,000000,24.67,24.89,24.61,24.89,9038965,0
PLTR.US,D,20180404,000000,25.16,25.19,24.87,25.04,13375779,0
PLTR.US,D,20180405,000000,25.11,25.80,25.01,25.78,8096134,0
PLTR.US,D,20180406,000000,25.65,26.79,25.36,26.41,22325595,0
PLTR.US,D,20180409,000000,26.40,27.70,26.31,27.52,14177459,0
PLTR.US,D,20180409,000000,27.56,28.05,27.39,27.89,15720559,0
PLTR.US,D,20180409,000000,28.14,28.20,27.51,27.70,22249641,0
PLTR.US,D,20180410,000000,28.12,28.78,27.97,28.76,18211293,0
PLTR.US,D,20180411,000000,28.75,29.00,28.34,28.37,14054385,0
PLTR.US,D,20180412,000000,28.38,28.41,28.15,28.36,7541362,0
PLTR.US,D,20180413,000000,28.39,28.45,28.38,28.44,14366384,0
PLTR.US,D,20180416,000000,28.13,28.14,27.98,28.08,21503184,0
PLTR.US,D,20180416,000000,28.17,29.58,27.92,29.33,8087681,0
PLTR.US,D,20180416,000000,29.05,29.80,28.98,29.54,16584360,0
PLTR.US,D,20180417,000000,29.45,32.45,29.35,31.16,11371179,0
PLTR.US,D,20180418,000000,31.22,33.51,31.02,32.85,11716902,0
PLTR.US,D,20180419,000000,32.52,32.76,31.29,31.63,9962160,0
PLTR.US,D,20180420,000000,31.65,32.28,31.65,32.14,7882518,0
PLTR.US,D,20180423,000000,31.74,32.73,31.35,32.63,11157589,0
PLTR.US,D,20180423,000000,32.86,32.93,32.52,32.66,16406347,0
PLTR.US,D,20180423,000000,32.52,35.19,32.19,34.51,19179626,0
PLTR.US,D,20180424,000000,34.55,34.80,32.43,33.11,21110783,0
PLTR.US,D,20180425,000000,33.43,33.48,32.14,32.25,18591889,0
PLTR.US,D,20180426,000000,32.35,33.13,30.35,31.05,13139319,0
PLTR.US,D,20180427,000000,30.86,31.30,30.77,31.15,11404174,0
PLTR.US,D,20180430,000000,31.24,32.76,31.21,32.12,14135466,0
PLTR.US,D,20180430,000000,32.22,32.99,32.12,32.55,8452765,0
PLTR.US,D,20180430,000000,32.03,32.20,31.93,31.99,17371805,0
PLTR.US,D,20180501,000000,31.70,32.63,31.52,32.45,15546124,0
PLTR.US,D,20180502,000000,32.34,32.34,31.56,31.86,14343967,0
PLTR.US,D,20180503,000000,31.73,31.79,30.65,30.81,20064903,0
PLTR.US,D,20180504,000000,30.69,31.22,30.63,31.03,11177348,0
PLTR.US,D,20180507,000000,30.93,31.10,29.54,30.01,16455000,0
PLTR.US,D,20180507,000000,29.79,29.98,28.41,29.03,19761321,0
PLTR.US,D,20180507,000000,29.06,29.14,28.56,28.78,22232514,0
PLTR.US,D,20180508,000000,28.74,28.81,28.16,28.29,7652432,0
PLTR.US,D,20180509,000000,28.29,28.30,28.00,28.03,9467504,0
PLTR.US,D,20180510,000000,28.09,28.11,27.57,27.68,19995531,0
PLTR.US,D,20180511,000000,27.86,28.03,27.04,27.25,16034105,0
PLTR.US,D,20180514,000000,27.60,28.20,27.59,28.10,21501458,0
PLTR.US,D,20180514,000000,28.00,30.55,28.00,29.55,18638044,0
PLTR.US,D,20180514,000000,29.88,29.95,29.28,29.40,21080911,0
PLTR.US,D,20180515,000000,29.34,29.43,28.00,28.49,17707655,0
PLTR.US,D,20180516,000000,28.08,30.98,27.39,30.56,19721944,0
PLTR.US,D,20180517,000000,30.87,30.90,30.81,30.85,10876263,0
PLTR.US,D,20180518,000000,30.65,32.00,30.39,31.43,21258970,0
PLTR.US,D,20180521,000000,30.82,32.31,30.56,32.18,15914704,0
PLTR.US,D,20180521,000000,32.07,32.21,31.29,31.53,14123580,0
PLTR.US,D,20180521,000000,31.12,31.37,31.05,31.35,14437758,0
PLTR.US,D,20180522,000000,31.43,31.79,31.25,31.42,14319681,0
PLTR.US,D,20180523,000000,31.45,31.84,29.98,30.16,18176945,0
PLTR.US,D,20180524,000000,30.06,32.01,29.94,31.86,9995691,0
PLTR.US,D,20180525,000000,31.82,31.86,31.35,31.64,18528283,0
PLTR.US,D,20180528,000000,31.71,31.72,31.46,31.55,22474586,0
PLTR.US,D,20180528,000000,31.94,31.96,31.73,31.81,19211374,0
PLTR.US,D,20180528,000000,31.83,32.02,30.83,31.24,14237679,0
PLTR.US,D,20180529,000000,31.66,31.71,30.76,31.05,9787489,0
PLTR.US,D,20180530,000000,31.01,33.53,30.79,33.00,19077282,0
PLTR.US,D,20180531,000000,32.67,32.89,30.99,31.78,12630257,0
PLTR.US,D,20180601,000000,31.53,31.88,30.03,30.44,21965332,0
PLTR.US,D,20180604,000000,29.96,30.99,29.84,30.44,10642070,0
PLTR.US,D,20180604,000000,30.43,31.19,30.38,30.91,18965179,0
PLTR.US,D,20180604,000000,30.77,30.78,30.64,30.69,8662125,0
PLTR.US,D,20180605,000000,30.43,32.44,30.10,31.64,10101618,0
PLTR.US,D,20180606,000000,31.28,32.76,31.07,32.23,12796231,0
PLTR.US,D,20180607,000000,32.16,32.49,28.49,30.31,9590762,0
PLTR.US,D,20180608,000000,30.73,31.72,30.34,31.49,14968056,0
PLTR.US,D,20180611,000000,31.35,32.14,30.81,32.14,19262766,0
PLTR.US,D,20180611,000000,32.32,32.58,32.04,32.45,12475710,0
PLTR.US,D,20180611,000000,32.72,33.11,30.73,31.60,16695555,0
PLTR.US,D,20180612,000000,31.69,34.49,30.94,33.74,17882232,0
PLTR.US,D,20180613,000000,33.95,34.44,32.33,32.95,11873575,0
PLTR.US,D,20180614,000000,33.61,33.76,33.52,33.75,19737091,0
PLTR.US,D,20180615,000000,34.32,35.29,34.32,34.81,21408290,0
PLTR.US,D,20180618,000000,34.90,36.80,34.63,36.30,19838367,0
PLTR.US,D,20180618,000000,36.57,36.59,36.53,36.57,12099782,0
PLTR.US,D,20180618,000000,36.56,36.73,35.50,36.31,16696317,0
PLTR.US,D,20180619,000000,36.56,36.80,35.28,35.92,19639235,0
PLTR.US,D,20180620,000000,35.45,35.65,33.80,34.15,14582388,0
PLTR.US,D,20180621,000000,34.15,34.26,33.98,33.99,18611062,0
PLTR.US,D,20180622,000000,33.94,34.02,33.79,33.84,21368510,0
PLTR.US,D,20180625,000000,33.89,33.95,32.55,32.83,16667705,0
PLTR.US,D,20180625,000000,32.89,35.49,32.73,34.66,17743481,0
PLTR.US,D,20180625,000000,34.44,34.60,32.55,32.70,15789998,0
PLTR.US,D,20180626,000000,32.50,35.25,31.12,34.72,10635160,0
PLTR.US,D,20180627,000000,34.60,35.31,34.50,34.64,17604787,0
PLTR.US,D,20180628,000000,34.98,35.86,34.81,35.41,10330751,0
PLTR.US,D,20180629,000000,35.40,36.68,34.96,36.31,10542386,0
PLTR.US,D,20180702,000000,35.97,35.99,35.92,35.93,22183477,0
PLTR.US,D,20180702,000000,35.97,36.00,35.85,35.99,15250820,0
PLTR.US,D,20180702,000000,36.23,36.49,35.31,35.35,17089543,0
PLTR.US,D,20180703,000000,35.33,36.13,35.02,35.89,13741396,0
PLTR.US,D,20180704,000000,35.67,35.74,35.57,35.63,14686319,0
PLTR.US,D,20180705,000000,35.63,35.74,34.08,34.66,12166130,0
PLTR.US,D,20180706,000000,34.72,35.75,34.36,35.59,15386670,0
PLTR.US,D,20180709,000000,36.20,36.45,35.25,35.54,8146635,0
PLTR.US,D,20180709,000000,35.11,35.50,33.45,33.79,21912767,0
PLTR.US,D,20180709,000000,33.76,34.05,33.65,33.88,12887724,0
PLTR.US,D,20180710,000000,33.68,34.97,33.65,34.68,10675490,0
PLTR.US,D,20180711,000000,35.44,35.70,35.16,35.66,13348350,0
PLTR.US,D,20180712,000000,35.54,35.77,34.18,34.31,11384264,0
PLTR.US,D,20180713,000000,34.45,35.34,34.18,35.23,9016945,0
PLTR.US,D,20180716,000000,35.19,35.27,34.42,34.67,8243902,0
PLTR.US,D,20180716,000000,34.25,34.39,34.16,34.26,12518857,0
PLTR.US,D,20180716,000000,34.64,34.84,34.37,34.43,12089527,0
PLTR.US,D,20180717,000000,34.61,34.92,33.39,33.82,14825891,0
PLTR.US,D,20180718,000000,33.78,35.11,33.46,34.69,19199609,0
PLTR.US,D,20180719,000000,34.75,34.81,34.72,34.77,11755707,0
PLTR.US,D,20180720,000000,34.92,35.32,34.84,35.27,17849536,0
PLTR.US,D,20180723,000000,35.17,35.39,35.16,35.38,20738182,0
PLTR.US,D,20180723,000000,35.38,35.51,34.66,34.77,21136598,0
PLTR.US,D,20180723,000000,34.83,36.63,34.48,35.92,15438129,0
PLTR.US,D,20180724,000000,36.17,36.55,36.14,36.49,19615295,0
PLTR.US,D,20180725,000000,36.63,37.78,36.45,37.61,21033259,0
PLTR.US,D,20180726,000000,37.39,37.50,37.23,37.42,16940551,0
PLTR.US,D,20180727,000000,37.08,37.21,36.71,36.83,10513100,0
PLTR.US,D,20180730,000000,36.63,39.06,36.26,38.04,15002951,0
PLTR.US,D,20180730,000000,37.93,38.39,35.97,36.01,21073277,0
PLTR.US,D,20180730,000000,36.06,36.89,35.95,36.84,19373548,0
PLTR.US,D,20180731,000000,36.75,38.94,36.70,38.60,13314600,0
PLTR.US,D,20180801,000000,38.64,38.70,38.06,38.14,21241987,0
PLTR.US,D,20180802,000000,38.07,38.08,36.93,37.15,12102683,0
PLTR.US,D,20180803,000000,37.07,37.09,36.12,36.16,19975294,0
PLTR.US,D,20180806,000000,36.51,36.80,35.57,35.57,11277089,0
PLTR.US,D,20180806,000000,35.67,35.93,35.66,35.81,21116890,0
PLTR.US,D,20180806,000000,35.82,35.94,35.12,35.36,11601185,0
PLTR.US,D,20180807,000000,35.71,35.98,33.74,34.05,18533045,0
PLTR.US,D,20180808,000000,33.57,33.67,33.39,33.63,13630118,0
PLTR.US,D,20180809,000000,33.70,35.19,33.37,34.86,17703297,0
PLTR.US,D,20180810,000000,35.34,35.60,33.49,34.06,13351409,0
PLTR.US,D,20180813,000000,34.39,34.55,34.08,34.24,9791860,0
PLTR.US,D,20180813,000000,33.85,34.73,33.83,34.60,12315726,0
PLTR.US,D,20180813,000000,34.15,35.31,34.05,35.07,21045868,0
PLTR.US,D,20180814,000000,35.19,35.23,34.72,34.79,15656510,0
PLTR.US,D,20180815,000000,34.98,35.08,34.21,34.27,10786632,0
PLTR.US,D,20180816,000000,33.97,34.57,33.73,34.44,17922522,0
PLTR.US,D,20180817,000000,34.52,35.35,34.28,35.29,21336574,0
PLTR.US,D,20180820,000000,35.25,35.38,35.21,35.29,16221776,0
PLTR.US,D,20180820,000000,35.24,35.25,33.83,34.06,17901173,0
PLTR.US,D,20180820,000000,34.28,34.63,33.23,33.31,9510022,0
PLTR.US,D,20180821,000000,33.52,33.74,33.32,33.73,12931645,0
PLTR.US,D,20180822,000000,33.60,34.25,33.51,34.02,13172187,0
PLTR.US,D,20180823,000000,34.27,35.17,34.27,34.62,15018885,0
PLTR.US,D,20180824,000000,34.93,36.31,34.49,35.90,12139272,0
PLTR.US,D,20180827,000000,35.63,35.67,35.16,35.25,21167589,0
PLTR.US,D,20180827,000000,35.21,35.53,33.73,33.81,16725955,0
PLTR.US,D,20180827,000000,33.70,34.08,33.62,33.99,14278936,0
PLTR.US,D,20180828,000000,33.84,33.86,33.75,33.79,20426451,0
PLTR.US,D,20180829,000000,34.08,34.19,33.00,33.18,22159878,0
PLTR.US,D,20180830,000000,33.39,33.47,33.08,33.28,12288155,0
PLTR.US,D,20180831,000000,33.17,33.25,33.12,33.21,19888050,0
PLTR.US,D,20180903,000000,32.97,33.28,32.81,33.27,9413243,0
PLTR.US,D,20180903,000000,33.18,33.99,33.08,33.75,7946846,0
PLTR.US,D,20180903,000000,33.47,33.52,32.45,32.56,19644901,0
PLTR.US,D,20180904,000000,32.71,33.39,32.34,33.11,20679388,0
PLTR.US,D,20180905,000000,33.13,33.39,33.13,33.20,12925683,0
PLTR.US,D,20180906,000000,32.81,32.82,32.49,32.50,22106332,0
PLTR.US,D,20180907,000000,32.32,32.40,32.30,32.40,11050124,0
PLTR.US,D,20180910,000000,32.49,33.02,32.48,32.82,18569975,0
PLTR.US,D,20180910,000000,33.03,33.32,32.01,32.28,19489054,0
PLTR.US,D,20180910,000000,32.25,33.79,32.09,33.21,16757484,0
PLTR.US,D,20180911,000000,33.31,33.53,33.24,33.51,17074437,0
PLTR.US,D,20180912,000000,33.45,33.64,33.08,33.15,13125522,0
PLTR.US,D,20180913,000000,33.04,34.10,32.98,33.85,9372058,0
PLTR.US,D,20180914,000000,33.83,34.77,33.73,34.54,12005244,0
PLTR.US,D,20180917,000000,34.44,35.77,34.28,35.49,20371645,0
PLTR.US,D,20180917,000000,35.35,36.63,35.20,36.20,22100187,0
PLTR.US,D,20180917,000000,35.92,36.58,35.87,36.55,21088255,0
PLTR.US,D,20180918,000000,36.37,36.72,36.34,36.63,12699756,0
PLTR.US,D,20180919,000000,36.69,36.99,35.70,36.00,22166771,0
PLTR.US,D,20180920,000000,36.13,36.28,36.11,36.25,17865479,0
PLTR.US,D,20180921,000000,36.26,36.49,36.17,36.35,21585942,0
PLTR.US,D,20180924,000000,36.47,36.55,36.45,36.49,13454582,0
PLTR.US,D,20180924,000000,36.38,36.52,35.99,36.04,16720930,0
PLTR.US,D,20180924,000000,36.20,36.63,36.07,36.54,17999058,0
PLTR.US,D,20180925,000000,36.49,36.52,36.12,36.21,14965919,0
PLTR.US,D,20180926,000000,36.13,36.67,36.08,36.54,20226807,0
PLTR.US,D,20180927,000000,36.73,36.80,36.70,36.78,10657482,0
PLTR.US,D,20180928,000000,36.79,36.99,36.07,36.22,15906317,0
PLTR.US,D,20181001,000000,36.32,36.36,35.97,36.09,16758786,0
PLTR.US,D,20181001,000000,36.00,36.26,36.00,36.17,19796683,0
PLTR.US,D,20181001,000000,36.07,36.33,36.04,36.28,18071894,0
PLTR.US,D,20181002,000000,36.22,37.21,36.11,36.84,18451552,0
PLTR.US,D,20181003,000000,36.88,37.01,36.18,36.45,19485795,0
PLTR.US,D,20181004,000000,36.44,36.46,36.44,36.45,21783801,0
PLTR.US,D,20181005,000000,35.77,35.95,34.65,34.98,19293523,0
PLTR.US,D,20181008,000000,33.92,34.00,33.83,33.89,38072786,0
PLTR.US,D,20181008,000000,33.92,34.06,31.73,31.98,58434469,0
PLTR.US,D,20181008,000000,32.33,32.50,29.61,30.46,55511842,0
PLTR.US,D,20181009,000000,30.60,31.35,28.88,29.09,72876721,0
PLTR.US,D,20181010,000000,28.89,29.14,26.56,26.88,50567806,0
PLTR.US,D,20181011,000000,27.09,27.20,24.32,24.97,85558307,0
PLTR.US,D,20181012,000000,25.13,25.89,23.56,23.75,17837086,0
PLTR.US,D,20181015,000000,23.48,23.58,22.73,22.94,9914417,0
PLTR.US,D,20181015,000000,22.71,23.52,22.64,23.24,21257820,0
PLTR.US,D,20181015,000000,23.51,23.51,23.47,23.49,12106032,0
PLTR.US,D,20181016,000000,23.34,23.63,22.18,22.51,20602691,0
PLTR.US,D,20181017,000000,22.55,22.61,22.37,22.52,16937360,0
PLTR.US,D,20181018,000000,23.17,23.19,23.07,23.13,16829530,0
PLTR.US,D,20181019,000000,23.65,23.77,22.75,23.19,14156491,0
PLTR.US,D,20181022,000000,23.39,23.40,22.97,22.97,17908563,0
PLTR.US,D,20181022,000000,22.67,24.21,22.55,23.46,14376245,0
PLTR.US,D,20181022,000000,23.24,23.99,23.08,23.69,17152356,0
PLTR.US,D,20181023,000000,23.95,24.25,23.86,24.18,9413256,0
PLTR.US,D,20181024,000000,23.92,24.00,22.67,23.15,7647448,0
PLTR.US,D,20181025,000000,23.21,24.61,22.81,24.28,17173413,0
PLTR.US,D,20181026,000000,24.34,25.46,24.16,25.35,16172556,0
PLTR.US,D,20181029,000000,25.84,25.86,24.29,24.81,8667320,0
PLTR.US,D,20181029,000000,24.91,25.04,23.69,23.81,21892374,0
PLTR.US,D,20181029,000000,24.01,25.17,23.74,25.10,13524870,0
PLTR.US,D,20181030,000000,25.36,25.67,25.25,25.60,20924593,0
PLTR.US,D,20181031,000000,25.34,25.40,24.28,24.50,18999293,0
PLTR.US,D,20181101,000000,24.94,24.98,24.69,24.69,18808661,0
PLTR.US,D,20181102,000000,24.68,24.77,23.36,23.94,17258576,0
PLTR.US,D,20181105,000000,23.69,24.62,23.52,24.55,13781464,0
PLTR.US,D,20181105,000000,24.64,24.67,22.99,23.46,11642499,0
PLTR.US,D,20181105,000000,22.97,23.40,22.83,23.28,7595923,0
PLTR.US,D,20181106,000000,23.07,23.19,21.49,21.60,8305569,0
PLTR.US,D,20181107,000000,21.64,22.44,21.51,22.29,19393897,0
PLTR.US,D,20181108,000000,22.25,22.26,22.22,22.26,18378232,0
PLTR.US,D,20181109,000000,22.75,22.80,22.09,22.33,13990445,0
PLTR.US,D,20181112,000000,22.48,22.86,22.06,22.43,9619507,0
PLTR.US,D,20181112,000000,23.01,23.82,22.87,23.47,11508275,0
PLTR.US,D,20181112,000000,23.03,23.95,22.71,23.61,17568369,0
PLTR.US,D,20181113,000000,23.53,24.81,23.47,24.75,19778306,0
PLTR.US,D,20181114,000000,25.06,26.72,24.85,26.68,17743178,0
PLTR.US,D,20181115,000000,26.99,28.08,26.98,27.58,11371514,0
PLTR.US,D,20181116,000000,27.96,29.85,27.09,29.54,18850463,0
PLTR.US,D,20181119,000000,29.40,29.72,29.33,29.42,20995030,0
PLTR.US,D,20181119,000000,29.33,30.77,29.11,30.40,22066190,0
PLTR.US,D,20181119,000000,30.39,30.48,30.06,30.10,14913363,0
PLTR.US,D,20181120,000000,29.47,30.19,29.26,29.69,9149806,0
PLTR.US,D,20181121,000000,29.73,31.12,28.80,31.04,19396050,0
PLTR.US,D,20181122,000000,31.12,31.16,30.72,30.81,19681552,0
PLTR.US,D,20181123,000000,30.40,30.59,29.77,29.91,15077638,0
PLTR.US,D,20181126,000000,29.35,29.67,29.18,29.63,20576700,0
PLTR.US,D,20181126,000000,29.95,30.99,29.79,30.99,12721056,0
PLTR.US,D,20181126,000000,30.85,31.82,30.75,31.76,17849468,0
PLTR.US,D,20181127,000000,31.82,33.98,31.06,33.53,11437630,0
PLTR.US,D,20181128,000000,33.29,35.43,33.07,35.30,15513611,0
PLTR.US,D,20181129,000000,35.26,35.34,32.31,32.90,19534031,0
PLTR.US,D,20181130,000000,32.68,32.82,30.42,30.75,7991412,0
PLTR.US,D,20181203,000000,30.52,33.63,30.34,32.35,20025018,0
PLTR.US,D,20181203,000000,31.95,35.27,31.91,35.11,18070390,0
PLTR.US,D,20181203,000000,35.54,36.47,35.41,35.72,12812343,0
PLTR.US,D,20181204,000000,35.92,36.10,34.94,34.95,20232439,0
PLTR.US,D,20181205,000000,35.80,35.92,35.68,35.71,19564295,0
PLTR.US,D,20181206,000000,35.56,35.59,35.32,35.36,16818521,0
PLTR.US,D,20181207,000000,34.94,35.24,34.83,35.19,22353088,0
PLTR.US,D,20181210,000000,35.69,36.03,33.99,34.05,15370683,0
PLTR.US,D,20181210,000000,34.42,35.87,34.16,35.48,16578829,0
PLTR.US,D,20181210,000000,35.52,35.82,34.08,34.92,13896479,0
PLTR.US,D,20181211,000000,34.95,35.11,34.68,34.84,18027407,0
PLTR.US,D,20181212,000000,34.99,35.41,33.98,34.20,16610989,0
PLTR.US,D,20181213,000000,34.40,37.00,34.09,36.20,11822183,0
PLTR.US,D,20181214,000000,36.63,37.01,34.63,35.24,12672772,0
PLTR.US,D,20181217,000000,34.93,34.99,34.39,34.53,12121646,0
PLTR.US,D,20181217,000000,35.15,37.23,35.01,37.04,10736602,0
PLTR.US,D,20181217,000000,37.89,38.16,35.92,36.20,10495230,0
PLTR.US,D,20181218,000000,36.27,36.47,36.24,36.46,21534272,0
PLTR.US,D,20181219,000000,36.80,36.81,34.21,34.95,19534213,0
PLTR.US,D,20181220,000000,34.67,34.72,33.41,33.57,11164895,0
PLTR.US,D,20181221,000000,33.60,34.40,33.57,34.40,8110714,0
PLTR.US,D,20181224,000000,34.25,34.42,33.40,33.69,17188894,0
PLTR.US,D,20181224,000000,34.01,35.33,33.78,34.89,22159293,0
PLTR.US,D,20181224,000000,34.71,35.30,31.48,32.44,18896875,0
PLTR.US,D,20181225,000000,32.35,32.92,30.23,30.48,9104980,0
PLTR.US,D,20181226,000000,30.41,30.54,29.63,29.65,19045643,0
PLTR.US,D,20181227,000000,29.79,30.73,29.69,30.67,18983109,0
PLTR.US,D,20181228,000000,31.07,31.75,30.89,31.27,11497396,0
PLTR.US,D,20181231,000000,30.63,32.41,30.47,31.97,18264158,0
PLTR.US,D,20181231,000000,31.95,32.07,31.52,31.56,8069692,0
PLTR.US,D,20181231,000000,32.49,33.17,29.08,30.95,7997159,0
PLTR.US,D,20190101,000000,30.67,30.90,27.62,28.86,21533265,0
PLTR.US,D,20190102,000000,28.83,31.49,28.78,30.75,15230033,0
PLTR.US,D,20190103,000000,30.03,30.32,29.93,30.30,15918015,0
PLTR.US,D,20190104,000000,30.15,30.39,30.15,30.29,19460157,0
PLTR.US,D,20190107,000000,29.84,30.71,29.77,30.70,20964042,0
PLTR.US,D,20190107,000000,30.73,30.75,28.86,29.45,15812862,0
PLTR.US,D,20190107,000000,29.57,29.96,26.98,27.28,18487525,0
PLTR.US,D,20190108,000000,27.52,27.81,26.02,26.37,9932258,0
PLTR.US,D,20190109,000000,26.48,26.68,25.80,26.08,16380950,0
PLTR.US,D,20190110,000000,25.29,25.43,24.49,24.68,8412214,0
PLTR.US,D,20190111,000000,24.30,24.76,24.19,24.45,20595508,0
PLTR.US,D,20190114,000000,24.89,25.30,22.85,22.89,10642090,0
PLTR.US,D,20190114,000000,22.71,22.96,21.12,21.18,12946394,0
PLTR.US,D,20190114,000000,21.21,21.47,21.08,21.27,22238090,0
PLTR.US,D,20190115,000000,22.29,22.71,22.21,22.67,20116461,0
PLTR.US,D,20190116,000000,23.17,23.69,20.75,21.77,20615376,0
PLTR.US,D,20190117,000000,22.18,22.36,20.46,21.01,10611435,0
PLTR.US,D,20190118,000000,21.43,21.65,20.40,20.64,11927248,0
PLTR.US,D,20190121,000000,20.66,20.85,19.46,19.83,11271006,0
PLTR.US,D,20190121,000000,19.97,19.97,19.75,19.84,19261355,0
PLTR.US,D,20190121,000000,20.04,20.60,19.88,20.54,17202117,0
PLTR.US,D,20190122,000000,20.08,22.64,19.51,22.39,11410277,0
PLTR.US,D,20190123,000000,22.14,23.29,22.09,22.56,9326595,0
PLTR.US,D,20190124,000000,22.45,24.08,22.23,23.47,22112407,0
PLTR.US,D,20190125,000000,23.58,24.11,23.30,24.03,8384159,0
PLTR.US,D,20190128,000000,23.55,23.60,22.78,23.04,18505867,0
PLTR.US,D,20190128,000000,23.47,23.94,22.32,22.47,16921333,0
PLTR.US,D,20190128,000000,22.56,26.32,22.25,24.13,10124558,0
PLTR.US,D,20190129,000000,24.72,25.06,22.99,23.64,13316765,0
PLTR.US,D,20190130,000000,23.28,23.94,21.45,21.94,9359608,0
PLTR.US,D,20190131,000000,21.86,21.97,19.81,20.14,12691582,0
PLTR.US,D,20190201,000000,19.61,20.06,19.58,19.93,10535875,0
PLTR.US,D,20190204,000000,19.98,21.05,19.76,20.52,17881041,0
PLTR.US,D,20190204,000000,20.86,20.98,19.35,19.84,10155031,0
PLTR.US,D,20190204,000000,19.91,23.33,19.71,22.89,22331846,0
PLTR.US,D,20190205,000000,22.72,24.29,22.49,23.89,8660764,0
PLTR.US,D,20190206,000000,24.25,24.30,23.25,23.53,16558192,0
PLTR.US,D,20190207,000000,23.33,23.42,22.12,22.68,16434663,0
PLTR.US,D,20190208,000000,22.26,22.42,22.05,22.28,17640472,0
PLTR.US,D,20190211,000000,21.93,22.00,21.08,21.34,17639057,0
PLTR.US,D,20190211,000000,20.45,22.32,19.90,21.98,15156480,0
PLTR.US,D,20190211,000000,21.51,23.28,21.21,23.10,21978673,0
PLTR.US,D,20190212,000000,22.77,22.80,22.64,22.69,7694688,0
PLTR.US,D,20190213,000000,22.30,22.49,21.19,21.42,16027679,0
PLTR.US,D,20190214,000000,21.19,21.50,19.91,20.43,10875193,0
PLTR.US,D,20190215,000000,20.68,23.02,20.62,22.47,8975728,0
PLTR.US,D,20190218,000000,22.08,23.50,21.82,23.03,9809266,0
PLTR.US,D,20190218,000000,23.22,23.28,20.93,21.31,7903682,0
PLTR.US,D,20190218,000000,21.06,21.50,21.02,21.32,12256630,0
PLTR.US,D,20190219,000000,21.34,21.55,20.59,20.85,9874294,0
PLTR.US,D,20190220,000000,21.36,21.48,20.41,20.41,15661103,0
PLTR.US,D,20190221,000000,19.99,20.13,18.39,18.77,15259629,0
PLTR.US,D,20190222,000000,18.59,19.62,18.59,19.31,15944839,0
PLTR.US,D,20190225,000000,19.56,19.99,18.16,18.79,19854961,0
PLTR.US,D,20190225,000000,18.35,20.38,17.62,20.34,10910703,0
PLTR.US,D,20190225,000000,20.52,20.66,20.27,20.31,18744848,0
PLTR.US,D,20190226,000000,20.18,20.21,19.90,19.96,12675428,0
PLTR.US,D,20190227,000000,20.08,20.24,19.61,19.74,16612775,0
PLTR.US,D,20190228,000000,19.74,19.86,19.35,19.43,12307063,0
PLTR.US,D,20190301,000000,19.82,19.90,19.62,19.72,8689496,0
PLTR.US,D,20190304,000000,20.13,20.90,20.00,20.90,12603414,0
PLTR.US,D,20190304,000000,20.43,20.51,19.96,20.09,9013955,0
PLTR.US,D,20190304,000000,19.86,22.12,19.79,20.74,8011331,0
PLTR.US,D,20190305,000000,20.50,22.44,20.11,21.66,16258390,0
PLTR.US,D,20190306,000000,21.70,21.88,20.93,21.20,18261211,0
PLTR.US,D,20190307,000000,21.52,21.63,20.85,21.01,14032691,0
PLTR.US,D,20190308,000000,20.92,22.43,20.56,21.87,10542386,0
PLTR.US,D,20190311,000000,22.03,22.21,21.61,21.74,8079908,0
PLTR.US,D,20190311,000000,21.89,23.59,21.55,22.91,14129852,0
PLTR.US,D,20190311,000000,22.29,22.97,22.18,22.74,8480198,0
PLTR.US,D,20190312,000000,23.06,23.25,22.10,22.27,17801580,0
PLTR.US,D,20190313,000000,21.99,22.25,21.84,22.06,16465689,0
PLTR.US,D,20190314,000000,21.90,22.48,20.12,20.22,19350492,0
PLTR.US,D,20190315,000000,20.06,20.24,19.08,19.59,11153955,0
PLTR.US,D,20190318,000000,19.62,19.79,18.74,18.90,21687358,0
PLTR.US,D,20190318,000000,18.94,18.97,18.63,18.70,10212417,0
PLTR.US,D,20190318,000000,18.79,18.99,17.80,18.18,9909375,0
PLTR.US,D,20190319,000000,18.01,18.73,17.86,18.37,12762332,0
PLTR.US,D,20190320,000000,18.63,19.30,18.59,18.89,10618810,0
PLTR.US,D,20190321,000000,18.82,19.07,18.45,18.56,9290468,0
PLTR.US,D,20190322,000000,18.46,18.47,17.95,18.12,13259150,0
PLTR.US,D,20190325,000000,18.27,18.90,18.19,18.82,20320326,0
PLTR.US,D,20190325,000000,18.65,19.46,18.62,19.13,20737087,0
PLTR.US,D,20190325,000000,19.01,19.41,18.92,19.31,12830146,0
PLTR.US,D,20190326,000000,19.05,19.07,18.48,18.67,19658188,0
PLTR.US,D,20190327,000000,18.56,19.86,18.35,19.39,7566163,0
PLTR.US,D,20190328,000000,19.74,20.02,18.76,19.18,12134254,0
PLTR.US,D,20190329,000000,19.22,19.25,19.07,19.19,16224360,0
PLTR.US,D,20190401,000000,19.04,20.05,18.89,19.78,9144698,0
PLTR.US,D,20190401,000000,19.75,19.85,19.73,19.80,9841053,0
PLTR.US,D,20190401,000000,19.93,21.41,19.74,20.88,8183080,0
PLTR.US,D,20190402,000000,20.80,20.80,20.57,20.60,14227002,0
PLTR.US,D,20190403,000000,20.79,20.84,17.61,18.37,17224979,0
PLTR.US,D,20190404,000000,18.44,19.53,18.44,19.12,10831830,0
PLTR.US,D,20190405,000000,19.10,19.19,18.35,18.62,9027124,0
PLTR.US,D,20190408,000000,18.53,19.86,18.47,19.52,14598448,0
PLTR.US,D,20190408,000000,19.62,19.66,18.27,18.85,21313650,0
PLTR.US,D,20190408,000000,18.94,19.35,18.85,19.34,18658605,0
PLTR.US,D,20190409,000000,19.37,20.04,19.30,19.72,7967088,0
PLTR.US,D,20190410,000000,19.64,19.86,18.53,18.82,10609017,0
PLTR.US,D,20190411,000000,19.09,19.27,19.08,19.22,8230388,0
PLTR.US,D,20190412,000000,19.42,19.42,19.19,19.27,21839653,0
PLTR.US,D,20190415,000000,19.58,19.60,18.90,18.98,17844217,0
PLTR.US,D,20190415,000000,18.98,18.99,18.91,18.94,12321097,0
PLTR.US,D,20190415,000000,18.84,19.05,18.74,19.05,18800679,0
PLTR.US,D,20190416,000000,18.92,19.10,18.69,18.89,17642890,0
PLTR.US,D,20190417,000000,19.02,19.21,18.02,18.46,9689033,0
PLTR.US,D,20190418,000000,18.51,19.00,18.39,18.90,8490565,0
PLTR.US,D,20190419,000000,18.80,20.09,18.77,19.53,8925065,0
PLTR.US,D,20190422,000000,19.86,20.17,19.83,20.13,14367319,0
PLTR.US,D,20190422,000000,20.33,20.91,20.23,20.88,10584413,0
PLTR.US,D,20190422,000000,21.03,21.74,20.98,21.51,11457024,0
PLTR.US,D,20190423,000000,21.47,21.60,20.77,20.85,21542935,0
PLTR.US,D,20190424,000000,20.99,21.85,20.99,21.56,12643624,0
PLTR.US,D,20190425,000000,21.50,21.69,21.39,21.59,14896698,0
PLTR.US,D,20190426,000000,21.85,21.92,19.31,20.30,14708927,0
PLTR.US,D,20190429,000000,20.26,20.29,19.47,19.81,17165572,0
PLTR.US,D,20190429,000000,19.81,20.33,19.72,20.26,11735080,0
PLTR.US,D,20190429,000000,20.55,20.72,19.79,19.88,10696410,0
PLTR.US,D,20190430,000000,19.88,20.04,19.08,19.34,12368543,0
PLTR.US,D,20190501,000000,19.19,20.06,18.86,19.91,10368640,0
PLTR.US,D,20190502,000000,19.99,20.03,19.70,19.81,13973099,0
PLTR.US,D,20190503,000000,19.38,20.34,19.37,20.26,18694811,0
PLTR.US,D,20190506,000000,20.64,21.44,18.12,18.66,16855995,0
PLTR.US,D,20190506,000000,18.76,19.05,18.63,19.05,14152683,0
PLTR.US,D,20190506,000000,18.95,19.17,18.56,18.67,9805819,0
PLTR.US,D,20190507,000000,18.70,18.82,17.69,17.83,15431078,0
PLTR.US,D,20190508,000000,18.02,18.30,17.35,17.55,13932790,0
PLTR.US,D,20190509,000000,17.51,17.53,16.69,17.01,20648160,0
PLTR.US,D,20190510,000000,16.98,17.95,16.73,17.84,11044229,0
PLTR.US,D,20190513,000000,17.78,18.77,17.43,18.53,17964874,0
PLTR.US,D,20190513,000000,18.65,18.87,18.60,18.80,12570372,0
PLTR.US,D,20190513,000000,18.77,18.81,18.38,18.49,18971690,0
PLTR.US,D,20190514,000000,18.79,18.95,18.29,18.29,11436057,0
PLTR.US,D,20190515,000000,18.39,18.75,16.86,17.36,21464701,0
PLTR.US,D,20190516,000000,17.25,17.26,16.82,17.02,19807449,0
PLTR.US,D,20190517,000000,17.14,17.15,17.02,17.07,10944975,0
PLTR.US,D,20190520,000000,17.17,17.23,17.00,17.07,14707350,0
PLTR.US,D,20190520,000000,17.29,17.62,15.75,15.99,10722157,0
PLTR.US,D,20190520,000000,16.03,16.13,15.33,15.47,17147651,0
PLTR.US,D,20190521,000000,15.62,15.72,15.30,15.46,9384199,0
PLTR.US,D,20190522,000000,15.65,15.79,14.75,15.20,13564095,0
PLTR.US,D,20190523,000000,14.82,15.84,14.75,15.50,8689629,0
PLTR.US,D,20190524,000000,15.06,16.58,15.01,16.26,21279017,0
PLTR.US,D,20190527,000000,16.10,16.60,16.08,16.46,16979998,0
PLTR.US,D,20190527,000000,15.97,16.64,15.95,16.43,18387597,0
PLTR.US,D,20190527,000000,16.21,16.79,16.19,16.51,19105991,0
PLTR.US,D,20190528,000000,16.46,17.16,16.39,17.08,18956593,0
PLTR.US,D,20190529,000000,17.10,17.22,16.05,16.05,10272154,0
PLTR.US,D,20190530,000000,15.98,16.08,15.48,15.58,13448448,0
PLTR.US,D,20190531,000000,15.32,15.34,14.93,15.09,14867705,0
PLTR.US,D,20190603,000000,15.01,15.02,14.42,14.67,10865673,0
PLTR.US,D,20190603,000000,14.29,14.37,13.93,14.12,16649049,0
PLTR.US,D,20190603,000000,14.08,14.11,13.89,14.02,9740100,0
PLTR.US,D,20190604,000000,14.03,15.04,13.61,14.55,19602825,0
PLTR.US,D,20190605,000000,14.84,14.92,14.07,14.23,9602662,0
PLTR.US,D,20190606,000000,14.21,15.02,14.10,14.85,17701790,0
PLTR.US,D,20190607,000000,14.92,15.13,12.91,13.90,18840565,0
PLTR.US,D,20190610,000000,13.89,14.20,12.47,12.80,21036356,0
PLTR.US,D,20190610,000000,13.03,13.21,12.62,12.83,9179362,0
PLTR.US,D,20190610,000000,13.05,13.20,11.77,12.42,13712344,0
PLTR.US,D,20190611,000000,12.67,12.77,12.39,12.45,15549307,0
PLTR.US,D,20190612,000000,12.73,12.77,11.59,11.63,15860049,0
PLTR.US,D,20190613,000000,11.49,13.08,11.29,12.97,18781590,0
PLTR.US,D,20190614,000000,13.17,15.05,12.93,14.91,7838154,0
PLTR.US,D,20190617,000000,14.88,15.75,14.85,15.42,16738283,0
PLTR.US,D,20190617,000000,15.75,15.81,14.42,14.52,7697826,0
PLTR.US,D,20190617,000000,14.63,15.96,14.44,15.40,18907686,0
PLTR.US,D,20190618,000000,15.57,15.62,15.14,15.16,8945741,0
PLTR.US,D,20190619,000000,15.06,15.18,14.13,14.44,10618034,0
PLTR.US,D,20190620,000000,14.00,14.10,13.92,14.00,20398777,0
PLTR.US,D,20190621,000000,13.64,13.69,13.63,13.67,20357867,0
PLTR.US,D,20190624,000000,13.96,14.15,12.43,12.90,19860008,0
PLTR.US,D,20190624,000000,12.66,13.12,11.77,11.93,17687494,0
PLTR.US,D,20190624,000000,11.74,12.08,11.64,12.03,18767662,0
PLTR.US,D,20190625,000000,11.75,12.21,11.68,12.14,8257223,0
PLTR.US,D,20190626,000000,12.17,12.27,11.74,11.85,19828494,0
PLTR.US,D,20190627,000000,11.57,11.63,11.42,11.54,22263541,0
PLTR.US,D,20190628,000000,11.64,11.71,10.62,10.93,29261982,0
PLTR.US,D,20190701,000000,10.92,10.94,10.05,10.37,52705462,0
PLTR.US,D,20190701,000000,10.50,10.59,9.73,9.91,27977846,0
PLTR.US,D,20190701,000000,9.93,10.02,9.45,9.51,34519275,0
PLTR.US,D,20190702,000000,9.47,9.64,8.85,8.98,96679739,0
PLTR.US,D,20190703,000000,9.19,9.21,8.19,8.37,68606987,0
PLTR.US,D,20190704,000000,8.22,8.45,8.21,8.39,18663353,0
PLTR.US,D,20190705,000000,8.36,9.15,8.08,9.09,15331536,0
PLTR.US,D,20190708,000000,9.20,9.52,9.03,9.45,18310653,0
PLTR.US,D,20190708,000000,9.57,9.75,9.55,9.71,14212960,0
PLTR.US,D,20190708,000000,9.51,9.56,9.08,9.13,13865581,0
PLTR.US,D,20190709,000000,9.29,9.44,9.10,9.20,17999750,0
PLTR.US,D,20190710,000000,9.35,9.58,8.74,8.82,14009509,0
PLTR.US,D,20190711,000000,8.85,8.87,8.13,8.26,17779543,0
PLTR.US,D,20190712,000000,8.22,8.30,8.18,8.21,16770868,0
PLTR.US,D,20190715,000000,8.28,9.05,8.15,8.88,21370447,0
PLTR.US,D,20190715,000000,8.74,8.85,8.71,8.80,13797828,0
PLTR.US,D,20190715,000000,8.59,8.66,8.56,8.65,8226818,0
PLTR.US,D,20190716,000000,8.38,9.01,8.29,9.00,17795974,0
PLTR.US,D,20190717,000000,8.88,8.92,8.70,8.73,17281924,0
PLTR.US,D,20190718,000000,8.66,9.06,8.49,9.00,16675553,0
PLTR.US,D,20190719,000000,9.17,10.19,8.89,10.03,13976796,0
PLTR.US,D,20190722,000000,10.08,10.38,10.06,10.29,8169934,0
PLTR.US,D,20190722,000000,10.14,10.27,10.12,10.24,7740432,0
PLTR.US,D,20190722,000000,10.23,10.59,10.20,10.45,16187011,0
PLTR.US,D,20190723,000000,10.53,10.71,10.45,10.67,12042713,0
PLTR.US,D,20190724,000000,10.65,10.69,10.40,10.45,7556295,0
PLTR.US,D,20190725,000000,10.56,10.58,10.15,10.20,20575999,0
PLTR.US,D,20190726,000000,10.25,10.49,10.20,10.48,9054829,0
PLTR.US,D,20190729,000000,10.35,10.79,10.33,10.73,11802935,0
PLTR.US,D,20190729,000000,10.58,11.74,10.44,11.46,20210199,0
PLTR.US,D,20190729,000000,11.68,11.73,11.32,11.38,17679449,0
PLTR.US,D,20190730,000000,11.28,12.69,10.94,12.30,9196316,0
PLTR.US,D,20190731,000000,12.27,12.33,12.04,12.16,13513428,0
PLTR.US,D,20190801,000000,12.29,12.39,12.12,12.25,12732518,0
PLTR.US,D,20190802,000000,12.32,12.33,12.26,12.28,18392154,0
PLTR.US,D,20190805,000000,12.28,12.69,12.17,12.51,8578124,0
PLTR.US,D,20190805,000000,12.58,13.00,12.49,12.97,17302758,0
PLTR.US,D,20190805,000000,13.18,13.25,12.48,12.69,9615370,0
PLTR.US,D,20190806,000000,12.63,12.92,11.66,11.70,21395494,0
PLTR.US,D,20190807,000000,11.93,11.95,11.78,11.85,16540695,0
PLTR.US,D,20190808,000000,11.67,12.01,11.59,11.99,8640656,0
PLTR.US,D,20190809,000000,11.89,12.06,11.27,11.43,19512720,0
PLTR.US,D,20190812,000000,11.88,11.95,10.39,10.85,21896173,0
PLTR.US,D,20190812,000000,10.82,10.99,10.73,10.94,19276466,0
PLTR.US,D,20190812,000000,10.89,11.81,10.76,11.73,9450909,0
PLTR.US,D,20190813,000000,11.42,11.60,11.29,11.58,22400842,0
PLTR.US,D,20190814,000000,11.42,11.47,11.41,11.45,17693127,0
PLTR.US,D,20190815,000000,11.24,12.14,11.00,11.86,19105294,0
PLTR.US,D,20190816,000000,11.92,12.14,10.82,11.25,9421819,0
PLTR.US,D,20190819,000000,11.06,11.08,11.04,11.06,22407812,0
PLTR.US,D,20190819,000000,11.07,11.42,10.93,11.34,11393214,0
PLTR.US,D,20190819,000000,11.36,11.70,10.60,10.62,16587238,0
PLTR.US,D,20190820,000000,10.15,10.62,9.99,10.44,14257632,0
PLTR.US,D,20190821,000000,10.33,10.77,9.99,10.75,22171400,0
PLTR.US,D,20190822,000000,10.71,10.97,9.41,9.61,13674001,0
PLTR.US,D,20190823,000000,9.49,9.88,9.46,9.74,19048174,0
PLTR.US,D,20190826,000000,9.46,10.26,9.31,10.26,21815307,0
PLTR.US,D,20190826,000000,10.43,10.62,10.22,10.36,16751447,0
PLTR.US,D,20190826,000000,10.10,10.70,10.07,10.48,11838323,0
PLTR.US,D,20190827,000000,10.30,11.15,10.11,11.02,9189651,0
PLTR.US,D,20190828,000000,10.79,10.81,10.72,10.77,13169698,0
PLTR.US,D,20190829,000000,10.79,11.04,10.69,11.00,9747566,0
PLTR.US,D,20190830,000000,11.07,11.07,10.06,10.34,15907646,0
PLTR.US,D,20190902,000000,10.22,10.30,10.03,10.10,10692377,0
PLTR.US,D,20190902,000000,9.93,9.95,9.93,9.95,20024555,0
PLTR.US,D,20190902,000000,9.85,9.93,9.60,9.67,20029065,0
PLTR.US,D,20190903,000000,9.58,9.82,8.78,8.92,14136256,0
PLTR.US,D,20190904,000000,8.96,9.03,8.67,8.69,17531763,0
PLTR.US,D,20190905,000000,8.71,8.73,8.38,8.54,11777932,0
PLTR.US,D,20190906,000000,8.62,8.64,8.25,8.33,12005976,0
PLTR.US,D,20190909,000000,8.35,8.43,7.97,8.09,11093055,0
PLTR.US,D,20190909,000000,8.17,8.49,8.14,8.46,10411588,0
PLTR.US,D,20190909,000000,8.38,8.78,8.29,8.69,17086288,0
PLTR.US,D,20190910,000000,8.79,9.29,8.78,9.16,7659074,0
PLTR.US,D,20190911,000000,9.31,9.39,8.83,9.02,19135559,0
PLTR.US,D,20190912,000000,8.91,9.38,8.90,9.28,16390788,0
PLTR.US,D,20190913,000000,9.20,9.68,9.18,9.49,19134876,0
PLTR.US,D,20190916,000000,9.18,9.20,9.16,9.20,22131598,0
PLTR.US,D,20190916,000000,9.20,9.26,9.03,9.17,11553082,0
PLTR.US,D,20190916,000000,9.16,9.32,8.69,8.76,14203471,0
PLTR.US,D,20190917,000000,8.95,8.98,8.32,8.36,22073858,0
PLTR.US,D,20190918,000000,8.25,9.14,8.19,8.84,20415183,0
PLTR.US,D,20190919,000000,8.93,8.95,8.92,8.92,16237406,0
PLTR.US,D,20190920,000000,9.05,9.17,7.32,8.07,8416803,0
PLTR.US,D,20190923,000000,8.18,8.63,8.15,8.51,15474636,0
PLTR.US,D,20190923,000000,8.43,9.18,8.32,8.93,11093584,0
PLTR.US,D,20190923,000000,8.93,9.12,8.89,9.11,15392007,0
PLTR.US,D,20190924,000000,9.38,9.46,8.09,8.61,19824833,0
PLTR.US,D,20190925,000000,8.70,9.25,8.58,9.09,20584858,0
PLTR.US,D,20190926,000000,9.06,9.38,9.06,9.37,19032315,0
PLTR.US,D,20190927,000000,9.45,9.88,9.22,9.85,10538424,0
PLTR.US,D,20190930,000000,9.98,10.11,8.57,9.10,8621460,0
PLTR.US,D,20190930,000000,8.90,9.83,8.85,9.46,8447723,0
PLTR.US,D,20190930,000000,9.39,9.72,9.32,9.70,18542996,0
PLTR.US,D,20191001,000000,9.88,10.01,9.19,9.49,9185552,0
PLTR.US,D,20191002,000000,9.55,9.90,9.51,9.84,13086311,0
PLTR.US,D,20191003,000000,9.80,9.82,9.68,9.74,10140513,0
PLTR.US,D,20191004,000000,9.71,10.03,9.71,9.97,8913135,0
PLTR.US,D,20191007,000000,9.97,10.06,9.96,9.98,17378261,0
PLTR.US,D,20191007,000000,9.85,9.98,9.83,9.90,12022818,0
PLTR.US,D,20191007,000000,10.09,10.12,10.02,10.06,17891894,0
PLTR.US,D,20191008,000000,10.09,10.28,10.04,10.28,11748000,0
PLTR.US,D,20191009,000000,10.37,10.40,10.25,10.27,9523046,0
PLTR.US,D,20191010,000000,10.26,10.26,9.66,9.90,18600896,0
PLTR.US,D,20191011,000000,9.73,10.28,9.56,10.11,10602796,0
PLTR.US,D,20191014,000000,10.30,10.66,10.23,10.64,21609326,0
PLTR.US,D,20191014,000000,10.61,10.86,10.51,10.85,10266720,0
PLTR.US,D,20191014,000000,10.51,11.13,10.49,10.99,12360688,0
PLTR.US,D,20191015,000000,10.96,11.10,10.85,10.88,13937149,0
PLTR.US,D,20191016,000000,10.95,11.02,10.57,10.60,20716334,0
PLTR.US,D,20191017,000000,10.61,10.77,10.60,10.70,15167993,0
PLTR.US,D,20191018,000000,10.50,11.46,10.16,11.45,20550708,0
PLTR.US,D,20191021,000000,11.42,11.45,10.56,11.17,13749841,0
PLTR.US,D,20191021,000000,11.13,11.16,10.98,11.02,18920171,0
PLTR.US,D,20191021,000000,11.03,11.04,10.91,10.95,13581865,0
PLTR.US,D,20191022,000000,11.06,11.12,10.65,10.83,17794955,0
PLTR.US,D,20191023,000000,10.66,10.90,10.57,10.88,16848098,0
PLTR.US,D,20191024,000000,11.04,11.10,10.83,10.86,17430949,0
PLTR.US,D,20191025,000000,10.85,10.86,10.10,10.60,10939567,0
PLTR.US,D,20191028,000000,10.32,11.99,10.22,11.58,14001139,0
PLTR.US,D,20191028,000000,11.24,11.87,11.13,11.81,10458570,0
PLTR.US,D,20191028,000000,11.53,12.31,11.44,12.19,14741779,0
PLTR.US,D,20191029,000000,12.12,12.28,11.52,11.75,11639590,0
PLTR.US,D,20191030,000000,11.71,12.02,11.42,11.62,20276993,0
PLTR.US,D,20191031,000000,11.62,11.69,11.60,11.66,7576238,0
PLTR.US,D,20191101,000000,11.47,12.17,11.44,11.97,13540553,0
PLTR.US,D,20191104,000000,12.51,12.56,12.35,12.40,8339701,0
PLTR.US,D,20191104,000000,12.30,12.47,11.76,11.95,8337731,0
PLTR.US,D,20191104,000000,11.90,12.01,11.86,12.00,7810347,0
PLTR.US,D,20191105,000000,12.09,12.23,11.35,11.76,8696766,0
PLTR.US,D,20191106,000000,11.77,12.11,11.46,12.00,9592556,0
PLTR.US,D,20191107,000000,11.70,11.74,10.73,10.81,12322108,0
PLTR.US,D,20191108,000000,10.87,10.95,10.53,10.57,12399896,0
PLTR.US,D,20191111,000000,10.21,10.35,10.20,10.33,11719539,0
PLTR.US,D,20191111,000000,10.12,10.78,10.10,10.46,8035352,0
PLTR.US,D,20191111,000000,10.70,10.70,9.44,9.88,11581617,0
PLTR.US,D,20191112,000000,9.71,10.85,9.62,10.17,8210196,0
PLTR.US,D,20191113,000000,10.20,10.41,8.96,9.37,16344970,0
PLTR.US,D,20191114,000000,9.29,9.63,9.24,9.55,17590572,0
PLTR.US,D,20191115,000000,9.71,10.11,8.13,8.18,19417494,0
PLTR.US,D,20191118,000000,8.11,8.15,8.07,8.14,10257665,0
PLTR.US,D,20191118,000000,8.15,8.30,8.02,8.25,8416611,0
PLTR.US,D,20191118,000000,8.29,8.63,8.21,8.54,17481590,0
PLTR.US,D,20191119,000000,8.51,9.71,8.42,9.31,16832637,0
PLTR.US,D,20191120,000000,9.06,9.58,9.04,9.57,16273639,0
PLTR.US,D,20191121,000000,9.52,9.95,9.42,9.85,15736575,0
PLTR.US,D,20191122,000000,9.86,10.22,9.84,10.09,11846294,0
PLTR.US,D,20191125,000000,10.05,10.66,10.03,10.62,21785606,0
PLTR.US,D,20191125,000000,10.77,11.14,10.09,10.12,16680587,0
PLTR.US,D,20191125,000000,10.17,10.64,10.02,10.43,18241066,0
PLTR.US,D,20191126,000000,10.40,10.41,10.20,10.33,10433461,0
PLTR.US,D,20191127,000000,10.37,10.47,10.11,10.24,8389414,0
PLTR.US,D,20191128,000000,10.45,10.63,9.35,9.62,22479254,0
PLTR.US,D,20191129,000000,9.59,9.63,9.54,9.57,7517705,0
PLTR.US,D,20191202,000000,9.57,9.85,8.38,8.65,12878523,0
PLTR.US,D,20191202,000000,8.58,8.67,8.38,8.39,17638735,0
PLTR.US,D,20191202,000000,8.14,8.45,8.12,8.45,10284530,0
PLTR.US,D,20191203,000000,8.59,8.79,8.57,8.76,8386736,0
PLTR.US,D,20191204,000000,8.76,8.76,8.52,8.55,9062115,0
PLTR.US,D,20191205,000000,8.47,8.62,8.40,8.58,12952557,0
PLTR.US,D,20191206,000000,8.66,8.67,8.65,8.67,12785172,0
PLTR.US,D,20191209,000000,8.65,8.81,8.65,8.79,14223630,0
PLTR.US,D,20191209,000000,8.83,9.00,8.78,8.97,8327954,0
PLTR.US,D,20191209,000000,8.99,9.17,8.89,9.15,9754615,0
PLTR.US,D,20191210,000000,9.10,9.11,9.07,9.08,12011916,0
PLTR.US,D,20191211,000000,9.08,9.11,9.06,9.10,14064937,0
PLTR.US,D,20191212,000000,9.32,9.57,8.64,8.91,19626339,0
PLTR.US,D,20191213,000000,8.91,9.59,8.76,9.51,9811397,0
PLTR.US,D,20191216,000000,9.41,10.29,9.28,10.12,14347867,0
PLTR.US,D,20191216,000000,10.11,10.26,9.82,9.92,15245371,0
PLTR.US,D,20191216,000000,9.97,9.98,9.56,9.67,20250580,0
PLTR.US,D,20191217,000000,9.61,10.09,9.57,10.01,20258240,0
PLTR.US,D,20191218,000000,10.04,10.11,10.04,10.10,11956382,0
PLTR.US,D,20191219,000000,10.07,10.09,10.07,10.08,7854085,0
PLTR.US,D,20191220,000000,10.12,10.15,9.73,9.74,9156561,0
PLTR.US,D,20191223,000000,9.76,9.96,9.61,9.93,20271183,0
PLTR.US,D,20191223,000000,9.94,10.00,9.84,9.88,11044141,0
PLTR.US,D,20191223,000000,10.02,10.08,9.73,9.89,7680965,0
PLTR.US,D,20191224,000000,9.91,10.76,9.81,10.70,17688216,0
PLTR.US,D,20191225,000000,10.56,10.93,10.46,10.91,13391625,0
PLTR.US,D,20191226,000000,11.05,11.47,9.86,10.01,17414349,0
PLTR.US,D,20191227,000000,10.00,10.20,9.99,10.18,13702997,0
PLTR.US,D,20191230,000000,10.08,10.73,9.92,10.55,10050661,0
PLTR.US,D,20191230,000000,10.61,10.62,9.97,10.14,9866460,0
PLTR.US,D,20191230,000000,10.10,10.25,9.22,9.57,12294982,0
PLTR.US,D,20191231,000000,9.67,9.71,9.56,9.60,8739162,0
PLTR.US,D,20200101,000000,9.60,9.72,9.58,9.68,12677871,0
PLTR.US,D,20200102,000000,9.61,9.70,9.52,9.60,7545993,0
PLTR.US,D,20200103,000000,9.55,9.94,9.52,9.91,18460436,0
PLTR.US,D,20200106,000000,9.88,9.95,9.83,9.94,12986734,0
PLTR.US,D,20200106,000000,9.99,9.99,9.69,9.72,9681090,0
PLTR.US,D,20200106,000000,9.66,10.28,9.65,10.15,8600451,0
PLTR.US,D,20200107,000000,10.15,10.20,10.03,10.04,17493987,0
PLTR.US,D,20200108,000000,10.13,10.22,9.80,9.89,22206852,0
PLTR.US,D,20200109,000000,10.04,10.14,10.01,10.09,21173039,0
PLTR.US,D,20200110,000000,10.11,10.15,10.11,10.14,19601215,0
PLTR.US,D,20200113,000000,10.13,10.17,9.85,9.87,8807464,0
PLTR.US,D,20200113,000000,9.84,9.87,9.83,9.86,21399788,0
PLTR.US,D,20200113,000000,9.85,9.93,9.85,9.92,7862612,0
PLTR.US,D,20200114,000000,9.91,10.06,9.91,9.95,8014528,0
PLTR.US,D,20200115,000000,9.85,10.08,9.81,10.00,18580155,0
PLTR.US,D,20200116,000000,9.99,10.03,9.80,9.82,7704546,0
PLTR.US,D,20200117,000000,9.79,9.82,9.79,9.80,17195287,0
PLTR.US,D,20200120,000000,9.84,9.87,9.77,9.78,15039667,0
PLTR.US,D,20200120,000000,9.79,9.99,9.73,9.93,14574711,0
PLTR.US,D,20200120,000000,10.01,10.20,9.47,9.58,8576018,0
PLTR.US,D,20200121,000000,9.61,9.68,9.60,9.66,21903143,0
PLTR.US,D,20200122,000000,9.64,9.66,9.54,9.59,11688244,0
PLTR.US,D,20200123,000000,9.60,9.61,9.58,9.59,17652056,0
PLTR.US,D,20200124,000000,9.57,9.60,9.41,9.52,19413470,0
PLTR.US,D,20200127,000000,9.48,9.56,9.47,9.52,14145398,0
PLTR.US,D,20200127,000000,9.50,9.50,9.50,9.50,18751515,0
PLTR.US,D,20200127,000000,9.50,9.66,9.50,9.65,9575282,0
PLTR.US,D,20200128,000000,9.63,9.67,9.63,9.66,11750771,0
PLTR.US,D,20200129,000000,9.65,9.73,9.65,9.70,15268988,0
PLTR.US,D,20200130,000000,9.68,9.76,9.67,9.72,18721765,0
PLTR.US,D,20200131,000000,9.68,9.80,9.65,9.80,14114190,0
PLTR.US,D,20200203,000000,9.83,9.85,9.83,9.85,7789996,0
PLTR.US,D,20200203,000000,9.91,9.92,9.81,9.85,15387616,0
PLTR.US,D,20200203,000000,9.83,9.87,9.81,9.86,13955380,0
PLTR.US,D,20200204,000000,9.90,9.96,9.89,9.92,10010311,0
PLTR.US,D,20200205,000000,9.96,9.99,9.78,9.80,16700811,0
PLTR.US,D,20200206,000000,9.76,9.76,9.75,9.76,16260336,0
PLTR.US,D,20200207,000000,9.79,9.86,9.47,9.47,16518900,0
PLTR.US,D,20200210,000000,9.39,9.45,9.37,9.42,20452169,0
PLTR.US,D,20200210,000000,9.44,9.54,8.89,9.02,18131671,0
PLTR.US,D,20200210,000000,9.04,9.23,8.98,9.20,8237458,0
PLTR.US,D,20200211,000000,9.18,9.39,9.08,9.39,10915655,0
PLTR.US,D,20200212,000000,9.41,9.41,9.35,9.36,14260400,0
PLTR.US,D,20200213,000000,9.43,9.56,9.40,9.55,21344643,0
PLTR.US,D,20200214,000000,9.50,9.59,9.48,9.58,20603932,0
PLTR.US,D,20200217,000000,9.58,9.91,9.44,9.84,8138227,0
PLTR.US,D,20200217,000000,9.78,10.19,9.67,10.09,17600596,0
PLTR.US,D,20200217,000000,10.13,10.13,9.92,9.94,9141252,0
PLTR.US,D,20200218,000000,9.88,9.97,8.98,9.28,20341917,0
PLTR.US,D,20200219,000000,9.30,9.41,8.82,8.95,22211138,0
PLTR.US,D,20200220,000000,8.93,8.98,8.91,8.94,20312894,0
PLTR.US,D,20200221,000000,8.96,9.02,8.77,8.91,12677837,0
PLTR.US,D,20200224,000000,9.03,9.17,9.01,9.14,14410897,0
PLTR.US,D,20200224,000000,8.99,9.02,8.87,8.88,14741516,0
PLTR.US,D,20200224,000000,8.78,8.78,8.58,8.62,14376271,0
PLTR.US,D,20200225,000000,8.71,8.72,8.69,8.69,11961778,0
PLTR.US,D,20200226,000000,8.64,9.21,8.50,9.18,11871457,0
PLTR.US,D,20200227,000000,9.05,9.06,8.93,8.95,19727090,0
PLTR.US,D,20200228,000000,9.01,9.10,8.40,8.60,11024721,0
PLTR.US,D,20200302,000000,8.37,8.83,8.31,8.79,9460917,0
PLTR.US,D,20200302,000000,8.71,9.17,8.67,8.94,16195051,0
PLTR.US,D,20200302,000000,8.77,8.83,8.68,8.75,12219765,0
PLTR.US,D,20200303,000000,8.76,8.79,8.58,8.72,20640156,0
PLTR.US,D,20200304,000000,8.80,9.40,8.76,9.14,14988395,0
PLTR.US,D,20200305,000000,9.11,9.31,9.04,9.30,17489488,0
PLTR.US,D,20200306,000000,9.35,9.42,9.32,9.38,18054426,0
PLTR.US,D,20200309,000000,9.32,9.79,9.27,9.74,18439003,0
PLTR.US,D,20200309,000000,9.72,9.80,9.68,9.75,16529844,0
PLTR.US,D,20200309,000000,9.63,10.23,9.50,10.05,14831954,0
PLTR.US,D,20200310,000000,10.13,10.17,9.78,9.91,16497528,0
PLTR.US,D,20200311,000000,9.90,10.00,9.90,10.00,8245757,0
PLTR.US,D,20200312,000000,10.14,10.28,9.49,9.69,10651273,0
PLTR.US,D,20200313,000000,9.75,9.80,9.46,9.54,8205973,0
PLTR.US,D,20200316,000000,9.48,9.84,9.45,9.77,22182813,0
PLTR.US,D,20200316,000000,9.88,9.88,9.74,9.74,20692885,0
PLTR.US,D,20200316,000000,9.67,9.78,9.64,9.78,18371361,0
PLTR.US,D,20200317,000000,9.76,9.84,9.36,9.52,15106152,0
PLTR.US,D,20200318,000000,9.61,9.61,9.56,9.58,13651698,0
PLTR.US,D,20200319,000000,9.53,9.71,9.48,9.69,20767552,0
PLTR.US,D,20200320,000000,9.66,9.66,9.35,9.47,22247843,0
PLTR.US,D,20200323,000000,9.46,9.69,9.39,9.67,15620427,0
PLTR.US,D,20200323,000000,9.69,9.84,9.46,9.52,17960149,0
PLTR.US,D,20200323,000000,9.53,9.62,9.19,9.27,17180905,0
PLTR.US,D,20200324,000000,9.39,9.70,9.35,9.62,7633729,0
PLTR.US,D,20200325,000000,9.64,9.88,9.56,9.84,9562855,0
PLTR.US,D,20200326,000000,9.89,9.98,9.87,9.95,13925621,0
PLTR.US,D,20200327,000000,9.99,10.08,9.83,9.88,19758235,0
PLTR.US,D,20200330,000000,9.79,10.02,9.71,9.96,9996342,0
PLTR.US,D,20200330,000000,9.84,10.08,9.71,10.02,18312959,0
PLTR.US,D,20200330,000000,9.93,9.93,9.86,9.90,21399318,0
PLTR.US,D,20200331,000000,9.90,10.11,9.23,9.32,21348051,0
PLTR.US,D,20200401,000000,9.31,9.31,9.02,9.09,16212229,0
PLTR.US,D,20200402,000000,9.07,9.10,9.06,9.08,17348624,0
PLTR.US,D,20200403,000000,9.04,9.18,9.01,9.14,12565255,0
PLTR.US,D,20200406,000000,9.12,9.16,9.02,9.07,16087103,0
PLTR.US,D,20200406,000000,9.10,9.48,9.06,9.48,19014953,0
PLTR.US,D,20200406,000000,9.52,9.55,9.44,9.46,11932192,0
PLTR.US,D,20200407,000000,9.39,9.45,9.20,9.28,22149669,0
PLTR.US,D,20200408,000000,9.32,9.33,9.17,9.19,15857621,0
PLTR.US,D,20200409,000000,9.20,9.27,9.20,9.25,17249691,0
PLTR.US,D,20200410,000000,9.38,9.47,9.04,9.09,16090229,0
PLTR.US,D,20200413,000000,9.01,9.14,9.01,9.10,16300834,0
PLTR.US,D,20200413,000000,9.16,9.34,9.14,9.30,9750923,0
PLTR.US,D,20200413,000000,9.40,9.40,9.23,9.28,18224178,0
PLTR.US,D,20200414,000000,9.37,9.42,9.22,9.22,9939416,0
PLTR.US,D,20200415,000000,9.22,9.54,9.17,9.44,20668470,0
PLTR.US,D,20200416,000000,9.36,9.73,9.28,9.73,21319697,0
PLTR.US,D,20200417,000000,9.72,9.84,9.70,9.84,18026558,0
PLTR.US,D,20200420,000000,9.85,9.85,9.66,9.78,17996503,0
PLTR.US,D,20200420,000000,9.83,9.94,9.58,9.61,14200695,0
PLTR.US,D,20200420,000000,9.72,9.75,9.27,9.31,11445652,0
PLTR.US,D,20200421,000000,9.35,9.36,9.34,9.35,10162216,0
PLTR.US,D,20200422,000000,9.35,9.39,9.35,9.37,18860565,0
PLTR.US,D,20200423,000000,9.36,9.41,9.12,9.19,19040597,0
PLTR.US,D,20200424,000000,9.21,9.29,9.21,9.27,16946828,0
PLTR.US,D,20200427,000000,9.26,9.32,9.25,9.30,11831638,0
PLTR.US,D,20200427,000000,9.28,9.46,9.25,9.45,16710637,0
PLTR.US,D,20200427,000000,9.44,9.51,9.21,9.29,12890580,0
PLTR.US,D,20200428,000000,9.26,9.26,9.14,9.17,7809166,0
PLTR.US,D,20200429,000000,9.16,9.17,9.08,9.12,17958490,0
PLTR.US,D,20200430,000000,9.09,9.09,9.09,9.09,20507010,0
PLTR.US,D,20200501,000000,9.09,9.14,9.07,9.13,15573806,0
PLTR.US,D,20200504,000000,9.13,9.19,9.13,9.17,10186878,0
PLTR.US,D,20200504,000000,9.17,9.17,9.07,9.09,17044130,0
PLTR.US,D,20200504,000000,9.10,9.11,9.10,9.10,18192625,0
PLTR.US,D,20200505,000000,9.08,9.08,9.06,9.06,18289228,0
PLTR.US,D,20200506,000000,9.07,9.08,9.04,9.04,11808922,0
PLTR.US,D,20200507,000000,9.05,9.08,8.97,8.98,21777313,0
PLTR.US,D,20200508,000000,8.99,9.04,8.96,9.02,21003742,0
PLTR.US,D,20200511,000000,9.07,9.09,8.98,8.98,12586624,0
PLTR.US,D,20200511,000000,8.99,9.00,8.84,8.87,12408897,0
PLTR.US,D,20200511,000000,8.88,8.99,8.86,8.94,21061282,0
PLTR.US,D,20200512,000000,9.02,9.03,9.01,9.02,13410311,0
PLTR.US,D,20200513,000000,9.05,9.06,8.97,8.98,16503215,0
PLTR.US,D,20200514,000000,8.98,9.01,8.78,8.81,7816790,0
PLTR.US,D,20200515,000000,8.76,8.76,8.74,8.75,11090618,0
PLTR.US,D,20200518,000000,8.69,8.87,8.67,8.79,16297848,0
PLTR.US,D,20200518,000000,8.78,8.81,8.60,8.70,15854849,0
PLTR.US,D,20200518,000000,8.69,8.79,8.67,8.78,12764950,0
PLTR.US,D,20200519,000000,8.84,8.87,8.76,8.77,10547215,0
PLTR.US,D,20200520,000000,8.80,8.81,8.55,8.63,7916540,0
PLTR.US,D,20200521,000000,8.59,8.61,8.55,8.55,11025730,0
PLTR.US,D,20200522,000000,8.50,8.84,8.44,8.76,19056172,0
PLTR.US,D,20200525,000000,8.75,8.77,8.70,8.72,14398203,0
PLTR.US,D,20200525,000000,8.67,8.76,8.66,8.74,18099463,0
PLTR.US,D,20200525,000000,8.70,8.83,8.69,8.77,15763042,0
PLTR.US,D,20200526,000000,8.70,8.71,8.62,8.64,20751079,0
PLTR.US,D,20200527,000000,8.59,8.78,8.47,8.76,12316353,0
PLTR.US,D,20200528,000000,8.73,8.77,8.71,8.75,8301899,0
PLTR.US,D,20200529,000000,8.76,8.98,8.75,8.85,16508632,0
PLTR.US,D,20200601,000000,8.91,9.15,8.85,9.11,11192801,0
PLTR.US,D,20200601,000000,9.12,9.29,9.09,9.24,12740415,0
PLTR.US,D,20200601,000000,9.29,9.29,8.70,9.00,13483465,0
PLTR.US,D,20200602,000000,8.96,8.98,8.87,8.88,22124051,0
PLTR.US,D,20200603,000000,8.90,8.93,8.88,8.92,20305040,0
PLTR.US,D,20200604,000000,8.92,8.92,8.82,8.83,17399140,0
PLTR.US,D,20200605,000000,8.78,8.79,8.63,8.68,18571728,0
PLTR.US,D,20200608,000000,8.72,8.80,8.72,8.79,14330999,0
PLTR.US,D,20200608,000000,8.73,8.85,8.71,8.84,21961525,0
PLTR.US,D,20200608,000000,8.82,9.34,8.76,9.21,8095998,0
PLTR.US,D,20200609,000000,9.20,9.42,9.18,9.38,20590562,0
PLTR.US,D,20200610,000000,9.37,9.37,9.21,9.24,11165688,0
PLTR.US,D,20200611,000000,9.12,9.38,9.10,9.31,17852009,0
PLTR.US,D,20200612,000000,9.24,9.46,9.22,9.45,9072272,0
PLTR.US,D,20200615,000000,9.37,9.82,9.34,9.63,13362552,0
PLTR.US,D,20200615,000000,9.61,9.64,9.56,9.58,20323126,0
PLTR.US,D,20200615,000000,9.60,9.66,9.58,9.66,11162213,0
PLTR.US,D,20200616,000000,9.62,9.71,9.60,9.68,17266039,0
PLTR.US,D,20200617,000000,9.66,9.72,9.65,9.70,19312367,0
PLTR.US,D,20200618,000000,9.67,9.68,9.48,9.51,19708725,0
PLTR.US,D,20200619,000000,9.58,9.61,9.42,9.45,11202431,0
PLTR.US,D,20200622,000000,9.61,9.62,9.30,9.39,18286727,0
PLTR.US,D,20200622,000000,9.38,9.43,9.27,9.37,20011682,0
PLTR.US,D,20200622,000000,9.43,9.44,9.42,9.44,16389159,0
PLTR.US,D,20200623,000000,9.48,9.49,9.42,9.44,15624418,0
PLTR.US,D,20200624,000000,9.47,9.48,9.41,9.44,18482778,0
PLTR.US,D,20200625,000000,9.55,9.67,9.29,9.30,44629973,0
PLTR.US,D,20200626,000000,9.43,9.46,8.74,8.99,33556671,0
PLTR.US,D,20200629,000000,9.00,9.03,8.76,8.81,29012274,0
PLTR.US,D,20200629,000000,8.93,8.98,8.51,8.62,34053028,0
PLTR.US,D,20200629,000000,8.55,8.60,7.82,8.10,66963609,0
PLTR.US,D,20200630,000000,7.94,8.00,7.68,7.73,70774191,0
PLTR.US,D,20200701,000000,7.70,7.75,7.45,7.49,58197460,0
PLTR.US,D,20200702,000000,7.47,7.71,6.98,7.06,67692012,0
PLTR.US,D,20200703,000000,7.11,7.42,6.37,6.57,67469741,0
PLTR.US,D,20200706,000000,6.36,6.36,6.13,6.22,37263575,0
PLTR.US,D,20200706,000000,6.23,6.31,5.60,5.82,105952872,0
PLTR.US,D,20200706,000000,5.68,6.08,5.65,6.01,11634621,0
PLTR.US,D,20200707,000000,6.08,6.10,5.81,5.86,20903048,0
PLTR.US,D,20200708,000000,5.93,5.93,5.26,5.54,9396163,0
PLTR.US,D,20200709,000000,5.50,5.73,5.47,5.61,11665828,0
PLTR.US,D,20200710,000000,5.65,6.08,5.65,6.07,11703729,0
PLTR.US,D,20200713,000000,6.13,6.23,6.13,6.23,9229092,0
PLTR.US,D,20200713,000000,6.25,6.28,6.12,6.12,12046628,0
PLTR.US,D,20200713,000000,6.15,6.18,5.98,6.00,20673793,0
PLTR.US,D,20200714,000000,6.08,6.10,6.02,6.04,10954710,0
PLTR.US,D,20200715,000000,6.06,6.20,6.05,6.16,13311981,0
PLTR.US,D,20200716,000000,5.98,6.02,5.76,5.76,19323952,0
PLTR.US,D,20200717,000000,5.78,6.04,5.74,5.95,9122843,0
PLTR.US,D,20200720,000000,5.99,6.09,5.58,5.64,18443366,0
PLTR.US,D,20200720,000000,5.68,5.82,5.67,5.76,10262434,0
PLTR.US,D,20200720,000000,5.79,5.96,5.76,5.91,9701549,0
PLTR.US,D,20200721,000000,5.91,5.96,5.75,5.76,8889032,0
PLTR.US,D,20200722,000000,5.79,5.89,5.47,5.61,18294825,0
PLTR.US,D,20200723,000000,5.60,5.63,5.47,5.51,21937095,0
PLTR.US,D,20200724,000000,5.50,5.55,5.31,5.34,14649699,0
PLTR.US,D,20200727,000000,5.33,5.35,5.11,5.13,13724717,0
PLTR.US,D,20200727,000000,4.98,5.19,4.95,5.13,9300186,0
PLTR.US,D,20200727,000000,4.99,5.03,4.88,4.91,20284690,0
PLTR.US,D,20200728,000000,4.94,4.95,4.91,4.91,20852858,0
PLTR.US,D,20200729,000000,5.03,5.04,4.96,4.99,16969713,0
PLTR.US,D,20200730,000000,4.92,4.94,4.78,4.83,9172811,0
PLTR.US,D,20200731,000000,4.84,4.93,4.83,4.86,9654286,0
PLTR.US,D,20200803,000000,4.94,4.98,4.79,4.90,18719968,0
PLTR.US,D,20200803,000000,4.84,4.85,4.81,4.82,11428071,0
PLTR.US,D,20200803,000000,4.73,4.73,4.67,4.69,8098597,0
PLTR.US,D,20200804,000000,4.75,4.77,4.61,4.69,17749641,0
PLTR.US,D,20200805,000000,4.68,4.69,4.65,4.66,11761232,0
PLTR.US,D,20200806,000000,4.65,4.66,4.61,4.61,12059656,0
PLTR.US,D,20200807,000000,4.68,4.97,4.68,4.83,13989982,0
PLTR.US,D,20200810,000000,4.85,4.87,4.73,4.74,16876797,0
PLTR.US,D,20200810,000000,4.76,4.82,4.76,4.80,16651945,0
PLTR.US,D,20200810,000000,4.85,4.99,4.84,4.97,17176836,0
PLTR.US,D,20200811,000000,5.03,5.08,4.86,4.94,11177564,0
PLTR.US,D,20200812,000000,4.89,5.03,4.86,5.01,15701358,0
PLTR.US,D,20200813,000000,4.99,4.99,4.80,4.82,19481438,0
PLTR.US,D,20200814,000000,4.80,4.81,4.47,4.62,11560069,0
PLTR.US,D,20200817,000000,4.57,4.97,4.47,4.79,20689876,0
PLTR.US,D,20200817,000000,4.84,4.85,4.70,4.74,7695736,0
PLTR.US,D,20200817,000000,4.76,4.82,4.76,4.81,16704331,0
PLTR.US,D,20200818,000000,4.88,5.15,4.87,5.11,12533493,0
PLTR.US,D,20200819,000000,5.14,5.32,5.09,5.24,18355718,0
PLTR.US,D,20200820,000000,5.32,5.35,5.18,5.25,22487626,0
PLTR.US,D,20200821,000000,5.26,5.35,5.26,5.34,18817164,0
PLTR.US,D,20200824,000000,5.40,5.41,5.39,5.40,15831118,0
PLTR.US,D,20200824,000000,5.45,5.45,5.42,5.43,14572433,0
PLTR.US,D,20200824,000000,5.41,5.41,5.37,5.37,10224628,0
PLTR.US,D,20200825,000000,5.40,5.48,5.16,5.19,9338823,0
PLTR.US,D,20200826,000000,5.13,5.14,5.11,5.12,20588093,0
PLTR.US,D,20200827,000000,5.12,5.45,5.08,5.40,20372388,0
PLTR.US,D,20200828,000000,5.39,5.39,5.37,5.37,19972923,0
PLTR.US,D,20200831,000000,5.41,5.43,5.08,5.12,22117967,0
PLTR.US,D,20200831,000000,5.12,5.12,4.65,4.69,18370082,0
PLTR.US,D,20200831,000000,4.76,4.81,4.70,4.71,8921103,0
PLTR.US,D,20200901,000000,4.65,4.69,4.65,4.68,21387931,0
PLTR.US,D,20200902,000000,4.67,4.68,4.61,4.62,14523491,0
PLTR.US,D,20200903,000000,4.66,4.82,4.61,4.81,15849999,0
PLTR.US,D,20200904,000000,4.87,4.88,4.81,4.81,14401283,0
PLTR.US,D,20200907,000000,4.88,4.90,4.63,4.66,18503023,0
PLTR.US,D,20200907,000000,4.67,4.67,4.47,4.51,8037619,0
PLTR.US,D,20200907,000000,4.49,4.92,4.46,4.80,20077742,0
PLTR.US,D,20200908,000000,4.71,4.74,4.46,4.57,13734093,0
PLTR.US,D,20200909,000000,4.58,4.74,4.56,4.72,13556904,0
PLTR.US,D,20200910,000000,4.74,4.78,4.72,4.77,20121004,0
PLTR.US,D,20200911,000000,4.71,4.93,4.68,4.90,16177225,0
PLTR.US,D,20200914,000000,4.92,4.92,4.85,4.86,16990028,0
PLTR.US,D,20200914,000000,4.89,5.14,4.80,5.06,15706913,0
PLTR.US,D,20200914,000000,5.00,5.02,4.92,4.93,8928494,0
PLTR.US,D,20200915,000000,4.90,4.93,4.73,4.73,11211541,0
PLTR.US,D,20200916,000000,4.65,4.83,4.59,4.74,16973236,0
PLTR.US,D,20200917,000000,4.70,4.75,4.67,4.71,11084200,0
PLTR.US,D,20200918,000000,4.65,4.72,4.63,4.72,13007325,0
PLTR.US,D,20200921,000000,4.72,4.74,4.69,4.74,12799074,0
PLTR.US,D,20200921,000000,4.75,4.95,4.72,4.92,21161029,0
PLTR.US,D,20200921,000000,4.92,5.07,4.57,4.67,7920809,0
PLTR.US,D,20200922,000000,4.72,4.81,4.69,4.77,8311713,0
PLTR.US,D,20200923,000000,4.86,4.90,4.67,4.69,22139243,0
PLTR.US,D,20200924,000000,4.71,4.71,4.64,4.66,10814919,0
PLTR.US,D,20200925,000000,4.58,4.60,4.49,4.49,10681880,0
PLTR.US,D,20200928,000000,4.47,4.48,4.43,4.48,22302101,0
PLTR.US,D,20200928,000000,4.53,4.54,4.53,4.53,16333094,0
PLTR.US,D,20200928,000000,4.50,4.52,4.44,4.45,13228178,0
PLTR.US,D,20200929,000000,4.45,4.85,4.37,4.75,18918046,0
PLTR.US,D,20200930,000000,4.72,4.72,4.55,4.57,16488334,0
PLTR.US,D,20201001,000000,4.51,4.78,4.41,4.77,9486318,0
PLTR.US,D,20201002,000000,4.80,4.88,4.58,4.68,18116709,0
PLTR.US,D,20201005,000000,4.67,4.85,4.67,4.82,18669926,0
PLTR.US,D,20201005,000000,4.79,4.81,4.59,4.69,17759027,0
PLTR.US,D,20201005,000000,4.74,4.76,4.66,4.70,14818181,0
PLTR.US,D,20201006,000000,4.78,4.80,4.55,4.58,9157555,0
PLTR.US,D,20201007,000000,4.52,4.59,4.32,4.38,7895300,0
PLTR.US,D,20201008,000000,4.37,4.38,4.24,4.27,19170391,0
PLTR.US,D,20201009,000000,4.19,4.29,4.17,4.26,10958937,0
PLTR.US,D,20201012,000000,4.20,4.21,3.97,4.07,20932785,0
PLTR.US,D,20201012,000000,4.07,4.10,4.07,4.10,13886377,0
PLTR.US,D,20201012,000000,4.16,4.18,3.99,4.01,10302226,0
PLTR.US,D,20201013,000000,4.07,4.17,4.05,4.15,20071809,0
PLTR.US,D,20201014,000000,4.17,4.20,3.97,4.07,15105971,0
PLTR.US,D,20201015,000000,4.05,4.54,4.03,4.33,13135417,0
PLTR.US,D,20201016,000000,4.33,4.35,4.33,4.34,7792001,0
PLTR.US,D,20201019,000000,4.31,4.31,4.19,4.25,19175949,0
PLTR.US,D,20201019,000000,4.29,4.31,4.23,4.24,10089654,0
PLTR.US,D,20201019,000000,4.25,4.53,4.23,4.42,20924433,0
PLTR.US,D,20201020,000000,4.45,4.73,4.43,4.64,12144160,0
PLTR.US,D,20201021,000000,4.67,4.67,4.59,4.60,19894245,0
PLTR.US,D,20201022,000000,4.60,4.62,4.59,4.62,18444597,0
PLTR.US,D,20201023,000000,4.63,4.64,4.52,4.53,21486747,0
PLTR.US,D,20201026,000000,4.54,4.58,4.43,4.49,20325054,0
PLTR.US,D,20201026,000000,4.46,4.48,4.38,4.40,18029382,0
PLTR.US,D,20201026,000000,4.41,4.46,4.38,4.44,14728061,0
PLTR.US,D,20201027,000000,4.41,4.61,4.41,4.55,10637710,0
PLTR.US,D,20201028,000000,4.51,4.72,4.51,4.68,12303091,0
PLTR.US,D,20201029,000000,4.76,4.78,4.68,4.69,20311811,0
PLTR.US,D,20201030,000000,4.69,4.77,4.69,4.71,8902980,0
PLTR.US,D,20201102,000000,4.67,4.67,4.65,4.65,21463322,0
PLTR.US,D,20201102,000000,4.76,4.77,4.66,4.68,19136007,0
PLTR.US,D,20201102,000000,4.73,4.73,4.69,4.69,12278162,0
PLTR.US,D,20201103,000000,4.70,4.71,4.66,4.68,14686069,0
PLTR.US,D,20201104,000000,4.72,4.73,4.68,4.70,17231181,0
PLTR.US,D,20201105,000000,4.80,4.80,4.38,4.56,10402575,0
PLTR.US,D,20201106,000000,4.55,4.56,4.40,4.42,8631876,0
PLTR.US,D,20201109,000000,4.43,4.44,4.21,4.28,8422205,0
PLTR.US,D,20201109,000000,4.29,4.31,4.08,4.13,17898310,0
PLTR.US,D,20201109,000000,4.09,4.11,4.09,4.11,12788600,0
PLTR.US,D,20201110,000000,4.13,4.15,4.09,4.10,15225513,0
PLTR.US,D,20201111,000000,4.12,4.14,3.97,3.98,11631866,0
PLTR.US,D,20201112,000000,3.97,4.15,3.93,4.09,17383534,0
PLTR.US,D,20201113,000000,4.10,4.18,4.09,4.16,19838904,0
PLTR.US,D,20201116,000000,4.12,4.22,4.12,4.22,11408108,0
PLTR.US,D,20201116,000000,4.22,4.26,4.20,4.25,18951373,0
PLTR.US,D,20201116,000000,4.27,4.28,4.24,4.25,18363558,0
PLTR.US,D,20201117,000000,4.25,4.34,4.25,4.32,10682635,0
PLTR.US,D,20201118,000000,4.29,4.35,4.27,4.35,16622132,0
PLTR.US,D,20201119,000000,4.34,4.37,4.32,4.34,10404698,0
PLTR.US,D,20201120,000000,4.37,4.38,4.20,4.26,19564692,0
PLTR.US,D,20201123,000000,4.25,4.26,4.25,4.26,13345355,0
PLTR.US,D,20201123,000000,4.24,4.25,4.24,4.25,11177901,0
PLTR.US,D,20201123,000000,4.25,4.32,4.24,4.32,16424923,0
PLTR.US,D,20201124,000000,4.32,4.33,4.32,4.33,7997443,0
PLTR.US,D,20201125,000000,4.34,4.36,4.32,4.32,18841205,0
PLTR.US,D,20201126,000000,4.32,4.33,4.20,4.22,11334817,0
PLTR.US,D,20201127,000000,4.24,4.25,4.23,4.23,11938789,0
PLTR.US,D,20201130,000000,4.23,4.25,4.13,4.16,11470680,0
PLTR.US,D,20201130,000000,4.17,4.22,4.05,4.05,7972110,0
PLTR.US,D,20201130,000000,4.06,4.08,4.06,4.08,16079136,0
PLTR.US,D,20201201,000000,4.07,4.09,4.07,4.08,21528007,0
PLTR.US,D,20201202,000000,4.10,4.10,4.07,4.09,21866166,0
PLTR.US,D,20201203,000000,4.08,4.12,4.07,4.12,7633323,0
PLTR.US,D,20201204,000000,4.10,4.25,4.09,4.18,11280727,0
PLTR.US,D,20201207,000000,4.19,4.32,4.15,4.32,21043013,0
PLTR.US,D,20201207,000000,4.36,4.36,4.31,4.32,16667221,0
PLTR.US,D,20201207,000000,4.32,4.43,4.29,4.40,12925553,0
PLTR.US,D,20201208,000000,4.39,4.40,4.30,4.31,16506297,0
PLTR.US,D,20201209,000000,4.30,4.30,4.22,4.26,14902278,0
PLTR.US,D,20201210,000000,4.26,4.27,4.25,4.26,22200809,0
PLTR.US,D,20201211,000000,4.25,4.32,4.24,4.31,16220963,0
PLTR.US,D,20201214,000000,4.31,4.31,4.29,4.30,12371650,0
PLTR.US,D,20201214,000000,4.31,4.31,4.27,4.29,9868958,0
PLTR.US,D,20201214,000000,4.29,4.30,4.23,4.25,19366658,0
PLTR.US,D,20201215,000000,4.25,4.26,4.21,4.23,16978006,0
PLTR.US,D,20201216,000000,4.23,4.31,4.23,4.30,12644069,0
PLTR.US,D,20201217,000000,4.30,4.37,4.28,4.36,21989201,0
PLTR.US,D,20201218,000000,4.38,4.40,4.37,4.39,22026689,0
PLTR.US,D,20201221,000000,4.41,4.41,4.29,4.31,9545130,0
PLTR.US,D,20201221,000000,4.31,4.36,4.31,4.36,13533311,0
PLTR.US,D,20201221,000000,4.37,4.37,4.32,4.33,19333413,0
PLTR.US,D,20201222,000000,4.34,4.38,4.33,4.37,16801911,0
PLTR.US,D,20201223,000000,4.36,4.38,4.35,4.37,11661846,0
PLTR.US,D,20201224,000000,4.35,4.40,4.25,4.27,8451929,0
PLTR.US,D,20201225,000000,4.25,4.34,4.24,4.34,10494635,0
PLTR.US,D,20201228,000000,4.34,4.42,4.34,4.40,19812540,0
PLTR.US,D,20201228,000000,4.43,4.43,4.25,4.29,18800025,0
PLTR.US,D,20201228,000000,4.31,4.32,4.28,4.29,10617960,0
PLTR.US,D,20201229,000000,4.28,4.29,4.18,4.22,16199561,0
PLTR.US,D,20201230,000000,4.22,4.23,4.13,4.15,10190267,0
PLTR.US,D,20201231,000000,4.16,4.17,4.09,4.09,10364412,0
PLTR.US,D,20210101,000000,4.11,4.13,3.99,4.02,17062008,0
PLTR.US,D,20210104,000000,4.02,4.04,4.01,4.02,8305254,0
PLTR.US,D,20210104,000000,4.02,4.02,3.94,3.97,22170939,0
PLTR.US,D,20210104,000000,3.96,4.07,3.96,4.04,18649819,0
PLTR.US,D,20210105,000000,4.04,4.10,4.03,4.08,18006301,0
PLTR.US,D,20210106,000000,4.04,4.13,4.00,4.09,17638509,0
PLTR.US,D,20210107,000000,4.12,4.13,4.08,4.09,16612668,0
PLTR.US,D,20210108,000000,4.11,4.17,4.10,4.16,8105619,0
PLTR.US,D,20210111,000000,4.15,4.22,4.13,4.21,13708655,0
PLTR.US,D,20210111,000000,4.18,4.32,4.13,4.30,9741260,0
PLTR.US,D,20210111,000000,4.32,4.34,4.31,4.32,18548046,0
PLTR.US,D,20210112,000000,4.33,4.33,4.27,4.29,16848803,0
PLTR.US,D,20210113,000000,4.31,4.32,4.23,4.24,22499195,0
PLTR.US,D,20210114,000000,4.23,4.28,4.22,4.27,8476510,0
PLTR.US,D,20210115,000000,4.29,4.30,4.14,4.16,10967365,0
PLTR.US,D,20210118,000000,4.14,4.15,4.11,4.11,16275676,0
PLTR.US,D,20210118,000000,4.14,4.15,4.12,4.13,13843989,0
PLTR.US,D,20210118,000000,4.15,4.15,4.14,4.14,10759699,0
PLTR.US,D,20210119,000000,4.16,4.16,4.02,4.06,17266383,0
PLTR.US,D,20210120,000000,4.09,4.14,4.09,4.12,10718426,0
PLTR.US,D,20210121,000000,4.12,4.29,4.09,4.25,9899685,0
PLTR.US,D,20210122,000000,4.27,4.37,4.25,4.34,19175784,0
PLTR.US,D,20210125,000000,4.35,4.35,4.33,4.34,19926993,0
PLTR.US,D,20210125,000000,4.32,4.41,4.31,4.38,16265653,0
PLTR.US,D,20210125,000000,4.36,4.40,4.35,4.39,12287850,0
PLTR.US,D,20210126,000000,4.39,4.39,4.35,4.36,17531072,0
PLTR.US,D,20210127,000000,4.35,4.36,4.35,4.36,19469484,0
PLTR.US,D,20210128,000000,4.35,4.36,4.33,4.33,17259733,0
PLTR.US,D,20210129,000000,4.32,4.33,4.25,4.26,21207526,0
PLTR.US,D,20210201,000000,4.25,4.35,4.23,4.31,15807620,0
PLTR.US,D,20210201,000000,4.32,4.39,4.31,4.38,16818396,0
PLTR.US,D,20210201,000000,4.37,4.43,4.37,4.42,20348659,0
PLTR.US,D,20210202,000000,4.43,4.44,4.35,4.37,15728484,0
PLTR.US,D,20210203,000000,4.38,4.38,4.38,4.38,11789889,0
PLTR.US,D,20210204,000000,4.36,4.39,4.29,4.32,15451336,0
PLTR.US,D,20210205,000000,4.32,4.33,4.32,4.32,10558282,0
PLTR.US,D,20210208,000000,4.32,4.33,4.32,4.33,8289042,0
PLTR.US,D,20210208,000000,4.32,4.33,4.29,4.29,19487598,0
PLTR.US,D,20210208,000000,4.29,4.30,4.29,4.30,20769352,0
PLTR.US,D,20210209,000000,4.29,4.30,4.28,4.30,8355501,0
PLTR.US,D,20210210,000000,4.31,4.32,4.29,4.29,22298928,0
PLTR.US,D,20210211,000000,4.30,4.36,4.29,4.34,21936342,0
PLTR.US,D,20210212,000000,4.33,4.35,4.33,4.34,22353503,0
PLTR.US,D,20210215,000000,4.34,4.34,4.31,4.31,15902825,0
PLTR.US,D,20210215,000000,4.30,4.31,4.25,4.26,19207268,0
PLTR.US,D,20210215,000000,4.25,4.27,4.24,4.27,7958308,0
PLTR.US,D,20210216,000000,4.28,4.28,4.26,4.26,21273813,0
PLTR.US,D,20210217,000000,4.26,4.27,4.26,4.27,12895209,0
PLTR.US,D,20210218,000000,4.28,4.29,4.21,4.22,9078374,0
PLTR.US,D,20210219,000000,4.22,4.25,4.20,4.23,16888191,0
PLTR.US,D,20210222,000000,4.23,4.23,4.17,4.20,16746790,0
PLTR.US,D,20210222,000000,4.20,4.20,4.14,4.16,9532782,0
PLTR.US,D,20210222,000000,4.16,4.30,4.13,4.27,15362247,0
PLTR.US,D,20210223,000000,4.29,4.30,4.23,4.23,20178175,0
PLTR.US,D,20210224,000000,4.24,4.25,4.22,4.23,20259963,0
PLTR.US,D,20210225,000000,4.23,4.29,4.21,4.28,15651021,0
PLTR.US,D,20210226,000000,4.28,4.34,4.27,4.32,21945211,0
PLTR.US,D,20210301,000000,4.33,4.35,4.33,4.35,12174142,0
PLTR.US,D,20210301,000000,4.35,4.39,4.34,4.38,20512764,0
PLTR.US,D,20210301,000000,4.39,4.39,4.39,4.39,10021327,0
PLTR.US,D,20210302,000000,4.39,4.39,4.36,4.37,13591238,0
PLTR.US,D,20210303,000000,4.37,4.40,4.36,4.39,16581038,0
PLTR.US,D,20210304,000000,4.39,4.39,4.39,4.39,17150485,0
PLTR.US,D,20210305,000000,4.39,4.43,4.39,4.43,11640069,0
PLTR.US,D,20210308,000000,4.44,4.47,4.43,4.47,15021306,0
PLTR.US,D,20210308,000000,4.47,4.47,4.47,4.47,15714143,0
PLTR.US,D,20210308,000000,4.47,4.48,4.46,4.48,22258745,0
PLTR.US,D,20210309,000000,4.48,4.50,4.47,4.49,10209263,0
PLTR.US,D,20210310,000000,4.48,4.49,4.48,4.49,20092137,0
PLTR.US,D,20210311,000000,4.48,4.49,4.45,4.46,10897125,0
PLTR.US,D,20210312,000000,4.46,4.49,4.46,4.49,7986358,0
PLTR.US,D,20210315,000000,4.49,4.52,4.49,4.52,13272666,0
PLTR.US,D,20210315,000000,4.53,4.54,4.50,4.51,20973333,0
PLTR.US,D,20210315,000000,4.51,4.51,4.51,4.51,7864152,0
PLTR.US,D,20210316,000000,4.52,4.52,4.39,4.45,12046546,0
PLTR.US,D,20210317,000000,4.47,4.48,4.47,4.48,17102466,0
PLTR.US,D,20210318,000000,4.47,4.47,4.46,4.46,12168008,0
PLTR.US,D,20210319,000000,4.46,4.46,4.40,4.43,7594089,0
PLTR.US,D,20210322,000000,4.42,4.45,4.37,4.39,20268582,0
PLTR.US,D,20210322,000000,4.38,4.39,4.37,4.38,19376267,0
PLTR.US,D,20210322,000000,4.37,4.38,4.34,4.34,12001141,0
PLTR.US,D,20210323,000000,4.38,4.38,4.18,4.23,12920693,0
PLTR.US,D,20210324,000000,4.24,4.27,4.15,4.19,22249507,0
PLTR.US,D,20210325,000000,4.17,4.18,4.16,4.17,18830234,0
PLTR.US,D,20210326,000000,4.19,4.20,4.08,4.12,17547467,0
PLTR.US,D,20210329,000000,4.09,4.12,4.09,4.10,18019578,0
PLTR.US,D,20210329,000000,4.08,4.08,4.06,4.08,12075578,0
PLTR.US,D,20210329,000000,4.11,4.16,4.10,4.13,20336540,0
PLTR.US,D,20210330,000000,4.16,4.16,4.14,4.14,15011332,0
PLTR.US,D,20210331,000000,4.13,4.18,4.01,4.02,22171175,0
PLTR.US,D,20210401,000000,4.03,4.03,3.97,3.99,12717530,0
PLTR.US,D,20210402,000000,4.00,4.01,3.99,4.00,15603702,0
PLTR.US,D,20210405,000000,3.98,3.99,3.94,3.96,7654649,0
PLTR.US,D,20210405,000000,3.97,3.97,3.95,3.96,14474640,0
PLTR.US,D,20210405,000000,3.92,4.11,3.85,4.06,22132537,0
PLTR.US,D,20210406,000000,4.01,4.01,3.98,3.99,20607771,0
PLTR.US,D,20210407,000000,3.95,3.97,3.89,3.90,9407459,0
PLTR.US,D,20210408,000000,3.93,3.93,3.86,3.88,10849409,0
PLTR.US,D,20210409,000000,3.91,3.92,3.80,3.82,16365268,0
PLTR.US,D,20210412,000000,3.86,3.90,3.78,3.79,11137514,0
PLTR.US,D,20210412,000000,3.79,3.82,3.79,3.81,8705278,0
PLTR.US,D,20210412,000000,3.81,4.02,3.80,3.96,10888405,0
PLTR.US,D,20210413,000000,3.96,3.97,3.95,3.96,7609486,0
PLTR.US,D,20210414,000000,3.94,3.97,3.93,3.96,10126779,0
PLTR.US,D,20210415,000000,3.97,4.04,3.96,4.02,11916998,0
PLTR.US,D,20210416,000000,3.99,3.99,3.94,3.94,19878465,0
PLTR.US,D,20210419,000000,3.92,3.92,3.92,3.92,9894628,0
PLTR.US,D,20210419,000000,3.95,3.95,3.92,3.93,15497175,0
PLTR.US,D,20210419,000000,3.91,3.95,3.91,3.94,8432364,0
PLTR.US,D,20210420,000000,3.94,3.94,3.80,3.82,16977638,0
PLTR.US,D,20210421,000000,3.79,3.83,3.76,3.83,15609811,0
PLTR.US,D,20210422,000000,3.84,4.09,3.80,4.00,21438365,0
PLTR.US,D,20210423,000000,4.00,4.07,3.98,4.03,20399546,0
PLTR.US,D,20210426,000000,4.05,4.11,4.05,4.10,15259373,0
PLTR.US,D,20210426,000000,4.12,4.12,4.12,4.12,10956880,0
PLTR.US,D,20210426,000000,4.13,4.22,4.10,4.20,11570713,0
PLTR.US,D,20210427,000000,4.21,4.37,4.16,4.37,7990281,0
PLTR.US,D,20210428,000000,4.41,4.46,4.22,4.27,12924522,0
PLTR.US,D,20210429,000000,4.31,4.40,4.27,4.30,21706113,0
PLTR.US,D,20210430,000000,4.37,4.38,4.31,4.35,8905189,0
PLTR.US,D,20210503,000000,4.37,4.39,4.31,4.32,15473225,0
PLTR.US,D,20210503,000000,4.36,4.50,3.97,4.09,9601280,0
PLTR.US,D,20210503,000000,4.09,4.20,4.04,4.10,8813403,0
PLTR.US,D,20210504,000000,4.13,4.32,4.10,4.27,12301115,0
PLTR.US,D,20210505,000000,4.22,4.62,4.16,4.42,21207505,0
PLTR.US,D,20210506,000000,4.46,4.51,4.23,4.29,9937892,0
PLTR.US,D,20210507,000000,4.34,4.36,4.26,4.29,21167306,0
PLTR.US,D,20210510,000000,4.42,4.63,4.42,4.60,10738152,0
PLTR.US,D,20210510,000000,4.58,4.62,4.58,4.62,16354352,0
PLTR.US,D,20210510,000000,4.61,5.00,4.58,4.84,15269725,0
PLTR.US,D,20210511,000000,4.89,4.90,4.58,4.65,10962312,0
PLTR.US,D,20210512,000000,4.66,4.80,4.66,4.76,20477714,0
PLTR.US,D,20210513,000000,4.74,5.03,4.71,5.01,8987754,0
PLTR.US,D,20210514,000000,5.06,5.09,5.06,5.09,13441889,0
PLTR.US,D,20210517,000000,5.10,5.62,5.05,5.56,19682471,0
PLTR.US,D,20210517,000000,5.52,5.82,5.48,5.81,21736144,0
PLTR.US,D,20210517,000000,5.82,6.02,5.76,5.92,8751605,0
PLTR.US,D,20210518,000000,5.98,6.05,5.76,5.85,14211127,0
PLTR.US,D,20210519,000000,5.83,5.97,5.38,5.44,15050675,0
PLTR.US,D,20210520,000000,5.50,5.52,5.44,5.47,19458456,0
PLTR.US,D,20210521,000000,5.45,5.47,5.21,5.26,10874920,0
PLTR.US,D,20210524,000000,5.25,5.26,5.19,5.19,8760949,0
PLTR.US,D,20210524,000000,5.19,5.25,4.91,5.03,11584952,0
PLTR.US,D,20210524,000000,5.05,5.10,4.99,5.03,17901532,0
PLTR.US,D,20210525,000000,4.99,5.10,4.97,5.09,19757444,0
PLTR.US,D,20210526,000000,5.05,5.16,5.04,5.12,18356780,0
PLTR.US,D,20210527,000000,5.10,5.30,5.07,5.28,10725414,0
PLTR.US,D,20210528,000000,5.22,5.46,5.21,5.44,17920925,0
PLTR.US,D,20210531,000000,5.43,5.67,5.39,5.62,21397616,0
PLTR.US,D,20210531,000000,5.60,5.91,5.56,5.82,13071940,0
PLTR.US,D,20210531,000000,5.80,5.87,5.80,5.85,15830079,0
PLTR.US,D,20210601,000000,5.83,5.96,5.83,5.95,12136017,0
PLTR.US,D,20210602,000000,5.86,5.97,5.86,5.97,15744249,0
PLTR.US,D,20210603,000000,6.02,6.04,5.76,5.77,17488315,0
PLTR.US,D,20210604,000000,5.75,6.00,5.74,5.90,15903037,0
PLTR.US,D,20210607,000000,5.91,6.01,5.87,6.01,12099092,0
PLTR.US,D,20210607,000000,6.01,6.12,6.00,6.11,17357485,0
PLTR.US,D,20210607,000000,6.10,6.11,6.04,6.05,12151291,0
PLTR.US,D,20210608,000000,5.98,6.01,5.97,5.99,19110040,0
PLTR.US,D,20210609,000000,6.02,6.19,5.99,6.12,17605098,0
PLTR.US,D,20210610,000000,6.08,6.35,6.07,6.33,19601196,0
PLTR.US,D,20210611,000000,6.30,6.32,6.28,6.32,9837159,0
PLTR.US,D,20210614,000000,6.36,6.40,6.19,6.22,9074416,0
PLTR.US,D,20210614,000000,6.24,6.27,5.94,6.07,14048645,0
PLTR.US,D,20210614,000000,6.03,6.05,5.91,5.92,17511926,0
PLTR.US,D,20210615,000000,5.90,6.12,5.90,6.07,10507573,0
PLTR.US,D,20210616,000000,6.08,6.34,5.95,6.29,9732529,0
PLTR.US,D,20210617,000000,6.28,6.58,6.21,6.56,8510284,0
PLTR.US,D,20210618,000000,6.58,6.77,6.55,6.74,22355197,0
PLTR.US,D,20210621,000000,6.72,6.84,6.72,6.82,8305641,0
PLTR.US,D,20210621,000000,6.83,6.87,6.83,6.85,19902783,0
PLTR.US,D,20210621,000000,6.86,6.89,6.56,6.61,8824210,0
PLTR.US,D,20210622,000000,6.62,6.86,6.59,6.81,12168975,0
PLTR.US,D,20210623,000000,6.85,6.92,6.82,6.88,17827180,0
PLTR.US,D,20210624,000000,6.90,7.14,6.89,7.13,16784574,0
PLTR.US,D,20210625,000000,7.10,7.30,7.04,7.25,15556216,0
PLTR.US,D,20210628,000000,7.27,7.27,7.23,7.25,15889943,0
PLTR.US,D,20210628,000000,7.32,7.34,7.05,7.08,17921934,0
PLTR.US,D,20210628,000000,7.10,7.44,7.06,7.44,16277053,0
PLTR.US,D,20210629,000000,7.46,7.46,7.33,7.34,17043194,0
PLTR.US,D,20210630,000000,7.35,7.35,7.16,7.18,11929591,0
PLTR.US,D,20210701,000000,7.05,7.11,6.93,6.93,21883540,0
PLTR.US,D,20210702,000000,6.91,6.91,6.80,6.83,12388603,0
PLTR.US,D,20210705,000000,6.79,6.84,6.72,6.77,8103387,0
PLTR.US,D,20210705,000000,6.79,6.79,6.73,6.73,15606123,0
PLTR.US,D,20210705,000000,6.78,6.83,6.73,6.74,9533174,0
PLTR.US,D,20210706,000000,6.71,6.74,6.69,6.71,10423739,0
PLTR.US,D,20210707,000000,6.77,6.77,6.59,6.64,17382297,0
PLTR.US,D,20210708,000000,6.59,6.64,6.58,6.64,12293188,0
PLTR.US,D,20210709,000000,6.65,6.73,6.61,6.72,9728098,0
PLTR.US,D,20210712,000000,6.71,6.73,6.58,6.65,17791534,0
PLTR.US,D,20210712,000000,6.66,6.71,6.46,6.49,13002842,0
PLTR.US,D,20210712,000000,6.40,6.57,6.36,6.57,14484926,0
PLTR.US,D,20210713,000000,6.55,6.57,6.36,6.39,16974313,0
PLTR.US,D,20210714,000000,6.36,6.38,6.25,6.27,14037589,0
PLTR.US,D,20210715,000000,6.27,6.35,6.26,6.32,9949269,0
PLTR.US,D,20210716,000000,6.32,6.38,6.31,6.38,12236082,0
PLTR.US,D,20210719,000000,6.36,6.54,6.35,6.46,16123331,0
PLTR.US,D,20210719,000000,6.47,6.54,6.23,6.28,12100175,0
PLTR.US,D,20210719,000000,6.24,6.26,6.24,6.26,12737589,0
PLTR.US,D,20210720,000000,6.28,6.28,6.26,6.26,21019352,0
PLTR.US,D,20210721,000000,6.22,6.34,6.17,6.32,7818804,0
PLTR.US,D,20210722,000000,6.34,6.35,6.29,6.30,10962407,0
PLTR.US,D,20210723,000000,6.33,6.40,6.32,6.37,7748117,0
PLTR.US,D,20210726,000000,6.38,6.38,6.26,6.28,19912135,0
PLTR.US,D,20210726,000000,6.26,6.32,6.24,6.27,10387520,0
PLTR.US,D,20210726,000000,6.22,6.25,6.13,6.14,11241125,0
PLTR.US,D,20210727,000000,6.13,6.14,6.04,6.06,21382276,0
PLTR.US,D,20210728,000000,6.06,6.14,6.05,6.13,10257590,0
PLTR.US,D,20210729,000000,6.14,6.14,6.12,6.12,12469987,0
PLTR.US,D,20210730,000000,6.15,6.15,6.10,6.11,7699212,0
PLTR.US,D,20210802,000000,6.07,6.08,6.02,6.03,12246440,0
PLTR.US,D,20210802,000000,6.04,6.04,5.91,5.96,13823040,0
PLTR.US,D,20210802,000000,5.96,6.06,5.94,6.01,12539792,0
PLTR.US,D,20210803,000000,6.05,6.05,5.95,5.97,20963714,0
PLTR.US,D,20210804,000000,5.98,6.01,5.77,5.85,12292135,0
PLTR.US,D,20210805,000000,5.83,5.95,5.79,5.87,9337882,0
PLTR.US,D,20210806,000000,5.85,5.99,5.80,5.95,12255357,0
PLTR.US,D,20210809,000000,5.96,6.03,5.96,6.01,10598408,0
PLTR.US,D,20210809,000000,6.00,6.00,6.00,6.00,13800821,0
PLTR.US,D,20210809,000000,6.00,6.01,6.00,6.01,7511105,0
PLTR.US,D,20210810,000000,6.00,6.02,5.94,5.96,21837260,0
PLTR.US,D,20210811,000000,5.97,5.97,5.96,5.96,18558109,0
PLTR.US,D,20210812,000000,5.95,6.00,5.93,5.98,17288965,0
PLTR.US,D,20210813,000000,5.97,6.06,5.95,6.06,19848318,0
PLTR.US,D,20210816,000000,6.05,6.07,6.05,6.07,15882119,0
PLTR.US,D,20210816,000000,6.06,6.10,6.06,6.08,12338007,0
PLTR.US,D,20210816,000000,6.07,6.25,6.07,6.17,18304290,0
PLTR.US,D,20210817,000000,6.17,6.19,6.17,6.19,12011386,0
PLTR.US,D,20210818,000000,6.19,6.21,6.15,6.16,21653992,0
PLTR.US,D,20210819,000000,6.15,6.16,6.14,6.16,9318653,0
PLTR.US,D,20210820,000000,6.16,6.17,6.10,6.12,18517068,0
PLTR.US,D,20210823,000000,6.14,6.17,6.13,6.15,11980548,0
PLTR.US,D,20210823,000000,6.13,6.33,6.11,6.22,10021788,0
PLTR.US,D,20210823,000000,6.21,6.22,6.14,6.17,9488516,0
PLTR.US,D,20210824,000000,6.20,6.21,6.19,6.21,9790858,0
PLTR.US,D,20210825,000000,6.16,6.18,6.01,6.03,13687935,0
PLTR.US,D,20210826,000000,6.06,6.10,6.04,6.10,9206247,0
PLTR.US,D,20210827,000000,6.13,6.17,6.13,6.17,20974784,0
PLTR.US,D,20210830,000000,6.18,6.18,6.14,6.14,19879229,0
PLTR.US,D,20210830,000000,6.13,6.14,6.10,6.11,16471755,0
PLTR.US,D,20210830,000000,6.13,6.20,6.09,6.16,17276706,0
PLTR.US,D,20210831,000000,6.14,6.15,6.14,6.15,9974820,0
PLTR.US,D,20210901,000000,6.16,6.17,6.07,6.08,10799814,0
PLTR.US,D,20210902,000000,6.10,6.11,6.05,6.07,12350846,0
PLTR.US,D,20210903,000000,6.13,6.19,5.94,6.03,19653203,0
PLTR.US,D,20210906,000000,6.05,6.08,6.04,6.07,9673863,0
PLTR.US,D,20210906,000000,6.05,6.08,6.05,6.07,22312108,0
PLTR.US,D,20210906,000000,6.17,6.26,6.14,6.23,9362644,0
PLTR.US,D,20210907,000000,6.28,6.29,6.17,6.22,10188067,0
PLTR.US,D,20210908,000000,6.22,6.22,6.19,6.19,11444130,0
PLTR.US,D,20210909,000000,6.18,6.25,6.16,6.24,19904778,0
PLTR.US,D,20210910,000000,6.20,6.34,6.20,6.29,14708350,0
PLTR.US,D,20210913,000000,6.29,6.32,6.03,6.16,15841358,0
PLTR.US,D,20210913,000000,6.15,6.23,6.14,6.18,21673756,0
PLTR.US,D,20210913,000000,6.20,6.22,6.16,6.16,18831332,0
PLTR.US,D,20210914,000000,6.18,6.21,6.18,6.19,19496461,0
PLTR.US,D,20210915,000000,6.17,6.23,6.16,6.19,8337372,0
PLTR.US,D,20210916,000000,6.19,6.20,6.06,6.12,17865863,0
PLTR.US,D,20210917,000000,6.18,6.20,6.09,6.09,13761599,0
PLTR.US,D,20210920,000000,6.12,6.12,6.12,6.12,7608347,0
PLTR.US,D,20210920,000000,6.11,6.12,5.98,6.02,10395613,0
PLTR.US,D,20210920,000000,6.01,6.01,5.87,5.89,14044372,0
PLTR.US,D,20210921,000000,5.86,6.11,5.86,6.01,13185551,0
PLTR.US,D,20210922,000000,5.95,5.98,5.95,5.98,18299157,0
PLTR.US,D,20210923,000000,6.00,6.01,5.77,5.82,9969579,0
PLTR.US,D,20210924,000000,5.80,5.83,5.65,5.70,18099599,0
PLTR.US,D,20210927,000000,5.68,5.69,5.66,5.66,20424014,0
PLTR.US,D,20210927,000000,5.67,5.74,5.66,5.73,16162698,0
PLTR.US,D,20210927,000000,5.72,5.86,5.67,5.80,7752178,0
PLTR.US,D,20210928,000000,5.81,5.82,5.80,5.80,19296800,0
PLTR.US,D,20210929,000000,5.82,5.83,5.71,5.74,19405646,0
PLTR.US,D,20210930,000000,5.74,5.75,5.66,5.67,18581387,0
PLTR.US,D,20211001,000000,5.66,5.76,5.64,5.74,17446370,0
PLTR.US,D,20211004,000000,5.76,5.85,5.75,5.82,11999070,0
PLTR.US,D,20211004,000000,5.83,5.85,5.81,5.82,9294533,0
PLTR.US,D,20211004,000000,5.81,5.81,5.80,5.81,10804782,0
PLTR.US,D,20211005,000000,5.80,5.80,5.75,5.75,8118584,0
PLTR.US,D,20211006,000000,5.76,5.77,5.67,5.67,21125671,0
PLTR.US,D,20211007,000000,5.67,5.71,5.67,5.70,17734013,0
PLTR.US,D,20211008,000000,5.67,5.69,5.56,5.58,10802074,0
PLTR.US,D,20211011,000000,5.57,5.76,5.52,5.72,8613559,0
PLTR.US,D,20211011,000000,5.73,5.79,5.59,5.61,12611055,0
PLTR.US,D,20211011,000000,5.55,5.58,5.53,5.57,10746016,0
PLTR.US,D,20211012,000000,5.57,5.58,5.35,5.38,9798582,0
