<TICKER>,<PER>,<DATE>,<TIME>,<OPEN>,<HIGH>,<LOW>,<CLOSE>,<VOL>,<OPENINT>
QCOM.US,D,20180102,000000,148.29,151.62,146.31,150.80,2843640,0
QCOM.US,D,20180103,000000,150.62,151.07,148.05,149.04,2746243,0
QCOM.US,D,20180104,000000,147.72,148.14,145.95,146.57,2253477,0
QCOM.US,D,20180105,000000,146.75,153.14,146.72,151.00,2020991,0
QCOM.US,D,20180108,000000,152.13,153.29,147.58,147.59,4440314,0
QCOM.US,D,20180108,000000,147.73,150.09,147.61,149.27,2176233,0
QCOM.US,D,20180108,000000,149.51,149.99,148.20,148.24,4331089,0
QCOM.US,D,20180109,000000,149.45,149.48,149.38,149.43,4035353,0
QCOM.US,D,20180110,000000,149.21,150.60,148.88,150.49,2227992,0
QCOM.US,D,20180111,000000,150.35,151.20,150.05,150.89,2531477,0
QCOM.US,D,20180112,000000,150.98,154.61,150.24,153.68,2164980,0
QCOM.US,D,20180115,000000,153.96,153.99,150.03,151.40,2596814,0
QCOM.US,D,20180115,000000,150.71,151.25,149.11,149.82,5790765,0
QCOM.US,D,20180115,000000,149.08,149.15,148.74,148.86,5598590,0
QCOM.US,D,20180116,000000,148.16,148.18,147.79,147.95,2951035,0
QCOM.US,D,20180117,000000,148.48,148.59,147.69,147.75,2180767,0
QCOM.US,D,20180118,000000,147.62,147.94,146.38,146.99,4518819,0
QCOM.US,D,20180119,000000,146.73,146.99,145.72,145.88,3315878,0
QCOM.US,D,20180122,000000,145.92,146.70,145.76,146.36,3720788,0
QCOM.US,D,20180122,000000,146.17,146.21,145.13,145.22,5814832,0
QCOM.US,D,20180122,000000,145.18,145.77,145.00,145.43,2542625,0
QCOM.US,D,20180123,000000,145.25,146.25,144.87,146.15,3020340,0
QCOM.US,D,20180124,000000,146.16,146.99,146.01,146.87,3703011,0
QCOM.US,D,20180125,000000,147.20,148.07,147.09,147.94,3909945,0
QCOM.US,D,20180126,000000,147.54,147.79,147.19,147.42,2872548,0
QCOM.US,D,20180129,000000,146.93,147.15,145.48,145.77,2498212,0
QCOM.US,D,20180129,000000,146.27,146.31,146.04,146.13,2895590,0
QCOM.US,D,20180129,000000,146.01,148.69,145.98,147.94,4694317,0
QCOM.US,D,20180130,000000,147.04,150.71,146.41,150.65,2747454,0
QCOM.US,D,20180131,000000,150.74,154.60,149.55,153.55,3570636,0
QCOM.US,D,20180201,000000,152.79,154.33,152.76,153.88,5395351,0
QCOM.US,D,20180202,000000,153.29,155.09,153.11,154.57,5515519,0
QCOM.US,D,20180205,000000,154.55,155.74,154.51,155.24,3443163,0
QCOM.US,D,20180205,000000,155.55,156.38,154.18,154.50,5083039,0
QCOM.US,D,20180205,000000,154.18,154.73,152.35,152.62,3001797,0
QCOM.US,D,20180206,000000,152.77,152.83,152.27,152.32,4143876,0
QCOM.US,D,20180207,000000,153.51,153.82,147.06,148.34,2509840,0
QCOM.US,D,20180208,000000,148.49,153.45,148.23,151.63,4102379,0
QCOM.US,D,20180209,000000,151.75,156.20,151.48,155.91,2713285,0
QCOM.US,D,20180212,000000,156.53,156.60,154.57,154.67,2808052,0
QCOM.US,D,20180212,000000,154.32,155.41,150.02,151.59,2582180,0
QCOM.US,D,20180212,000000,151.49,156.06,142.82,143.23,4765791,0
QCOM.US,D,20180213,000000,141.43,151.42,139.37,148.52,2182076,0
QCOM.US,D,20180214,000000,149.80,150.11,146.52,146.79,4391941,0
QCOM.US,D,20180215,000000,147.89,148.44,143.83,143.98,2038318,0
QCOM.US,D,20180216,000000,144.94,146.72,144.71,146.72,4760315,0
QCOM.US,D,20180219,000000,148.33,150.60,147.68,150.04,5494785,0
QCOM.US,D,20180219,000000,154.49,157.37,146.03,149.11,4004972,0
QCOM.US,D,20180219,000000,149.00,150.07,148.99,149.78,3208569,0
QCOM.US,D,20180220,000000,147.97,148.34,147.10,147.19,2803210,0
QCOM.US,D,20180221,000000,147.32,147.57,145.94,147.00,4378809,0
QCOM.US,D,20180222,000000,148.22,151.71,147.78,151.58,3803346,0
QCOM.US,D,20180223,000000,151.54,152.32,151.38,151.91,2388960,0
QCOM.US,D,20180226,000000,150.90,152.93,148.75,152.51,5000280,0
QCOM.US,D,20180226,000000,152.31,154.29,151.84,153.04,5662727,0
QCOM.US,D,20180226,000000,152.77,153.82,149.08,149.11,4341239,0
QCOM.US,D,20180227,000000,149.75,150.25,149.34,149.42,5395085,0
QCOM.US,D,20180228,000000,149.60,152.22,148.87,151.72,4603291,0
QCOM.US,D,20180301,000000,151.46,151.80,145.58,147.75,3772105,0
QCOM.US,D,20180302,000000,148.11,151.43,147.77,150.10,3892735,0
QCOM.US,D,20180305,000000,151.24,151.89,151.20,151.51,5798101,0
QCOM.US,D,20180305,000000,150.89,157.10,150.45,156.38,3446091,0
QCOM.US,D,20180305,000000,157.37,158.25,156.88,158.12,3254337,0
QCOM.US,D,20180306,000000,157.32,163.69,155.60,162.84,3607315,0
QCOM.US,D,20180307,000000,163.33,163.76,161.45,161.87,4508796,0
QCOM.US,D,20180308,000000,161.16,163.85,160.71,163.17,3415362,0
QCOM.US,D,20180309,000000,164.02,164.08,161.05,161.63,2773219,0
QCOM.US,D,20180312,000000,161.34,163.44,161.15,162.88,4389881,0
QCOM.US,D,20180312,000000,162.21,167.18,161.42,165.83,5366563,0
QCOM.US,D,20180312,000000,165.52,165.57,165.43,165.49,5003051,0
QCOM.US,D,20180313,000000,165.96,166.45,165.75,166.26,3980308,0
QCOM.US,D,20180314,000000,166.61,167.50,162.73,162.86,3150605,0
QCOM.US,D,20180315,000000,162.88,163.07,160.75,160.98,2567306,0
QCOM.US,D,20180316,000000,161.47,163.83,159.10,159.14,5857602,0
QCOM.US,D,20180319,000000,159.78,160.39,159.77,160.05,5923248,0
QCOM.US,D,20180319,000000,159.88,160.76,159.69,160.58,3131451,0
QCOM.US,D,20180319,000000,160.19,161.11,160.12,161.09,3148050,0
QCOM.US,D,20180320,000000,160.61,161.33,160.61,161.10,4875685,0
QCOM.US,D,20180321,000000,160.93,161.12,160.27,160.50,3368640,0
QCOM.US,D,20180322,000000,160.22,160.35,157.90,158.90,2596638,0
QCOM.US,D,20180323,000000,159.48,159.51,157.77,158.08,5598512,0
QCOM.US,D,20180326,000000,157.82,160.12,157.40,158.89,5125728,0
QCOM.US,D,20180326,000000,159.01,161.64,157.75,160.97,2584141,0
QCOM.US,D,20180326,000000,162.22,162.60,160.12,160.43,4103110,0
QCOM.US,D,20180327,000000,160.27,162.89,159.95,162.78,2353712,0
QCOM.US,D,20180328,000000,162.34,163.42,158.14,158.77,2766663,0
QCOM.US,D,20180329,000000,157.29,159.97,156.66,159.31,2769162,0
QCOM.US,D,20180330,000000,159.75,164.39,159.56,163.82,5888416,0
QCOM.US,D,20180402,000000,163.31,164.54,163.29,164.40,4185787,0
QCOM.US,D,20180402,000000,163.13,172.02,162.29,171.12,2661178,0
QCOM.US,D,20180402,000000,169.32,170.66,169.24,170.43,4512034,0
QCOM.US,D,20180403,000000,170.29,171.84,166.96,167.88,3778124,0
QCOM.US,D,20180404,000000,166.63,170.81,166.07,169.74,3053317,0
QCOM.US,D,20180405,000000,168.03,170.01,167.62,169.55,3479471,0
QCOM.US,D,20180406,000000,169.07,169.58,167.91,168.28,3666382,0
QCOM.US,D,20180409,000000,168.49,168.97,167.31,167.57,5887245,0
QCOM.US,D,20180409,000000,167.34,168.11,166.30,166.79,2566948,0
QCOM.US,D,20180409,000000,166.95,167.21,165.40,165.79,4916984,0
QCOM.US,D,20180410,000000,165.95,166.01,164.22,165.16,2731677,0
QCOM.US,D,20180411,000000,164.43,164.47,162.47,163.06,2378601,0
QCOM.US,D,20180412,000000,162.20,162.38,161.56,161.60,5435329,0
QCOM.US,D,20180413,000000,161.84,163.76,161.15,162.67,3988360,0
QCOM.US,D,20180416,000000,163.57,163.59,161.62,162.13,5646692,0
QCOM.US,D,20180416,000000,162.03,163.33,161.90,162.88,2221695,0
QCOM.US,D,20180416,000000,162.65,162.75,161.83,162.18,3525153,0
QCOM.US,D,20180417,000000,161.79,162.15,161.38,161.42,5274406,0
QCOM.US,D,20180418,000000,161.36,162.46,161.25,161.62,4966983,0
QCOM.US,D,20180419,000000,161.41,163.49,160.79,163.31,5584044,0
QCOM.US,D,20180420,000000,163.82,164.21,163.79,164.16,5852526,0
QCOM.US,D,20180423,000000,165.24,166.53,160.34,161.39,2381586,0
QCOM.US,D,20180423,000000,161.35,161.56,159.52,160.05,4404256,0
QCOM.US,D,20180423,000000,159.78,160.29,159.69,160.12,3389175,0
QCOM.US,D,20180424,000000,159.54,161.04,157.60,157.66,3315527,0
QCOM.US,D,20180425,000000,157.27,159.67,157.26,159.41,5030283,0
QCOM.US,D,20180426,000000,159.86,160.02,159.72,159.91,3135005,0
QCOM.US,D,20180427,000000,160.43,164.19,160.32,162.91,5851211,0
QCOM.US,D,20180430,000000,163.03,163.17,158.99,159.96,3092707,0
QCOM.US,D,20180430,000000,160.66,161.24,155.42,156.71,2612145,0
QCOM.US,D,20180430,000000,156.88,157.04,156.24,156.42,5251230,0
QCOM.US,D,20180501,000000,156.82,156.96,156.33,156.39,4902173,0
QCOM.US,D,20180502,000000,156.26,159.35,156.07,157.63,4562576,0
QCOM.US,D,20180503,000000,156.59,157.43,150.94,152.03,4246134,0
QCOM.US,D,20180504,000000,152.04,152.19,151.44,151.56,2907714,0
QCOM.US,D,20180507,000000,151.55,154.50,151.43,153.81,4417930,0
QCOM.US,D,20180507,000000,155.37,157.43,154.81,156.93,4030811,0
QCOM.US,D,20180507,000000,157.53,158.58,157.33,158.05,9245632,0
QCOM.US,D,20180508,000000,157.49,161.50,156.19,160.75,5420261,0
QCOM.US,D,20180509,000000,162.76,163.32,162.01,163.11,8657763,0
QCOM.US,D,20180510,000000,164.67,167.31,164.18,165.50,10466798,0
QCOM.US,D,20180511,000000,164.11,168.94,162.57,168.71,5419509,0
QCOM.US,D,20180514,000000,166.74,175.81,164.55,172.40,11392983,0
QCOM.US,D,20180514,000000,174.07,176.18,173.72,175.80,11543836,0
QCOM.US,D,20180514,000000,176.42,181.84,173.58,179.17,10691470,0
QCOM.US,D,20180515,000000,179.07,181.37,178.79,181.01,10739237,0
QCOM.US,D,20180516,000000,181.68,187.61,180.04,186.48,6703012,0
QCOM.US,D,20180517,000000,183.13,191.52,181.89,190.35,13222887,0
QCOM.US,D,20180518,000000,185.99,196.06,185.82,194.01,10263654,0
QCOM.US,D,20180521,000000,191.81,200.69,188.31,200.13,10077879,0
QCOM.US,D,20180521,000000,200.82,209.36,199.42,206.62,12234672,0
QCOM.US,D,20180521,000000,207.16,214.83,204.98,212.51,15225917,0
QCOM.US,D,20180522,000000,215.80,219.04,213.60,218.60,15003764,0
QCOM.US,D,20180523,000000,218.79,229.25,217.88,224.35,12233386,0
QCOM.US,D,20180524,000000,223.07,238.18,217.94,232.18,8264688,0
QCOM.US,D,20180525,000000,238.66,240.18,238.54,239.14,12829888,0
QCOM.US,D,20180528,000000,236.89,246.26,234.89,245.97,14135509,0
QCOM.US,D,20180528,000000,240.63,255.72,230.05,254.28,8512975,0
QCOM.US,D,20180528,000000,254.83,262.22,254.59,260.80,14786365,0
QCOM.US,D,20180529,000000,258.92,269.83,256.97,269.39,18070659,0
QCOM.US,D,20180530,000000,273.14,282.16,269.22,277.22,6696999,0
QCOM.US,D,20180531,000000,277.03,295.38,274.94,288.66,9784907,0
QCOM.US,D,20180601,000000,287.38,305.85,286.28,299.03,13538170,0
QCOM.US,D,20180604,000000,299.02,312.22,295.15,308.08,14915873,0
QCOM.US,D,20180604,000000,302.26,322.47,301.78,318.56,7512019,0
QCOM.US,D,20180604,000000,314.51,336.60,309.23,330.95,20679709,0
QCOM.US,D,20180605,000000,326.69,332.61,317.58,322.43,5199765,0
QCOM.US,D,20180606,000000,321.38,341.46,318.09,340.49,3949203,0
QCOM.US,D,20180607,000000,341.18,347.05,339.62,346.46,2904956,0
QCOM.US,D,20180608,000000,348.05,350.83,347.53,350.67,4866482,0
QCOM.US,D,20180611,000000,355.75,356.60,330.03,337.44,4393344,0
QCOM.US,D,20180611,000000,339.74,352.37,316.88,327.08,2855619,0
QCOM.US,D,20180611,000000,327.69,331.52,304.59,315.32,2667707,0
QCOM.US,D,20180612,000000,317.30,322.44,288.77,295.01,3075209,0
QCOM.US,D,20180613,000000,295.68,306.93,294.60,306.59,5484930,0
QCOM.US,D,20180614,000000,311.35,312.91,275.57,287.32,3716375,0
QCOM.US,D,20180615,000000,295.65,297.29,292.57,293.35,2540953,0
QCOM.US,D,20180618,000000,294.04,304.81,289.96,300.46,4922272,0
QCOM.US,D,20180618,000000,292.28,296.46,280.94,281.81,2480644,0
QCOM.US,D,20180618,000000,278.57,279.46,265.27,269.94,3777139,0
QCOM.US,D,20180619,000000,269.50,270.91,268.41,270.47,3965274,0
QCOM.US,D,20180620,000000,270.59,289.73,268.67,287.54,5496998,0
QCOM.US,D,20180621,000000,281.31,297.88,277.39,296.28,4084797,0
QCOM.US,D,20180622,000000,290.84,339.30,290.29,323.64,3822085,0
QCOM.US,D,20180625,000000,320.69,327.83,293.04,298.88,4691816,0
QCOM.US,D,20180625,000000,302.83,325.02,302.12,320.55,4373086,0
QCOM.US,D,20180625,000000,315.65,327.74,315.57,326.61,5254384,0
QCOM.US,D,20180626,000000,324.94,351.20,322.44,343.31,5390474,0
QCOM.US,D,20180627,000000,335.85,341.12,316.35,316.78,3954388,0
QCOM.US,D,20180628,000000,326.76,332.20,325.48,331.26,2480392,0
QCOM.US,D,20180629,000000,329.00,355.40,328.93,339.65,5923556,0
QCOM.US,D,20180702,000000,336.10,349.23,301.78,309.65,4102248,0
QCOM.US,D,20180702,000000,315.79,318.40,299.30,303.51,4055169,0
QCOM.US,D,20180702,000000,300.04,324.94,290.29,319.38,4345241,0
QCOM.US,D,20180703,000000,313.46,335.97,306.75,334.98,4498885,0
QCOM.US,D,20180704,000000,335.90,337.38,325.73,327.62,3552255,0
QCOM.US,D,20180705,000000,332.95,336.21,331.30,335.78,3832814,0
QCOM.US,D,20180706,000000,339.86,348.97,288.66,298.10,3363625,0
QCOM.US,D,20180709,000000,308.58,310.99,291.19,300.14,3480405,0
QCOM.US,D,20180709,000000,302.61,326.76,301.85,325.36,3649105,0
QCOM.US,D,20180709,000000,328.24,348.16,327.25,345.58,4606331,0
QCOM.US,D,20180710,000000,346.37,394.78,343.31,377.18,5513920,0
QCOM.US,D,20180711,000000,376.99,388.24,375.78,382.69,3826673,0
QCOM.US,D,20180712,000000,382.15,383.07,360.69,367.85,4257606,0
QCOM.US,D,20180713,000000,381.06,382.92,327.42,335.42,5148492,0
QCOM.US,D,20180716,000000,335.25,382.77,332.47,375.43,4179434,0
QCOM.US,D,20180716,000000,376.26,422.83,363.97,411.34,5225080,0
QCOM.US,D,20180716,000000,402.36,404.21,394.84,399.85,3776525,0
QCOM.US,D,20180717,000000,403.37,411.76,378.66,384.23,4553130,0
QCOM.US,D,20180718,000000,385.16,388.18,371.47,372.44,2635179,0
QCOM.US,D,20180719,000000,376.81,429.40,278.13,292.68,5535277,0
QCOM.US,D,20180720,000000,297.37,297.78,273.08,278.78,3025264,0
QCOM.US,D,20180723,000000,274.68,275.64,268.11,269.36,2525229,0
QCOM.US,D,20180723,000000,256.86,297.63,250.74,289.75,3608136,0
QCOM.US,D,20180723,000000,289.47,299.29,233.32,254.56,5815710,0
QCOM.US,D,20180724,000000,257.69,265.69,237.81,240.64,5893396,0
QCOM.US,D,20180725,000000,235.72,238.30,230.63,231.66,3581182,0
QCOM.US,D,20180726,000000,223.14,231.79,221.08,230.20,3190387,0
QCOM.US,D,20180727,000000,224.15,224.40,222.32,223.15,3706442,0
QCOM.US,D,20180730,000000,220.08,226.01,202.39,209.25,5216102,0
QCOM.US,D,20180730,000000,206.65,230.72,206.05,229.02,4187280,0
QCOM.US,D,20180730,000000,230.35,244.27,229.33,236.67,5901462,0
QCOM.US,D,20180731,000000,233.50,235.65,203.23,212.38,2095682,0
QCOM.US,D,20180801,000000,216.90,217.86,196.18,204.54,4478606,0
QCOM.US,D,20180802,000000,198.49,214.76,196.62,212.34,3834759,0
QCOM.US,D,20180803,000000,215.67,226.79,215.29,222.37,2051833,0
QCOM.US,D,20180806,000000,220.86,229.39,219.22,225.70,4110442,0
QCOM.US,D,20180806,000000,222.44,224.65,205.72,209.93,4717042,0
QCOM.US,D,20180806,000000,211.28,214.12,210.99,214.06,5109944,0
QCOM.US,D,20180807,000000,210.14,213.66,199.12,204.23,4849868,0
QCOM.US,D,20180808,000000,206.05,231.05,202.25,228.89,2270360,0
QCOM.US,D,20180809,000000,225.13,235.81,224.92,230.54,2499861,0
QCOM.US,D,20180810,000000,232.09,248.00,223.68,241.22,4334673,0
QCOM.US,D,20180813,000000,232.41,233.55,225.29,225.99,5781745,0
QCOM.US,D,20180813,000000,224.28,224.79,212.34,213.04,5416437,0
QCOM.US,D,20180813,000000,213.90,214.85,200.88,206.97,4015714,0
QCOM.US,D,20180814,000000,209.04,210.83,208.64,210.54,4409734,0
QCOM.US,D,20180815,000000,215.04,228.89,211.25,226.04,4819300,0
QCOM.US,D,20180816,000000,233.39,233.83,207.88,208.79,4335902,0
QCOM.US,D,20180817,000000,212.57,241.99,210.37,236.91,4405893,0
QCOM.US,D,20180820,000000,236.59,237.37,231.93,232.64,3056322,0
QCOM.US,D,20180820,000000,234.30,236.77,220.97,228.16,4575746,0
QCOM.US,D,20180820,000000,226.28,231.73,221.13,221.19,2607992,0
QCOM.US,D,20180821,000000,216.24,237.41,214.42,224.18,4294326,0
QCOM.US,D,20180822,000000,225.53,233.10,225.35,231.87,5521783,0
QCOM.US,D,20180823,000000,231.58,232.67,228.15,229.72,2835861,0
QCOM.US,D,20180824,000000,234.44,250.11,232.75,245.04,3471297,0
QCOM.US,D,20180827,000000,245.10,249.02,186.58,208.70,2762505,0
QCOM.US,D,20180827,000000,207.56,213.69,204.54,213.09,4368717,0
QCOM.US,D,20180827,000000,213.65,214.59,211.78,211.99,5845217,0
QCOM.US,D,20180828,000000,213.00,233.16,212.91,230.68,3635219,0
QCOM.US,D,20180829,000000,227.55,232.28,204.56,207.04,5700473,0
QCOM.US,D,20180830,000000,218.92,219.27,214.55,215.35,3457358,0
QCOM.US,D,20180831,000000,212.46,225.14,208.12,220.76,3213871,0
QCOM.US,D,20180903,000000,221.27,237.51,220.26,236.21,4362886,0
QCOM.US,D,20180903,000000,230.89,233.26,221.44,222.01,5238896,0
QCOM.US,D,20180903,000000,218.01,223.29,215.69,221.79,3839685,0
QCOM.US,D,20180904,000000,215.34,216.68,209.74,212.05,3605434,0
QCOM.US,D,20180905,000000,207.35,214.53,197.63,213.16,4568060,0
QCOM.US,D,20180906,000000,211.32,227.37,207.83,226.14,4522664,0
QCOM.US,D,20180907,000000,226.58,228.19,215.61,215.88,3344542,0
QCOM.US,D,20180910,000000,216.67,245.97,216.18,235.10,4622288,0
QCOM.US,D,20180910,000000,234.09,240.16,233.35,239.59,3519046,0
QCOM.US,D,20180910,000000,243.55,251.73,223.73,229.24,3735186,0
QCOM.US,D,20180911,000000,231.53,233.89,215.22,217.57,4371772,0
QCOM.US,D,20180912,000000,215.46,216.91,214.96,216.62,5665376,0
QCOM.US,D,20180913,000000,220.63,222.87,212.85,214.32,5633428,0
QCOM.US,D,20180914,000000,219.31,222.90,202.56,205.89,3561378,0
QCOM.US,D,20180917,000000,197.54,242.93,183.58,227.89,2984415,0
QCOM.US,D,20180917,000000,231.71,253.16,204.38,218.57,5097538,0
QCOM.US,D,20180917,000000,230.38,235.95,214.14,217.81,2888622,0
QCOM.US,D,20180918,000000,219.30,226.09,201.57,204.79,2843823,0
QCOM.US,D,20180919,000000,199.47,208.02,198.88,206.01,5638859,0
QCOM.US,D,20180920,000000,201.61,230.17,195.43,220.96,4799878,0
QCOM.US,D,20180921,000000,228.63,229.09,220.36,221.73,2960703,0
QCOM.US,D,20180924,000000,223.11,234.32,217.89,230.02,4081523,0
QCOM.US,D,20180924,000000,222.82,255.16,218.87,244.17,5475576,0
QCOM.US,D,20180924,000000,240.97,244.37,230.78,231.00,3763764,0
QCOM.US,D,20180925,000000,224.74,237.95,224.67,231.15,5410930,0
QCOM.US,D,20180926,000000,232.61,259.69,217.56,255.81,3635040,0
QCOM.US,D,20180927,000000,270.36,270.47,269.74,269.91,3136881,0
QCOM.US,D,20180928,000000,277.66,282.36,254.70,260.06,2618385,0
QCOM.US,D,20181001,000000,267.86,287.44,263.39,279.00,4352020,0
QCOM.US,D,20181001,000000,273.40,324.47,264.73,297.04,4398720,0
QCOM.US,D,20181001,000000,295.52,328.36,292.86,325.35,4082535,0
QCOM.US,D,20181002,000000,329.43,351.46,320.16,337.04,2226522,0
QCOM.US,D,20181003,000000,346.55,348.12,344.06,345.25,2050206,0
QCOM.US,D,20181004,000000,339.78,369.72,335.22,364.76,4349536,0
QCOM.US,D,20181005,000000,368.46,380.43,368.09,376.58,3582355,0
QCOM.US,D,20181008,000000,379.64,415.69,376.88,401.64,3742745,0
QCOM.US,D,20181008,000000,414.42,417.32,403.56,404.05,3032482,0
QCOM.US,D,20181008,000000,402.87,420.65,402.51,413.58,5978178,0
QCOM.US,D,20181009,000000,426.40,429.97,425.47,427.29,2843073,0
QCOM.US,D,20181010,000000,433.61,442.41,428.68,441.33,5810540,0
QCOM.US,D,20181011,000000,449.57,454.08,406.48,412.64,5399302,0
QCOM.US,D,20181012,000000,402.42,433.37,285.24,333.02,3635769,0
QCOM.US,D,20181015,000000,330.10,330.50,301.59,307.13,3289278,0
QCOM.US,D,20181015,000000,310.56,392.82,293.12,352.85,5671417,0
QCOM.US,D,20181015,000000,360.71,366.43,313.69,322.44,5848564,0
QCOM.US,D,20181016,000000,313.62,372.61,311.37,356.23,4942223,0
QCOM.US,D,20181017,000000,349.69,385.99,349.40,380.21,5683879,0
QCOM.US,D,20181018,000000,373.08,428.30,356.71,421.24,5331523,0
QCOM.US,D,20181019,000000,404.44,529.48,398.91,487.95,5752360,0
QCOM.US,D,20181022,000000,486.55,505.15,471.80,491.30,5825135,0
QCOM.US,D,20181022,000000,499.88,509.16,463.64,472.25,3856259,0
QCOM.US,D,20181022,000000,468.91,471.59,440.91,461.21,4290536,0
QCOM.US,D,20181023,000000,470.44,494.80,349.98,379.99,5750869,0
QCOM.US,D,20181024,000000,386.35,392.35,332.74,351.87,3328226,0
QCOM.US,D,20181025,000000,340.39,347.98,314.71,316.39,3220977,0
QCOM.US,D,20181026,000000,308.67,309.06,283.86,301.52,2216797,0
QCOM.US,D,20181029,000000,295.69,307.35,269.21,273.22,5945801,0
QCOM.US,D,20181029,000000,277.40,288.57,227.22,245.26,3726422,0
QCOM.US,D,20181029,000000,253.00,253.79,240.50,242.77,4356645,0
QCOM.US,D,20181030,000000,247.48,266.73,243.88,264.03,2483054,0
QCOM.US,D,20181031,000000,261.99,268.89,239.51,242.08,5887506,0
QCOM.US,D,20181101,000000,237.79,269.13,222.60,263.27,5128140,0
QCOM.US,D,20181102,000000,265.02,272.74,263.41,269.46,4601682,0
QCOM.US,D,20181105,000000,270.00,271.03,265.54,265.55,2911212,0
QCOM.US,D,20181105,000000,269.92,288.23,269.07,284.39,3785218,0
QCOM.US,D,20181105,000000,296.00,298.54,270.56,280.46,3887653,0
QCOM.US,D,20181106,000000,287.80,298.72,284.28,295.90,4618141,0
QCOM.US,D,20181107,000000,295.47,308.30,290.29,305.30,4017585,0
QCOM.US,D,20181108,000000,296.93,309.26,287.98,308.76,5908421,0
QCOM.US,D,20181109,000000,309.04,309.44,297.87,303.98,4087536,0
QCOM.US,D,20181112,000000,297.46,306.65,293.34,306.11,2852315,0
QCOM.US,D,20181112,000000,291.77,308.17,282.68,305.81,2258609,0
QCOM.US,D,20181112,000000,314.75,315.00,304.08,305.85,2438554,0
QCOM.US,D,20181113,000000,303.87,321.83,252.69,274.85,4591674,0
QCOM.US,D,20181114,000000,278.89,288.62,277.98,286.09,5214511,0
QCOM.US,D,20181115,000000,295.59,299.61,281.84,286.54,2638235,0
QCOM.US,D,20181116,000000,290.06,291.25,282.24,284.14,4477285,0
QCOM.US,D,20181119,000000,290.83,293.64,282.92,283.57,4779766,0
QCOM.US,D,20181119,000000,285.44,298.27,249.94,267.68,5642133,0
QCOM.US,D,20181119,000000,256.23,265.21,250.71,258.62,3992284,0
QCOM.US,D,20181120,000000,254.08,275.47,251.26,269.25,5973084,0
QCOM.US,D,20181121,000000,257.77,259.46,254.02,254.94,3306704,0
QCOM.US,D,20181122,000000,259.86,270.72,256.50,268.74,5548446,0
QCOM.US,D,20181123,000000,269.74,271.42,247.38,259.24,2217790,0
QCOM.US,D,20181126,000000,254.16,269.52,250.60,266.78,3858098,0
QCOM.US,D,20181126,000000,265.17,293.16,257.64,291.70,2545251,0
QCOM.US,D,20181126,000000,292.80,298.00,290.52,297.05,4240569,0
QCOM.US,D,20181127,000000,295.42,309.91,291.25,306.04,4443040,0
QCOM.US,D,20181128,000000,319.29,319.54,275.11,293.15,4652091,0
QCOM.US,D,20181129,000000,295.92,320.22,288.51,308.49,3170078,0
QCOM.US,D,20181130,000000,308.53,349.98,308.52,340.90,2545657,0
QCOM.US,D,20181203,000000,337.81,340.47,323.91,328.74,5277605,0
QCOM.US,D,20181203,000000,316.97,347.18,307.22,338.50,4276388,0
QCOM.US,D,20181203,000000,338.51,384.14,336.92,371.20,5271624,0
QCOM.US,D,20181204,000000,349.04,410.13,341.25,380.32,2253320,0
QCOM.US,D,20181205,000000,376.29,379.94,355.79,365.58,4118264,0
QCOM.US,D,20181206,000000,363.01,382.65,361.44,379.64,5922485,0
QCOM.US,D,20181207,000000,372.14,408.02,370.62,400.43,5429839,0
QCOM.US,D,20181210,000000,415.54,417.77,398.86,402.23,3260985,0
QCOM.US,D,20181210,000000,406.96,413.17,406.55,412.44,5931462,0
QCOM.US,D,20181210,000000,409.42,412.38,407.67,411.13,2164295,0
QCOM.US,D,20181211,000000,427.75,438.87,427.52,432.92,4394949,0
QCOM.US,D,20181212,000000,427.06,437.80,424.82,434.29,3816629,0
QCOM.US,D,20181213,000000,433.95,442.77,433.80,440.75,5989787,0
QCOM.US,D,20181214,000000,436.15,482.44,428.85,480.73,5596913,0
QCOM.US,D,20181217,000000,469.28,494.48,468.81,484.69,5258686,0
QCOM.US,D,20181217,000000,482.63,493.32,441.10,453.93,5824909,0
QCOM.US,D,20181217,000000,465.99,518.06,457.32,500.40,5293468,0
QCOM.US,D,20181218,000000,494.99,516.36,494.56,513.62,2403637,0
QCOM.US,D,20181219,000000,504.82,505.34,503.10,504.74,5462704,0
QCOM.US,D,20181220,000000,495.73,546.16,492.83,532.29,3830000,0
QCOM.US,D,20181221,000000,523.56,535.23,454.70,466.16,3048706,0
QCOM.US,D,20181224,000000,469.09,473.25,366.42,397.08,4834197,0
QCOM.US,D,20181224,000000,412.78,431.47,347.17,360.71,2901292,0
QCOM.US,D,20181224,000000,363.22,381.06,362.42,380.05,2618733,0
QCOM.US,D,20181225,000000,382.20,396.96,345.19,352.01,2795017,0
QCOM.US,D,20181226,000000,355.71,358.00,325.30,330.54,3245788,0
QCOM.US,D,20181227,000000,331.97,333.86,312.49,318.79,5800470,0
QCOM.US,D,20181228,000000,316.82,324.17,315.78,316.80,4842123,0
QCOM.US,D,20181231,000000,318.76,319.98,304.02,305.77,3905526,0
QCOM.US,D,20181231,000000,307.09,318.02,306.28,315.89,5072551,0
QCOM.US,D,20181231,000000,318.63,322.50,311.47,317.64,3345340,0
QCOM.US,D,20190101,000000,319.53,320.04,310.46,313.46,3304006,0
QCOM.US,D,20190102,000000,315.97,318.21,281.93,291.07,5441360,0
QCOM.US,D,20190103,000000,292.68,293.25,288.87,289.83,5005444,0
QCOM.US,D,20190104,000000,291.21,300.77,290.57,298.14,3325532,0
QCOM.US,D,20190107,000000,294.28,301.86,294.26,299.45,4950150,0
QCOM.US,D,20190107,000000,299.19,300.48,294.46,295.10,3734445,0
QCOM.US,D,20190107,000000,295.60,297.32,269.64,273.63,3688331,0
QCOM.US,D,20190108,000000,273.04,283.69,265.48,276.16,3535634,0
QCOM.US,D,20190109,000000,277.76,279.23,276.51,276.64,5154543,0
QCOM.US,D,20190110,000000,277.64,279.05,231.47,249.68,3171863,0
QCOM.US,D,20190111,000000,256.64,259.47,252.48,254.56,5155777,0
QCOM.US,D,20190114,000000,257.19,272.63,249.34,267.35,2561159,0
QCOM.US,D,20190114,000000,267.39,273.78,245.55,245.66,2146368,0
QCOM.US,D,20190114,000000,247.19,263.55,246.45,263.40,4916311,0
QCOM.US,D,20190115,000000,262.55,274.19,261.91,270.51,2302066,0
QCOM.US,D,20190116,000000,270.53,272.12,266.16,266.33,3171298,0
QCOM.US,D,20190117,000000,267.25,271.83,247.40,249.29,2951228,0
QCOM.US,D,20190118,000000,254.33,261.05,253.63,256.28,4936530,0
QCOM.US,D,20190121,000000,256.24,256.24,244.20,249.04,2567007,0
QCOM.US,D,20190121,000000,245.16,252.94,241.35,252.91,2161049,0
QCOM.US,D,20190121,000000,253.24,259.24,252.46,257.46,5606373,0
QCOM.US,D,20190122,000000,254.30,258.75,243.31,250.17,4208564,0
QCOM.US,D,20190123,000000,248.99,252.12,211.79,220.38,4353310,0
QCOM.US,D,20190124,000000,224.85,227.34,217.67,221.43,2022246,0
QCOM.US,D,20190125,000000,216.04,225.04,214.20,222.26,5195935,0
QCOM.US,D,20190128,000000,223.49,224.24,221.80,222.93,2748094,0
QCOM.US,D,20190128,000000,218.04,221.00,198.24,203.34,4230087,0
QCOM.US,D,20190128,000000,206.65,212.44,196.99,197.61,2138243,0
QCOM.US,D,20190129,000000,202.01,207.25,189.75,189.96,3048708,0
QCOM.US,D,20190130,000000,198.13,199.54,180.55,184.85,5991641,0
QCOM.US,D,20190131,000000,184.69,184.84,182.96,183.25,2069804,0
QCOM.US,D,20190201,000000,180.67,193.93,174.43,191.98,5741520,0
QCOM.US,D,20190204,000000,199.07,200.14,188.60,189.07,4944663,0
QCOM.US,D,20190204,000000,189.78,196.72,188.92,193.68,5770788,0
QCOM.US,D,20190204,000000,189.07,189.21,175.66,177.79,5337366,0
QCOM.US,D,20190205,000000,177.05,177.27,176.29,176.54,5302376,0
QCOM.US,D,20190206,000000,177.97,208.01,175.52,198.47,3801953,0
QCOM.US,D,20190207,000000,199.92,201.80,185.79,192.09,3953251,0
QCOM.US,D,20190208,000000,189.36,204.25,185.27,197.29,3400682,0
QCOM.US,D,20190211,000000,192.84,193.14,179.68,182.04,4673052,0
QCOM.US,D,20190211,000000,186.10,189.01,177.24,177.38,3692552,0
QCOM.US,D,20190211,000000,173.20,173.70,169.40,171.38,4626507,0
QCOM.US,D,20190212,000000,169.94,170.52,168.81,169.58,4455527,0
QCOM.US,D,20190213,000000,170.21,188.11,167.26,184.55,5617053,0
QCOM.US,D,20190214,000000,184.82,185.59,180.08,182.09,3805941,0
QCOM.US,D,20190215,000000,176.70,182.25,175.40,181.62,5208753,0
QCOM.US,D,20190218,000000,186.56,189.53,185.87,189.00,4254335,0
QCOM.US,D,20190218,000000,193.72,194.95,188.64,189.19,2518927,0
QCOM.US,D,20190218,000000,190.11,192.37,187.94,192.08,4685043,0
QCOM.US,D,20190219,000000,197.66,198.87,184.71,189.99,4663187,0
QCOM.US,D,20190220,000000,188.06,190.07,181.13,184.03,5060443,0
QCOM.US,D,20190221,000000,188.21,204.84,184.76,201.21,4422917,0
QCOM.US,D,20190222,000000,207.03,207.18,205.02,206.03,5468060,0
QCOM.US,D,20190225,000000,200.80,223.29,195.13,217.50,4179722,0
QCOM.US,D,20190225,000000,214.33,227.33,212.14,223.81,4812877,0
QCOM.US,D,20190225,000000,223.48,239.91,219.95,235.17,4722276,0
QCOM.US,D,20190226,000000,229.20,229.38,219.21,220.19,4026552,0
QCOM.US,D,20190227,000000,221.19,234.46,218.86,230.21,4543853,0
QCOM.US,D,20190228,000000,235.28,241.88,183.80,196.24,5811029,0
QCOM.US,D,20190301,000000,192.74,198.35,191.78,196.81,4822809,0
QCOM.US,D,20190304,000000,187.85,205.60,186.76,198.44,4852948,0
QCOM.US,D,20190304,000000,196.77,234.88,190.74,226.86,4956398,0
QCOM.US,D,20190304,000000,217.80,218.48,163.64,178.32,5618616,0
QCOM.US,D,20190305,000000,180.31,186.29,161.97,166.84,3954066,0
QCOM.US,D,20190306,000000,171.10,194.11,167.65,191.17,2514206,0
QCOM.US,D,20190307,000000,190.62,196.92,188.73,195.19,2876359,0
QCOM.US,D,20190308,000000,191.68,192.83,188.77,191.40,3760580,0
QCOM.US,D,20190311,000000,189.21,191.46,179.91,185.56,2716949,0
QCOM.US,D,20190311,000000,189.40,197.86,145.98,159.69,5724370,0
QCOM.US,D,20190311,000000,158.27,176.47,157.36,168.10,4018314,0
QCOM.US,D,20190312,000000,160.95,168.41,160.55,165.09,2944367,0
QCOM.US,D,20190313,000000,174.91,177.42,149.49,153.89,2996535,0
QCOM.US,D,20190314,000000,156.01,161.39,154.49,160.03,3747138,0
QCOM.US,D,20190315,000000,169.98,171.34,156.35,159.60,2393956,0
QCOM.US,D,20190318,000000,155.18,161.68,128.87,137.31,4865261,0
QCOM.US,D,20190318,000000,139.01,140.95,128.74,130.82,4143571,0
QCOM.US,D,20190318,000000,129.87,131.68,124.26,126.23,5744296,0
QCOM.US,D,20190319,000000,127.76,133.68,112.87,117.72,5227142,0
QCOM.US,D,20190320,000000,120.36,124.26,105.99,107.33,5847057,0
QCOM.US,D,20190321,000000,108.06,115.92,106.66,114.24,2334829,0
QCOM.US,D,20190322,000000,116.30,118.20,98.50,99.74,4923938,0
QCOM.US,D,20190325,000000,99.78,102.57,86.55,90.36,2538443,0
QCOM.US,D,20190325,000000,90.26,103.89,88.17,99.67,5354920,0
QCOM.US,D,20190325,000000,99.11,108.84,97.84,106.22,3503667,0
QCOM.US,D,20190326,000000,105.33,109.78,104.88,108.40,3473241,0
QCOM.US,D,20190327,000000,109.08,115.22,108.40,111.67,4922381,0
QCOM.US,D,20190328,000000,109.59,121.89,108.98,120.49,5988107,0
QCOM.US,D,20190329,000000,122.62,125.04,103.81,107.24,3329042,0
QCOM.US,D,20190401,000000,106.50,116.83,105.52,114.68,2445043,0
QCOM.US,D,20190401,000000,116.10,119.56,104.53,106.97,4902718,0
QCOM.US,D,20190401,000000,105.42,106.67,105.37,106.60,4914987,0
QCOM.US,D,20190402,000000,106.88,111.60,106.14,109.58,2535698,0
QCOM.US,D,20190403,000000,104.82,117.03,104.22,111.74,3793380,0
QCOM.US,D,20190404,000000,110.00,117.43,108.92,116.32,5752948,0
QCOM.US,D,20190405,000000,115.45,115.58,114.78,114.92,3261221,0
QCOM.US,D,20190408,000000,113.16,113.95,109.23,110.95,5161832,0
QCOM.US,D,20190408,000000,110.40,110.55,110.31,110.33,3835787,0
QCOM.US,D,20190408,000000,112.54,130.18,105.98,123.22,3701963,0
QCOM.US,D,20190409,000000,125.24,126.37,122.73,126.34,3190200,0
QCOM.US,D,20190410,000000,124.15,130.37,123.41,128.14,4496136,0
QCOM.US,D,20190411,000000,129.83,142.67,128.50,140.96,2033129,0
QCOM.US,D,20190412,000000,142.39,169.33,139.86,153.86,3689888,0
QCOM.US,D,20190415,000000,152.87,153.52,147.59,148.85,4611535,0
QCOM.US,D,20190415,000000,150.78,167.10,149.22,161.88,4494008,0
QCOM.US,D,20190415,000000,158.97,163.23,157.86,160.78,2888612,0
QCOM.US,D,20190416,000000,166.47,171.24,148.53,151.64,2178808,0
QCOM.US,D,20190417,000000,150.71,152.61,149.76,151.58,3784284,0
QCOM.US,D,20190418,000000,151.91,153.66,140.12,140.82,2897809,0
QCOM.US,D,20190419,000000,139.88,147.98,137.76,145.84,4720457,0
QCOM.US,D,20190422,000000,148.00,148.16,145.76,145.96,4037019,0
QCOM.US,D,20190422,000000,145.07,152.64,143.31,150.99,3016062,0
QCOM.US,D,20190422,000000,155.11,159.59,141.73,147.07,3254502,0
QCOM.US,D,20190423,000000,145.76,169.01,145.33,168.02,2722833,0
QCOM.US,D,20190424,000000,165.79,184.97,163.35,173.83,5991560,0
QCOM.US,D,20190425,000000,176.11,176.26,171.87,172.25,4985498,0
QCOM.US,D,20190426,000000,169.05,170.65,150.97,155.82,4476822,0
QCOM.US,D,20190429,000000,150.27,151.73,148.41,150.60,2729919,0
QCOM.US,D,20190429,000000,155.57,160.08,134.04,138.75,2235250,0
QCOM.US,D,20190429,000000,137.49,138.11,132.40,134.28,2612422,0
QCOM.US,D,20190430,000000,128.13,128.83,123.54,124.92,3425807,0
QCOM.US,D,20190501,000000,125.64,125.77,120.99,122.58,3639043,0
QCOM.US,D,20190502,000000,125.37,126.84,120.86,121.11,4210128,0
QCOM.US,D,20190503,000000,125.90,126.14,120.00,121.37,3030269,0
QCOM.US,D,20190506,000000,121.18,121.24,116.10,117.77,2869576,0
QCOM.US,D,20190506,000000,118.50,120.11,112.24,113.75,5058759,0
QCOM.US,D,20190506,000000,113.90,113.93,112.85,113.48,5616005,0
QCOM.US,D,20190507,000000,114.35,114.37,107.15,108.09,5646635,0
QCOM.US,D,20190508,000000,104.82,108.26,89.58,96.00,5066040,0
QCOM.US,D,20190509,000000,95.43,95.70,82.55,86.76,5296924,0
QCOM.US,D,20190510,000000,88.13,89.23,81.80,83.96,3430560,0
QCOM.US,D,20190513,000000,82.94,83.14,77.88,78.79,5085789,0
QCOM.US,D,20190513,000000,75.67,81.61,75.54,80.50,3706822,0
QCOM.US,D,20190513,000000,78.16,89.54,77.35,87.55,5445144,0
QCOM.US,D,20190514,000000,87.22,94.67,86.33,92.98,3683450,0
QCOM.US,D,20190515,000000,90.93,96.82,89.89,95.55,2758673,0
QCOM.US,D,20190516,000000,95.72,96.77,94.71,96.61,4200393,0
QCOM.US,D,20190517,000000,97.66,97.67,92.37,93.63,5089715,0
QCOM.US,D,20190520,000000,93.30,99.34,92.77,97.47,3537698,0
QCOM.US,D,20190520,000000,98.00,98.98,97.85,98.47,3163295,0
QCOM.US,D,20190520,000000,98.84,103.15,97.23,102.54,5136107,0
QCOM.US,D,20190521,000000,102.95,107.03,102.81,106.56,4818577,0
QCOM.US,D,20190522,000000,106.54,108.32,105.77,106.49,4756729,0
QCOM.US,D,20190523,000000,105.00,113.69,104.30,107.87,2400434,0
QCOM.US,D,20190524,000000,108.37,109.11,105.15,105.78,3811870,0
QCOM.US,D,20190527,000000,105.30,105.84,94.91,98.80,4176727,0
QCOM.US,D,20190527,000000,98.78,99.03,96.80,97.20,2588366,0
QCOM.US,D,20190527,000000,99.01,100.21,98.95,100.08,2416681,0
QCOM.US,D,20190528,000000,100.36,100.54,99.46,99.48,5633568,0
QCOM.US,D,20190529,000000,100.61,102.55,82.90,87.48,2647572,0
QCOM.US,D,20190530,000000,87.07,87.96,83.94,84.38,2953117,0
QCOM.US,D,20190531,000000,86.43,86.63,83.65,85.20,2086689,0
QCOM.US,D,20190603,000000,86.15,93.87,84.65,91.37,2041631,0
QCOM.US,D,20190603,000000,92.05,99.33,91.18,95.66,2945335,0
QCOM.US,D,20190603,000000,94.01,99.26,92.83,97.79,4129080,0
QCOM.US,D,20190604,000000,96.61,107.03,95.77,103.15,3337429,0
QCOM.US,D,20190605,000000,102.42,102.52,99.28,100.51,2599216,0
QCOM.US,D,20190606,000000,98.80,101.82,98.36,101.39,2438239,0
QCOM.US,D,20190607,000000,104.00,106.24,97.59,99.39,4757148,0
QCOM.US,D,20190610,000000,97.88,102.69,97.65,101.47,3433118,0
QCOM.US,D,20190610,000000,104.73,107.26,104.35,106.46,3315115,0
QCOM.US,D,20190610,000000,107.61,107.82,97.62,102.69,5871362,0
QCOM.US,D,20190611,000000,102.50,114.79,102.50,111.64,5408628,0
QCOM.US,D,20190612,000000,112.09,112.72,109.19,110.15,2943928,0
QCOM.US,D,20190613,000000,107.47,110.71,106.94,109.48,5369089,0
QCOM.US,D,20190614,000000,110.17,110.34,107.68,107.74,3998374,0
QCOM.US,D,20190617,000000,103.94,109.80,103.39,108.51,5953096,0
QCOM.US,D,20190617,000000,109.81,110.78,101.83,102.88,2724217,0
QCOM.US,D,20190617,000000,102.88,104.53,102.80,104.19,3140011,0
QCOM.US,D,20190618,000000,103.49,104.79,99.69,101.37,2574921,0
QCOM.US,D,20190619,000000,100.20,101.74,99.17,101.73,2248422,0
QCOM.US,D,20190620,000000,104.03,125.29,100.16,114.72,2122062,0
QCOM.US,D,20190621,000000,114.48,115.89,111.70,112.29,3083044,0
QCOM.US,D,20190624,000000,111.83,125.18,111.50,120.67,2974391,0
QCOM.US,D,20190624,000000,121.48,123.60,114.62,114.91,2686873,0
QCOM.US,D,20190624,000000,114.02,114.15,112.03,112.87,5778854,0
QCOM.US,D,20190625,000000,113.13,115.42,110.79,113.18,5753488,0
QCOM.US,D,20190626,000000,112.93,124.06,109.57,119.95,5697653,0
QCOM.US,D,20190627,000000,116.42,118.70,116.14,117.92,5304936,0
QCOM.US,D,20190628,000000,122.32,123.65,120.31,121.36,3815906,0
QCOM.US,D,20190701,000000,120.83,122.68,105.05,110.77,3649682,0
QCOM.US,D,20190701,000000,110.86,111.57,106.89,107.48,5560769,0
QCOM.US,D,20190701,000000,105.54,114.30,104.71,111.73,3420285,0
QCOM.US,D,20190702,000000,115.03,121.29,113.64,120.88,3270524,0
QCOM.US,D,20190703,000000,119.63,140.73,117.94,133.27,2178289,0
QCOM.US,D,20190704,000000,135.56,136.60,131.66,133.02,3749503,0
QCOM.US,D,20190705,000000,130.91,158.45,129.03,148.81,2317167,0
QCOM.US,D,20190708,000000,147.38,154.30,143.78,152.36,5583635,0
QCOM.US,D,20190708,000000,154.07,154.43,147.42,148.45,2936388,0
QCOM.US,D,20190708,000000,150.21,154.49,138.64,140.65,2804763,0
QCOM.US,D,20190709,000000,137.32,149.68,135.69,141.30,2348136,0
QCOM.US,D,20190710,000000,142.54,143.81,131.68,133.00,5490544,0
QCOM.US,D,20190711,000000,133.33,143.07,131.22,141.04,3401044,0
QCOM.US,D,20190712,000000,136.56,139.93,134.99,138.11,5503743,0
QCOM.US,D,20190715,000000,134.38,162.94,132.33,148.98,3893994,0
QCOM.US,D,20190715,000000,150.19,152.60,147.65,152.57,5158386,0
QCOM.US,D,20190715,000000,150.62,151.08,147.58,148.26,3555881,0
QCOM.US,D,20190716,000000,150.04,154.00,126.88,131.55,2059998,0
QCOM.US,D,20190717,000000,138.16,140.11,120.52,121.67,2778221,0
QCOM.US,D,20190718,000000,121.76,122.72,96.57,107.78,5348375,0
QCOM.US,D,20190719,000000,109.77,132.42,108.76,126.93,2587998,0
QCOM.US,D,20190722,000000,128.86,142.07,126.02,133.69,5928309,0
QCOM.US,D,20190722,000000,136.56,139.26,129.96,131.75,5592996,0
QCOM.US,D,20190722,000000,132.49,132.60,124.01,126.67,5749623,0
QCOM.US,D,20190723,000000,122.28,126.60,121.82,125.62,4948793,0
QCOM.US,D,20190724,000000,125.80,127.25,121.41,122.19,3971290,0
QCOM.US,D,20190725,000000,125.41,133.15,122.70,132.13,2879339,0
QCOM.US,D,20190726,000000,130.24,132.59,114.42,116.50,2601956,0
QCOM.US,D,20190729,000000,113.80,116.19,103.49,106.83,2642863,0
QCOM.US,D,20190729,000000,107.21,108.39,106.43,108.06,4014859,0
QCOM.US,D,20190729,000000,111.04,111.76,107.99,110.12,5393209,0
QCOM.US,D,20190730,000000,110.12,115.48,110.05,112.17,9325673,0
QCOM.US,D,20190731,000000,107.16,114.65,105.32,113.99,9581465,0
QCOM.US,D,20190801,000000,115.97,116.63,115.76,116.45,11646214,0
QCOM.US,D,20190802,000000,113.08,123.22,111.48,119.51,5710487,0
QCOM.US,D,20190805,000000,118.46,122.77,117.54,122.32,11340747,0
QCOM.US,D,20190805,000000,125.92,127.18,123.86,124.31,4914179,0
QCOM.US,D,20190805,000000,121.32,131.77,121.32,127.97,9946600,0
QCOM.US,D,20190806,000000,130.62,133.32,130.60,131.20,9227442,0
QCOM.US,D,20190807,000000,136.29,136.75,134.18,134.37,6512677,0
QCOM.US,D,20190808,000000,133.87,138.65,132.86,137.06,7129104,0
QCOM.US,D,20190809,000000,131.85,149.95,128.48,141.01,10616187,0
QCOM.US,D,20190812,000000,131.48,150.28,131.14,144.96,13336719,0
QCOM.US,D,20190812,000000,145.56,150.84,144.72,149.68,12091274,0
QCOM.US,D,20190812,000000,153.51,155.55,153.33,155.34,16839149,0
QCOM.US,D,20190813,000000,157.39,160.78,156.97,159.71,9607516,0
QCOM.US,D,20190814,000000,161.64,165.39,160.49,165.12,18680189,0
QCOM.US,D,20190815,000000,167.32,171.92,166.33,171.28,11652079,0
QCOM.US,D,20190816,000000,171.96,173.38,170.98,172.07,3282524,0
QCOM.US,D,20190819,000000,170.43,226.74,156.17,207.20,5241607,0
QCOM.US,D,20190819,000000,218.57,221.21,187.69,190.74,4633129,0
QCOM.US,D,20190819,000000,188.95,193.49,167.62,180.02,5468529,0
QCOM.US,D,20190820,000000,181.07,187.08,179.99,186.83,2717296,0
QCOM.US,D,20190821,000000,193.48,193.96,190.05,192.02,5308554,0
QCOM.US,D,20190822,000000,193.10,195.23,172.85,176.48,3099024,0
QCOM.US,D,20190823,000000,180.30,191.56,179.12,189.83,2834608,0
QCOM.US,D,20190826,000000,192.34,194.88,173.83,176.50,2826908,0
QCOM.US,D,20190826,000000,178.40,186.08,160.14,164.88,3268521,0
QCOM.US,D,20190826,000000,162.41,178.51,162.02,174.25,3939190,0
QCOM.US,D,20190827,000000,178.58,178.73,171.53,172.90,2497254,0
QCOM.US,D,20190828,000000,179.63,185.68,178.60,183.92,5330215,0
QCOM.US,D,20190829,000000,181.47,188.31,178.85,186.35,2489852,0
QCOM.US,D,20190830,000000,187.42,214.53,186.39,196.44,3821924,0
QCOM.US,D,20190902,000000,195.62,222.09,181.73,214.85,2594407,0
QCOM.US,D,20190902,000000,212.65,216.48,210.15,215.33,5882904,0
QCOM.US,D,20190902,000000,215.81,217.15,202.77,203.73,5244557,0
QCOM.US,D,20190903,000000,201.93,202.35,200.52,200.70,2213339,0
QCOM.US,D,20190904,000000,201.52,217.39,196.35,217.01,3303155,0
QCOM.US,D,20190905,000000,220.05,224.85,209.01,210.50,2465780,0
QCOM.US,D,20190906,000000,206.84,206.96,202.95,204.15,5858697,0
QCOM.US,D,20190909,000000,200.07,206.03,191.71,193.51,2702190,0
QCOM.US,D,20190909,000000,187.51,212.64,176.01,204.60,5053139,0
QCOM.US,D,20190909,000000,208.81,215.08,208.74,214.64,2611209,0
QCOM.US,D,20190910,000000,217.66,219.68,209.21,213.24,4702232,0
QCOM.US,D,20190911,000000,203.32,228.80,202.41,227.51,2670549,0
QCOM.US,D,20190912,000000,229.32,257.58,226.91,253.26,4777235,0
QCOM.US,D,20190913,000000,254.50,255.82,223.90,231.12,2236484,0
QCOM.US,D,20190916,000000,231.33,232.60,193.64,204.51,5928596,0
QCOM.US,D,20190916,000000,203.04,215.97,201.45,212.51,4143686,0
QCOM.US,D,20190916,000000,214.49,216.28,208.83,208.88,3572553,0
QCOM.US,D,20190917,000000,212.62,214.84,192.60,194.07,2939405,0
QCOM.US,D,20190918,000000,197.64,200.32,193.18,196.74,5840957,0
QCOM.US,D,20190919,000000,203.16,209.17,179.03,189.41,4593095,0
QCOM.US,D,20190920,000000,198.33,199.14,192.10,194.28,2207998,0
QCOM.US,D,20190923,000000,196.02,198.67,193.98,198.47,2192425,0
QCOM.US,D,20190923,000000,197.34,221.70,194.49,216.16,2456946,0
QCOM.US,D,20190923,000000,216.91,222.94,215.45,221.78,5898219,0
QCOM.US,D,20190924,000000,220.76,247.39,219.59,231.50,5720129,0
QCOM.US,D,20190925,000000,235.20,237.88,225.57,226.05,5330937,0
QCOM.US,D,20190926,000000,234.50,251.41,233.57,249.55,2832803,0
QCOM.US,D,20190927,000000,246.66,249.96,222.64,235.68,5431975,0
QCOM.US,D,20190930,000000,239.64,262.51,232.90,259.83,3343805,0
QCOM.US,D,20190930,000000,259.14,273.54,254.82,271.66,4048680,0
QCOM.US,D,20190930,000000,277.96,279.08,274.55,276.07,3485316,0
QCOM.US,D,20191001,000000,278.71,296.12,270.99,288.40,3260410,0
QCOM.US,D,20191002,000000,287.09,324.13,286.96,317.51,3072678,0
QCOM.US,D,20191003,000000,318.06,319.09,309.03,314.15,5031914,0
QCOM.US,D,20191004,000000,318.23,319.35,317.83,319.35,3608663,0
QCOM.US,D,20191007,000000,331.10,333.45,328.37,331.63,3189283,0
QCOM.US,D,20191007,000000,333.04,338.07,331.97,337.98,2730270,0
QCOM.US,D,20191007,000000,329.69,374.46,324.62,362.47,4056729,0
QCOM.US,D,20191008,000000,351.50,364.94,349.96,362.26,3051669,0
QCOM.US,D,20191009,000000,360.59,393.95,356.07,386.52,4658435,0
QCOM.US,D,20191010,000000,394.31,394.69,338.69,357.39,5408067,0
QCOM.US,D,20191011,000000,353.89,411.15,346.75,397.32,3779923,0
QCOM.US,D,20191014,000000,400.99,461.44,398.83,439.66,4205924,0
QCOM.US,D,20191014,000000,433.22,457.09,430.47,455.55,4750955,0
QCOM.US,D,20191014,000000,461.99,463.96,382.52,403.03,2394351,0
QCOM.US,D,20191015,000000,392.90,414.88,392.26,405.99,4344093,0
QCOM.US,D,20191016,000000,421.53,449.23,353.38,372.75,5890914,0
QCOM.US,D,20191017,000000,363.27,378.18,358.47,370.81,3008161,0
QCOM.US,D,20191018,000000,366.42,412.56,363.64,407.68,4372308,0
QCOM.US,D,20191021,000000,411.19,442.34,408.67,432.80,4457348,0
QCOM.US,D,20191021,000000,439.23,457.42,438.09,451.42,3196777,0
QCOM.US,D,20191021,000000,443.53,443.67,440.03,440.55,5257953,0
QCOM.US,D,20191022,000000,441.39,442.24,426.98,429.37,2899783,0
QCOM.US,D,20191023,000000,431.21,445.91,428.50,438.79,3506037,0
QCOM.US,D,20191024,000000,441.72,447.77,410.12,416.91,2022090,0
QCOM.US,D,20191025,000000,422.74,425.73,403.85,404.70,5915731,0
QCOM.US,D,20191028,000000,405.60,407.61,389.13,389.27,4636060,0
QCOM.US,D,20191028,000000,389.18,402.65,388.54,402.47,5186611,0
QCOM.US,D,20191028,000000,400.74,402.61,357.43,365.44,4599712,0
QCOM.US,D,20191029,000000,368.98,381.40,338.22,338.68,3494348,0
QCOM.US,D,20191030,000000,343.38,354.06,339.77,353.13,4870355,0
QCOM.US,D,20191031,000000,348.74,349.42,345.63,346.69,4971355,0
QCOM.US,D,20191101,000000,344.34,344.59,303.45,310.53,4091280,0
QCOM.US,D,20191104,000000,312.70,313.79,312.62,313.40,4537527,0
QCOM.US,D,20191104,000000,308.39,319.96,307.66,311.37,5851959,0
QCOM.US,D,20191104,000000,313.50,314.42,308.48,309.11,2581368,0
QCOM.US,D,20191105,000000,302.31,338.70,299.08,327.12,3152357,0
QCOM.US,D,20191106,000000,325.91,351.95,321.57,345.53,2242733,0
QCOM.US,D,20191107,000000,340.76,343.31,321.34,323.88,4764898,0
QCOM.US,D,20191108,000000,321.44,321.69,302.59,306.38,5799378,0
QCOM.US,D,20191111,000000,291.32,316.56,289.46,307.02,5745264,0
QCOM.US,D,20191111,000000,312.38,313.23,297.25,299.35,4197057,0
QCOM.US,D,20191111,000000,302.22,313.01,269.97,274.13,5590829,0
QCOM.US,D,20191112,000000,273.71,289.30,263.93,287.14,5119041,0
QCOM.US,D,20191113,000000,289.69,290.35,286.42,287.05,2851744,0
QCOM.US,D,20191114,000000,291.36,296.25,265.47,268.27,2011993,0
QCOM.US,D,20191115,000000,259.40,278.27,257.24,277.69,4521095,0
QCOM.US,D,20191118,000000,278.00,281.03,245.54,258.39,2771129,0
QCOM.US,D,20191118,000000,258.51,259.28,232.79,237.94,2898312,0
QCOM.US,D,20191118,000000,238.40,243.78,221.69,224.00,3874970,0
QCOM.US,D,20191119,000000,224.01,228.90,223.63,227.10,4997618,0
QCOM.US,D,20191120,000000,230.34,266.17,230.08,253.30,2355818,0
QCOM.US,D,20191121,000000,258.39,259.85,256.15,258.23,5301429,0
QCOM.US,D,20191122,000000,259.01,259.02,256.64,257.78,5322261,0
QCOM.US,D,20191125,000000,254.67,256.67,254.05,256.09,2343678,0
QCOM.US,D,20191125,000000,251.37,251.66,248.45,249.31,5059632,0
QCOM.US,D,20191125,000000,247.13,247.47,246.77,247.20,5920122,0
QCOM.US,D,20191126,000000,247.86,253.62,245.92,252.01,5736747,0
QCOM.US,D,20191127,000000,251.69,253.23,245.61,246.13,4901936,0
QCOM.US,D,20191128,000000,249.37,252.22,222.86,229.16,5026216,0
QCOM.US,D,20191129,000000,227.88,230.90,221.88,224.15,2495599,0
QCOM.US,D,20191202,000000,227.53,236.64,225.46,232.95,2915242,0
QCOM.US,D,20191202,000000,236.46,281.13,221.70,266.12,3661325,0
QCOM.US,D,20191202,000000,260.38,267.19,259.36,265.75,3864778,0
QCOM.US,D,20191203,000000,264.46,267.21,257.35,259.01,4281309,0
QCOM.US,D,20191204,000000,256.14,256.99,253.12,253.48,2383837,0
QCOM.US,D,20191205,000000,248.18,251.02,246.91,248.09,2777465,0
QCOM.US,D,20191206,000000,247.01,247.40,244.70,245.75,4679491,0
QCOM.US,D,20191209,000000,239.36,247.63,237.93,246.26,4872825,0
QCOM.US,D,20191209,000000,249.51,251.77,230.79,235.11,3551524,0
QCOM.US,D,20191209,000000,236.38,239.44,194.23,209.89,2001315,0
QCOM.US,D,20191210,000000,215.30,223.48,213.66,221.00,2627328,0
QCOM.US,D,20191211,000000,226.30,231.27,226.04,229.95,3196938,0
QCOM.US,D,20191212,000000,227.26,227.94,223.51,224.53,3936915,0
QCOM.US,D,20191213,000000,225.31,228.98,224.55,227.61,2889645,0
QCOM.US,D,20191216,000000,227.51,242.24,225.70,237.37,4593872,0
QCOM.US,D,20191216,000000,239.71,257.85,239.19,257.39,2402455,0
QCOM.US,D,20191216,000000,261.49,267.07,258.80,267.00,3406870,0
QCOM.US,D,20191217,000000,273.69,273.85,267.10,269.53,3316261,0
QCOM.US,D,20191218,000000,266.36,269.32,265.95,268.05,3612395,0
QCOM.US,D,20191219,000000,261.28,273.99,258.57,273.51,2140850,0
QCOM.US,D,20191220,000000,270.89,273.40,268.02,271.18,4562312,0
QCOM.US,D,20191223,000000,269.61,283.97,269.20,281.40,3695563,0
QCOM.US,D,20191223,000000,282.42,282.91,277.46,278.42,2382604,0
QCOM.US,D,20191223,000000,280.08,283.17,272.90,274.24,5294087,0
QCOM.US,D,20191224,000000,280.47,283.53,258.21,260.72,3524431,0
QCOM.US,D,20191225,000000,256.70,260.74,249.42,249.83,5143027,0
QCOM.US,D,20191226,000000,262.61,262.77,250.00,256.39,5199760,0
QCOM.US,D,20191227,000000,260.13,260.37,235.81,243.03,4764801,0
QCOM.US,D,20191230,000000,233.10,246.64,233.03,243.05,3124337,0
QCOM.US,D,20191230,000000,239.91,255.27,237.36,249.69,5896985,0
QCOM.US,D,20191230,000000,254.42,258.90,254.00,257.23,5841829,0
QCOM.US,D,20191231,000000,261.74,264.57,261.27,263.35,5556611,0
QCOM.US,D,20200101,000000,268.98,272.93,235.25,245.05,4066824,0
QCOM.US,D,20200102,000000,242.76,242.98,241.41,242.01,2695080,0
QCOM.US,D,20200103,000000,239.41,245.08,226.40,231.31,5507982,0
QCOM.US,D,20200106,000000,238.48,243.42,208.18,213.19,2715296,0
QCOM.US,D,20200106,000000,214.51,228.27,214.20,227.68,3436496,0
QCOM.US,D,20200106,000000,230.12,232.13,209.59,217.97,5958856,0
QCOM.US,D,20200107,000000,225.35,229.60,184.81,200.23,4269183,0
QCOM.US,D,20200108,000000,205.22,206.48,189.31,194.00,5695713,0
QCOM.US,D,20200109,000000,199.00,204.59,198.60,204.56,5418123,0
QCOM.US,D,20200110,000000,202.57,215.59,195.93,214.33,2367726,0
QCOM.US,D,20200113,000000,215.98,233.89,213.53,230.35,5875348,0
QCOM.US,D,20200113,000000,232.10,234.61,216.60,222.81,3891717,0
QCOM.US,D,20200113,000000,230.02,240.79,227.56,237.29,2954301,0
QCOM.US,D,20200114,000000,242.42,247.12,219.55,223.49,5053508,0
QCOM.US,D,20200115,000000,223.09,227.75,186.58,196.86,3589857,0
QCOM.US,D,20200116,000000,188.13,201.96,185.86,199.70,5074696,0
QCOM.US,D,20200117,000000,202.96,203.50,193.61,197.89,5772784,0
QCOM.US,D,20200120,000000,194.30,196.60,173.51,183.86,4831248,0
QCOM.US,D,20200120,000000,186.55,186.98,158.56,165.51,4949298,0
QCOM.US,D,20200120,000000,165.41,166.37,161.83,162.39,5109702,0
QCOM.US,D,20200121,000000,159.87,165.89,156.66,165.09,4144040,0
QCOM.US,D,20200122,000000,163.70,164.12,160.88,161.89,2881857,0
QCOM.US,D,20200123,000000,154.42,156.32,131.12,136.11,4368873,0
QCOM.US,D,20200124,000000,136.30,146.78,135.68,146.47,2157359,0
QCOM.US,D,20200127,000000,149.05,149.46,147.19,147.57,4930799,0
QCOM.US,D,20200127,000000,148.97,153.46,145.24,151.03,3724192,0
QCOM.US,D,20200127,000000,143.96,153.02,143.21,150.74,5520552,0
QCOM.US,D,20200128,000000,142.35,152.14,140.30,148.64,5048186,0
QCOM.US,D,20200129,000000,149.39,155.34,147.93,152.58,2111777,0
QCOM.US,D,20200130,000000,150.57,177.58,144.03,169.15,3128724,0
QCOM.US,D,20200131,000000,174.19,174.25,172.56,172.71,3372648,0
QCOM.US,D,20200203,000000,174.03,175.61,151.41,158.62,4618794,0
QCOM.US,D,20200203,000000,159.98,160.99,134.64,143.20,5132243,0
QCOM.US,D,20200203,000000,143.62,146.11,142.78,145.25,5053003,0
QCOM.US,D,20200204,000000,146.24,147.66,143.61,145.34,2451269,0
QCOM.US,D,20200205,000000,144.15,153.82,141.90,152.01,4826450,0
QCOM.US,D,20200206,000000,154.37,158.22,140.42,144.43,5194567,0
QCOM.US,D,20200207,000000,143.71,150.77,143.00,148.67,2554227,0
QCOM.US,D,20200210,000000,152.16,163.41,150.60,159.20,2100872,0
QCOM.US,D,20200210,000000,162.33,163.12,156.59,158.79,2085728,0
QCOM.US,D,20200210,000000,158.91,159.34,157.73,158.44,2383357,0
QCOM.US,D,20200211,000000,159.81,160.33,158.64,158.73,4489436,0
QCOM.US,D,20200212,000000,158.70,162.02,157.96,160.53,3079362,0
QCOM.US,D,20200213,000000,163.61,166.55,154.50,154.72,3269736,0
QCOM.US,D,20200214,000000,158.08,185.54,153.35,185.53,2929760,0
QCOM.US,D,20200217,000000,186.14,186.96,182.07,182.29,2689310,0
QCOM.US,D,20200217,000000,185.95,192.18,162.73,168.57,3105222,0
QCOM.US,D,20200217,000000,169.52,177.11,168.48,174.91,2147682,0
QCOM.US,D,20200218,000000,177.85,178.20,169.92,171.45,4358682,0
QCOM.US,D,20200219,000000,171.97,175.95,169.48,175.87,3495407,0
QCOM.US,D,20200220,000000,170.26,170.68,167.53,168.56,4747288,0
QCOM.US,D,20200221,000000,171.91,194.49,166.66,193.67,2389110,0
QCOM.US,D,20200224,000000,197.95,200.66,186.72,187.60,5244015,0
QCOM.US,D,20200224,000000,185.15,187.07,179.22,181.94,4438551,0
QCOM.US,D,20200224,000000,177.86,180.94,167.96,168.38,3852090,0
QCOM.US,D,20200225,000000,167.72,194.14,163.83,190.44,5556617,0
QCOM.US,D,20200226,000000,185.07,197.80,184.69,197.51,3243261,0
QCOM.US,D,20200227,000000,200.17,223.47,198.37,216.36,4927901,0
QCOM.US,D,20200228,000000,226.38,228.16,221.35,221.48,2076417,0
QCOM.US,D,20200302,000000,225.21,226.59,223.03,224.34,4990062,0
QCOM.US,D,20200302,000000,227.76,228.17,199.86,208.38,3431546,0
QCOM.US,D,20200302,000000,211.26,217.59,181.12,184.48,2649616,0
QCOM.US,D,20200303,000000,180.29,181.48,174.46,175.41,3445042,0
QCOM.US,D,20200304,000000,167.74,184.31,166.24,183.17,3787446,0
QCOM.US,D,20200305,000000,186.40,193.14,174.40,174.74,3388240,0
QCOM.US,D,20200306,000000,179.59,182.48,160.95,168.65,5534673,0
QCOM.US,D,20200309,000000,166.26,166.79,153.39,159.13,2797592,0
QCOM.US,D,20200309,000000,157.31,159.76,156.49,159.15,5630841,0
QCOM.US,D,20200309,000000,158.08,164.92,133.98,138.99,2867062,0
QCOM.US,D,20200310,000000,138.80,163.78,135.02,157.99,5982362,0
QCOM.US,D,20200311,000000,153.35,153.81,151.31,153.46,4310549,0
QCOM.US,D,20200312,000000,152.58,152.97,151.35,151.45,4954670,0
QCOM.US,D,20200313,000000,154.34,155.56,149.16,150.52,5358351,0
QCOM.US,D,20200316,000000,156.32,157.24,141.34,144.24,2992464,0
QCOM.US,D,20200316,000000,148.97,152.54,132.69,134.66,4907010,0
QCOM.US,D,20200316,000000,134.00,142.88,130.60,139.30,3410432,0
QCOM.US,D,20200317,000000,140.40,145.23,138.27,142.06,3185085,0
QCOM.US,D,20200318,000000,142.22,142.45,137.58,137.63,2299396,0
QCOM.US,D,20200319,000000,140.38,140.80,137.66,138.27,3709882,0
QCOM.US,D,20200320,000000,137.82,138.62,124.48,125.86,3940599,0
QCOM.US,D,20200323,000000,127.12,127.86,117.34,121.23,3556838,0
QCOM.US,D,20200323,000000,118.22,120.89,105.02,108.71,2650833,0
QCOM.US,D,20200323,000000,107.07,122.66,106.36,118.77,5517466,0
QCOM.US,D,20200324,000000,114.58,127.11,113.50,122.25,2139202,0
QCOM.US,D,20200325,000000,119.58,119.80,111.51,112.35,5253412,0
QCOM.US,D,20200326,000000,108.75,133.46,107.31,124.35,5331439,0
QCOM.US,D,20200327,000000,127.03,127.32,122.98,123.13,3249418,0
QCOM.US,D,20200330,000000,124.21,126.20,101.51,109.52,2379652,0
QCOM.US,D,20200330,000000,107.91,124.66,107.00,115.35,4900108,0
QCOM.US,D,20200330,000000,115.19,115.22,110.47,112.70,4055777,0
QCOM.US,D,20200331,000000,108.91,116.26,108.21,115.36,5371888,0
QCOM.US,D,20200401,000000,112.17,117.89,112.16,116.46,4892071,0
QCOM.US,D,20200402,000000,114.95,132.08,109.06,127.70,2354794,0
QCOM.US,D,20200403,000000,129.47,130.37,128.16,129.25,4850258,0
QCOM.US,D,20200406,000000,123.06,125.89,122.25,125.32,4016964,0
QCOM.US,D,20200406,000000,128.62,129.76,116.76,120.29,3706059,0
QCOM.US,D,20200406,000000,126.37,132.56,106.13,107.07,2263841,0
QCOM.US,D,20200407,000000,107.73,111.30,107.24,109.62,2066004,0
QCOM.US,D,20200408,000000,109.96,122.14,107.26,121.26,3214215,0
QCOM.US,D,20200409,000000,121.18,121.83,100.75,106.35,5628130,0
QCOM.US,D,20200410,000000,102.68,113.93,101.38,113.58,2150810,0
QCOM.US,D,20200413,000000,117.58,128.61,117.44,127.79,2401470,0
QCOM.US,D,20200413,000000,133.53,134.19,119.81,120.04,3869759,0
QCOM.US,D,20200413,000000,117.59,122.28,116.53,119.22,3841540,0
QCOM.US,D,20200414,000000,117.85,122.93,112.11,120.88,5515557,0
QCOM.US,D,20200415,000000,118.14,150.43,116.65,145.95,2625330,0
QCOM.US,D,20200416,000000,147.60,149.93,135.89,137.31,3140460,0
QCOM.US,D,20200417,000000,137.02,137.94,125.08,136.18,4501638,0
QCOM.US,D,20200420,000000,135.88,137.83,121.79,124.43,3996192,0
QCOM.US,D,20200420,000000,122.22,126.19,121.59,125.67,4338646,0
QCOM.US,D,20200420,000000,128.98,132.74,125.69,132.06,5520202,0
QCOM.US,D,20200421,000000,132.19,133.14,129.67,130.13,4671087,0
QCOM.US,D,20200422,000000,131.59,136.30,130.59,134.13,3216441,0
QCOM.US,D,20200423,000000,139.56,141.29,128.59,133.28,3286901,0
QCOM.US,D,20200424,000000,137.61,138.34,127.18,127.30,5528114,0
QCOM.US,D,20200427,000000,128.77,141.07,126.89,139.61,5481181,0
QCOM.US,D,20200427,000000,136.30,158.35,134.23,146.84,3371528,0
QCOM.US,D,20200427,000000,150.66,150.85,147.35,149.07,2650490,0
QCOM.US,D,20200428,000000,153.38,153.70,138.99,145.51,3908925,0
QCOM.US,D,20200429,000000,143.73,145.24,138.31,139.45,4223497,0
QCOM.US,D,20200430,000000,136.59,171.11,131.71,155.41,4216208,0
QCOM.US,D,20200501,000000,156.27,159.46,146.19,146.31,4574768,0
QCOM.US,D,20200504,000000,144.55,148.65,131.65,132.79,5657352,0
QCOM.US,D,20200504,000000,130.10,136.34,128.24,135.40,4573889,0
QCOM.US,D,20200504,000000,138.02,164.30,137.05,149.98,3396311,0
QCOM.US,D,20200505,000000,147.76,167.69,145.56,165.47,3400481,0
QCOM.US,D,20200506,000000,159.25,159.44,139.11,143.72,3708334,0
QCOM.US,D,20200507,000000,144.13,150.98,118.93,125.21,2304524,0
QCOM.US,D,20200508,000000,126.72,126.82,124.81,126.11,5135398,0
QCOM.US,D,20200511,000000,126.57,129.80,107.31,113.17,3563485,0
QCOM.US,D,20200511,000000,114.47,114.96,101.99,107.04,5712928,0
QCOM.US,D,20200511,000000,106.19,115.46,104.26,115.39,3137068,0
QCOM.US,D,20200512,000000,114.85,128.22,109.18,127.44,5145193,0
QCOM.US,D,20200513,000000,129.81,132.35,128.77,132.21,2812150,0
QCOM.US,D,20200514,000000,131.94,133.94,126.99,127.57,4766631,0
QCOM.US,D,20200515,000000,126.28,142.54,120.36,138.82,4790005,0
QCOM.US,D,20200518,000000,139.94,144.26,121.60,125.10,3454604,0
QCOM.US,D,20200518,000000,127.29,140.32,127.03,136.85,2468854,0
QCOM.US,D,20200518,000000,136.65,144.06,135.57,140.80,5424266,0
QCOM.US,D,20200519,000000,141.60,142.36,125.96,126.63,5736071,0
QCOM.US,D,20200520,000000,127.31,132.97,125.34,131.35,4711966,0
QCOM.US,D,20200521,000000,132.69,134.38,120.91,121.62,5310271,0
QCOM.US,D,20200522,000000,123.24,126.66,121.96,126.27,3335596,0
QCOM.US,D,20200525,000000,126.13,126.72,112.56,118.39,4257431,0
QCOM.US,D,20200525,000000,119.39,119.48,115.07,115.27,5680568,0
QCOM.US,D,20200525,000000,115.30,124.23,115.20,119.50,2178739,0
QCOM.US,D,20200526,000000,123.99,125.41,114.23,115.80,3685256,0
QCOM.US,D,20200527,000000,115.05,116.92,114.80,116.45,4879535,0
QCOM.US,D,20200528,000000,118.04,120.70,117.15,120.32,2097939,0
QCOM.US,D,20200529,000000,120.57,121.11,118.13,118.48,2306290,0
QCOM.US,D,20200601,000000,119.47,122.31,112.21,114.49,5757846,0
QCOM.US,D,20200601,000000,115.79,116.05,114.18,114.69,5784612,0
QCOM.US,D,20200601,000000,113.17,114.10,108.42,109.07,4126476,0
QCOM.US,D,20200602,000000,111.12,111.49,103.99,106.43,5406667,0
QCOM.US,D,20200603,000000,106.97,109.73,106.47,109.33,5305829,0
QCOM.US,D,20200604,000000,111.48,112.75,111.22,112.51,5422855,0
QCOM.US,D,20200605,000000,112.04,114.32,111.34,111.59,3327147,0
QCOM.US,D,20200608,000000,112.27,112.49,102.28,103.51,2281128,0
QCOM.US,D,20200608,000000,100.67,102.89,99.22,102.63,2008819,0
QCOM.US,D,20200608,000000,104.36,107.79,104.35,107.68,4282845,0
QCOM.US,D,20200609,000000,107.17,110.33,93.72,96.30,3381235,0
QCOM.US,D,20200610,000000,93.16,95.84,91.80,95.34,4969037,0
QCOM.US,D,20200611,000000,94.93,97.24,85.18,87.58,4169882,0
QCOM.US,D,20200612,000000,87.49,94.38,84.97,90.35,3560821,0
QCOM.US,D,20200615,000000,88.08,89.49,85.53,85.53,4647712,0
QCOM.US,D,20200615,000000,85.96,86.07,85.70,85.83,2171366,0
QCOM.US,D,20200615,000000,84.83,88.25,83.93,87.89,3235559,0
QCOM.US,D,20200616,000000,87.35,88.84,87.26,88.70,3422811,0
QCOM.US,D,20200617,000000,88.39,92.09,86.95,89.92,2530347,0
QCOM.US,D,20200618,000000,92.43,94.81,80.49,82.15,3816988,0
QCOM.US,D,20200619,000000,82.42,89.88,80.76,89.04,5183514,0
QCOM.US,D,20200622,000000,87.84,88.22,82.74,83.90,4566218,0
QCOM.US,D,20200622,000000,84.10,85.24,72.82,74.92,3834367,0
QCOM.US,D,20200622,000000,76.61,78.47,76.18,77.53,2757301,0
QCOM.US,D,20200623,000000,77.45,78.64,67.05,69.37,4339495,0
QCOM.US,D,20200624,000000,70.98,72.59,60.96,61.48,2573180,0
QCOM.US,D,20200625,000000,61.92,70.48,57.92,69.94,3841628,0
QCOM.US,D,20200626,000000,67.59,69.34,66.36,68.94,4025970,0
QCOM.US,D,20200629,000000,68.53,81.49,68.00,80.18,3095629,0
QCOM.US,D,20200629,000000,79.45,79.52,74.38,74.69,5132438,0
QCOM.US,D,20200629,000000,74.33,80.27,71.09,80.14,4714278,0
QCOM.US,D,20200630,000000,79.23,83.06,78.83,81.49,3780899,0
QCOM.US,D,20200701,000000,80.15,100.77,79.81,94.00,5636473,0
QCOM.US,D,20200702,000000,97.15,98.02,93.59,94.14,4981187,0
QCOM.US,D,20200703,000000,96.23,99.03,87.10,90.53,5321287,0
QCOM.US,D,20200706,000000,89.73,89.91,85.47,87.31,4640005,0
QCOM.US,D,20200706,000000,86.44,89.15,85.82,88.91,2233530,0
QCOM.US,D,20200706,000000,87.96,90.02,80.06,81.40,4543884,0
QCOM.US,D,20200707,000000,81.54,82.38,79.24,80.22,3743004,0
QCOM.US,D,20200708,000000,79.45,80.19,76.65,77.99,4549955,0
QCOM.US,D,20200709,000000,81.71,83.54,76.80,77.69,3681526,0
QCOM.US,D,20200710,000000,78.44,80.95,74.84,75.73,2766968,0
QCOM.US,D,20200713,000000,75.18,80.07,74.41,79.17,2621854,0
QCOM.US,D,20200713,000000,79.92,80.40,78.08,78.68,2170429,0
QCOM.US,D,20200713,000000,81.96,82.37,76.76,77.79,3148362,0
QCOM.US,D,20200714,000000,79.69,81.26,68.18,68.81,3775780,0
QCOM.US,D,20200715,000000,70.14,70.89,68.35,68.37,3228166,0
QCOM.US,D,20200716,000000,68.70,72.83,68.13,71.54,2279005,0
QCOM.US,D,20200717,000000,72.62,74.24,66.75,69.20,3796991,0
QCOM.US,D,20200720,000000,69.44,74.29,68.41,74.25,4398918,0
QCOM.US,D,20200720,000000,75.84,79.55,75.06,78.35,5744081,0
QCOM.US,D,20200720,000000,77.44,81.42,77.40,79.86,4455029,0
QCOM.US,D,20200721,000000,80.74,81.81,80.67,81.22,4955864,0
QCOM.US,D,20200722,000000,82.82,83.75,79.91,80.42,5995310,0
QCOM.US,D,20200723,000000,80.14,80.44,79.31,80.08,4632322,0
QCOM.US,D,20200724,000000,78.73,79.89,74.53,76.42,3061389,0
QCOM.US,D,20200727,000000,75.87,78.01,75.56,77.42,3123243,0
QCOM.US,D,20200727,000000,77.01,82.01,73.62,81.52,3959481,0
QCOM.US,D,20200727,000000,82.11,84.65,81.84,82.87,4102994,0
QCOM.US,D,20200728,000000,83.98,96.01,82.01,91.38,5084344,0
QCOM.US,D,20200729,000000,92.36,92.51,90.99,91.74,3398675,0
QCOM.US,D,20200730,000000,90.58,93.57,89.72,93.38,5245877,0
QCOM.US,D,20200731,000000,95.08,96.22,94.50,95.77,2955400,0
QCOM.US,D,20200803,000000,97.10,98.24,94.72,95.49,4549664,0
QCOM.US,D,20200803,000000,95.12,95.19,94.87,94.99,4343178,0
QCOM.US,D,20200803,000000,95.18,97.20,95.10,96.61,4964046,0
QCOM.US,D,20200804,000000,96.94,97.06,94.47,95.09,5191307,0
QCOM.US,D,20200805,000000,95.53,96.47,95.08,96.39,3565111,0
QCOM.US,D,20200806,000000,98.09,102.15,87.91,90.19,4872291,0
QCOM.US,D,20200807,000000,90.34,91.27,85.77,87.30,4589978,0
QCOM.US,D,20200810,000000,87.26,91.16,85.82,90.24,5334844,0
QCOM.US,D,20200810,000000,89.72,96.16,89.71,94.05,4246093,0
QCOM.US,D,20200810,000000,94.07,96.84,92.62,96.69,5320395,0
QCOM.US,D,20200811,000000,96.28,97.83,90.16,91.11,4650207,0
QCOM.US,D,20200812,000000,91.06,91.85,87.20,88.92,3219799,0
QCOM.US,D,20200813,000000,88.33,88.48,86.96,87.19,2485927,0
QCOM.US,D,20200814,000000,87.03,87.74,84.67,85.24,2887011,0
QCOM.US,D,20200817,000000,84.47,91.33,83.73,90.93,3653493,0
QCOM.US,D,20200817,000000,90.47,92.94,89.84,92.03,2376092,0
QCOM.US,D,20200817,000000,91.82,96.86,91.33,95.15,4663885,0
QCOM.US,D,20200818,000000,95.15,97.41,94.86,96.89,2661927,0
QCOM.US,D,20200819,000000,96.60,100.44,96.07,99.45,2295340,0
QCOM.US,D,20200820,000000,99.94,103.61,99.74,103.33,4871264,0
QCOM.US,D,20200821,000000,104.21,104.61,101.98,102.81,2390043,0
QCOM.US,D,20200824,000000,100.29,101.73,100.10,101.24,3022189,0
QCOM.US,D,20200824,000000,100.13,103.73,99.46,101.74,4826575,0
QCOM.US,D,20200824,000000,102.15,103.41,96.71,98.74,3833021,0
QCOM.US,D,20200825,000000,98.06,102.84,97.57,100.41,5727133,0
QCOM.US,D,20200826,000000,98.92,100.12,98.24,99.66,5552523,0
QCOM.US,D,20200827,000000,99.46,100.39,96.13,98.50,4893952,0
QCOM.US,D,20200828,000000,98.83,100.56,98.45,100.28,5556814,0
QCOM.US,D,20200831,000000,99.86,100.04,99.40,99.66,3633901,0
QCOM.US,D,20200831,000000,99.08,104.17,97.46,103.02,2849926,0
QCOM.US,D,20200831,000000,104.20,104.32,102.52,103.09,3429520,0
QCOM.US,D,20200901,000000,102.81,104.64,102.64,104.29,3076300,0
QCOM.US,D,20200902,000000,103.48,105.63,103.48,104.89,4522318,0
QCOM.US,D,20200903,000000,103.73,112.35,102.60,109.12,2032370,0
QCOM.US,D,20200904,000000,108.68,109.30,107.69,107.70,3430922,0
QCOM.US,D,20200907,000000,107.75,111.64,107.71,110.22,4803036,0
QCOM.US,D,20200907,000000,110.42,111.04,104.16,104.48,3489208,0
QCOM.US,D,20200907,000000,105.27,108.27,104.78,107.94,2167019,0
QCOM.US,D,20200908,000000,107.84,108.54,107.46,108.35,2275880,0
QCOM.US,D,20200909,000000,108.22,111.11,108.05,110.06,3498580,0
QCOM.US,D,20200910,000000,110.46,116.65,109.76,114.63,2720847,0
QCOM.US,D,20200911,000000,114.56,115.01,110.98,112.23,3206949,0
QCOM.US,D,20200914,000000,111.34,114.04,111.05,113.01,3683182,0
QCOM.US,D,20200914,000000,114.09,114.99,111.10,112.47,4360474,0
QCOM.US,D,20200914,000000,110.72,111.18,109.50,109.76,4100018,0
QCOM.US,D,20200915,000000,109.23,111.11,108.81,110.57,5026247,0
QCOM.US,D,20200916,000000,111.32,113.57,110.87,113.34,5383207,0
QCOM.US,D,20200917,000000,112.74,113.01,110.17,110.72,3047207,0
QCOM.US,D,20200918,000000,111.81,116.11,111.45,114.84,3181192,0
QCOM.US,D,20200921,000000,114.80,114.90,114.67,114.69,2486205,0
QCOM.US,D,20200921,000000,115.22,117.06,114.91,117.00,5155725,0
QCOM.US,D,20200921,000000,117.08,118.03,113.99,114.88,5284556,0
QCOM.US,D,20200922,000000,113.87,114.98,112.00,112.50,2035556,0
QCOM.US,D,20200923,000000,112.96,114.78,112.48,113.66,4893447,0
QCOM.US,D,20200924,000000,112.87,113.01,110.19,110.79,5687993,0
QCOM.US,D,20200925,000000,110.06,112.63,109.82,111.16,5935038,0
QCOM.US,D,20200928,000000,111.26,112.04,110.88,111.80,4566807,0
QCOM.US,D,20200928,000000,112.46,112.47,112.31,112.32,5293580,0
QCOM.US,D,20200928,000000,113.48,115.41,109.12,109.35,3062310,0
QCOM.US,D,20200929,000000,107.20,110.70,107.18,109.58,5308899,0
QCOM.US,D,20200930,000000,110.16,111.87,110.11,111.13,4782407,0
QCOM.US,D,20201001,000000,111.90,112.08,106.52,109.51,4093630,0
QCOM.US,D,20201002,000000,109.62,111.54,108.78,110.98,2569894,0
QCOM.US,D,20201005,000000,109.17,109.62,106.95,107.18,4979798,0
QCOM.US,D,20201005,000000,108.17,109.90,102.59,104.87,2292487,0
QCOM.US,D,20201005,000000,104.33,104.41,103.40,103.55,4069852,0
QCOM.US,D,20201006,000000,103.33,103.34,101.89,101.96,4939693,0
QCOM.US,D,20201007,000000,101.80,103.83,101.37,103.60,4120922,0
QCOM.US,D,20201008,000000,103.01,103.29,101.66,102.05,4066236,0
QCOM.US,D,20201009,000000,101.32,101.57,100.07,100.29,2549735,0
QCOM.US,D,20201012,000000,102.66,105.33,89.01,93.31,5785888,0
QCOM.US,D,20201012,000000,93.45,94.71,89.34,89.54,3530399,0
QCOM.US,D,20201012,000000,88.46,94.96,87.61,94.14,4070203,0
QCOM.US,D,20201013,000000,94.52,95.32,91.55,92.31,4303391,0
QCOM.US,D,20201014,000000,93.04,94.09,85.84,89.86,2075737,0
QCOM.US,D,20201015,000000,89.57,89.73,89.55,89.71,5534870,0
QCOM.US,D,20201016,000000,89.36,91.68,88.83,90.64,2619004,0
QCOM.US,D,20201019,000000,89.60,89.76,85.76,86.53,3762190,0
QCOM.US,D,20201019,000000,86.42,87.21,84.81,85.71,3598248,0
QCOM.US,D,20201019,000000,87.29,87.42,86.61,86.99,3111774,0
QCOM.US,D,20201020,000000,86.61,87.24,86.46,86.63,2408516,0
QCOM.US,D,20201021,000000,87.34,88.74,82.91,88.03,2885626,0
QCOM.US,D,20201022,000000,87.24,87.40,84.30,86.79,2241487,0
QCOM.US,D,20201023,000000,86.62,86.90,85.31,85.44,5438549,0
QCOM.US,D,20201026,000000,84.20,84.81,82.26,82.28,4191980,0
QCOM.US,D,20201026,000000,82.76,82.96,79.20,79.85,2966074,0
QCOM.US,D,20201026,000000,80.31,80.68,79.29,79.88,2945074,0
QCOM.US,D,20201027,000000,80.30,83.42,79.60,82.40,2891666,0
QCOM.US,D,20201028,000000,83.57,83.77,81.94,82.09,5093708,0
QCOM.US,D,20201029,000000,82.28,85.18,80.29,83.12,3041176,0
QCOM.US,D,20201030,000000,83.71,87.16,83.34,86.44,4228975,0
QCOM.US,D,20201102,000000,86.22,92.66,84.39,90.61,2873035,0
QCOM.US,D,20201102,000000,92.21,93.88,85.58,89.22,2165283,0
QCOM.US,D,20201102,000000,89.44,102.90,89.16,97.72,4475202,0
QCOM.US,D,20201103,000000,96.46,96.70,92.54,94.15,2650513,0
QCOM.US,D,20201104,000000,95.20,98.69,88.59,89.29,4081341,0
QCOM.US,D,20201105,000000,87.97,89.54,87.39,89.30,2961737,0
QCOM.US,D,20201106,000000,88.78,90.31,88.25,89.67,4060591,0
QCOM.US,D,20201109,000000,90.17,93.40,90.04,92.40,4595617,0
QCOM.US,D,20201109,000000,91.45,92.66,91.43,92.20,3913842,0
QCOM.US,D,20201109,000000,92.55,95.00,91.05,94.63,2131767,0
QCOM.US,D,20201110,000000,94.36,96.37,94.17,96.00,5135292,0
QCOM.US,D,20201111,000000,96.62,97.53,93.38,94.50,2652999,0
QCOM.US,D,20201112,000000,92.72,92.75,91.52,92.16,2132183,0
QCOM.US,D,20201113,000000,91.87,92.75,82.22,86.70,3109424,0
QCOM.US,D,20201116,000000,87.45,90.76,86.42,89.60,5165787,0
QCOM.US,D,20201116,000000,90.57,92.20,89.48,91.24,5797903,0
QCOM.US,D,20201116,000000,92.67,92.79,91.83,92.13,5472193,0
QCOM.US,D,20201117,000000,91.31,93.28,89.39,92.71,4444901,0
QCOM.US,D,20201118,000000,92.30,93.30,92.26,92.55,3221775,0
QCOM.US,D,20201119,000000,92.81,92.98,92.23,92.64,2276292,0
QCOM.US,D,20201120,000000,92.03,95.68,90.89,94.82,5541499,0
QCOM.US,D,20201123,000000,96.23,96.72,94.96,95.28,3543294,0
QCOM.US,D,20201123,000000,95.47,96.33,93.55,93.90,4369027,0
QCOM.US,D,20201123,000000,92.66,93.57,92.45,93.10,5103486,0
QCOM.US,D,20201124,000000,95.52,100.14,95.00,97.98,4750051,0
QCOM.US,D,20201125,000000,97.66,100.50,97.57,99.60,2222494,0
QCOM.US,D,20201126,000000,99.19,106.81,98.82,103.86,2433347,0
QCOM.US,D,20201127,000000,103.93,104.07,100.07,102.15,5949152,0
QCOM.US,D,20201130,000000,103.19,105.45,103.12,103.82,3854780,0
QCOM.US,D,20201130,000000,102.74,102.97,99.82,101.00,5211764,0
QCOM.US,D,20201130,000000,100.86,105.02,100.60,103.34,5067004,0
QCOM.US,D,20201201,000000,103.49,106.80,102.99,105.45,2778507,0
QCOM.US,D,20201202,000000,105.75,105.77,104.98,105.11,4860465,0
QCOM.US,D,20201203,000000,105.36,106.02,101.68,102.26,4846543,0
QCOM.US,D,20201204,000000,102.84,106.61,102.45,106.32,2923704,0
QCOM.US,D,20201207,000000,104.67,113.47,101.54,112.82,5236080,0
QCOM.US,D,20201207,000000,113.73,119.09,113.72,116.76,3331919,0
QCOM.US,D,20201207,000000,117.57,124.69,117.19,122.18,2241163,0
QCOM.US,D,20201208,000000,120.85,124.93,119.24,124.57,4407632,0
QCOM.US,D,20201209,000000,125.54,126.55,124.75,126.30,5367261,0
QCOM.US,D,20201210,000000,124.48,129.98,123.99,129.27,5622325,0
QCOM.US,D,20201211,000000,126.96,131.89,125.82,130.31,2823618,0
QCOM.US,D,20201214,000000,130.50,132.78,130.14,132.76,5369833,0
QCOM.US,D,20201214,000000,130.30,141.65,122.64,138.61,4514359,0
QCOM.US,D,20201214,000000,142.36,146.91,141.82,145.87,5976032,0
QCOM.US,D,20201215,000000,144.32,152.47,142.04,149.82,3929981,0
QCOM.US,D,20201216,000000,150.93,152.16,150.09,150.23,2528125,0
QCOM.US,D,20201217,000000,150.32,151.39,139.07,139.97,5747736,0
QCOM.US,D,20201218,000000,140.98,141.67,140.09,140.13,5621069,0
QCOM.US,D,20201221,000000,141.20,141.36,137.35,139.36,4827464,0
QCOM.US,D,20201221,000000,140.52,140.84,139.04,139.40,2276701,0
QCOM.US,D,20201221,000000,135.86,136.51,131.49,134.62,3550168,0
QCOM.US,D,20201222,000000,136.13,136.93,129.34,130.35,5080167,0
QCOM.US,D,20201223,000000,130.70,134.91,129.53,134.54,2459824,0
QCOM.US,D,20201224,000000,136.03,136.03,128.22,129.12,4317952,0
QCOM.US,D,20201225,000000,128.08,130.48,127.54,129.36,3997103,0
QCOM.US,D,20201228,000000,130.79,131.39,125.27,125.48,3816522,0
QCOM.US,D,20201228,000000,125.31,125.51,124.86,124.87,2162388,0
QCOM.US,D,20201228,000000,126.37,130.47,125.55,129.06,5769397,0
QCOM.US,D,20201229,000000,127.84,133.50,127.47,132.68,4921006,0
QCOM.US,D,20201230,000000,131.30,131.47,126.45,126.84,2370742,0
QCOM.US,D,20201231,000000,129.25,130.91,118.13,121.78,3643887,0
QCOM.US,D,20210101,000000,122.85,123.06,120.52,121.33,4261139,0
QCOM.US,D,20210104,000000,119.49,119.77,117.13,117.36,3505594,0
QCOM.US,D,20210104,000000,115.78,116.37,102.93,103.93,5208963,0
QCOM.US,D,20210104,000000,105.31,107.32,91.95,94.54,5241724,0
QCOM.US,D,20210105,000000,95.53,96.59,90.07,92.65,2900573,0
QCOM.US,D,20210106,000000,93.35,97.12,92.23,97.12,4978277,0
QCOM.US,D,20210107,000000,97.77,98.74,91.70,94.06,2050889,0
QCOM.US,D,20210108,000000,94.35,101.55,91.58,99.81,5726498,0
QCOM.US,D,20210111,000000,100.42,100.84,91.79,92.42,5850279,0
QCOM.US,D,20210111,000000,91.47,91.88,91.43,91.78,3518294,0
QCOM.US,D,20210111,000000,90.86,92.02,88.83,89.03,5999004,0
QCOM.US,D,20210112,000000,89.42,90.41,85.74,86.28,4375411,0
QCOM.US,D,20210113,000000,85.34,90.45,84.72,88.63,2477224,0
QCOM.US,D,20210114,000000,87.48,88.05,81.92,84.31,3365758,0
QCOM.US,D,20210115,000000,85.20,86.14,84.53,85.89,4893872,0
QCOM.US,D,20210118,000000,86.28,86.61,84.76,85.16,2721203,0
QCOM.US,D,20210118,000000,85.47,85.65,80.18,80.87,5237795,0
QCOM.US,D,20210118,000000,80.68,84.13,80.45,84.08,4463727,0
QCOM.US,D,20210119,000000,83.77,89.47,83.74,86.27,2082885,0
QCOM.US,D,20210120,000000,85.12,88.48,84.82,87.79,2463872,0
QCOM.US,D,20210121,000000,86.76,92.56,86.43,90.93,4063429,0
QCOM.US,D,20210122,000000,91.13,92.99,89.92,92.85,4578977,0
QCOM.US,D,20210125,000000,91.31,94.73,90.47,93.83,5934743,0
QCOM.US,D,20210125,000000,94.84,97.02,89.83,92.13,2463992,0
QCOM.US,D,20210125,000000,89.16,101.28,86.66,96.66,5190851,0
QCOM.US,D,20210126,000000,96.59,99.59,94.65,99.07,5588650,0
QCOM.US,D,20210127,000000,101.14,105.10,93.62,94.80,3211431,0
QCOM.US,D,20210128,000000,95.21,96.25,92.04,94.65,3474824,0
QCOM.US,D,20210129,000000,95.25,95.26,91.09,91.49,2739605,0
QCOM.US,D,20210201,000000,91.27,91.41,89.75,89.97,3041968,0
QCOM.US,D,20210201,000000,90.58,95.77,89.75,92.58,3692279,0
QCOM.US,D,20210201,000000,93.03,95.36,92.91,95.16,2240524,0
QCOM.US,D,20210202,000000,96.38,100.29,96.20,100.08,5957147,0
QCOM.US,D,20210203,000000,99.80,100.41,99.78,99.82,4945772,0
QCOM.US,D,20210204,000000,98.28,106.06,98.23,105.16,3749173,0
QCOM.US,D,20210205,000000,104.64,104.80,104.52,104.79,2523772,0
QCOM.US,D,20210208,000000,105.96,107.23,97.32,100.60,3810458,0
QCOM.US,D,20210208,000000,100.11,101.33,91.48,95.36,3543326,0
QCOM.US,D,20210208,000000,96.21,96.43,94.57,94.70,5424142,0
QCOM.US,D,20210209,000000,95.90,96.86,94.40,94.82,3236448,0
QCOM.US,D,20210210,000000,94.65,95.70,91.32,91.99,2231340,0
QCOM.US,D,20210211,000000,92.16,92.43,91.35,91.55,2829756,0
QCOM.US,D,20210212,000000,91.42,94.37,91.22,94.34,5914360,0
QCOM.US,D,20210215,000000,94.16,98.83,94.08,96.79,4274323,0
QCOM.US,D,20210215,000000,95.81,98.89,95.74,98.76,4869574,0
QCOM.US,D,20210215,000000,99.43,101.20,99.25,101.00,4444990,0
QCOM.US,D,20210216,000000,101.57,104.26,100.88,102.84,3972826,0
QCOM.US,D,20210217,000000,102.69,103.88,101.77,103.19,4629585,0
QCOM.US,D,20210218,000000,103.54,103.79,102.86,103.23,4329375,0
QCOM.US,D,20210219,000000,103.54,104.37,103.26,104.27,3183336,0
QCOM.US,D,20210222,000000,104.42,104.52,104.26,104.37,2627502,0
QCOM.US,D,20210222,000000,104.24,105.66,103.64,105.27,2668560,0
QCOM.US,D,20210222,000000,103.96,104.27,99.36,99.76,4185574,0
QCOM.US,D,20210223,000000,98.68,99.10,92.90,94.51,3067753,0
QCOM.US,D,20210224,000000,96.30,97.39,92.97,94.27,3923998,0
QCOM.US,D,20210225,000000,93.57,100.44,92.92,99.67,5570222,0
QCOM.US,D,20210226,000000,99.53,103.10,98.37,99.93,2981970,0
QCOM.US,D,20210301,000000,101.02,105.58,99.54,105.00,5679823,0
QCOM.US,D,20210301,000000,107.04,115.18,106.04,113.44,4509412,0
QCOM.US,D,20210301,000000,115.68,116.86,106.99,108.99,3763403,0
QCOM.US,D,20210302,000000,109.95,110.59,109.79,110.23,3854858,0
QCOM.US,D,20210303,000000,110.05,110.63,106.49,106.81,5447246,0
QCOM.US,D,20210304,000000,106.22,107.51,100.88,102.20,3135789,0
QCOM.US,D,20210305,000000,101.37,112.27,97.10,108.39,2550070,0
QCOM.US,D,20210308,000000,105.68,114.76,102.78,114.61,4573596,0
QCOM.US,D,20210308,000000,111.66,121.58,111.43,116.00,5803659,0
QCOM.US,D,20210308,000000,113.64,124.84,110.90,120.73,2784589,0
QCOM.US,D,20210309,000000,120.94,121.65,116.18,116.84,5456276,0
QCOM.US,D,20210310,000000,114.37,121.49,112.97,119.48,2415316,0
QCOM.US,D,20210311,000000,118.77,120.01,113.60,114.10,4531657,0
QCOM.US,D,20210312,000000,114.06,114.16,105.51,109.07,5322253,0
QCOM.US,D,20210315,000000,107.20,112.03,106.61,110.46,5226846,0
QCOM.US,D,20210315,000000,111.13,111.71,108.09,108.69,4712564,0
QCOM.US,D,20210315,000000,108.97,109.28,103.38,104.68,5684422,0
QCOM.US,D,20210316,000000,102.63,102.80,99.91,100.53,3097474,0
QCOM.US,D,20210317,000000,100.54,100.59,99.97,100.07,4876493,0
QCOM.US,D,20210318,000000,99.57,102.70,98.34,101.89,6458769,0
QCOM.US,D,20210319,000000,103.11,103.23,102.57,102.76,8867464,0
QCOM.US,D,20210322,000000,103.99,105.04,103.69,104.52,3531404,0
QCOM.US,D,20210322,000000,103.60,106.19,103.44,106.03,10471982,0
QCOM.US,D,20210322,000000,104.47,108.88,103.65,108.18,6945483,0
QCOM.US,D,20210323,000000,108.01,112.95,107.72,110.85,11376671,0
QCOM.US,D,20210324,000000,111.47,113.25,110.91,113.02,9524753,0
QCOM.US,D,20210325,000000,114.11,117.32,112.08,115.24,5300969,0
QCOM.US,D,20210326,000000,116.31,120.40,115.26,118.83,4820851,0
QCOM.US,D,20210329,000000,120.54,122.30,120.09,122.10,12809410,0
QCOM.US,D,20210329,000000,123.27,125.40,122.97,124.86,7983190,0
QCOM.US,D,20210329,000000,125.22,128.20,125.08,127.65,9504956,0
QCOM.US,D,20210330,000000,125.84,132.75,124.51,130.67,7406962,0
QCOM.US,D,20210331,000000,131.18,137.79,130.58,134.59,7842361,0
QCOM.US,D,20210401,000000,131.81,139.00,130.23,138.43,15631399,0
QCOM.US,D,20210402,000000,139.72,144.40,139.60,141.68,9348481,0
QCOM.US,D,20210405,000000,140.23,148.39,138.45,146.36,15374763,0
QCOM.US,D,20210405,000000,145.51,152.08,144.63,151.01,12179149,0
QCOM.US,D,20210405,000000,153.19,154.48,152.88,154.20,13431913,0
QCOM.US,D,20210406,000000,154.10,159.47,150.85,158.98,17109242,0
QCOM.US,D,20210407,000000,158.36,167.08,157.19,164.23,7659595,0
QCOM.US,D,20210408,000000,163.53,172.60,161.04,169.55,13310312,0
QCOM.US,D,20210409,000000,169.54,177.14,168.60,174.57,14772650,0
QCOM.US,D,20210412,000000,174.79,181.40,174.18,180.37,13075864,0
QCOM.US,D,20210412,000000,179.38,190.37,177.38,188.51,20997680,0
QCOM.US,D,20210412,000000,186.18,196.91,185.67,191.82,4010653,0
QCOM.US,D,20210413,000000,191.89,198.26,191.32,195.83,3652093,0
QCOM.US,D,20210414,000000,194.91,195.04,192.90,193.02,4890254,0
QCOM.US,D,20210415,000000,195.34,196.48,195.12,196.43,4311276,0
QCOM.US,D,20210416,000000,194.70,195.94,194.25,195.83,2554355,0
QCOM.US,D,20210419,000000,201.25,201.90,195.75,196.37,4923175,0
QCOM.US,D,20210419,000000,195.85,196.96,195.40,196.18,5505744,0
QCOM.US,D,20210419,000000,196.68,199.87,194.95,199.37,4056049,0
QCOM.US,D,20210420,000000,201.84,203.09,185.20,189.87,2450265,0
QCOM.US,D,20210421,000000,189.86,200.64,188.94,200.57,5002590,0
QCOM.US,D,20210422,000000,201.59,205.56,200.99,204.18,5079324,0
QCOM.US,D,20210423,000000,205.08,207.35,190.04,195.18,5431146,0
QCOM.US,D,20210426,000000,195.42,196.44,195.40,195.98,5428173,0
QCOM.US,D,20210426,000000,196.04,197.52,195.91,196.92,4854802,0
QCOM.US,D,20210426,000000,196.71,203.84,195.30,201.03,5633341,0
QCOM.US,D,20210427,000000,201.19,210.06,198.48,205.57,5152655,0
QCOM.US,D,20210428,000000,204.22,211.92,203.48,210.20,3238520,0
QCOM.US,D,20210429,000000,208.69,213.23,207.90,212.42,6516217,0
QCOM.US,D,20210430,000000,216.30,216.86,212.92,214.70,8334210,0
QCOM.US,D,20210503,000000,212.11,219.01,211.92,217.78,5450550,0
QCOM.US,D,20210503,000000,217.07,223.45,215.76,221.55,10582792,0
QCOM.US,D,20210503,000000,221.30,224.94,220.06,224.42,10581935,0
QCOM.US,D,20210504,000000,227.70,231.33,227.13,230.10,7103060,0
QCOM.US,D,20210505,000000,227.77,236.02,225.80,235.09,5425853,0
QCOM.US,D,20210506,000000,238.38,243.92,237.10,240.41,4613659,0
QCOM.US,D,20210507,000000,235.90,246.51,234.91,245.72,6971547,0
QCOM.US,D,20210510,000000,241.78,251.74,239.47,251.41,11897811,0
QCOM.US,D,20210510,000000,251.72,258.91,250.49,257.58,9669469,0
QCOM.US,D,20210510,000000,264.12,264.45,262.58,262.93,12826997,0
QCOM.US,D,20210511,000000,260.14,269.33,256.97,268.76,10488781,0
QCOM.US,D,20210512,000000,271.90,277.94,271.57,274.88,10410944,0
QCOM.US,D,20210513,000000,271.45,285.33,269.28,281.49,5547488,0
QCOM.US,D,20210514,000000,279.20,295.05,276.78,288.87,14447833,0
QCOM.US,D,20210517,000000,291.42,296.27,290.47,295.04,11738436,0
QCOM.US,D,20210517,000000,295.82,305.35,295.19,304.41,13218055,0
QCOM.US,D,20210517,000000,303.30,316.78,302.49,315.02,6165627,0
QCOM.US,D,20210518,000000,319.27,325.97,318.89,325.54,12882579,0
QCOM.US,D,20210519,000000,324.65,336.67,322.62,335.64,17485862,0
QCOM.US,D,20210520,000000,337.98,353.70,334.33,345.85,18140669,0
QCOM.US,D,20210521,000000,341.71,358.66,336.76,357.24,15477047,0
QCOM.US,D,20210524,000000,352.42,373.49,349.45,371.97,13871621,0
QCOM.US,D,20210524,000000,368.38,390.24,367.38,383.78,18180604,0
QCOM.US,D,20210524,000000,384.46,406.17,381.36,397.86,16306072,0
QCOM.US,D,20210525,000000,398.84,413.62,388.82,412.67,16799330,0
QCOM.US,D,20210526,000000,414.23,434.48,413.19,426.84,3894652,0
QCOM.US,D,20210527,000000,418.17,457.44,409.40,457.13,4265283,0
QCOM.US,D,20210528,000000,461.09,461.62,457.40,458.53,2741964,0
QCOM.US,D,20210531,000000,458.56,478.32,452.08,474.81,2906939,0
QCOM.US,D,20210531,000000,480.17,482.05,435.35,449.20,3855224,0
QCOM.US,D,20210531,000000,452.44,467.59,448.87,463.61,5211556,0
QCOM.US,D,20210601,000000,457.88,461.46,456.22,456.26,2673119,0
QCOM.US,D,20210602,000000,452.36,469.89,447.65,457.14,4960583,0
QCOM.US,D,20210603,000000,454.15,454.24,452.46,452.77,2006548,0
QCOM.US,D,20210604,000000,451.04,476.49,449.12,469.22,5370977,0
QCOM.US,D,20210607,000000,465.02,468.34,443.53,450.13,4434707,0
QCOM.US,D,20210607,000000,450.44,453.34,447.93,453.20,3420655,0
QCOM.US,D,20210607,000000,454.47,461.21,413.22,421.33,4973616,0
QCOM.US,D,20210608,000000,424.02,435.12,390.29,400.92,3218091,0
QCOM.US,D,20210609,000000,403.82,413.96,401.48,412.40,3551989,0
QCOM.US,D,20210610,000000,413.51,416.19,401.37,407.26,2739708,0
QCOM.US,D,20210611,000000,405.67,409.49,404.56,407.08,5072942,0
QCOM.US,D,20210614,000000,410.75,411.61,391.46,393.41,2589349,0
QCOM.US,D,20210614,000000,396.83,397.43,380.77,382.98,3149394,0
QCOM.US,D,20210614,000000,386.43,386.96,377.99,381.26,3751296,0
QCOM.US,D,20210615,000000,381.39,381.46,378.19,378.58,2046551,0
QCOM.US,D,20210616,000000,374.51,395.78,373.62,387.89,4068780,0
QCOM.US,D,20210617,000000,383.48,389.08,371.31,374.87,3340498,0
QCOM.US,D,20210618,000000,379.07,379.25,376.84,377.22,3391778,0
QCOM.US,D,20210621,000000,378.45,380.74,375.46,377.00,5747784,0
QCOM.US,D,20210621,000000,376.73,400.55,371.63,395.61,3446995,0
QCOM.US,D,20210621,000000,385.42,386.44,354.14,359.95,5148746,0
QCOM.US,D,20210622,000000,355.96,373.42,354.95,370.04,2752570,0
QCOM.US,D,20210623,000000,364.83,382.08,364.50,369.70,5430371,0
QCOM.US,D,20210624,000000,374.01,374.19,369.05,370.77,4781197,0
QCOM.US,D,20210625,000000,371.22,376.71,339.69,346.38,2505948,0
QCOM.US,D,20210628,000000,349.28,351.88,334.51,340.58,2475895,0
QCOM.US,D,20210628,000000,341.59,349.75,340.27,348.19,3590142,0
QCOM.US,D,20210628,000000,348.84,368.37,346.67,360.61,2640482,0
QCOM.US,D,20210629,000000,360.92,361.16,356.66,357.25,5334451,0
QCOM.US,D,20210630,000000,358.94,365.79,357.87,364.16,2974887,0
QCOM.US,D,20210701,000000,357.95,360.71,338.41,346.27,4196059,0
QCOM.US,D,20210702,000000,342.55,344.46,327.05,331.54,3564882,0
QCOM.US,D,20210705,000000,335.68,343.49,333.43,343.38,3396853,0
QCOM.US,D,20210705,000000,344.85,382.60,341.39,370.38,3542255,0
QCOM.US,D,20210705,000000,364.86,368.29,346.27,349.15,2314177,0
QCOM.US,D,20210706,000000,351.85,364.71,349.10,356.01,5455838,0
QCOM.US,D,20210707,000000,358.08,358.96,344.71,347.20,2550603,0
QCOM.US,D,20210708,000000,346.23,362.16,342.38,355.62,3443872,0
QCOM.US,D,20210709,000000,354.39,359.79,334.30,344.80,3318145,0
QCOM.US,D,20210712,000000,345.04,351.36,340.21,348.15,3025876,0
QCOM.US,D,20210712,000000,349.75,353.78,345.27,349.94,4557640,0
QCOM.US,D,20210712,000000,340.78,341.26,333.91,336.32,3441952,0
QCOM.US,D,20210713,000000,329.48,348.56,328.91,346.64,4517083,0
QCOM.US,D,20210714,000000,350.17,350.21,343.32,350.16,5585846,0
QCOM.US,D,20210715,000000,346.13,370.27,341.28,364.45,3525978,0
QCOM.US,D,20210716,000000,357.06,391.62,352.58,380.19,3628760,0
QCOM.US,D,20210719,000000,384.53,385.08,375.12,380.36,4407835,0
QCOM.US,D,20210719,000000,369.96,371.80,362.19,364.35,5191819,0
QCOM.US,D,20210719,000000,359.45,389.89,356.44,388.08,5190163,0
QCOM.US,D,20210720,000000,387.56,400.59,383.45,399.47,2603961,0
QCOM.US,D,20210721,000000,400.93,424.13,400.75,420.01,5960083,0
QCOM.US,D,20210722,000000,417.71,437.56,417.54,434.35,5376297,0
QCOM.US,D,20210723,000000,438.99,487.35,435.14,480.88,5429215,0
QCOM.US,D,20210726,000000,482.60,484.31,480.66,482.25,5333352,0
QCOM.US,D,20210726,000000,476.86,476.97,470.82,471.46,5433810,0
QCOM.US,D,20210726,000000,471.19,489.35,388.48,405.67,2665122,0
QCOM.US,D,20210727,000000,404.05,430.66,383.62,426.59,2330169,0
QCOM.US,D,20210728,000000,415.31,453.56,404.62,453.26,3013326,0
QCOM.US,D,20210729,000000,447.36,453.38,430.38,436.75,2690653,0
QCOM.US,D,20210730,000000,446.83,463.45,398.05,404.37,2884570,0
QCOM.US,D,20210802,000000,398.73,417.04,398.12,404.93,2040903,0
QCOM.US,D,20210802,000000,409.88,422.81,403.72,416.70,5782873,0
QCOM.US,D,20210802,000000,415.92,436.52,410.42,432.64,5462671,0
QCOM.US,D,20210803,000000,423.70,453.09,417.63,447.92,4031995,0
QCOM.US,D,20210804,000000,437.65,437.82,429.25,432.34,3004273,0
QCOM.US,D,20210805,000000,432.36,439.23,403.78,409.45,3304940,0
QCOM.US,D,20210806,000000,410.82,411.88,394.55,396.25,2928448,0
QCOM.US,D,20210809,000000,384.46,387.78,383.11,386.83,5842649,0
QCOM.US,D,20210809,000000,390.33,393.09,379.53,379.61,5040763,0
QCOM.US,D,20210809,000000,372.44,374.05,363.43,365.22,3521242,0
QCOM.US,D,20210810,000000,369.75,371.96,328.05,331.28,3270481,0
QCOM.US,D,20210811,000000,328.34,343.23,324.79,343.14,5939911,0
QCOM.US,D,20210812,000000,345.66,355.80,310.33,319.82,2421532,0
QCOM.US,D,20210813,000000,321.90,323.43,304.16,310.64,4781812,0
QCOM.US,D,20210816,000000,309.31,309.67,307.86,308.28,3555781,0
QCOM.US,D,20210816,000000,311.72,312.41,299.43,300.14,2912672,0
QCOM.US,D,20210816,000000,298.53,298.75,297.88,298.06,2205661,0
QCOM.US,D,20210817,000000,294.47,304.57,292.30,304.11,3776561,0
QCOM.US,D,20210818,000000,309.06,315.22,308.62,312.06,2186677,0
QCOM.US,D,20210819,000000,314.11,314.68,306.17,306.61,5018828,0
QCOM.US,D,20210820,000000,302.17,311.53,299.70,310.38,2581468,0
QCOM.US,D,20210823,000000,313.39,313.82,306.02,306.57,2040574,0
QCOM.US,D,20210823,000000,304.02,315.70,303.38,313.19,3715445,0
QCOM.US,D,20210823,000000,317.39,332.28,315.17,328.00,2093939,0
QCOM.US,D,20210824,000000,326.49,344.02,281.32,293.63,3444351,0
QCOM.US,D,20210825,000000,292.72,305.63,288.06,297.26,2296720,0
QCOM.US,D,20210826,000000,299.02,321.52,294.61,320.28,2957816,0
QCOM.US,D,20210827,000000,317.91,321.86,317.53,321.40,4218683,0
QCOM.US,D,20210830,000000,325.10,353.07,318.64,350.24,4405290,0
QCOM.US,D,20210830,000000,352.60,353.94,347.20,349.13,3978020,0
QCOM.US,D,20210830,000000,350.07,366.60,346.12,365.75,2183875,0
QCOM.US,D,20210831,000000,364.48,386.20,361.63,367.04,5921088,0
QCOM.US,D,20210901,000000,368.74,381.85,361.44,379.12,5082342,0
QCOM.US,D,20210902,000000,367.48,378.76,359.26,372.68,3513289,0
QCOM.US,D,20210903,000000,373.60,383.63,326.24,344.18,2789094,0
QCOM.US,D,20210906,000000,353.47,354.32,351.84,353.28,2000081,0
QCOM.US,D,20210906,000000,356.97,361.15,347.94,354.77,4946743,0
QCOM.US,D,20210906,000000,354.23,355.63,345.85,353.05,3297398,0
QCOM.US,D,20210907,000000,357.05,359.73,350.49,351.12,5405290,0
QCOM.US,D,20210908,000000,343.21,346.28,319.23,324.59,5301210,0
QCOM.US,D,20210909,000000,324.88,331.49,265.91,279.42,2086067,0
QCOM.US,D,20210910,000000,274.58,275.55,251.53,253.19,3611337,0
QCOM.US,D,20210913,000000,251.65,252.16,246.02,246.97,2160831,0
QCOM.US,D,20210913,000000,243.54,243.64,239.79,241.38,4708308,0
QCOM.US,D,20210913,000000,237.03,242.06,222.46,225.14,3744229,0
QCOM.US,D,20210914,000000,228.91,232.18,223.60,224.73,2722691,0
QCOM.US,D,20210915,000000,221.79,222.55,214.74,216.02,2383035,0
QCOM.US,D,20210916,000000,214.20,214.89,206.04,207.32,5926602,0
QCOM.US,D,20210917,000000,208.65,225.08,207.89,215.98,5723440,0
QCOM.US,D,20210920,000000,215.97,233.06,215.24,228.73,3548194,0
QCOM.US,D,20210920,000000,227.76,238.52,224.10,237.89,5399992,0
QCOM.US,D,20210920,000000,232.98,252.21,227.16,246.64,4545664,0
QCOM.US,D,20210921,000000,245.10,247.38,236.77,240.96,3513457,0
QCOM.US,D,20210922,000000,238.31,252.29,233.74,245.54,2108759,0
QCOM.US,D,20210923,000000,243.99,259.65,241.57,258.24,5116048,0
QCOM.US,D,20210924,000000,259.85,264.65,254.03,262.32,4082324,0
QCOM.US,D,20210927,000000,263.64,282.64,256.72,276.00,3523514,0
QCOM.US,D,20210927,000000,271.69,272.48,263.61,265.40,3259083,0
QCOM.US,D,20210927,000000,261.27,270.33,260.60,267.76,4830994,0
QCOM.US,D,20210928,000000,267.26,271.33,254.38,255.68,2492828,0
QCOM.US,D,20210929,000000,261.01,287.68,258.98,271.87,3048100,0
QCOM.US,D,20210930,000000,270.05,281.86,269.80,280.66,4875788,0
QCOM.US,D,20211001,000000,286.68,291.80,271.32,279.51,3088135,0
QCOM.US,D,20211004,000000,282.58,286.91,265.73,271.46,5811248,0
QCOM.US,D,20211004,000000,279.09,295.67,278.29,293.00,3757630,0
QCOM.US,D,20211004,000000,293.59,302.63,293.03,296.69,4747972,0
QCOM.US,D,20211005,000000,293.87,295.69,279.62,282.14,3981501,0
QCOM.US,D,20211006,000000,281.85,282.08,278.90,280.02,5508366,0
QCOM.US,D,20211007,000000,278.69,280.65,277.57,278.28,2776319,0
QCOM.US,D,20211008,000000,277.75,279.68,275.79,279.23,4440369,0
QCOM.US,D,20211011,000000,278.13,279.58,274.97,277.65,4980556,0
QCOM.US,D,20211011,000000,273.08,273.08,258.43,261.06,4915429,0
QCOM.US,D,20211011,000000,262.48,262.76,255.71,256.93,4367746,0
QCOM.US,D,20211012,000000,251.72,252.09,248.54,249.84,2492826,0
QCOM.US,D,20211013,000000,246.96,274.61,246.02,264.44,3161781,0
QCOM.US,D,20211014,000000,260.41,261.46,227.59,244.54,2900735,0
QCOM.US,D,20211015,000000,244.48,246.68,240.02,240.86,2352599,0
QCOM.US,D,20211018,000000,241.37,252.89,237.75,247.28,4395489,0
QCOM.US,D,20211018,000000,248.21,261.91,248.18,257.94,2505263,0
QCOM.US,D,20211018,000000,258.06,259.50,249.92,250.46,2267352,0
QCOM.US,D,20211019,000000,256.88,257.78,253.14,253.43,5252572,0
QCOM.US,D,20211020,000000,244.91,277.91,241.15,266.24,5627323,0
QCOM.US,D,20211021,000000,263.64,266.37,259.73,265.34,3112561,0
QCOM.US,D,20211022,000000,262.42,282.20,261.52,278.22,5279624,0
QCOM.US,D,20211025,000000,285.22,286.81,281.39,283.60,5391203,0
QCOM.US,D,20211025,000000,270.76,289.44,266.46,287.02,5488937,0
QCOM.US,D,20211025,000000,289.94,290.14,270.37,277.51,4031141,0
QCOM.US,D,20211026,000000,275.48,276.50,263.43,264.25,2680974,0
QCOM.US,D,20211027,000000,267.82,268.52,232.14,240.07,2023219,0
QCOM.US,D,20211028,000000,241.08,266.90,239.69,263.49,5595975,0
QCOM.US,D,20211029,000000,276.30,276.72,251.73,259.88,2535065,0
QCOM.US,D,20211101,000000,265.21,266.70,247.16,255.75,3377292,0
QCOM.US,D,20211101,000000,249.34,284.92,244.59,278.14,3598732,0
QCOM.US,D,20211101,000000,271.30,275.69,216.06,230.28,5704016,0
QCOM.US,D,20211102,000000,230.87,248.49,230.68,243.93,2118503,0
QCOM.US,D,20211103,000000,247.52,259.24,215.39,217.97,5197080,0
QCOM.US,D,20211104,000000,220.18,245.10,218.29,241.99,5985619,0
QCOM.US,D,20211105,000000,241.62,242.82,241.29,242.04,3498396,0
QCOM.US,D,20211108,000000,238.18,245.73,235.87,244.36,5232026,0
QCOM.US,D,20211108,000000,240.07,268.52,235.16,265.85,4191379,0
QCOM.US,D,20211108,000000,268.25,269.24,263.58,264.04,2617079,0
QCOM.US,D,20211109,000000,270.88,292.64,264.06,287.44,5485123,0
QCOM.US,D,20211110,000000,295.20,296.38,278.07,279.05,3380977,0
QCOM.US,D,20211111,000000,289.37,294.78,248.76,256.35,3910007,0
QCOM.US,D,20211112,000000,254.70,274.21,252.40,262.98,3914269,0
QCOM.US,D,20211115,000000,257.95,259.08,247.01,251.81,2888740,0
QCOM.US,D,20211115,000000,242.86,270.41,236.12,265.41,4404730,0
QCOM.US,D,20211115,000000,267.86,277.40,264.72,266.32,3571883,0
QCOM.US,D,20211116,000000,260.78,266.75,229.89,237.70,3759376,0
QCOM.US,D,20211117,000000,232.71,243.19,229.89,241.26,3014145,0
QCOM.US,D,20211118,000000,242.31,247.95,223.33,228.62,3463730,0
QCOM.US,D,20211119,000000,233.40,246.86,231.95,246.66,3164422,0
QCOM.US,D,20211122,000000,245.23,262.19,244.33,256.85,3910616,0
QCOM.US,D,20211122,000000,254.16,293.89,244.51,279.80,4684333,0
QCOM.US,D,20211122,000000,281.97,301.08,279.97,292.91,4830740,0
QCOM.US,D,20211123,000000,298.83,300.95,269.14,271.11,5133220,0
QCOM.US,D,20211124,000000,261.15,266.04,238.82,250.82,3949873,0
QCOM.US,D,20211125,000000,252.43,253.00,235.31,240.62,2074568,0
QCOM.US,D,20211126,000000,240.78,243.19,239.08,242.40,2077399,0
QCOM.US,D,20211129,000000,239.45,252.07,195.44,213.19,4918110,0
QCOM.US,D,20211129,000000,208.41,246.11,201.57,234.85,5720845,0
QCOM.US,D,20211129,000000,238.33,257.48,233.51,251.78,5463376,0
QCOM.US,D,20211130,000000,255.36,256.12,246.88,247.74,4976045,0
QCOM.US,D,20211201,000000,249.67,259.43,247.83,259.41,5323829,0
QCOM.US,D,20211202,000000,264.29,277.95,258.84,274.27,5040809,0
QCOM.US,D,20211203,000000,264.43,265.86,263.81,265.84,2963241,0
QCOM.US,D,20211206,000000,261.65,269.49,258.81,263.56,4977707,0
QCOM.US,D,20211206,000000,260.37,274.44,259.44,272.48,3310908,0
QCOM.US,D,20211206,000000,269.75,271.51,269.55,270.55,4267310,0
QCOM.US,D,20211207,000000,274.77,312.78,271.60,294.26,2048268,0
QCOM.US,D,20211208,000000,303.60,344.14,297.16,333.22,3326533,0
QCOM.US,D,20211209,000000,326.41,335.68,321.87,335.44,3931431,0
QCOM.US,D,20211210,000000,329.17,355.79,326.79,344.79,4821316,0
QCOM.US,D,20211213,000000,347.56,351.22,324.83,330.19,2303566,0
QCOM.US,D,20211213,000000,329.33,353.09,325.35,350.85,5007839,0
QCOM.US,D,20211213,000000,348.21,383.13,344.89,373.55,4552723,0
QCOM.US,D,20211214,000000,371.12,414.65,366.12,400.67,4716996,0
