<TICKER>,<PER>,<DATE>,<TIME>,<OPEN>,<HIGH>,<LOW>,<CLOSE>,<VOL>,<OPENINT>
RBLX.US,D,20180102,000000,39.51,41.00,39.43,40.66,6016299,0
RBLX.US,D,20180103,000000,40.99,41.39,40.44,40.69,5520171,0
RBLX.US,D,20180104,000000,40.69,44.96,40.57,43.37,8554751,0
RBLX.US,D,20180105,000000,43.33,43.56,42.83,42.88,8728203,0
RBLX.US,D,20180108,000000,42.62,43.83,42.35,43.69,7680228,0
RBLX.US,D,20180108,000000,43.57,44.13,43.55,44.07,8027037,0
RBLX.US,D,20180108,000000,44.43,44.43,44.41,44.41,4841424,0
RBLX.US,D,20180109,000000,44.33,44.42,43.67,43.73,6192947,0
RBLX.US,D,20180110,000000,43.77,44.86,43.53,44.30,3729899,0
RBLX.US,D,20180111,000000,44.38,44.44,44.25,44.34,7879302,0
RBLX.US,D,20180112,000000,44.19,44.22,43.70,43.81,8745074,0
RBLX.US,D,20180115,000000,43.88,43.99,42.87,43.13,8879096,0
RBLX.US,D,20180115,000000,43.28,43.55,42.67,42.69,4523147,0
RBLX.US,D,20180115,000000,42.53,42.66,42.50,42.57,7076365,0
RBLX.US,D,20180116,000000,42.44,42.48,42.05,42.11,6591673,0
RBLX.US,D,20180117,000000,42.12,42.41,42.11,42.31,3197497,0
RBLX.US,D,20180118,000000,42.39,43.17,42.24,42.95,3086230,0
RBLX.US,D,20180119,000000,42.78,42.91,42.64,42.73,4708992,0
RBLX.US,D,20180122,000000,42.71,43.46,42.61,43.40,8002593,0
RBLX.US,D,20180122,000000,43.50,43.53,42.55,42.83,8629550,0
RBLX.US,D,20180122,000000,42.71,42.92,42.05,42.14,5873385,0
RBLX.US,D,20180123,000000,42.21,42.58,42.10,42.51,8454753,0
RBLX.US,D,20180124,000000,42.41,42.50,42.17,42.21,6892110,0
RBLX.US,D,20180125,000000,42.01,42.04,41.82,41.85,5173749,0
RBLX.US,D,20180126,000000,41.89,42.58,41.88,42.18,7203787,0
RBLX.US,D,20180129,000000,42.26,42.46,41.35,41.46,8865307,0
RBLX.US,D,20180129,000000,41.28,41.96,41.15,41.82,8667104,0
RBLX.US,D,20180129,000000,41.73,41.89,41.67,41.89,3718071,0
RBLX.US,D,20180130,000000,41.55,41.77,41.49,41.76,4280054,0
RBLX.US,D,20180131,000000,41.84,41.94,41.49,41.56,8059915,0
RBLX.US,D,20180201,000000,41.11,41.32,41.01,41.20,4030916,0
RBLX.US,D,20180202,000000,41.02,42.06,40.90,41.69,6223802,0
RBLX.US,D,20180205,000000,41.74,41.81,40.90,40.97,6170593,0
RBLX.US,D,20180205,000000,40.88,40.90,40.67,40.86,4498829,0
RBLX.US,D,20180205,000000,41.05,41.32,40.45,40.83,4027628,0
RBLX.US,D,20180206,000000,40.84,40.93,40.62,40.64,8430376,0
RBLX.US,D,20180207,000000,40.70,41.51,40.64,41.15,7198654,0
RBLX.US,D,20180208,000000,41.30,41.31,41.01,41.07,5967686,0
RBLX.US,D,20180209,000000,40.98,41.33,40.96,41.30,4137907,0
RBLX.US,D,20180212,000000,41.41,41.53,40.75,40.85,8918423,0
RBLX.US,D,20180212,000000,40.87,40.88,40.60,40.70,3758539,0
RBLX.US,D,20180212,000000,40.66,41.14,39.70,39.87,6144193,0
RBLX.US,D,20180213,000000,39.89,39.98,39.30,39.38,3782375,0
RBLX.US,D,20180214,000000,39.33,39.50,39.31,39.48,4457239,0
RBLX.US,D,20180215,000000,39.59,39.67,38.80,38.90,8269979,0
RBLX.US,D,20180216,000000,38.92,39.11,38.80,39.05,8776907,0
RBLX.US,D,20180219,000000,38.77,39.80,38.70,39.35,4364060,0
RBLX.US,D,20180219,000000,39.30,39.84,39.26,39.67,3567763,0
RBLX.US,D,20180219,000000,39.77,41.24,39.70,40.49,8993674,0
RBLX.US,D,20180220,000000,40.65,41.04,39.30,39.69,7449874,0
RBLX.US,D,20180221,000000,39.85,40.33,39.82,40.24,7980808,0
RBLX.US,D,20180222,000000,40.03,40.21,39.38,39.92,3874464,0
RBLX.US,D,20180223,000000,39.91,40.03,39.61,39.63,8777713,0
RBLX.US,D,20180226,000000,39.76,39.78,39.65,39.72,3176542,0
RBLX.US,D,20180226,000000,39.76,39.78,39.29,39.33,5345095,0
RBLX.US,D,20180226,000000,39.09,39.17,38.04,38.35,5669192,0
RBLX.US,D,20180227,000000,38.16,38.32,37.27,37.39,4198428,0
RBLX.US,D,20180228,000000,37.44,37.52,37.25,37.30,6310038,0
RBLX.US,D,20180301,000000,37.00,37.36,36.14,36.37,7032046,0
RBLX.US,D,20180302,000000,36.31,36.32,36.08,36.15,7281601,0
RBLX.US,D,20180305,000000,36.15,36.62,36.10,36.52,8103046,0
RBLX.US,D,20180305,000000,36.35,36.64,36.34,36.61,7717202,0
RBLX.US,D,20180305,000000,36.54,36.54,36.52,36.53,4485759,0
RBLX.US,D,20180306,000000,36.58,36.58,35.29,35.37,7325085,0
RBLX.US,D,20180307,000000,35.09,35.13,33.93,34.50,4222060,0
RBLX.US,D,20180308,000000,34.29,34.78,33.01,33.35,5596760,0
RBLX.US,D,20180309,000000,33.00,34.71,32.94,34.68,7761002,0
RBLX.US,D,20180312,000000,34.57,34.77,34.54,34.75,4243821,0
RBLX.US,D,20180312,000000,34.53,34.80,33.55,33.58,5583669,0
RBLX.US,D,20180312,000000,33.66,33.77,33.62,33.71,8145770,0
RBLX.US,D,20180313,000000,33.88,34.14,33.86,34.07,5903867,0
RBLX.US,D,20180314,000000,33.89,34.67,33.80,34.33,5759730,0
RBLX.US,D,20180315,000000,34.34,34.41,33.85,34.05,4547923,0
RBLX.US,D,20180316,000000,34.07,34.08,33.99,34.06,5713939,0
RBLX.US,D,20180319,000000,34.22,34.32,33.96,34.10,8458319,0
RBLX.US,D,20180319,000000,34.37,34.50,33.90,33.90,6291149,0
RBLX.US,D,20180319,000000,34.05,34.12,33.26,33.43,3293990,0
RBLX.US,D,20180320,000000,33.36,33.55,33.19,33.45,4418157,0
RBLX.US,D,20180321,000000,33.47,34.13,33.40,34.06,4982693,0
RBLX.US,D,20180322,000000,33.97,34.33,33.84,34.28,7818936,0
RBLX.US,D,20180323,000000,34.43,34.57,34.43,34.55,6742745,0
RBLX.US,D,20180326,000000,34.53,34.72,34.42,34.44,8723743,0
RBLX.US,D,20180326,000000,34.54,34.64,33.99,34.10,7343882,0
RBLX.US,D,20180326,000000,34.10,34.31,34.08,34.30,3406944,0
RBLX.US,D,20180327,000000,34.43,34.45,33.56,33.85,4738014,0
RBLX.US,D,20180328,000000,33.85,33.90,33.70,33.73,3337887,0
RBLX.US,D,20180329,000000,33.77,33.93,32.85,33.15,5471209,0
RBLX.US,D,20180330,000000,33.28,33.28,32.78,32.86,5618633,0
RBLX.US,D,20180402,000000,32.83,33.06,31.43,31.74,3949549,0
RBLX.US,D,20180402,000000,31.69,33.02,31.54,32.82,4431900,0
RBLX.US,D,20180402,000000,32.77,33.08,32.73,32.98,7123211,0
RBLX.US,D,20180403,000000,33.17,33.56,32.96,33.36,5305391,0
RBLX.US,D,20180404,000000,33.25,33.32,32.67,32.85,6193487,0
RBLX.US,D,20180405,000000,32.75,33.57,32.62,33.55,7575188,0
RBLX.US,D,20180406,000000,33.37,33.42,33.24,33.27,7093656,0
RBLX.US,D,20180409,000000,33.12,34.60,32.90,34.48,6426285,0
RBLX.US,D,20180409,000000,34.49,34.69,34.49,34.61,7776366,0
RBLX.US,D,20180409,000000,34.74,35.27,34.73,34.98,6290479,0
RBLX.US,D,20180410,000000,34.82,34.90,34.81,34.82,8713346,0
RBLX.US,D,20180411,000000,34.80,34.84,33.86,34.11,3492726,0
RBLX.US,D,20180412,000000,34.18,34.61,34.14,34.35,5729666,0
RBLX.US,D,20180413,000000,34.23,34.68,34.10,34.48,7261471,0
RBLX.US,D,20180416,000000,34.46,34.56,33.98,34.19,7290909,0
RBLX.US,D,20180416,000000,34.05,34.51,33.98,34.37,8575448,0
RBLX.US,D,20180416,000000,34.46,34.47,33.96,34.03,6442593,0
RBLX.US,D,20180417,000000,34.03,34.59,34.01,34.36,4921152,0
RBLX.US,D,20180418,000000,34.34,35.45,34.19,35.28,7421812,0
RBLX.US,D,20180419,000000,35.44,35.64,34.95,35.05,5647780,0
RBLX.US,D,20180420,000000,35.13,35.16,34.97,34.98,3190969,0
RBLX.US,D,20180423,000000,34.77,35.07,34.63,35.02,5689994,0
RBLX.US,D,20180423,000000,35.02,35.23,34.97,35.17,4989516,0
RBLX.US,D,20180423,000000,35.17,35.71,35.00,35.63,7355731,0
RBLX.US,D,20180424,000000,35.64,35.75,35.59,35.73,7048450,0
RBLX.US,D,20180425,000000,35.75,35.83,35.51,35.56,7629509,0
RBLX.US,D,20180426,000000,35.63,35.67,35.46,35.48,3191633,0
RBLX.US,D,20180427,000000,35.52,35.83,35.51,35.69,4125357,0
RBLX.US,D,20180430,000000,35.71,35.75,35.63,35.66,6152833,0
RBLX.US,D,20180430,000000,35.76,35.76,35.26,35.41,7207031,0
RBLX.US,D,20180430,000000,35.38,35.48,35.37,35.46,6331240,0
RBLX.US,D,20180501,000000,35.46,36.07,35.38,35.97,4450256,0
RBLX.US,D,20180502,000000,36.06,36.18,35.69,35.88,8315038,0
RBLX.US,D,20180503,000000,35.84,36.10,35.83,36.06,8047012,0
RBLX.US,D,20180504,000000,36.06,36.07,35.97,35.99,6596636,0
RBLX.US,D,20180507,000000,35.97,35.98,35.80,35.87,6244096,0
RBLX.US,D,20180507,000000,36.01,36.05,35.59,35.65,4095305,0
RBLX.US,D,20180507,000000,35.56,35.64,35.44,35.52,8097194,0
RBLX.US,D,20180508,000000,35.54,35.82,35.18,35.24,7928038,0
RBLX.US,D,20180509,000000,35.21,35.35,34.86,34.92,6284795,0
RBLX.US,D,20180510,000000,35.01,35.04,34.57,34.72,5378301,0
RBLX.US,D,20180511,000000,34.70,34.74,34.44,34.56,8311175,0
RBLX.US,D,20180514,000000,34.60,34.75,34.54,34.72,6177261,0
RBLX.US,D,20180514,000000,34.61,34.64,34.36,34.48,3218576,0
RBLX.US,D,20180514,000000,34.50,34.52,34.40,34.40,5226617,0
RBLX.US,D,20180515,000000,34.40,34.53,34.08,34.17,5092482,0
RBLX.US,D,20180516,000000,34.19,34.19,33.88,33.97,5309424,0
RBLX.US,D,20180517,000000,34.03,34.23,33.99,34.18,4744794,0
RBLX.US,D,20180518,000000,34.27,34.32,33.99,34.12,3932206,0
RBLX.US,D,20180521,000000,34.10,34.18,34.10,34.15,3490596,0
RBLX.US,D,20180521,000000,34.22,34.27,33.86,33.90,4800101,0
RBLX.US,D,20180521,000000,33.79,33.98,33.72,33.94,8434746,0
RBLX.US,D,20180522,000000,33.84,34.09,33.84,34.02,6614723,0
RBLX.US,D,20180523,000000,34.00,34.01,33.81,33.86,5431728,0
RBLX.US,D,20180524,000000,33.87,33.94,33.73,33.75,5734957,0
RBLX.US,D,20180525,000000,33.74,33.80,33.45,33.50,8739810,0
RBLX.US,D,20180528,000000,33.47,33.54,33.45,33.52,4973834,0
RBLX.US,D,20180528,000000,33.55,33.59,33.53,33.56,6472412,0
RBLX.US,D,20180528,000000,33.60,33.81,32.80,32.81,4234091,0
RBLX.US,D,20180529,000000,32.72,32.73,32.62,32.65,4517911,0
RBLX.US,D,20180530,000000,32.74,32.74,32.58,32.61,7407782,0
RBLX.US,D,20180531,000000,32.56,32.64,32.32,32.40,7538952,0
RBLX.US,D,20180601,000000,32.36,32.52,32.29,32.51,3648871,0
RBLX.US,D,20180604,000000,32.53,32.58,32.48,32.56,7435301,0
RBLX.US,D,20180604,000000,32.55,32.59,32.26,32.38,8184588,0
RBLX.US,D,20180604,000000,32.33,32.61,32.32,32.55,7550450,0
RBLX.US,D,20180605,000000,32.55,32.59,32.31,32.34,8711133,0
RBLX.US,D,20180606,000000,32.42,32.50,32.04,32.14,3632860,0
RBLX.US,D,20180607,000000,32.21,32.23,32.07,32.09,3923687,0
RBLX.US,D,20180608,000000,32.12,32.15,32.12,32.14,6779048,0
RBLX.US,D,20180611,000000,32.11,32.79,31.93,32.57,7129807,0
RBLX.US,D,20180611,000000,32.54,33.16,32.52,32.95,8191285,0
RBLX.US,D,20180611,000000,32.91,33.03,32.89,33.00,7215381,0
RBLX.US,D,20180612,000000,32.89,33.05,32.87,33.04,8602531,0
RBLX.US,D,20180613,000000,33.11,33.39,33.08,33.39,7350517,0
RBLX.US,D,20180614,000000,33.30,33.88,33.12,33.60,7811406,0
RBLX.US,D,20180615,000000,33.50,33.53,33.43,33.44,5347281,0
RBLX.US,D,20180618,000000,33.51,33.59,33.19,33.30,8918382,0
RBLX.US,D,20180618,000000,33.35,33.68,33.35,33.65,7070160,0
RBLX.US,D,20180618,000000,33.55,34.05,33.43,33.88,7127050,0
RBLX.US,D,20180619,000000,33.86,33.89,33.68,33.70,8322990,0
RBLX.US,D,20180620,000000,33.61,33.91,33.54,33.82,3631013,0
RBLX.US,D,20180621,000000,33.75,34.13,33.70,34.12,6778728,0
RBLX.US,D,20180622,000000,34.14,34.31,33.09,33.26,8148461,0
RBLX.US,D,20180625,000000,33.51,34.22,33.51,33.87,6649986,0
RBLX.US,D,20180625,000000,33.75,34.06,33.65,33.98,5940837,0
RBLX.US,D,20180625,000000,33.92,34.01,33.52,33.60,5742556,0
RBLX.US,D,20180626,000000,33.53,33.94,33.44,33.80,3532362,0
RBLX.US,D,20180627,000000,33.80,33.84,33.71,33.75,5162383,0
RBLX.US,D,20180628,000000,33.87,33.99,33.49,33.62,8334736,0
RBLX.US,D,20180629,000000,33.57,34.36,33.45,33.94,5353893,0
RBLX.US,D,20180702,000000,33.92,33.93,33.51,33.64,7114561,0
RBLX.US,D,20180702,000000,33.67,33.95,33.66,33.88,8797251,0
RBLX.US,D,20180702,000000,33.91,33.97,33.89,33.92,8521029,0
RBLX.US,D,20180703,000000,33.77,34.12,33.68,34.06,8801483,0
RBLX.US,D,20180704,000000,34.01,34.52,33.58,34.44,3345757,0
RBLX.US,D,20180705,000000,34.56,34.91,34.48,34.88,6263896,0
RBLX.US,D,20180706,000000,34.59,35.94,34.43,35.79,7046996,0
RBLX.US,D,20180709,000000,35.99,36.27,33.80,34.47,7166822,0
RBLX.US,D,20180709,000000,34.39,34.49,34.32,34.37,8901112,0
RBLX.US,D,20180709,000000,34.56,34.58,33.98,34.07,7603825,0
RBLX.US,D,20180710,000000,33.96,34.55,33.94,34.30,8514915,0
RBLX.US,D,20180711,000000,34.14,34.16,33.33,33.55,8463118,0
RBLX.US,D,20180712,000000,33.56,33.73,33.27,33.55,4119913,0
RBLX.US,D,20180713,000000,33.61,33.62,33.30,33.44,8402347,0
RBLX.US,D,20180716,000000,33.48,33.70,30.85,31.47,7555988,0
RBLX.US,D,20180716,000000,31.21,31.49,30.96,31.40,3357158,0
RBLX.US,D,20180716,000000,31.02,31.88,30.89,31.86,6905262,0
RBLX.US,D,20180717,000000,31.71,32.23,31.65,32.11,3288125,0
RBLX.US,D,20180718,000000,32.12,32.26,31.89,32.09,5399097,0
RBLX.US,D,20180719,000000,31.93,32.00,30.77,31.19,5139970,0
RBLX.US,D,20180720,000000,31.49,31.76,30.83,31.24,8577767,0
RBLX.US,D,20180723,000000,31.56,31.58,30.02,30.38,3564246,0
RBLX.US,D,20180723,000000,30.05,30.22,30.01,30.14,4519514,0
RBLX.US,D,20180723,000000,30.07,30.14,29.81,29.84,8022890,0
RBLX.US,D,20180724,000000,29.48,29.50,29.37,29.44,8331348,0
RBLX.US,D,20180725,000000,29.63,29.91,28.39,29.10,5093428,0
RBLX.US,D,20180726,000000,28.84,29.36,28.73,29.26,7566238,0
RBLX.US,D,20180727,000000,29.12,29.18,28.00,28.25,7219819,0
RBLX.US,D,20180730,000000,28.10,28.54,28.09,28.31,7957159,0
RBLX.US,D,20180730,000000,28.35,28.62,27.33,28.00,4706668,0
RBLX.US,D,20180730,000000,27.78,28.89,27.75,28.76,3977133,0
RBLX.US,D,20180731,000000,28.58,30.18,28.25,30.09,5666074,0
RBLX.US,D,20180801,000000,30.18,31.24,30.09,31.13,5406791,0
RBLX.US,D,20180802,000000,31.14,31.27,30.67,30.75,3729016,0
RBLX.US,D,20180803,000000,30.66,30.70,30.34,30.43,3724732,0
RBLX.US,D,20180806,000000,30.51,30.70,30.09,30.13,3344434,0
RBLX.US,D,20180806,000000,30.39,30.51,29.67,29.68,8121629,0
RBLX.US,D,20180806,000000,29.77,29.83,29.56,29.69,7961495,0
RBLX.US,D,20180807,000000,29.54,29.69,29.54,29.67,8744056,0
RBLX.US,D,20180808,000000,29.94,29.97,29.25,29.45,5249132,0
RBLX.US,D,20180809,000000,29.25,31.56,29.23,30.16,7196184,0
RBLX.US,D,20180810,000000,30.49,30.64,29.75,30.15,5534135,0
RBLX.US,D,20180813,000000,30.34,30.48,29.43,29.68,5929973,0
RBLX.US,D,20180813,000000,29.83,29.91,28.97,29.15,5656945,0
RBLX.US,D,20180813,000000,29.48,30.39,29.07,30.08,3147427,0
RBLX.US,D,20180814,000000,30.17,30.35,30.15,30.30,7541627,0
RBLX.US,D,20180815,000000,30.20,31.70,30.03,31.63,3065311,0
RBLX.US,D,20180816,000000,31.43,32.17,31.38,31.90,6058670,0
RBLX.US,D,20180817,000000,31.62,32.15,31.55,31.86,5903103,0
RBLX.US,D,20180820,000000,31.75,31.87,31.22,31.47,7327796,0
RBLX.US,D,20180820,000000,31.36,31.63,31.32,31.60,6084455,0
RBLX.US,D,20180820,000000,31.43,31.53,30.94,31.02,3885511,0
RBLX.US,D,20180821,000000,30.98,31.00,30.23,30.47,6154963,0
RBLX.US,D,20180822,000000,30.32,31.11,30.15,30.95,6386364,0
RBLX.US,D,20180823,000000,31.12,31.24,31.04,31.21,6240607,0
RBLX.US,D,20180824,000000,31.21,31.21,31.10,31.16,3804711,0
RBLX.US,D,20180827,000000,31.28,31.58,31.09,31.53,3695395,0
RBLX.US,D,20180827,000000,31.46,31.66,31.45,31.57,7229183,0
RBLX.US,D,20180827,000000,31.67,31.70,31.37,31.49,7322993,0
RBLX.US,D,20180828,000000,31.61,31.74,30.95,31.07,3170646,0
RBLX.US,D,20180829,000000,30.97,31.04,30.95,30.97,7817405,0
RBLX.US,D,20180830,000000,31.10,31.48,31.08,31.25,3912397,0
RBLX.US,D,20180831,000000,31.16,31.21,31.05,31.13,6895592,0
RBLX.US,D,20180903,000000,30.90,32.67,30.65,31.87,5854844,0
RBLX.US,D,20180903,000000,31.89,31.94,31.56,31.68,6412799,0
RBLX.US,D,20180903,000000,31.62,31.64,31.55,31.55,8924116,0
RBLX.US,D,20180904,000000,31.29,31.30,31.11,31.14,8866186,0
RBLX.US,D,20180905,000000,31.21,31.30,30.99,31.06,5414840,0
RBLX.US,D,20180906,000000,31.05,31.19,29.80,30.13,7991152,0
RBLX.US,D,20180907,000000,30.12,30.15,30.08,30.14,5110234,0
RBLX.US,D,20180910,000000,30.15,30.45,30.10,30.36,5611354,0
RBLX.US,D,20180910,000000,30.49,30.52,30.15,30.19,6097957,0
RBLX.US,D,20180910,000000,30.25,30.30,29.97,29.99,3159924,0
RBLX.US,D,20180911,000000,30.03,30.04,29.76,29.82,3190054,0
RBLX.US,D,20180912,000000,29.85,29.87,29.78,29.82,8975868,0
RBLX.US,D,20180913,000000,29.84,29.97,29.77,29.95,6548110,0
RBLX.US,D,20180914,000000,29.98,30.06,29.70,29.80,6764799,0
RBLX.US,D,20180917,000000,29.92,30.16,29.90,30.05,8432553,0
RBLX.US,D,20180917,000000,29.99,30.02,29.65,29.69,4419545,0
RBLX.US,D,20180917,000000,29.79,29.80,29.51,29.59,3697270,0
RBLX.US,D,20180918,000000,29.52,29.52,29.51,29.52,8103624,0
RBLX.US,D,20180919,000000,29.50,29.56,29.47,29.50,6966315,0
RBLX.US,D,20180920,000000,29.46,29.71,29.38,29.69,7357473,0
RBLX.US,D,20180921,000000,29.77,29.81,29.43,29.43,3574487,0
RBLX.US,D,20180924,000000,29.23,29.69,29.18,29.63,7354689,0
RBLX.US,D,20180924,000000,29.62,29.82,29.56,29.69,4495457,0
RBLX.US,D,20180924,000000,29.63,29.93,29.60,29.91,3607597,0
RBLX.US,D,20180925,000000,29.87,30.02,29.56,29.66,3650723,0
RBLX.US,D,20180926,000000,29.58,29.63,29.50,29.55,4299117,0
RBLX.US,D,20180927,000000,29.49,29.55,29.32,29.39,4733973,0
RBLX.US,D,20180928,000000,29.37,29.45,29.37,29.40,3630315,0
RBLX.US,D,20181001,000000,29.45,29.56,29.42,29.52,3730977,0
RBLX.US,D,20181001,000000,29.52,29.72,29.49,29.68,4887824,0
RBLX.US,D,20181001,000000,29.68,29.70,29.64,29.64,6956665,0
RBLX.US,D,20181002,000000,29.64,29.66,29.23,29.35,7814900,0
RBLX.US,D,20181003,000000,29.36,29.36,29.27,29.29,7983227,0
RBLX.US,D,20181004,000000,29.13,29.14,29.04,29.08,5951313,0
RBLX.US,D,20181005,000000,29.15,29.17,28.95,29.03,4443652,0
RBLX.US,D,20181008,000000,29.00,29.21,28.94,29.14,5764045,0
RBLX.US,D,20181008,000000,29.14,29.24,29.13,29.20,5473366,0
RBLX.US,D,20181008,000000,29.23,29.25,28.98,28.99,7983152,0
RBLX.US,D,20181009,000000,29.04,29.22,29.03,29.21,5202911,0
RBLX.US,D,20181010,000000,29.25,29.26,28.90,28.98,8019758,0
RBLX.US,D,20181011,000000,29.06,29.18,28.51,28.57,6426170,0
RBLX.US,D,20181012,000000,28.71,28.75,28.31,28.36,4980218,0
RBLX.US,D,20181015,000000,28.54,29.10,28.51,28.90,6999281,0
RBLX.US,D,20181015,000000,28.83,29.13,27.61,27.84,4909289,0
RBLX.US,D,20181015,000000,27.83,28.08,27.81,28.05,10368736,0
RBLX.US,D,20181016,000000,28.26,28.64,28.23,28.57,4922864,0
RBLX.US,D,20181017,000000,28.70,29.11,28.58,29.05,6911250,0
RBLX.US,D,20181018,000000,29.03,29.46,29.00,29.36,6705609,0
RBLX.US,D,20181019,000000,28.73,30.32,28.44,29.75,11098918,0
RBLX.US,D,20181022,000000,29.80,30.50,29.73,30.25,15837954,0
RBLX.US,D,20181022,000000,30.36,31.05,30.34,30.80,13131698,0
RBLX.US,D,20181022,000000,30.96,31.25,30.91,31.18,13288259,0
RBLX.US,D,20181023,000000,31.43,31.98,31.39,31.96,9431867,0
RBLX.US,D,20181024,000000,32.11,32.61,32.01,32.57,15986023,0
RBLX.US,D,20181025,000000,32.73,34.16,32.72,33.53,9665990,0
RBLX.US,D,20181026,000000,33.44,35.32,33.22,34.68,8825465,0
RBLX.US,D,20181029,000000,34.40,35.98,34.15,35.78,9069088,0
RBLX.US,D,20181029,000000,35.66,37.12,35.36,37.07,12644983,0
RBLX.US,D,20181029,000000,37.25,38.29,37.05,38.07,23224815,0
RBLX.US,D,20181030,000000,36.99,39.45,36.56,39.19,20987113,0
RBLX.US,D,20181031,000000,39.32,41.64,39.26,40.29,14879242,0
RBLX.US,D,20181101,000000,40.30,42.08,39.94,41.34,15340778,0
RBLX.US,D,20181102,000000,41.14,43.94,41.04,43.02,17164009,0
RBLX.US,D,20181105,000000,43.01,45.66,42.92,44.74,11789966,0
RBLX.US,D,20181105,000000,44.89,46.30,44.81,46.16,25597604,0
RBLX.US,D,20181105,000000,45.36,48.87,44.66,47.46,13312082,0
RBLX.US,D,20181106,000000,48.07,48.55,41.17,43.03,7219523,0
RBLX.US,D,20181107,000000,42.94,43.25,39.91,39.92,5197214,0
RBLX.US,D,20181108,000000,40.63,40.85,40.37,40.69,5137904,0
RBLX.US,D,20181109,000000,40.32,41.47,39.57,41.16,6741861,0
RBLX.US,D,20181112,000000,41.28,42.52,40.51,42.39,7486347,0
RBLX.US,D,20181112,000000,42.78,43.76,42.62,43.46,8933504,0
RBLX.US,D,20181112,000000,42.39,42.69,41.68,42.17,4741564,0
RBLX.US,D,20181113,000000,42.38,42.56,40.63,40.89,5557397,0
RBLX.US,D,20181114,000000,41.09,41.24,40.65,40.99,6220203,0
RBLX.US,D,20181115,000000,42.23,46.46,41.91,44.54,7653358,0
RBLX.US,D,20181116,000000,45.05,45.30,44.00,44.46,6349944,0
RBLX.US,D,20181119,000000,44.93,45.22,43.45,44.12,7592122,0
RBLX.US,D,20181119,000000,43.25,45.05,42.37,44.96,6467666,0
RBLX.US,D,20181119,000000,45.47,48.20,44.96,48.16,8317040,0
RBLX.US,D,20181120,000000,48.64,48.65,47.64,47.94,3088346,0
RBLX.US,D,20181121,000000,48.57,49.40,48.23,49.31,5295403,0
RBLX.US,D,20181122,000000,49.44,52.01,48.45,51.10,3115785,0
RBLX.US,D,20181123,000000,50.79,58.14,50.78,56.41,5836086,0
RBLX.US,D,20181126,000000,57.04,58.44,52.58,54.04,3396939,0
RBLX.US,D,20181126,000000,53.31,54.82,53.18,54.27,5294577,0
RBLX.US,D,20181126,000000,53.63,53.67,52.92,53.09,3626061,0
RBLX.US,D,20181127,000000,53.63,53.67,51.70,51.73,7758653,0
RBLX.US,D,20181128,000000,51.14,52.93,50.73,52.37,8842907,0
RBLX.US,D,20181129,000000,52.37,53.35,52.36,52.54,5436906,0
RBLX.US,D,20181130,000000,52.92,53.15,50.01,50.79,5823663,0
RBLX.US,D,20181203,000000,51.45,51.47,51.25,51.37,8000459,0
RBLX.US,D,20181203,000000,50.87,50.93,49.93,50.19,5687127,0
RBLX.US,D,20181203,000000,50.79,50.86,47.82,48.91,8665251,0
RBLX.US,D,20181204,000000,48.31,48.63,44.90,45.03,5256651,0
RBLX.US,D,20181205,000000,44.62,44.78,44.55,44.74,8655738,0
RBLX.US,D,20181206,000000,44.03,44.47,41.96,42.47,5214620,0
RBLX.US,D,20181207,000000,42.93,43.10,39.08,40.22,5875964,0
RBLX.US,D,20181210,000000,40.03,40.54,40.03,40.44,6493610,0
RBLX.US,D,20181210,000000,41.04,41.34,38.43,39.41,5341335,0
RBLX.US,D,20181210,000000,38.59,39.00,36.49,37.36,4889646,0
RBLX.US,D,20181211,000000,36.54,36.60,36.03,36.05,6350575,0
RBLX.US,D,20181212,000000,36.62,36.74,34.72,35.05,4846643,0
RBLX.US,D,20181213,000000,35.18,35.42,34.38,34.42,7066346,0
RBLX.US,D,20181214,000000,35.20,35.23,33.67,33.76,6209605,0
RBLX.US,D,20181217,000000,33.86,34.43,33.33,33.35,3365846,0
RBLX.US,D,20181217,000000,33.15,33.39,31.93,32.25,7967311,0
RBLX.US,D,20181217,000000,32.80,34.25,32.69,33.51,7288503,0
RBLX.US,D,20181218,000000,33.62,35.37,33.39,34.88,8599072,0
RBLX.US,D,20181219,000000,34.42,35.12,34.26,34.91,8660929,0
RBLX.US,D,20181220,000000,35.05,35.92,34.98,35.89,4840702,0
RBLX.US,D,20181221,000000,35.71,35.82,35.60,35.73,7766631,0
RBLX.US,D,20181224,000000,36.12,37.30,33.45,33.74,7151468,0
RBLX.US,D,20181224,000000,33.85,38.48,33.59,35.91,3476450,0
RBLX.US,D,20181224,000000,35.41,35.51,35.02,35.06,6939191,0
RBLX.US,D,20181225,000000,34.97,37.77,34.75,37.27,4807766,0
RBLX.US,D,20181226,000000,37.67,41.46,37.16,39.60,4428033,0
RBLX.US,D,20181227,000000,38.96,40.53,38.81,40.43,4696094,0
RBLX.US,D,20181228,000000,41.16,44.43,33.92,35.39,8382405,0
RBLX.US,D,20181231,000000,35.60,35.86,35.60,35.84,3288728,0
RBLX.US,D,20181231,000000,36.46,37.54,33.48,34.22,3988031,0
RBLX.US,D,20181231,000000,33.41,34.11,33.34,33.80,4065968,0
RBLX.US,D,20190101,000000,33.40,33.59,31.91,32.24,8684394,0
RBLX.US,D,20190102,000000,32.38,33.45,31.78,33.44,8570039,0
RBLX.US,D,20190103,000000,33.92,35.35,33.72,35.01,4055272,0
RBLX.US,D,20190104,000000,34.43,35.93,34.08,35.72,4460161,0
RBLX.US,D,20190107,000000,34.86,35.02,34.40,34.44,6713705,0
RBLX.US,D,20190107,000000,34.77,35.04,33.62,33.74,3747097,0
RBLX.US,D,20190107,000000,34.30,34.78,32.52,32.60,6450472,0
RBLX.US,D,20190108,000000,33.08,33.98,30.43,30.80,4069249,0
RBLX.US,D,20190109,000000,30.42,34.70,30.41,34.13,3901459,0
RBLX.US,D,20190110,000000,35.09,35.13,32.71,33.00,3311797,0
RBLX.US,D,20190111,000000,33.35,34.56,32.90,34.33,7549311,0
RBLX.US,D,20190114,000000,34.27,35.40,32.03,32.25,4031857,0
RBLX.US,D,20190114,000000,32.70,33.11,32.35,33.09,6385947,0
RBLX.US,D,20190114,000000,32.57,32.57,30.91,31.17,4374984,0
RBLX.US,D,20190115,000000,31.54,32.78,31.23,32.35,5552656,0
RBLX.US,D,20190116,000000,33.44,33.69,31.82,31.91,5394653,0
RBLX.US,D,20190117,000000,32.02,32.31,29.82,31.71,8086902,0
RBLX.US,D,20190118,000000,31.64,31.90,29.02,29.79,4780463,0
RBLX.US,D,20190121,000000,29.33,29.35,28.49,28.72,4354905,0
RBLX.US,D,20190121,000000,28.29,28.78,27.32,27.54,4676359,0
RBLX.US,D,20190121,000000,27.45,29.69,26.29,29.06,6908528,0
RBLX.US,D,20190122,000000,28.44,29.00,28.34,28.89,4660102,0
RBLX.US,D,20190123,000000,29.13,29.20,28.50,28.78,5107993,0
RBLX.US,D,20190124,000000,28.62,28.64,28.33,28.47,5833920,0
RBLX.US,D,20190125,000000,27.75,29.08,27.32,28.28,4347932,0
RBLX.US,D,20190128,000000,27.62,27.97,27.54,27.96,6217029,0
RBLX.US,D,20190128,000000,27.71,29.27,27.69,29.11,4778561,0
RBLX.US,D,20190128,000000,28.83,29.13,26.68,27.52,5700445,0
RBLX.US,D,20190129,000000,26.83,27.45,23.32,24.59,5118683,0
RBLX.US,D,20190130,000000,23.94,28.42,23.76,26.77,4124163,0
RBLX.US,D,20190131,000000,26.36,27.02,21.92,23.17,8857140,0
RBLX.US,D,20190201,000000,22.43,22.58,22.11,22.11,7334612,0
RBLX.US,D,20190204,000000,22.93,23.47,20.00,20.18,5173208,0
RBLX.US,D,20190204,000000,20.01,20.08,18.32,18.97,5068016,0
RBLX.US,D,20190204,000000,18.97,19.42,16.26,17.11,8496396,0
RBLX.US,D,20190205,000000,16.60,16.96,16.46,16.94,7380763,0
RBLX.US,D,20190206,000000,17.02,20.20,16.92,19.04,4432437,0
RBLX.US,D,20190207,000000,19.31,20.60,19.23,20.43,8502597,0
RBLX.US,D,20190208,000000,20.31,22.57,20.02,22.04,4427757,0
RBLX.US,D,20190211,000000,21.76,24.73,21.54,24.11,5406315,0
RBLX.US,D,20190211,000000,23.30,26.01,23.14,24.91,6533136,0
RBLX.US,D,20190211,000000,24.41,28.58,23.93,27.03,5293925,0
RBLX.US,D,20190212,000000,27.43,27.72,27.29,27.50,3434695,0
RBLX.US,D,20190213,000000,26.73,27.66,26.73,27.42,3606700,0
RBLX.US,D,20190214,000000,27.60,28.73,27.53,28.61,7462962,0
RBLX.US,D,20190215,000000,29.02,29.09,26.33,26.56,7964702,0
RBLX.US,D,20190218,000000,25.93,25.94,25.02,25.24,3300025,0
RBLX.US,D,20190218,000000,25.63,28.10,24.91,27.96,3338452,0
RBLX.US,D,20190218,000000,28.04,32.53,27.56,30.83,7673838,0
RBLX.US,D,20190219,000000,30.89,32.55,30.11,32.53,8847449,0
RBLX.US,D,20190220,000000,32.26,32.55,31.96,32.08,6150462,0
RBLX.US,D,20190221,000000,32.40,32.73,31.51,31.61,7702411,0
RBLX.US,D,20190222,000000,31.45,31.55,28.65,29.10,5737394,0
RBLX.US,D,20190225,000000,29.58,29.60,28.06,28.63,5229585,0
RBLX.US,D,20190225,000000,28.75,28.82,28.68,28.78,5023866,0
RBLX.US,D,20190225,000000,28.52,28.53,28.49,28.52,3036832,0
RBLX.US,D,20190226,000000,28.31,28.46,26.94,27.47,7256693,0
RBLX.US,D,20190227,000000,27.39,28.11,24.53,25.53,3071922,0
RBLX.US,D,20190228,000000,25.25,25.27,25.15,25.22,3742813,0
RBLX.US,D,20190301,000000,25.05,27.44,24.41,26.58,6587566,0
RBLX.US,D,20190304,000000,25.99,26.43,25.96,26.32,7436235,0
RBLX.US,D,20190304,000000,26.62,26.75,24.59,25.07,5964781,0
RBLX.US,D,20190304,000000,25.58,25.62,25.33,25.33,8342031,0
RBLX.US,D,20190305,000000,25.41,25.82,25.39,25.66,9187620,0
RBLX.US,D,20190306,000000,25.79,26.25,25.48,26.17,8318700,0
RBLX.US,D,20190307,000000,26.42,26.96,26.35,26.80,12570697,0
RBLX.US,D,20190308,000000,26.59,27.82,26.45,27.64,12490742,0
RBLX.US,D,20190311,000000,27.58,28.02,27.53,27.91,18027300,0
RBLX.US,D,20190311,000000,27.69,29.07,26.77,28.33,19063008,0
RBLX.US,D,20190311,000000,27.91,28.95,27.81,28.92,14263874,0
RBLX.US,D,20190312,000000,28.64,29.79,28.50,29.49,13073244,0
RBLX.US,D,20190313,000000,29.32,30.42,29.12,30.19,13887103,0
RBLX.US,D,20190314,000000,30.32,31.58,30.08,31.12,8590183,0
RBLX.US,D,20190315,000000,30.52,31.63,30.30,31.60,15808228,0
RBLX.US,D,20190318,000000,31.94,32.84,31.81,32.44,14236366,0
RBLX.US,D,20190318,000000,32.34,34.11,32.27,33.47,22918746,0
RBLX.US,D,20190318,000000,33.30,34.98,33.21,34.36,11706408,0
RBLX.US,D,20190319,000000,34.84,35.24,34.80,35.20,24446319,0
RBLX.US,D,20190320,000000,34.86,36.35,34.02,36.05,24296809,0
RBLX.US,D,20190321,000000,36.62,37.54,36.53,37.39,12700720,0
RBLX.US,D,20190322,000000,36.99,38.88,36.37,38.63,29396604,0
RBLX.US,D,20190325,000000,39.20,40.03,32.91,36.11,6478320,0
RBLX.US,D,20190325,000000,35.60,35.81,34.32,35.01,8137808,0
RBLX.US,D,20190325,000000,36.05,36.17,33.04,33.67,4689176,0
RBLX.US,D,20190326,000000,33.61,33.79,32.75,32.78,5980014,0
RBLX.US,D,20190327,000000,32.47,33.81,32.38,33.24,7497203,0
RBLX.US,D,20190328,000000,33.27,33.47,33.18,33.40,6486207,0
RBLX.US,D,20190329,000000,32.00,32.77,31.82,32.60,7881566,0
RBLX.US,D,20190401,000000,32.99,34.75,32.56,34.23,7124937,0
RBLX.US,D,20190401,000000,33.94,36.78,33.44,36.19,6004521,0
RBLX.US,D,20190401,000000,36.26,39.98,34.49,38.75,6902248,0
RBLX.US,D,20190402,000000,39.06,39.15,38.38,38.62,4538088,0
RBLX.US,D,20190403,000000,39.30,39.32,38.90,39.01,3016630,0
RBLX.US,D,20190404,000000,38.44,38.48,38.14,38.20,5745316,0
RBLX.US,D,20190405,000000,38.16,43.26,37.99,41.40,3205556,0
RBLX.US,D,20190408,000000,40.90,46.64,39.67,45.63,7777802,0
RBLX.US,D,20190408,000000,45.08,48.90,44.27,48.51,4713147,0
RBLX.US,D,20190408,000000,47.56,49.10,46.91,48.84,8410865,0
RBLX.US,D,20190409,000000,48.94,49.30,44.57,46.96,8822483,0
RBLX.US,D,20190410,000000,46.92,50.46,46.26,49.83,3315470,0
RBLX.US,D,20190411,000000,50.48,50.69,43.64,46.50,4626797,0
RBLX.US,D,20190412,000000,48.21,48.57,42.59,42.60,8369576,0
RBLX.US,D,20190415,000000,43.20,43.40,41.70,41.97,4641298,0
RBLX.US,D,20190415,000000,42.89,43.57,38.76,40.36,3400854,0
RBLX.US,D,20190415,000000,40.47,40.70,40.22,40.67,4850404,0
RBLX.US,D,20190416,000000,39.90,39.91,39.16,39.29,5024622,0
RBLX.US,D,20190417,000000,38.72,41.69,38.14,40.44,5716320,0
RBLX.US,D,20190418,000000,41.08,42.97,40.97,42.66,6938233,0
RBLX.US,D,20190419,000000,41.81,41.96,41.72,41.94,8619610,0
RBLX.US,D,20190422,000000,43.42,44.15,38.89,39.91,4773457,0
RBLX.US,D,20190422,000000,39.13,39.88,39.06,39.57,5118616,0
RBLX.US,D,20190422,000000,40.12,43.16,39.50,42.54,3958816,0
RBLX.US,D,20190423,000000,41.79,41.94,40.33,40.41,6423012,0
RBLX.US,D,20190424,000000,40.46,42.55,40.10,42.46,8761895,0
RBLX.US,D,20190425,000000,41.13,42.81,36.27,37.82,5196249,0
RBLX.US,D,20190426,000000,38.38,40.37,37.81,40.32,7018294,0
RBLX.US,D,20190429,000000,39.13,41.12,38.71,40.86,4111897,0
RBLX.US,D,20190429,000000,41.58,41.68,40.23,40.46,8405884,0
RBLX.US,D,20190429,000000,40.19,42.48,40.11,41.59,3167681,0
RBLX.US,D,20190430,000000,41.47,42.45,41.29,42.14,5731376,0
RBLX.US,D,20190501,000000,41.73,41.77,40.55,41.04,5087841,0
RBLX.US,D,20190502,000000,41.13,44.31,40.66,44.30,6315892,0
RBLX.US,D,20190503,000000,43.77,44.61,43.33,44.48,4148219,0
RBLX.US,D,20190506,000000,43.67,44.14,41.90,43.14,5606432,0
RBLX.US,D,20190506,000000,43.39,45.49,40.23,40.29,6337063,0
RBLX.US,D,20190506,000000,40.27,42.03,40.08,42.03,4802197,0
RBLX.US,D,20190507,000000,42.51,42.53,42.16,42.31,7495677,0
RBLX.US,D,20190508,000000,42.22,42.91,41.97,42.80,6759181,0
RBLX.US,D,20190509,000000,41.87,43.33,41.38,42.85,5507596,0
RBLX.US,D,20190510,000000,42.34,44.07,41.07,44.01,8693829,0
RBLX.US,D,20190513,000000,45.41,45.59,39.40,42.08,5018370,0
RBLX.US,D,20190513,000000,43.24,48.71,41.41,47.50,4698243,0
RBLX.US,D,20190513,000000,46.40,49.31,46.18,48.32,8840827,0
RBLX.US,D,20190514,000000,48.45,49.47,45.82,46.08,6546019,0
RBLX.US,D,20190515,000000,44.61,52.77,44.39,51.06,5846988,0
RBLX.US,D,20190516,000000,50.17,51.16,43.37,43.84,4121303,0
RBLX.US,D,20190517,000000,43.58,48.55,43.33,47.05,6073740,0
RBLX.US,D,20190520,000000,48.43,49.11,48.33,48.77,4329659,0
RBLX.US,D,20190520,000000,49.88,50.63,48.69,49.07,4953635,0
RBLX.US,D,20190520,000000,48.75,49.48,44.83,45.72,4010133,0
RBLX.US,D,20190521,000000,45.69,48.98,44.05,47.98,4373234,0
RBLX.US,D,20190522,000000,47.05,47.16,46.01,46.23,7740194,0
RBLX.US,D,20190523,000000,47.33,47.74,46.70,46.99,3847076,0
RBLX.US,D,20190524,000000,47.29,47.55,45.94,46.08,7586566,0
RBLX.US,D,20190527,000000,44.89,47.49,44.57,46.55,3756618,0
RBLX.US,D,20190527,000000,46.35,46.85,41.72,43.06,5797746,0
RBLX.US,D,20190527,000000,43.61,47.83,42.63,46.88,7736532,0
RBLX.US,D,20190528,000000,46.22,49.76,45.81,48.05,7552174,0
RBLX.US,D,20190529,000000,47.87,48.38,47.82,48.14,8188365,0
RBLX.US,D,20190530,000000,47.01,48.62,47.00,48.58,8638395,0
RBLX.US,D,20190531,000000,47.81,52.22,47.75,51.64,3642630,0
RBLX.US,D,20190603,000000,51.57,53.79,51.49,53.74,7663705,0
RBLX.US,D,20190603,000000,53.05,57.42,52.84,56.99,5561020,0
RBLX.US,D,20190603,000000,56.70,58.92,56.19,58.09,6580744,0
RBLX.US,D,20190604,000000,58.31,62.76,58.02,61.32,5618605,0
RBLX.US,D,20190605,000000,60.61,64.67,60.45,63.72,4120664,0
RBLX.US,D,20190606,000000,63.56,64.40,60.50,60.60,5586864,0
RBLX.US,D,20190607,000000,60.73,67.22,59.38,65.52,7702867,0
RBLX.US,D,20190610,000000,65.01,65.58,63.47,63.76,4474626,0
RBLX.US,D,20190610,000000,63.43,66.63,62.95,64.46,6913229,0
RBLX.US,D,20190610,000000,63.59,63.86,59.30,60.17,6459018,0
RBLX.US,D,20190611,000000,57.48,58.09,57.37,57.81,3185968,0
RBLX.US,D,20190612,000000,58.31,58.57,56.11,56.56,3784758,0
RBLX.US,D,20190613,000000,55.96,56.48,55.05,55.42,8000270,0
RBLX.US,D,20190614,000000,55.09,59.82,53.09,59.46,5451081,0
RBLX.US,D,20190617,000000,58.06,64.85,57.49,63.53,6882234,0
RBLX.US,D,20190617,000000,64.03,64.37,60.44,61.65,7992977,0
RBLX.US,D,20190617,000000,60.16,62.50,59.61,62.34,7540044,0
RBLX.US,D,20190618,000000,62.23,62.65,61.89,62.29,7899166,0
RBLX.US,D,20190619,000000,62.01,69.00,60.77,66.54,5185725,0
RBLX.US,D,20190620,000000,67.98,68.26,65.13,65.46,5078479,0
RBLX.US,D,20190621,000000,66.24,66.45,57.26,61.32,4895745,0
RBLX.US,D,20190624,000000,60.00,60.66,57.15,59.11,6857328,0
RBLX.US,D,20190624,000000,58.75,59.76,58.64,59.71,5854946,0
RBLX.US,D,20190624,000000,58.47,58.91,58.40,58.42,4762853,0
RBLX.US,D,20190625,000000,58.95,60.75,58.66,60.42,6345139,0
RBLX.US,D,20190626,000000,60.87,62.13,53.30,57.11,5191079,0
RBLX.US,D,20190627,000000,56.10,58.94,55.45,58.37,7274678,0
RBLX.US,D,20190628,000000,57.69,57.83,56.14,56.93,7383737,0
RBLX.US,D,20190701,000000,56.81,63.32,55.86,61.95,8611528,0
RBLX.US,D,20190701,000000,63.53,64.36,58.30,58.56,5955469,0
RBLX.US,D,20190701,000000,57.79,58.06,52.37,54.39,4074017,0
RBLX.US,D,20190702,000000,54.45,54.60,53.09,53.11,3963475,0
RBLX.US,D,20190703,000000,53.47,53.73,52.13,52.26,6842579,0
RBLX.US,D,20190704,000000,51.27,56.22,50.45,54.24,3984253,0
RBLX.US,D,20190705,000000,54.91,56.61,54.89,56.55,7568659,0
RBLX.US,D,20190708,000000,55.10,55.44,53.48,54.22,3126134,0
RBLX.US,D,20190708,000000,54.49,55.06,52.28,53.18,6567050,0
RBLX.US,D,20190708,000000,54.44,54.47,54.44,54.46,5414289,0
RBLX.US,D,20190709,000000,55.01,56.02,49.20,49.39,7803884,0
RBLX.US,D,20190710,000000,48.64,50.96,47.78,50.72,4978585,0
RBLX.US,D,20190711,000000,51.97,52.23,45.81,47.34,3475159,0
RBLX.US,D,20190712,000000,47.24,47.35,47.11,47.30,7722315,0
RBLX.US,D,20190715,000000,48.30,49.44,45.33,46.27,4115446,0
RBLX.US,D,20190715,000000,45.56,50.01,45.38,48.63,6675142,0
RBLX.US,D,20190715,000000,47.41,48.02,43.66,46.24,3995029,0
RBLX.US,D,20190716,000000,47.23,47.81,44.94,46.66,3385981,0
RBLX.US,D,20190717,000000,47.56,47.59,47.37,47.55,7653950,0
RBLX.US,D,20190718,000000,47.23,47.32,46.51,46.64,3416240,0
RBLX.US,D,20190719,000000,46.19,46.25,44.45,44.80,7589662,0
RBLX.US,D,20190722,000000,45.01,46.62,44.23,46.29,5177438,0
RBLX.US,D,20190722,000000,45.89,50.30,45.02,48.41,8020549,0
RBLX.US,D,20190722,000000,46.87,49.81,46.85,48.27,5552202,0
RBLX.US,D,20190723,000000,49.27,49.31,47.97,48.94,5376896,0
RBLX.US,D,20190724,000000,50.21,51.03,41.73,45.56,4436186,0
RBLX.US,D,20190725,000000,44.80,46.49,43.93,45.68,8451966,0
RBLX.US,D,20190726,000000,45.98,60.19,45.53,57.20,4248838,0
RBLX.US,D,20190729,000000,57.77,57.89,48.00,49.41,4844114,0
RBLX.US,D,20190729,000000,49.78,51.56,49.25,49.57,3390405,0
RBLX.US,D,20190729,000000,49.40,49.94,46.07,47.04,6891594,0
RBLX.US,D,20190730,000000,47.15,53.18,46.80,49.82,5274842,0
RBLX.US,D,20190731,000000,50.23,54.12,49.85,53.58,6713508,0
RBLX.US,D,20190801,000000,53.24,61.69,52.29,58.35,4305171,0
RBLX.US,D,20190802,000000,58.13,61.35,57.49,59.79,7299468,0
RBLX.US,D,20190805,000000,59.63,60.89,59.56,60.85,3487253,0
RBLX.US,D,20190805,000000,61.63,63.73,61.00,63.68,5800898,0
RBLX.US,D,20190805,000000,62.59,63.62,57.02,59.95,3659698,0
RBLX.US,D,20190806,000000,60.48,60.94,60.38,60.58,4606095,0
RBLX.US,D,20190807,000000,60.28,61.64,60.26,61.63,6297355,0
RBLX.US,D,20190808,000000,62.24,64.34,54.93,55.48,6527441,0
RBLX.US,D,20190809,000000,57.72,58.15,52.34,53.58,4485516,0
RBLX.US,D,20190812,000000,54.12,55.61,47.37,48.51,5478550,0
RBLX.US,D,20190812,000000,49.19,49.42,46.73,46.75,5284630,0
RBLX.US,D,20190812,000000,47.31,53.12,46.59,51.85,6673799,0
RBLX.US,D,20190813,000000,52.62,53.09,47.82,48.39,4340893,0
RBLX.US,D,20190814,000000,49.38,50.79,48.68,50.65,4245342,0
RBLX.US,D,20190815,000000,50.79,53.05,50.14,52.54,6476200,0
RBLX.US,D,20190816,000000,53.23,54.88,47.05,49.18,7219438,0
RBLX.US,D,20190819,000000,50.05,54.96,49.64,54.78,3181423,0
RBLX.US,D,20190819,000000,52.95,52.97,51.12,51.51,8186177,0
RBLX.US,D,20190819,000000,51.15,52.36,44.32,46.71,8686596,0
RBLX.US,D,20190820,000000,45.87,51.28,45.50,49.06,5144262,0
RBLX.US,D,20190821,000000,49.51,50.36,46.02,47.25,7690503,0
RBLX.US,D,20190822,000000,46.49,46.66,45.30,45.57,7099580,0
RBLX.US,D,20190823,000000,46.50,47.06,44.39,44.93,6159553,0
RBLX.US,D,20190826,000000,44.22,55.14,40.13,51.48,4319709,0
RBLX.US,D,20190826,000000,51.83,52.29,51.66,51.79,6831781,0
RBLX.US,D,20190826,000000,52.60,53.54,49.75,51.75,7119050,0
RBLX.US,D,20190827,000000,51.70,53.56,48.05,48.78,8499032,0
RBLX.US,D,20190828,000000,48.70,48.74,48.35,48.59,4736496,0
RBLX.US,D,20190829,000000,47.26,49.74,46.90,49.25,4773754,0
RBLX.US,D,20190830,000000,48.91,49.51,46.60,47.11,6211414,0
RBLX.US,D,20190902,000000,46.70,49.02,46.61,48.54,4011552,0
RBLX.US,D,20190902,000000,49.55,50.30,49.45,50.26,6927525,0
RBLX.US,D,20190902,000000,51.00,51.19,44.23,46.40,7387921,0
RBLX.US,D,20190903,000000,45.71,45.92,40.48,40.56,4858984,0
RBLX.US,D,20190904,000000,39.20,42.51,39.14,41.58,6989165,0
RBLX.US,D,20190905,000000,41.40,42.08,41.18,41.95,4504936,0
RBLX.US,D,20190906,000000,42.20,46.14,42.04,44.86,6245096,0
RBLX.US,D,20190909,000000,45.21,45.92,42.89,43.24,3745570,0
RBLX.US,D,20190909,000000,42.80,43.12,42.68,43.08,3362545,0
RBLX.US,D,20190909,000000,43.16,46.62,42.26,46.32,5834868,0
RBLX.US,D,20190910,000000,47.00,48.12,46.78,48.02,8865876,0
RBLX.US,D,20190911,000000,48.13,48.44,44.92,45.55,3440919,0
RBLX.US,D,20190912,000000,45.72,45.90,45.71,45.88,8889795,0
RBLX.US,D,20190913,000000,45.84,46.46,44.96,46.17,4934805,0
RBLX.US,D,20190916,000000,46.63,46.85,45.19,45.36,5987637,0
RBLX.US,D,20190916,000000,44.70,46.83,44.64,46.24,8434459,0
RBLX.US,D,20190916,000000,47.05,50.29,45.70,49.57,3940832,0
RBLX.US,D,20190917,000000,49.51,49.56,44.71,46.58,8809761,0
RBLX.US,D,20190918,000000,45.91,49.35,45.62,49.19,6772417,0
RBLX.US,D,20190919,000000,48.42,48.93,45.83,46.08,8499694,0
RBLX.US,D,20190920,000000,45.54,47.53,45.34,47.35,4633796,0
RBLX.US,D,20190923,000000,47.92,48.57,47.82,48.35,13124445,0
RBLX.US,D,20190923,000000,48.04,50.42,47.70,49.46,13943719,0
RBLX.US,D,20190923,000000,49.41,50.89,49.07,50.16,8107090,0
RBLX.US,D,20190924,000000,50.27,51.34,49.90,51.06,16487732,0
RBLX.US,D,20190925,000000,52.09,52.37,51.92,52.20,13205843,0
RBLX.US,D,20190926,000000,53.11,53.41,53.03,53.26,8959346,0
RBLX.US,D,20190927,000000,52.76,54.10,52.23,53.92,11193252,0
RBLX.US,D,20190930,000000,52.92,56.08,52.45,55.32,14255143,0
RBLX.US,D,20190930,000000,55.47,56.77,55.22,56.66,17971592,0
RBLX.US,D,20190930,000000,57.12,60.12,56.98,58.23,22173217,0
RBLX.US,D,20191001,000000,58.21,60.07,58.02,59.92,21192504,0
RBLX.US,D,20191002,000000,59.89,62.17,59.74,61.51,8842523,0
RBLX.US,D,20191003,000000,61.73,63.66,61.60,62.88,22236464,0
RBLX.US,D,20191004,000000,63.64,65.43,63.57,64.79,15457147,0
RBLX.US,D,20191007,000000,66.22,67.04,66.09,66.71,17184060,0
RBLX.US,D,20191007,000000,67.71,69.49,67.33,69.33,11151067,0
RBLX.US,D,20191007,000000,70.17,74.42,69.90,71.88,18209743,0
RBLX.US,D,20191008,000000,71.21,73.71,71.04,73.70,17123667,0
RBLX.US,D,20191009,000000,72.52,78.12,70.59,76.26,28251719,0
RBLX.US,D,20191010,000000,75.68,78.34,75.20,77.72,6562878,0
RBLX.US,D,20191011,000000,77.73,78.47,74.15,74.77,8004750,0
RBLX.US,D,20191014,000000,74.82,75.39,74.67,75.00,4144347,0
RBLX.US,D,20191014,000000,74.53,74.75,68.73,70.55,7399032,0
RBLX.US,D,20191014,000000,70.35,73.05,70.32,71.78,4048741,0
RBLX.US,D,20191015,000000,70.83,72.61,70.75,72.16,3564818,0
RBLX.US,D,20191016,000000,71.70,71.87,71.28,71.37,8544669,0
RBLX.US,D,20191017,000000,71.95,72.66,68.64,69.99,5054203,0
RBLX.US,D,20191018,000000,69.83,70.09,62.37,65.54,3215444,0
RBLX.US,D,20191021,000000,66.04,68.66,65.88,67.65,6601569,0
RBLX.US,D,20191021,000000,68.52,73.20,68.19,70.75,5427357,0
RBLX.US,D,20191021,000000,71.54,74.31,63.99,64.77,5736435,0
RBLX.US,D,20191022,000000,65.75,67.41,65.47,67.20,5626242,0
RBLX.US,D,20191023,000000,66.26,67.59,61.24,62.04,8447867,0
RBLX.US,D,20191024,000000,61.99,64.73,61.21,64.51,7216731,0
RBLX.US,D,20191025,000000,64.55,67.61,64.37,66.75,5024350,0
RBLX.US,D,20191028,000000,67.32,69.25,55.08,59.14,5182967,0
RBLX.US,D,20191028,000000,58.61,62.06,57.89,60.58,5518086,0
RBLX.US,D,20191028,000000,61.04,62.36,59.32,60.26,8540171,0
RBLX.US,D,20191029,000000,58.92,59.60,58.91,59.26,8115724,0
RBLX.US,D,20191030,000000,60.58,60.62,60.07,60.13,5975081,0
RBLX.US,D,20191031,000000,60.36,64.04,59.90,63.52,4681102,0
RBLX.US,D,20191101,000000,64.79,64.87,63.01,63.52,8810002,0
RBLX.US,D,20191104,000000,63.81,70.03,63.60,68.65,7280116,0
RBLX.US,D,20191104,000000,67.93,70.71,66.65,70.67,6584577,0
RBLX.US,D,20191104,000000,72.05,78.77,71.12,78.01,3735787,0
RBLX.US,D,20191105,000000,78.53,86.07,78.05,82.68,6391435,0
RBLX.US,D,20191106,000000,80.68,86.67,79.99,84.21,3277367,0
RBLX.US,D,20191107,000000,81.45,86.53,80.84,86.45,8657063,0
RBLX.US,D,20191108,000000,86.01,86.03,84.80,85.19,4071072,0
RBLX.US,D,20191111,000000,84.85,87.82,74.61,75.00,6233198,0
RBLX.US,D,20191111,000000,74.73,78.12,74.29,76.75,6427606,0
RBLX.US,D,20191111,000000,77.01,79.18,71.30,71.76,3152327,0
RBLX.US,D,20191112,000000,73.43,75.16,64.19,68.79,6921280,0
RBLX.US,D,20191113,000000,70.92,71.93,68.18,68.41,7656405,0
RBLX.US,D,20191114,000000,68.28,68.63,56.65,59.36,8482537,0
RBLX.US,D,20191115,000000,59.98,66.93,58.67,66.02,5946467,0
RBLX.US,D,20191118,000000,66.46,66.83,63.40,65.03,7269441,0
RBLX.US,D,20191118,000000,64.93,68.54,64.32,67.62,4677584,0
RBLX.US,D,20191118,000000,66.87,67.97,64.06,64.96,4825633,0
RBLX.US,D,20191119,000000,64.69,69.22,64.33,68.18,4155144,0
RBLX.US,D,20191120,000000,69.07,69.15,60.99,63.00,7533820,0
RBLX.US,D,20191121,000000,62.78,63.10,60.75,61.73,5413949,0
RBLX.US,D,20191122,000000,61.47,64.45,61.29,62.97,5444422,0
RBLX.US,D,20191125,000000,64.44,65.41,63.72,64.30,8343607,0
RBLX.US,D,20191125,000000,63.18,65.02,57.32,57.79,3808779,0
RBLX.US,D,20191125,000000,58.21,61.47,57.15,60.60,8245302,0
RBLX.US,D,20191126,000000,60.94,63.33,60.64,63.29,3485372,0
RBLX.US,D,20191127,000000,62.58,64.94,60.90,64.10,8832419,0
RBLX.US,D,20191128,000000,62.87,68.13,59.67,67.81,5475294,0
RBLX.US,D,20191129,000000,68.21,70.98,67.84,69.86,3290568,0
RBLX.US,D,20191202,000000,70.56,71.16,61.31,64.07,7077744,0
RBLX.US,D,20191202,000000,63.84,63.96,60.65,60.79,8547993,0
RBLX.US,D,20191202,000000,61.40,65.59,60.39,63.70,6011854,0
RBLX.US,D,20191203,000000,64.93,68.12,64.06,67.98,8247730,0
RBLX.US,D,20191204,000000,68.57,70.07,62.89,66.20,8003973,0
RBLX.US,D,20191205,000000,66.48,73.75,65.01,70.83,7576909,0
RBLX.US,D,20191206,000000,71.17,78.53,69.60,76.46,4374135,0
RBLX.US,D,20191209,000000,77.83,77.98,74.91,76.08,4430769,0
RBLX.US,D,20191209,000000,75.60,76.83,71.89,72.71,5623860,0
RBLX.US,D,20191209,000000,73.82,74.04,72.97,73.35,8128586,0
RBLX.US,D,20191210,000000,71.35,72.30,71.27,71.75,6051041,0
RBLX.US,D,20191211,000000,71.39,81.62,70.05,79.55,6659508,0
RBLX.US,D,20191212,000000,80.45,82.18,79.97,81.92,7591977,0
RBLX.US,D,20191213,000000,78.09,81.16,78.00,80.77,7066015,0
RBLX.US,D,20191216,000000,78.97,79.53,78.20,79.38,7785402,0
RBLX.US,D,20191216,000000,79.30,79.37,78.41,78.47,3515210,0
RBLX.US,D,20191216,000000,78.88,79.59,77.94,78.03,7925246,0
RBLX.US,D,20191217,000000,79.47,79.67,73.72,75.23,6537849,0
RBLX.US,D,20191218,000000,75.72,75.80,67.95,68.57,8956030,0
RBLX.US,D,20191219,000000,69.23,69.35,69.03,69.16,3883583,0
RBLX.US,D,20191220,000000,68.79,72.90,68.78,71.83,4157561,0
RBLX.US,D,20191223,000000,72.14,72.38,70.41,70.61,7843246,0
RBLX.US,D,20191223,000000,70.58,78.77,70.13,78.65,4064704,0
RBLX.US,D,20191223,000000,77.00,77.76,76.51,77.75,6517102,0
RBLX.US,D,20191224,000000,79.81,80.23,77.14,78.40,6853353,0
RBLX.US,D,20191225,000000,78.38,78.46,72.47,74.64,5140945,0
RBLX.US,D,20191226,000000,75.63,75.88,71.62,72.74,8024465,0
RBLX.US,D,20191227,000000,72.46,85.29,70.17,77.74,4869001,0
RBLX.US,D,20191230,000000,79.03,79.52,78.04,78.16,5561901,0
RBLX.US,D,20191230,000000,79.57,81.88,70.23,71.85,7466498,0
RBLX.US,D,20191230,000000,70.99,71.56,67.97,68.34,5872659,0
RBLX.US,D,20191231,000000,68.57,77.73,68.10,76.43,7955852,0
RBLX.US,D,20200101,000000,76.74,76.88,73.73,74.06,7102371,0
RBLX.US,D,20200102,000000,73.75,77.66,72.92,76.39,5346363,0
RBLX.US,D,20200103,000000,75.60,81.55,75.27,79.87,6661118,0
RBLX.US,D,20200106,000000,80.78,82.83,74.96,75.17,7078967,0
RBLX.US,D,20200106,000000,72.58,76.10,71.80,74.82,6138403,0
RBLX.US,D,20200106,000000,71.64,73.36,70.56,73.08,6697603,0
RBLX.US,D,20200107,000000,70.83,72.28,69.70,71.62,5678799,0
RBLX.US,D,20200108,000000,71.75,80.50,70.21,78.36,5088040,0
RBLX.US,D,20200109,000000,79.33,79.49,78.44,78.72,7960743,0
RBLX.US,D,20200110,000000,81.58,81.93,81.33,81.90,3553851,0
RBLX.US,D,20200113,000000,79.53,90.17,76.22,85.98,8415836,0
RBLX.US,D,20200113,000000,82.32,96.92,78.84,93.83,7988846,0
RBLX.US,D,20200113,000000,94.94,117.62,89.94,114.01,8616377,0
RBLX.US,D,20200114,000000,114.62,122.99,113.12,122.09,6839964,0
RBLX.US,D,20200115,000000,119.66,120.59,115.29,117.03,3368130,0
RBLX.US,D,20200116,000000,116.01,118.78,98.36,103.76,7528226,0
RBLX.US,D,20200117,000000,107.21,108.73,87.56,93.48,6606276,0
RBLX.US,D,20200120,000000,95.78,96.14,94.41,95.23,5555114,0
RBLX.US,D,20200120,000000,92.38,93.21,81.84,85.62,6470472,0
RBLX.US,D,20200120,000000,86.12,86.39,78.13,80.76,7284569,0
RBLX.US,D,20200121,000000,77.83,85.88,77.42,83.98,5834994,0
RBLX.US,D,20200122,000000,84.37,86.21,80.20,81.94,3271527,0
RBLX.US,D,20200123,000000,79.03,79.80,76.53,77.33,3718226,0
RBLX.US,D,20200124,000000,75.54,76.26,68.41,71.73,4132141,0
RBLX.US,D,20200127,000000,72.93,73.04,66.17,68.34,3233562,0
RBLX.US,D,20200127,000000,65.92,66.41,59.65,61.69,3655180,0
RBLX.US,D,20200127,000000,60.55,63.22,59.47,63.15,7695527,0
RBLX.US,D,20200128,000000,59.27,65.00,57.30,63.96,3160743,0
RBLX.US,D,20200129,000000,64.42,69.28,63.26,68.45,6748607,0
RBLX.US,D,20200130,000000,70.06,70.43,67.90,68.66,3340175,0
RBLX.US,D,20200131,000000,69.22,73.88,68.01,72.65,3571792,0
RBLX.US,D,20200203,000000,76.49,78.29,75.96,77.27,4619561,0
RBLX.US,D,20200203,000000,79.54,88.97,78.07,87.35,8871094,0
RBLX.US,D,20200203,000000,92.63,94.32,83.06,85.43,5378477,0
RBLX.US,D,20200204,000000,85.17,85.39,74.73,78.70,6407131,0
RBLX.US,D,20200205,000000,78.94,81.21,78.35,80.59,5165076,0
RBLX.US,D,20200206,000000,78.59,79.77,77.88,79.33,4409963,0
RBLX.US,D,20200207,000000,80.01,82.22,76.51,77.08,6759175,0
RBLX.US,D,20200210,000000,73.33,87.54,67.11,86.76,6898677,0
RBLX.US,D,20200210,000000,86.10,92.94,85.43,90.21,7842171,0
RBLX.US,D,20200210,000000,89.94,89.95,89.93,89.93,4086414,0
RBLX.US,D,20200211,000000,90.26,90.64,81.72,84.68,6183075,0
RBLX.US,D,20200212,000000,82.76,84.27,80.52,83.74,5591099,0
RBLX.US,D,20200213,000000,85.91,87.39,77.24,77.96,5251160,0
RBLX.US,D,20200214,000000,79.77,79.85,78.89,79.31,6980630,0
RBLX.US,D,20200217,000000,80.72,81.33,77.70,77.75,3100164,0
RBLX.US,D,20200217,000000,79.74,81.22,67.62,68.81,7105808,0
RBLX.US,D,20200217,000000,67.84,82.19,64.02,79.66,3651071,0
RBLX.US,D,20200218,000000,77.37,86.84,75.16,86.52,3771714,0
RBLX.US,D,20200219,000000,88.10,88.53,84.02,85.27,3963230,0
RBLX.US,D,20200220,000000,85.95,86.44,78.28,79.47,3937250,0
RBLX.US,D,20200221,000000,77.72,78.04,76.43,77.36,4896111,0
RBLX.US,D,20200224,000000,75.27,78.65,74.85,77.35,3233688,0
RBLX.US,D,20200224,000000,75.97,82.17,74.65,80.44,5322984,0
RBLX.US,D,20200224,000000,78.68,81.69,76.32,81.60,3621735,0
RBLX.US,D,20200225,000000,80.72,92.40,76.97,90.97,3250260,0
RBLX.US,D,20200226,000000,89.38,89.76,88.78,89.66,7704843,0
RBLX.US,D,20200227,000000,89.16,91.38,73.61,80.02,7036601,0
RBLX.US,D,20200228,000000,83.12,84.17,75.78,79.17,7628537,0
RBLX.US,D,20200302,000000,81.57,81.98,81.48,81.97,6469329,0
RBLX.US,D,20200302,000000,79.30,79.43,77.10,77.71,8931394,0
RBLX.US,D,20200302,000000,75.71,82.20,74.88,79.48,7780699,0
RBLX.US,D,20200303,000000,81.52,82.67,81.35,82.16,5331622,0
RBLX.US,D,20200304,000000,84.22,84.81,78.61,80.04,3004543,0
RBLX.US,D,20200305,000000,76.86,85.37,72.85,82.82,6960289,0
RBLX.US,D,20200306,000000,82.77,87.08,69.66,74.62,5334331,0
RBLX.US,D,20200309,000000,73.55,77.61,73.41,77.38,3501918,0
RBLX.US,D,20200309,000000,73.75,73.93,65.43,68.90,8376991,0
RBLX.US,D,20200309,000000,70.19,84.84,65.68,80.03,4293946,0
RBLX.US,D,20200310,000000,78.43,78.52,72.35,73.15,3597148,0
RBLX.US,D,20200311,000000,72.88,73.71,68.01,68.12,5738890,0
RBLX.US,D,20200312,000000,69.00,73.98,68.43,73.76,5753259,0
RBLX.US,D,20200313,000000,73.83,78.21,72.74,77.81,4644012,0
RBLX.US,D,20200316,000000,76.57,76.99,66.04,70.09,8207790,0
RBLX.US,D,20200316,000000,72.30,74.16,54.11,60.25,6579515,0
RBLX.US,D,20200316,000000,59.58,62.71,58.45,62.49,7372247,0
RBLX.US,D,20200317,000000,64.68,66.27,64.16,65.83,4401729,0
RBLX.US,D,20200318,000000,67.67,72.68,66.45,70.34,7632834,0
RBLX.US,D,20200319,000000,67.65,71.71,66.25,70.48,4185343,0
RBLX.US,D,20200320,000000,72.41,78.37,71.37,77.78,5330762,0
RBLX.US,D,20200323,000000,78.00,80.20,62.08,65.41,5930277,0
RBLX.US,D,20200323,000000,65.91,71.61,63.60,70.11,5298498,0
RBLX.US,D,20200323,000000,68.98,69.45,62.13,63.17,8921607,0
RBLX.US,D,20200324,000000,63.05,65.15,62.68,64.75,3543187,0
RBLX.US,D,20200325,000000,65.23,74.57,63.92,72.95,3597056,0
RBLX.US,D,20200326,000000,73.65,81.16,72.53,80.09,4629881,0
RBLX.US,D,20200327,000000,82.15,82.42,76.26,78.74,5965473,0
RBLX.US,D,20200330,000000,77.19,77.70,68.98,72.21,8757796,0
RBLX.US,D,20200330,000000,72.35,81.84,71.64,78.60,3918434,0
RBLX.US,D,20200330,000000,77.98,78.71,77.91,78.19,5491945,0
RBLX.US,D,20200331,000000,74.87,88.87,73.52,83.19,6688923,0
RBLX.US,D,20200401,000000,84.21,84.27,82.84,82.94,5323194,0
RBLX.US,D,20200402,000000,83.74,84.73,83.63,84.44,5347533,0
RBLX.US,D,20200403,000000,86.85,93.31,84.43,92.39,6496120,0
RBLX.US,D,20200406,000000,92.87,95.18,92.21,94.63,5630929,0
RBLX.US,D,20200406,000000,94.14,102.45,92.97,102.29,5072155,0
RBLX.US,D,20200406,000000,104.26,105.86,90.44,91.45,7760669,0
RBLX.US,D,20200407,000000,91.90,99.48,91.21,98.53,3429056,0
RBLX.US,D,20200408,000000,96.27,111.36,93.25,107.10,4720698,0
RBLX.US,D,20200409,000000,112.82,113.64,105.96,106.04,4268599,0
RBLX.US,D,20200410,000000,104.19,126.98,103.00,117.77,7549595,0
RBLX.US,D,20200413,000000,114.94,118.57,113.55,115.31,4278731,0
RBLX.US,D,20200413,000000,111.91,129.99,111.20,123.25,5400812,0
RBLX.US,D,20200413,000000,121.67,124.11,112.13,114.05,3539903,0
RBLX.US,D,20200414,000000,112.93,123.58,112.67,119.75,8159656,0
RBLX.US,D,20200415,000000,117.48,123.67,117.32,123.03,4463774,0
RBLX.US,D,20200416,000000,123.99,136.41,123.57,133.25,6453881,0
RBLX.US,D,20200417,000000,130.89,140.94,130.08,138.39,6246193,0
RBLX.US,D,20200420,000000,140.74,143.17,133.32,138.53,7118885,0
RBLX.US,D,20200420,000000,140.11,141.82,114.88,122.13,3203996,0
RBLX.US,D,20200420,000000,126.24,135.31,115.54,118.95,5327465,0
RBLX.US,D,20200421,000000,120.12,122.44,107.72,113.11,4962325,0
RBLX.US,D,20200422,000000,109.10,109.27,108.28,108.64,3485420,0
RBLX.US,D,20200423,000000,110.56,111.87,103.63,103.95,8996151,0
RBLX.US,D,20200424,000000,102.13,107.96,101.18,106.95,6491265,0
RBLX.US,D,20200427,000000,107.19,107.56,105.84,106.52,3156483,0
RBLX.US,D,20200427,000000,105.23,107.40,87.88,89.15,6652920,0
RBLX.US,D,20200427,000000,93.10,95.43,92.12,95.32,7584665,0
RBLX.US,D,20200428,000000,92.31,98.18,91.78,97.99,4032340,0
RBLX.US,D,20200429,000000,101.90,103.17,91.23,94.16,7518679,0
RBLX.US,D,20200430,000000,94.21,94.32,91.42,92.13,4314555,0
RBLX.US,D,20200501,000000,92.06,94.94,90.51,94.48,7024120,0
RBLX.US,D,20200504,000000,94.96,98.83,94.73,96.94,8928854,0
RBLX.US,D,20200504,000000,97.18,97.59,96.05,96.55,4227613,0
RBLX.US,D,20200504,000000,95.56,99.16,95.41,98.18,4933767,0
RBLX.US,D,20200505,000000,94.64,94.86,90.82,91.98,3700366,0
RBLX.US,D,20200506,000000,95.66,96.16,89.51,91.19,5941856,0
RBLX.US,D,20200507,000000,88.45,99.52,86.39,97.35,8272559,0
RBLX.US,D,20200508,000000,97.48,98.00,93.11,94.12,6845119,0
RBLX.US,D,20200511,000000,91.35,101.77,87.41,99.16,7685983,0
RBLX.US,D,20200511,000000,98.37,99.00,95.83,96.71,3362374,0
RBLX.US,D,20200511,000000,97.42,97.70,81.44,90.42,8419004,0
RBLX.US,D,20200512,000000,90.74,90.84,87.83,88.39,7069950,0
RBLX.US,D,20200513,000000,89.28,90.45,85.70,87.96,5564865,0
RBLX.US,D,20200514,000000,88.70,90.35,79.49,82.79,4155254,0
RBLX.US,D,20200515,000000,80.87,81.46,76.43,78.27,7746858,0
RBLX.US,D,20200518,000000,78.78,79.50,68.76,71.88,6793816,0
RBLX.US,D,20200518,000000,72.49,72.73,70.63,71.05,8287781,0
RBLX.US,D,20200518,000000,71.25,76.52,70.09,75.86,6976228,0
RBLX.US,D,20200519,000000,75.44,75.55,75.10,75.31,3161233,0
RBLX.US,D,20200520,000000,75.23,80.38,75.13,79.52,3161420,0
RBLX.US,D,20200521,000000,80.40,81.30,75.35,76.57,4601610,0
RBLX.US,D,20200522,000000,76.41,76.43,74.68,75.37,7966357,0
RBLX.US,D,20200525,000000,75.33,75.41,72.59,73.32,3175926,0
RBLX.US,D,20200525,000000,73.58,73.97,72.54,72.59,7209120,0
RBLX.US,D,20200525,000000,74.44,74.46,72.19,72.44,4898299,0
RBLX.US,D,20200526,000000,71.86,81.82,69.75,80.94,8568679,0
RBLX.US,D,20200527,000000,81.78,82.38,78.97,79.38,8756318,0
RBLX.US,D,20200528,000000,79.58,83.22,78.25,82.62,5552578,0
RBLX.US,D,20200529,000000,81.57,82.30,81.06,82.12,5774880,0
RBLX.US,D,20200601,000000,84.49,85.02,84.13,84.86,4501894,0
RBLX.US,D,20200601,000000,85.30,88.65,71.15,74.68,7346967,0
RBLX.US,D,20200601,000000,74.80,75.77,72.97,73.81,4132700,0
RBLX.US,D,20200602,000000,73.26,78.86,72.65,77.72,6818315,0
RBLX.US,D,20200603,000000,78.36,79.00,77.37,78.60,7845545,0
RBLX.US,D,20200604,000000,77.63,78.36,70.93,73.61,5678210,0
RBLX.US,D,20200605,000000,73.41,75.02,69.54,71.15,4037440,0
RBLX.US,D,20200608,000000,70.59,71.20,70.46,71.02,6789553,0
RBLX.US,D,20200608,000000,70.59,71.25,70.14,70.46,7388505,0
RBLX.US,D,20200608,000000,69.49,69.53,67.71,68.55,4802097,0
RBLX.US,D,20200609,000000,69.22,73.30,62.77,63.41,8335869,0
RBLX.US,D,20200610,000000,64.51,64.72,64.31,64.60,6951639,0
RBLX.US,D,20200611,000000,65.59,68.59,64.91,68.52,5745793,0
RBLX.US,D,20200612,000000,69.10,69.17,65.95,67.64,6375799,0
RBLX.US,D,20200615,000000,68.24,68.95,68.09,68.55,4232672,0
RBLX.US,D,20200615,000000,67.41,70.84,66.69,70.59,3236753,0
RBLX.US,D,20200615,000000,68.20,74.72,67.95,74.33,5302158,0
RBLX.US,D,20200616,000000,75.07,75.19,74.78,74.83,8564194,0
RBLX.US,D,20200617,000000,75.94,76.33,74.11,74.56,8457975,0
RBLX.US,D,20200618,000000,73.71,75.02,73.48,74.44,8238220,0
RBLX.US,D,20200619,000000,73.94,74.11,71.72,72.78,5868331,0
RBLX.US,D,20200622,000000,73.84,77.55,57.30,66.60,5667242,0
RBLX.US,D,20200622,000000,66.05,71.11,65.74,70.49,3171880,0
RBLX.US,D,20200622,000000,68.78,70.87,68.65,70.67,8324548,0
RBLX.US,D,20200623,000000,70.70,71.35,66.18,68.38,4600787,0
RBLX.US,D,20200624,000000,68.52,74.05,67.20,72.95,5976857,0
RBLX.US,D,20200625,000000,73.80,74.88,73.58,74.78,7039921,0
RBLX.US,D,20200626,000000,73.47,77.08,72.93,76.42,7648028,0
RBLX.US,D,20200629,000000,77.05,77.52,73.11,73.58,8006465,0
RBLX.US,D,20200629,000000,74.90,75.34,74.83,75.21,3239960,0
RBLX.US,D,20200629,000000,75.22,86.47,71.08,83.81,5763843,0
RBLX.US,D,20200630,000000,83.76,84.33,83.57,84.16,5959595,0
RBLX.US,D,20200701,000000,84.21,84.68,82.72,83.07,6700395,0
RBLX.US,D,20200702,000000,82.52,85.02,82.20,84.18,7775489,0
RBLX.US,D,20200703,000000,86.78,86.83,83.93,84.92,3974277,0
RBLX.US,D,20200706,000000,83.66,83.78,82.25,82.66,8376429,0
RBLX.US,D,20200706,000000,83.75,84.12,81.65,83.54,3142796,0
RBLX.US,D,20200706,000000,82.64,83.91,82.62,83.81,5159092,0
RBLX.US,D,20200707,000000,83.18,84.08,76.72,78.95,6142914,0
RBLX.US,D,20200708,000000,79.21,80.16,79.20,79.85,7093920,0
RBLX.US,D,20200709,000000,80.11,80.67,80.02,80.47,10107504,0
RBLX.US,D,20200710,000000,78.62,82.95,76.83,81.28,9443293,0
RBLX.US,D,20200713,000000,83.41,83.76,83.12,83.46,6386980,0
RBLX.US,D,20200713,000000,84.41,84.92,84.15,84.85,6548170,0
RBLX.US,D,20200713,000000,84.44,87.37,84.34,86.75,9002636,0
RBLX.US,D,20200714,000000,86.67,88.81,86.18,88.56,10467052,0
RBLX.US,D,20200715,000000,91.37,91.55,89.88,90.32,16203741,0
RBLX.US,D,20200716,000000,91.13,92.56,90.00,92.20,12537850,0
RBLX.US,D,20200717,000000,90.37,96.24,89.09,94.51,9511056,0
RBLX.US,D,20200720,000000,94.32,97.43,94.14,96.72,16895481,0
RBLX.US,D,20200720,000000,97.75,99.70,97.58,99.33,18884483,0
RBLX.US,D,20200720,000000,98.54,103.99,97.73,101.99,21727884,0
RBLX.US,D,20200721,000000,103.67,104.22,103.39,104.12,8228942,0
RBLX.US,D,20200722,000000,103.03,107.07,102.48,106.37,23195083,0
RBLX.US,D,20200723,000000,107.28,111.47,106.28,109.05,14323695,0
RBLX.US,D,20200724,000000,109.83,112.85,109.47,111.71,18721064,0
RBLX.US,D,20200727,000000,112.60,115.17,112.12,114.72,13096316,0
RBLX.US,D,20200727,000000,114.54,118.06,114.09,117.66,19463312,0
RBLX.US,D,20200727,000000,124.01,124.36,120.49,121.43,13507677,0
RBLX.US,D,20200728,000000,120.03,126.05,118.76,124.81,26376451,0
RBLX.US,D,20200729,000000,124.45,130.40,123.94,129.63,13686471,0
RBLX.US,D,20200730,000000,129.71,135.69,128.93,133.67,16723384,0
RBLX.US,D,20200731,000000,131.80,140.04,130.32,137.64,24040684,0
RBLX.US,D,20200803,000000,137.61,142.96,135.75,141.81,13312848,0
RBLX.US,D,20200803,000000,138.46,149.43,134.85,147.14,29257840,0
RBLX.US,D,20200803,000000,145.71,145.95,130.84,130.85,8766280,0
RBLX.US,D,20200804,000000,131.24,132.28,126.24,129.79,8770365,0
RBLX.US,D,20200805,000000,129.34,129.36,127.22,127.27,4944287,0
RBLX.US,D,20200806,000000,126.42,134.46,125.99,132.03,4929632,0
RBLX.US,D,20200807,000000,135.12,136.13,118.10,123.81,5199266,0
RBLX.US,D,20200810,000000,125.29,127.10,115.87,117.03,6967922,0
RBLX.US,D,20200810,000000,118.36,121.28,117.74,119.69,4917721,0
RBLX.US,D,20200810,000000,123.46,126.59,104.67,112.77,8914613,0
RBLX.US,D,20200811,000000,115.59,122.77,113.74,122.76,3008351,0
RBLX.US,D,20200812,000000,123.40,123.71,115.11,117.05,7854005,0
RBLX.US,D,20200813,000000,116.42,116.52,116.12,116.29,6829517,0
RBLX.US,D,20200814,000000,116.76,118.35,109.98,113.30,3674013,0
RBLX.US,D,20200817,000000,114.23,114.94,105.24,106.83,4419914,0
RBLX.US,D,20200817,000000,105.94,109.43,105.70,107.72,3298584,0
RBLX.US,D,20200817,000000,107.40,109.11,104.38,106.84,5788771,0
RBLX.US,D,20200818,000000,105.51,106.72,101.72,102.77,6793949,0
RBLX.US,D,20200819,000000,102.05,107.37,101.06,107.28,7965725,0
RBLX.US,D,20200820,000000,105.70,116.84,100.45,112.89,5143179,0
RBLX.US,D,20200821,000000,110.33,121.12,109.68,120.71,4853159,0
RBLX.US,D,20200824,000000,120.68,121.49,120.55,121.32,5747862,0
RBLX.US,D,20200824,000000,124.07,131.80,122.12,129.54,8762997,0
RBLX.US,D,20200824,000000,129.25,129.84,121.46,124.59,5538045,0
RBLX.US,D,20200825,000000,126.59,127.39,121.66,122.37,7250135,0
RBLX.US,D,20200826,000000,124.25,124.43,122.72,122.88,7308139,0
RBLX.US,D,20200827,000000,124.56,128.08,116.65,116.76,3030576,0
RBLX.US,D,20200828,000000,116.00,122.63,115.43,120.61,8478291,0
RBLX.US,D,20200831,000000,120.33,130.85,118.29,126.63,3028563,0
RBLX.US,D,20200831,000000,125.26,129.28,124.61,128.83,6913414,0
RBLX.US,D,20200831,000000,126.46,127.39,123.57,123.60,3251060,0
RBLX.US,D,20200901,000000,122.63,135.80,121.97,133.74,4128883,0
RBLX.US,D,20200902,000000,131.62,136.39,129.62,136.35,4819604,0
RBLX.US,D,20200903,000000,138.56,138.81,134.73,135.69,3551053,0
RBLX.US,D,20200904,000000,133.92,143.82,132.78,141.09,4529310,0
RBLX.US,D,20200907,000000,138.99,139.04,133.83,134.51,7537234,0
RBLX.US,D,20200907,000000,132.47,140.54,132.39,138.53,8641965,0
RBLX.US,D,20200907,000000,137.49,147.73,133.63,146.32,6035170,0
RBLX.US,D,20200908,000000,149.63,151.07,143.75,145.14,3932917,0
RBLX.US,D,20200909,000000,146.39,146.67,141.89,142.36,7219878,0
RBLX.US,D,20200910,000000,142.73,155.24,140.70,153.71,3329510,0
RBLX.US,D,20200911,000000,153.63,167.46,153.05,165.04,6495173,0
RBLX.US,D,20200914,000000,164.94,166.77,148.88,153.05,3481606,0
RBLX.US,D,20200914,000000,157.58,161.14,146.32,147.78,8825349,0
RBLX.US,D,20200914,000000,146.25,147.57,134.19,141.52,5733489,0
RBLX.US,D,20200915,000000,141.05,143.19,132.25,134.35,3731931,0
RBLX.US,D,20200916,000000,132.32,134.60,131.88,133.91,4288063,0
RBLX.US,D,20200917,000000,136.41,136.71,136.14,136.19,7693776,0
RBLX.US,D,20200918,000000,135.94,136.16,129.57,131.37,6253606,0
RBLX.US,D,20200921,000000,132.27,133.55,127.27,129.49,4279220,0
RBLX.US,D,20200921,000000,130.66,132.76,130.13,132.36,4068249,0
RBLX.US,D,20200921,000000,131.55,133.31,129.98,130.17,3193553,0
RBLX.US,D,20200922,000000,132.67,133.21,123.28,124.12,5702232,0
RBLX.US,D,20200923,000000,125.91,126.27,118.69,121.64,7352875,0
RBLX.US,D,20200924,000000,118.05,118.08,116.58,117.12,4976412,0
RBLX.US,D,20200925,000000,118.21,126.05,116.66,124.12,8410619,0
RBLX.US,D,20200928,000000,124.12,125.97,123.38,125.59,7064557,0
RBLX.US,D,20200928,000000,123.21,132.50,122.95,131.87,7971834,0
RBLX.US,D,20200928,000000,129.24,129.33,127.25,127.57,7954878,0
RBLX.US,D,20200929,000000,126.93,128.36,126.64,128.28,8646053,0
RBLX.US,D,20200930,000000,127.86,128.84,127.67,128.55,8777669,0
RBLX.US,D,20201001,000000,127.19,140.77,126.90,140.19,5487510,0
RBLX.US,D,20201002,000000,140.21,142.08,130.66,133.42,4139050,0
RBLX.US,D,20201005,000000,132.71,138.88,130.08,138.75,6384583,0
RBLX.US,D,20201005,000000,136.75,141.58,135.78,139.46,4396258,0
RBLX.US,D,20201005,000000,140.01,151.03,138.18,149.24,5721518,0
RBLX.US,D,20201006,000000,150.20,150.93,140.27,141.58,6134819,0
RBLX.US,D,20201007,000000,142.10,145.74,141.93,144.84,4834745,0
RBLX.US,D,20201008,000000,144.74,153.12,144.29,152.73,8962916,0
RBLX.US,D,20201009,000000,151.60,153.89,142.69,144.44,5971020,0
RBLX.US,D,20201012,000000,143.15,144.92,135.38,139.48,4870339,0
RBLX.US,D,20201012,000000,140.40,145.99,133.90,135.21,6184951,0
RBLX.US,D,20201012,000000,134.73,147.52,134.44,143.93,5186647,0
RBLX.US,D,20201013,000000,145.41,146.80,132.88,139.95,5689151,0
RBLX.US,D,20201014,000000,141.85,148.43,141.18,147.58,5715031,0
RBLX.US,D,20201015,000000,148.47,150.60,133.04,137.23,8949312,0
RBLX.US,D,20201016,000000,138.64,139.31,137.68,137.95,4187731,0
RBLX.US,D,20201019,000000,138.73,144.33,137.29,143.38,6444259,0
RBLX.US,D,20201019,000000,144.84,145.27,144.84,145.09,4810857,0
RBLX.US,D,20201019,000000,144.23,147.93,143.58,145.91,7546184,0
RBLX.US,D,20201020,000000,145.69,154.16,141.57,153.75,3890925,0
RBLX.US,D,20201021,000000,154.79,155.60,145.04,147.37,8202828,0
RBLX.US,D,20201022,000000,149.67,168.38,149.23,165.32,8363746,0
RBLX.US,D,20201023,000000,164.18,164.35,158.86,161.61,5493325,0
RBLX.US,D,20201026,000000,162.33,164.12,157.60,159.77,3030636,0
RBLX.US,D,20201026,000000,155.73,168.68,153.82,167.56,8545304,0
RBLX.US,D,20201026,000000,164.98,166.71,164.79,166.64,6175732,0
RBLX.US,D,20201027,000000,165.95,182.41,164.16,179.33,8385184,0
RBLX.US,D,20201028,000000,177.33,179.77,161.44,168.61,8893663,0
RBLX.US,D,20201029,000000,168.47,169.64,158.73,162.26,7501957,0
RBLX.US,D,20201030,000000,158.24,170.53,154.07,166.56,7752658,0
RBLX.US,D,20201102,000000,164.52,168.64,163.17,164.98,7511996,0
RBLX.US,D,20201102,000000,164.13,177.36,161.34,173.70,3674372,0
RBLX.US,D,20201102,000000,177.81,180.75,170.74,171.26,5615732,0
RBLX.US,D,20201103,000000,171.42,171.53,167.62,168.79,7790639,0
RBLX.US,D,20201104,000000,168.57,169.10,164.17,165.29,3643750,0
RBLX.US,D,20201105,000000,161.98,173.02,159.61,172.84,8264372,0
RBLX.US,D,20201106,000000,170.83,175.96,168.43,175.19,4833353,0
RBLX.US,D,20201109,000000,174.98,180.23,174.60,180.07,5167338,0
RBLX.US,D,20201109,000000,180.85,181.22,177.96,178.00,7238822,0
RBLX.US,D,20201109,000000,178.86,179.71,175.97,176.97,7591138,0
RBLX.US,D,20201110,000000,175.82,184.40,175.41,183.42,8794529,0
RBLX.US,D,20201111,000000,181.60,186.21,175.92,176.88,5441481,0
RBLX.US,D,20201112,000000,177.83,178.04,177.06,177.83,5517535,0
RBLX.US,D,20201113,000000,179.05,179.86,170.68,173.20,5924855,0
RBLX.US,D,20201116,000000,172.14,172.31,170.92,171.62,4544909,0
RBLX.US,D,20201116,000000,174.71,175.75,166.10,167.96,7118836,0
RBLX.US,D,20201116,000000,170.47,184.58,170.21,179.31,5566433,0
RBLX.US,D,20201117,000000,174.90,178.48,174.78,178.48,4967443,0
RBLX.US,D,20201118,000000,179.65,180.10,175.51,176.71,4386915,0
RBLX.US,D,20201119,000000,178.61,181.89,174.63,174.88,4806858,0
RBLX.US,D,20201120,000000,178.90,179.08,168.20,173.64,4086400,0
RBLX.US,D,20201123,000000,174.46,176.61,167.91,168.09,6127137,0
RBLX.US,D,20201123,000000,172.98,175.57,164.41,164.51,3024951,0
RBLX.US,D,20201123,000000,162.80,170.69,161.28,168.20,8793887,0
RBLX.US,D,20201124,000000,169.99,172.25,161.28,162.98,4873300,0
RBLX.US,D,20201125,000000,164.09,164.36,163.35,163.65,5922559,0
RBLX.US,D,20201126,000000,161.95,178.40,157.17,168.58,3190605,0
RBLX.US,D,20201127,000000,170.30,180.17,169.96,178.37,7145249,0
RBLX.US,D,20201130,000000,178.89,180.35,178.74,180.11,4813557,0
RBLX.US,D,20201130,000000,180.19,181.84,178.39,181.73,4299857,0
RBLX.US,D,20201130,000000,182.01,183.59,170.81,174.18,4091532,0
RBLX.US,D,20201201,000000,173.12,173.38,171.79,172.59,7899024,0
RBLX.US,D,20201202,000000,170.70,171.17,170.16,170.70,7454969,0
RBLX.US,D,20201203,000000,172.76,182.67,171.20,181.71,5298384,0
RBLX.US,D,20201204,000000,182.60,182.97,165.62,166.34,3954899,0
RBLX.US,D,20201207,000000,165.13,186.48,161.55,184.64,6238367,0
RBLX.US,D,20201207,000000,186.78,188.61,157.98,169.68,7892257,0
RBLX.US,D,20201207,000000,168.97,179.26,167.05,177.19,3421380,0
RBLX.US,D,20201208,000000,177.37,193.91,176.35,192.58,7921679,0
RBLX.US,D,20201209,000000,195.20,197.90,163.60,173.68,8847010,0
RBLX.US,D,20201210,000000,173.47,175.33,169.03,170.90,5477007,0
RBLX.US,D,20201211,000000,168.64,173.43,168.05,171.07,4142819,0
RBLX.US,D,20201214,000000,169.71,169.79,167.37,167.47,6903210,0
RBLX.US,D,20201214,000000,166.49,173.97,166.29,171.80,3304509,0
RBLX.US,D,20201214,000000,174.52,177.45,147.35,155.99,6709477,0
RBLX.US,D,20201215,000000,154.31,166.64,152.34,163.86,7311914,0
RBLX.US,D,20201216,000000,166.88,173.91,166.50,171.52,8269693,0
RBLX.US,D,20201217,000000,167.19,181.17,163.46,177.26,8702650,0
RBLX.US,D,20201218,000000,179.59,201.29,179.23,197.01,4391523,0
RBLX.US,D,20201221,000000,197.41,201.77,185.37,186.83,8706498,0
RBLX.US,D,20201221,000000,184.61,205.42,177.87,200.50,6427571,0
RBLX.US,D,20201221,000000,203.46,215.83,201.68,209.70,4511333,0
RBLX.US,D,20201222,000000,208.22,209.44,201.88,204.49,4776811,0
RBLX.US,D,20201223,000000,205.21,226.36,202.71,222.71,4710153,0
RBLX.US,D,20201224,000000,225.32,245.22,225.22,241.36,4997707,0
RBLX.US,D,20201225,000000,241.31,241.79,234.20,235.32,6071535,0
RBLX.US,D,20201228,000000,239.03,257.36,238.84,252.58,8535576,0
RBLX.US,D,20201228,000000,256.03,259.18,254.59,258.78,4959011,0
RBLX.US,D,20201228,000000,253.48,255.63,241.62,244.35,6515329,0
RBLX.US,D,20201229,000000,238.67,239.36,236.91,238.21,8147169,0
RBLX.US,D,20201230,000000,240.82,243.32,217.06,221.80,5700560,0
RBLX.US,D,20201231,000000,222.55,243.29,183.56,191.54,6012014,0
RBLX.US,D,20210101,000000,189.17,195.74,171.31,173.29,8099077,0
RBLX.US,D,20210104,000000,173.32,173.42,160.72,164.60,3403005,0
RBLX.US,D,20210104,000000,164.30,170.51,162.65,170.02,6678401,0
RBLX.US,D,20210104,000000,169.65,183.51,164.43,176.19,8794096,0
RBLX.US,D,20210105,000000,179.01,180.33,175.45,177.13,5984877,0
RBLX.US,D,20210106,000000,180.10,191.61,177.81,186.80,7713824,0
RBLX.US,D,20210107,000000,186.67,188.02,183.83,184.28,8833199,0
RBLX.US,D,20210108,000000,179.62,197.23,176.82,195.75,5825466,0
RBLX.US,D,20210111,000000,193.13,199.94,192.26,198.89,7514346,0
RBLX.US,D,20210111,000000,201.36,201.80,198.81,199.66,3319769,0
RBLX.US,D,20210111,000000,202.10,205.14,201.15,204.83,5018796,0
RBLX.US,D,20210112,000000,204.65,207.35,204.49,207.08,4520537,0
RBLX.US,D,20210113,000000,202.76,219.59,202.32,213.60,8067792,0
RBLX.US,D,20210114,000000,212.07,218.66,167.00,187.16,3712021,0
RBLX.US,D,20210115,000000,190.23,190.57,171.45,177.19,7617319,0
RBLX.US,D,20210118,000000,173.55,199.72,172.63,194.64,8891963,0
RBLX.US,D,20210118,000000,190.43,197.10,189.23,194.93,8694163,0
RBLX.US,D,20210118,000000,192.01,197.55,164.58,176.55,4639467,0
RBLX.US,D,20210119,000000,172.12,191.87,167.99,190.61,3415779,0
RBLX.US,D,20210120,000000,184.59,189.73,179.39,189.55,8378965,0
RBLX.US,D,20210121,000000,185.24,195.76,184.98,191.57,8149068,0
RBLX.US,D,20210122,000000,194.07,197.19,183.02,187.12,4024726,0
RBLX.US,D,20210125,000000,179.97,193.86,177.98,192.54,5585474,0
RBLX.US,D,20210125,000000,193.09,196.61,179.40,182.42,6693892,0
RBLX.US,D,20210125,000000,178.16,178.96,158.17,161.60,7141117,0
RBLX.US,D,20210126,000000,162.13,167.14,156.78,163.83,4340658,0
RBLX.US,D,20210127,000000,158.78,176.29,156.74,172.36,8977569,0
RBLX.US,D,20210128,000000,171.01,171.05,160.78,165.98,5639034,0
RBLX.US,D,20210129,000000,164.99,189.07,163.96,176.73,4651986,0
RBLX.US,D,20210201,000000,172.99,182.56,171.23,178.39,4006227,0
RBLX.US,D,20210201,000000,178.46,198.48,173.68,196.43,7263958,0
RBLX.US,D,20210201,000000,203.06,203.49,170.86,176.04,5479223,0
RBLX.US,D,20210202,000000,179.90,189.63,175.60,187.85,3254737,0
RBLX.US,D,20210203,000000,188.86,197.67,187.97,195.34,5919465,0
RBLX.US,D,20210204,000000,193.34,195.85,191.63,192.61,3738927,0
RBLX.US,D,20210205,000000,193.59,205.26,191.53,200.25,4238630,0
RBLX.US,D,20210208,000000,202.03,241.58,200.40,233.35,3284042,0
RBLX.US,D,20210208,000000,234.57,234.93,220.34,222.68,4845898,0
RBLX.US,D,20210208,000000,222.41,226.96,211.82,212.92,7832459,0
RBLX.US,D,20210209,000000,209.13,211.70,207.07,207.68,7213013,0
RBLX.US,D,20210210,000000,212.95,214.75,183.18,194.50,4994936,0
RBLX.US,D,20210211,000000,195.53,196.92,195.15,195.90,4132480,0
RBLX.US,D,20210212,000000,202.88,203.48,195.64,197.26,3436623,0
RBLX.US,D,20210215,000000,196.96,202.46,186.13,190.05,4196749,0
RBLX.US,D,20210215,000000,188.07,201.92,187.34,195.44,8256165,0
RBLX.US,D,20210215,000000,193.21,197.50,192.24,197.15,8577426,0
RBLX.US,D,20210216,000000,196.19,200.39,168.93,177.57,5451134,0
RBLX.US,D,20210217,000000,180.59,187.63,160.38,172.48,6706090,0
RBLX.US,D,20210218,000000,173.17,184.04,171.79,181.42,8417103,0
RBLX.US,D,20210219,000000,181.09,181.14,175.49,176.71,8765079,0
RBLX.US,D,20210222,000000,176.82,210.53,170.40,195.54,7244392,0
RBLX.US,D,20210222,000000,191.02,206.58,188.59,201.92,6683324,0
RBLX.US,D,20210222,000000,193.06,219.86,187.58,210.24,3402028,0
RBLX.US,D,20210223,000000,196.91,202.00,195.91,200.42,7624227,0
RBLX.US,D,20210224,000000,204.32,213.70,181.26,185.17,6155128,0
RBLX.US,D,20210225,000000,180.70,209.50,179.44,202.71,3240827,0
RBLX.US,D,20210226,000000,207.52,240.91,204.08,232.06,3598171,0
RBLX.US,D,20210301,000000,232.78,234.11,219.55,225.86,6899520,0
RBLX.US,D,20210301,000000,228.02,244.77,227.60,239.25,6994194,0
RBLX.US,D,20210301,000000,233.70,237.31,232.67,236.07,3459779,0
RBLX.US,D,20210302,000000,238.57,240.11,225.16,230.39,5791335,0
RBLX.US,D,20210303,000000,230.25,234.00,229.97,231.50,5980669,0
RBLX.US,D,20210304,000000,238.48,242.37,230.72,235.27,7120009,0
RBLX.US,D,20210305,000000,239.13,252.39,238.07,250.95,5996129,0
RBLX.US,D,20210308,000000,251.04,256.80,248.15,255.49,7353466,0
RBLX.US,D,20210308,000000,256.86,266.79,252.69,266.75,6955317,0
RBLX.US,D,20210308,000000,267.91,275.93,266.10,272.60,3186976,0
RBLX.US,D,20210309,000000,283.61,286.74,282.63,285.71,5985529,0
RBLX.US,D,20210310,000000,285.84,285.85,281.17,281.42,3990318,0
RBLX.US,D,20210311,000000,276.98,277.86,269.59,269.81,6559689,0
RBLX.US,D,20210312,000000,271.33,271.79,268.72,270.14,8394437,0
RBLX.US,D,20210315,000000,278.27,285.84,259.74,265.26,8833545,0
RBLX.US,D,20210315,000000,276.37,282.01,268.62,270.73,7183051,0
RBLX.US,D,20210315,000000,260.75,264.80,228.43,247.85,7859212,0
RBLX.US,D,20210316,000000,243.20,246.85,225.62,232.39,3450237,0
