<TICKER>,<PER>,<DATE>,<TIME>,<OPEN>,<HIGH>,<LOW>,<CLOSE>,<VOL>,<OPENINT>
RIOT.US,D,20180102,000000,11.95,12.55,11.72,12.50,5417854,0
RIOT.US,D,20180103,000000,12.48,12.49,12.38,12.40,6919317,0
RIOT.US,D,20180104,000000,12.33,12.38,12.31,12.37,14695108,0
RIOT.US,D,20180105,000000,12.33,12.33,12.23,12.25,14390526,0
RIOT.US,D,20180108,000000,12.24,12.29,12.24,12.28,6223991,0
RIOT.US,D,20180108,000000,12.27,12.30,12.15,12.16,13344857,0
RIOT.US,D,20180108,000000,12.16,12.18,12.04,12.11,7600095,0
RIOT.US,D,20180109,000000,12.11,12.14,12.02,12.03,12593190,0
RIOT.US,D,20180110,000000,12.03,12.10,12.03,12.09,13576704,0
RIOT.US,D,20180111,000000,12.09,12.10,12.05,12.07,11742938,0
RIOT.US,D,20180112,000000,12.07,12.08,12.05,12.05,7901483,0
RIOT.US,D,20180115,000000,12.02,12.02,12.02,12.02,7525271,0
RIOT.US,D,20180115,000000,12.02,12.04,12.01,12.03,11822032,0
RIOT.US,D,20180115,000000,12.00,12.00,11.99,12.00,11870414,0
RIOT.US,D,20180116,000000,12.00,12.00,11.98,11.98,8333968,0
RIOT.US,D,20180117,000000,12.02,12.04,11.98,11.98,10258861,0
RIOT.US,D,20180118,000000,12.04,12.18,11.97,12.16,13745901,0
RIOT.US,D,20180119,000000,12.12,12.30,12.08,12.26,6857376,0
RIOT.US,D,20180122,000000,12.26,12.29,12.21,12.22,8182047,0
RIOT.US,D,20180122,000000,12.23,12.31,12.22,12.28,10909213,0
RIOT.US,D,20180122,000000,12.30,12.35,12.30,12.34,13253506,0
RIOT.US,D,20180123,000000,12.37,12.37,12.31,12.32,10057792,0
RIOT.US,D,20180124,000000,12.34,12.37,12.34,12.35,11416938,0
RIOT.US,D,20180125,000000,12.35,12.35,12.35,12.35,13943574,0
RIOT.US,D,20180126,000000,12.36,12.36,12.33,12.35,10710992,0
RIOT.US,D,20180129,000000,12.32,12.34,12.31,12.32,10961319,0
RIOT.US,D,20180129,000000,12.36,12.38,12.21,12.24,7276491,0
RIOT.US,D,20180129,000000,12.27,12.32,12.26,12.30,12943561,0
RIOT.US,D,20180130,000000,12.31,12.32,11.95,12.06,7616104,0
RIOT.US,D,20180131,000000,12.13,12.26,12.12,12.22,13145722,0
RIOT.US,D,20180201,000000,12.33,12.40,12.32,12.37,12607603,0
RIOT.US,D,20180202,000000,12.28,12.44,12.20,12.38,6406573,0
RIOT.US,D,20180205,000000,12.43,12.44,12.32,12.33,7827869,0
RIOT.US,D,20180205,000000,12.18,12.50,12.10,12.37,5221833,0
RIOT.US,D,20180205,000000,12.34,12.35,12.01,12.07,14752050,0
RIOT.US,D,20180206,000000,12.09,12.10,12.08,12.10,10561717,0
RIOT.US,D,20180207,000000,12.09,12.19,11.68,11.74,9646783,0
RIOT.US,D,20180208,000000,11.80,11.81,11.26,11.43,12796359,0
RIOT.US,D,20180209,000000,11.43,11.58,11.43,11.54,6649596,0
RIOT.US,D,20180212,000000,11.55,11.80,11.54,11.68,5541113,0
RIOT.US,D,20180212,000000,11.66,11.88,11.59,11.77,10665567,0
RIOT.US,D,20180212,000000,11.75,12.04,11.74,11.95,5374075,0
RIOT.US,D,20180213,000000,11.99,12.24,11.97,12.14,14085218,0
RIOT.US,D,20180214,000000,12.08,13.00,11.92,12.68,10464577,0
RIOT.US,D,20180215,000000,12.76,12.87,12.71,12.86,12278822,0
RIOT.US,D,20180216,000000,12.80,12.93,12.75,12.92,14863951,0
RIOT.US,D,20180219,000000,12.86,13.26,12.85,13.24,10819533,0
RIOT.US,D,20180219,000000,13.20,13.48,13.13,13.45,7334337,0
RIOT.US,D,20180219,000000,13.67,13.69,13.48,13.51,9061043,0
RIOT.US,D,20180220,000000,13.41,13.76,13.31,13.74,8942655,0
RIOT.US,D,20180221,000000,13.78,14.21,13.78,14.13,7049457,0
RIOT.US,D,20180222,000000,14.09,14.69,14.06,14.58,13548921,0
RIOT.US,D,20180223,000000,14.62,14.63,14.50,14.50,9422239,0
RIOT.US,D,20180226,000000,14.42,14.87,14.35,14.83,12763450,0
RIOT.US,D,20180226,000000,14.74,14.76,14.56,14.61,6716690,0
RIOT.US,D,20180226,000000,14.71,14.81,14.64,14.72,14294356,0
RIOT.US,D,20180227,000000,14.81,14.89,14.51,14.52,5073921,0
RIOT.US,D,20180228,000000,14.55,14.55,14.23,14.34,10856004,0
RIOT.US,D,20180301,000000,14.36,14.36,13.82,14.09,8260729,0
RIOT.US,D,20180302,000000,14.07,14.61,14.00,14.46,14227419,0
RIOT.US,D,20180305,000000,14.62,14.87,14.61,14.76,9441976,0
RIOT.US,D,20180305,000000,14.78,14.81,14.77,14.80,7066467,0
RIOT.US,D,20180305,000000,14.79,14.82,14.64,14.66,11724098,0
RIOT.US,D,20180306,000000,14.65,14.71,14.64,14.71,14851379,0
RIOT.US,D,20180307,000000,14.79,14.87,14.40,14.58,5526966,0
RIOT.US,D,20180308,000000,14.56,14.67,14.55,14.64,5198223,0
RIOT.US,D,20180309,000000,14.62,14.66,14.56,14.57,9095633,0
RIOT.US,D,20180312,000000,14.52,14.53,14.40,14.43,9473232,0
RIOT.US,D,20180312,000000,14.54,14.61,14.35,14.37,6745796,0
RIOT.US,D,20180312,000000,14.19,15.12,14.08,14.89,14581872,0
RIOT.US,D,20180313,000000,14.98,15.10,14.98,15.07,7003468,0
RIOT.US,D,20180314,000000,14.94,15.21,14.76,15.10,14345124,0
RIOT.US,D,20180315,000000,15.09,15.51,15.00,15.37,9691457,0
RIOT.US,D,20180316,000000,15.31,15.32,14.75,14.82,9028466,0
RIOT.US,D,20180319,000000,14.69,14.76,14.39,14.43,11710651,0
RIOT.US,D,20180319,000000,14.57,15.04,14.46,14.96,10891881,0
RIOT.US,D,20180319,000000,14.83,14.93,14.78,14.88,6630960,0
RIOT.US,D,20180320,000000,14.72,14.96,14.67,14.95,8298580,0
RIOT.US,D,20180321,000000,15.08,15.08,15.03,15.05,13522921,0
RIOT.US,D,20180322,000000,15.09,15.23,14.66,14.72,14820395,0
RIOT.US,D,20180323,000000,14.60,14.61,14.43,14.47,8738031,0
RIOT.US,D,20180326,000000,14.43,14.45,14.29,14.36,10348646,0
RIOT.US,D,20180326,000000,14.26,14.42,14.16,14.39,8144015,0
RIOT.US,D,20180326,000000,14.51,14.56,14.39,14.39,12813423,0
RIOT.US,D,20180327,000000,14.43,14.45,14.16,14.20,10271725,0
RIOT.US,D,20180328,000000,14.23,14.24,14.05,14.14,14523436,0
RIOT.US,D,20180329,000000,14.14,14.24,14.09,14.23,5212838,0
RIOT.US,D,20180330,000000,14.24,14.26,14.17,14.17,7914632,0
RIOT.US,D,20180402,000000,14.15,14.23,14.15,14.22,6824658,0
RIOT.US,D,20180402,000000,14.22,14.42,14.22,14.35,7973992,0
RIOT.US,D,20180402,000000,14.35,14.60,14.32,14.52,6067318,0
RIOT.US,D,20180403,000000,14.52,14.52,14.34,14.35,7619803,0
RIOT.US,D,20180404,000000,14.40,14.47,14.39,14.46,6253734,0
RIOT.US,D,20180405,000000,14.51,14.53,14.10,14.19,10076276,0
RIOT.US,D,20180406,000000,14.10,14.11,13.99,14.00,8724256,0
RIOT.US,D,20180409,000000,13.98,14.03,13.92,13.95,8602567,0
RIOT.US,D,20180409,000000,13.91,13.95,13.91,13.95,14650722,0
RIOT.US,D,20180409,000000,14.09,14.15,13.72,13.75,9008947,0
RIOT.US,D,20180410,000000,13.69,14.11,13.66,13.90,11338420,0
RIOT.US,D,20180411,000000,14.05,14.20,13.48,13.57,13394386,0
RIOT.US,D,20180412,000000,13.61,13.64,12.83,12.98,13954755,0
RIOT.US,D,20180413,000000,12.98,13.19,12.96,13.16,12962688,0
RIOT.US,D,20180416,000000,13.29,13.37,13.28,13.35,9121496,0
RIOT.US,D,20180416,000000,13.43,13.64,13.43,13.61,12081515,0
RIOT.US,D,20180416,000000,13.52,13.89,13.50,13.77,9752205,0
RIOT.US,D,20180417,000000,13.72,13.73,13.57,13.59,5643558,0
RIOT.US,D,20180418,000000,13.61,13.66,13.38,13.46,7671683,0
RIOT.US,D,20180419,000000,13.52,13.66,13.36,13.37,12831556,0
RIOT.US,D,20180420,000000,13.36,14.28,13.19,14.04,6338022,0
RIOT.US,D,20180423,000000,14.11,14.12,13.75,13.89,11537532,0
RIOT.US,D,20180423,000000,13.88,13.89,13.71,13.74,13891848,0
RIOT.US,D,20180423,000000,13.67,13.75,13.30,13.38,10446970,0
RIOT.US,D,20180424,000000,13.43,13.49,13.22,13.30,7697291,0
RIOT.US,D,20180425,000000,13.33,13.85,13.31,13.77,11674403,0
RIOT.US,D,20180426,000000,13.80,14.03,13.80,13.92,13608165,0
RIOT.US,D,20180427,000000,13.67,13.76,12.99,13.14,7121625,0
RIOT.US,D,20180430,000000,13.10,13.19,12.88,12.96,10627790,0
RIOT.US,D,20180430,000000,12.83,12.93,12.78,12.89,13850567,0
RIOT.US,D,20180430,000000,12.89,12.99,12.60,12.68,13355135,0
RIOT.US,D,20180501,000000,12.61,12.74,12.45,12.46,6551876,0
RIOT.US,D,20180502,000000,12.43,12.51,12.23,12.28,5477956,0
RIOT.US,D,20180503,000000,12.32,12.46,12.30,12.43,9735166,0
RIOT.US,D,20180504,000000,12.54,12.56,12.41,12.44,6003558,0
RIOT.US,D,20180507,000000,12.40,12.46,12.08,12.22,13346080,0
RIOT.US,D,20180507,000000,12.21,12.55,12.19,12.48,8397996,0
RIOT.US,D,20180507,000000,12.30,12.43,12.25,12.41,7687069,0
RIOT.US,D,20180508,000000,12.11,12.47,12.10,12.37,9459785,0
RIOT.US,D,20180509,000000,12.50,12.71,12.04,12.12,12439439,0
RIOT.US,D,20180510,000000,11.99,12.10,11.58,11.60,12309914,0
RIOT.US,D,20180511,000000,11.61,12.17,11.57,12.03,6946885,0
RIOT.US,D,20180514,000000,12.18,13.41,11.91,13.11,13641235,0
RIOT.US,D,20180514,000000,13.15,13.33,13.09,13.30,7600056,0
RIOT.US,D,20180514,000000,13.20,13.61,13.11,13.56,6376946,0
RIOT.US,D,20180515,000000,13.47,14.10,13.45,13.83,13263213,0
RIOT.US,D,20180516,000000,13.74,13.81,13.43,13.58,12501102,0
RIOT.US,D,20180517,000000,13.78,13.88,13.69,13.70,11150024,0
RIOT.US,D,20180518,000000,14.20,14.22,14.10,14.12,14400044,0
RIOT.US,D,20180521,000000,14.22,14.22,13.78,13.99,8329407,0
RIOT.US,D,20180521,000000,13.93,13.95,13.55,13.63,13027041,0
RIOT.US,D,20180521,000000,13.70,13.83,12.73,13.09,6029962,0
RIOT.US,D,20180522,000000,13.30,13.39,13.05,13.11,9854257,0
RIOT.US,D,20180523,000000,13.11,13.41,13.04,13.34,9385134,0
RIOT.US,D,20180524,000000,13.27,13.75,13.24,13.65,11564666,0
RIOT.US,D,20180525,000000,13.77,14.27,13.70,14.20,12809012,0
RIOT.US,D,20180528,000000,14.02,14.59,13.88,14.43,5027865,0
RIOT.US,D,20180528,000000,14.42,15.75,14.26,15.38,14396888,0
RIOT.US,D,20180528,000000,15.39,15.45,14.43,14.72,9973476,0
RIOT.US,D,20180529,000000,14.74,15.06,14.22,14.50,5038474,0
RIOT.US,D,20180530,000000,14.69,14.77,14.57,14.57,7556200,0
RIOT.US,D,20180531,000000,14.81,14.90,14.35,14.45,12493956,0
RIOT.US,D,20180601,000000,14.78,14.93,13.71,13.98,7072328,0
RIOT.US,D,20180604,000000,14.06,14.13,13.22,13.38,9354465,0
RIOT.US,D,20180604,000000,13.52,13.59,13.23,13.29,9237500,0
RIOT.US,D,20180604,000000,13.49,13.87,11.77,12.50,5760501,0
RIOT.US,D,20180605,000000,12.31,12.35,12.29,12.34,14262657,0
RIOT.US,D,20180606,000000,12.28,12.93,12.14,12.86,9799682,0
RIOT.US,D,20180607,000000,12.91,12.93,12.36,12.50,5706451,0
RIOT.US,D,20180608,000000,12.65,12.66,12.03,12.09,6958366,0
RIOT.US,D,20180611,000000,11.98,12.11,11.53,11.64,14904616,0
RIOT.US,D,20180611,000000,11.61,11.71,11.36,11.42,9108828,0
RIOT.US,D,20180611,000000,11.36,11.55,11.32,11.55,14449433,0
RIOT.US,D,20180612,000000,11.51,11.55,11.46,11.55,8196303,0
RIOT.US,D,20180613,000000,11.59,11.74,11.58,11.68,6560941,0
RIOT.US,D,20180614,000000,11.71,11.74,11.69,11.71,8057659,0
RIOT.US,D,20180615,000000,11.71,11.76,11.53,11.56,14349502,0
RIOT.US,D,20180618,000000,11.38,11.80,11.17,11.75,7781001,0
RIOT.US,D,20180618,000000,11.67,11.68,11.40,11.51,11439870,0
RIOT.US,D,20180618,000000,11.51,12.35,11.50,12.08,6723514,0
RIOT.US,D,20180619,000000,12.14,12.17,11.57,11.62,6129705,0
RIOT.US,D,20180620,000000,11.71,11.72,11.30,11.37,14414435,0
RIOT.US,D,20180621,000000,11.48,11.68,11.30,11.36,12575123,0
RIOT.US,D,20180622,000000,11.34,11.44,11.33,11.40,9895702,0
RIOT.US,D,20180625,000000,11.55,11.87,11.51,11.86,8069653,0
RIOT.US,D,20180625,000000,11.88,11.97,11.43,11.69,12550993,0
RIOT.US,D,20180625,000000,11.65,11.85,11.61,11.80,7157307,0
RIOT.US,D,20180626,000000,11.75,11.83,11.60,11.61,12902762,0
RIOT.US,D,20180627,000000,11.84,12.24,11.64,12.01,5633480,0
RIOT.US,D,20180628,000000,12.01,12.02,11.67,12.00,8021807,0
RIOT.US,D,20180629,000000,11.83,12.11,11.67,12.08,12893347,0
RIOT.US,D,20180702,000000,12.05,12.31,11.92,12.10,8210210,0
RIOT.US,D,20180702,000000,11.97,13.07,11.80,12.85,11227254,0
RIOT.US,D,20180702,000000,13.14,13.15,13.12,13.13,13989462,0
RIOT.US,D,20180703,000000,13.00,13.03,12.31,12.68,6748918,0
RIOT.US,D,20180704,000000,12.92,13.38,12.07,12.27,10475054,0
RIOT.US,D,20180705,000000,12.32,12.33,11.81,11.89,8390113,0
RIOT.US,D,20180706,000000,12.12,12.56,11.74,12.31,10054302,0
RIOT.US,D,20180709,000000,12.09,12.61,12.06,12.49,9744523,0
RIOT.US,D,20180709,000000,12.57,12.63,11.47,11.62,6817197,0
RIOT.US,D,20180709,000000,11.89,12.44,10.74,11.06,6155165,0
RIOT.US,D,20180710,000000,10.92,11.87,10.90,11.66,7657984,0
RIOT.US,D,20180711,000000,11.76,12.00,10.61,11.07,11007956,0
RIOT.US,D,20180712,000000,11.04,11.55,11.00,11.47,10535976,0
RIOT.US,D,20180713,000000,11.25,11.33,11.03,11.15,7879406,0
RIOT.US,D,20180716,000000,11.05,11.20,10.35,10.49,8868750,0
RIOT.US,D,20180716,000000,10.33,10.36,9.97,10.01,11708931,0
RIOT.US,D,20180716,000000,10.22,10.27,10.19,10.22,5803420,0
RIOT.US,D,20180717,000000,10.22,11.13,10.13,10.76,9608549,0
RIOT.US,D,20180718,000000,10.67,11.91,10.57,11.75,8880592,0
RIOT.US,D,20180719,000000,12.05,12.24,10.68,10.99,5546793,0
RIOT.US,D,20180720,000000,10.80,11.62,10.74,11.35,14762750,0
RIOT.US,D,20180723,000000,11.38,11.96,11.27,11.88,10948853,0
RIOT.US,D,20180723,000000,11.84,12.34,11.64,12.22,5559984,0
RIOT.US,D,20180723,000000,12.37,12.38,12.06,12.08,7409749,0
RIOT.US,D,20180724,000000,12.18,12.20,11.82,11.94,12344991,0
RIOT.US,D,20180725,000000,11.75,11.79,11.37,11.42,11839247,0
RIOT.US,D,20180726,000000,11.58,11.60,11.53,11.54,8293956,0
RIOT.US,D,20180727,000000,11.48,11.49,11.27,11.31,10008632,0
RIOT.US,D,20180730,000000,11.38,11.43,10.99,11.01,7311816,0
RIOT.US,D,20180730,000000,11.01,12.02,10.97,11.74,5131389,0
RIOT.US,D,20180730,000000,11.77,12.78,11.56,12.50,8489769,0
RIOT.US,D,20180731,000000,12.52,13.27,12.38,13.12,9452149,0
RIOT.US,D,20180801,000000,13.22,14.17,13.22,14.09,5664796,0
RIOT.US,D,20180802,000000,14.14,14.28,13.79,13.80,13462081,0
RIOT.US,D,20180803,000000,13.99,14.05,13.99,14.01,19261858,0
RIOT.US,D,20180806,000000,14.02,14.12,14.00,14.09,10462319,0
RIOT.US,D,20180806,000000,13.81,14.47,13.75,14.29,9961813,0
RIOT.US,D,20180806,000000,14.22,14.66,14.01,14.59,19565560,0
RIOT.US,D,20180807,000000,14.54,14.92,14.39,14.85,18552910,0
RIOT.US,D,20180808,000000,15.10,15.40,15.07,15.19,21230947,0
RIOT.US,D,20180809,000000,15.22,15.48,15.09,15.43,16442040,0
RIOT.US,D,20180810,000000,15.49,15.83,15.32,15.73,17740070,0
RIOT.US,D,20180813,000000,15.49,16.05,15.44,16.02,11665368,0
RIOT.US,D,20180813,000000,16.12,16.42,16.08,16.30,12914999,0
RIOT.US,D,20180813,000000,16.37,16.65,16.35,16.64,29824061,0
RIOT.US,D,20180814,000000,16.36,17.23,16.07,17.06,30445864,0
RIOT.US,D,20180815,000000,16.93,17.80,16.69,17.46,29728332,0
RIOT.US,D,20180816,000000,17.45,18.09,17.44,17.77,29183910,0
RIOT.US,D,20180817,000000,17.75,18.69,17.73,18.24,23214774,0
RIOT.US,D,20180820,000000,17.86,18.99,17.82,18.86,29942045,0
RIOT.US,D,20180820,000000,18.65,19.58,18.61,19.28,20439751,0
RIOT.US,D,20180820,000000,19.68,19.90,19.57,19.78,29378380,0
RIOT.US,D,20180821,000000,20.19,20.48,20.13,20.37,16518245,0
RIOT.US,D,20180822,000000,20.15,20.94,20.02,20.89,14982772,0
RIOT.US,D,20180823,000000,21.01,21.74,20.96,21.44,24069701,0
RIOT.US,D,20180824,000000,21.36,21.91,21.19,21.85,24169597,0
RIOT.US,D,20180827,000000,21.44,23.15,21.20,22.56,38772494,0
RIOT.US,D,20180827,000000,22.47,23.07,22.47,23.05,24312439,0
RIOT.US,D,20180827,000000,22.80,24.47,22.78,23.73,15047704,0
RIOT.US,D,20180828,000000,23.52,24.76,23.16,24.29,32349048,0
RIOT.US,D,20180829,000000,24.43,25.24,24.21,25.01,33124777,0
RIOT.US,D,20180830,000000,25.15,26.16,24.83,25.79,21354953,0
RIOT.US,D,20180831,000000,26.22,26.93,25.87,26.82,43472198,0
RIOT.US,D,20180903,000000,26.45,28.16,25.95,27.66,16542271,0
RIOT.US,D,20180903,000000,27.84,29.18,27.68,28.72,36632514,0
RIOT.US,D,20180903,000000,28.52,30.66,28.49,29.56,33817737,0
RIOT.US,D,20180904,000000,29.81,30.80,29.38,30.57,17737256,0
RIOT.US,D,20180905,000000,30.38,32.07,29.80,31.75,45903223,0
RIOT.US,D,20180906,000000,31.42,32.74,31.33,32.70,36657868,0
RIOT.US,D,20180907,000000,32.67,33.31,32.56,33.10,14810761,0
RIOT.US,D,20180910,000000,33.12,33.90,32.82,33.82,10286437,0
RIOT.US,D,20180910,000000,33.87,34.23,31.28,32.33,10554879,0
RIOT.US,D,20180910,000000,31.94,32.83,31.94,32.82,10108914,0
RIOT.US,D,20180911,000000,32.90,33.25,31.06,31.50,5067038,0
RIOT.US,D,20180912,000000,31.77,32.43,31.76,32.09,5750277,0
RIOT.US,D,20180913,000000,31.57,31.74,30.87,31.01,13882229,0
RIOT.US,D,20180914,000000,30.74,30.86,29.73,29.77,5918060,0
RIOT.US,D,20180917,000000,29.19,29.26,28.51,28.62,12357438,0
RIOT.US,D,20180917,000000,28.52,29.31,28.49,29.21,8388681,0
RIOT.US,D,20180917,000000,28.96,29.94,28.80,29.74,8593408,0
RIOT.US,D,20180918,000000,28.99,30.47,28.55,29.73,7211495,0
RIOT.US,D,20180919,000000,29.70,29.88,28.80,28.93,9200883,0
RIOT.US,D,20180920,000000,29.08,29.10,28.85,29.05,10586725,0
RIOT.US,D,20180921,000000,28.81,30.67,28.75,30.64,5845792,0
RIOT.US,D,20180924,000000,30.52,30.60,30.30,30.39,11967169,0
RIOT.US,D,20180924,000000,30.35,30.48,27.05,27.50,7760606,0
RIOT.US,D,20180924,000000,27.52,28.43,27.29,27.94,5952609,0
RIOT.US,D,20180925,000000,27.60,28.68,27.53,28.35,13066253,0
RIOT.US,D,20180926,000000,28.44,28.48,26.95,27.10,13210497,0
RIOT.US,D,20180927,000000,27.45,27.53,27.02,27.06,9400376,0
RIOT.US,D,20180928,000000,27.01,27.30,25.53,25.86,13317963,0
RIOT.US,D,20181001,000000,25.79,26.83,25.57,26.73,8214140,0
RIOT.US,D,20181001,000000,26.68,27.60,26.39,27.49,5460437,0
RIOT.US,D,20181001,000000,27.48,27.84,27.34,27.78,6683983,0
RIOT.US,D,20181002,000000,27.62,28.00,27.52,27.92,6533876,0
RIOT.US,D,20181003,000000,28.00,28.96,27.86,28.90,6491173,0
RIOT.US,D,20181004,000000,28.55,28.60,27.93,27.98,10682033,0
RIOT.US,D,20181005,000000,28.13,28.67,28.04,28.59,7390688,0
RIOT.US,D,20181008,000000,28.02,28.18,27.99,28.16,8032231,0
RIOT.US,D,20181008,000000,28.45,28.68,28.05,28.08,10935849,0
RIOT.US,D,20181008,000000,27.75,27.85,26.75,26.91,9734527,0
RIOT.US,D,20181009,000000,26.52,27.23,26.39,27.18,5900457,0
RIOT.US,D,20181010,000000,27.34,29.49,27.06,29.02,5221716,0
RIOT.US,D,20181011,000000,28.40,28.65,28.37,28.56,13851590,0
RIOT.US,D,20181012,000000,28.94,29.07,26.60,27.06,14405077,0
RIOT.US,D,20181015,000000,26.78,26.78,26.28,26.35,7592807,0
RIOT.US,D,20181015,000000,26.50,26.62,25.91,26.17,12503847,0
RIOT.US,D,20181015,000000,26.49,26.51,25.31,25.66,8668185,0
RIOT.US,D,20181016,000000,26.43,26.68,25.48,25.52,8597705,0
RIOT.US,D,20181017,000000,25.23,25.67,23.81,24.06,5884218,0
RIOT.US,D,20181018,000000,24.44,24.56,23.58,23.75,12232905,0
RIOT.US,D,20181019,000000,23.94,24.42,23.90,24.27,11625863,0
RIOT.US,D,20181022,000000,24.31,24.40,23.33,23.40,6311759,0
RIOT.US,D,20181022,000000,23.26,24.26,23.08,24.18,8852430,0
RIOT.US,D,20181022,000000,24.15,24.23,23.59,23.96,8740669,0
RIOT.US,D,20181023,000000,24.19,24.30,23.15,23.52,10255977,0
RIOT.US,D,20181024,000000,23.34,23.58,22.53,23.09,9884862,0
RIOT.US,D,20181025,000000,23.13,23.22,22.21,22.45,5178481,0
RIOT.US,D,20181026,000000,22.58,22.68,21.75,21.92,8410080,0
RIOT.US,D,20181029,000000,22.04,22.97,22.03,22.64,5899481,0
RIOT.US,D,20181029,000000,22.97,23.21,22.05,22.41,6427165,0
RIOT.US,D,20181029,000000,22.01,23.57,21.81,23.12,12191281,0
RIOT.US,D,20181030,000000,23.36,23.85,23.06,23.72,14404791,0
RIOT.US,D,20181031,000000,23.92,24.08,22.19,22.60,8212100,0
RIOT.US,D,20181101,000000,22.83,22.94,21.86,21.96,8964099,0
RIOT.US,D,20181102,000000,22.32,22.61,22.30,22.51,10238767,0
RIOT.US,D,20181105,000000,23.03,23.41,21.62,21.96,12082833,0
RIOT.US,D,20181105,000000,22.25,22.32,20.78,21.31,10089780,0
RIOT.US,D,20181105,000000,21.22,21.99,21.19,21.98,8709716,0
RIOT.US,D,20181106,000000,21.79,21.83,20.45,20.79,11951859,0
RIOT.US,D,20181107,000000,20.71,20.79,20.14,20.38,12865799,0
RIOT.US,D,20181108,000000,20.31,20.33,18.34,18.85,8586355,0
RIOT.US,D,20181109,000000,18.85,19.51,18.71,19.31,6202862,0
RIOT.US,D,20181112,000000,19.15,20.78,18.32,20.65,5544650,0
RIOT.US,D,20181112,000000,20.67,20.99,20.00,20.13,6777700,0
RIOT.US,D,20181112,000000,19.77,19.77,19.54,19.65,5870579,0
RIOT.US,D,20181113,000000,19.29,19.97,16.49,17.23,10174160,0
RIOT.US,D,20181114,000000,17.04,17.05,16.98,17.00,12881186,0
RIOT.US,D,20181115,000000,17.03,18.69,16.94,18.49,11869390,0
RIOT.US,D,20181116,000000,18.89,19.13,17.27,17.80,9017455,0
RIOT.US,D,20181119,000000,17.37,17.50,16.31,16.35,7841109,0
RIOT.US,D,20181119,000000,16.13,16.32,16.09,16.30,12111027,0
RIOT.US,D,20181119,000000,16.36,17.80,15.92,17.70,12718684,0
RIOT.US,D,20181120,000000,17.27,18.58,17.19,18.33,5067757,0
RIOT.US,D,20181121,000000,18.25,19.34,17.83,19.07,13091196,0
RIOT.US,D,20181122,000000,18.92,18.94,18.77,18.80,13195439,0
RIOT.US,D,20181123,000000,18.71,19.00,17.36,18.00,9287527,0
RIOT.US,D,20181126,000000,17.71,18.10,16.75,16.86,13682645,0
RIOT.US,D,20181126,000000,16.71,17.38,16.52,17.19,9616135,0
RIOT.US,D,20181126,000000,17.25,17.36,17.20,17.21,5974143,0
RIOT.US,D,20181127,000000,17.07,17.53,16.99,17.35,5268457,0
RIOT.US,D,20181128,000000,17.27,17.84,17.25,17.56,8947211,0
RIOT.US,D,20181129,000000,17.39,17.42,16.74,16.93,8702837,0
RIOT.US,D,20181130,000000,17.02,17.57,16.97,17.56,13414738,0
RIOT.US,D,20181203,000000,17.43,17.48,17.42,17.47,9609427,0
RIOT.US,D,20181203,000000,17.17,18.44,17.10,17.85,10954484,0
RIOT.US,D,20181203,000000,18.06,18.07,18.05,18.06,10311327,0
RIOT.US,D,20181204,000000,17.96,17.98,17.48,17.61,14569942,0
RIOT.US,D,20181205,000000,17.56,17.80,16.11,16.86,8464974,0
RIOT.US,D,20181206,000000,16.43,18.03,16.00,17.88,11715254,0
RIOT.US,D,20181207,000000,17.86,18.12,16.86,17.04,12516340,0
RIOT.US,D,20181210,000000,17.05,17.63,17.04,17.30,12772697,0
RIOT.US,D,20181210,000000,17.60,17.73,17.49,17.73,6245465,0
RIOT.US,D,20181210,000000,18.18,18.27,17.62,17.68,11516019,0
RIOT.US,D,20181211,000000,17.55,17.60,17.27,17.37,7833354,0
RIOT.US,D,20181212,000000,17.53,17.75,17.04,17.29,8562539,0
RIOT.US,D,20181213,000000,16.80,19.27,16.51,18.35,8167734,0
RIOT.US,D,20181214,000000,18.31,18.50,18.20,18.43,12140578,0
RIOT.US,D,20181217,000000,18.30,18.43,18.09,18.26,12197791,0
RIOT.US,D,20181217,000000,18.44,18.51,18.24,18.28,10894616,0
RIOT.US,D,20181217,000000,18.22,18.54,18.07,18.50,13846224,0
RIOT.US,D,20181218,000000,18.54,19.75,18.47,19.64,10464218,0
RIOT.US,D,20181219,000000,19.34,19.87,19.18,19.51,11513985,0
RIOT.US,D,20181220,000000,19.71,20.02,19.62,19.93,6231721,0
RIOT.US,D,20181221,000000,19.60,21.36,19.07,20.91,11165003,0
RIOT.US,D,20181224,000000,20.56,21.24,20.53,20.99,13819493,0
RIOT.US,D,20181224,000000,20.86,20.88,20.07,20.26,10694695,0
RIOT.US,D,20181224,000000,20.08,20.68,20.08,20.44,13760740,0
RIOT.US,D,20181225,000000,19.98,21.12,19.70,20.91,13737748,0
RIOT.US,D,20181226,000000,21.40,22.01,21.34,21.97,14581141,0
RIOT.US,D,20181227,000000,21.97,22.00,21.89,21.91,11561321,0
RIOT.US,D,20181228,000000,21.98,22.09,20.90,20.94,10682918,0
RIOT.US,D,20181231,000000,20.88,20.95,20.52,20.57,7824409,0
RIOT.US,D,20181231,000000,20.69,21.25,20.56,21.13,12002499,0
RIOT.US,D,20181231,000000,20.99,21.95,20.89,21.85,13234738,0
RIOT.US,D,20190101,000000,22.07,22.12,21.70,21.98,14504854,0
RIOT.US,D,20190102,000000,22.25,22.26,22.17,22.22,9031331,0
RIOT.US,D,20190103,000000,22.10,22.81,22.09,22.56,7308207,0
RIOT.US,D,20190104,000000,22.62,22.75,21.52,22.18,6470890,0
RIOT.US,D,20190107,000000,22.37,22.54,21.44,21.63,7508224,0
RIOT.US,D,20190107,000000,21.86,22.79,21.68,22.43,10152493,0
RIOT.US,D,20190107,000000,22.37,23.34,21.73,23.17,9090279,0
RIOT.US,D,20190108,000000,23.33,23.48,22.30,22.68,10014699,0
RIOT.US,D,20190109,000000,22.74,23.46,22.62,23.18,14921163,0
RIOT.US,D,20190110,000000,23.07,23.45,23.03,23.31,11901660,0
RIOT.US,D,20190111,000000,23.30,23.38,22.98,22.98,5529510,0
RIOT.US,D,20190114,000000,23.03,23.12,23.02,23.10,6229560,0
RIOT.US,D,20190114,000000,23.04,23.10,22.83,22.88,6545049,0
RIOT.US,D,20190114,000000,22.92,23.05,22.53,22.61,11237969,0
RIOT.US,D,20190115,000000,22.58,22.62,22.44,22.44,8636983,0
RIOT.US,D,20190116,000000,22.39,22.43,22.38,22.42,8738585,0
RIOT.US,D,20190117,000000,22.32,22.52,22.21,22.42,13357326,0
RIOT.US,D,20190118,000000,22.48,22.49,22.47,22.47,12759401,0
RIOT.US,D,20190121,000000,22.44,22.49,22.43,22.46,6205398,0
RIOT.US,D,20190121,000000,22.53,22.53,22.52,22.52,7079650,0
RIOT.US,D,20190121,000000,22.47,22.47,22.44,22.45,13033715,0
RIOT.US,D,20190122,000000,22.43,22.69,22.40,22.58,14839029,0
RIOT.US,D,20190123,000000,22.59,22.73,22.54,22.71,11481650,0
RIOT.US,D,20190124,000000,22.66,23.18,22.60,23.04,6763895,0
RIOT.US,D,20190125,000000,23.07,23.55,23.03,23.46,13547523,0
RIOT.US,D,20190128,000000,23.44,23.45,23.34,23.35,13446351,0
RIOT.US,D,20190128,000000,23.35,23.37,23.27,23.32,6349335,0
RIOT.US,D,20190128,000000,23.34,23.36,23.17,23.29,8362715,0
RIOT.US,D,20190129,000000,23.31,23.56,23.18,23.50,12384426,0
RIOT.US,D,20190130,000000,23.50,23.53,23.18,23.25,9829475,0
RIOT.US,D,20190131,000000,23.32,23.33,23.22,23.26,14033907,0
RIOT.US,D,20190201,000000,23.21,23.36,23.20,23.35,9859598,0
RIOT.US,D,20190204,000000,23.29,23.83,23.20,23.59,14436045,0
RIOT.US,D,20190204,000000,23.65,23.71,23.19,23.40,5009954,0
RIOT.US,D,20190204,000000,23.35,23.64,23.27,23.55,13645530,0
RIOT.US,D,20190205,000000,23.51,23.51,23.42,23.44,11636706,0
RIOT.US,D,20190206,000000,23.56,23.61,23.25,23.29,5730633,0
RIOT.US,D,20190207,000000,23.37,23.39,22.92,22.94,11972451,0
RIOT.US,D,20190208,000000,22.88,22.98,22.83,22.96,9056372,0
RIOT.US,D,20190211,000000,22.95,22.96,22.81,22.81,11084165,0
RIOT.US,D,20190211,000000,22.77,22.83,22.75,22.80,5713032,0
RIOT.US,D,20190211,000000,22.78,22.97,22.75,22.96,13474394,0
RIOT.US,D,20190212,000000,22.91,22.96,22.88,22.93,6271016,0
RIOT.US,D,20190213,000000,22.91,23.01,22.89,22.97,5379051,0
RIOT.US,D,20190214,000000,22.95,23.01,22.94,23.01,12983809,0
RIOT.US,D,20190215,000000,23.02,23.02,22.85,22.90,11129992,0
RIOT.US,D,20190218,000000,22.85,22.88,22.66,22.67,7587715,0
RIOT.US,D,20190218,000000,22.65,22.70,22.65,22.68,10474841,0
RIOT.US,D,20190218,000000,22.70,22.72,22.47,22.50,8875891,0
RIOT.US,D,20190219,000000,22.51,22.69,22.50,22.62,7478741,0
RIOT.US,D,20190220,000000,22.51,22.53,22.51,22.52,11955445,0
RIOT.US,D,20190221,000000,22.50,22.63,22.46,22.62,13979961,0
RIOT.US,D,20190222,000000,22.60,22.67,22.48,22.49,11832582,0
RIOT.US,D,20190225,000000,22.46,22.48,22.34,22.36,5326063,0
RIOT.US,D,20190225,000000,22.41,22.52,22.22,22.23,12550484,0
RIOT.US,D,20190225,000000,22.27,22.40,22.24,22.36,7049756,0
RIOT.US,D,20190226,000000,22.32,22.64,22.25,22.53,8627496,0
RIOT.US,D,20190227,000000,22.55,22.60,22.20,22.29,8708664,0
RIOT.US,D,20190228,000000,22.21,22.22,22.01,22.07,13074570,0
RIOT.US,D,20190301,000000,22.10,22.13,21.99,22.03,6077631,0
RIOT.US,D,20190304,000000,22.01,22.02,21.87,21.91,11115920,0
RIOT.US,D,20190304,000000,21.92,21.94,21.79,21.86,7743783,0
RIOT.US,D,20190304,000000,21.86,22.09,21.81,22.07,14288807,0
RIOT.US,D,20190305,000000,22.07,22.21,21.89,22.17,8310200,0
RIOT.US,D,20190306,000000,22.19,22.20,22.12,22.13,12695185,0
RIOT.US,D,20190307,000000,22.08,22.08,22.01,22.03,14621456,0
RIOT.US,D,20190308,000000,21.98,22.01,21.98,21.99,12639971,0
RIOT.US,D,20190311,000000,21.99,22.03,21.98,22.02,7783321,0
RIOT.US,D,20190311,000000,21.99,22.07,21.48,21.64,6692532,0
RIOT.US,D,20190311,000000,21.67,21.68,21.26,21.31,12018603,0
RIOT.US,D,20190312,000000,21.34,21.35,21.00,21.15,9272755,0
RIOT.US,D,20190313,000000,21.09,21.39,21.00,21.38,7046807,0
RIOT.US,D,20190314,000000,21.46,21.49,21.46,21.49,14774435,0
RIOT.US,D,20190315,000000,21.50,21.58,21.24,21.32,5772788,0
RIOT.US,D,20190318,000000,21.34,21.35,21.15,21.22,14655033,0
RIOT.US,D,20190318,000000,21.22,21.78,21.19,21.60,13327656,0
RIOT.US,D,20190318,000000,21.70,21.72,21.31,21.32,7292083,0
RIOT.US,D,20190319,000000,21.39,21.44,21.13,21.20,11272777,0
RIOT.US,D,20190320,000000,21.16,21.18,21.16,21.17,12912629,0
RIOT.US,D,20190321,000000,21.21,21.23,20.90,20.92,13933586,0
RIOT.US,D,20190322,000000,20.94,21.09,20.90,21.06,13309921,0
RIOT.US,D,20190325,000000,21.12,21.17,20.74,20.80,5869186,0
RIOT.US,D,20190325,000000,20.77,21.32,20.71,21.21,8130967,0
RIOT.US,D,20190325,000000,21.15,21.17,21.05,21.06,5567188,0
RIOT.US,D,20190326,000000,21.04,21.40,21.04,21.29,11583525,0
RIOT.US,D,20190327,000000,21.28,21.29,21.20,21.24,10863236,0
RIOT.US,D,20190328,000000,21.33,21.39,21.01,21.03,7018709,0
RIOT.US,D,20190329,000000,20.79,21.45,20.67,21.29,11795290,0
RIOT.US,D,20190401,000000,21.31,21.32,21.15,21.20,8006202,0
RIOT.US,D,20190401,000000,21.31,21.35,20.95,21.09,13595102,0
RIOT.US,D,20190401,000000,21.18,21.46,20.23,20.46,7284300,0
RIOT.US,D,20190402,000000,20.44,20.61,20.43,20.56,10520292,0
RIOT.US,D,20190403,000000,20.71,20.72,20.52,20.56,11684428,0
RIOT.US,D,20190404,000000,20.50,20.59,20.25,20.32,13503822,0
RIOT.US,D,20190405,000000,20.29,20.37,20.28,20.37,6026695,0
RIOT.US,D,20190408,000000,20.39,20.75,20.34,20.69,10553574,0
RIOT.US,D,20190408,000000,20.64,20.71,20.40,20.45,5939150,0
RIOT.US,D,20190408,000000,20.47,20.47,20.45,20.46,9278091,0
RIOT.US,D,20190409,000000,20.30,20.55,20.26,20.45,6017884,0
RIOT.US,D,20190410,000000,20.52,20.54,20.45,20.48,5136875,0
RIOT.US,D,20190411,000000,20.35,20.79,20.28,20.64,10279025,0
RIOT.US,D,20190412,000000,20.52,20.59,20.51,20.57,14265456,0
RIOT.US,D,20190415,000000,20.55,20.56,20.48,20.48,13460507,0
RIOT.US,D,20190415,000000,20.34,20.37,20.09,20.13,8575395,0
RIOT.US,D,20190415,000000,20.16,20.34,19.74,19.79,10626600,0
RIOT.US,D,20190416,000000,19.73,19.95,19.31,19.41,10729076,0
RIOT.US,D,20190417,000000,19.50,19.52,19.07,19.20,14562017,0
RIOT.US,D,20190418,000000,19.12,19.50,19.10,19.36,14934276,0
RIOT.US,D,20190419,000000,19.34,19.47,19.32,19.46,12483561,0
RIOT.US,D,20190422,000000,19.47,19.49,19.35,19.41,9245156,0
RIOT.US,D,20190422,000000,19.35,19.36,19.29,19.29,6106807,0
RIOT.US,D,20190422,000000,19.35,19.50,19.31,19.46,9955270,0
RIOT.US,D,20190423,000000,19.49,19.49,19.47,19.48,8576979,0
RIOT.US,D,20190424,000000,19.51,19.59,19.48,19.56,14201248,0
RIOT.US,D,20190425,000000,19.57,19.57,19.49,19.52,12312511,0
RIOT.US,D,20190426,000000,19.57,19.75,19.56,19.61,10488247,0
RIOT.US,D,20190429,000000,19.61,19.65,19.43,19.47,13146887,0
RIOT.US,D,20190429,000000,19.45,19.82,19.38,19.79,5727975,0
RIOT.US,D,20190429,000000,19.70,20.18,19.68,19.99,9177097,0
RIOT.US,D,20190430,000000,19.94,20.12,19.92,20.08,9376529,0
RIOT.US,D,20190501,000000,19.97,19.99,19.97,19.98,12629390,0
RIOT.US,D,20190502,000000,19.94,20.17,19.91,20.15,7542538,0
RIOT.US,D,20190503,000000,20.08,20.14,19.92,19.92,14864905,0
RIOT.US,D,20190506,000000,19.91,19.94,19.59,19.65,10420971,0
RIOT.US,D,20190506,000000,19.68,19.70,19.68,19.69,7833154,0
RIOT.US,D,20190506,000000,19.66,19.84,19.64,19.84,5842703,0
RIOT.US,D,20190507,000000,19.78,20.29,19.69,20.12,9001545,0
RIOT.US,D,20190508,000000,20.13,20.17,20.00,20.02,12037922,0
RIOT.US,D,20190509,000000,20.05,20.07,19.72,19.80,5566619,0
RIOT.US,D,20190510,000000,19.84,19.88,19.83,19.87,11597345,0
RIOT.US,D,20190513,000000,19.96,19.99,19.90,19.90,10843080,0
RIOT.US,D,20190513,000000,19.95,20.00,19.75,19.83,6222100,0
RIOT.US,D,20190513,000000,19.82,19.83,19.72,19.73,9211326,0
RIOT.US,D,20190514,000000,19.74,20.22,19.69,20.01,9671826,0
RIOT.US,D,20190515,000000,19.98,20.04,19.96,20.03,5770176,0
RIOT.US,D,20190516,000000,20.01,20.11,20.00,20.07,8624190,0
RIOT.US,D,20190517,000000,20.03,20.06,20.01,20.06,14489948,0
RIOT.US,D,20190520,000000,20.13,20.65,20.06,20.62,13342948,0
RIOT.US,D,20190520,000000,20.75,20.76,19.72,20.12,6639547,0
RIOT.US,D,20190520,000000,20.13,20.45,20.12,20.41,8298932,0
RIOT.US,D,20190521,000000,20.34,20.78,20.30,20.63,11992269,0
RIOT.US,D,20190522,000000,20.62,20.91,20.56,20.82,8250483,0
RIOT.US,D,20190523,000000,20.73,21.62,20.53,21.41,9698845,0
RIOT.US,D,20190524,000000,21.47,21.48,21.47,21.48,6020209,0
RIOT.US,D,20190527,000000,21.37,21.39,21.17,21.32,13542675,0
RIOT.US,D,20190527,000000,21.54,21.56,21.49,21.54,12200468,0
RIOT.US,D,20190527,000000,21.61,21.87,21.00,21.15,5136924,0
RIOT.US,D,20190528,000000,21.15,21.74,21.11,21.53,7264732,0
RIOT.US,D,20190529,000000,21.52,21.64,20.92,20.96,6530223,0
RIOT.US,D,20190530,000000,20.93,21.16,20.91,21.11,14850778,0
RIOT.US,D,20190531,000000,20.94,20.98,20.82,20.83,11371463,0
RIOT.US,D,20190603,000000,20.83,20.84,20.45,20.56,5265792,0
RIOT.US,D,20190603,000000,20.49,20.55,20.37,20.38,9561955,0
RIOT.US,D,20190603,000000,20.25,21.22,20.19,20.92,14244913,0
RIOT.US,D,20190604,000000,20.90,20.91,20.82,20.84,11222874,0
RIOT.US,D,20190605,000000,20.87,21.39,20.75,21.32,5496193,0
RIOT.US,D,20190606,000000,21.43,21.43,21.26,21.35,6264553,0
RIOT.US,D,20190607,000000,21.34,21.34,21.05,21.13,6204776,0
RIOT.US,D,20190610,000000,21.00,21.21,20.99,21.12,8114135,0
RIOT.US,D,20190610,000000,20.97,21.19,20.92,21.17,7373151,0
RIOT.US,D,20190610,000000,21.15,21.45,21.08,21.44,9479808,0
RIOT.US,D,20190611,000000,21.49,21.51,21.29,21.38,11656632,0
RIOT.US,D,20190612,000000,21.21,21.23,21.16,21.18,12416107,0
RIOT.US,D,20190613,000000,21.16,21.44,21.07,21.43,14371785,0
RIOT.US,D,20190614,000000,21.46,21.65,20.66,20.77,14178366,0
RIOT.US,D,20190617,000000,20.71,20.87,19.94,19.96,12783387,0
RIOT.US,D,20190617,000000,20.04,20.07,19.66,19.69,6944629,0
RIOT.US,D,20190617,000000,19.50,20.17,19.50,20.05,12113688,0
RIOT.US,D,20190618,000000,20.05,20.27,19.78,19.85,5822910,0
RIOT.US,D,20190619,000000,19.77,20.81,19.72,20.58,13329361,0
RIOT.US,D,20190620,000000,20.85,20.96,19.32,19.52,7978802,0
RIOT.US,D,20190621,000000,19.73,19.91,18.90,18.98,6013810,0
RIOT.US,D,20190624,000000,18.91,18.93,18.82,18.83,5196197,0
RIOT.US,D,20190624,000000,18.89,19.10,18.83,19.04,9962262,0
RIOT.US,D,20190624,000000,19.28,19.35,19.01,19.05,11218165,0
RIOT.US,D,20190625,000000,19.01,19.42,18.85,19.31,14055653,0
RIOT.US,D,20190626,000000,19.36,19.54,19.02,19.19,14093810,0
RIOT.US,D,20190627,000000,19.24,19.24,18.89,18.92,7363884,0
RIOT.US,D,20190628,000000,18.97,18.98,18.54,18.65,6934370,0
RIOT.US,D,20190701,000000,18.80,18.81,18.80,18.81,9584100,0
RIOT.US,D,20190701,000000,18.81,19.06,18.71,19.03,9324136,0
RIOT.US,D,20190701,000000,19.07,19.31,18.87,19.19,14218984,0
RIOT.US,D,20190702,000000,19.15,19.26,19.13,19.24,10336720,0
RIOT.US,D,20190703,000000,19.22,19.28,19.20,19.24,5613447,0
RIOT.US,D,20190704,000000,18.98,19.03,18.90,18.97,6600855,0
RIOT.US,D,20190705,000000,18.97,19.34,18.91,19.21,10196138,0
RIOT.US,D,20190708,000000,19.09,19.15,18.79,18.82,8252013,0
RIOT.US,D,20190708,000000,18.83,18.88,18.57,18.58,14469606,0
RIOT.US,D,20190708,000000,18.55,18.62,18.52,18.60,14275386,0
RIOT.US,D,20190709,000000,18.67,18.77,18.65,18.69,5923593,0
RIOT.US,D,20190710,000000,18.74,18.78,18.73,18.77,9268900,0
RIOT.US,D,20190711,000000,18.81,18.87,18.80,18.84,5608860,0
RIOT.US,D,20190712,000000,18.84,19.12,18.82,19.09,8626075,0
RIOT.US,D,20190715,000000,19.09,19.24,19.08,19.17,12302368,0
RIOT.US,D,20190715,000000,19.15,19.20,19.00,19.08,8555453,0
RIOT.US,D,20190715,000000,19.12,19.15,18.79,18.83,8526141,0
RIOT.US,D,20190716,000000,18.82,19.07,18.76,19.03,14027399,0
RIOT.US,D,20190717,000000,18.99,19.40,18.85,19.38,6984173,0
RIOT.US,D,20190718,000000,19.33,19.40,19.31,19.37,8408395,0
RIOT.US,D,20190719,000000,19.42,19.48,19.41,19.47,8329455,0
RIOT.US,D,20190722,000000,19.39,19.46,19.39,19.45,6687133,0
RIOT.US,D,20190722,000000,19.44,19.73,19.31,19.64,14262482,0
RIOT.US,D,20190722,000000,19.66,19.83,19.65,19.80,5417378,0
RIOT.US,D,20190723,000000,19.81,19.93,19.80,19.88,11493929,0
RIOT.US,D,20190724,000000,19.84,19.85,19.69,19.71,8135942,0
RIOT.US,D,20190725,000000,19.71,19.95,19.64,19.88,14150082,0
RIOT.US,D,20190726,000000,19.95,19.99,19.75,19.80,12873528,0
RIOT.US,D,20190729,000000,19.83,20.11,19.82,20.03,11464036,0
RIOT.US,D,20190729,000000,19.96,20.22,19.91,20.16,10605645,0
RIOT.US,D,20190729,000000,20.18,20.18,20.15,20.16,5995292,0
RIOT.US,D,20190730,000000,20.19,20.19,20.03,20.05,10922580,0
RIOT.US,D,20190731,000000,20.11,20.13,20.00,20.03,14981545,0
RIOT.US,D,20190801,000000,20.06,20.07,19.90,19.92,12388264,0
RIOT.US,D,20190802,000000,20.07,20.15,20.05,20.13,17864802,0
RIOT.US,D,20190805,000000,20.23,20.43,20.20,20.41,20902711,0
RIOT.US,D,20190805,000000,20.53,20.95,20.51,20.78,11259459,0
RIOT.US,D,20190805,000000,20.98,21.26,20.94,21.16,12769120,0
RIOT.US,D,20190806,000000,21.03,21.52,21.01,21.50,22228784,0
RIOT.US,D,20190807,000000,21.41,21.84,21.25,21.82,14440063,0
RIOT.US,D,20190808,000000,21.64,22.33,21.53,22.12,18231747,0
RIOT.US,D,20190809,000000,22.29,22.57,22.28,22.50,14773669,0
RIOT.US,D,20190812,000000,22.80,23.09,22.65,22.90,10052123,0
RIOT.US,D,20190812,000000,22.90,23.35,22.84,23.34,18468945,0
RIOT.US,D,20190812,000000,23.21,24.58,22.49,24.02,16364469,0
RIOT.US,D,20190813,000000,24.32,24.58,24.26,24.50,28996726,0
RIOT.US,D,20190814,000000,24.44,25.97,24.12,25.01,31893919,0
RIOT.US,D,20190815,000000,25.04,25.77,25.03,25.60,16040819,0
RIOT.US,D,20190816,000000,25.65,26.75,25.53,26.51,31071164,0
RIOT.US,D,20190819,000000,26.89,27.18,26.71,27.14,28950578,0
RIOT.US,D,20190819,000000,27.38,27.60,27.36,27.59,12765803,0
RIOT.US,D,20190819,000000,27.60,28.43,27.55,28.21,26825341,0
RIOT.US,D,20190820,000000,28.00,29.36,27.63,28.96,22178521,0
RIOT.US,D,20190821,000000,28.46,29.81,28.22,29.74,35366406,0
RIOT.US,D,20190822,000000,29.36,30.39,28.71,30.38,21332645,0
RIOT.US,D,20190823,000000,30.39,31.03,30.24,30.96,26289591,0
RIOT.US,D,20190826,000000,30.86,32.20,30.83,32.04,37307314,0
RIOT.US,D,20190826,000000,31.81,33.10,31.28,33.06,39521127,0
RIOT.US,D,20190826,000000,32.98,34.21,32.91,33.88,24832444,0
RIOT.US,D,20190827,000000,33.42,34.75,33.41,34.72,39767958,0
RIOT.US,D,20190828,000000,34.77,35.85,34.73,35.76,23451645,0
RIOT.US,D,20190829,000000,35.81,37.62,35.63,36.89,16853641,0
RIOT.US,D,20190830,000000,36.76,38.16,36.72,38.00,28572253,0
RIOT.US,D,20190902,000000,37.89,39.32,37.30,39.26,32471075,0
RIOT.US,D,20190902,000000,39.08,41.36,38.90,40.43,35818460,0
RIOT.US,D,20190902,000000,39.67,42.40,39.51,41.96,21935859,0
RIOT.US,D,20190903,000000,42.77,43.33,42.57,43.31,41444521,0
RIOT.US,D,20190904,000000,42.87,45.09,42.70,44.48,32529187,0
RIOT.US,D,20190905,000000,44.37,46.23,43.96,46.22,41180821,0
RIOT.US,D,20190906,000000,45.60,48.57,45.46,47.89,17734305,0
RIOT.US,D,20190909,000000,47.70,50.54,47.49,49.60,19268078,0
RIOT.US,D,20190909,000000,49.11,51.20,48.60,51.06,33305800,0
RIOT.US,D,20190909,000000,51.72,52.58,51.28,52.19,10269522,0
RIOT.US,D,20190910,000000,51.84,55.19,50.02,54.49,6701772,0
RIOT.US,D,20190911,000000,54.31,54.89,50.44,50.58,11404544,0
RIOT.US,D,20190912,000000,50.30,53.14,50.00,51.78,8692190,0
RIOT.US,D,20190913,000000,51.36,54.39,50.33,53.34,6985433,0
RIOT.US,D,20190916,000000,53.89,53.94,52.42,52.95,12206407,0
RIOT.US,D,20190916,000000,53.00,53.09,51.19,51.76,11147205,0
RIOT.US,D,20190916,000000,51.32,53.32,50.65,52.41,13493662,0
RIOT.US,D,20190917,000000,52.26,52.41,50.92,51.24,6943436,0
RIOT.US,D,20190918,000000,51.64,52.65,51.63,52.44,13095244,0
RIOT.US,D,20190919,000000,52.49,54.37,52.24,53.75,7304566,0
RIOT.US,D,20190920,000000,54.72,54.94,52.88,53.24,5490805,0
RIOT.US,D,20190923,000000,52.80,53.83,52.40,53.29,10367753,0
RIOT.US,D,20190923,000000,53.12,53.14,52.80,52.86,9161682,0
RIOT.US,D,20190923,000000,53.05,53.31,52.91,53.20,5361191,0
RIOT.US,D,20190924,000000,53.06,53.14,52.87,52.92,10788292,0
RIOT.US,D,20190925,000000,52.63,54.32,52.49,53.90,12256768,0
RIOT.US,D,20190926,000000,53.59,53.77,53.53,53.70,6214102,0
RIOT.US,D,20190927,000000,53.30,53.33,53.20,53.24,6530272,0
RIOT.US,D,20190930,000000,52.91,53.69,52.66,53.58,6131689,0
RIOT.US,D,20190930,000000,53.69,53.72,53.60,53.63,6756615,0
RIOT.US,D,20190930,000000,53.63,54.59,50.59,51.30,11059883,0
RIOT.US,D,20191001,000000,51.18,51.72,51.00,51.64,11060841,0
RIOT.US,D,20191002,000000,51.67,51.72,51.32,51.48,12224676,0
RIOT.US,D,20191003,000000,51.39,51.44,51.02,51.05,11703849,0
RIOT.US,D,20191004,000000,50.96,51.16,50.73,51.12,5967909,0
RIOT.US,D,20191007,000000,51.23,51.27,49.47,49.72,7406059,0
RIOT.US,D,20191007,000000,49.84,53.67,49.26,52.29,8045761,0
RIOT.US,D,20191007,000000,52.25,52.80,51.52,51.58,6629100,0
RIOT.US,D,20191008,000000,51.91,51.91,51.30,51.31,5552444,0
RIOT.US,D,20191009,000000,50.65,50.89,48.76,49.31,9741524,0
RIOT.US,D,20191010,000000,48.73,49.06,48.70,49.05,11462397,0
RIOT.US,D,20191011,000000,48.55,49.00,48.45,48.99,9386366,0
RIOT.US,D,20191014,000000,49.04,49.96,48.74,49.72,11086856,0
RIOT.US,D,20191014,000000,49.67,51.70,49.28,50.95,6444860,0
RIOT.US,D,20191014,000000,50.49,50.52,50.43,50.45,7750754,0
RIOT.US,D,20191015,000000,50.39,51.61,50.36,51.22,14715357,0
RIOT.US,D,20191016,000000,52.15,53.76,51.75,53.40,12302080,0
RIOT.US,D,20191017,000000,53.73,53.74,53.65,53.68,14532700,0
RIOT.US,D,20191018,000000,54.00,54.11,53.66,53.86,6160530,0
RIOT.US,D,20191021,000000,54.04,54.14,52.33,52.66,12331124,0
RIOT.US,D,20191021,000000,52.15,52.20,52.02,52.08,10608964,0
RIOT.US,D,20191021,000000,52.03,52.45,51.87,52.22,9122927,0
RIOT.US,D,20191022,000000,52.20,52.29,52.18,52.26,12644706,0
RIOT.US,D,20191023,000000,51.93,52.75,51.60,52.73,12829089,0
RIOT.US,D,20191024,000000,52.78,53.16,52.76,53.01,13291199,0
RIOT.US,D,20191025,000000,53.15,53.46,52.37,53.10,12393736,0
RIOT.US,D,20191028,000000,53.08,53.66,53.07,53.44,14889917,0
RIOT.US,D,20191028,000000,53.67,53.69,53.50,53.52,7883116,0
RIOT.US,D,20191028,000000,53.34,53.87,52.89,53.84,5456460,0
RIOT.US,D,20191029,000000,53.12,53.59,53.00,53.47,6448703,0
RIOT.US,D,20191030,000000,53.69,53.73,52.83,53.20,6275502,0
RIOT.US,D,20191031,000000,53.82,54.16,50.99,52.14,7354602,0
RIOT.US,D,20191101,000000,51.89,54.93,51.32,54.75,13202404,0
RIOT.US,D,20191104,000000,54.79,55.15,50.60,51.01,10494269,0
RIOT.US,D,20191104,000000,51.37,51.38,51.20,51.24,11417929,0
RIOT.US,D,20191104,000000,50.93,52.39,50.64,52.38,6774016,0
RIOT.US,D,20191105,000000,51.74,54.06,51.63,53.52,9214698,0
RIOT.US,D,20191106,000000,54.00,54.72,53.84,54.40,14300495,0
RIOT.US,D,20191107,000000,54.36,55.43,52.07,52.31,5480501,0
RIOT.US,D,20191108,000000,52.04,53.04,51.53,52.98,7077818,0
RIOT.US,D,20191111,000000,52.81,56.34,51.88,55.13,14528100,0
RIOT.US,D,20191111,000000,55.31,55.39,55.17,55.31,13639645,0
RIOT.US,D,20191111,000000,54.38,55.87,54.02,55.66,8756444,0
RIOT.US,D,20191112,000000,54.91,56.00,54.55,55.45,9299643,0
RIOT.US,D,20191113,000000,55.20,55.69,52.21,53.38,16791326,0
RIOT.US,D,20191114,000000,54.27,54.84,51.80,52.02,33696649,0
RIOT.US,D,20191115,000000,51.55,51.70,50.35,50.83,17267863,0
RIOT.US,D,20191118,000000,51.71,52.37,47.28,48.05,24024441,0
RIOT.US,D,20191118,000000,48.71,50.10,45.01,46.31,47413487,0
RIOT.US,D,20191118,000000,45.41,45.57,42.48,43.51,33306904,0
RIOT.US,D,20191119,000000,44.35,44.38,41.97,42.03,52859615,0
RIOT.US,D,20191120,000000,42.13,42.65,39.33,39.70,27662072,0
RIOT.US,D,20191121,000000,39.33,39.46,34.14,36.19,32515671,0
RIOT.US,D,20191122,000000,36.85,36.85,33.24,33.86,73752818,0
RIOT.US,D,20191125,000000,34.04,34.19,33.64,33.65,9813285,0
RIOT.US,D,20191125,000000,34.09,34.67,32.95,33.50,12607740,0
RIOT.US,D,20191125,000000,33.51,35.21,33.35,34.78,9588965,0
RIOT.US,D,20191126,000000,34.63,35.33,34.36,35.10,14259786,0
RIOT.US,D,20191127,000000,35.24,36.20,35.07,35.77,14600254,0
RIOT.US,D,20191128,000000,36.05,36.46,35.94,36.42,18038475,0
RIOT.US,D,20191129,000000,37.12,37.55,36.92,37.29,25195271,0
RIOT.US,D,20191202,000000,37.25,38.11,37.18,37.81,18991057,0
RIOT.US,D,20191202,000000,37.68,38.80,37.48,38.59,11377600,0
RIOT.US,D,20191202,000000,38.68,39.61,38.06,39.26,15156155,0
RIOT.US,D,20191203,000000,39.32,40.81,38.98,40.38,14827134,0
RIOT.US,D,20191204,000000,40.08,42.40,39.52,41.48,18631455,0
RIOT.US,D,20191205,000000,41.58,42.99,41.30,42.17,32742124,0
RIOT.US,D,20191206,000000,42.39,43.26,41.95,43.07,26592811,0
RIOT.US,D,20191209,000000,42.94,45.10,42.04,44.40,25689655,0
RIOT.US,D,20191209,000000,45.46,45.81,44.56,45.01,37676579,0
RIOT.US,D,20191209,000000,45.51,47.82,45.19,46.45,29781023,0
RIOT.US,D,20191210,000000,45.56,47.36,45.14,47.34,36074608,0
RIOT.US,D,20191211,000000,47.82,48.94,47.68,48.85,33369766,0
RIOT.US,D,20191212,000000,49.73,50.93,49.01,50.13,33276997,0
RIOT.US,D,20191213,000000,49.43,51.82,48.89,51.43,24563265,0
RIOT.US,D,20191216,000000,50.62,52.98,50.60,52.88,33392346,0
RIOT.US,D,20191216,000000,54.06,54.41,54.05,54.29,18899868,0
RIOT.US,D,20191216,000000,54.43,56.21,54.33,56.12,17283244,0
RIOT.US,D,20191217,000000,56.32,59.47,56.08,57.91,40262730,0
RIOT.US,D,20191218,000000,57.60,60.41,57.22,59.71,34531882,0
RIOT.US,D,20191219,000000,59.96,60.39,55.86,56.77,6671476,0
RIOT.US,D,20191220,000000,56.88,60.19,55.93,59.63,10479056,0
RIOT.US,D,20191223,000000,58.55,58.60,57.76,57.98,11162826,0
RIOT.US,D,20191223,000000,57.34,61.62,55.99,60.55,10963802,0
RIOT.US,D,20191223,000000,60.45,61.00,59.92,60.89,11152340,0
RIOT.US,D,20191224,000000,60.08,60.80,58.37,58.77,9380714,0
RIOT.US,D,20191225,000000,58.94,60.33,58.80,59.74,12873474,0
RIOT.US,D,20191226,000000,59.65,60.13,58.69,58.80,13363145,0
RIOT.US,D,20191227,000000,59.50,59.76,56.90,57.71,13519017,0
RIOT.US,D,20191230,000000,56.98,63.39,56.80,59.82,11032806,0
RIOT.US,D,20191230,000000,60.47,62.20,60.05,61.52,6039699,0
RIOT.US,D,20191230,000000,61.42,63.49,61.33,63.40,14234911,0
RIOT.US,D,20191231,000000,63.11,63.80,57.19,58.32,6085191,0
RIOT.US,D,20200101,000000,58.02,63.24,57.73,62.50,8102407,0
RIOT.US,D,20200102,000000,61.50,62.98,60.91,62.83,9330905,0
RIOT.US,D,20200103,000000,63.99,65.93,63.37,65.32,9508587,0
RIOT.US,D,20200106,000000,64.14,66.90,63.03,66.58,7390646,0
RIOT.US,D,20200106,000000,66.07,69.02,65.84,68.36,8355892,0
RIOT.US,D,20200106,000000,67.94,68.13,64.20,65.44,9253168,0
RIOT.US,D,20200107,000000,65.05,65.35,64.98,65.14,9143558,0
RIOT.US,D,20200108,000000,64.92,65.92,61.66,63.21,6651659,0
RIOT.US,D,20200109,000000,63.58,65.71,62.97,65.19,6570154,0
RIOT.US,D,20200110,000000,65.14,65.18,63.00,63.11,10220763,0
RIOT.US,D,20200113,000000,62.80,64.11,62.42,63.81,6196465,0
RIOT.US,D,20200113,000000,62.21,66.01,61.19,65.80,9114987,0
RIOT.US,D,20200113,000000,65.45,65.99,61.54,62.53,7737297,0
RIOT.US,D,20200114,000000,63.37,63.95,62.55,63.02,5836930,0
RIOT.US,D,20200115,000000,62.59,65.43,61.88,65.42,12578984,0
RIOT.US,D,20200116,000000,63.96,70.14,63.36,67.35,8697837,0
RIOT.US,D,20200117,000000,68.06,68.15,63.32,65.23,6489482,0
RIOT.US,D,20200120,000000,65.66,65.72,65.32,65.42,6497795,0
RIOT.US,D,20200120,000000,65.20,65.30,62.63,63.24,7713421,0
RIOT.US,D,20200120,000000,62.34,62.56,62.33,62.55,7238810,0
RIOT.US,D,20200121,000000,62.74,64.43,62.34,63.87,8373612,0
RIOT.US,D,20200122,000000,63.73,66.22,63.03,65.23,11497983,0
RIOT.US,D,20200123,000000,64.80,64.86,64.18,64.59,9853039,0
RIOT.US,D,20200124,000000,64.81,64.99,63.82,63.89,11584191,0
RIOT.US,D,20200127,000000,62.27,62.48,60.58,60.80,6058724,0
RIOT.US,D,20200127,000000,61.15,61.21,59.91,60.12,7987521,0
RIOT.US,D,20200127,000000,59.95,60.01,55.07,56.36,7554337,0
RIOT.US,D,20200128,000000,55.85,60.46,55.11,58.58,14976748,0
RIOT.US,D,20200129,000000,58.35,58.62,53.70,55.22,5082331,0
RIOT.US,D,20200130,000000,55.92,56.55,55.70,56.45,6868418,0
RIOT.US,D,20200131,000000,55.66,55.81,54.95,55.42,13984387,0
RIOT.US,D,20200203,000000,55.96,58.50,54.65,57.87,6689144,0
RIOT.US,D,20200203,000000,57.48,58.17,54.43,56.02,11669348,0
RIOT.US,D,20200203,000000,55.90,55.92,55.34,55.50,10168729,0
RIOT.US,D,20200204,000000,57.04,57.19,53.62,54.17,9749904,0
RIOT.US,D,20200205,000000,54.15,54.96,54.00,54.69,9025278,0
RIOT.US,D,20200206,000000,55.60,57.60,54.97,57.11,7966906,0
RIOT.US,D,20200207,000000,55.72,55.92,54.89,55.18,13949523,0
RIOT.US,D,20200210,000000,55.01,55.40,52.17,52.77,7166443,0
RIOT.US,D,20200210,000000,52.73,54.19,51.97,53.84,13320244,0
RIOT.US,D,20200210,000000,53.51,55.15,53.42,54.67,8698569,0
RIOT.US,D,20200211,000000,55.10,55.23,54.58,54.59,12446777,0
RIOT.US,D,20200212,000000,54.91,55.20,52.43,52.62,8200277,0
RIOT.US,D,20200213,000000,52.18,52.41,51.75,52.13,11102457,0
RIOT.US,D,20200214,000000,51.79,52.80,49.31,49.38,7108220,0
RIOT.US,D,20200217,000000,49.12,50.52,43.07,45.09,7197221,0
RIOT.US,D,20200217,000000,45.11,45.97,45.07,45.56,12931519,0
RIOT.US,D,20200217,000000,46.15,47.37,46.14,47.33,10987470,0
RIOT.US,D,20200218,000000,47.33,47.36,45.94,46.29,6043005,0
RIOT.US,D,20200219,000000,45.88,45.98,45.12,45.67,14861067,0
RIOT.US,D,20200220,000000,45.26,47.20,44.80,46.54,10265944,0
RIOT.US,D,20200221,000000,47.52,48.08,47.39,47.95,13699333,0
RIOT.US,D,20200224,000000,48.13,49.02,48.04,48.67,10878393,0
RIOT.US,D,20200224,000000,49.44,51.90,48.90,51.58,6932555,0
RIOT.US,D,20200224,000000,51.99,52.22,51.84,52.04,11492788,0
RIOT.US,D,20200225,000000,52.52,54.69,52.40,54.43,7214139,0
RIOT.US,D,20200226,000000,54.31,56.99,53.97,56.86,8883410,0
RIOT.US,D,20200227,000000,56.45,56.69,55.18,55.72,10322871,0
RIOT.US,D,20200228,000000,54.99,55.24,53.56,54.10,9180960,0
RIOT.US,D,20200302,000000,54.36,55.30,51.74,52.11,10059841,0
RIOT.US,D,20200302,000000,52.11,52.40,49.35,49.67,7603119,0
RIOT.US,D,20200302,000000,48.97,51.38,48.52,51.01,5648036,0
RIOT.US,D,20200303,000000,50.71,51.12,49.90,50.04,12199317,0
RIOT.US,D,20200304,000000,49.92,49.94,49.78,49.81,7937224,0
RIOT.US,D,20200305,000000,49.58,49.83,48.67,48.83,9697361,0
RIOT.US,D,20200306,000000,48.85,49.07,46.71,46.74,14746229,0
RIOT.US,D,20200309,000000,45.85,50.18,44.72,49.10,6009256,0
RIOT.US,D,20200309,000000,50.07,50.51,49.23,49.78,9396238,0
RIOT.US,D,20200309,000000,49.96,50.03,49.68,49.71,14586558,0
RIOT.US,D,20200310,000000,50.33,50.99,50.10,50.81,5150921,0
RIOT.US,D,20200311,000000,50.66,50.94,47.72,49.12,10881598,0
RIOT.US,D,20200312,000000,48.86,49.17,45.42,46.90,12262345,0
RIOT.US,D,20200313,000000,46.75,47.46,45.82,46.60,12183047,0
RIOT.US,D,20200316,000000,46.75,51.66,46.73,50.56,12788528,0
RIOT.US,D,20200316,000000,50.48,52.72,50.47,52.69,10508258,0
RIOT.US,D,20200316,000000,53.01,57.53,52.65,56.35,9741672,0
RIOT.US,D,20200317,000000,56.99,59.07,56.96,58.41,12347406,0
RIOT.US,D,20200318,000000,58.54,61.19,57.93,60.62,11742844,0
RIOT.US,D,20200319,000000,60.99,64.95,60.95,63.52,5784920,0
RIOT.US,D,20200320,000000,63.71,66.32,63.15,66.01,14309643,0
RIOT.US,D,20200323,000000,65.82,67.39,65.55,67.00,9872837,0
RIOT.US,D,20200323,000000,67.76,72.31,67.25,70.92,5993938,0
RIOT.US,D,20200323,000000,70.66,73.54,63.86,66.07,12309649,0
RIOT.US,D,20200324,000000,66.97,67.94,63.44,64.63,6103737,0
RIOT.US,D,20200325,000000,62.80,62.80,62.73,62.74,13906768,0
RIOT.US,D,20200326,000000,62.41,63.72,61.76,63.28,10058005,0
RIOT.US,D,20200327,000000,61.98,64.29,61.48,64.19,14809471,0
RIOT.US,D,20200330,000000,64.57,65.63,63.08,64.76,14470560,0
RIOT.US,D,20200330,000000,65.93,66.22,62.96,64.01,6301901,0
RIOT.US,D,20200330,000000,64.31,64.40,62.61,62.87,11488707,0
RIOT.US,D,20200331,000000,63.14,63.15,60.96,61.54,11867378,0
RIOT.US,D,20200401,000000,61.15,64.76,59.95,64.36,11715721,0
RIOT.US,D,20200402,000000,65.11,65.63,64.96,65.56,7362645,0
RIOT.US,D,20200403,000000,64.76,68.06,64.16,67.35,8556877,0
RIOT.US,D,20200406,000000,67.40,67.42,66.88,67.25,8154174,0
RIOT.US,D,20200406,000000,68.31,68.50,64.85,65.29,6549297,0
RIOT.US,D,20200406,000000,64.91,68.25,64.76,68.13,8171768,0
RIOT.US,D,20200407,000000,68.72,70.78,68.26,70.46,13307740,0
RIOT.US,D,20200408,000000,71.40,73.58,70.95,72.56,7850310,0
RIOT.US,D,20200409,000000,74.33,74.36,72.55,72.93,9519595,0
RIOT.US,D,20200410,000000,74.17,80.13,71.61,78.09,6077889,0
RIOT.US,D,20200413,000000,77.69,79.81,76.64,78.84,13161308,0
RIOT.US,D,20200413,000000,80.78,87.79,80.52,84.92,13253814,0
RIOT.US,D,20200413,000000,86.57,86.90,82.46,83.79,10151404,0
RIOT.US,D,20200414,000000,83.86,90.22,82.97,89.62,13219320,0
RIOT.US,D,20200415,000000,91.42,92.56,88.77,89.36,8967346,0
RIOT.US,D,20200416,000000,91.08,94.82,90.30,94.29,10038324,0
RIOT.US,D,20200417,000000,92.90,95.80,92.72,95.23,6531891,0
RIOT.US,D,20200420,000000,94.03,102.44,91.75,101.77,11243228,0
RIOT.US,D,20200420,000000,102.17,112.48,101.43,111.04,12664587,0
RIOT.US,D,20200420,000000,112.85,113.67,106.72,108.65,10415873,0
RIOT.US,D,20200421,000000,109.62,111.85,109.46,111.57,7082445,0
RIOT.US,D,20200422,000000,109.33,121.06,107.37,118.97,12188403,0
RIOT.US,D,20200423,000000,121.71,124.70,102.18,107.43,12679886,0
RIOT.US,D,20200424,000000,107.80,115.06,107.43,111.99,9124009,0
RIOT.US,D,20200427,000000,112.10,112.78,112.09,112.77,10374293,0
RIOT.US,D,20200427,000000,113.75,124.07,113.09,122.37,6031202,0
RIOT.US,D,20200427,000000,123.50,123.69,106.68,111.79,11295979,0
RIOT.US,D,20200428,000000,111.09,111.17,107.42,109.76,14376679,0
RIOT.US,D,20200429,000000,108.25,125.20,105.61,119.06,13550573,0
RIOT.US,D,20200430,000000,121.85,124.02,109.25,112.64,10705055,0
RIOT.US,D,20200501,000000,114.88,118.25,106.42,107.24,7837745,0
RIOT.US,D,20200504,000000,109.44,116.26,107.99,115.02,12687807,0
RIOT.US,D,20200504,000000,113.85,116.94,112.64,116.06,13591640,0
RIOT.US,D,20200504,000000,117.96,119.99,101.08,107.44,5121915,0
RIOT.US,D,20200505,000000,109.67,111.53,88.12,96.45,14527903,0
RIOT.US,D,20200506,000000,95.33,96.03,86.48,89.89,12686539,0
RIOT.US,D,20200507,000000,90.63,96.09,90.28,94.62,12448399,0
RIOT.US,D,20200508,000000,95.34,95.68,87.47,91.40,9654077,0
RIOT.US,D,20200511,000000,90.73,91.76,84.07,85.36,11353393,0
RIOT.US,D,20200511,000000,86.34,87.34,84.12,86.07,13539062,0
RIOT.US,D,20200511,000000,85.12,86.97,77.90,78.84,13947276,0
RIOT.US,D,20200512,000000,78.18,78.64,75.93,77.11,12150790,0
RIOT.US,D,20200513,000000,76.80,82.82,76.41,79.09,5328257,0
RIOT.US,D,20200514,000000,77.09,77.80,75.29,75.45,7856954,0
RIOT.US,D,20200515,000000,76.20,76.42,75.76,75.86,8323395,0
RIOT.US,D,20200518,000000,75.67,76.86,75.66,76.83,13945835,0
RIOT.US,D,20200518,000000,76.27,78.01,75.92,77.85,22217936,0
RIOT.US,D,20200518,000000,77.35,79.40,77.05,78.79,15071119,0
RIOT.US,D,20200519,000000,78.58,82.07,78.51,80.41,23995961,0
RIOT.US,D,20200520,000000,79.84,82.76,78.96,81.77,23246978,0
RIOT.US,D,20200521,000000,83.26,84.03,83.11,83.32,21372099,0
RIOT.US,D,20200522,000000,83.34,85.65,82.14,84.67,13481993,0
RIOT.US,D,20200525,000000,85.03,86.79,84.05,86.29,16273435,0
RIOT.US,D,20200525,000000,85.18,91.16,84.41,88.64,28836299,0
RIOT.US,D,20200525,000000,89.66,90.68,89.63,90.15,25570704,0
RIOT.US,D,20200526,000000,91.20,92.35,91.08,91.90,24191998,0
RIOT.US,D,20200527,000000,92.22,95.16,92.14,93.78,22546446,0
RIOT.US,D,20200528,000000,93.21,97.51,93.05,96.19,23435928,0
RIOT.US,D,20200529,000000,96.35,100.05,96.15,98.13,27465434,0
RIOT.US,D,20200601,000000,98.34,100.98,98.14,100.21,20206386,0
RIOT.US,D,20200601,000000,100.11,103.73,99.46,102.18,14505439,0
RIOT.US,D,20200601,000000,101.96,107.90,100.66,105.48,13338790,0
RIOT.US,D,20200602,000000,105.86,109.03,104.64,108.74,19843005,0
RIOT.US,D,20200603,000000,107.67,116.38,106.05,112.18,35518687,0
RIOT.US,D,20200604,000000,114.25,115.85,113.47,114.85,33286079,0
RIOT.US,D,20200605,000000,112.98,119.14,110.92,117.77,29630995,0
RIOT.US,D,20200608,000000,116.16,124.00,115.68,122.03,36343956,0
RIOT.US,D,20200608,000000,117.61,125.46,117.42,124.79,14805067,0
RIOT.US,D,20200608,000000,120.70,128.78,118.24,127.71,17744552,0
RIOT.US,D,20200609,000000,132.20,133.52,131.98,133.05,24931398,0
RIOT.US,D,20200610,000000,134.80,138.63,133.57,138.10,36186878,0
RIOT.US,D,20200611,000000,137.78,143.95,137.63,142.64,43349359,0
RIOT.US,D,20200612,000000,144.74,147.42,143.97,146.46,19794241,0
RIOT.US,D,20200615,000000,142.99,151.11,140.85,149.89,37793429,0
RIOT.US,D,20200615,000000,156.95,157.15,153.45,154.54,23856419,0
RIOT.US,D,20200615,000000,147.86,159.80,145.85,159.75,27464439,0
RIOT.US,D,20200616,000000,159.73,168.71,156.79,166.09,23333201,0
RIOT.US,D,20200617,000000,168.78,191.43,164.37,184.07,5028616,0
RIOT.US,D,20200618,000000,183.22,186.13,179.98,180.29,8731901,0
RIOT.US,D,20200619,000000,186.93,190.01,167.76,172.09,14728909,0
RIOT.US,D,20200622,000000,174.46,178.85,174.05,178.79,14306813,0
RIOT.US,D,20200622,000000,177.49,181.44,176.72,181.09,8281518,0
RIOT.US,D,20200622,000000,182.18,183.45,175.96,178.67,6023460,0
RIOT.US,D,20200623,000000,173.57,188.55,169.65,184.44,8152724,0
RIOT.US,D,20200624,000000,187.10,187.46,182.25,182.34,9091550,0
RIOT.US,D,20200625,000000,184.90,187.01,173.00,174.14,12538409,0
RIOT.US,D,20200626,000000,173.61,176.99,155.14,156.19,9679098,0
RIOT.US,D,20200629,000000,152.02,160.73,151.85,157.59,13048821,0
RIOT.US,D,20200629,000000,159.26,160.70,140.36,142.64,12313392,0
RIOT.US,D,20200629,000000,143.83,145.35,137.32,138.09,6905057,0
RIOT.US,D,20200630,000000,138.70,144.97,126.73,127.41,9048955,0
RIOT.US,D,20200701,000000,131.71,133.08,103.74,108.23,14258201,0
RIOT.US,D,20200702,000000,108.32,117.48,108.08,115.33,12791498,0
RIOT.US,D,20200703,000000,114.23,122.65,113.87,119.01,6492596,0
RIOT.US,D,20200706,000000,121.70,124.13,110.29,112.69,8569620,0
RIOT.US,D,20200706,000000,109.59,111.53,100.88,106.67,8924320,0
RIOT.US,D,20200706,000000,105.97,107.58,103.12,103.28,9773124,0
RIOT.US,D,20200707,000000,101.99,103.55,101.55,102.65,8612428,0
RIOT.US,D,20200708,000000,102.29,102.45,98.65,98.95,7852509,0
RIOT.US,D,20200709,000000,99.54,110.97,96.40,106.89,11006115,0
RIOT.US,D,20200710,000000,106.40,107.38,104.66,105.19,9018445,0
RIOT.US,D,20200713,000000,104.84,117.36,102.53,115.82,14777412,0
RIOT.US,D,20200713,000000,115.05,124.64,112.83,122.28,9930054,0
RIOT.US,D,20200713,000000,118.50,139.66,116.53,131.61,10417254,0
RIOT.US,D,20200714,000000,134.26,134.47,128.14,132.10,9018327,0
RIOT.US,D,20200715,000000,134.94,138.57,133.73,138.10,11536020,0
RIOT.US,D,20200716,000000,132.30,135.45,131.47,134.61,13328016,0
RIOT.US,D,20200717,000000,135.07,136.53,119.51,119.53,6560177,0
RIOT.US,D,20200720,000000,118.35,119.88,100.99,104.21,13375840,0
RIOT.US,D,20200720,000000,106.37,106.73,105.91,106.64,12004953,0
RIOT.US,D,20200720,000000,106.06,107.90,95.38,96.64,10062271,0
RIOT.US,D,20200721,000000,94.29,111.93,86.06,110.47,12902598,0
RIOT.US,D,20200722,000000,109.28,109.35,108.52,108.92,7219783,0
RIOT.US,D,20200723,000000,110.05,121.67,109.43,116.15,14540502,0
RIOT.US,D,20200724,000000,117.49,120.92,110.21,112.77,8304627,0
RIOT.US,D,20200727,000000,113.63,114.70,113.37,113.66,10469606,0
RIOT.US,D,20200727,000000,114.85,115.64,109.95,111.52,9136310,0
RIOT.US,D,20200727,000000,112.48,112.63,106.86,108.64,27235672,0
RIOT.US,D,20200728,000000,108.85,110.07,103.05,104.21,14172616,0
RIOT.US,D,20200729,000000,103.73,105.78,100.31,101.16,25076762,0
RIOT.US,D,20200730,000000,97.32,97.59,95.79,96.67,18010388,0
RIOT.US,D,20200731,000000,96.26,97.54,91.48,91.86,40304517,0
RIOT.US,D,20200803,000000,89.30,90.49,87.67,87.86,38925124,0
RIOT.US,D,20200803,000000,89.00,89.77,82.86,83.88,23892333,0
RIOT.US,D,20200803,000000,82.98,83.29,77.87,79.25,18688324,0
RIOT.US,D,20200804,000000,78.19,79.08,73.29,75.36,32500081,0
RIOT.US,D,20200805,000000,74.83,75.59,71.99,72.21,24131216,0
RIOT.US,D,20200806,000000,71.69,73.81,67.62,67.86,28018918,0
RIOT.US,D,20200807,000000,69.40,70.41,61.41,63.36,51743917,0
RIOT.US,D,20200810,000000,63.72,64.11,58.28,60.19,61685045,0
RIOT.US,D,20200810,000000,60.75,62.70,53.86,57.37,45927092,0
RIOT.US,D,20200810,000000,57.81,59.40,53.27,53.77,40232579,0
RIOT.US,D,20200811,000000,54.88,55.43,46.62,49.76,26561490,0
RIOT.US,D,20200812,000000,50.65,51.07,47.90,48.63,8645064,0
RIOT.US,D,20200813,000000,47.79,53.91,46.48,52.65,8875016,0
RIOT.US,D,20200814,000000,52.14,53.81,51.90,52.77,13004031,0
RIOT.US,D,20200817,000000,53.44,54.34,53.31,53.85,13931373,0
RIOT.US,D,20200817,000000,52.85,53.87,41.55,44.67,14463084,0
RIOT.US,D,20200817,000000,44.39,45.27,43.88,45.27,13680663,0
RIOT.US,D,20200818,000000,45.29,47.95,44.58,46.27,9833783,0
RIOT.US,D,20200819,000000,47.42,49.68,46.26,49.67,8563508,0
RIOT.US,D,20200820,000000,49.62,57.51,40.11,41.06,9605624,0
RIOT.US,D,20200821,000000,41.92,42.28,38.06,38.61,11161301,0
RIOT.US,D,20200824,000000,37.16,41.48,37.02,39.67,13674568,0
RIOT.US,D,20200824,000000,39.36,39.74,39.12,39.66,7716102,0
RIOT.US,D,20200824,000000,39.38,42.67,39.20,41.43,11646042,0
RIOT.US,D,20200825,000000,41.24,42.47,37.77,39.33,10902927,0
RIOT.US,D,20200826,000000,39.25,46.65,39.07,44.25,12238930,0
RIOT.US,D,20200827,000000,45.16,49.37,44.01,48.65,5913041,0
RIOT.US,D,20200828,000000,51.33,51.81,47.68,49.00,14226811,0
RIOT.US,D,20200831,000000,49.10,49.16,43.43,45.30,8956504,0
RIOT.US,D,20200831,000000,44.80,45.65,39.00,40.88,5911478,0
RIOT.US,D,20200831,000000,40.66,40.77,38.99,39.05,11515288,0
RIOT.US,D,20200901,000000,39.94,46.85,39.44,46.48,7875980,0
RIOT.US,D,20200902,000000,45.93,45.97,44.91,45.20,13400341,0
RIOT.US,D,20200903,000000,45.72,46.98,43.17,43.31,13183162,0
RIOT.US,D,20200904,000000,44.89,46.51,44.30,45.79,7299435,0
RIOT.US,D,20200907,000000,45.94,46.14,45.92,46.06,12044356,0
RIOT.US,D,20200907,000000,45.03,45.24,44.94,45.23,13743796,0
RIOT.US,D,20200907,000000,44.02,54.08,43.96,50.77,11853024,0
RIOT.US,D,20200908,000000,49.20,49.42,49.01,49.17,13932081,0
RIOT.US,D,20200909,000000,49.10,51.41,44.50,45.77,12537433,0
RIOT.US,D,20200910,000000,44.98,50.09,44.76,49.34,9150894,0
RIOT.US,D,20200911,000000,48.66,57.26,47.54,55.00,14865636,0
RIOT.US,D,20200914,000000,54.59,54.88,54.54,54.86,8984783,0
RIOT.US,D,20200914,000000,55.42,55.84,54.18,54.46,9154293,0
RIOT.US,D,20200914,000000,53.38,55.42,52.69,55.41,11950256,0
RIOT.US,D,20200915,000000,55.21,55.74,51.29,51.83,11089370,0
RIOT.US,D,20200916,000000,50.88,57.97,50.80,55.47,8266676,0
RIOT.US,D,20200917,000000,55.11,55.43,53.79,53.90,13155362,0
RIOT.US,D,20200918,000000,54.65,56.01,54.63,55.53,8943270,0
RIOT.US,D,20200921,000000,54.73,66.52,50.72,65.87,9880302,0
RIOT.US,D,20200921,000000,66.16,67.08,60.21,61.77,10419431,0
RIOT.US,D,20200921,000000,62.97,63.44,57.49,59.34,5943156,0
RIOT.US,D,20200922,000000,60.61,60.66,55.82,57.46,7029363,0
RIOT.US,D,20200923,000000,57.71,62.51,57.48,62.06,13110466,0
RIOT.US,D,20200924,000000,61.91,66.11,61.21,65.22,11956674,0
RIOT.US,D,20200925,000000,63.80,71.87,62.60,69.44,9923390,0
RIOT.US,D,20200928,000000,68.51,69.79,64.23,64.97,9935888,0
RIOT.US,D,20200928,000000,64.29,68.59,63.85,67.85,9296370,0
RIOT.US,D,20200928,000000,68.78,70.53,55.29,59.98,5242322,0
RIOT.US,D,20200929,000000,60.31,63.55,60.13,61.47,6141571,0
RIOT.US,D,20200930,000000,62.13,62.25,59.85,60.56,10395611,0
RIOT.US,D,20201001,000000,61.49,63.52,53.16,54.07,6404127,0
RIOT.US,D,20201002,000000,56.14,63.82,56.07,60.72,9939713,0
RIOT.US,D,20201005,000000,59.89,69.69,58.91,66.79,10632882,0
RIOT.US,D,20201005,000000,67.36,69.90,66.38,68.62,8642283,0
RIOT.US,D,20201005,000000,68.72,69.21,68.59,68.66,13241672,0
RIOT.US,D,20201006,000000,67.34,81.21,66.31,78.22,5737799,0
RIOT.US,D,20201007,000000,77.28,78.31,73.68,74.14,7098528,0
RIOT.US,D,20201008,000000,73.60,78.15,66.37,67.25,9407818,0
RIOT.US,D,20201009,000000,67.21,72.29,67.04,72.06,9317443,0
RIOT.US,D,20201012,000000,71.18,71.19,71.05,71.08,7315069,0
RIOT.US,D,20201012,000000,74.60,74.68,68.20,70.80,5537390,0
RIOT.US,D,20201012,000000,72.92,74.48,64.36,66.52,9576336,0
RIOT.US,D,20201013,000000,66.92,73.48,66.47,72.58,10497938,0
RIOT.US,D,20201014,000000,71.42,73.70,70.65,73.46,5196250,0
RIOT.US,D,20201015,000000,72.05,72.19,69.41,69.87,14236797,0
RIOT.US,D,20201016,000000,71.72,73.52,64.67,66.98,9853250,0
RIOT.US,D,20201019,000000,68.10,71.52,65.54,66.49,5485514,0
RIOT.US,D,20201019,000000,67.46,67.62,67.39,67.59,5827734,0
RIOT.US,D,20201019,000000,66.03,66.99,62.57,62.57,8664447,0
RIOT.US,D,20201020,000000,63.88,66.04,60.40,61.12,8673467,0
RIOT.US,D,20201021,000000,60.08,61.83,59.48,61.13,10532400,0
RIOT.US,D,20201022,000000,60.68,60.69,58.58,59.16,11670034,0
RIOT.US,D,20201023,000000,57.14,58.33,56.79,57.66,14302646,0
RIOT.US,D,20201026,000000,60.08,62.63,48.24,52.23,9778653,0
RIOT.US,D,20201026,000000,51.09,53.44,47.41,48.30,13673101,0
RIOT.US,D,20201026,000000,47.50,47.90,46.19,46.41,13131499,0
RIOT.US,D,20201027,000000,46.58,51.64,46.17,48.97,13262768,0
RIOT.US,D,20201028,000000,48.66,53.93,47.25,51.59,8080489,0
RIOT.US,D,20201029,000000,52.11,53.42,51.26,52.86,10784846,0
RIOT.US,D,20201030,000000,53.03,57.31,52.80,54.99,7146854,0
RIOT.US,D,20201102,000000,55.99,56.49,54.20,54.82,10071025,0
RIOT.US,D,20201102,000000,54.53,56.05,45.91,47.34,13741702,0
RIOT.US,D,20201102,000000,44.61,48.39,44.25,47.83,9455324,0
RIOT.US,D,20201103,000000,46.41,47.05,42.67,43.34,11775208,0
RIOT.US,D,20201104,000000,44.55,44.86,40.19,41.04,9852853,0
RIOT.US,D,20201105,000000,40.29,40.72,37.64,37.85,8457162,0
RIOT.US,D,20201106,000000,37.77,39.87,36.39,39.70,13383978,0
RIOT.US,D,20201109,000000,39.29,39.46,34.07,34.17,6591432,0
RIOT.US,D,20201109,000000,33.67,35.89,33.06,35.16,9422880,0
RIOT.US,D,20201109,000000,35.15,35.34,31.04,32.38,14524025,0
RIOT.US,D,20201110,000000,33.17,34.01,32.22,32.66,12225429,0
RIOT.US,D,20201111,000000,33.04,35.76,32.72,34.95,6072747,0
RIOT.US,D,20201112,000000,34.42,34.59,31.78,33.07,6584206,0
RIOT.US,D,20201113,000000,33.17,35.45,32.27,34.03,9769368,0
RIOT.US,D,20201116,000000,34.64,36.66,34.44,35.08,6690128,0
RIOT.US,D,20201116,000000,35.53,35.80,33.70,34.52,11991200,0
RIOT.US,D,20201116,000000,34.33,39.07,32.40,38.18,7750595,0
RIOT.US,D,20201117,000000,37.87,43.46,37.09,40.92,5705623,0
RIOT.US,D,20201118,000000,41.73,42.70,37.69,38.78,9628310,0
RIOT.US,D,20201119,000000,39.56,41.30,35.95,36.97,13130657,0
RIOT.US,D,20201120,000000,37.36,39.18,37.35,38.83,11360386,0
RIOT.US,D,20201123,000000,39.41,39.79,35.13,36.58,13310032,0
RIOT.US,D,20201123,000000,36.12,36.45,33.00,34.36,11254576,0
RIOT.US,D,20201123,000000,33.65,33.80,29.53,30.63,5633910,0
RIOT.US,D,20201124,000000,29.86,36.44,29.54,34.82,8447830,0
RIOT.US,D,20201125,000000,35.98,36.15,34.16,34.66,10794514,0
RIOT.US,D,20201126,000000,34.33,36.16,34.02,35.61,11182185,0
RIOT.US,D,20201127,000000,36.78,36.82,35.65,36.23,7501195,0
RIOT.US,D,20201130,000000,37.10,37.16,33.87,34.96,13231404,0
RIOT.US,D,20201130,000000,35.43,35.62,34.32,34.39,7203349,0
RIOT.US,D,20201130,000000,33.89,34.41,31.56,31.90,14676368,0
RIOT.US,D,20201201,000000,32.55,34.62,32.39,34.17,14819997,0
RIOT.US,D,20201202,000000,34.03,34.46,30.56,31.29,12982095,0
RIOT.US,D,20201203,000000,31.24,31.40,29.31,29.47,13558831,0
RIOT.US,D,20201204,000000,29.65,31.42,28.83,31.38,10312175,0
RIOT.US,D,20201207,000000,31.86,32.28,30.48,30.53,13866607,0
RIOT.US,D,20201207,000000,30.25,32.81,30.14,32.06,5242872,0
RIOT.US,D,20201207,000000,31.86,32.35,31.72,32.32,13500680,0
RIOT.US,D,20201208,000000,32.22,35.13,31.48,34.62,5112930,0
RIOT.US,D,20201209,000000,35.21,35.37,31.59,32.74,7784098,0
RIOT.US,D,20201210,000000,32.01,33.78,31.82,32.85,6270014,0
RIOT.US,D,20201211,000000,32.09,35.95,31.10,35.78,9640491,0
RIOT.US,D,20201214,000000,34.05,35.50,29.09,30.45,7830771,0
RIOT.US,D,20201214,000000,30.16,32.38,29.17,32.00,13606006,0
RIOT.US,D,20201214,000000,32.38,32.65,29.95,30.78,6973017,0
RIOT.US,D,20201215,000000,30.91,31.60,30.31,31.28,14069399,0
RIOT.US,D,20201216,000000,30.48,30.71,29.79,29.81,6013944,0
RIOT.US,D,20201217,000000,30.80,30.98,29.90,30.41,14566622,0
RIOT.US,D,20201218,000000,29.83,29.91,25.24,27.12,6768468,0
RIOT.US,D,20201221,000000,26.56,27.27,25.66,26.23,8827781,0
RIOT.US,D,20201221,000000,27.01,27.26,22.82,24.50,8036178,0
RIOT.US,D,20201221,000000,24.63,25.00,24.52,24.69,14434077,0
RIOT.US,D,20201222,000000,24.92,26.23,20.75,21.43,14945291,0
RIOT.US,D,20201223,000000,21.22,21.49,20.97,21.31,14379379,0
RIOT.US,D,20201224,000000,20.64,21.74,20.51,21.49,11867641,0
RIOT.US,D,20201225,000000,21.46,21.52,21.37,21.41,10946237,0
RIOT.US,D,20201228,000000,21.18,21.67,20.54,20.81,7194992,0
RIOT.US,D,20201228,000000,20.33,20.38,17.05,17.49,5496396,0
RIOT.US,D,20201228,000000,16.23,19.43,15.66,18.73,12217272,0
RIOT.US,D,20201229,000000,18.71,20.87,17.73,20.86,9018517,0
RIOT.US,D,20201230,000000,20.56,20.83,19.98,20.35,10716755,0
RIOT.US,D,20201231,000000,20.41,20.91,20.32,20.81,13987272,0
RIOT.US,D,20210101,000000,20.42,20.57,19.83,20.18,5469214,0
RIOT.US,D,20210104,000000,20.08,20.36,19.05,19.07,10133252,0
RIOT.US,D,20210104,000000,19.26,20.43,18.79,20.38,13660728,0
RIOT.US,D,20210104,000000,20.60,22.97,19.36,22.61,7306263,0
RIOT.US,D,20210105,000000,23.03,24.30,19.44,20.26,7554366,0
RIOT.US,D,20210106,000000,19.79,20.44,19.79,20.24,11239123,0
RIOT.US,D,20210107,000000,20.76,22.52,20.57,21.97,14101461,0
RIOT.US,D,20210108,000000,23.03,23.64,21.40,21.71,9309920,0
RIOT.US,D,20210111,000000,21.28,23.16,21.11,22.61,11415959,0
RIOT.US,D,20210111,000000,23.34,25.22,23.34,24.95,8290963,0
RIOT.US,D,20210111,000000,24.60,26.39,23.54,26.22,8764027,0
RIOT.US,D,20210112,000000,26.01,28.27,25.97,27.87,5905639,0
RIOT.US,D,20210113,000000,27.78,28.01,27.05,27.26,11921296,0
RIOT.US,D,20210114,000000,27.31,30.40,26.32,29.20,11930695,0
RIOT.US,D,20210115,000000,29.67,29.79,26.37,27.89,11533895,0
RIOT.US,D,20210118,000000,28.44,28.80,24.27,24.80,7707725,0
RIOT.US,D,20210118,000000,24.98,27.10,20.42,20.89,10874809,0
RIOT.US,D,20210118,000000,21.31,22.76,21.26,22.35,9382654,0
RIOT.US,D,20210119,000000,21.77,25.32,21.44,24.74,7689050,0
RIOT.US,D,20210120,000000,24.91,27.46,19.79,20.58,13669520,0
RIOT.US,D,20210121,000000,21.06,21.72,19.33,19.61,12625095,0
RIOT.US,D,20210122,000000,20.09,20.11,19.87,20.07,11054625,0
RIOT.US,D,20210125,000000,19.97,22.45,19.84,22.31,12193705,0
RIOT.US,D,20210125,000000,22.90,22.90,20.92,21.74,7659762,0
RIOT.US,D,20210125,000000,21.66,22.35,19.01,19.12,13624150,0
RIOT.US,D,20210126,000000,18.95,19.01,16.88,16.90,13856963,0
RIOT.US,D,20210127,000000,17.79,18.84,17.66,18.73,11145859,0
RIOT.US,D,20210128,000000,19.18,19.51,19.13,19.18,12293819,0
