<TICKER>,<PER>,<DATE>,<TIME>,<OPEN>,<HIGH>,<LOW>,<CLOSE>,<VOL>,<OPENINT>
RIVN.US,D,20180102,000000,14.96,15.14,14.15,14.41,6222716,0
RIVN.US,D,20180103,000000,14.30,14.38,13.90,14.02,3433621,0
RIVN.US,D,20180104,000000,14.03,14.11,13.95,14.09,3761902,0
RIVN.US,D,20180105,000000,14.10,14.13,13.97,13.99,8532469,0
RIVN.US,D,20180108,000000,14.06,14.14,13.93,13.97,3345485,0
RIVN.US,D,20180108,000000,14.00,14.07,13.92,14.06,4487525,0
RIVN.US,D,20180108,000000,14.08,14.13,13.60,13.61,3341775,0
RIVN.US,D,20180109,000000,13.65,13.82,13.64,13.75,6369049,0
RIVN.US,D,20180110,000000,13.83,13.87,13.68,13.72,4079355,0
RIVN.US,D,20180111,000000,13.67,14.07,13.65,13.92,3923083,0
RIVN.US,D,20180112,000000,13.99,14.00,13.86,13.91,7086403,0
RIVN.US,D,20180115,000000,13.85,13.88,13.38,13.55,6737176,0
RIVN.US,D,20180115,000000,13.47,13.59,13.46,13.56,5823837,0
RIVN.US,D,20180115,000000,13.57,13.70,13.53,13.66,6617626,0
RIVN.US,D,20180116,000000,13.59,13.64,13.59,13.62,6401454,0
RIVN.US,D,20180117,000000,13.64,13.64,13.61,13.61,3124886,0
RIVN.US,D,20180118,000000,13.70,13.70,13.61,13.62,4270012,0
RIVN.US,D,20180119,000000,13.66,13.69,13.65,13.68,4874460,0
RIVN.US,D,20180122,000000,13.75,13.76,13.62,13.64,8829001,0
RIVN.US,D,20180122,000000,13.64,13.76,13.62,13.76,4495415,0
RIVN.US,D,20180122,000000,13.83,14.06,13.81,14.01,5205107,0
RIVN.US,D,20180123,000000,13.96,13.99,13.78,13.80,6517125,0
RIVN.US,D,20180124,000000,13.71,13.72,13.69,13.70,5332743,0
RIVN.US,D,20180125,000000,13.71,13.73,13.56,13.60,5917261,0
RIVN.US,D,20180126,000000,13.54,13.54,13.46,13.48,6540971,0
RIVN.US,D,20180129,000000,13.50,13.57,13.28,13.29,5983974,0
RIVN.US,D,20180129,000000,13.31,13.31,13.29,13.29,3871910,0
RIVN.US,D,20180129,000000,13.30,13.57,13.30,13.51,8986329,0
RIVN.US,D,20180130,000000,13.51,13.53,13.45,13.50,7490675,0
RIVN.US,D,20180131,000000,13.51,13.98,13.46,13.80,4832623,0
RIVN.US,D,20180201,000000,13.86,13.88,13.68,13.71,6538789,0
RIVN.US,D,20180202,000000,13.77,13.87,13.30,13.36,4064536,0
RIVN.US,D,20180205,000000,13.26,13.26,13.19,13.22,7847617,0
RIVN.US,D,20180205,000000,13.15,13.36,13.14,13.31,7198719,0
RIVN.US,D,20180205,000000,13.35,13.36,13.22,13.24,4429365,0
RIVN.US,D,20180206,000000,13.23,13.25,13.22,13.23,5362159,0
RIVN.US,D,20180207,000000,13.15,13.15,13.05,13.09,5006027,0
RIVN.US,D,20180208,000000,13.09,13.20,13.08,13.16,8853231,0
RIVN.US,D,20180209,000000,13.22,13.58,13.16,13.51,6383276,0
RIVN.US,D,20180212,000000,13.52,13.73,13.50,13.66,6484566,0
RIVN.US,D,20180212,000000,13.65,13.76,13.60,13.75,5514543,0
RIVN.US,D,20180212,000000,13.70,13.91,13.69,13.81,6203633,0
RIVN.US,D,20180213,000000,13.79,13.79,13.78,13.79,3883170,0
RIVN.US,D,20180214,000000,13.81,13.92,13.79,13.88,6414623,0
RIVN.US,D,20180215,000000,13.84,13.84,13.82,13.82,8411689,0
RIVN.US,D,20180216,000000,13.79,13.85,13.77,13.84,3989787,0
RIVN.US,D,20180219,000000,13.79,13.85,13.77,13.83,7212337,0
RIVN.US,D,20180219,000000,13.84,13.86,13.84,13.85,5061368,0
RIVN.US,D,20180219,000000,13.89,13.89,13.84,13.84,4415506,0
RIVN.US,D,20180220,000000,13.86,14.01,13.82,14.00,3918325,0
RIVN.US,D,20180221,000000,14.03,14.06,14.01,14.03,4110680,0
RIVN.US,D,20180222,000000,14.01,14.06,13.95,14.05,7347903,0
RIVN.US,D,20180223,000000,14.09,14.09,13.94,13.98,4300321,0
RIVN.US,D,20180226,000000,13.90,14.20,13.90,14.17,5923447,0
RIVN.US,D,20180226,000000,14.15,14.33,14.09,14.24,3552032,0
RIVN.US,D,20180226,000000,14.29,14.38,13.87,13.99,3734323,0
RIVN.US,D,20180227,000000,13.95,14.39,13.85,14.30,8856312,0
RIVN.US,D,20180228,000000,14.42,14.44,14.16,14.28,7023606,0
RIVN.US,D,20180301,000000,14.26,14.53,14.25,14.48,5371977,0
RIVN.US,D,20180302,000000,14.43,14.63,14.40,14.56,4544910,0
RIVN.US,D,20180305,000000,14.50,14.51,14.45,14.46,3652885,0
RIVN.US,D,20180305,000000,14.45,14.48,14.44,14.47,4063810,0
RIVN.US,D,20180305,000000,14.49,14.97,14.41,14.90,6069812,0
RIVN.US,D,20180306,000000,14.87,15.12,14.83,15.01,7406441,0
RIVN.US,D,20180307,000000,14.95,15.08,14.95,15.05,8465737,0
RIVN.US,D,20180308,000000,15.00,15.37,14.96,15.28,6385244,0
RIVN.US,D,20180309,000000,15.28,15.30,15.25,15.29,6560324,0
RIVN.US,D,20180312,000000,15.32,15.32,15.29,15.30,7002621,0
RIVN.US,D,20180312,000000,15.26,15.64,15.21,15.54,3365842,0
RIVN.US,D,20180312,000000,15.57,15.62,15.57,15.61,7613005,0
RIVN.US,D,20180313,000000,15.60,15.65,15.56,15.63,7040733,0
RIVN.US,D,20180314,000000,15.60,15.74,15.59,15.72,4484170,0
RIVN.US,D,20180315,000000,15.71,15.88,15.65,15.82,5484256,0
RIVN.US,D,20180316,000000,15.84,15.86,15.73,15.75,6341155,0
RIVN.US,D,20180319,000000,15.75,15.76,15.74,15.74,7521006,0
RIVN.US,D,20180319,000000,15.74,15.77,15.69,15.70,8646150,0
RIVN.US,D,20180319,000000,15.76,15.83,15.73,15.83,8837361,0
RIVN.US,D,20180320,000000,15.75,15.91,15.74,15.85,3638442,0
RIVN.US,D,20180321,000000,15.82,15.98,15.81,15.91,4913104,0
RIVN.US,D,20180322,000000,15.90,15.95,15.89,15.95,8664654,0
RIVN.US,D,20180323,000000,15.96,16.01,15.96,16.00,5732035,0
RIVN.US,D,20180326,000000,16.01,16.03,16.00,16.01,6093887,0
RIVN.US,D,20180326,000000,16.03,16.12,15.99,16.05,8487687,0
RIVN.US,D,20180326,000000,16.05,16.05,15.93,15.94,4054690,0
RIVN.US,D,20180327,000000,15.95,15.97,15.93,15.97,5822609,0
RIVN.US,D,20180328,000000,15.98,16.02,15.90,15.92,3254012,0
RIVN.US,D,20180329,000000,15.87,16.01,15.87,15.98,7118589,0
RIVN.US,D,20180330,000000,15.98,15.98,15.89,15.90,5832466,0
RIVN.US,D,20180402,000000,15.87,15.87,15.49,15.50,7517711,0
RIVN.US,D,20180402,000000,15.54,15.66,15.51,15.63,8736244,0
RIVN.US,D,20180402,000000,15.71,15.75,15.69,15.73,8409190,0
RIVN.US,D,20180403,000000,15.73,16.04,15.70,15.86,5911106,0
RIVN.US,D,20180404,000000,15.86,15.88,15.79,15.79,8007723,0
RIVN.US,D,20180405,000000,15.79,15.83,15.79,15.81,7631705,0
RIVN.US,D,20180406,000000,15.79,15.82,15.54,15.56,4702496,0
RIVN.US,D,20180409,000000,15.53,15.73,15.53,15.70,8436750,0
RIVN.US,D,20180409,000000,15.80,15.81,15.50,15.57,3098161,0
RIVN.US,D,20180409,000000,15.53,15.53,15.50,15.53,4848886,0
RIVN.US,D,20180410,000000,15.49,15.52,15.33,15.40,8088339,0
RIVN.US,D,20180411,000000,15.37,15.41,15.37,15.39,4063170,0
RIVN.US,D,20180412,000000,15.45,15.46,15.44,15.46,7967648,0
RIVN.US,D,20180413,000000,15.40,15.41,15.37,15.37,8606698,0
RIVN.US,D,20180416,000000,15.31,15.50,15.27,15.45,6723007,0
RIVN.US,D,20180416,000000,15.44,15.63,15.36,15.58,4235894,0
RIVN.US,D,20180416,000000,15.59,15.62,15.42,15.43,3468231,0
RIVN.US,D,20180417,000000,15.46,15.46,15.41,15.41,5133661,0
RIVN.US,D,20180418,000000,15.41,15.43,15.37,15.40,8143611,0
RIVN.US,D,20180419,000000,15.39,15.89,15.31,15.75,5387980,0
RIVN.US,D,20180420,000000,15.71,15.76,15.59,15.63,6155380,0
RIVN.US,D,20180423,000000,15.62,15.80,15.62,15.74,6772516,0
RIVN.US,D,20180423,000000,15.73,15.74,15.71,15.72,5026295,0
RIVN.US,D,20180423,000000,15.67,15.79,15.66,15.77,7832272,0
RIVN.US,D,20180424,000000,15.77,15.81,15.77,15.79,7858469,0
RIVN.US,D,20180425,000000,15.81,15.85,15.67,15.69,6937890,0
RIVN.US,D,20180426,000000,15.69,15.99,15.66,15.95,8370146,0
RIVN.US,D,20180427,000000,16.01,16.16,15.37,15.45,8917658,0
RIVN.US,D,20180430,000000,15.42,15.53,15.41,15.52,3971190,0
RIVN.US,D,20180430,000000,15.52,15.54,15.51,15.54,7346892,0
RIVN.US,D,20180430,000000,15.54,15.59,15.40,15.42,8248796,0
RIVN.US,D,20180501,000000,15.40,15.55,15.37,15.53,7127867,0
RIVN.US,D,20180502,000000,15.59,15.61,15.34,15.40,4765650,0
RIVN.US,D,20180503,000000,15.37,15.39,15.35,15.36,5876167,0
RIVN.US,D,20180504,000000,15.34,15.49,15.29,15.47,6285862,0
RIVN.US,D,20180507,000000,15.48,15.49,15.43,15.43,4389664,0
RIVN.US,D,20180507,000000,15.41,15.59,15.32,15.55,3037269,0
RIVN.US,D,20180507,000000,15.53,15.67,15.48,15.64,8966373,0
RIVN.US,D,20180508,000000,15.74,15.78,15.56,15.59,5355122,0
RIVN.US,D,20180509,000000,15.63,15.67,15.49,15.54,5060915,0
RIVN.US,D,20180510,000000,15.60,15.70,15.58,15.67,8245285,0
RIVN.US,D,20180511,000000,15.68,15.77,15.67,15.73,4190574,0
RIVN.US,D,20180514,000000,15.73,15.94,15.60,15.94,3506517,0
RIVN.US,D,20180514,000000,15.88,16.24,15.87,16.18,3501243,0
RIVN.US,D,20180514,000000,16.21,16.24,16.00,16.08,8202564,0
RIVN.US,D,20180515,000000,16.16,16.18,16.07,16.11,8959675,0
RIVN.US,D,20180516,000000,16.15,16.40,16.15,16.36,4385662,0
RIVN.US,D,20180517,000000,16.29,16.29,16.26,16.27,4045385,0
RIVN.US,D,20180518,000000,16.36,16.40,16.05,16.17,8228564,0
RIVN.US,D,20180521,000000,16.15,16.36,16.10,16.35,8343005,0
RIVN.US,D,20180521,000000,16.35,16.38,16.25,16.25,4135929,0
RIVN.US,D,20180521,000000,16.22,16.53,16.15,16.51,4837381,0
RIVN.US,D,20180522,000000,16.49,16.58,16.47,16.53,8539718,0
RIVN.US,D,20180523,000000,16.65,17.06,16.56,16.98,7981947,0
RIVN.US,D,20180524,000000,17.17,17.25,16.94,17.07,5426920,0
RIVN.US,D,20180525,000000,17.05,17.25,17.03,17.19,5024984,0
RIVN.US,D,20180528,000000,17.35,17.50,16.42,16.74,4445426,0
RIVN.US,D,20180528,000000,16.86,16.93,16.35,16.41,4407088,0
RIVN.US,D,20180528,000000,16.47,16.58,16.45,16.53,7379365,0
RIVN.US,D,20180529,000000,16.50,16.59,16.23,16.27,5397560,0
RIVN.US,D,20180530,000000,16.26,16.59,16.13,16.54,4237240,0
RIVN.US,D,20180531,000000,16.50,16.52,16.18,16.24,3597111,0
RIVN.US,D,20180601,000000,16.30,16.34,16.19,16.22,4408421,0
RIVN.US,D,20180604,000000,16.08,16.37,16.05,16.34,8332751,0
RIVN.US,D,20180604,000000,16.40,16.43,16.04,16.15,7258231,0
RIVN.US,D,20180604,000000,16.15,16.41,16.10,16.32,7288240,0
RIVN.US,D,20180605,000000,16.26,16.26,16.25,16.25,4860229,0
RIVN.US,D,20180606,000000,16.19,16.21,15.81,15.89,3189342,0
RIVN.US,D,20180607,000000,15.82,16.26,15.75,16.05,7319912,0
RIVN.US,D,20180608,000000,16.07,16.51,16.06,16.32,5902240,0
RIVN.US,D,20180611,000000,16.13,17.07,16.09,16.74,4095812,0
RIVN.US,D,20180611,000000,16.81,16.84,16.51,16.57,5752832,0
RIVN.US,D,20180611,000000,16.46,16.63,16.43,16.54,4343172,0
RIVN.US,D,20180612,000000,16.28,16.91,16.13,16.88,8261927,0
RIVN.US,D,20180613,000000,16.71,16.80,16.64,16.76,7170685,0
RIVN.US,D,20180614,000000,16.65,16.93,16.59,16.91,4410982,0
RIVN.US,D,20180615,000000,16.95,17.55,16.95,17.46,8628494,0
RIVN.US,D,20180618,000000,17.49,18.13,17.40,18.09,8897536,0
RIVN.US,D,20180618,000000,17.95,18.97,17.88,18.64,7769590,0
RIVN.US,D,20180618,000000,18.64,18.78,18.62,18.71,6138576,0
RIVN.US,D,20180619,000000,18.66,19.16,18.63,19.09,4878921,0
RIVN.US,D,20180620,000000,19.20,19.82,18.94,19.67,7217496,0
RIVN.US,D,20180621,000000,19.67,19.82,19.61,19.80,8483471,0
RIVN.US,D,20180622,000000,19.87,19.92,19.71,19.73,7910134,0
RIVN.US,D,20180625,000000,19.75,19.76,19.60,19.63,7573179,0
RIVN.US,D,20180625,000000,19.53,20.48,19.36,20.22,5527222,0
RIVN.US,D,20180625,000000,20.23,21.07,20.20,20.94,4683329,0
RIVN.US,D,20180626,000000,20.98,21.29,20.91,21.28,8259995,0
RIVN.US,D,20180627,000000,21.37,21.42,21.24,21.24,7706874,0
RIVN.US,D,20180628,000000,21.37,21.46,21.35,21.45,4868268,0
RIVN.US,D,20180629,000000,21.32,21.86,21.25,21.58,8691517,0
RIVN.US,D,20180702,000000,21.79,21.84,21.77,21.80,4752509,0
RIVN.US,D,20180702,000000,21.75,22.16,21.68,22.09,4910878,0
RIVN.US,D,20180702,000000,22.05,22.17,22.03,22.15,5091728,0
RIVN.US,D,20180703,000000,22.21,22.93,22.12,22.88,7960384,0
RIVN.US,D,20180704,000000,22.79,23.05,22.75,22.97,7825056,0
RIVN.US,D,20180705,000000,22.93,22.99,22.45,22.64,4432129,0
RIVN.US,D,20180706,000000,22.89,22.90,22.60,22.67,8940139,0
RIVN.US,D,20180709,000000,22.70,22.87,22.68,22.86,7410285,0
RIVN.US,D,20180709,000000,22.75,23.55,22.74,23.35,7469325,0
RIVN.US,D,20180709,000000,23.49,23.51,23.13,23.23,6904543,0
RIVN.US,D,20180710,000000,23.22,23.29,23.19,23.24,8152419,0
RIVN.US,D,20180711,000000,23.22,23.35,23.21,23.30,6115392,0
RIVN.US,D,20180712,000000,23.30,23.42,23.30,23.42,3600644,0
RIVN.US,D,20180713,000000,23.45,23.51,23.43,23.50,7064461,0
RIVN.US,D,20180716,000000,23.45,23.56,23.17,23.22,8341496,0
RIVN.US,D,20180716,000000,23.21,23.24,22.69,22.83,7498930,0
RIVN.US,D,20180716,000000,22.85,22.99,22.84,22.98,3942147,0
RIVN.US,D,20180717,000000,23.05,23.09,22.92,22.93,8007779,0
RIVN.US,D,20180718,000000,22.91,22.98,22.85,22.96,4341278,0
RIVN.US,D,20180719,000000,22.94,23.00,22.61,22.77,6627897,0
RIVN.US,D,20180720,000000,22.66,22.71,22.56,22.61,8879609,0
RIVN.US,D,20180723,000000,22.56,22.62,22.26,22.35,3443876,0
RIVN.US,D,20180723,000000,22.38,22.41,22.38,22.40,7099092,0
RIVN.US,D,20180723,000000,22.45,22.84,22.39,22.83,6938872,0
RIVN.US,D,20180724,000000,22.78,22.89,22.78,22.83,3424018,0
RIVN.US,D,20180725,000000,22.73,22.82,22.64,22.71,5538464,0
RIVN.US,D,20180726,000000,22.66,22.73,22.58,22.60,6295413,0
RIVN.US,D,20180727,000000,22.54,22.60,22.53,22.59,7771652,0
RIVN.US,D,20180730,000000,22.56,22.87,22.53,22.73,8874063,0
RIVN.US,D,20180730,000000,22.71,22.74,22.38,22.41,3550839,0
RIVN.US,D,20180730,000000,22.55,22.64,22.52,22.59,5056037,0
RIVN.US,D,20180731,000000,22.57,22.90,22.52,22.81,6748788,0
RIVN.US,D,20180801,000000,22.73,22.97,22.69,22.89,4236095,0
RIVN.US,D,20180802,000000,22.80,22.98,22.69,22.91,4933785,0
RIVN.US,D,20180803,000000,22.86,22.93,22.26,22.64,4481526,0
RIVN.US,D,20180806,000000,22.61,22.66,22.39,22.40,5525847,0
RIVN.US,D,20180806,000000,22.55,22.66,22.54,22.66,6732721,0
RIVN.US,D,20180806,000000,22.62,23.21,22.31,23.18,8908339,0
RIVN.US,D,20180807,000000,23.28,23.42,21.44,22.37,6599729,0
RIVN.US,D,20180808,000000,22.24,22.76,22.11,22.71,5606718,0
RIVN.US,D,20180809,000000,22.78,23.33,22.74,23.00,4727243,0
RIVN.US,D,20180810,000000,22.93,23.64,22.78,23.25,5245150,0
RIVN.US,D,20180813,000000,23.21,23.37,23.15,23.22,3137790,0
RIVN.US,D,20180813,000000,23.04,24.17,23.00,24.13,6531859,0
RIVN.US,D,20180813,000000,24.07,24.10,23.78,23.80,6619312,0
RIVN.US,D,20180814,000000,23.70,23.72,23.39,23.44,5368539,0
RIVN.US,D,20180815,000000,23.44,23.44,23.24,23.30,3204930,0
RIVN.US,D,20180816,000000,23.42,23.44,23.23,23.31,8788356,0
RIVN.US,D,20180817,000000,23.34,23.68,23.26,23.59,4709673,0
RIVN.US,D,20180820,000000,23.62,23.64,23.27,23.36,4801595,0
RIVN.US,D,20180820,000000,23.31,23.44,23.27,23.37,3737230,0
RIVN.US,D,20180820,000000,23.30,23.58,23.22,23.52,7469054,0
RIVN.US,D,20180821,000000,23.57,23.75,23.55,23.73,4549896,0
RIVN.US,D,20180822,000000,23.69,23.80,23.64,23.74,6541034,0
RIVN.US,D,20180823,000000,23.71,23.74,23.70,23.74,6291012,0
RIVN.US,D,20180824,000000,23.73,23.74,23.72,23.73,5504750,0
RIVN.US,D,20180827,000000,23.75,23.81,23.55,23.58,7643787,0
RIVN.US,D,20180827,000000,23.60,23.62,23.59,23.60,8953154,0
RIVN.US,D,20180827,000000,23.58,23.60,23.49,23.58,6833164,0
RIVN.US,D,20180828,000000,23.60,24.02,23.59,23.95,4563679,0
RIVN.US,D,20180829,000000,23.96,23.98,23.79,23.82,6972640,0
RIVN.US,D,20180830,000000,24.21,24.40,23.24,23.46,7932393,0
RIVN.US,D,20180831,000000,23.44,23.60,23.43,23.44,6179808,0
RIVN.US,D,20180903,000000,23.40,23.77,23.37,23.63,7670179,0
RIVN.US,D,20180903,000000,23.59,23.78,23.58,23.71,8407740,0
RIVN.US,D,20180903,000000,23.66,23.67,23.34,23.43,5401806,0
RIVN.US,D,20180904,000000,23.53,23.54,23.30,23.39,8468172,0
RIVN.US,D,20180905,000000,23.35,23.38,23.18,23.27,7551878,0
RIVN.US,D,20180906,000000,23.20,23.24,23.06,23.21,7577239,0
RIVN.US,D,20180907,000000,23.14,23.16,23.09,23.10,4770780,0
RIVN.US,D,20180910,000000,23.07,23.12,23.07,23.09,4587111,0
RIVN.US,D,20180910,000000,23.13,23.17,23.00,23.02,7486513,0
RIVN.US,D,20180910,000000,22.98,23.50,22.89,23.32,7456409,0
RIVN.US,D,20180911,000000,23.44,23.52,23.20,23.24,7788740,0
RIVN.US,D,20180912,000000,23.17,23.23,23.16,23.18,8806695,0
RIVN.US,D,20180913,000000,23.24,23.25,23.13,23.14,6221607,0
RIVN.US,D,20180914,000000,23.17,23.18,23.06,23.06,8793814,0
RIVN.US,D,20180917,000000,23.08,23.18,22.53,22.73,8380857,0
RIVN.US,D,20180917,000000,22.82,23.01,22.81,22.92,5151744,0
RIVN.US,D,20180917,000000,22.99,23.03,22.98,22.99,3147943,0
RIVN.US,D,20180918,000000,22.99,23.04,22.97,23.02,8905718,0
RIVN.US,D,20180919,000000,22.95,23.36,22.85,23.12,7116729,0
RIVN.US,D,20180920,000000,23.27,23.29,22.71,22.98,5573782,0
RIVN.US,D,20180921,000000,23.04,23.27,23.03,23.25,4258893,0
RIVN.US,D,20180924,000000,23.30,23.32,23.29,23.29,5738103,0
RIVN.US,D,20180924,000000,23.17,23.85,23.14,23.41,3715796,0
RIVN.US,D,20180924,000000,23.36,23.40,23.35,23.39,6195644,0
RIVN.US,D,20180925,000000,23.36,23.79,23.29,23.72,5626121,0
RIVN.US,D,20180926,000000,23.81,23.82,23.80,23.82,3269378,0
RIVN.US,D,20180927,000000,23.86,23.88,23.74,23.74,5708642,0
RIVN.US,D,20180928,000000,23.87,23.89,23.82,23.82,6878616,0
RIVN.US,D,20181001,000000,23.77,23.87,23.43,23.46,8791484,0
RIVN.US,D,20181001,000000,23.49,23.83,23.44,23.81,6108191,0
RIVN.US,D,20181001,000000,23.85,24.18,23.81,24.16,5789757,0
RIVN.US,D,20181002,000000,24.22,24.24,23.77,23.87,5202993,0
RIVN.US,D,20181003,000000,23.96,24.09,23.64,23.64,6163100,0
RIVN.US,D,20181004,000000,23.60,23.65,23.59,23.63,3647565,0
RIVN.US,D,20181005,000000,23.54,23.56,23.47,23.47,8492960,0
RIVN.US,D,20181008,000000,23.47,23.70,23.46,23.68,8512838,0
RIVN.US,D,20181008,000000,23.74,23.76,23.55,23.63,4402195,0
RIVN.US,D,20181008,000000,23.57,23.60,23.55,23.57,4953238,0
RIVN.US,D,20181009,000000,23.51,23.54,23.36,23.43,4180913,0
RIVN.US,D,20181010,000000,23.43,23.54,23.23,23.25,6893980,0
RIVN.US,D,20181011,000000,23.24,23.54,23.23,23.44,8334833,0
RIVN.US,D,20181012,000000,23.54,23.58,23.38,23.38,8739075,0
RIVN.US,D,20181015,000000,23.41,23.42,23.34,23.36,4409018,0
RIVN.US,D,20181015,000000,23.35,23.44,23.35,23.43,6097874,0
RIVN.US,D,20181015,000000,23.45,23.56,23.41,23.53,5070168,0
RIVN.US,D,20181016,000000,23.46,23.56,23.44,23.52,4239741,0
RIVN.US,D,20181017,000000,23.53,23.55,23.42,23.44,8955834,0
RIVN.US,D,20181018,000000,23.49,23.53,23.45,23.46,5471561,0
RIVN.US,D,20181019,000000,23.54,23.56,22.93,23.16,6562554,0
RIVN.US,D,20181022,000000,23.17,23.21,23.09,23.11,7861606,0
RIVN.US,D,20181022,000000,23.13,23.91,23.02,23.57,7615089,0
RIVN.US,D,20181022,000000,23.55,23.57,23.27,23.37,3305052,0
RIVN.US,D,20181023,000000,23.43,23.77,23.42,23.72,3467164,0
RIVN.US,D,20181024,000000,23.62,24.11,23.46,24.06,8115834,0
RIVN.US,D,20181025,000000,24.13,24.50,24.02,24.44,5288961,0
RIVN.US,D,20181026,000000,24.47,24.90,24.43,24.80,7613754,0
RIVN.US,D,20181029,000000,24.83,25.05,24.82,24.95,5126117,0
RIVN.US,D,20181029,000000,25.01,25.05,24.69,24.75,3003886,0
RIVN.US,D,20181029,000000,24.75,24.77,24.65,24.67,4787887,0
RIVN.US,D,20181030,000000,24.73,24.82,24.72,24.81,3167974,0
RIVN.US,D,20181031,000000,24.78,24.83,24.01,24.27,3766526,0
RIVN.US,D,20181101,000000,24.33,24.34,24.21,24.24,7775128,0
RIVN.US,D,20181102,000000,24.29,24.30,24.22,24.28,5472742,0
RIVN.US,D,20181105,000000,24.34,24.49,24.31,24.49,3283693,0
RIVN.US,D,20181105,000000,24.49,24.51,24.31,24.33,7413976,0
RIVN.US,D,20181105,000000,24.30,24.32,24.26,24.26,8496869,0
RIVN.US,D,20181106,000000,24.33,24.68,24.31,24.52,6574746,0
RIVN.US,D,20181107,000000,24.53,24.59,24.40,24.42,8833574,0
RIVN.US,D,20181108,000000,24.43,24.44,24.37,24.40,6114637,0
RIVN.US,D,20181109,000000,24.45,24.48,24.35,24.38,5827336,0
RIVN.US,D,20181112,000000,24.43,24.51,24.42,24.49,4307173,0
RIVN.US,D,20181112,000000,24.47,24.47,24.32,24.33,8280917,0
RIVN.US,D,20181112,000000,24.30,24.54,24.27,24.52,3755221,0
RIVN.US,D,20181113,000000,24.59,24.62,24.52,24.55,7797037,0
RIVN.US,D,20181114,000000,24.58,24.59,24.50,24.53,7434761,0
RIVN.US,D,20181115,000000,24.49,24.53,24.36,24.37,8134350,0
RIVN.US,D,20181116,000000,24.36,24.53,24.30,24.51,4776496,0
RIVN.US,D,20181119,000000,24.55,24.56,24.31,24.38,3192851,0
RIVN.US,D,20181119,000000,24.45,24.49,24.45,24.48,6683795,0
RIVN.US,D,20181119,000000,24.50,24.53,24.49,24.52,7172421,0
RIVN.US,D,20181120,000000,24.49,24.90,24.32,24.86,6461257,0
RIVN.US,D,20181121,000000,24.84,24.84,24.67,24.68,5701928,0
RIVN.US,D,20181122,000000,24.66,24.79,24.63,24.74,6644516,0
RIVN.US,D,20181123,000000,24.74,24.75,24.69,24.70,3661377,0
RIVN.US,D,20181126,000000,24.74,24.84,24.73,24.77,5080746,0
RIVN.US,D,20181126,000000,24.77,24.78,24.57,24.59,4839099,0
RIVN.US,D,20181126,000000,24.65,24.81,24.58,24.74,8733896,0
RIVN.US,D,20181127,000000,24.76,24.76,24.71,24.72,8576841,0
RIVN.US,D,20181128,000000,24.68,24.90,24.66,24.87,3500357,0
RIVN.US,D,20181129,000000,24.94,24.97,24.80,24.81,6608835,0
RIVN.US,D,20181130,000000,24.89,25.00,24.60,24.66,3903526,0
RIVN.US,D,20181203,000000,24.68,24.96,24.67,24.91,7311094,0
RIVN.US,D,20181203,000000,24.98,25.21,24.97,25.21,7136763,0
RIVN.US,D,20181203,000000,25.23,25.45,24.39,24.53,4880676,0
RIVN.US,D,20181204,000000,24.61,24.87,24.56,24.84,6927427,0
RIVN.US,D,20181205,000000,24.89,25.08,24.86,25.02,8176116,0
RIVN.US,D,20181206,000000,25.26,25.27,24.96,25.11,6711615,0
RIVN.US,D,20181207,000000,25.01,26.43,24.95,25.71,4213064,0
RIVN.US,D,20181210,000000,25.68,26.23,25.52,26.18,5549663,0
RIVN.US,D,20181210,000000,26.20,26.24,26.19,26.24,4348255,0
RIVN.US,D,20181210,000000,26.42,26.42,25.23,25.94,6578242,0
RIVN.US,D,20181211,000000,26.05,26.90,25.83,26.74,3757671,0
RIVN.US,D,20181212,000000,26.55,27.00,26.52,26.98,4756943,0
RIVN.US,D,20181213,000000,26.90,26.93,26.46,26.55,5588706,0
RIVN.US,D,20181214,000000,26.59,26.91,26.49,26.91,3981744,0
RIVN.US,D,20181217,000000,27.02,27.22,26.85,27.08,7305053,0
RIVN.US,D,20181217,000000,27.08,27.49,27.00,27.37,6239198,0
RIVN.US,D,20181217,000000,27.69,27.72,26.86,26.92,8346978,0
RIVN.US,D,20181218,000000,26.89,27.52,26.81,27.34,3364618,0
RIVN.US,D,20181219,000000,27.55,27.61,27.32,27.45,8746853,0
RIVN.US,D,20181220,000000,27.40,27.58,27.38,27.53,3931838,0
RIVN.US,D,20181221,000000,27.57,27.63,26.89,27.04,7023732,0
RIVN.US,D,20181224,000000,27.05,27.09,26.98,27.01,4513534,0
RIVN.US,D,20181224,000000,26.90,27.20,26.90,26.99,5898913,0
RIVN.US,D,20181224,000000,26.99,27.00,26.99,26.99,3178363,0
RIVN.US,D,20181225,000000,27.10,27.13,27.06,27.13,6466952,0
RIVN.US,D,20181226,000000,27.06,27.08,26.48,26.51,3567784,0
RIVN.US,D,20181227,000000,26.36,26.37,26.24,26.27,8710613,0
RIVN.US,D,20181228,000000,26.21,26.23,25.94,25.96,3038835,0
RIVN.US,D,20181231,000000,25.89,25.89,25.63,25.71,5725275,0
RIVN.US,D,20181231,000000,25.63,25.80,25.50,25.78,5473114,0
RIVN.US,D,20181231,000000,25.77,25.79,25.60,25.61,4041767,0
RIVN.US,D,20190101,000000,25.59,25.65,25.37,25.49,5957721,0
RIVN.US,D,20190102,000000,25.37,25.38,25.30,25.32,6871917,0
RIVN.US,D,20190103,000000,25.32,25.38,24.75,24.84,3011453,0
RIVN.US,D,20190104,000000,24.87,24.89,24.55,24.56,4413278,0
RIVN.US,D,20190107,000000,24.60,24.63,24.54,24.55,3503316,0
RIVN.US,D,20190107,000000,24.64,24.69,24.51,24.53,7242705,0
RIVN.US,D,20190107,000000,24.48,24.65,24.45,24.59,5479822,0
RIVN.US,D,20190108,000000,24.62,24.71,24.41,24.48,4223089,0
RIVN.US,D,20190109,000000,24.41,24.52,24.36,24.49,5722810,0
RIVN.US,D,20190110,000000,24.42,24.45,24.05,24.12,3396918,0
RIVN.US,D,20190111,000000,24.09,24.85,24.01,24.58,6809969,0
RIVN.US,D,20190114,000000,24.61,24.69,24.56,24.68,8095195,0
RIVN.US,D,20190114,000000,24.64,24.74,24.30,24.31,5999219,0
RIVN.US,D,20190114,000000,24.05,25.01,23.90,24.74,4493044,0
RIVN.US,D,20190115,000000,24.77,24.82,24.00,24.19,6996520,0
RIVN.US,D,20190116,000000,24.14,24.84,24.09,24.61,4642646,0
RIVN.US,D,20190117,000000,24.52,24.67,24.46,24.62,8612924,0
RIVN.US,D,20190118,000000,24.52,24.73,24.51,24.61,5117543,0
RIVN.US,D,20190121,000000,24.76,25.50,24.74,25.19,4774282,0
RIVN.US,D,20190121,000000,25.22,25.29,25.17,25.25,6586929,0
RIVN.US,D,20190121,000000,25.30,25.41,23.72,23.85,7945637,0
RIVN.US,D,20190122,000000,23.73,24.84,23.51,24.83,4115488,0
RIVN.US,D,20190123,000000,24.66,24.67,24.62,24.64,4972971,0
RIVN.US,D,20190124,000000,24.53,24.89,24.40,24.74,4711160,0
RIVN.US,D,20190125,000000,24.69,25.28,24.66,25.08,8484231,0
RIVN.US,D,20190128,000000,25.10,25.71,25.08,25.61,8065080,0
RIVN.US,D,20190128,000000,25.41,25.51,25.15,25.16,8831517,0
RIVN.US,D,20190128,000000,25.15,25.22,24.95,24.95,3377672,0
RIVN.US,D,20190129,000000,24.84,24.93,24.30,24.42,4124486,0
RIVN.US,D,20190130,000000,24.61,24.65,24.30,24.32,4817852,0
RIVN.US,D,20190131,000000,24.28,24.34,23.92,24.07,7604122,0
RIVN.US,D,20190201,000000,24.30,24.51,23.74,23.94,7606089,0
RIVN.US,D,20190204,000000,24.20,24.28,24.17,24.20,5075491,0
RIVN.US,D,20190204,000000,24.25,24.29,23.94,23.95,4707294,0
RIVN.US,D,20190204,000000,23.63,23.91,23.58,23.89,8864684,0
RIVN.US,D,20190205,000000,24.00,24.00,23.83,23.88,7876538,0
RIVN.US,D,20190206,000000,23.49,23.49,23.41,23.43,8878140,0
RIVN.US,D,20190207,000000,23.30,24.33,23.26,24.23,4503979,0
RIVN.US,D,20190208,000000,23.93,24.55,23.79,24.38,7596983,0
RIVN.US,D,20190211,000000,24.65,24.85,24.24,24.34,6802756,0
RIVN.US,D,20190211,000000,24.49,25.02,22.28,22.65,7233858,0
RIVN.US,D,20190211,000000,22.85,23.12,22.83,23.08,3555960,0
RIVN.US,D,20190212,000000,23.12,23.22,21.96,22.17,4592601,0
RIVN.US,D,20190213,000000,22.24,22.32,22.00,22.00,5313128,0
RIVN.US,D,20190214,000000,22.17,22.64,22.14,22.52,6989326,0
RIVN.US,D,20190215,000000,22.62,22.88,22.60,22.73,7609064,0
RIVN.US,D,20190218,000000,22.76,22.88,22.30,22.39,6625856,0
RIVN.US,D,20190218,000000,22.40,22.71,21.63,21.85,3337507,0
RIVN.US,D,20190218,000000,21.81,21.94,21.79,21.93,5918598,0
RIVN.US,D,20190219,000000,22.16,22.22,22.14,22.22,3852330,0
RIVN.US,D,20190220,000000,22.15,22.25,21.63,21.72,6693709,0
RIVN.US,D,20190221,000000,21.75,22.35,21.69,22.13,3581349,0
RIVN.US,D,20190222,000000,22.10,22.69,22.08,22.64,3676271,0
RIVN.US,D,20190225,000000,22.98,23.05,22.94,22.94,3626135,0
RIVN.US,D,20190225,000000,23.12,23.23,22.92,22.97,8565142,0
RIVN.US,D,20190225,000000,23.15,23.26,22.66,22.77,4488042,0
RIVN.US,D,20190226,000000,22.80,22.86,22.51,22.61,4699694,0
RIVN.US,D,20190227,000000,22.69,23.36,22.60,23.32,8083258,0
RIVN.US,D,20190228,000000,23.46,23.67,23.46,23.62,3737837,0
RIVN.US,D,20190301,000000,23.58,23.66,23.35,23.45,5979226,0
RIVN.US,D,20190304,000000,23.44,23.58,22.76,22.98,6762087,0
RIVN.US,D,20190304,000000,23.05,23.20,22.36,22.51,7662572,0
RIVN.US,D,20190304,000000,22.71,22.94,22.69,22.91,8995912,0
RIVN.US,D,20190305,000000,22.68,22.86,21.99,22.07,14998156,0
RIVN.US,D,20190306,000000,21.82,22.04,20.98,21.20,15031592,0
RIVN.US,D,20190307,000000,21.24,21.26,20.04,20.40,16958291,0
RIVN.US,D,20190308,000000,20.43,20.58,19.16,19.41,16087347,0
RIVN.US,D,20190311,000000,19.43,20.01,18.46,18.59,17524398,0
RIVN.US,D,20190311,000000,18.75,18.96,17.69,17.85,24849251,0
RIVN.US,D,20190311,000000,18.10,18.34,16.56,16.70,26195966,0
RIVN.US,D,20190312,000000,16.61,16.91,16.00,16.02,23574950,0
RIVN.US,D,20190313,000000,16.20,16.59,14.76,15.00,12275147,0
RIVN.US,D,20190314,000000,14.64,14.98,13.95,13.96,30141409,0
RIVN.US,D,20190315,000000,14.22,14.56,12.86,13.17,18854472,0
RIVN.US,D,20190318,000000,13.18,13.50,12.08,12.13,40137146,0
RIVN.US,D,20190318,000000,12.00,12.06,11.22,11.28,35300029,0
RIVN.US,D,20190318,000000,11.17,11.25,10.99,11.02,6005169,0
RIVN.US,D,20190319,000000,10.97,11.05,10.14,10.43,3831612,0
RIVN.US,D,20190320,000000,10.66,10.69,10.48,10.53,5763691,0
RIVN.US,D,20190321,000000,10.63,10.92,10.58,10.86,3589836,0
RIVN.US,D,20190322,000000,10.79,11.29,10.67,11.07,4609265,0
RIVN.US,D,20190325,000000,11.04,11.12,10.68,10.71,5892115,0
RIVN.US,D,20190325,000000,10.58,11.51,10.37,11.20,7469883,0
RIVN.US,D,20190325,000000,11.52,11.67,11.33,11.67,6583635,0
RIVN.US,D,20190326,000000,11.67,12.60,11.50,12.08,7846313,0
RIVN.US,D,20190327,000000,12.13,12.41,12.06,12.39,3104647,0
RIVN.US,D,20190328,000000,12.34,12.34,11.98,12.05,7972155,0
RIVN.US,D,20190329,000000,12.02,12.04,11.32,11.47,8656528,0
RIVN.US,D,20190401,000000,11.51,11.75,10.96,11.09,4978919,0
RIVN.US,D,20190401,000000,10.95,11.01,10.29,10.51,6888543,0
RIVN.US,D,20190401,000000,10.09,10.52,10.09,10.37,4413183,0
RIVN.US,D,20190402,000000,10.32,10.84,10.12,10.78,6762201,0
RIVN.US,D,20190403,000000,11.13,11.18,10.66,11.05,3795287,0
RIVN.US,D,20190404,000000,10.95,11.03,10.62,10.67,4815508,0
RIVN.US,D,20190405,000000,10.48,10.52,9.90,10.06,4010093,0
RIVN.US,D,20190408,000000,9.95,11.53,9.70,10.92,6189565,0
RIVN.US,D,20190408,000000,10.95,10.99,10.85,10.85,5246163,0
RIVN.US,D,20190408,000000,11.19,11.21,11.05,11.08,8418665,0
RIVN.US,D,20190409,000000,11.40,11.67,10.58,10.86,5895351,0
RIVN.US,D,20190410,000000,10.84,10.90,10.78,10.84,7846169,0
RIVN.US,D,20190411,000000,10.65,11.52,10.00,11.51,7415902,0
RIVN.US,D,20190412,000000,11.24,12.79,10.67,12.74,7103422,0
RIVN.US,D,20190415,000000,12.88,13.64,12.70,13.15,8708318,0
RIVN.US,D,20190415,000000,13.17,13.65,11.10,11.42,5052693,0
RIVN.US,D,20190415,000000,11.47,11.97,11.39,11.68,7385083,0
RIVN.US,D,20190416,000000,11.49,11.61,10.59,11.02,3493923,0
RIVN.US,D,20190417,000000,10.94,11.04,10.62,10.79,6835317,0
RIVN.US,D,20190418,000000,10.69,11.57,10.53,11.47,4770919,0
RIVN.US,D,20190419,000000,11.63,11.95,10.87,11.05,6934516,0
RIVN.US,D,20190422,000000,11.02,11.03,10.84,10.92,5960119,0
RIVN.US,D,20190422,000000,11.01,11.09,10.48,10.53,8871822,0
RIVN.US,D,20190422,000000,10.55,10.81,10.53,10.75,6430133,0
RIVN.US,D,20190423,000000,10.72,11.01,10.71,10.91,4494376,0
RIVN.US,D,20190424,000000,11.05,11.30,10.92,11.28,6676777,0
RIVN.US,D,20190425,000000,11.28,11.72,11.27,11.67,5006879,0
RIVN.US,D,20190426,000000,11.82,12.42,11.74,12.22,8364669,0
RIVN.US,D,20190429,000000,12.41,12.46,11.52,11.83,8526801,0
RIVN.US,D,20190429,000000,11.95,11.96,11.57,11.70,3606094,0
RIVN.US,D,20190429,000000,11.76,11.90,11.73,11.87,3869647,0
RIVN.US,D,20190430,000000,12.04,12.09,11.58,11.58,4405578,0
RIVN.US,D,20190501,000000,11.91,12.11,11.87,12.05,7494188,0
RIVN.US,D,20190502,000000,11.98,12.03,11.56,11.68,6587135,0
RIVN.US,D,20190503,000000,11.80,11.83,10.85,11.00,8394077,0
RIVN.US,D,20190506,000000,10.87,12.24,10.64,12.06,8579295,0
RIVN.US,D,20190506,000000,12.22,12.30,12.21,12.22,3760078,0
RIVN.US,D,20190506,000000,12.23,12.27,11.85,11.98,5935305,0
RIVN.US,D,20190507,000000,12.16,14.03,12.16,13.41,4763834,0
RIVN.US,D,20190508,000000,13.54,13.73,12.36,12.58,8308024,0
RIVN.US,D,20190509,000000,12.43,12.56,11.83,12.17,3326220,0
RIVN.US,D,20190510,000000,12.16,12.17,11.96,12.03,5718381,0
RIVN.US,D,20190513,000000,11.88,11.91,11.69,11.76,7783319,0
RIVN.US,D,20190513,000000,11.32,11.91,11.27,11.73,5886445,0
RIVN.US,D,20190513,000000,11.52,11.74,11.41,11.67,7214419,0
RIVN.US,D,20190514,000000,11.62,11.98,11.51,11.83,8842571,0
RIVN.US,D,20190515,000000,11.71,12.97,11.68,12.57,8457459,0
RIVN.US,D,20190516,000000,12.67,13.39,12.45,13.23,3835755,0
RIVN.US,D,20190517,000000,13.41,13.47,12.88,12.90,5562178,0
RIVN.US,D,20190520,000000,12.62,12.80,11.90,11.96,3518741,0
RIVN.US,D,20190520,000000,11.91,12.79,11.89,12.68,3327904,0
RIVN.US,D,20190520,000000,12.66,12.70,12.36,12.46,5486886,0
RIVN.US,D,20190521,000000,12.51,12.56,11.57,11.65,7436029,0
RIVN.US,D,20190522,000000,11.20,12.83,11.15,12.09,5948204,0
RIVN.US,D,20190523,000000,12.06,13.42,11.74,13.30,6122924,0
RIVN.US,D,20190524,000000,13.29,14.85,13.05,14.80,5809733,0
RIVN.US,D,20190527,000000,14.48,14.91,14.46,14.83,3536284,0
RIVN.US,D,20190527,000000,14.88,15.63,14.70,15.35,5957826,0
RIVN.US,D,20190527,000000,15.13,15.27,14.57,15.07,5146022,0
RIVN.US,D,20190528,000000,15.02,16.69,14.83,16.60,5564084,0
RIVN.US,D,20190529,000000,16.38,17.64,16.18,17.53,6220981,0
RIVN.US,D,20190530,000000,17.55,17.78,17.40,17.45,8758394,0
RIVN.US,D,20190531,000000,18.01,18.06,16.78,17.34,6498084,0
RIVN.US,D,20190603,000000,17.47,17.74,16.43,16.49,8941020,0
RIVN.US,D,20190603,000000,16.13,16.69,15.84,16.58,7942163,0
RIVN.US,D,20190603,000000,16.45,17.40,15.89,17.08,6681626,0
RIVN.US,D,20190604,000000,16.94,17.42,16.63,17.41,7164609,0
RIVN.US,D,20190605,000000,17.21,17.79,17.09,17.60,3749941,0
RIVN.US,D,20190606,000000,17.35,17.48,16.55,16.78,8379967,0
RIVN.US,D,20190607,000000,16.72,18.31,16.08,18.05,5129717,0
RIVN.US,D,20190610,000000,17.91,20.92,17.84,19.51,8764201,0
RIVN.US,D,20190610,000000,19.49,20.27,19.11,20.02,6094140,0
RIVN.US,D,20190610,000000,19.64,19.81,19.48,19.73,8569792,0
RIVN.US,D,20190611,000000,19.70,19.84,19.24,19.30,7234768,0
RIVN.US,D,20190612,000000,18.85,19.05,16.50,16.84,8430596,0
RIVN.US,D,20190613,000000,16.73,16.79,15.36,15.73,4927403,0
RIVN.US,D,20190614,000000,16.00,16.23,15.89,16.09,3187896,0
RIVN.US,D,20190617,000000,15.98,16.70,15.82,16.43,5191615,0
RIVN.US,D,20190617,000000,16.53,16.85,16.47,16.80,6604506,0
RIVN.US,D,20190617,000000,17.03,17.28,15.84,16.04,7203600,0
RIVN.US,D,20190618,000000,16.30,16.50,14.68,15.00,3630092,0
RIVN.US,D,20190619,000000,14.84,14.87,14.35,14.52,3752309,0
RIVN.US,D,20190620,000000,14.52,14.84,13.06,13.44,3467714,0
RIVN.US,D,20190621,000000,13.30,13.89,13.09,13.79,7289257,0
RIVN.US,D,20190624,000000,13.88,14.75,13.25,14.70,8251287,0
RIVN.US,D,20190624,000000,14.55,14.74,13.97,14.08,4438134,0
RIVN.US,D,20190624,000000,14.40,15.19,14.36,14.86,4538804,0
RIVN.US,D,20190625,000000,15.09,15.85,14.88,15.71,8995934,0
RIVN.US,D,20190626,000000,15.48,15.54,15.01,15.16,4156803,0
RIVN.US,D,20190627,000000,14.84,14.96,13.83,14.22,5730772,0
RIVN.US,D,20190628,000000,14.08,15.02,13.88,14.90,4913195,0
RIVN.US,D,20190701,000000,14.99,16.29,14.96,16.25,8257157,0
RIVN.US,D,20190701,000000,16.40,18.13,16.02,17.40,3515942,0
RIVN.US,D,20190701,000000,17.22,18.06,17.21,18.03,6542858,0
RIVN.US,D,20190702,000000,18.26,20.62,17.75,19.96,6491795,0
RIVN.US,D,20190703,000000,20.49,20.68,16.19,17.58,7592698,0
RIVN.US,D,20190704,000000,17.77,18.74,17.74,18.64,3873393,0
RIVN.US,D,20190705,000000,18.67,19.94,18.56,19.26,5440873,0
RIVN.US,D,20190708,000000,19.43,19.70,18.40,18.47,7122712,0
RIVN.US,D,20190708,000000,18.37,18.49,18.37,18.38,4991041,0
RIVN.US,D,20190708,000000,18.52,18.54,17.56,18.08,4357695,0
RIVN.US,D,20190709,000000,18.17,18.25,17.90,17.91,4179710,0
RIVN.US,D,20190710,000000,17.93,17.95,17.35,17.36,6735260,0
RIVN.US,D,20190711,000000,17.38,17.46,17.23,17.32,7342877,0
RIVN.US,D,20190712,000000,17.33,17.64,15.79,16.08,7701394,0
RIVN.US,D,20190715,000000,16.21,16.35,15.75,15.87,3799666,0
RIVN.US,D,20190715,000000,15.81,15.98,15.14,15.16,8063300,0
RIVN.US,D,20190715,000000,15.27,15.61,15.18,15.44,8701050,0
RIVN.US,D,20190716,000000,15.51,15.82,14.22,14.38,5691002,0
RIVN.US,D,20190717,000000,14.24,14.31,13.71,13.89,8268397,0
RIVN.US,D,20190718,000000,14.00,14.13,13.49,13.58,3957703,0
RIVN.US,D,20190719,000000,13.61,13.65,13.43,13.53,5642301,0
RIVN.US,D,20190722,000000,13.61,13.68,13.24,13.32,4137055,0
RIVN.US,D,20190722,000000,13.29,13.29,13.01,13.05,7544833,0
RIVN.US,D,20190722,000000,12.89,12.94,12.43,12.49,6081220,0
RIVN.US,D,20190723,000000,12.28,12.83,12.07,12.78,5082695,0
RIVN.US,D,20190724,000000,12.89,12.94,12.88,12.92,8361889,0
RIVN.US,D,20190725,000000,12.94,12.99,12.81,12.86,6595229,0
RIVN.US,D,20190726,000000,12.85,13.22,12.79,13.13,5425649,0
RIVN.US,D,20190729,000000,13.06,13.33,12.34,12.44,6510586,0
RIVN.US,D,20190729,000000,12.40,13.16,12.08,13.08,6676720,0
RIVN.US,D,20190729,000000,13.22,13.30,12.39,12.67,5409158,0
RIVN.US,D,20190730,000000,12.50,13.54,12.42,13.31,7896651,0
RIVN.US,D,20190731,000000,13.23,13.27,12.98,13.10,5909886,0
RIVN.US,D,20190801,000000,12.92,13.74,12.87,13.59,8447142,0
RIVN.US,D,20190802,000000,13.67,13.82,12.93,13.07,4960234,0
RIVN.US,D,20190805,000000,12.97,13.03,12.50,12.53,3671863,0
RIVN.US,D,20190805,000000,12.47,12.49,12.41,12.48,6255964,0
RIVN.US,D,20190805,000000,12.30,12.58,12.30,12.47,4131232,0
RIVN.US,D,20190806,000000,12.38,12.89,12.36,12.86,5446551,0
RIVN.US,D,20190807,000000,13.05,13.12,12.71,12.72,3742978,0
RIVN.US,D,20190808,000000,12.64,13.55,12.58,13.20,3784218,0
RIVN.US,D,20190809,000000,13.23,13.29,13.16,13.22,7571586,0
RIVN.US,D,20190812,000000,13.42,14.19,13.26,13.91,3742568,0
RIVN.US,D,20190812,000000,13.92,14.41,13.69,14.30,8754900,0
RIVN.US,D,20190812,000000,14.23,15.22,14.03,14.94,4725666,0
RIVN.US,D,20190813,000000,14.74,14.83,14.40,14.45,3017887,0
RIVN.US,D,20190814,000000,14.53,14.64,14.52,14.60,6539511,0
RIVN.US,D,20190815,000000,14.46,14.97,14.37,14.95,4048980,0
RIVN.US,D,20190816,000000,15.09,15.12,14.97,15.01,6953879,0
RIVN.US,D,20190819,000000,15.20,15.44,15.02,15.33,7915070,0
RIVN.US,D,20190819,000000,15.24,15.31,15.11,15.19,5205306,0
RIVN.US,D,20190819,000000,14.79,16.06,14.13,15.97,4713683,0
RIVN.US,D,20190820,000000,16.02,16.05,15.15,15.24,3547654,0
RIVN.US,D,20190821,000000,15.34,15.36,15.32,15.33,7077045,0
RIVN.US,D,20190822,000000,15.54,15.58,14.72,14.94,8507755,0
RIVN.US,D,20190823,000000,14.70,16.22,14.56,16.04,3451496,0
RIVN.US,D,20190826,000000,15.90,16.36,15.82,16.36,4633907,0
RIVN.US,D,20190826,000000,16.46,16.49,15.69,16.02,5897363,0
RIVN.US,D,20190826,000000,15.93,16.05,15.43,15.61,3831726,0
RIVN.US,D,20190827,000000,15.90,15.94,15.36,15.51,5074153,0
RIVN.US,D,20190828,000000,15.65,16.53,15.48,16.47,5634459,0
RIVN.US,D,20190829,000000,16.57,16.70,16.32,16.38,8215321,0
RIVN.US,D,20190830,000000,16.55,16.64,16.43,16.50,6503864,0
RIVN.US,D,20190902,000000,16.57,17.54,16.37,17.35,7564053,0
RIVN.US,D,20190902,000000,17.59,18.47,17.24,18.19,8602251,0
RIVN.US,D,20190902,000000,18.51,18.68,18.14,18.26,6280578,0
RIVN.US,D,20190903,000000,18.37,19.34,18.16,19.11,5106931,0
RIVN.US,D,20190904,000000,19.71,20.67,17.09,18.14,8299148,0
RIVN.US,D,20190905,000000,17.78,17.95,17.73,17.90,8573319,0
RIVN.US,D,20190906,000000,18.26,18.40,18.00,18.01,5426069,0
RIVN.US,D,20190909,000000,18.40,18.42,17.91,18.16,7611496,0
RIVN.US,D,20190909,000000,17.84,18.82,17.71,18.70,3564947,0
RIVN.US,D,20190909,000000,18.60,18.70,18.56,18.69,7661610,0
RIVN.US,D,20190910,000000,18.48,18.52,18.18,18.26,5434699,0
RIVN.US,D,20190911,000000,18.00,18.71,17.99,18.69,7017091,0
RIVN.US,D,20190912,000000,18.80,19.02,18.76,18.97,4935397,0
RIVN.US,D,20190913,000000,19.02,19.08,18.54,18.76,6160090,0
RIVN.US,D,20190916,000000,18.60,21.04,17.98,20.89,7634648,0
RIVN.US,D,20190916,000000,21.08,21.40,19.69,19.95,6144958,0
RIVN.US,D,20190916,000000,19.95,20.01,19.69,19.73,6403079,0
RIVN.US,D,20190917,000000,19.71,19.80,18.54,18.61,6138324,0
RIVN.US,D,20190918,000000,18.76,18.96,17.53,18.06,5558111,0
RIVN.US,D,20190919,000000,18.14,18.80,16.49,16.70,8307961,0
RIVN.US,D,20190920,000000,17.07,17.46,16.92,17.41,5963446,0
RIVN.US,D,20190923,000000,17.32,17.32,17.15,17.23,3194480,0
RIVN.US,D,20190923,000000,17.89,18.67,15.41,15.70,4387643,0
RIVN.US,D,20190923,000000,15.65,16.26,15.47,16.16,4504918,0
RIVN.US,D,20190924,000000,16.01,16.28,15.33,15.38,3550814,0
RIVN.US,D,20190925,000000,15.35,17.03,14.82,16.08,3188911,0
RIVN.US,D,20190926,000000,16.24,16.32,15.74,15.88,6968306,0
RIVN.US,D,20190927,000000,16.16,16.71,16.13,16.65,5349504,0
RIVN.US,D,20190930,000000,16.42,17.18,16.34,17.14,5665234,0
RIVN.US,D,20190930,000000,17.23,17.31,16.67,16.76,8838672,0
RIVN.US,D,20190930,000000,16.69,16.83,15.43,15.65,6962666,0
RIVN.US,D,20191001,000000,15.30,16.85,14.61,16.61,7894766,0
RIVN.US,D,20191002,000000,16.21,16.88,15.94,16.54,5615462,0
RIVN.US,D,20191003,000000,16.64,16.65,15.45,15.71,3166336,0
RIVN.US,D,20191004,000000,15.40,17.51,14.77,17.51,4058190,0
RIVN.US,D,20191007,000000,17.57,18.27,17.50,18.12,3316198,0
RIVN.US,D,20191007,000000,17.80,19.37,17.70,18.83,4294539,0
RIVN.US,D,20191007,000000,18.97,20.45,18.81,20.33,7500327,0
RIVN.US,D,20191008,000000,20.18,25.21,19.20,24.57,7951035,0
RIVN.US,D,20191009,000000,24.10,24.20,22.34,22.65,8753130,0
RIVN.US,D,20191010,000000,22.51,22.55,22.27,22.36,6011549,0
RIVN.US,D,20191011,000000,22.62,22.94,22.58,22.87,5634615,0
RIVN.US,D,20191014,000000,23.38,23.56,22.51,22.60,7147519,0
RIVN.US,D,20191014,000000,23.41,24.33,23.37,24.27,5908326,0
RIVN.US,D,20191014,000000,23.11,24.49,22.81,24.17,8379234,0
RIVN.US,D,20191015,000000,24.53,24.91,23.91,24.09,6934663,0
RIVN.US,D,20191016,000000,24.34,26.97,23.85,25.98,5581686,0
RIVN.US,D,20191017,000000,26.10,27.95,25.50,27.46,6638858,0
RIVN.US,D,20191018,000000,27.62,28.53,27.56,28.26,4316292,0
RIVN.US,D,20191021,000000,28.84,29.60,28.84,29.49,3507975,0
RIVN.US,D,20191021,000000,29.49,30.72,29.21,30.42,8827723,0
RIVN.US,D,20191021,000000,30.35,30.50,30.34,30.46,8334744,0
RIVN.US,D,20191022,000000,30.65,36.77,29.42,34.32,7369283,0
RIVN.US,D,20191023,000000,33.78,34.71,33.51,34.66,6176983,0
RIVN.US,D,20191024,000000,35.27,35.27,34.91,35.09,4015382,0
RIVN.US,D,20191025,000000,34.40,34.50,32.10,32.11,8423084,0
RIVN.US,D,20191028,000000,31.72,31.76,31.10,31.64,3065256,0
RIVN.US,D,20191028,000000,30.95,32.28,30.48,31.95,7332736,0
RIVN.US,D,20191028,000000,31.46,31.82,30.23,30.42,8155491,0
RIVN.US,D,20191029,000000,31.00,31.26,30.38,30.47,6707988,0
RIVN.US,D,20191030,000000,31.53,31.71,30.95,31.01,4841815,0
RIVN.US,D,20191031,000000,29.93,35.13,28.44,33.47,4642515,0
RIVN.US,D,20191101,000000,33.42,33.83,32.87,33.06,6914939,0
RIVN.US,D,20191104,000000,32.86,33.50,32.85,32.94,6393490,0
RIVN.US,D,20191104,000000,33.00,33.63,30.81,31.48,8203162,0
RIVN.US,D,20191104,000000,31.74,31.91,30.10,30.58,4061976,0
RIVN.US,D,20191105,000000,30.14,30.30,30.14,30.24,7903292,0
RIVN.US,D,20191106,000000,30.46,30.65,27.50,28.38,8877687,0
RIVN.US,D,20191107,000000,27.77,29.28,27.03,29.10,3710700,0
RIVN.US,D,20191108,000000,29.70,30.49,29.69,30.46,5785790,0
RIVN.US,D,20191111,000000,30.28,33.23,29.76,32.94,6062588,0
RIVN.US,D,20191111,000000,32.90,32.95,31.62,31.99,6740635,0
RIVN.US,D,20191111,000000,31.45,31.60,31.39,31.57,5840583,0
RIVN.US,D,20191112,000000,30.93,35.48,30.87,33.52,6767605,0
RIVN.US,D,20191113,000000,33.33,34.53,33.27,34.31,5422264,0
RIVN.US,D,20191114,000000,33.76,34.13,33.64,34.07,4263723,0
RIVN.US,D,20191115,000000,33.96,34.51,33.55,34.17,6039225,0
RIVN.US,D,20191118,000000,34.79,36.07,30.81,31.51,8579987,0
RIVN.US,D,20191118,000000,30.91,31.86,30.34,31.85,3433621,0
RIVN.US,D,20191118,000000,31.56,31.85,30.87,30.93,3976920,0
RIVN.US,D,20191119,000000,31.15,31.26,30.75,30.79,3674065,0
RIVN.US,D,20191120,000000,31.53,35.55,31.08,34.03,8421936,0
RIVN.US,D,20191121,000000,33.51,35.14,33.38,34.66,5453679,0
RIVN.US,D,20191122,000000,34.77,38.84,34.29,38.01,5742301,0
RIVN.US,D,20191125,000000,37.46,37.55,36.52,36.95,4477475,0
RIVN.US,D,20191125,000000,37.40,39.93,36.88,39.29,7493290,0
RIVN.US,D,20191125,000000,38.80,39.17,37.53,37.83,6997040,0
RIVN.US,D,20191126,000000,37.77,37.79,35.58,35.92,3267428,0
RIVN.US,D,20191127,000000,35.61,35.87,34.90,35.24,8424049,0
RIVN.US,D,20191128,000000,34.64,36.90,33.58,36.46,7799504,0
RIVN.US,D,20191129,000000,35.73,41.71,33.79,41.05,3152192,0
RIVN.US,D,20191202,000000,41.58,41.70,40.80,41.08,6209342,0
RIVN.US,D,20191202,000000,40.68,41.21,40.64,41.19,7610366,0
RIVN.US,D,20191202,000000,40.79,40.97,38.93,39.12,7310553,0
RIVN.US,D,20191203,000000,39.02,40.72,38.99,40.13,5894232,0
RIVN.US,D,20191204,000000,40.11,40.36,39.77,39.94,7048442,0
RIVN.US,D,20191205,000000,39.79,41.64,39.58,41.22,3446382,0
RIVN.US,D,20191206,000000,40.84,41.03,40.81,40.99,8765082,0
RIVN.US,D,20191209,000000,39.91,40.17,39.86,40.04,8849475,0
RIVN.US,D,20191209,000000,39.64,44.64,39.26,43.91,7524539,0
RIVN.US,D,20191209,000000,44.39,46.67,43.67,44.57,8419371,0
RIVN.US,D,20191210,000000,43.90,45.89,42.52,45.35,8279155,0
RIVN.US,D,20191211,000000,45.48,45.77,44.25,44.85,5859362,0
RIVN.US,D,20191212,000000,44.19,47.74,44.10,46.33,3030237,0
RIVN.US,D,20191213,000000,46.17,47.97,45.86,47.46,3360878,0
RIVN.US,D,20191216,000000,46.88,52.40,45.92,50.14,7705817,0
RIVN.US,D,20191216,000000,49.87,50.37,46.66,47.05,4595317,0
RIVN.US,D,20191216,000000,47.18,48.23,44.83,44.83,7475824,0
RIVN.US,D,20191217,000000,44.54,44.58,44.03,44.21,4602159,0
RIVN.US,D,20191218,000000,43.67,45.77,43.35,44.78,8637249,0
RIVN.US,D,20191219,000000,45.03,45.63,44.84,45.28,8662769,0
RIVN.US,D,20191220,000000,45.49,49.35,44.15,48.72,4928646,0
RIVN.US,D,20191223,000000,49.25,49.70,46.94,47.35,7822881,0
RIVN.US,D,20191223,000000,46.76,46.78,46.72,46.75,8931037,0
RIVN.US,D,20191223,000000,47.02,47.05,46.31,46.48,4878274,0
RIVN.US,D,20191224,000000,46.50,47.07,46.24,46.93,3029811,0
RIVN.US,D,20191225,000000,46.98,47.18,45.76,46.49,4467592,0
RIVN.US,D,20191226,000000,46.64,47.03,43.63,43.64,5849284,0
RIVN.US,D,20191227,000000,43.86,44.13,43.19,43.32,8289439,0
RIVN.US,D,20191230,000000,43.31,43.99,43.27,43.95,3261403,0
RIVN.US,D,20191230,000000,43.55,45.54,43.18,44.57,3853794,0
RIVN.US,D,20191230,000000,44.66,44.70,43.83,43.90,7402710,0
RIVN.US,D,20191231,000000,43.75,43.90,43.68,43.84,5727142,0
RIVN.US,D,20200101,000000,43.51,44.70,43.42,44.40,4329557,0
RIVN.US,D,20200102,000000,44.30,44.49,44.23,44.44,4000905,0
RIVN.US,D,20200103,000000,44.27,44.27,43.98,44.12,8954597,0
RIVN.US,D,20200106,000000,44.26,44.51,43.77,44.01,7483520,0
RIVN.US,D,20200106,000000,44.01,44.31,43.93,44.27,6192302,0
RIVN.US,D,20200106,000000,44.33,44.72,44.28,44.66,3828278,0
RIVN.US,D,20200107,000000,44.49,44.56,44.13,44.17,7154871,0
RIVN.US,D,20200108,000000,44.18,44.34,44.03,44.09,3649848,0
RIVN.US,D,20200109,000000,44.17,44.82,44.10,44.77,4734007,0
RIVN.US,D,20200110,000000,44.86,45.06,43.87,44.33,4718820,0
RIVN.US,D,20200113,000000,44.65,44.74,43.94,44.19,3400968,0
RIVN.US,D,20200113,000000,44.00,44.52,43.98,44.50,4827723,0
RIVN.US,D,20200113,000000,44.55,44.95,44.54,44.83,4430174,0
RIVN.US,D,20200114,000000,45.07,46.85,44.90,46.16,3096650,0
RIVN.US,D,20200115,000000,46.11,46.20,45.50,45.59,3762114,0
RIVN.US,D,20200116,000000,45.63,45.65,45.57,45.61,5017271,0
RIVN.US,D,20200117,000000,45.66,46.29,45.58,46.25,6286692,0
RIVN.US,D,20200120,000000,46.15,46.30,46.09,46.28,5952089,0
RIVN.US,D,20200120,000000,46.07,47.47,45.57,47.38,7457877,0
RIVN.US,D,20200120,000000,47.68,48.13,47.63,47.84,7522566,0
RIVN.US,D,20200121,000000,47.71,47.91,47.70,47.86,4118478,0
RIVN.US,D,20200122,000000,47.92,48.93,47.90,48.63,8933636,0
RIVN.US,D,20200123,000000,48.72,49.98,48.46,49.90,8506793,0
RIVN.US,D,20200124,000000,49.91,52.39,48.95,52.22,5980923,0
RIVN.US,D,20200127,000000,52.00,52.95,49.40,50.49,4012525,0
RIVN.US,D,20200127,000000,50.44,50.73,50.33,50.57,5752499,0
RIVN.US,D,20200127,000000,50.74,51.01,50.25,50.43,4144155,0
RIVN.US,D,20200128,000000,50.35,50.47,50.04,50.14,7848660,0
RIVN.US,D,20200129,000000,49.99,51.63,49.98,51.47,6943657,0
RIVN.US,D,20200130,000000,52.00,52.33,49.03,49.49,7380526,0
RIVN.US,D,20200131,000000,49.45,49.53,48.96,49.16,6549939,0
RIVN.US,D,20200203,000000,49.23,52.51,49.22,51.49,5371900,0
RIVN.US,D,20200203,000000,51.95,52.26,51.00,51.07,7900121,0
RIVN.US,D,20200203,000000,51.66,51.84,51.62,51.74,4530022,0
RIVN.US,D,20200204,000000,51.92,52.03,51.91,51.97,7099775,0
RIVN.US,D,20200205,000000,52.27,52.37,52.03,52.18,3181510,0
RIVN.US,D,20200206,000000,52.22,52.71,49.66,51.26,7081875,0
RIVN.US,D,20200207,000000,51.37,52.92,51.17,52.35,4158940,0
RIVN.US,D,20200210,000000,52.15,52.58,52.09,52.52,7617813,0
RIVN.US,D,20200210,000000,52.35,53.87,52.07,53.38,4554911,0
RIVN.US,D,20200210,000000,53.38,53.50,52.33,52.86,6570094,0
RIVN.US,D,20200211,000000,52.65,52.82,52.51,52.75,5276277,0
RIVN.US,D,20200212,000000,52.56,53.71,52.10,53.48,4892606,0
RIVN.US,D,20200213,000000,52.99,54.41,52.78,54.30,6315725,0
RIVN.US,D,20200214,000000,54.64,54.87,53.26,53.45,3808543,0
RIVN.US,D,20200217,000000,53.35,54.83,53.19,54.67,6305189,0
RIVN.US,D,20200217,000000,54.28,55.48,54.24,55.20,5649252,0
RIVN.US,D,20200217,000000,55.58,56.03,52.82,53.72,8578696,0
RIVN.US,D,20200218,000000,53.75,53.90,53.19,53.25,6682660,0
RIVN.US,D,20200219,000000,53.41,53.79,51.81,52.09,3421333,0
RIVN.US,D,20200220,000000,51.78,55.36,51.49,54.09,3901170,0
RIVN.US,D,20200221,000000,53.43,54.76,53.29,54.23,8318010,0
RIVN.US,D,20200224,000000,54.50,54.55,53.27,53.77,8558974,0
RIVN.US,D,20200224,000000,54.01,54.17,51.64,52.56,8433544,0
RIVN.US,D,20200224,000000,52.67,53.26,51.00,51.16,8215570,0
RIVN.US,D,20200225,000000,51.52,51.78,49.57,49.92,7022686,0
RIVN.US,D,20200226,000000,50.64,50.70,50.24,50.39,6687025,0
RIVN.US,D,20200227,000000,49.59,49.84,49.56,49.73,3876475,0
RIVN.US,D,20200228,000000,49.54,51.86,48.53,51.65,3260351,0
RIVN.US,D,20200302,000000,50.90,52.20,50.60,52.12,3074514,0
RIVN.US,D,20200302,000000,52.25,53.29,51.83,52.52,4177689,0
RIVN.US,D,20200302,000000,52.52,53.04,50.98,51.55,5596484,0
RIVN.US,D,20200303,000000,51.46,51.83,49.06,49.29,6604551,0
RIVN.US,D,20200304,000000,49.08,49.40,45.63,46.63,7240409,0
RIVN.US,D,20200305,000000,46.59,46.77,45.10,45.40,6322627,0
RIVN.US,D,20200306,000000,45.44,49.20,44.84,48.06,7394302,0
RIVN.US,D,20200309,000000,48.39,48.46,47.36,47.46,5647666,0
RIVN.US,D,20200309,000000,47.20,48.68,46.81,48.64,8261951,0
RIVN.US,D,20200309,000000,47.92,48.85,47.88,48.59,3831828,0
RIVN.US,D,20200310,000000,48.60,48.62,48.44,48.46,6267819,0
RIVN.US,D,20200311,000000,48.21,48.27,45.70,46.89,3671262,0
RIVN.US,D,20200312,000000,46.46,46.52,44.94,45.77,4798512,0
RIVN.US,D,20200313,000000,45.94,46.07,43.90,44.34,5365144,0
RIVN.US,D,20200316,000000,44.39,44.41,43.50,43.62,8249055,0
RIVN.US,D,20200316,000000,43.70,43.90,42.49,42.50,5950316,0
RIVN.US,D,20200316,000000,42.99,43.01,42.29,42.50,4767868,0
RIVN.US,D,20200317,000000,42.88,43.63,42.87,43.53,3167146,0
RIVN.US,D,20200318,000000,43.43,43.72,43.35,43.69,5170241,0
RIVN.US,D,20200319,000000,43.61,43.84,43.60,43.76,8178889,0
RIVN.US,D,20200320,000000,43.83,43.85,43.76,43.80,5433306,0
RIVN.US,D,20200323,000000,43.93,44.03,43.41,43.60,3949433,0
RIVN.US,D,20200323,000000,43.61,43.73,43.10,43.16,4908388,0
RIVN.US,D,20200323,000000,43.16,43.17,42.52,42.69,3883065,0
RIVN.US,D,20200324,000000,42.74,42.74,41.65,41.73,6465336,0
RIVN.US,D,20200325,000000,41.78,41.82,41.77,41.82,3223427,0
RIVN.US,D,20200326,000000,41.72,41.76,41.46,41.47,6352763,0
RIVN.US,D,20200327,000000,41.49,41.59,41.10,41.25,3572019,0
RIVN.US,D,20200330,000000,41.42,41.53,40.68,40.82,8716050,0
RIVN.US,D,20200330,000000,40.66,40.74,40.63,40.68,7988286,0
RIVN.US,D,20200330,000000,41.13,41.64,41.13,41.49,9217032,0
RIVN.US,D,20200331,000000,41.70,42.04,41.61,42.03,7995914,0
RIVN.US,D,20200401,000000,42.45,43.15,42.10,43.07,12403041,0
RIVN.US,D,20200402,000000,44.00,44.03,43.77,43.86,6411297,0
RIVN.US,D,20200403,000000,43.47,44.86,43.02,44.68,14720498,0
RIVN.US,D,20200406,000000,44.44,45.67,44.41,45.12,12897372,0
RIVN.US,D,20200406,000000,45.62,46.09,45.57,46.05,9273793,0
RIVN.US,D,20200406,000000,45.93,47.80,45.30,47.41,7772756,0
RIVN.US,D,20200407,000000,47.60,48.65,47.44,48.46,7063802,0
RIVN.US,D,20200408,000000,49.50,49.94,49.31,49.70,8038879,0
RIVN.US,D,20200409,000000,50.22,50.95,50.13,50.76,17472810,0
RIVN.US,D,20200410,000000,50.81,51.94,50.63,51.91,14652196,0
RIVN.US,D,20200413,000000,51.63,53.26,51.47,53.20,10935016,0
RIVN.US,D,20200413,000000,53.37,55.09,52.95,54.61,17890394,0
RIVN.US,D,20200413,000000,54.98,55.96,54.06,55.90,19936924,0
RIVN.US,D,20200414,000000,55.19,59.03,55.06,57.30,17351645,0
RIVN.US,D,20200415,000000,58.18,58.57,58.00,58.43,13730262,0
RIVN.US,D,20200416,000000,58.79,59.15,58.70,59.11,10777475,0
RIVN.US,D,20200417,000000,59.73,61.89,59.32,61.09,8478571,0
RIVN.US,D,20200420,000000,62.27,63.32,62.14,63.00,22476448,0
RIVN.US,D,20200420,000000,63.05,67.28,62.53,64.90,10001338,0
RIVN.US,D,20200420,000000,65.34,67.48,65.23,66.68,12166166,0
RIVN.US,D,20200421,000000,66.95,69.53,66.50,68.97,11018556,0
RIVN.US,D,20200422,000000,67.37,71.05,67.13,70.76,24916139,0
RIVN.US,D,20200423,000000,70.52,73.61,69.87,72.55,19347190,0
RIVN.US,D,20200424,000000,73.04,75.56,72.51,75.18,13095577,0
RIVN.US,D,20200427,000000,75.03,78.20,73.82,77.33,23437134,0
RIVN.US,D,20200427,000000,78.05,80.37,77.92,79.74,18398087,0
RIVN.US,D,20200427,000000,78.59,82.55,78.57,82.42,19098756,0
RIVN.US,D,20200428,000000,83.27,85.66,82.87,85.02,23715452,0
RIVN.US,D,20200429,000000,84.90,89.24,83.92,88.33,20385002,0
RIVN.US,D,20200430,000000,88.31,91.27,87.50,90.94,19222116,0
RIVN.US,D,20200501,000000,93.62,93.92,93.54,93.82,30386466,0
RIVN.US,D,20200504,000000,95.78,98.15,95.78,97.29,15633916,0
RIVN.US,D,20200504,000000,97.72,101.38,97.67,101.07,20295510,0
RIVN.US,D,20200504,000000,99.58,104.72,99.41,102.78,4832325,0
RIVN.US,D,20200505,000000,104.25,111.96,101.43,110.57,6125313,0
RIVN.US,D,20200506,000000,108.53,112.60,107.69,111.81,6787370,0
RIVN.US,D,20200507,000000,109.42,113.15,108.30,112.62,5966012,0
RIVN.US,D,20200508,000000,111.92,112.43,110.35,111.33,8102750,0
RIVN.US,D,20200511,000000,110.35,116.89,109.95,113.24,6608146,0
RIVN.US,D,20200511,000000,113.08,114.26,107.42,109.12,4283079,0
RIVN.US,D,20200511,000000,109.67,109.80,106.84,108.58,6654333,0
RIVN.US,D,20200512,000000,108.80,109.88,105.94,106.02,3253292,0
RIVN.US,D,20200513,000000,107.58,109.11,95.92,96.29,5987772,0
RIVN.US,D,20200514,000000,99.14,99.56,93.95,96.75,6712649,0
RIVN.US,D,20200515,000000,97.32,98.42,96.50,98.37,8493576,0
RIVN.US,D,20200518,000000,99.37,99.41,96.18,96.66,8577050,0
RIVN.US,D,20200518,000000,97.63,98.29,92.85,93.69,5231786,0
RIVN.US,D,20200518,000000,93.56,104.89,91.65,103.36,4699522,0
RIVN.US,D,20200519,000000,103.51,104.28,102.97,103.78,8806745,0
RIVN.US,D,20200520,000000,105.29,105.56,99.03,100.19,6313219,0
RIVN.US,D,20200521,000000,99.95,110.95,98.19,109.37,5696432,0
RIVN.US,D,20200522,000000,107.90,108.59,98.69,101.71,4814580,0
RIVN.US,D,20200525,000000,101.23,102.80,87.38,89.77,6397646,0
RIVN.US,D,20200525,000000,87.18,102.34,86.32,98.47,8709460,0
RIVN.US,D,20200525,000000,97.47,100.97,96.73,99.94,5967872,0
RIVN.US,D,20200526,000000,100.90,102.82,95.09,96.27,5133061,0
RIVN.US,D,20200527,000000,96.84,97.83,90.67,92.98,8552900,0
RIVN.US,D,20200528,000000,93.58,94.04,88.82,90.18,4874394,0
RIVN.US,D,20200529,000000,91.45,93.10,89.22,89.73,7975989,0
RIVN.US,D,20200601,000000,87.71,91.45,87.43,91.21,3441367,0
RIVN.US,D,20200601,000000,92.25,105.92,91.88,104.93,7984201,0
RIVN.US,D,20200601,000000,107.24,107.98,99.97,103.10,3526100,0
RIVN.US,D,20200602,000000,102.91,113.95,101.14,111.10,7982153,0
RIVN.US,D,20200603,000000,113.28,114.70,101.00,101.69,8899461,0
RIVN.US,D,20200604,000000,104.37,104.44,102.82,103.27,3930880,0
RIVN.US,D,20200605,000000,103.44,103.76,83.70,91.44,3278720,0
RIVN.US,D,20200608,000000,91.41,92.24,91.27,91.64,6880057,0
RIVN.US,D,20200608,000000,90.81,97.36,90.35,95.00,4846663,0
RIVN.US,D,20200608,000000,93.14,104.56,91.38,102.97,7204935,0
RIVN.US,D,20200609,000000,105.91,107.34,105.22,106.59,8740468,0
RIVN.US,D,20200610,000000,106.33,106.83,87.82,91.89,7353162,0
RIVN.US,D,20200611,000000,89.19,106.51,85.24,98.54,5618178,0
RIVN.US,D,20200612,000000,98.13,102.23,97.44,100.90,8739899,0
RIVN.US,D,20200615,000000,100.81,102.13,92.48,93.09,5772535,0
RIVN.US,D,20200615,000000,93.59,97.11,93.32,96.70,8163411,0
RIVN.US,D,20200615,000000,95.78,97.12,94.79,94.95,5450615,0
RIVN.US,D,20200616,000000,93.24,93.73,89.68,90.98,5082972,0
RIVN.US,D,20200617,000000,90.05,93.54,87.74,92.48,4091400,0
RIVN.US,D,20200618,000000,90.73,96.30,88.69,95.10,4260415,0
RIVN.US,D,20200619,000000,96.15,98.08,90.14,90.66,4662043,0
RIVN.US,D,20200622,000000,90.89,91.28,86.24,88.45,4192048,0
RIVN.US,D,20200622,000000,88.21,93.66,88.19,92.44,6787374,0
RIVN.US,D,20200622,000000,92.21,93.09,88.04,88.51,5663484,0
RIVN.US,D,20200623,000000,87.35,87.94,84.85,84.98,6551961,0
RIVN.US,D,20200624,000000,84.02,89.92,83.99,89.16,4124500,0
RIVN.US,D,20200625,000000,89.96,99.11,89.75,98.91,3884837,0
RIVN.US,D,20200626,000000,97.84,98.16,90.81,92.99,7219090,0
RIVN.US,D,20200629,000000,94.97,95.75,94.55,95.47,7776520,0
RIVN.US,D,20200629,000000,96.82,107.04,95.77,105.30,6634624,0
RIVN.US,D,20200629,000000,104.17,112.90,101.96,110.05,7591256,0
RIVN.US,D,20200630,000000,114.08,114.19,110.68,112.07,5297310,0
RIVN.US,D,20200701,000000,111.38,112.55,111.13,112.14,8800687,0
RIVN.US,D,20200702,000000,113.01,119.76,112.76,118.33,8907984,0
RIVN.US,D,20200703,000000,119.51,119.75,117.52,117.86,6887792,0
RIVN.US,D,20200706,000000,119.65,121.15,119.31,121.04,6790009,0
RIVN.US,D,20200706,000000,119.53,122.16,113.28,114.50,8473887,0
RIVN.US,D,20200706,000000,113.89,115.11,112.75,113.34,5539185,0
RIVN.US,D,20200707,000000,111.46,121.62,111.06,117.71,8224761,0
RIVN.US,D,20200708,000000,117.97,118.02,109.25,112.84,8644360,0
RIVN.US,D,20200709,000000,111.21,111.69,104.06,106.45,4461168,0
RIVN.US,D,20200710,000000,106.01,106.21,103.05,103.50,4105615,0
RIVN.US,D,20200713,000000,103.31,103.51,98.10,98.97,4464299,0
RIVN.US,D,20200713,000000,97.22,98.27,96.83,98.01,8834172,0
RIVN.US,D,20200713,000000,95.36,102.91,95.34,102.43,6899218,0
RIVN.US,D,20200714,000000,102.55,109.47,82.04,86.40,4889855,0
RIVN.US,D,20200715,000000,85.56,85.75,85.15,85.54,5416337,0
RIVN.US,D,20200716,000000,83.69,84.72,82.81,84.50,3324314,0
RIVN.US,D,20200717,000000,83.16,88.40,83.07,87.92,7417155,0
RIVN.US,D,20200720,000000,84.43,84.65,78.52,79.98,8117129,0
RIVN.US,D,20200720,000000,79.46,81.20,68.42,70.10,3400907,0
RIVN.US,D,20200720,000000,70.48,72.17,70.15,71.11,3327367,0
RIVN.US,D,20200721,000000,70.11,71.19,68.43,69.03,5331493,0
RIVN.US,D,20200722,000000,70.30,70.81,69.51,70.71,5301632,0
RIVN.US,D,20200723,000000,69.56,70.71,66.80,66.91,3170764,0
RIVN.US,D,20200724,000000,65.37,65.90,60.31,61.96,3618794,0
RIVN.US,D,20200727,000000,64.08,64.87,59.50,60.02,3764646,0
RIVN.US,D,20200727,000000,58.32,59.50,54.62,55.74,4369904,0
RIVN.US,D,20200727,000000,56.33,62.98,55.59,61.46,4546836,0
RIVN.US,D,20200728,000000,61.49,61.51,56.68,57.71,8276200,0
RIVN.US,D,20200729,000000,56.86,59.11,56.70,58.66,11374897,0
RIVN.US,D,20200730,000000,59.51,60.17,59.44,59.80,13391477,0
RIVN.US,D,20200731,000000,59.63,62.13,59.58,61.04,9277878,0
RIVN.US,D,20200803,000000,59.67,61.74,59.60,61.48,11171315,0
RIVN.US,D,20200803,000000,62.67,63.23,62.62,62.85,15110754,0
RIVN.US,D,20200803,000000,62.10,67.42,60.98,64.69,9336088,0
RIVN.US,D,20200804,000000,63.35,65.25,63.01,65.07,16729137,0
RIVN.US,D,20200805,000000,62.86,67.79,62.44,66.73,10435331,0
RIVN.US,D,20200806,000000,67.75,70.03,67.31,68.60,10627931,0
RIVN.US,D,20200807,000000,68.90,73.07,68.71,70.43,10342687,0
RIVN.US,D,20200810,000000,71.18,72.04,70.67,71.86,10668562,0
RIVN.US,D,20200810,000000,73.03,75.04,72.78,74.10,10445096,0
RIVN.US,D,20200810,000000,72.84,77.66,71.96,76.12,19474568,0
RIVN.US,D,20200811,000000,75.62,78.34,75.33,78.16,9600469,0
RIVN.US,D,20200812,000000,78.73,81.45,78.22,80.33,13052112,0
RIVN.US,D,20200813,000000,80.11,84.87,79.77,82.91,13120778,0
RIVN.US,D,20200814,000000,82.30,89.52,81.33,85.69,14537149,0
RIVN.US,D,20200817,000000,86.01,88.10,85.57,87.94,16151600,0
RIVN.US,D,20200817,000000,88.37,91.49,88.15,91.09,27788713,0
RIVN.US,D,20200817,000000,91.09,92.40,90.43,91.73,5092907,0
RIVN.US,D,20200818,000000,93.56,94.34,90.43,91.21,7309849,0
RIVN.US,D,20200819,000000,92.79,99.83,92.02,99.37,3450471,0
RIVN.US,D,20200820,000000,104.64,106.53,98.60,99.45,6374848,0
RIVN.US,D,20200821,000000,100.87,102.33,97.86,98.42,5204062,0
RIVN.US,D,20200824,000000,99.45,108.51,97.70,106.15,8495103,0
RIVN.US,D,20200824,000000,105.19,112.79,103.28,110.14,3633024,0
RIVN.US,D,20200824,000000,111.38,111.40,109.30,109.71,7717950,0
RIVN.US,D,20200825,000000,108.38,116.43,106.90,113.11,5838602,0
RIVN.US,D,20200826,000000,113.54,113.85,113.04,113.59,3923226,0
RIVN.US,D,20200827,000000,110.21,110.24,108.72,109.55,5681388,0
RIVN.US,D,20200828,000000,109.26,123.76,109.07,120.12,3314802,0
RIVN.US,D,20200831,000000,120.22,125.77,119.17,124.82,4071206,0
RIVN.US,D,20200831,000000,126.29,127.01,115.65,119.45,4721344,0
RIVN.US,D,20200831,000000,118.40,121.55,113.50,115.25,6157963,0
RIVN.US,D,20200901,000000,116.47,117.19,114.81,114.84,6585999,0
RIVN.US,D,20200902,000000,117.10,118.29,111.68,112.65,5793275,0
RIVN.US,D,20200903,000000,116.36,118.38,115.69,117.12,5058233,0
RIVN.US,D,20200904,000000,117.47,128.54,114.34,125.25,4568285,0
RIVN.US,D,20200907,000000,124.52,142.34,123.99,135.24,3084429,0
RIVN.US,D,20200907,000000,137.08,144.34,135.59,142.29,3625653,0
RIVN.US,D,20200907,000000,144.04,144.86,126.87,132.17,8209005,0
RIVN.US,D,20200908,000000,130.96,134.29,124.61,125.16,5670564,0
RIVN.US,D,20200909,000000,127.75,131.83,127.13,130.50,8336747,0
RIVN.US,D,20200910,000000,130.07,132.12,129.53,131.57,8867327,0
RIVN.US,D,20200911,000000,131.44,132.07,125.49,125.99,6962807,0
RIVN.US,D,20200914,000000,123.86,123.91,123.14,123.18,7002122,0
RIVN.US,D,20200914,000000,120.93,125.96,119.97,125.04,4677512,0
RIVN.US,D,20200914,000000,123.75,127.24,114.67,116.75,6940808,0
RIVN.US,D,20200915,000000,116.23,117.19,113.17,113.42,4227571,0
RIVN.US,D,20200916,000000,112.15,119.63,111.62,119.03,6409090,0
RIVN.US,D,20200917,000000,119.75,119.76,117.84,118.29,5407387,0
RIVN.US,D,20200918,000000,116.70,125.07,111.31,123.22,8087978,0
RIVN.US,D,20200921,000000,121.86,125.37,121.19,125.09,7640073,0
RIVN.US,D,20200921,000000,125.19,128.70,120.10,120.38,5805139,0
RIVN.US,D,20200921,000000,121.04,121.16,118.98,120.04,7429534,0
RIVN.US,D,20200922,000000,120.43,123.29,119.34,122.30,5847368,0
RIVN.US,D,20200923,000000,121.49,123.84,121.03,123.24,6708015,0
RIVN.US,D,20200924,000000,122.99,123.03,122.08,122.20,7778622,0
RIVN.US,D,20200925,000000,124.27,124.49,123.81,123.92,5899038,0
RIVN.US,D,20200928,000000,122.46,127.01,122.20,125.23,7986689,0
RIVN.US,D,20200928,000000,124.98,127.01,124.21,126.41,7553877,0
RIVN.US,D,20200928,000000,127.19,127.72,117.15,120.83,7550499,0
RIVN.US,D,20200929,000000,122.52,123.18,117.34,118.44,7463380,0
RIVN.US,D,20200930,000000,119.11,127.45,115.47,126.43,3948297,0
RIVN.US,D,20201001,000000,127.12,128.67,121.16,122.86,8035447,0
RIVN.US,D,20201002,000000,123.91,131.51,123.11,129.52,4542853,0
RIVN.US,D,20201005,000000,130.12,130.18,127.83,128.50,8262211,0
RIVN.US,D,20201005,000000,128.13,129.63,116.45,121.54,5874632,0
RIVN.US,D,20201005,000000,119.59,130.73,117.81,130.30,7746640,0
RIVN.US,D,20201006,000000,130.92,132.03,127.78,127.94,5933369,0
RIVN.US,D,20201007,000000,126.97,127.51,122.25,122.80,8480314,0
RIVN.US,D,20201008,000000,121.19,122.71,121.17,122.69,8138029,0
RIVN.US,D,20201009,000000,123.76,126.52,123.69,126.30,8898536,0
RIVN.US,D,20201012,000000,126.07,133.71,122.92,132.65,3317868,0
RIVN.US,D,20201012,000000,129.99,133.01,129.63,132.70,7675176,0
RIVN.US,D,20201012,000000,133.70,139.72,132.61,139.09,3537718,0
RIVN.US,D,20201013,000000,140.21,141.66,139.73,140.98,3521631,0
RIVN.US,D,20201014,000000,140.57,141.29,138.49,139.51,8604467,0
RIVN.US,D,20201015,000000,138.87,143.91,136.24,143.42,8658632,0
RIVN.US,D,20201016,000000,143.81,144.06,135.34,137.68,3007362,0
RIVN.US,D,20201019,000000,137.69,143.47,137.26,142.79,4657141,0
RIVN.US,D,20201019,000000,143.65,144.69,140.88,142.06,3143698,0
RIVN.US,D,20201019,000000,141.29,148.08,140.87,147.70,7767720,0
RIVN.US,D,20201020,000000,147.24,148.07,145.69,147.62,6970264,0
RIVN.US,D,20201021,000000,146.27,146.67,144.98,145.61,3732812,0
RIVN.US,D,20201022,000000,146.13,146.52,141.47,143.22,5645525,0
RIVN.US,D,20201023,000000,142.90,144.76,142.62,144.27,6832592,0
RIVN.US,D,20201026,000000,143.18,146.80,142.28,146.59,3768418,0
RIVN.US,D,20201026,000000,142.99,146.80,142.67,146.20,7246265,0
RIVN.US,D,20201026,000000,144.81,146.31,142.62,143.03,3109581,0
RIVN.US,D,20201027,000000,141.64,144.51,140.35,143.99,5939096,0
RIVN.US,D,20201028,000000,142.71,154.92,141.31,151.61,4960649,0
RIVN.US,D,20201029,000000,152.24,152.32,149.82,151.01,5855851,0
RIVN.US,D,20201030,000000,151.09,154.11,145.79,146.80,5400909,0
RIVN.US,D,20201102,000000,147.95,151.47,147.74,150.55,8214468,0
RIVN.US,D,20201102,000000,149.46,150.04,147.04,147.97,7437282,0
RIVN.US,D,20201102,000000,147.96,148.28,147.45,147.64,6832089,0
RIVN.US,D,20201103,000000,148.67,148.84,138.32,141.47,4162948,0
RIVN.US,D,20201104,000000,143.65,143.87,138.37,139.43,6928176,0
RIVN.US,D,20201105,000000,138.67,143.71,137.88,142.93,8673222,0
RIVN.US,D,20201106,000000,143.14,150.87,140.09,150.39,8004934,0
RIVN.US,D,20201109,000000,149.78,155.04,148.96,154.56,6575293,0
RIVN.US,D,20201109,000000,154.70,155.21,153.50,153.65,8521968,0
RIVN.US,D,20201109,000000,152.87,152.92,152.33,152.55,8031165,0
RIVN.US,D,20201110,000000,153.12,153.52,148.47,150.09,4366988,0
RIVN.US,D,20201111,000000,150.24,157.30,148.84,154.21,7704887,0
RIVN.US,D,20201112,000000,155.36,155.44,154.90,155.01,5753558,0
RIVN.US,D,20201113,000000,155.03,156.67,154.79,156.52,7772070,0
RIVN.US,D,20201116,000000,155.75,156.02,155.72,155.99,5126180,0
RIVN.US,D,20201116,000000,155.25,156.54,155.12,156.26,4410332,0
RIVN.US,D,20201116,000000,156.41,157.08,156.33,157.03,6608102,0
RIVN.US,D,20201117,000000,157.53,159.09,157.45,158.77,8288411,0
RIVN.US,D,20201118,000000,158.41,161.36,158.18,160.20,4464740,0
RIVN.US,D,20201119,000000,159.99,160.09,158.82,158.92,3197396,0
RIVN.US,D,20201120,000000,159.71,159.74,158.28,158.58,8804187,0
RIVN.US,D,20201123,000000,158.44,160.13,158.30,159.70,4360716,0
RIVN.US,D,20201123,000000,159.62,159.65,158.20,158.85,6961559,0
RIVN.US,D,20201123,000000,158.67,159.15,156.45,157.47,8499797,0
RIVN.US,D,20201124,000000,157.57,158.13,157.47,157.97,7842175,0
RIVN.US,D,20201125,000000,158.05,160.39,158.03,159.55,4760602,0
RIVN.US,D,20201126,000000,159.53,160.17,159.41,159.89,7700319,0
RIVN.US,D,20201127,000000,160.21,163.99,158.97,163.23,4913440,0
RIVN.US,D,20201130,000000,163.59,164.29,162.85,162.88,5660404,0
RIVN.US,D,20201130,000000,163.85,164.05,162.09,162.22,4230730,0
RIVN.US,D,20201130,000000,162.97,163.87,162.82,163.84,3680866,0
RIVN.US,D,20201201,000000,163.86,166.78,163.67,165.96,4350185,0
RIVN.US,D,20201202,000000,165.79,165.99,165.74,165.97,8093908,0
RIVN.US,D,20201203,000000,166.37,166.43,165.82,165.90,6052842,0
RIVN.US,D,20201204,000000,166.02,167.12,165.73,166.39,5323570,0
RIVN.US,D,20201207,000000,166.49,166.56,166.25,166.30,3018025,0
RIVN.US,D,20201207,000000,166.16,167.11,165.74,167.06,3715620,0
RIVN.US,D,20201207,000000,167.33,167.39,166.81,167.01,6420417,0
RIVN.US,D,20201208,000000,167.07,167.07,166.71,166.79,5803933,0
RIVN.US,D,20201209,000000,166.59,166.65,165.96,166.06,7605851,0
RIVN.US,D,20201210,000000,166.30,167.46,165.51,167.33,8197050,0
RIVN.US,D,20201211,000000,167.32,167.36,165.44,166.01,4349186,0
RIVN.US,D,20201214,000000,166.46,166.66,166.02,166.29,4026422,0
RIVN.US,D,20201214,000000,166.62,168.37,165.99,167.63,7590257,0
RIVN.US,D,20201214,000000,168.17,168.30,167.35,167.42,4948894,0
RIVN.US,D,20201215,000000,167.21,168.33,167.04,168.13,3115534,0
RIVN.US,D,20201216,000000,168.04,175.98,166.29,173.87,3536575,0
RIVN.US,D,20201217,000000,174.44,174.74,165.52,168.67,6635943,0
RIVN.US,D,20201218,000000,169.74,170.05,168.76,168.93,7123889,0
RIVN.US,D,20201221,000000,168.02,168.45,163.31,164.39,4394498,0
RIVN.US,D,20201221,000000,164.34,165.30,164.18,164.98,4626218,0
RIVN.US,D,20201221,000000,163.47,166.81,162.63,165.69,4185285,0
RIVN.US,D,20201222,000000,165.99,166.00,165.31,165.73,6824337,0
RIVN.US,D,20201223,000000,164.20,164.23,163.88,163.95,4292326,0
RIVN.US,D,20201224,000000,162.61,162.80,160.38,161.34,3028343,0
RIVN.US,D,20201225,000000,162.02,165.40,161.66,164.32,8169680,0
RIVN.US,D,20201228,000000,163.52,166.03,163.07,164.90,5944690,0
RIVN.US,D,20201228,000000,165.77,166.38,165.76,166.24,6591527,0
RIVN.US,D,20201228,000000,166.56,171.78,166.29,171.30,5695249,0
RIVN.US,D,20201229,000000,171.08,171.45,164.65,165.83,7789751,0
RIVN.US,D,20201230,000000,165.91,167.73,165.57,167.16,4949859,0
RIVN.US,D,20201231,000000,167.17,169.71,166.24,169.22,5418775,0
RIVN.US,D,20210101,000000,168.90,169.19,168.42,169.10,7033266,0
RIVN.US,D,20210104,000000,169.10,169.14,168.19,168.39,3049868,0
RIVN.US,D,20210104,000000,168.35,170.50,167.48,170.35,3401368,0
RIVN.US,D,20210104,000000,171.01,171.63,168.64,169.53,7273089,0
RIVN.US,D,20210105,000000,170.92,171.12,169.42,170.15,8061876,0
RIVN.US,D,20210106,000000,171.21,171.26,170.22,170.48,5564002,0
RIVN.US,D,20210107,000000,170.75,170.77,168.29,168.60,3565994,0
RIVN.US,D,20210108,000000,169.19,169.24,169.00,169.04,5682264,0
RIVN.US,D,20210111,000000,169.43,169.45,169.11,169.16,5834166,0
RIVN.US,D,20210111,000000,169.06,170.16,168.94,170.04,6518347,0
RIVN.US,D,20210111,000000,169.70,170.76,169.50,170.56,6041157,0
RIVN.US,D,20210112,000000,170.80,170.93,169.84,170.16,4975060,0
RIVN.US,D,20210113,000000,170.03,170.42,169.78,170.36,5736336,0
RIVN.US,D,20210114,000000,170.17,170.19,168.87,168.94,7358681,0
RIVN.US,D,20210115,000000,168.58,168.63,168.52,168.62,7203483,0
RIVN.US,D,20210118,000000,168.59,169.43,168.59,169.02,3977705,0
RIVN.US,D,20210118,000000,168.87,169.25,166.06,167.30,8655659,0
RIVN.US,D,20210118,000000,167.46,167.60,167.20,167.30,8412473,0
RIVN.US,D,20210119,000000,167.57,168.08,167.44,167.93,4620001,0
RIVN.US,D,20210120,000000,168.20,169.53,167.98,169.05,7709129,0
RIVN.US,D,20210121,000000,169.51,169.81,166.22,166.70,4020138,0
RIVN.US,D,20210122,000000,166.77,167.00,162.95,164.13,7263390,0
RIVN.US,D,20210125,000000,163.64,165.30,163.44,165.15,7006458,0
RIVN.US,D,20210125,000000,164.78,166.30,164.29,165.57,8065755,0
RIVN.US,D,20210125,000000,165.73,165.74,165.37,165.41,5978028,0
RIVN.US,D,20210126,000000,165.59,165.99,165.51,165.98,3966360,0
RIVN.US,D,20210127,000000,165.90,165.93,165.44,165.53,5955492,0
RIVN.US,D,20210128,000000,166.02,166.37,165.21,165.36,6179500,0
RIVN.US,D,20210129,000000,165.23,165.39,164.58,164.71,4234928,0
RIVN.US,D,20210201,000000,164.80,166.23,164.46,165.83,7028821,0
RIVN.US,D,20210201,000000,165.58,165.78,164.68,164.77,5327502,0
RIVN.US,D,20210201,000000,166.27,166.49,159.63,161.06,9039671,0
RIVN.US,D,20210202,000000,162.68,163.65,153.24,154.29,12274417,0
RIVN.US,D,20210203,000000,155.83,158.72,142.13,146.90,14859547,0
RIVN.US,D,20210204,000000,146.80,148.58,138.56,139.74,25176426,0
RIVN.US,D,20210205,000000,136.48,137.33,128.88,130.85,12621435,0
RIVN.US,D,20210208,000000,130.97,131.74,122.10,122.34,25013480,0
RIVN.US,D,20210208,000000,123.70,124.36,117.58,117.61,37101570,0
RIVN.US,D,20210208,000000,116.91,118.66,106.04,110.66,29503002,0
RIVN.US,D,20210209,000000,109.88,109.92,100.96,102.54,34359279,0
RIVN.US,D,20210210,000000,102.20,103.73,96.59,100.36,7450288,0
RIVN.US,D,20210211,000000,99.92,100.72,99.66,100.52,5497784,0
RIVN.US,D,20210212,000000,101.53,107.85,100.80,105.43,7349357,0
RIVN.US,D,20210215,000000,102.52,118.28,101.86,111.29,4149683,0
RIVN.US,D,20210215,000000,111.04,111.42,108.24,108.78,6512472,0
RIVN.US,D,20210215,000000,107.51,109.14,97.66,101.41,3435073,0
RIVN.US,D,20210216,000000,101.35,102.45,95.92,97.79,5667366,0
RIVN.US,D,20210217,000000,97.22,97.45,97.03,97.07,8444497,0
RIVN.US,D,20210218,000000,99.39,100.36,94.89,96.54,8847286,0
RIVN.US,D,20210219,000000,96.11,99.07,95.40,98.23,3623547,0
RIVN.US,D,20210222,000000,95.51,99.82,94.24,98.75,3904546,0
RIVN.US,D,20210222,000000,99.99,100.38,90.15,91.66,7846611,0
RIVN.US,D,20210222,000000,91.98,92.05,89.60,89.83,8332269,0
RIVN.US,D,20210223,000000,90.10,94.34,89.55,92.36,4359004,0
RIVN.US,D,20210224,000000,91.03,91.54,84.89,86.90,8099992,0
RIVN.US,D,20210225,000000,86.37,93.21,84.84,91.95,3288062,0
RIVN.US,D,20210226,000000,90.67,91.12,90.66,91.11,4976834,0
RIVN.US,D,20210301,000000,89.08,89.11,88.95,88.95,7086626,0
RIVN.US,D,20210301,000000,88.62,92.18,88.18,91.61,4343500,0
RIVN.US,D,20210301,000000,92.81,94.92,84.74,89.05,6521650,0
RIVN.US,D,20210302,000000,88.31,88.59,87.66,88.08,3223600,0
RIVN.US,D,20210303,000000,88.59,94.63,88.39,93.10,5991409,0
RIVN.US,D,20210304,000000,92.90,105.50,92.04,100.32,7951843,0
RIVN.US,D,20210305,000000,99.05,102.91,98.55,101.68,5859558,0
RIVN.US,D,20210308,000000,102.12,103.86,95.50,96.92,3288867,0
RIVN.US,D,20210308,000000,98.66,101.11,93.60,96.22,5806599,0
RIVN.US,D,20210308,000000,96.72,104.65,94.55,103.37,6407215,0
RIVN.US,D,20210309,000000,103.90,104.13,101.98,102.14,8639676,0
RIVN.US,D,20210310,000000,102.62,102.88,95.93,96.91,8016062,0
RIVN.US,D,20210311,000000,96.54,97.40,95.64,96.68,4258574,0
RIVN.US,D,20210312,000000,99.08,99.17,96.11,96.19,3844371,0
RIVN.US,D,20210315,000000,96.07,100.70,94.82,98.88,5895095,0
RIVN.US,D,20210315,000000,98.45,104.73,97.30,102.53,8153853,0
RIVN.US,D,20210315,000000,103.46,112.38,100.61,111.81,7128501,0
RIVN.US,D,20210316,000000,113.87,115.42,113.72,115.06,4237037,0
RIVN.US,D,20210317,000000,114.07,119.92,113.89,116.42,8209276,0
RIVN.US,D,20210318,000000,115.61,116.15,110.09,113.65,6680258,0
RIVN.US,D,20210319,000000,114.00,114.21,112.42,113.18,6263584,0
RIVN.US,D,20210322,000000,113.58,113.89,105.50,108.20,7303287,0
RIVN.US,D,20210322,000000,107.39,114.53,106.30,112.86,5040687,0
RIVN.US,D,20210322,000000,112.67,113.11,109.54,109.90,7382087,0
RIVN.US,D,20210323,000000,109.83,114.38,109.41,112.97,3024921,0
RIVN.US,D,20210324,000000,111.33,114.97,111.08,114.77,6852987,0
RIVN.US,D,20210325,000000,115.79,116.05,109.96,110.71,4079789,0
RIVN.US,D,20210326,000000,111.30,117.38,110.22,116.51,7367971,0
RIVN.US,D,20210329,000000,118.66,119.29,108.71,111.98,4125181,0
RIVN.US,D,20210329,000000,111.50,111.75,110.55,111.39,6622979,0
RIVN.US,D,20210329,000000,111.75,111.98,111.08,111.23,5157198,0
RIVN.US,D,20210330,000000,113.72,114.38,105.17,105.56,8563966,0
RIVN.US,D,20210331,000000,106.24,106.39,105.17,105.75,7580180,0
RIVN.US,D,20210401,000000,106.31,106.98,104.07,104.33,3464938,0
RIVN.US,D,20210402,000000,103.69,104.06,103.60,103.97,3713572,0
RIVN.US,D,20210405,000000,103.91,110.28,103.42,109.87,7163140,0
RIVN.US,D,20210405,000000,109.68,115.31,107.66,115.09,3378112,0
RIVN.US,D,20210405,000000,114.25,128.33,113.36,124.45,3874099,0
RIVN.US,D,20210406,000000,124.49,124.62,123.95,124.07,4933527,0
RIVN.US,D,20210407,000000,122.52,125.16,121.65,124.60,8107966,0
RIVN.US,D,20210408,000000,124.61,124.61,124.38,124.40,6981897,0
RIVN.US,D,20210409,000000,122.71,131.54,122.32,130.03,4294576,0
RIVN.US,D,20210412,000000,130.92,138.04,130.77,133.56,8893991,0
RIVN.US,D,20210412,000000,134.30,136.21,134.27,135.76,6809034,0
RIVN.US,D,20210412,000000,137.90,138.86,137.10,137.70,5371534,0
RIVN.US,D,20210413,000000,138.95,139.21,136.44,137.34,7293033,0
RIVN.US,D,20210414,000000,139.77,140.05,136.78,136.94,5794555,0
RIVN.US,D,20210415,000000,135.24,137.60,135.17,137.17,6744827,0
RIVN.US,D,20210416,000000,136.01,137.10,131.95,133.12,5895641,0
RIVN.US,D,20210419,000000,132.86,133.11,121.19,126.23,5379234,0
RIVN.US,D,20210419,000000,128.83,130.72,126.34,127.06,7512040,0
RIVN.US,D,20210419,000000,126.85,129.27,124.25,124.57,5381453,0
RIVN.US,D,20210420,000000,126.55,127.88,126.31,127.45,3461017,0
RIVN.US,D,20210421,000000,125.22,129.02,125.05,127.81,7900976,0
RIVN.US,D,20210422,000000,127.08,128.21,124.82,124.86,8505037,0
RIVN.US,D,20210423,000000,127.76,131.70,126.94,129.44,7940742,0
RIVN.US,D,20210426,000000,129.61,130.99,129.23,130.19,6804527,0
RIVN.US,D,20210426,000000,131.74,138.18,130.52,135.95,6742965,0
RIVN.US,D,20210426,000000,133.67,133.73,130.34,130.44,6551748,0
RIVN.US,D,20210427,000000,134.09,134.50,119.74,123.50,5426055,0
RIVN.US,D,20210428,000000,121.26,121.31,117.42,117.64,3930574,0
RIVN.US,D,20210429,000000,119.45,128.67,117.49,124.38,3885056,0
RIVN.US,D,20210430,000000,125.87,127.38,120.79,122.92,7088619,0
RIVN.US,D,20210503,000000,122.74,139.44,119.33,135.47,5797602,0
RIVN.US,D,20210503,000000,137.86,137.88,137.27,137.46,4509773,0
RIVN.US,D,20210503,000000,137.32,148.37,135.50,144.37,5056407,0
RIVN.US,D,20210504,000000,143.45,144.28,139.24,141.57,3239933,0
RIVN.US,D,20210505,000000,141.42,142.56,141.05,142.06,6483145,0
RIVN.US,D,20210506,000000,142.79,143.33,138.48,140.27,6379217,0
RIVN.US,D,20210507,000000,140.44,141.03,136.60,137.04,8561082,0
RIVN.US,D,20210510,000000,137.38,138.53,129.89,131.08,4838466,0
RIVN.US,D,20210510,000000,130.66,131.12,128.14,129.55,7116879,0
RIVN.US,D,20210510,000000,128.42,135.17,126.56,133.31,3363399,0
RIVN.US,D,20210511,000000,134.23,135.29,125.44,127.84,5471916,0
RIVN.US,D,20210512,000000,125.65,126.68,119.42,123.15,4412266,0
RIVN.US,D,20210513,000000,120.83,122.77,120.50,121.06,5603665,0
RIVN.US,D,20210514,000000,118.70,118.87,114.09,114.45,4918429,0
RIVN.US,D,20210517,000000,114.16,114.16,113.96,114.00,6582509,0
RIVN.US,D,20210517,000000,115.82,118.12,115.26,118.02,7859367,0
RIVN.US,D,20210517,000000,116.95,118.50,116.38,118.19,3160681,0
RIVN.US,D,20210518,000000,117.89,124.30,116.57,123.28,3788471,0
RIVN.US,D,20210519,000000,125.32,125.39,124.77,124.91,3616963,0
RIVN.US,D,20210520,000000,122.61,123.72,112.40,112.89,4008458,0
RIVN.US,D,20210521,000000,112.61,112.75,111.44,111.87,5413212,0
RIVN.US,D,20210524,000000,113.07,116.92,102.91,103.82,4185288,0
RIVN.US,D,20210524,000000,104.59,106.28,104.48,106.22,6470289,0
RIVN.US,D,20210524,000000,106.38,113.74,104.29,110.97,5006431,0
RIVN.US,D,20210525,000000,112.34,115.50,104.06,108.04,6389805,0
RIVN.US,D,20210526,000000,108.58,108.79,102.10,102.98,7132893,0
RIVN.US,D,20210527,000000,103.38,104.59,99.68,101.62,3604754,0
RIVN.US,D,20210528,000000,100.29,103.23,99.85,102.72,4560775,0
RIVN.US,D,20210531,000000,105.68,105.99,99.65,102.01,7581114,0
RIVN.US,D,20210531,000000,101.95,106.76,98.94,102.63,8989498,0
RIVN.US,D,20210531,000000,105.89,107.31,105.51,106.88,4064998,0
RIVN.US,D,20210601,000000,107.31,113.74,104.58,113.15,4441438,0
RIVN.US,D,20210602,000000,112.88,116.50,103.90,105.42,3616985,0
RIVN.US,D,20210603,000000,106.54,113.81,90.22,97.33,5258502,0
RIVN.US,D,20210604,000000,97.05,98.11,87.15,91.21,7562634,0
RIVN.US,D,20210607,000000,89.27,92.19,88.26,92.06,8461912,0
RIVN.US,D,20210607,000000,91.54,103.63,89.31,102.81,5787672,0
RIVN.US,D,20210607,000000,103.15,108.56,102.23,107.38,8577659,0
RIVN.US,D,20210608,000000,103.90,119.77,99.79,115.19,3008927,0
RIVN.US,D,20210609,000000,115.57,123.65,114.92,121.59,5666339,0
RIVN.US,D,20210610,000000,122.46,124.44,116.44,117.79,8653889,0
RIVN.US,D,20210611,000000,118.72,123.94,117.75,121.90,4924421,0
RIVN.US,D,20210614,000000,121.36,124.44,121.09,124.06,7859376,0
RIVN.US,D,20210614,000000,126.57,127.62,120.25,122.89,7778284,0
RIVN.US,D,20210614,000000,124.40,128.63,123.18,127.02,8104922,0
RIVN.US,D,20210615,000000,124.90,129.28,124.65,127.16,5387165,0
RIVN.US,D,20210616,000000,128.47,132.79,116.79,120.23,5944281,0
RIVN.US,D,20210617,000000,116.24,116.81,111.46,113.32,4678889,0
RIVN.US,D,20210618,000000,112.81,112.89,99.91,104.59,6653081,0
RIVN.US,D,20210621,000000,108.19,108.89,104.30,104.62,4448430,0
RIVN.US,D,20210621,000000,106.75,107.68,100.29,100.58,5869636,0
RIVN.US,D,20210621,000000,102.78,104.17,94.31,97.64,8105998,0
RIVN.US,D,20210622,000000,96.73,97.15,96.58,97.10,8243453,0
RIVN.US,D,20210623,000000,95.18,97.69,94.52,96.52,4878651,0
RIVN.US,D,20210624,000000,95.24,95.48,89.05,89.87,4305981,0
RIVN.US,D,20210625,000000,90.20,95.01,82.31,82.45,8254350,0
RIVN.US,D,20210628,000000,83.31,83.97,76.84,78.32,5372873,0
RIVN.US,D,20210628,000000,77.82,78.56,74.73,75.12,8150040,0
RIVN.US,D,20210628,000000,76.07,76.11,72.62,73.79,3263070,0
RIVN.US,D,20210629,000000,74.23,75.11,65.40,69.64,8256754,0
RIVN.US,D,20210630,000000,70.83,71.48,64.65,65.12,6071241,0
RIVN.US,D,20210701,000000,65.19,65.66,62.75,63.96,6812355,0
RIVN.US,D,20210702,000000,63.69,63.82,63.36,63.43,6460227,0
RIVN.US,D,20210705,000000,63.39,63.44,62.53,62.76,8203650,0
RIVN.US,D,20210705,000000,62.50,65.04,62.19,64.13,8591814,0
RIVN.US,D,20210705,000000,63.59,64.35,62.95,64.26,5663198,0
RIVN.US,D,20210706,000000,65.86,66.10,64.71,65.40,3708485,0
RIVN.US,D,20210707,000000,66.24,66.97,66.01,66.45,4472640,0
RIVN.US,D,20210708,000000,66.35,66.37,64.68,65.47,4289029,0
RIVN.US,D,20210709,000000,66.00,72.00,65.45,70.72,8312759,0
RIVN.US,D,20210712,000000,71.56,73.84,71.33,73.04,3386765,0
RIVN.US,D,20210712,000000,74.65,74.77,74.56,74.58,4099441,0
RIVN.US,D,20210712,000000,73.61,74.31,73.51,73.91,7942994,0
RIVN.US,D,20210713,000000,73.98,74.01,67.23,68.41,6133854,0
RIVN.US,D,20210714,000000,69.95,72.86,69.04,71.47,5746721,0
RIVN.US,D,20210715,000000,71.61,72.57,67.86,68.02,4202571,0
RIVN.US,D,20210716,000000,67.31,69.80,66.74,69.69,4010894,0
RIVN.US,D,20210719,000000,68.88,72.74,68.01,72.68,3490608,0
RIVN.US,D,20210719,000000,71.36,72.29,67.26,68.12,3503006,0
RIVN.US,D,20210719,000000,70.16,70.31,68.60,68.74,8575238,0
RIVN.US,D,20210720,000000,69.89,70.53,64.26,66.47,3851097,0
RIVN.US,D,20210721,000000,65.01,65.17,63.23,63.60,7146489,0
RIVN.US,D,20210722,000000,64.31,67.71,63.42,66.77,3251315,0
RIVN.US,D,20210723,000000,65.80,66.62,61.23,61.50,3966786,0
RIVN.US,D,20210726,000000,62.94,63.06,60.67,61.60,6476205,0
RIVN.US,D,20210726,000000,62.42,64.50,61.77,64.17,5416832,0
RIVN.US,D,20210726,000000,63.55,63.84,62.48,62.79,5220427,0
RIVN.US,D,20210727,000000,64.28,66.16,63.70,65.46,8237008,0
RIVN.US,D,20210728,000000,64.67,65.72,64.33,65.52,6437062,0
RIVN.US,D,20210729,000000,63.34,66.90,62.77,65.77,7236908,0
RIVN.US,D,20210730,000000,63.04,72.60,62.11,69.58,7778548,0
RIVN.US,D,20210802,000000,69.29,70.01,61.69,64.28,4262824,0
RIVN.US,D,20210802,000000,65.90,69.75,65.41,67.29,6286875,0
RIVN.US,D,20210802,000000,66.07,70.74,65.29,69.11,4591401,0
RIVN.US,D,20210803,000000,71.15,72.46,70.87,72.42,8596768,0
RIVN.US,D,20210804,000000,74.37,75.05,72.05,72.47,4006472,0
RIVN.US,D,20210805,000000,72.17,83.08,71.36,81.02,8248390,0
RIVN.US,D,20210806,000000,81.32,85.89,80.54,84.77,3406377,0
RIVN.US,D,20210809,000000,84.40,84.45,84.01,84.12,5924274,0
RIVN.US,D,20210809,000000,85.32,88.31,85.14,87.69,7554774,0
RIVN.US,D,20210809,000000,86.01,86.54,79.54,81.04,8925738,0
RIVN.US,D,20210810,000000,80.68,81.05,77.59,79.13,5541005,0
RIVN.US,D,20210811,000000,78.91,79.73,75.60,76.47,4821311,0
RIVN.US,D,20210812,000000,77.39,77.96,66.98,67.44,4582795,0
