<TICKER>,<PER>,<DATE>,<TIME>,<OPEN>,<HIGH>,<LOW>,<CLOSE>,<VOL>,<OPENINT>
ROKU.US,D,20180102,000000,71.11,71.19,69.76,69.97,2917655,0
ROKU.US,D,20180103,000000,69.74,69.84,69.66,69.77,1736340,0
ROKU.US,D,20180104,000000,69.30,69.54,69.15,69.46,2889194,0
ROKU.US,D,20180105,000000,69.37,69.42,69.02,69.18,2018806,0
ROKU.US,D,20180108,000000,69.14,69.14,67.74,67.92,2595766,0
ROKU.US,D,20180108,000000,68.13,69.26,65.00,65.74,2529791,0
ROKU.US,D,20180108,000000,65.54,67.42,65.03,66.78,3055181,0
ROKU.US,D,20180109,000000,66.67,66.96,66.62,66.91,3093333,0
ROKU.US,D,20180110,000000,67.12,68.36,66.94,68.17,4474001,0
ROKU.US,D,20180111,000000,69.08,69.70,67.54,67.99,2717807,0
ROKU.US,D,20180112,000000,68.33,69.78,68.17,69.54,3639153,0
ROKU.US,D,20180115,000000,70.09,72.69,69.49,72.51,1913045,0
ROKU.US,D,20180115,000000,72.97,73.24,72.91,73.12,1610380,0
ROKU.US,D,20180115,000000,72.89,74.69,69.46,69.72,3034929,0
ROKU.US,D,20180116,000000,69.28,76.67,67.07,74.69,3549122,0
ROKU.US,D,20180117,000000,74.32,74.36,74.23,74.23,3638488,0
ROKU.US,D,20180118,000000,74.88,75.03,73.43,73.75,3593396,0
ROKU.US,D,20180119,000000,73.05,74.02,72.94,73.54,4241842,0
ROKU.US,D,20180122,000000,73.09,73.15,67.16,69.74,3555710,0
ROKU.US,D,20180122,000000,70.22,70.56,68.69,68.97,3438638,0
ROKU.US,D,20180122,000000,68.32,74.78,65.14,72.70,2483196,0
ROKU.US,D,20180123,000000,72.01,72.13,71.18,71.41,3212020,0
ROKU.US,D,20180124,000000,71.43,73.73,70.81,73.45,4498178,0
ROKU.US,D,20180125,000000,74.36,74.73,72.78,72.81,2904682,0
ROKU.US,D,20180126,000000,72.22,72.48,70.35,70.96,3002045,0
ROKU.US,D,20180129,000000,70.99,71.42,69.65,69.67,2543801,0
ROKU.US,D,20180129,000000,70.89,72.20,70.71,71.49,2102353,0
ROKU.US,D,20180129,000000,72.15,72.47,71.10,72.32,2599563,0
ROKU.US,D,20180130,000000,71.71,73.26,70.47,70.92,3233247,0
ROKU.US,D,20180131,000000,71.04,74.14,70.88,73.13,1650163,0
ROKU.US,D,20180201,000000,72.78,73.80,69.57,70.46,2474518,0
ROKU.US,D,20180202,000000,70.62,72.32,70.01,72.07,3960594,0
ROKU.US,D,20180205,000000,72.95,72.99,72.87,72.90,2057206,0
ROKU.US,D,20180205,000000,73.40,73.68,69.68,71.02,2939212,0
ROKU.US,D,20180205,000000,72.20,72.24,72.10,72.15,3843260,0
ROKU.US,D,20180206,000000,72.71,72.96,70.69,71.25,3036693,0
ROKU.US,D,20180207,000000,71.81,73.27,71.60,72.56,3604785,0
ROKU.US,D,20180208,000000,73.18,73.30,71.79,72.42,3750974,0
ROKU.US,D,20180209,000000,73.85,74.12,70.43,70.46,3320721,0
ROKU.US,D,20180212,000000,69.95,71.17,67.64,68.14,3479467,0
ROKU.US,D,20180212,000000,67.80,67.81,65.60,65.99,2477561,0
ROKU.US,D,20180212,000000,65.36,65.38,63.64,63.88,2385004,0
ROKU.US,D,20180213,000000,62.60,64.92,61.81,64.23,3732265,0
ROKU.US,D,20180214,000000,65.31,65.42,62.60,63.62,3455972,0
ROKU.US,D,20180215,000000,63.75,63.78,62.86,63.21,2607062,0
ROKU.US,D,20180216,000000,63.76,64.46,62.69,62.74,3215847,0
ROKU.US,D,20180219,000000,62.55,63.76,62.38,63.13,3737606,0
ROKU.US,D,20180219,000000,63.32,64.27,63.04,63.97,3543812,0
ROKU.US,D,20180219,000000,63.84,70.65,63.82,67.47,4292831,0
ROKU.US,D,20180220,000000,67.83,69.80,67.58,69.51,3086954,0
ROKU.US,D,20180221,000000,69.57,69.57,68.37,68.84,2180476,0
ROKU.US,D,20180222,000000,69.08,74.41,67.92,74.27,2805801,0
ROKU.US,D,20180223,000000,72.73,74.91,72.60,73.99,3001803,0
ROKU.US,D,20180226,000000,74.35,81.27,71.33,80.26,2686581,0
ROKU.US,D,20180226,000000,80.12,80.70,79.48,79.52,3859342,0
ROKU.US,D,20180226,000000,78.80,78.95,77.15,77.95,1512685,0
ROKU.US,D,20180227,000000,78.63,79.05,77.45,77.63,2782513,0
ROKU.US,D,20180228,000000,77.94,77.98,76.87,77.61,4087654,0
ROKU.US,D,20180301,000000,78.12,80.51,77.83,79.80,2494053,0
ROKU.US,D,20180302,000000,78.93,81.95,78.25,81.47,1715927,0
ROKU.US,D,20180305,000000,82.29,82.91,80.42,81.17,4242713,0
ROKU.US,D,20180305,000000,80.92,86.27,80.25,85.62,2037222,0
ROKU.US,D,20180305,000000,84.09,85.57,80.02,80.81,3424143,0
ROKU.US,D,20180306,000000,81.49,82.70,76.14,78.97,3130644,0
ROKU.US,D,20180307,000000,79.54,80.29,71.80,74.12,2096408,0
ROKU.US,D,20180308,000000,74.90,74.93,73.67,74.06,2715808,0
ROKU.US,D,20180309,000000,74.22,74.27,74.13,74.24,2243483,0
ROKU.US,D,20180312,000000,72.20,72.48,67.95,69.24,4497942,0
ROKU.US,D,20180312,000000,68.35,72.42,67.03,70.92,2383399,0
ROKU.US,D,20180312,000000,72.18,72.47,70.01,70.70,1857030,0
ROKU.US,D,20180313,000000,71.59,73.05,65.22,65.64,3550725,0
ROKU.US,D,20180314,000000,64.96,65.47,64.47,65.40,2496793,0
ROKU.US,D,20180315,000000,65.63,65.71,64.66,64.90,4424757,0
ROKU.US,D,20180316,000000,64.87,65.40,64.79,65.29,4341890,0
ROKU.US,D,20180319,000000,65.70,67.68,65.31,66.86,2897179,0
ROKU.US,D,20180319,000000,66.50,66.93,63.07,63.53,3853264,0
ROKU.US,D,20180319,000000,63.96,72.01,62.06,68.36,3289629,0
ROKU.US,D,20180320,000000,68.15,68.21,66.23,67.02,2110446,0
ROKU.US,D,20180321,000000,67.17,71.61,66.79,69.80,3956859,0
ROKU.US,D,20180322,000000,69.33,69.38,68.95,69.07,4153031,0
ROKU.US,D,20180323,000000,69.08,70.07,68.91,69.96,3908128,0
ROKU.US,D,20180326,000000,69.80,71.76,69.62,71.19,3463026,0
ROKU.US,D,20180326,000000,71.49,71.95,69.49,70.35,2051904,0
ROKU.US,D,20180326,000000,69.86,70.51,69.79,70.30,4040802,0
ROKU.US,D,20180327,000000,69.76,69.82,69.25,69.34,3088820,0
ROKU.US,D,20180328,000000,68.22,71.63,68.07,70.37,3368093,0
ROKU.US,D,20180329,000000,70.98,72.16,70.76,71.97,4404715,0
ROKU.US,D,20180330,000000,72.16,72.63,70.78,70.84,3602509,0
ROKU.US,D,20180402,000000,70.59,72.47,70.46,72.03,2152358,0
ROKU.US,D,20180402,000000,72.74,72.84,68.49,70.19,3928303,0
ROKU.US,D,20180402,000000,70.56,71.03,70.51,70.86,3962846,0
ROKU.US,D,20180403,000000,70.78,72.28,70.52,71.75,3014426,0
ROKU.US,D,20180404,000000,71.96,72.02,71.70,71.81,2171944,0
ROKU.US,D,20180405,000000,70.56,70.63,70.31,70.41,2464853,0
ROKU.US,D,20180406,000000,70.57,72.36,69.94,72.15,2925221,0
ROKU.US,D,20180409,000000,72.26,72.35,72.09,72.11,2185593,0
ROKU.US,D,20180409,000000,72.55,72.70,69.66,70.11,1849084,0
ROKU.US,D,20180409,000000,70.41,71.95,65.13,67.51,3380009,0
ROKU.US,D,20180410,000000,66.52,67.07,65.93,67.03,2404823,0
ROKU.US,D,20180411,000000,66.85,67.38,65.20,65.68,2156674,0
ROKU.US,D,20180412,000000,65.37,65.41,63.47,64.40,3248886,0
ROKU.US,D,20180413,000000,64.67,64.73,61.80,62.42,3312730,0
ROKU.US,D,20180416,000000,62.69,63.94,61.94,63.83,2073416,0
ROKU.US,D,20180416,000000,63.80,68.82,63.70,67.99,4319342,0
ROKU.US,D,20180416,000000,67.98,68.93,62.73,64.27,2215742,0
ROKU.US,D,20180417,000000,64.03,65.94,63.90,65.57,4428561,0
ROKU.US,D,20180418,000000,65.41,71.20,65.08,70.05,4321606,0
ROKU.US,D,20180419,000000,69.64,71.83,69.49,70.40,3326119,0
ROKU.US,D,20180420,000000,71.15,75.59,69.32,75.13,3770327,0
ROKU.US,D,20180423,000000,73.86,74.37,68.68,70.17,3869293,0
ROKU.US,D,20180423,000000,70.24,70.32,67.07,67.21,3751433,0
ROKU.US,D,20180423,000000,66.92,67.53,62.48,62.93,2852151,0
ROKU.US,D,20180424,000000,62.93,63.32,56.82,58.61,3578347,0
ROKU.US,D,20180425,000000,57.87,57.93,57.15,57.53,3391609,0
ROKU.US,D,20180426,000000,56.68,58.12,56.53,57.25,3450030,0
ROKU.US,D,20180427,000000,57.48,58.40,57.17,58.35,3313137,0
ROKU.US,D,20180430,000000,59.07,59.47,54.85,55.18,3109406,0
ROKU.US,D,20180430,000000,55.58,59.38,55.21,58.54,3424932,0
ROKU.US,D,20180430,000000,57.76,60.23,57.57,59.84,4415284,0
ROKU.US,D,20180501,000000,60.89,61.89,60.58,61.72,3260016,0
ROKU.US,D,20180502,000000,61.65,61.98,58.32,59.30,1806281,0
ROKU.US,D,20180503,000000,59.82,64.63,57.87,62.84,2192665,0
ROKU.US,D,20180504,000000,62.95,63.00,60.98,61.55,2948798,0
ROKU.US,D,20180507,000000,61.85,62.78,58.73,60.16,4275751,0
ROKU.US,D,20180507,000000,60.50,60.81,60.45,60.72,3010685,0
ROKU.US,D,20180507,000000,60.58,61.53,60.25,61.48,3252245,0
ROKU.US,D,20180508,000000,61.68,62.89,61.65,62.66,2006829,0
ROKU.US,D,20180509,000000,61.67,62.04,61.50,61.56,3274874,0
ROKU.US,D,20180510,000000,61.65,61.89,60.16,60.85,3748279,0
ROKU.US,D,20180511,000000,61.49,61.64,58.39,59.15,2536894,0
ROKU.US,D,20180514,000000,59.32,62.26,58.89,61.45,3066767,0
ROKU.US,D,20180514,000000,61.83,62.57,61.41,62.24,2368587,0
ROKU.US,D,20180514,000000,62.38,63.24,60.31,60.56,2562812,0
ROKU.US,D,20180515,000000,60.90,60.90,60.77,60.81,2857375,0
ROKU.US,D,20180516,000000,60.61,60.72,60.06,60.44,3674932,0
ROKU.US,D,20180517,000000,60.70,61.24,59.23,59.50,1955281,0
ROKU.US,D,20180518,000000,59.86,60.30,59.74,60.20,4035526,0
ROKU.US,D,20180521,000000,60.18,60.30,58.68,59.29,4417249,0
ROKU.US,D,20180521,000000,59.21,59.28,58.86,58.92,4493299,0
ROKU.US,D,20180521,000000,59.00,59.01,58.85,58.94,2080404,0
ROKU.US,D,20180522,000000,58.93,58.98,57.69,58.29,2896355,0
ROKU.US,D,20180523,000000,58.21,58.22,57.92,58.05,3606354,0
ROKU.US,D,20180524,000000,58.12,58.35,58.11,58.32,2214868,0
ROKU.US,D,20180525,000000,58.35,58.58,58.29,58.55,4274535,0
ROKU.US,D,20180528,000000,58.72,58.83,58.70,58.82,4313855,0
ROKU.US,D,20180528,000000,59.03,59.16,58.02,58.49,4440826,0
ROKU.US,D,20180528,000000,58.64,58.64,58.49,58.51,2478810,0
ROKU.US,D,20180529,000000,58.16,58.55,57.03,57.44,2783544,0
ROKU.US,D,20180530,000000,57.55,57.76,57.01,57.04,2393191,0
ROKU.US,D,20180531,000000,57.02,57.92,56.86,57.52,3752888,0
ROKU.US,D,20180601,000000,57.36,57.38,57.17,57.22,1595390,0
ROKU.US,D,20180604,000000,57.03,57.12,56.86,56.98,3563179,0
ROKU.US,D,20180604,000000,56.91,57.04,56.73,56.74,4232129,0
ROKU.US,D,20180604,000000,56.75,56.83,55.83,55.89,1519948,0
ROKU.US,D,20180605,000000,55.90,57.45,55.45,57.44,3165130,0
ROKU.US,D,20180606,000000,57.48,58.52,57.30,58.17,1885204,0
ROKU.US,D,20180607,000000,58.29,58.52,58.22,58.46,1598054,0
ROKU.US,D,20180608,000000,58.42,58.72,58.30,58.67,4154317,0
ROKU.US,D,20180611,000000,58.62,58.80,58.62,58.73,4199181,0
ROKU.US,D,20180611,000000,58.73,58.81,58.39,58.53,2476851,0
ROKU.US,D,20180611,000000,58.52,58.87,58.45,58.71,2223531,0
ROKU.US,D,20180612,000000,58.67,59.12,58.58,59.06,4352244,0
ROKU.US,D,20180613,000000,59.02,59.10,58.51,58.64,2420165,0
ROKU.US,D,20180614,000000,58.56,59.07,58.52,58.86,4244686,0
ROKU.US,D,20180615,000000,58.91,58.92,58.85,58.90,3639439,0
ROKU.US,D,20180618,000000,59.02,59.15,58.36,58.57,4225561,0
ROKU.US,D,20180618,000000,58.51,58.74,58.48,58.59,4074893,0
ROKU.US,D,20180618,000000,58.63,58.68,58.32,58.36,3983857,0
ROKU.US,D,20180619,000000,58.11,58.25,58.10,58.21,2867508,0
ROKU.US,D,20180620,000000,58.27,58.32,58.27,58.31,3632917,0
ROKU.US,D,20180621,000000,58.39,58.40,57.92,58.12,2683812,0
ROKU.US,D,20180622,000000,58.16,58.28,57.69,57.70,2320907,0
ROKU.US,D,20180625,000000,57.83,58.03,57.57,57.93,4085324,0
ROKU.US,D,20180625,000000,57.78,58.27,57.74,58.03,3128374,0
ROKU.US,D,20180625,000000,58.02,59.31,57.90,58.83,1755086,0
ROKU.US,D,20180626,000000,58.87,58.93,58.32,58.38,3146460,0
ROKU.US,D,20180627,000000,58.37,58.39,58.33,58.34,3421225,0
ROKU.US,D,20180628,000000,58.27,58.38,58.23,58.36,4437592,0
ROKU.US,D,20180629,000000,58.38,58.73,58.14,58.71,3228542,0
ROKU.US,D,20180702,000000,58.86,59.16,58.85,59.02,1570097,0
ROKU.US,D,20180702,000000,59.04,60.21,58.91,59.91,4340385,0
ROKU.US,D,20180702,000000,59.87,59.88,59.80,59.87,3024044,0
ROKU.US,D,20180703,000000,60.00,60.02,59.85,59.90,4429533,0
ROKU.US,D,20180704,000000,60.09,60.16,59.75,59.87,3926969,0
ROKU.US,D,20180705,000000,59.92,60.03,59.87,59.96,2300499,0
ROKU.US,D,20180706,000000,59.87,60.03,59.72,60.03,2226199,0
ROKU.US,D,20180709,000000,60.14,60.56,60.11,60.47,1535631,0
ROKU.US,D,20180709,000000,60.44,60.54,60.41,60.54,2531350,0
ROKU.US,D,20180709,000000,60.60,60.65,59.16,59.51,2127834,0
ROKU.US,D,20180710,000000,59.54,59.93,58.48,58.58,4157085,0
ROKU.US,D,20180711,000000,58.74,59.25,58.45,59.15,3192041,0
ROKU.US,D,20180712,000000,59.01,59.06,58.16,58.32,3493032,0
ROKU.US,D,20180713,000000,58.26,58.58,57.11,57.64,3550167,0
ROKU.US,D,20180716,000000,57.68,58.26,57.61,58.13,2154565,0
ROKU.US,D,20180716,000000,58.33,59.43,58.15,58.97,2808022,0
ROKU.US,D,20180716,000000,58.87,59.48,58.54,59.47,4379571,0
ROKU.US,D,20180717,000000,59.49,59.90,59.41,59.73,2381022,0
ROKU.US,D,20180718,000000,59.85,60.19,59.72,60.07,4240508,0
ROKU.US,D,20180719,000000,60.27,60.31,59.67,59.79,3711227,0
ROKU.US,D,20180720,000000,59.57,59.89,59.42,59.83,2612314,0
ROKU.US,D,20180723,000000,59.72,59.74,59.61,59.65,1722422,0
ROKU.US,D,20180723,000000,59.60,60.61,59.55,60.32,3371946,0
ROKU.US,D,20180723,000000,60.23,60.37,60.23,60.32,2748015,0
ROKU.US,D,20180724,000000,60.27,60.56,60.26,60.53,2111162,0
ROKU.US,D,20180725,000000,60.44,60.48,60.43,60.47,2792765,0
ROKU.US,D,20180726,000000,60.46,60.47,60.46,60.46,1544072,0
ROKU.US,D,20180727,000000,60.27,60.99,60.03,60.99,1909162,0
ROKU.US,D,20180730,000000,61.11,61.14,61.04,61.05,2189480,0
ROKU.US,D,20180730,000000,60.76,62.18,60.09,61.64,3002944,0
ROKU.US,D,20180730,000000,61.68,62.87,61.53,62.37,3550866,0
ROKU.US,D,20180731,000000,62.41,62.73,60.83,61.36,1780994,0
ROKU.US,D,20180801,000000,61.52,62.18,61.47,61.82,3299869,0
ROKU.US,D,20180802,000000,61.92,63.13,61.73,62.72,2346439,0
ROKU.US,D,20180803,000000,62.43,63.06,62.28,62.80,4450919,0
ROKU.US,D,20180806,000000,62.60,63.23,62.57,63.06,2624836,0
ROKU.US,D,20180806,000000,63.23,63.24,62.93,63.07,2799428,0
ROKU.US,D,20180806,000000,62.61,62.78,62.58,62.76,4223638,0
ROKU.US,D,20180807,000000,62.99,63.06,61.97,62.21,3888774,0
ROKU.US,D,20180808,000000,62.14,62.40,62.08,62.39,4479565,0
ROKU.US,D,20180809,000000,62.40,62.96,62.20,62.78,4331914,0
ROKU.US,D,20180810,000000,62.56,62.77,61.11,61.49,2835971,0
ROKU.US,D,20180813,000000,61.43,62.08,61.32,61.95,2032880,0
ROKU.US,D,20180813,000000,61.83,63.02,61.64,62.98,1633162,0
ROKU.US,D,20180813,000000,62.73,64.57,62.51,64.20,3213296,0
ROKU.US,D,20180814,000000,64.15,65.58,63.77,65.23,1732843,0
ROKU.US,D,20180815,000000,64.97,65.02,64.95,65.02,2293013,0
ROKU.US,D,20180816,000000,65.21,65.31,64.65,64.72,2914930,0
ROKU.US,D,20180817,000000,64.42,65.33,63.79,65.32,3927072,0
ROKU.US,D,20180820,000000,65.42,65.63,62.53,63.55,1940301,0
ROKU.US,D,20180820,000000,63.90,65.09,63.88,64.79,4460990,0
ROKU.US,D,20180820,000000,64.57,65.01,64.45,64.99,3640459,0
ROKU.US,D,20180821,000000,64.81,67.39,64.56,67.00,2129441,0
ROKU.US,D,20180822,000000,66.73,66.83,65.47,65.94,2658286,0
ROKU.US,D,20180823,000000,65.69,66.37,65.56,66.23,3750282,0
ROKU.US,D,20180824,000000,66.23,68.07,65.54,67.83,1593725,0
ROKU.US,D,20180827,000000,67.90,67.99,66.95,67.11,4237270,0
ROKU.US,D,20180827,000000,67.56,67.59,66.98,67.09,3443889,0
ROKU.US,D,20180827,000000,67.05,68.72,66.42,68.17,3613972,0
ROKU.US,D,20180828,000000,67.82,67.87,66.97,67.08,3030405,0
ROKU.US,D,20180829,000000,67.06,67.11,67.02,67.10,3191060,0
ROKU.US,D,20180830,000000,67.39,69.03,67.26,68.53,1589703,0
ROKU.US,D,20180831,000000,68.55,69.54,68.46,69.06,2116421,0
ROKU.US,D,20180903,000000,69.63,69.69,67.90,68.48,2964118,0
ROKU.US,D,20180903,000000,68.25,69.08,67.92,68.93,1517860,0
ROKU.US,D,20180903,000000,68.91,69.03,66.10,67.28,2250505,0
ROKU.US,D,20180904,000000,67.20,68.26,67.07,67.67,2931233,0
ROKU.US,D,20180905,000000,67.75,70.32,67.64,69.63,4407702,0
ROKU.US,D,20180906,000000,69.91,73.55,69.12,71.93,2502582,0
ROKU.US,D,20180907,000000,72.69,72.77,71.95,72.02,1514014,0
ROKU.US,D,20180910,000000,72.25,72.32,68.92,69.31,3071860,0
ROKU.US,D,20180910,000000,69.33,71.63,69.20,71.17,2262761,0
ROKU.US,D,20180910,000000,70.94,72.67,70.92,72.31,3810486,0
ROKU.US,D,20180911,000000,72.76,72.77,69.84,70.52,2721513,0
ROKU.US,D,20180912,000000,71.33,73.00,71.09,72.23,1847904,0
ROKU.US,D,20180913,000000,72.14,72.41,72.10,72.23,4371355,0
ROKU.US,D,20180914,000000,73.10,75.12,72.98,74.78,3667781,0
ROKU.US,D,20180917,000000,74.40,75.05,72.34,72.47,2346723,0
ROKU.US,D,20180917,000000,72.55,72.71,71.00,71.36,3171888,0
ROKU.US,D,20180917,000000,71.59,72.79,67.76,68.10,2242518,0
ROKU.US,D,20180918,000000,67.72,67.91,67.57,67.76,1972970,0
ROKU.US,D,20180919,000000,68.35,68.61,68.23,68.44,3737643,0
ROKU.US,D,20180920,000000,68.38,70.05,68.27,69.59,2778865,0
ROKU.US,D,20180921,000000,69.64,72.82,69.54,72.82,4252370,0
ROKU.US,D,20180924,000000,73.83,75.82,73.60,75.68,4098868,0
ROKU.US,D,20180924,000000,76.03,76.05,74.93,75.05,3425623,0
ROKU.US,D,20180924,000000,75.45,75.66,73.61,73.85,3996828,0
ROKU.US,D,20180925,000000,73.56,76.14,73.41,76.02,2500513,0
ROKU.US,D,20180926,000000,76.03,78.22,75.22,77.44,3977064,0
ROKU.US,D,20180927,000000,77.50,77.58,77.08,77.21,2175106,0
ROKU.US,D,20180928,000000,78.01,78.16,73.90,75.33,2361626,0
ROKU.US,D,20181001,000000,74.46,78.28,74.14,78.23,2462781,0
ROKU.US,D,20181001,000000,78.42,78.96,76.06,76.07,4349469,0
ROKU.US,D,20181001,000000,75.06,75.44,74.99,75.44,4260937,0
ROKU.US,D,20181002,000000,75.26,75.33,72.10,73.46,3032244,0
ROKU.US,D,20181003,000000,72.95,73.25,69.88,71.13,2199777,0
ROKU.US,D,20181004,000000,71.04,71.53,69.10,69.24,4467046,0
ROKU.US,D,20181005,000000,67.71,69.87,67.28,68.84,3970269,0
ROKU.US,D,20181008,000000,69.38,69.99,64.54,66.21,2809796,0
ROKU.US,D,20181008,000000,65.20,66.60,64.61,66.14,4084784,0
ROKU.US,D,20181008,000000,65.95,67.38,59.40,60.94,1577625,0
ROKU.US,D,20181009,000000,61.19,64.09,60.49,63.37,2522278,0
ROKU.US,D,20181010,000000,63.84,65.53,63.57,65.21,3867907,0
ROKU.US,D,20181011,000000,65.50,71.53,63.92,69.76,3337589,0
ROKU.US,D,20181012,000000,70.92,71.09,69.54,69.99,1719412,0
ROKU.US,D,20181015,000000,69.22,71.71,68.68,70.42,2712190,0
ROKU.US,D,20181015,000000,71.35,74.25,71.18,73.97,2629784,0
ROKU.US,D,20181015,000000,73.13,73.83,72.86,73.41,2248163,0
ROKU.US,D,20181016,000000,73.70,73.72,72.30,72.68,2180473,0
ROKU.US,D,20181017,000000,72.45,72.53,71.86,72.34,3872502,0
ROKU.US,D,20181018,000000,72.58,73.87,68.07,69.00,2303456,0
ROKU.US,D,20181019,000000,69.19,71.58,69.08,71.35,1643288,0
ROKU.US,D,20181022,000000,71.03,71.22,65.02,68.25,1504414,0
ROKU.US,D,20181022,000000,68.31,71.86,68.24,70.76,3940576,0
ROKU.US,D,20181022,000000,71.11,74.35,69.72,72.66,1570374,0
ROKU.US,D,20181023,000000,74.51,75.69,74.28,75.57,2104157,0
ROKU.US,D,20181024,000000,75.37,75.89,74.99,75.32,3328767,0
ROKU.US,D,20181025,000000,75.45,79.54,75.31,78.63,3386142,0
ROKU.US,D,20181026,000000,79.46,80.01,79.46,79.96,3804843,0
ROKU.US,D,20181029,000000,79.78,80.48,74.47,75.36,1749423,0
ROKU.US,D,20181029,000000,75.15,76.03,67.17,71.13,2612439,0
ROKU.US,D,20181029,000000,71.85,72.30,70.90,71.30,1881641,0
ROKU.US,D,20181030,000000,71.54,71.91,69.85,70.14,1902841,0
ROKU.US,D,20181031,000000,70.87,72.72,70.77,72.25,2059095,0
ROKU.US,D,20181101,000000,71.87,75.39,71.15,74.50,4222970,0
ROKU.US,D,20181102,000000,74.94,75.18,74.91,75.15,3680136,0
ROKU.US,D,20181105,000000,75.24,80.67,74.89,79.26,2238778,0
ROKU.US,D,20181105,000000,78.74,79.04,75.59,76.24,4494550,0
ROKU.US,D,20181105,000000,77.27,80.54,76.93,79.68,4135329,0
ROKU.US,D,20181106,000000,80.52,86.72,79.99,86.50,1971668,0
ROKU.US,D,20181107,000000,86.69,87.65,83.24,84.12,3928411,0
ROKU.US,D,20181108,000000,84.42,87.14,83.99,86.87,3568853,0
ROKU.US,D,20181109,000000,85.75,86.24,84.79,85.63,1982512,0
ROKU.US,D,20181112,000000,87.41,88.45,79.17,80.86,3275106,0
ROKU.US,D,20181112,000000,82.20,82.26,77.60,78.32,2441354,0
ROKU.US,D,20181112,000000,77.51,77.63,73.42,74.95,2703025,0
ROKU.US,D,20181113,000000,75.14,75.29,73.93,74.74,3197995,0
ROKU.US,D,20181114,000000,74.43,74.66,68.87,70.12,1848491,0
ROKU.US,D,20181115,000000,70.96,71.48,67.17,67.99,1989734,0
ROKU.US,D,20181116,000000,68.45,70.04,67.95,69.93,2047852,0
ROKU.US,D,20181119,000000,70.54,71.03,70.48,70.87,3433393,0
ROKU.US,D,20181119,000000,70.74,72.73,70.53,72.57,2179552,0
ROKU.US,D,20181119,000000,71.27,75.23,70.98,74.45,3488686,0
ROKU.US,D,20181120,000000,75.53,75.81,69.16,69.62,4212804,0
ROKU.US,D,20181121,000000,69.83,73.93,68.97,71.79,3909466,0
ROKU.US,D,20181122,000000,72.28,72.48,71.87,72.23,2103890,0
ROKU.US,D,20181123,000000,71.06,80.20,71.03,77.21,2051279,0
ROKU.US,D,20181126,000000,76.22,76.64,73.13,74.99,1836154,0
ROKU.US,D,20181126,000000,73.80,75.23,73.49,74.99,1671441,0
ROKU.US,D,20181126,000000,75.64,79.82,74.15,79.21,4262054,0
ROKU.US,D,20181127,000000,80.39,80.65,75.32,76.78,4138674,0
ROKU.US,D,20181128,000000,77.70,78.22,75.57,76.51,2876750,0
ROKU.US,D,20181129,000000,77.09,82.56,76.45,81.39,2838334,0
ROKU.US,D,20181130,000000,78.40,78.50,78.25,78.35,3518624,0
ROKU.US,D,20181203,000000,78.38,81.01,76.09,76.11,2764136,0
ROKU.US,D,20181203,000000,76.81,77.72,76.78,76.97,2792087,0
ROKU.US,D,20181203,000000,76.71,77.56,75.20,76.05,2721948,0
ROKU.US,D,20181204,000000,76.15,77.29,76.04,77.17,3825125,0
ROKU.US,D,20181205,000000,77.93,78.76,77.13,77.14,1851526,0
ROKU.US,D,20181206,000000,76.27,76.38,73.82,73.85,2470769,0
ROKU.US,D,20181207,000000,75.09,75.65,74.98,75.14,3042630,0
ROKU.US,D,20181210,000000,75.35,75.47,71.07,73.41,3545374,0
ROKU.US,D,20181210,000000,72.75,73.65,70.99,71.33,1698089,0
ROKU.US,D,20181210,000000,72.47,75.90,71.48,75.65,1928527,0
ROKU.US,D,20181211,000000,75.65,80.98,75.53,79.28,3958492,0
ROKU.US,D,20181212,000000,77.52,78.75,77.30,78.54,4362555,0
ROKU.US,D,20181213,000000,78.42,78.91,78.23,78.60,2918622,0
ROKU.US,D,20181214,000000,78.94,79.18,77.32,77.34,2968397,0
ROKU.US,D,20181217,000000,77.74,78.28,77.34,77.71,4384479,0
ROKU.US,D,20181217,000000,77.63,78.02,76.07,76.25,4363702,0
ROKU.US,D,20181217,000000,76.79,77.61,72.42,73.14,1990204,0
ROKU.US,D,20181218,000000,71.64,75.82,70.32,74.98,2787684,0
ROKU.US,D,20181219,000000,75.49,75.62,71.71,71.74,2351430,0
ROKU.US,D,20181220,000000,69.79,70.20,69.63,70.12,1560198,0
ROKU.US,D,20181221,000000,69.15,70.53,67.31,67.38,2675820,0
ROKU.US,D,20181224,000000,68.07,70.35,67.86,70.25,3614434,0
ROKU.US,D,20181224,000000,70.45,75.59,69.69,74.58,2244595,0
ROKU.US,D,20181224,000000,75.38,76.04,74.57,75.12,4342491,0
ROKU.US,D,20181225,000000,75.44,75.64,74.20,74.39,3509187,0
ROKU.US,D,20181226,000000,73.63,76.59,72.86,75.53,3331364,0
ROKU.US,D,20181227,000000,76.55,78.33,75.89,77.62,3440078,0
ROKU.US,D,20181228,000000,76.59,76.62,74.75,75.13,3713059,0
ROKU.US,D,20181231,000000,73.82,79.08,71.43,78.39,3461662,0
ROKU.US,D,20181231,000000,75.45,75.64,73.96,74.23,3755324,0
ROKU.US,D,20181231,000000,73.95,74.55,71.00,71.10,3209196,0
ROKU.US,D,20190101,000000,69.65,69.86,65.26,65.97,1625356,0
ROKU.US,D,20190102,000000,65.74,66.02,64.32,64.99,2096757,0
ROKU.US,D,20190103,000000,64.85,66.83,63.86,66.58,2196674,0
ROKU.US,D,20190104,000000,65.43,69.68,65.20,69.66,3231718,0
ROKU.US,D,20190107,000000,67.50,69.03,67.47,68.51,4436107,0
ROKU.US,D,20190107,000000,69.36,69.59,65.96,66.37,2961732,0
ROKU.US,D,20190107,000000,66.68,66.84,64.73,64.88,3320306,0
ROKU.US,D,20190108,000000,64.71,67.07,64.13,66.60,2580359,0
ROKU.US,D,20190109,000000,66.19,66.98,63.17,63.82,4264934,0
ROKU.US,D,20190110,000000,63.93,64.62,62.28,62.80,2694568,0
ROKU.US,D,20190111,000000,63.32,63.83,59.88,61.49,3693856,0
ROKU.US,D,20190114,000000,61.65,61.84,56.69,57.53,1776303,0
ROKU.US,D,20190114,000000,57.95,58.64,56.20,56.71,3170330,0
ROKU.US,D,20190114,000000,57.03,57.30,55.88,56.04,1667852,0
ROKU.US,D,20190115,000000,55.96,56.74,53.78,54.61,1835378,0
ROKU.US,D,20190116,000000,54.49,57.68,54.25,56.25,2216454,0
ROKU.US,D,20190117,000000,56.41,56.76,54.73,55.41,2949795,0
ROKU.US,D,20190118,000000,56.54,57.69,55.92,57.50,4000432,0
ROKU.US,D,20190121,000000,57.71,58.29,57.69,58.03,1867820,0
ROKU.US,D,20190121,000000,58.27,59.64,58.11,59.53,3280719,0
ROKU.US,D,20190121,000000,59.26,59.34,59.03,59.24,4478430,0
ROKU.US,D,20190122,000000,59.33,59.66,59.19,59.34,1873914,0
ROKU.US,D,20190123,000000,59.53,60.09,58.56,58.71,2541076,0
ROKU.US,D,20190124,000000,58.16,58.19,56.90,57.42,2005222,0
ROKU.US,D,20190125,000000,58.00,58.97,57.99,58.59,3370498,0
ROKU.US,D,20190128,000000,57.99,58.12,55.93,56.73,4244181,0
ROKU.US,D,20190128,000000,57.13,62.13,56.61,60.86,2779587,0
ROKU.US,D,20190128,000000,61.32,61.36,60.32,60.33,1994858,0
ROKU.US,D,20190129,000000,59.50,60.29,59.39,60.28,3345287,0
ROKU.US,D,20190130,000000,60.06,61.06,57.83,58.07,4049243,0
ROKU.US,D,20190131,000000,57.66,60.37,57.42,60.23,3470616,0
ROKU.US,D,20190201,000000,59.74,61.59,59.52,61.12,2343510,0
ROKU.US,D,20190204,000000,60.85,60.97,60.77,60.90,2154721,0
ROKU.US,D,20190204,000000,60.44,63.25,59.86,62.90,3712648,0
ROKU.US,D,20190204,000000,62.92,63.05,61.25,61.76,4198005,0
ROKU.US,D,20190205,000000,61.38,63.48,60.61,63.08,4013858,0
ROKU.US,D,20190206,000000,63.17,63.57,61.63,61.94,2157573,0
ROKU.US,D,20190207,000000,62.53,62.62,62.05,62.16,4465771,0
ROKU.US,D,20190208,000000,62.23,62.33,62.01,62.07,3222514,0
ROKU.US,D,20190211,000000,62.95,62.99,62.85,62.93,3517366,0
ROKU.US,D,20190211,000000,63.22,63.44,60.46,61.88,3051843,0
ROKU.US,D,20190211,000000,61.76,62.89,60.69,62.75,3393826,0
ROKU.US,D,20190212,000000,62.01,66.23,60.93,65.58,4091226,0
ROKU.US,D,20190213,000000,64.76,64.99,64.11,64.59,3913851,0
ROKU.US,D,20190214,000000,64.92,66.30,64.85,65.92,2900833,0
ROKU.US,D,20190215,000000,67.74,68.70,67.55,68.53,3193378,0
ROKU.US,D,20190218,000000,68.99,69.60,65.45,67.15,3669625,0
ROKU.US,D,20190218,000000,68.00,70.10,67.98,69.78,1724224,0
ROKU.US,D,20190218,000000,70.05,70.37,68.03,69.16,2369536,0
ROKU.US,D,20190219,000000,68.52,71.69,68.13,71.51,2171039,0
ROKU.US,D,20190220,000000,70.23,70.83,68.60,69.15,3867800,0
ROKU.US,D,20190221,000000,71.90,72.99,60.45,61.33,1854369,0
ROKU.US,D,20190222,000000,59.59,59.89,53.48,54.63,3401620,0
ROKU.US,D,20190225,000000,55.56,56.65,54.88,56.55,3959825,0
ROKU.US,D,20190225,000000,57.47,57.73,52.07,53.04,2593577,0
ROKU.US,D,20190225,000000,52.85,55.82,52.37,55.57,4089617,0
ROKU.US,D,20190226,000000,55.02,56.13,52.23,52.60,2574201,0
ROKU.US,D,20190227,000000,53.32,53.54,53.28,53.48,3828896,0
ROKU.US,D,20190228,000000,52.03,55.15,51.76,55.11,4463763,0
ROKU.US,D,20190301,000000,54.92,58.96,53.44,58.76,2606255,0
ROKU.US,D,20190304,000000,57.65,64.58,56.57,63.71,4225548,0
ROKU.US,D,20190304,000000,63.34,71.48,62.46,70.59,2414358,0
ROKU.US,D,20190304,000000,70.23,70.89,67.13,67.77,4166178,0
ROKU.US,D,20190305,000000,67.62,68.97,64.04,66.02,4286014,0
ROKU.US,D,20190306,000000,66.02,66.20,65.25,65.71,3370419,0
ROKU.US,D,20190307,000000,65.90,66.55,64.18,64.38,3818880,0
ROKU.US,D,20190308,000000,62.82,63.02,62.71,63.01,4444152,0
ROKU.US,D,20190311,000000,63.68,63.74,61.84,62.11,2778187,0
ROKU.US,D,20190311,000000,63.07,66.30,62.92,65.33,1920615,0
ROKU.US,D,20190311,000000,65.13,66.12,64.97,65.76,2593485,0
ROKU.US,D,20190312,000000,64.83,64.99,61.82,62.77,2026406,0
ROKU.US,D,20190313,000000,63.34,65.99,63.13,64.67,3166907,0
ROKU.US,D,20190314,000000,64.32,66.84,64.10,66.61,3157616,0
ROKU.US,D,20190315,000000,67.45,68.13,67.42,68.11,4373751,0
ROKU.US,D,20190318,000000,68.35,68.68,66.43,67.20,4151845,0
ROKU.US,D,20190318,000000,67.61,69.79,67.56,68.97,3025731,0
ROKU.US,D,20190318,000000,69.20,69.33,69.15,69.27,2073182,0
ROKU.US,D,20190319,000000,69.78,69.82,68.34,68.83,1977933,0
ROKU.US,D,20190320,000000,69.55,72.53,69.23,71.62,3163435,0
ROKU.US,D,20190321,000000,70.63,74.87,69.91,74.50,1797722,0
ROKU.US,D,20190322,000000,74.42,74.52,69.48,70.46,4343877,0
ROKU.US,D,20190325,000000,71.98,72.85,67.52,68.47,2873979,0
ROKU.US,D,20190325,000000,69.36,70.03,69.31,69.99,2053111,0
ROKU.US,D,20190325,000000,69.02,69.06,68.25,68.27,2620330,0
ROKU.US,D,20190326,000000,68.54,72.40,68.23,70.97,2706243,0
ROKU.US,D,20190327,000000,71.60,74.69,71.13,73.01,3590414,0
ROKU.US,D,20190328,000000,71.88,71.92,71.31,71.49,4004837,0
ROKU.US,D,20190329,000000,72.33,74.37,71.63,74.31,4470584,0
ROKU.US,D,20190401,000000,75.98,76.18,74.02,75.22,3198139,0
ROKU.US,D,20190401,000000,76.54,78.05,70.63,70.64,3306662,0
ROKU.US,D,20190401,000000,70.85,73.49,70.62,72.31,4408277,0
ROKU.US,D,20190402,000000,72.11,73.83,71.95,73.36,2906116,0
ROKU.US,D,20190403,000000,73.34,75.54,72.34,75.26,6308225,0
ROKU.US,D,20190404,000000,74.38,77.12,73.47,76.74,2839977,0
ROKU.US,D,20190405,000000,75.92,79.00,75.66,78.32,8593021,0
ROKU.US,D,20190408,000000,77.50,80.92,77.37,79.60,4377715,0
ROKU.US,D,20190408,000000,78.85,82.74,78.52,81.47,9445195,0
ROKU.US,D,20190408,000000,82.14,83.26,82.13,83.20,6767312,0
ROKU.US,D,20190409,000000,83.24,85.18,82.55,85.12,6036796,0
ROKU.US,D,20190410,000000,83.99,88.20,83.31,87.52,4094611,0
ROKU.US,D,20190411,000000,86.97,89.44,86.70,89.24,9781052,0
ROKU.US,D,20190412,000000,89.51,92.85,88.71,92.22,7345159,0
ROKU.US,D,20190415,000000,91.78,96.46,91.75,94.80,13073889,0
ROKU.US,D,20190415,000000,94.59,98.18,93.01,98.06,4738789,0
ROKU.US,D,20190415,000000,96.76,102.72,96.45,101.44,6004664,0
ROKU.US,D,20190416,000000,101.25,104.78,100.55,104.58,12941872,0
ROKU.US,D,20190417,000000,102.89,108.73,102.38,108.05,13475525,0
ROKU.US,D,20190418,000000,108.55,114.40,108.28,111.98,8929249,0
ROKU.US,D,20190419,000000,111.24,115.25,110.39,113.32,3765168,0
ROKU.US,D,20190422,000000,111.63,114.08,110.82,113.94,1634470,0
ROKU.US,D,20190422,000000,114.59,114.88,113.77,113.97,3355593,0
ROKU.US,D,20190422,000000,116.76,127.32,115.64,121.87,2489641,0
ROKU.US,D,20190423,000000,121.75,122.39,121.08,122.30,2380401,0
ROKU.US,D,20190424,000000,122.35,125.93,121.52,124.49,3318341,0
ROKU.US,D,20190425,000000,123.86,127.87,120.78,126.75,4312605,0
ROKU.US,D,20190426,000000,129.92,130.47,123.98,126.31,2064922,0
ROKU.US,D,20190429,000000,126.05,127.38,120.57,122.94,4258054,0
ROKU.US,D,20190429,000000,121.85,122.62,116.48,117.53,2768420,0
ROKU.US,D,20190429,000000,117.78,118.48,116.12,116.56,3321890,0
ROKU.US,D,20190430,000000,115.88,116.35,113.54,114.49,1959989,0
ROKU.US,D,20190501,000000,112.61,123.05,110.97,120.02,1791408,0
ROKU.US,D,20190502,000000,119.28,119.34,115.86,116.00,3124882,0
ROKU.US,D,20190503,000000,116.53,118.24,112.44,113.74,3568195,0
ROKU.US,D,20190506,000000,113.85,114.74,107.38,108.41,4021957,0
ROKU.US,D,20190506,000000,109.97,111.93,105.51,106.59,1969721,0
ROKU.US,D,20190506,000000,103.94,112.14,103.50,109.98,1564246,0
ROKU.US,D,20190507,000000,110.44,117.38,110.11,117.05,3430749,0
ROKU.US,D,20190508,000000,115.37,121.91,113.39,120.23,1586497,0
ROKU.US,D,20190509,000000,120.88,120.98,119.81,119.83,3678895,0
ROKU.US,D,20190510,000000,119.55,120.16,116.59,117.75,4241581,0
ROKU.US,D,20190513,000000,117.27,122.53,117.16,122.04,3958165,0
ROKU.US,D,20190513,000000,123.46,123.53,117.85,119.41,1549134,0
ROKU.US,D,20190513,000000,120.76,124.46,120.40,123.26,3479224,0
ROKU.US,D,20190514,000000,123.29,124.50,119.07,120.44,2890890,0
ROKU.US,D,20190515,000000,120.34,121.42,117.03,117.10,3933167,0
ROKU.US,D,20190516,000000,117.08,119.21,107.58,111.46,3112552,0
ROKU.US,D,20190517,000000,110.84,117.96,108.22,117.94,4301486,0
ROKU.US,D,20190520,000000,117.52,117.66,116.00,116.23,3209011,0
ROKU.US,D,20190520,000000,115.12,117.06,109.25,109.33,3805596,0
ROKU.US,D,20190520,000000,108.23,108.24,106.13,106.84,4002587,0
ROKU.US,D,20190521,000000,105.61,105.69,96.86,98.08,2803141,0
ROKU.US,D,20190522,000000,98.48,108.11,97.47,101.97,1510584,0
ROKU.US,D,20190523,000000,99.99,105.03,99.97,104.08,1774552,0
ROKU.US,D,20190524,000000,103.63,104.44,101.74,102.15,3489904,0
ROKU.US,D,20190527,000000,102.38,103.30,100.22,100.88,3591782,0
ROKU.US,D,20190527,000000,101.21,101.49,88.13,91.39,2064715,0
ROKU.US,D,20190527,000000,91.58,97.57,89.84,96.69,1762076,0
ROKU.US,D,20190528,000000,97.13,98.20,93.74,94.76,1959377,0
ROKU.US,D,20190529,000000,92.88,97.03,92.40,96.63,3328423,0
ROKU.US,D,20190530,000000,99.41,101.11,94.87,94.88,1954736,0
ROKU.US,D,20190531,000000,95.52,95.90,91.87,92.27,1856500,0
ROKU.US,D,20190603,000000,91.33,96.39,90.14,96.19,1571238,0
ROKU.US,D,20190603,000000,97.34,103.16,96.18,101.12,2769061,0
ROKU.US,D,20190603,000000,101.03,110.65,99.36,105.59,1744049,0
ROKU.US,D,20190604,000000,105.12,106.03,97.30,99.12,1515463,0
ROKU.US,D,20190605,000000,98.59,99.11,98.30,98.88,1645914,0
ROKU.US,D,20190606,000000,99.23,100.10,96.79,98.17,2130835,0
ROKU.US,D,20190607,000000,99.40,99.86,96.03,96.96,2736447,0
ROKU.US,D,20190610,000000,95.87,95.90,95.54,95.75,3848379,0
ROKU.US,D,20190610,000000,98.28,98.79,91.96,92.68,2231994,0
ROKU.US,D,20190610,000000,93.94,93.98,89.41,90.04,3571297,0
ROKU.US,D,20190611,000000,89.64,89.93,81.82,83.95,2754585,0
ROKU.US,D,20190612,000000,83.16,84.20,83.00,83.44,3308674,0
ROKU.US,D,20190613,000000,83.18,84.57,77.03,79.40,2917826,0
ROKU.US,D,20190614,000000,78.26,79.42,74.74,76.20,3886798,0
ROKU.US,D,20190617,000000,76.16,76.43,73.83,73.86,3833953,0
ROKU.US,D,20190617,000000,73.72,77.20,73.62,76.56,2315764,0
ROKU.US,D,20190617,000000,77.81,80.18,77.58,79.95,2906544,0
ROKU.US,D,20190618,000000,80.87,81.00,80.43,80.77,2340382,0
ROKU.US,D,20190619,000000,81.38,82.24,75.31,77.51,2433062,0
ROKU.US,D,20190620,000000,76.96,90.28,75.57,84.85,2406787,0
ROKU.US,D,20190621,000000,84.13,88.70,83.06,87.55,2232062,0
ROKU.US,D,20190624,000000,87.23,90.70,86.87,90.21,3544948,0
ROKU.US,D,20190624,000000,90.49,90.85,89.92,90.63,3317266,0
ROKU.US,D,20190624,000000,89.53,90.46,84.88,86.09,4399398,0
ROKU.US,D,20190625,000000,88.15,88.56,84.38,86.69,1987013,0
ROKU.US,D,20190626,000000,87.01,88.27,86.53,87.88,3888560,0
ROKU.US,D,20190627,000000,88.01,89.05,87.58,88.22,2902989,0
ROKU.US,D,20190628,000000,88.81,98.21,85.95,97.30,4197750,0
ROKU.US,D,20190701,000000,96.30,102.34,95.89,100.15,3264757,0
ROKU.US,D,20190701,000000,99.10,99.95,91.18,92.33,2258207,0
ROKU.US,D,20190701,000000,91.41,102.33,91.28,98.21,2464822,0
ROKU.US,D,20190702,000000,99.75,101.80,99.72,101.62,3539891,0
ROKU.US,D,20190703,000000,99.56,100.66,97.63,98.10,1506305,0
ROKU.US,D,20190704,000000,98.81,98.85,96.38,96.91,2782078,0
ROKU.US,D,20190705,000000,94.13,98.58,93.38,96.93,2231441,0
ROKU.US,D,20190708,000000,97.79,103.02,97.74,101.09,2444831,0
ROKU.US,D,20190708,000000,98.84,105.59,98.53,103.86,2187949,0
ROKU.US,D,20190708,000000,105.19,112.62,105.15,112.04,3894028,0
ROKU.US,D,20190709,000000,110.80,110.85,101.98,104.52,3208126,0
ROKU.US,D,20190710,000000,102.46,107.40,101.67,106.70,4424464,0
ROKU.US,D,20190711,000000,109.63,112.63,95.46,97.99,4204352,0
ROKU.US,D,20190712,000000,95.66,97.39,95.25,96.95,2791775,0
ROKU.US,D,20190715,000000,95.84,104.26,94.98,101.05,1786959,0
ROKU.US,D,20190715,000000,100.80,101.62,93.31,93.68,4002333,0
ROKU.US,D,20190715,000000,93.43,101.89,92.89,97.88,4208764,0
ROKU.US,D,20190716,000000,96.61,100.82,95.53,100.36,3417761,0
ROKU.US,D,20190717,000000,101.01,101.14,96.84,96.90,2997093,0
ROKU.US,D,20190718,000000,96.00,97.87,88.15,90.92,1732391,0
ROKU.US,D,20190719,000000,93.27,94.73,92.36,93.82,3246577,0
ROKU.US,D,20190722,000000,93.61,94.01,91.61,93.11,4188738,0
ROKU.US,D,20190722,000000,91.19,91.95,90.91,91.68,1770692,0
ROKU.US,D,20190722,000000,92.28,93.62,88.01,89.01,2798427,0
ROKU.US,D,20190723,000000,89.50,90.16,89.33,89.95,3818717,0
ROKU.US,D,20190724,000000,90.36,98.37,87.72,98.24,2534502,0
ROKU.US,D,20190725,000000,97.01,98.09,94.07,95.53,2113122,0
ROKU.US,D,20190726,000000,97.50,106.38,95.92,104.20,4032622,0
ROKU.US,D,20190729,000000,102.24,104.97,101.86,104.05,4289034,0
ROKU.US,D,20190729,000000,104.67,104.79,104.61,104.76,3196980,0
ROKU.US,D,20190729,000000,105.20,105.48,103.37,103.39,2751626,0
ROKU.US,D,20190730,000000,103.81,108.20,102.94,106.80,3370733,0
ROKU.US,D,20190731,000000,107.45,107.77,102.61,103.61,1906805,0
ROKU.US,D,20190801,000000,100.45,106.76,99.04,105.60,3715250,0
ROKU.US,D,20190802,000000,103.09,119.20,102.49,115.03,2356749,0
ROKU.US,D,20190805,000000,115.32,117.46,107.62,109.49,2470953,0
ROKU.US,D,20190805,000000,107.37,110.28,107.22,109.90,3409601,0
ROKU.US,D,20190805,000000,110.46,111.02,102.19,103.34,2513245,0
ROKU.US,D,20190806,000000,103.90,107.73,103.34,106.66,3813849,0
ROKU.US,D,20190807,000000,106.25,107.35,106.07,107.06,4254156,0
ROKU.US,D,20190808,000000,106.45,116.12,103.99,113.20,1915364,0
ROKU.US,D,20190809,000000,112.48,122.41,111.58,121.46,2968909,0
ROKU.US,D,20190812,000000,123.64,126.09,110.76,111.33,3231173,0
ROKU.US,D,20190812,000000,111.58,115.47,109.37,115.19,4112459,0
ROKU.US,D,20190812,000000,115.45,118.82,115.19,115.81,5866342,0
ROKU.US,D,20190813,000000,115.00,118.55,113.87,117.46,5689495,0
ROKU.US,D,20190814,000000,118.40,119.89,118.03,118.84,4725297,0
ROKU.US,D,20190815,000000,121.74,121.78,121.48,121.59,3464719,0
ROKU.US,D,20190816,000000,120.50,124.73,119.03,124.14,4073546,0
ROKU.US,D,20190819,000000,123.47,127.26,121.45,125.71,7875098,0
ROKU.US,D,20190819,000000,124.32,132.07,124.23,129.12,3731112,0
ROKU.US,D,20190819,000000,129.31,131.53,128.61,131.15,4012241,0
ROKU.US,D,20190820,000000,129.37,135.26,129.20,133.42,6789684,0
ROKU.US,D,20190821,000000,132.80,136.27,132.80,135.55,3724605,0
ROKU.US,D,20190822,000000,133.99,140.04,132.69,138.72,4394756,0
ROKU.US,D,20190823,000000,139.75,141.46,139.55,141.12,5129865,0
ROKU.US,D,20190826,000000,141.10,144.55,140.06,144.22,7659031,0
ROKU.US,D,20190826,000000,142.05,148.49,140.57,147.59,7911942,0
ROKU.US,D,20190826,000000,149.16,151.30,147.95,151.19,10299890,0
ROKU.US,D,20190827,000000,151.78,155.10,151.20,154.28,8732034,0
ROKU.US,D,20190828,000000,153.44,157.54,153.02,157.25,10052146,0
ROKU.US,D,20190829,000000,158.08,164.41,156.11,161.97,8310146,0
ROKU.US,D,20190830,000000,161.23,167.41,161.17,167.24,7263768,0
ROKU.US,D,20190902,000000,166.30,173.10,164.32,171.37,5597778,0
ROKU.US,D,20190902,000000,172.37,176.27,171.29,174.93,6525218,0
ROKU.US,D,20190902,000000,174.72,184.15,173.76,179.82,11702004,0
ROKU.US,D,20190903,000000,179.14,186.19,177.76,184.96,6114233,0
ROKU.US,D,20190904,000000,186.96,192.15,186.87,190.04,6173518,0
ROKU.US,D,20190905,000000,189.09,198.48,186.40,195.72,10807530,0
ROKU.US,D,20190906,000000,193.96,204.59,192.27,201.97,5682499,0
ROKU.US,D,20190909,000000,201.71,211.11,201.05,208.79,10362358,0
ROKU.US,D,20190909,000000,208.72,218.96,208.16,215.65,5192303,0
ROKU.US,D,20190909,000000,212.17,224.06,211.72,222.99,7180482,0
ROKU.US,D,20190910,000000,223.14,236.00,220.98,230.43,7817976,0
ROKU.US,D,20190911,000000,228.63,238.90,226.52,237.90,2399844,0
ROKU.US,D,20190912,000000,235.80,254.30,235.31,244.78,3548717,0
ROKU.US,D,20190913,000000,245.23,245.77,241.51,242.29,2740996,0
ROKU.US,D,20190916,000000,239.42,263.48,239.38,254.00,2857165,0
ROKU.US,D,20190916,000000,252.75,252.95,252.17,252.35,2030526,0
ROKU.US,D,20190916,000000,256.42,258.47,256.16,257.91,2093638,0
ROKU.US,D,20190917,000000,254.30,255.66,249.80,251.51,1761800,0
ROKU.US,D,20190918,000000,249.45,261.07,248.04,253.45,3175143,0
ROKU.US,D,20190919,000000,253.79,257.63,251.84,252.90,2137373,0
ROKU.US,D,20190920,000000,252.48,255.37,252.38,254.07,1677836,0
ROKU.US,D,20190923,000000,257.01,257.36,255.09,256.53,2496060,0
ROKU.US,D,20190923,000000,258.52,258.82,257.31,257.42,3782320,0
ROKU.US,D,20190923,000000,254.14,260.87,252.60,257.99,3493924,0
ROKU.US,D,20190924,000000,261.85,262.40,257.81,258.72,2635477,0
ROKU.US,D,20190925,000000,261.85,278.34,254.78,272.08,4348001,0
ROKU.US,D,20190926,000000,272.52,278.57,272.13,276.65,3436094,0
ROKU.US,D,20190927,000000,278.27,299.98,277.04,295.78,2549104,0
ROKU.US,D,20190930,000000,293.69,294.32,288.85,290.44,3435899,0
ROKU.US,D,20190930,000000,297.00,297.38,277.44,280.92,4024568,0
ROKU.US,D,20190930,000000,281.13,284.35,281.11,284.13,3530210,0
ROKU.US,D,20191001,000000,281.20,292.10,279.88,288.52,2753083,0
ROKU.US,D,20191002,000000,289.10,293.01,288.39,290.93,1841631,0
ROKU.US,D,20191003,000000,292.74,297.47,277.89,278.51,3449282,0
ROKU.US,D,20191004,000000,280.67,286.00,280.62,283.19,3048492,0
ROKU.US,D,20191007,000000,284.08,288.15,277.99,278.97,3053358,0
ROKU.US,D,20191007,000000,280.17,283.44,266.28,268.91,3188498,0
ROKU.US,D,20191007,000000,266.17,267.23,263.68,263.71,1843970,0
ROKU.US,D,20191008,000000,263.82,264.01,261.73,261.74,3154009,0
ROKU.US,D,20191009,000000,262.79,264.27,242.88,251.69,3812849,0
ROKU.US,D,20191010,000000,252.44,259.39,250.59,258.27,2408536,0
ROKU.US,D,20191011,000000,258.01,263.02,257.87,261.17,3113898,0
ROKU.US,D,20191014,000000,262.13,262.79,258.61,261.96,2843008,0
ROKU.US,D,20191014,000000,263.18,273.79,262.69,271.10,2421645,0
ROKU.US,D,20191014,000000,272.29,274.78,260.83,263.63,2346274,0
ROKU.US,D,20191015,000000,265.91,266.13,265.15,265.32,2487626,0
ROKU.US,D,20191016,000000,268.32,274.17,266.55,273.37,3736168,0
ROKU.US,D,20191017,000000,274.72,275.91,274.24,275.78,4357961,0
ROKU.US,D,20191018,000000,272.87,273.08,267.36,268.28,3882068,0
ROKU.US,D,20191021,000000,268.74,284.57,267.94,280.46,2571196,0
ROKU.US,D,20191021,000000,279.57,285.37,278.85,284.60,2852569,0
ROKU.US,D,20191021,000000,285.97,294.08,285.85,293.69,2619330,0
ROKU.US,D,20191022,000000,297.38,297.40,259.35,280.01,3025529,0
ROKU.US,D,20191023,000000,278.95,279.11,274.12,277.95,3879075,0
ROKU.US,D,20191024,000000,279.80,287.89,273.27,282.02,3951655,0
ROKU.US,D,20191025,000000,283.03,285.01,280.61,281.28,2899980,0
ROKU.US,D,20191028,000000,288.71,291.25,257.40,271.45,3058041,0
ROKU.US,D,20191028,000000,266.68,276.04,265.94,274.55,2531829,0
ROKU.US,D,20191028,000000,272.29,286.10,260.42,264.97,1721444,0
ROKU.US,D,20191029,000000,265.03,268.28,264.69,266.66,3052340,0
ROKU.US,D,20191030,000000,264.93,265.86,255.71,257.37,4291804,0
ROKU.US,D,20191031,000000,257.30,259.45,256.98,258.65,2451809,0
ROKU.US,D,20191101,000000,260.13,263.52,250.72,254.95,3463335,0
ROKU.US,D,20191104,000000,252.66,267.25,248.43,266.87,2002571,0
ROKU.US,D,20191104,000000,265.23,266.57,260.61,261.89,4016180,0
ROKU.US,D,20191104,000000,258.72,266.32,258.06,265.70,3632117,0
ROKU.US,D,20191105,000000,264.31,269.16,263.71,268.52,3400180,0
ROKU.US,D,20191106,000000,268.01,281.37,258.91,277.60,3067243,0
ROKU.US,D,20191107,000000,276.77,277.08,276.49,276.87,4229143,0
ROKU.US,D,20191108,000000,275.90,275.99,272.42,273.84,3928472,0
ROKU.US,D,20191111,000000,276.73,278.13,261.60,265.44,2792411,0
ROKU.US,D,20191111,000000,265.12,266.09,263.93,265.96,2495182,0
ROKU.US,D,20191111,000000,266.54,270.18,266.04,268.91,4181633,0
ROKU.US,D,20191112,000000,272.79,273.20,264.93,267.32,4360431,0
ROKU.US,D,20191113,000000,271.20,272.72,260.34,263.21,3256875,0
ROKU.US,D,20191114,000000,262.10,265.94,244.31,248.31,1744425,0
ROKU.US,D,20191115,000000,247.29,248.16,234.13,235.45,4314411,0
ROKU.US,D,20191118,000000,234.01,240.97,233.58,239.30,2966323,0
ROKU.US,D,20191118,000000,240.51,244.28,239.52,243.98,4424145,0
ROKU.US,D,20191118,000000,241.25,242.84,236.24,239.23,2915466,0
ROKU.US,D,20191119,000000,241.18,241.49,238.96,239.73,2391281,0
ROKU.US,D,20191120,000000,238.30,257.27,235.11,249.82,2947379,0
ROKU.US,D,20191121,000000,251.24,251.47,250.27,250.72,3050117,0
ROKU.US,D,20191122,000000,251.47,251.49,248.91,250.24,1938196,0
ROKU.US,D,20191125,000000,249.99,251.44,235.53,238.68,3661522,0
ROKU.US,D,20191125,000000,237.89,239.06,228.39,231.24,1971367,0
ROKU.US,D,20191125,000000,229.62,244.52,226.35,241.32,2810702,0
ROKU.US,D,20191126,000000,239.13,250.26,237.52,247.62,3720823,0
ROKU.US,D,20191127,000000,246.88,248.13,241.71,241.74,3366453,0
ROKU.US,D,20191128,000000,236.98,237.23,232.50,234.14,2741424,0
ROKU.US,D,20191129,000000,234.18,242.59,231.73,241.51,3848905,0
ROKU.US,D,20191202,000000,242.56,242.60,242.56,242.58,2642576,0
ROKU.US,D,20191202,000000,241.99,242.98,236.35,237.36,4218324,0
ROKU.US,D,20191202,000000,236.83,248.24,230.26,246.51,3021337,0
ROKU.US,D,20191203,000000,243.85,244.07,240.06,241.31,3856734,0
ROKU.US,D,20191204,000000,241.47,246.05,240.63,245.39,4034932,0
ROKU.US,D,20191205,000000,244.36,245.95,229.29,234.78,2966896,0
ROKU.US,D,20191206,000000,233.72,233.75,223.74,225.49,1885281,0
ROKU.US,D,20191209,000000,227.18,227.87,223.70,224.49,1841645,0
ROKU.US,D,20191209,000000,225.66,235.62,224.80,231.60,1851842,0
ROKU.US,D,20191209,000000,231.13,233.59,229.92,233.09,2153381,0
ROKU.US,D,20191210,000000,231.29,234.10,231.18,233.88,4064407,0
ROKU.US,D,20191211,000000,234.30,234.66,230.32,230.35,2736143,0
ROKU.US,D,20191212,000000,230.90,233.17,230.27,231.87,3178265,0
ROKU.US,D,20191213,000000,230.25,230.81,227.57,227.73,3336091,0
ROKU.US,D,20191216,000000,228.32,231.03,227.73,230.31,3328887,0
ROKU.US,D,20191216,000000,231.22,232.58,223.89,226.42,3758810,0
ROKU.US,D,20191216,000000,227.87,228.22,224.80,225.36,3941214,0
ROKU.US,D,20191217,000000,227.90,234.63,227.41,233.06,2776271,0
ROKU.US,D,20191218,000000,233.21,240.82,232.39,237.86,3724080,0
ROKU.US,D,20191219,000000,241.61,244.25,226.30,232.12,1643161,0
ROKU.US,D,20191220,000000,233.32,243.69,232.11,239.22,2733372,0
ROKU.US,D,20191223,000000,243.89,244.03,243.15,243.51,4446988,0
ROKU.US,D,20191223,000000,244.75,247.42,244.57,246.26,3721891,0
ROKU.US,D,20191223,000000,248.47,263.42,244.67,259.37,3776960,0
ROKU.US,D,20191224,000000,262.95,264.71,252.95,255.70,2478289,0
ROKU.US,D,20191225,000000,259.13,263.20,257.89,260.02,3772551,0
ROKU.US,D,20191226,000000,258.57,259.16,254.52,255.91,3508711,0
ROKU.US,D,20191227,000000,256.03,256.13,239.73,243.04,1658319,0
ROKU.US,D,20191230,000000,242.68,253.33,241.94,252.00,2496302,0
ROKU.US,D,20191230,000000,250.64,255.20,235.01,235.51,3774529,0
ROKU.US,D,20191230,000000,237.18,237.39,228.61,231.04,1721841,0
ROKU.US,D,20191231,000000,229.58,232.64,228.90,232.17,3329888,0
ROKU.US,D,20200101,000000,230.16,230.61,221.63,223.06,2267241,0
ROKU.US,D,20200102,000000,222.13,230.17,221.95,229.68,2617817,0
ROKU.US,D,20200103,000000,226.86,228.59,211.52,216.82,1860133,0
ROKU.US,D,20200106,000000,217.22,219.05,213.45,215.99,1756988,0
ROKU.US,D,20200106,000000,215.58,225.16,213.84,224.24,3731666,0
ROKU.US,D,20200106,000000,225.68,226.34,225.57,226.06,2337173,0
ROKU.US,D,20200107,000000,227.98,230.03,227.64,229.85,3899159,0
ROKU.US,D,20200108,000000,231.00,233.22,230.46,232.73,3346674,0
ROKU.US,D,20200109,000000,233.06,236.59,232.17,235.49,2910981,0
ROKU.US,D,20200110,000000,233.74,242.77,231.84,238.97,6260317,0
ROKU.US,D,20200113,000000,238.54,248.36,237.41,243.05,4663960,0
ROKU.US,D,20200113,000000,241.69,248.27,240.00,247.35,5903863,0
ROKU.US,D,20200113,000000,245.60,253.14,244.59,251.40,5624534,0
ROKU.US,D,20200114,000000,254.40,260.76,254.24,257.88,4318147,0
ROKU.US,D,20200115,000000,258.72,270.08,258.56,265.50,5995679,0
ROKU.US,D,20200116,000000,264.76,273.36,263.61,271.67,9104245,0
ROKU.US,D,20200117,000000,271.28,280.31,270.25,277.57,3713646,0
ROKU.US,D,20200120,000000,276.28,284.20,275.53,282.52,9022671,0
ROKU.US,D,20200120,000000,285.90,289.24,285.87,288.93,5039717,0
ROKU.US,D,20200120,000000,290.42,298.50,287.86,295.75,4821833,0
ROKU.US,D,20200121,000000,297.45,307.20,296.44,304.89,3833447,0
ROKU.US,D,20200122,000000,305.96,314.86,305.82,312.62,8212990,0
ROKU.US,D,20200123,000000,310.15,330.20,309.32,322.22,4513191,0
ROKU.US,D,20200124,000000,325.65,332.42,325.06,329.15,6920975,0
ROKU.US,D,20200127,000000,322.08,343.93,319.95,339.02,11247253,0
ROKU.US,D,20200127,000000,338.55,346.90,336.90,345.29,10107798,0
ROKU.US,D,20200127,000000,341.24,358.95,332.88,357.00,9244616,0
ROKU.US,D,20200128,000000,350.10,368.24,346.56,367.75,4746561,0
ROKU.US,D,20200129,000000,359.95,386.95,354.84,377.29,6799771,0
ROKU.US,D,20200130,000000,373.84,391.58,370.78,387.92,12287623,0
ROKU.US,D,20200131,000000,388.61,402.79,387.30,399.40,7296340,0
ROKU.US,D,20200203,000000,392.63,421.18,381.93,410.71,8330125,0
ROKU.US,D,20200203,000000,416.08,431.00,413.55,422.80,9791237,0
ROKU.US,D,20200203,000000,416.83,440.49,416.80,432.64,8912129,0
ROKU.US,D,20200204,000000,436.93,455.42,434.07,446.90,8273996,0
ROKU.US,D,20200205,000000,450.78,476.16,445.51,463.34,10642446,0
ROKU.US,D,20200206,000000,464.34,481.18,460.61,479.31,13073608,0
ROKU.US,D,20200207,000000,470.25,508.22,469.65,493.70,5781855,0
ROKU.US,D,20200210,000000,507.76,511.10,505.11,510.09,9371956,0
ROKU.US,D,20200210,000000,513.31,534.57,509.82,530.85,10369503,0
ROKU.US,D,20200210,000000,533.47,551.61,532.92,550.90,14635507,0
ROKU.US,D,20200211,000000,554.02,573.40,541.01,570.05,6913722,0
ROKU.US,D,20200212,000000,577.11,577.34,575.62,576.37,2087278,0
ROKU.US,D,20200213,000000,575.58,584.20,549.20,560.29,4325501,0
ROKU.US,D,20200214,000000,558.41,559.71,552.04,556.56,1776085,0
ROKU.US,D,20200217,000000,561.57,563.13,543.33,546.55,2199442,0
ROKU.US,D,20200217,000000,546.16,546.79,544.43,545.58,1637640,0
ROKU.US,D,20200217,000000,546.42,558.97,544.81,558.58,3874903,0
ROKU.US,D,20200218,000000,556.38,557.02,546.69,548.13,3860698,0
ROKU.US,D,20200219,000000,548.63,548.76,544.71,546.41,3070584,0
ROKU.US,D,20200220,000000,547.48,552.00,474.96,515.51,4399674,0
ROKU.US,D,20200221,000000,520.40,520.49,519.92,520.08,3019154,0
ROKU.US,D,20200224,000000,521.56,560.10,515.57,554.33,4467840,0
ROKU.US,D,20200224,000000,552.59,567.72,550.60,565.12,3909543,0
ROKU.US,D,20200224,000000,556.57,558.39,555.52,557.79,2832424,0
ROKU.US,D,20200225,000000,559.67,582.47,554.53,579.62,4327787,0
ROKU.US,D,20200226,000000,579.99,584.69,579.78,582.99,3236005,0
ROKU.US,D,20200227,000000,578.53,603.99,565.00,603.60,2688305,0
ROKU.US,D,20200228,000000,603.63,604.81,599.05,601.18,4345170,0
ROKU.US,D,20200302,000000,602.05,609.95,596.45,598.63,3592475,0
ROKU.US,D,20200302,000000,597.37,598.69,596.73,596.94,1970253,0
ROKU.US,D,20200302,000000,595.70,596.49,573.25,583.71,2839922,0
ROKU.US,D,20200303,000000,581.05,582.40,577.06,577.86,2497251,0
ROKU.US,D,20200304,000000,577.61,581.93,577.43,581.73,2516521,0
ROKU.US,D,20200305,000000,582.63,583.28,577.59,579.09,3223927,0
ROKU.US,D,20200306,000000,578.26,588.00,577.06,586.45,2155329,0
ROKU.US,D,20200309,000000,587.68,588.14,584.18,585.26,2506638,0
ROKU.US,D,20200309,000000,588.79,596.89,588.29,594.62,2939884,0
ROKU.US,D,20200309,000000,596.65,597.80,581.13,583.99,3860238,0
ROKU.US,D,20200310,000000,584.89,585.47,574.09,579.53,2849170,0
ROKU.US,D,20200311,000000,585.69,625.06,584.78,605.11,3136962,0
ROKU.US,D,20200312,000000,599.24,616.63,596.52,611.97,3862986,0
ROKU.US,D,20200313,000000,611.51,612.77,584.93,591.40,3978614,0
ROKU.US,D,20200316,000000,593.40,596.18,589.93,593.21,1923077,0
ROKU.US,D,20200316,000000,591.12,593.63,582.94,585.18,4498606,0
ROKU.US,D,20200316,000000,586.85,591.73,581.42,581.53,3880315,0
ROKU.US,D,20200317,000000,581.31,585.13,556.12,566.60,2742837,0
ROKU.US,D,20200318,000000,564.13,564.63,560.69,563.13,3448134,0
ROKU.US,D,20200319,000000,563.62,564.14,559.58,559.94,3572976,0
ROKU.US,D,20200320,000000,554.45,575.71,554.05,573.86,3014100,0
ROKU.US,D,20200323,000000,575.62,608.37,571.28,601.08,3089017,0
ROKU.US,D,20200323,000000,609.63,612.05,575.72,576.65,4261135,0
ROKU.US,D,20200323,000000,577.71,578.51,557.27,559.63,4481609,0
ROKU.US,D,20200324,000000,565.39,572.13,543.71,543.82,4081109,0
ROKU.US,D,20200325,000000,545.68,555.19,542.99,551.91,3323836,0
ROKU.US,D,20200326,000000,550.87,554.66,550.68,552.49,4258336,0
ROKU.US,D,20200327,000000,546.02,547.09,537.12,540.28,1881416,0
ROKU.US,D,20200330,000000,537.75,556.17,536.10,546.47,1720689,0
ROKU.US,D,20200330,000000,540.18,547.01,539.98,543.66,1879336,0
ROKU.US,D,20200330,000000,537.19,544.39,522.72,526.20,3368830,0
ROKU.US,D,20200331,000000,531.86,535.52,528.49,530.22,2672655,0
ROKU.US,D,20200401,000000,533.01,553.34,529.68,552.81,2791308,0
ROKU.US,D,20200402,000000,552.52,560.85,551.97,557.53,2532519,0
ROKU.US,D,20200403,000000,562.34,562.79,556.36,559.39,2630649,0
ROKU.US,D,20200406,000000,563.96,565.70,550.61,555.21,3085535,0
ROKU.US,D,20200406,000000,560.98,563.17,554.32,556.66,1963540,0
ROKU.US,D,20200406,000000,556.59,566.87,556.27,564.27,3016156,0
ROKU.US,D,20200407,000000,571.46,572.02,554.04,557.12,2372491,0
ROKU.US,D,20200408,000000,561.18,564.01,546.57,549.28,3288222,0
ROKU.US,D,20200409,000000,551.02,561.56,550.37,560.65,4586261,0
ROKU.US,D,20200410,000000,564.07,572.31,563.39,570.58,3043716,0
ROKU.US,D,20200413,000000,569.15,594.00,561.90,586.52,3518955,0
ROKU.US,D,20200413,000000,581.64,617.36,570.08,600.68,7591580,0
ROKU.US,D,20200413,000000,614.03,614.09,613.07,613.70,5627389,0
ROKU.US,D,20200414,000000,615.00,625.49,609.57,624.29,5417822,0
ROKU.US,D,20200415,000000,624.06,640.99,620.59,634.32,5305191,0
ROKU.US,D,20200416,000000,641.42,643.08,641.22,642.27,4277350,0
ROKU.US,D,20200417,000000,642.62,680.75,630.33,659.87,6763309,0
ROKU.US,D,20200420,000000,666.42,673.15,664.43,671.61,4727975,0
ROKU.US,D,20200420,000000,656.43,698.17,652.00,691.38,4461992,0
ROKU.US,D,20200420,000000,694.68,710.31,693.51,705.27,11464165,0
ROKU.US,D,20200421,000000,719.40,725.92,718.83,722.69,10286463,0
ROKU.US,D,20200422,000000,715.35,760.77,700.75,745.55,10726210,0
ROKU.US,D,20200423,000000,755.94,763.65,752.20,762.82,8362435,0
ROKU.US,D,20200424,000000,755.70,783.62,751.05,782.93,7752992,0
ROKU.US,D,20200427,000000,783.22,810.90,778.80,810.20,9681264,0
ROKU.US,D,20200427,000000,806.02,846.61,804.55,838.54,13216667,0
ROKU.US,D,20200427,000000,836.35,873.56,818.87,862.38,7756487,0
ROKU.US,D,20200428,000000,870.11,893.79,859.68,890.80,10679328,0
ROKU.US,D,20200429,000000,900.07,931.01,898.54,925.36,14435379,0
ROKU.US,D,20200430,000000,923.83,946.23,922.24,939.95,3821233,0
ROKU.US,D,20200501,000000,937.89,1055.16,916.47,1011.12,4249977,0
ROKU.US,D,20200504,000000,1015.06,1038.37,916.29,943.47,3821519,0
ROKU.US,D,20200504,000000,930.47,1004.38,924.41,1001.00,3597212,0
ROKU.US,D,20200504,000000,1003.72,1008.54,979.59,984.02,2577140,0
ROKU.US,D,20200505,000000,988.58,1018.92,983.13,1018.17,2668121,0
ROKU.US,D,20200506,000000,1008.38,1049.64,1004.70,1042.45,3209711,0
ROKU.US,D,20200507,000000,1045.08,1086.15,1042.67,1085.04,3488298,0
ROKU.US,D,20200508,000000,1076.04,1081.46,1046.57,1052.22,4289915,0
ROKU.US,D,20200511,000000,1058.35,1059.70,1057.99,1058.11,1939588,0
ROKU.US,D,20200511,000000,1049.38,1067.91,1048.93,1062.70,2500285,0
ROKU.US,D,20200511,000000,1067.09,1109.00,1063.02,1097.82,3116960,0
ROKU.US,D,20200512,000000,1109.67,1112.22,1082.00,1087.93,4232006,0
ROKU.US,D,20200513,000000,1095.42,1106.42,1092.43,1099.44,4177858,0
ROKU.US,D,20200514,000000,1092.95,1115.33,1083.44,1106.35,2799771,0
ROKU.US,D,20200515,000000,1091.92,1092.49,1073.95,1081.73,1564192,0
ROKU.US,D,20200518,000000,1075.69,1077.36,1059.00,1063.22,3478827,0
ROKU.US,D,20200518,000000,1061.86,1066.60,1020.51,1035.10,3423135,0
ROKU.US,D,20200518,000000,1033.82,1093.26,1029.96,1087.28,4025933,0
ROKU.US,D,20200519,000000,1081.06,1149.69,1059.05,1121.69,3175676,0
ROKU.US,D,20200520,000000,1120.70,1124.80,1097.28,1100.57,2382374,0
ROKU.US,D,20200521,000000,1098.01,1099.00,1092.83,1094.08,4062573,0
ROKU.US,D,20200522,000000,1091.31,1103.32,1090.92,1097.83,1676244,0
ROKU.US,D,20200525,000000,1101.17,1167.83,1085.46,1133.71,1685970,0
ROKU.US,D,20200525,000000,1129.08,1134.25,1128.64,1132.91,2383338,0
ROKU.US,D,20200525,000000,1131.70,1138.96,1131.04,1135.35,2713323,0
ROKU.US,D,20200526,000000,1137.92,1169.82,1136.80,1156.13,3554400,0
ROKU.US,D,20200527,000000,1154.40,1155.47,1145.03,1149.53,3425214,0
ROKU.US,D,20200528,000000,1147.70,1166.63,1145.83,1160.07,3123522,0
ROKU.US,D,20200529,000000,1156.88,1181.97,1155.88,1178.04,1929214,0
ROKU.US,D,20200601,000000,1177.97,1182.86,1177.58,1181.70,2918751,0
ROKU.US,D,20200601,000000,1182.65,1210.45,1182.59,1204.87,2682118,0
ROKU.US,D,20200601,000000,1201.78,1204.53,1186.35,1187.69,4016537,0
ROKU.US,D,20200602,000000,1195.42,1196.58,1195.28,1195.78,2434996,0
ROKU.US,D,20200603,000000,1179.61,1199.09,1174.88,1197.40,3294176,0
ROKU.US,D,20200604,000000,1193.85,1202.30,1181.02,1181.36,3633539,0
ROKU.US,D,20200605,000000,1181.93,1183.68,1160.74,1173.95,1600034,0
ROKU.US,D,20200608,000000,1163.44,1215.09,1152.63,1194.61,2534905,0
ROKU.US,D,20200608,000000,1196.74,1199.53,1189.13,1194.19,2707751,0
ROKU.US,D,20200608,000000,1192.62,1194.49,1183.28,1184.20,1652359,0
ROKU.US,D,20200609,000000,1186.69,1189.80,1185.69,1188.84,3998922,0
ROKU.US,D,20200610,000000,1189.90,1191.93,1189.57,1191.59,2654272,0
ROKU.US,D,20200611,000000,1190.69,1192.20,1172.23,1180.35,2985131,0
ROKU.US,D,20200612,000000,1182.80,1189.73,1181.91,1187.54,2797547,0
ROKU.US,D,20200615,000000,1186.79,1198.37,1183.85,1193.97,2337240,0
ROKU.US,D,20200615,000000,1192.94,1194.56,1184.37,1187.02,1784931,0
ROKU.US,D,20200615,000000,1189.15,1189.37,1185.44,1186.22,3254899,0
ROKU.US,D,20200616,000000,1189.22,1195.01,1189.03,1193.51,1697700,0
ROKU.US,D,20200617,000000,1204.83,1204.89,1150.12,1158.55,1653491,0
ROKU.US,D,20200618,000000,1164.87,1166.91,1141.38,1146.72,2693706,0
ROKU.US,D,20200619,000000,1146.35,1148.59,1133.91,1141.13,4137597,0
ROKU.US,D,20200622,000000,1150.59,1150.68,1146.88,1149.55,2082663,0
ROKU.US,D,20200622,000000,1153.78,1156.02,1147.57,1149.45,3078177,0
ROKU.US,D,20200622,000000,1150.30,1153.22,1131.79,1135.50,2115042,0
ROKU.US,D,20200623,000000,1132.05,1147.45,1126.99,1145.36,3069034,0
ROKU.US,D,20200624,000000,1139.08,1140.07,1136.17,1137.63,2380179,0
ROKU.US,D,20200625,000000,1137.10,1138.58,1113.94,1123.08,1762697,0
ROKU.US,D,20200626,000000,1119.52,1144.42,1117.25,1132.97,4220925,0
ROKU.US,D,20200629,000000,1133.92,1134.88,1105.95,1110.18,2432702,0
ROKU.US,D,20200629,000000,1112.67,1113.29,1111.79,1111.93,4451517,0
ROKU.US,D,20200629,000000,1118.46,1122.82,1101.86,1103.70,3709264,0
ROKU.US,D,20200630,000000,1101.97,1102.83,1099.11,1099.47,3955542,0
ROKU.US,D,20200701,000000,1101.61,1101.68,1100.58,1100.73,2714359,0
ROKU.US,D,20200702,000000,1100.31,1114.52,1099.90,1104.43,4427170,0
ROKU.US,D,20200703,000000,1107.44,1107.98,1106.87,1107.70,2442512,0
ROKU.US,D,20200706,000000,1109.35,1111.79,1104.34,1105.70,2293348,0
ROKU.US,D,20200706,000000,1106.16,1107.44,1102.07,1105.51,3273160,0
ROKU.US,D,20200706,000000,1106.53,1106.54,1098.07,1099.80,3304380,0
ROKU.US,D,20200707,000000,1100.93,1102.53,1100.87,1102.30,3485203,0
ROKU.US,D,20200708,000000,1103.96,1105.61,1085.16,1088.36,1764402,0
ROKU.US,D,20200709,000000,1094.31,1096.15,1088.58,1089.31,1743922,0
ROKU.US,D,20200710,000000,1085.42,1106.25,1083.24,1102.94,3994672,0
ROKU.US,D,20200713,000000,1103.00,1124.52,1097.92,1119.21,4143122,0
ROKU.US,D,20200713,000000,1122.37,1123.46,1107.12,1108.64,4319054,0
ROKU.US,D,20200713,000000,1106.22,1108.53,1105.47,1106.97,1995182,0
ROKU.US,D,20200714,000000,1106.93,1119.57,1103.24,1116.07,2146094,0
ROKU.US,D,20200715,000000,1120.48,1124.29,1109.42,1115.46,4446579,0
ROKU.US,D,20200716,000000,1116.70,1121.02,1086.48,1098.22,3502191,0
ROKU.US,D,20200717,000000,1104.20,1104.61,1100.45,1101.39,1522294,0
ROKU.US,D,20200720,000000,1097.92,1122.78,1086.97,1118.78,2839270,0
ROKU.US,D,20200720,000000,1116.00,1123.33,1114.03,1123.07,2274293,0
ROKU.US,D,20200720,000000,1121.79,1123.78,1121.72,1122.34,2104943,0
ROKU.US,D,20200721,000000,1115.13,1120.79,1114.91,1119.45,3728860,0
ROKU.US,D,20200722,000000,1120.01,1140.96,1117.09,1134.17,3186780,0
ROKU.US,D,20200723,000000,1132.49,1140.31,1132.39,1139.37,3052212,0
ROKU.US,D,20200724,000000,1138.64,1145.05,1136.78,1144.33,1835178,0
ROKU.US,D,20200727,000000,1143.67,1151.52,1143.28,1151.08,3004598,0
ROKU.US,D,20200727,000000,1152.54,1171.52,1148.38,1164.99,3848626,0
ROKU.US,D,20200727,000000,1162.00,1168.97,1161.18,1167.21,2820279,0
ROKU.US,D,20200728,000000,1167.96,1168.24,1154.25,1154.64,2284874,0
ROKU.US,D,20200729,000000,1155.03,1157.96,1139.49,1144.59,2264778,0
ROKU.US,D,20200730,000000,1141.83,1146.95,1139.08,1145.88,1653688,0
ROKU.US,D,20200731,000000,1144.80,1149.91,1142.63,1148.06,3549575,0
ROKU.US,D,20200803,000000,1147.58,1150.95,1137.40,1143.22,2503940,0
ROKU.US,D,20200803,000000,1142.44,1152.79,1141.35,1148.48,1962381,0
ROKU.US,D,20200803,000000,1151.35,1157.11,1126.69,1127.76,4023197,0
ROKU.US,D,20200804,000000,1130.68,1132.93,1127.09,1127.77,3680040,0
ROKU.US,D,20200805,000000,1129.60,1133.27,1128.81,1133.15,1638559,0
ROKU.US,D,20200806,000000,1131.28,1134.40,1131.20,1134.09,2524144,0
ROKU.US,D,20200807,000000,1133.45,1134.76,1126.52,1128.81,3282901,0
ROKU.US,D,20200810,000000,1130.07,1133.70,1119.91,1122.88,1633348,0
ROKU.US,D,20200810,000000,1123.38,1123.69,1122.80,1122.93,2441365,0
ROKU.US,D,20200810,000000,1122.76,1123.77,1114.34,1117.01,1627098,0
ROKU.US,D,20200811,000000,1118.13,1119.77,1107.54,1111.12,2808759,0
ROKU.US,D,20200812,000000,1113.38,1114.89,1105.61,1107.40,3732023,0
ROKU.US,D,20200813,000000,1104.38,1110.79,1102.69,1109.57,2062873,0
ROKU.US,D,20200814,000000,1108.29,1112.12,1106.54,1109.71,2655884,0
ROKU.US,D,20200817,000000,1109.15,1109.47,1103.22,1104.89,4357660,0
ROKU.US,D,20200817,000000,1105.59,1109.22,1091.08,1092.75,2219544,0
ROKU.US,D,20200817,000000,1093.93,1101.09,1093.79,1100.67,1609454,0
ROKU.US,D,20200818,000000,1100.84,1109.23,1100.80,1104.25,3633516,0
ROKU.US,D,20200819,000000,1102.72,1104.06,1095.32,1097.07,2493709,0
ROKU.US,D,20200820,000000,1095.42,1096.14,1093.35,1093.56,1595062,0
ROKU.US,D,20200821,000000,1094.47,1111.32,1093.55,1110.69,3219049,0
ROKU.US,D,20200824,000000,1108.23,1121.15,1107.07,1117.18,2996295,0
ROKU.US,D,20200824,000000,1120.26,1137.76,1119.65,1134.77,4257150,0
ROKU.US,D,20200824,000000,1136.17,1137.57,1133.17,1135.32,4330956,0
ROKU.US,D,20200825,000000,1132.65,1136.70,1131.55,1135.98,3447935,0
ROKU.US,D,20200826,000000,1140.87,1151.80,1134.60,1149.81,2717942,0
ROKU.US,D,20200827,000000,1151.22,1155.21,1133.29,1137.06,4463662,0
ROKU.US,D,20200828,000000,1139.04,1139.59,1130.64,1133.01,3628813,0
ROKU.US,D,20200831,000000,1127.02,1149.01,1126.15,1145.81,4353811,0
ROKU.US,D,20200831,000000,1145.30,1155.39,1143.68,1153.69,4241650,0
ROKU.US,D,20200831,000000,1155.50,1165.40,1140.73,1143.42,2545083,0
ROKU.US,D,20200901,000000,1145.40,1148.32,1143.60,1147.34,2308025,0
ROKU.US,D,20200902,000000,1152.57,1153.07,1137.31,1139.88,3484349,0
ROKU.US,D,20200903,000000,1128.25,1157.30,1116.74,1147.00,3106433,0
ROKU.US,D,20200904,000000,1146.40,1149.81,1104.42,1114.84,3917226,0
ROKU.US,D,20200907,000000,1109.74,1146.93,1105.17,1141.92,2310299,0
ROKU.US,D,20200907,000000,1137.37,1157.07,1136.86,1148.67,2638662,0
ROKU.US,D,20200907,000000,1142.82,1148.90,1140.68,1144.75,2885545,0
ROKU.US,D,20200908,000000,1144.32,1157.90,1143.12,1154.74,2620834,0
ROKU.US,D,20200909,000000,1146.61,1194.89,1138.98,1182.43,1736123,0
ROKU.US,D,20200910,000000,1180.39,1183.90,1161.59,1164.25,2879624,0
ROKU.US,D,20200911,000000,1168.13,1168.39,1161.49,1165.64,4182928,0
ROKU.US,D,20200914,000000,1164.91,1205.04,1162.92,1197.32,3979012,0
ROKU.US,D,20200914,000000,1198.84,1200.92,1176.59,1179.32,3983416,0
ROKU.US,D,20200914,000000,1179.40,1182.47,1157.81,1161.11,2837428,0
ROKU.US,D,20200915,000000,1163.37,1191.75,1156.92,1187.68,2912705,0
ROKU.US,D,20200916,000000,1186.78,1189.66,1176.40,1180.37,2126199,0
ROKU.US,D,20200917,000000,1178.42,1182.90,1178.06,1181.22,3110429,0
ROKU.US,D,20200918,000000,1178.29,1192.39,1177.23,1186.94,1517435,0
ROKU.US,D,20200921,000000,1186.35,1189.18,1171.49,1175.23,2806912,0
ROKU.US,D,20200921,000000,1175.56,1178.39,1175.02,1177.09,2293875,0
ROKU.US,D,20200921,000000,1178.26,1179.83,1178.14,1179.30,2382172,0
ROKU.US,D,20200922,000000,1178.37,1180.02,1171.50,1173.39,3280202,0
ROKU.US,D,20200923,000000,1171.65,1174.62,1170.35,1172.99,3285011,0
ROKU.US,D,20200924,000000,1172.92,1175.65,1171.49,1175.36,4155321,0
ROKU.US,D,20200925,000000,1170.22,1181.11,1169.88,1177.79,4143501,0
ROKU.US,D,20200928,000000,1179.54,1194.01,1177.98,1192.11,4091267,0
ROKU.US,D,20200928,000000,1193.53,1201.69,1193.06,1199.30,4055352,0
ROKU.US,D,20200928,000000,1200.33,1203.28,1199.17,1202.62,4340247,0
ROKU.US,D,20200929,000000,1199.79,1201.10,1184.57,1186.61,2985099,0
ROKU.US,D,20200930,000000,1189.47,1200.47,1187.42,1196.82,2099780,0
ROKU.US,D,20201001,000000,1199.99,1201.21,1196.04,1196.60,2012052,0
ROKU.US,D,20201002,000000,1197.10,1200.79,1196.56,1199.05,3407599,0
ROKU.US,D,20201005,000000,1198.43,1210.63,1195.60,1208.23,2506592,0
ROKU.US,D,20201005,000000,1206.71,1207.91,1205.37,1207.47,3094547,0
ROKU.US,D,20201005,000000,1211.38,1212.67,1199.78,1205.45,4145506,0
ROKU.US,D,20201006,000000,1207.17,1217.33,1202.75,1215.16,1741608,0
ROKU.US,D,20201007,000000,1218.98,1224.61,1218.39,1221.89,1592716,0
ROKU.US,D,20201008,000000,1221.40,1226.20,1221.11,1225.39,3423513,0
ROKU.US,D,20201009,000000,1223.35,1238.84,1221.71,1235.44,3696826,0
ROKU.US,D,20201012,000000,1235.58,1236.95,1228.28,1235.07,2363965,0
ROKU.US,D,20201012,000000,1234.03,1241.01,1232.79,1238.84,1831357,0
ROKU.US,D,20201012,000000,1238.86,1242.66,1235.08,1238.98,2451859,0
ROKU.US,D,20201013,000000,1243.85,1246.74,1205.61,1216.70,3613793,0
ROKU.US,D,20201014,000000,1216.39,1216.86,1216.24,1216.62,3175688,0
ROKU.US,D,20201015,000000,1215.25,1222.73,1215.20,1221.10,3223140,0
ROKU.US,D,20201016,000000,1218.65,1237.87,1217.07,1227.12,3157716,0
ROKU.US,D,20201019,000000,1233.47,1241.69,1195.08,1203.51,2417858,0
ROKU.US,D,20201019,000000,1202.99,1204.07,1200.27,1201.17,2817787,0
ROKU.US,D,20201019,000000,1209.10,1219.14,1206.66,1217.07,2702743,0
ROKU.US,D,20201020,000000,1218.12,1225.63,1217.95,1225.31,3747110,0
ROKU.US,D,20201021,000000,1227.10,1227.73,1225.30,1225.90,4184676,0
ROKU.US,D,20201022,000000,1224.13,1226.59,1223.69,1224.99,4488212,0
ROKU.US,D,20201023,000000,1222.72,1239.56,1221.95,1233.74,1881465,0
ROKU.US,D,20201026,000000,1231.21,1237.80,1230.85,1237.40,3344014,0
ROKU.US,D,20201026,000000,1240.39,1241.39,1230.96,1234.18,2930678,0
ROKU.US,D,20201026,000000,1232.86,1233.02,1228.79,1230.87,2030768,0
ROKU.US,D,20201027,000000,1231.59,1232.35,1230.84,1230.93,1660396,0
ROKU.US,D,20201028,000000,1231.68,1235.12,1229.05,1229.08,1817189,0
ROKU.US,D,20201029,000000,1225.48,1227.98,1224.47,1227.00,2129769,0
ROKU.US,D,20201030,000000,1229.26,1230.48,1220.34,1224.05,1668437,0
ROKU.US,D,20201102,000000,1225.94,1233.33,1224.84,1231.19,3859078,0
ROKU.US,D,20201102,000000,1226.40,1248.20,1223.37,1242.76,4381724,0
ROKU.US,D,20201102,000000,1242.34,1242.44,1234.45,1236.05,3021598,0
ROKU.US,D,20201103,000000,1236.98,1243.85,1234.91,1241.85,4419164,0
ROKU.US,D,20201104,000000,1242.44,1242.52,1233.96,1236.39,3978801,0
ROKU.US,D,20201105,000000,1236.64,1237.94,1236.26,1237.57,3959216,0
ROKU.US,D,20201106,000000,1237.38,1247.86,1235.52,1242.81,4131956,0
ROKU.US,D,20201109,000000,1243.65,1244.53,1235.25,1235.35,1535530,0
ROKU.US,D,20201109,000000,1231.96,1244.50,1224.93,1242.59,3505740,0
ROKU.US,D,20201109,000000,1239.80,1239.82,1236.01,1236.89,1672192,0
ROKU.US,D,20201110,000000,1235.78,1239.03,1218.61,1219.91,2117666,0
ROKU.US,D,20201111,000000,1219.05,1219.40,1215.51,1216.81,3130155,0
ROKU.US,D,20201112,000000,1220.07,1224.37,1198.34,1205.91,3696526,0
ROKU.US,D,20201113,000000,1207.75,1212.04,1207.34,1210.36,4382033,0
ROKU.US,D,20201116,000000,1207.82,1208.77,1200.09,1200.81,3103943,0
ROKU.US,D,20201116,000000,1198.26,1199.50,1193.86,1195.59,3370802,0
ROKU.US,D,20201116,000000,1184.81,1191.06,1178.58,1180.40,2742201,0
ROKU.US,D,20201117,000000,1190.55,1204.04,1137.64,1150.77,1833998,0
ROKU.US,D,20201118,000000,1149.49,1157.02,1148.37,1154.57,3533391,0
ROKU.US,D,20201119,000000,1158.24,1167.70,1155.95,1166.91,4116540,0
ROKU.US,D,20201120,000000,1169.28,1169.40,1163.21,1168.16,4046185,0
ROKU.US,D,20201123,000000,1166.76,1171.47,1166.37,1170.67,2543884,0
ROKU.US,D,20201123,000000,1177.02,1198.79,1176.89,1193.56,1732422,0
ROKU.US,D,20201123,000000,1183.90,1184.84,1180.79,1181.86,3842527,0
ROKU.US,D,20201124,000000,1178.59,1219.66,1177.48,1203.39,2775144,0
ROKU.US,D,20201125,000000,1201.96,1218.92,1190.69,1216.17,3085303,0
ROKU.US,D,20201126,000000,1212.57,1224.75,1207.34,1223.50,4015416,0
ROKU.US,D,20201127,000000,1223.86,1239.39,1215.05,1236.28,4414301,0
ROKU.US,D,20201130,000000,1226.62,1230.61,1188.26,1192.23,1545721,0
ROKU.US,D,20201130,000000,1185.15,1196.43,1184.29,1194.65,1927820,0
ROKU.US,D,20201130,000000,1202.90,1208.34,1132.32,1147.21,2485014,0
ROKU.US,D,20201201,000000,1142.77,1160.47,1140.01,1155.88,3739722,0
ROKU.US,D,20201202,000000,1153.14,1187.88,1144.34,1178.26,4448223,0
ROKU.US,D,20201203,000000,1186.15,1190.35,1185.35,1189.31,2853219,0
ROKU.US,D,20201204,000000,1191.10,1194.57,1186.32,1191.68,4107062,0
ROKU.US,D,20201207,000000,1190.71,1200.90,1176.10,1179.78,2604142,0
ROKU.US,D,20201207,000000,1182.10,1218.51,1176.89,1203.31,3162538,0
ROKU.US,D,20201207,000000,1187.90,1197.75,1187.64,1194.19,4141592,0
ROKU.US,D,20201208,000000,1191.60,1197.31,1174.56,1179.77,4296057,0
ROKU.US,D,20201209,000000,1191.74,1202.87,1189.12,1200.50,3891813,0
ROKU.US,D,20201210,000000,1185.71,1189.19,1170.70,1173.58,2683005,0
ROKU.US,D,20201211,000000,1171.89,1190.27,1169.94,1186.96,4458840,0
ROKU.US,D,20201214,000000,1186.41,1202.90,1185.49,1199.76,3136372,0
ROKU.US,D,20201214,000000,1204.38,1228.33,1078.29,1121.17,3416932,0
ROKU.US,D,20201214,000000,1119.73,1122.23,1119.47,1121.60,3883839,0
ROKU.US,D,20201215,000000,1115.10,1122.38,1113.08,1120.13,3356967,0
ROKU.US,D,20201216,000000,1126.73,1130.85,1059.46,1077.07,3665257,0
ROKU.US,D,20201217,000000,1075.99,1085.59,1047.18,1048.20,2102572,0
ROKU.US,D,20201218,000000,1065.56,1074.38,1005.24,1015.85,1716086,0
ROKU.US,D,20201221,000000,1012.23,1018.01,1010.69,1015.89,2057038,0
ROKU.US,D,20201221,000000,1015.46,1029.08,1013.72,1025.56,4274967,0
ROKU.US,D,20201221,000000,1026.26,1035.44,1025.77,1030.84,3374329,0
ROKU.US,D,20201222,000000,1037.73,1060.43,1026.95,1056.15,3079136,0
ROKU.US,D,20201223,000000,1062.24,1070.04,1045.91,1052.30,1840565,0
ROKU.US,D,20201224,000000,1059.68,1088.52,1059.52,1075.74,3260649,0
ROKU.US,D,20201225,000000,1084.96,1086.24,1061.60,1066.20,3314072,0
ROKU.US,D,20201228,000000,1085.55,1089.91,1083.98,1084.90,1948592,0
ROKU.US,D,20201228,000000,1092.15,1122.58,1080.29,1117.11,2978499,0
ROKU.US,D,20201228,000000,1118.77,1125.48,1117.98,1121.87,2251150,0
ROKU.US,D,20201229,000000,1128.09,1129.23,1113.16,1115.08,3109298,0
ROKU.US,D,20201230,000000,1129.24,1136.17,1128.59,1131.31,2984644,0
ROKU.US,D,20201231,000000,1126.83,1162.09,1123.16,1152.88,1758191,0
ROKU.US,D,20210101,000000,1133.63,1184.80,1117.07,1171.52,2120263,0
ROKU.US,D,20210104,000000,1184.39,1189.40,1144.50,1154.03,2271495,0
ROKU.US,D,20210104,000000,1130.54,1153.56,1130.03,1147.85,2286248,0
ROKU.US,D,20210104,000000,1146.50,1259.70,1132.39,1209.75,1551272,0
ROKU.US,D,20210105,000000,1183.43,1188.06,1134.79,1138.27,3375995,0
ROKU.US,D,20210106,000000,1136.68,1167.92,1135.77,1158.40,1531234,0
ROKU.US,D,20210107,000000,1151.48,1191.67,1150.14,1177.40,3025523,0
ROKU.US,D,20210108,000000,1188.87,1209.22,1131.63,1145.75,2761741,0
ROKU.US,D,20210111,000000,1134.14,1192.31,1134.02,1191.81,3647804,0
ROKU.US,D,20210111,000000,1194.00,1212.24,1187.81,1194.41,2131893,0
ROKU.US,D,20210111,000000,1186.15,1204.70,1180.07,1198.47,3082395,0
ROKU.US,D,20210112,000000,1193.00,1194.39,1192.15,1193.67,2226165,0
ROKU.US,D,20210113,000000,1201.89,1207.79,1173.08,1188.93,2095943,0
ROKU.US,D,20210114,000000,1175.46,1200.34,1166.83,1198.68,4061038,0
ROKU.US,D,20210115,000000,1207.47,1207.70,1141.90,1170.37,1714101,0
ROKU.US,D,20210118,000000,1166.18,1235.18,1165.92,1224.09,2626051,0
ROKU.US,D,20210118,000000,1217.79,1218.38,1214.70,1217.66,1642415,0
ROKU.US,D,20210118,000000,1209.43,1209.56,1149.01,1179.82,1729361,0
ROKU.US,D,20210119,000000,1180.34,1195.07,1180.13,1194.86,3561426,0
ROKU.US,D,20210120,000000,1167.99,1184.80,1167.49,1177.81,2440487,0
ROKU.US,D,20210121,000000,1191.75,1196.96,1168.25,1173.97,2378927,0
ROKU.US,D,20210122,000000,1190.88,1221.36,1184.96,1202.40,3849309,0
ROKU.US,D,20210125,000000,1208.17,1234.36,1149.37,1150.57,4201038,0
ROKU.US,D,20210125,000000,1143.32,1164.54,1140.96,1157.06,4021736,0
ROKU.US,D,20210125,000000,1160.95,1163.41,1153.95,1156.39,2492747,0
ROKU.US,D,20210126,000000,1163.71,1219.98,1161.95,1195.07,2781392,0
ROKU.US,D,20210127,000000,1159.54,1226.53,1147.62,1215.29,2064777,0
ROKU.US,D,20210128,000000,1221.21,1226.79,1113.78,1143.35,1734114,0
ROKU.US,D,20210129,000000,1191.89,1197.02,1100.65,1135.77,4406623,0
ROKU.US,D,20210201,000000,1116.27,1140.57,1116.22,1129.71,3739413,0
ROKU.US,D,20210201,000000,1135.16,1162.05,1130.90,1160.76,3939926,0
ROKU.US,D,20210201,000000,1155.50,1180.98,1037.62,1082.60,3346035,0
ROKU.US,D,20210202,000000,1087.28,1155.41,1074.46,1143.79,3333332,0
ROKU.US,D,20210203,000000,1121.55,1216.23,1113.15,1167.88,3705985,0
ROKU.US,D,20210204,000000,1174.98,1176.94,1157.03,1172.97,3500430,0
ROKU.US,D,20210205,000000,1182.27,1183.18,1141.73,1155.05,2142387,0
ROKU.US,D,20210208,000000,1152.88,1192.13,1144.28,1173.87,3723698,0
ROKU.US,D,20210208,000000,1182.20,1259.46,1175.13,1226.55,1549413,0
ROKU.US,D,20210208,000000,1212.07,1241.67,1191.09,1237.74,3293914,0
ROKU.US,D,20210209,000000,1233.80,1237.17,1213.56,1220.14,1669650,0
ROKU.US,D,20210210,000000,1232.91,1260.02,1224.97,1254.03,3702116,0
ROKU.US,D,20210211,000000,1258.02,1269.98,1234.58,1250.07,2453278,0
ROKU.US,D,20210212,000000,1263.31,1264.30,1250.28,1253.75,4450191,0
ROKU.US,D,20210215,000000,1245.42,1256.00,1236.92,1253.80,2884569,0
ROKU.US,D,20210215,000000,1254.20,1259.39,1232.64,1244.64,1842143,0
ROKU.US,D,20210215,000000,1244.73,1250.28,1204.29,1209.91,1737326,0
ROKU.US,D,20210216,000000,1220.20,1237.47,1219.77,1233.69,3118452,0
ROKU.US,D,20210217,000000,1235.30,1282.09,1234.88,1279.93,1848021,0
ROKU.US,D,20210218,000000,1278.06,1280.27,1250.52,1254.65,4092367,0
ROKU.US,D,20210219,000000,1258.59,1263.85,1232.69,1238.41,3116274,0
ROKU.US,D,20210222,000000,1242.41,1251.37,1163.51,1185.75,2683287,0
ROKU.US,D,20210222,000000,1189.56,1196.43,1185.05,1194.83,3616082,0
ROKU.US,D,20210222,000000,1192.88,1211.92,1192.17,1206.90,4030303,0
ROKU.US,D,20210223,000000,1212.82,1213.52,1204.07,1207.23,2108427,0
ROKU.US,D,20210224,000000,1201.94,1261.61,1189.68,1235.18,3639635,0
ROKU.US,D,20210225,000000,1219.88,1295.89,1215.39,1274.19,3434678,0
ROKU.US,D,20210226,000000,1261.19,1288.65,1260.87,1285.92,1778139,0
ROKU.US,D,20210301,000000,1295.47,1296.58,1286.03,1287.93,2642113,0
ROKU.US,D,20210301,000000,1289.10,1294.86,1260.15,1267.64,4075380,0
ROKU.US,D,20210301,000000,1268.39,1272.83,1244.04,1249.30,4315548,0
ROKU.US,D,20210302,000000,1249.76,1263.45,1244.29,1255.62,1985609,0
ROKU.US,D,20210303,000000,1256.91,1268.08,1255.25,1263.01,2660545,0
ROKU.US,D,20210304,000000,1248.99,1277.98,1244.88,1267.71,3974060,0
ROKU.US,D,20210305,000000,1271.87,1277.07,1246.61,1250.18,2824596,0
ROKU.US,D,20210308,000000,1248.02,1275.13,1247.31,1268.89,3056646,0
ROKU.US,D,20210308,000000,1268.37,1270.16,1260.22,1265.02,3293522,0
ROKU.US,D,20210308,000000,1270.47,1274.57,1244.60,1245.85,4282708,0
ROKU.US,D,20210309,000000,1246.48,1263.51,1242.92,1257.03,2052594,0
ROKU.US,D,20210310,000000,1244.35,1244.50,1242.30,1242.46,2735695,0
ROKU.US,D,20210311,000000,1237.77,1261.65,1233.66,1250.18,3070191,0
ROKU.US,D,20210312,000000,1243.44,1256.53,1214.93,1217.04,2135292,0
ROKU.US,D,20210315,000000,1206.22,1208.02,1199.31,1202.16,3716721,0
ROKU.US,D,20210315,000000,1194.85,1206.27,1189.52,1202.92,2028879,0
ROKU.US,D,20210315,000000,1193.28,1235.25,1191.95,1223.77,2637915,0
ROKU.US,D,20210316,000000,1231.39,1247.49,1230.69,1245.94,3352872,0
ROKU.US,D,20210317,000000,1242.43,1249.02,1214.34,1217.44,4458917,0
ROKU.US,D,20210318,000000,1219.90,1221.22,1208.96,1214.36,3777698,0
ROKU.US,D,20210319,000000,1198.68,1199.21,1183.15,1188.68,2454182,0
ROKU.US,D,20210322,000000,1197.91,1198.86,1195.19,1195.34,3061773,0
ROKU.US,D,20210322,000000,1204.65,1215.70,1195.48,1207.31,1839424,0
ROKU.US,D,20210322,000000,1217.27,1256.98,1199.67,1246.57,2750964,0
ROKU.US,D,20210323,000000,1253.98,1271.66,1189.51,1223.72,1575391,0
ROKU.US,D,20210324,000000,1230.59,1233.33,1218.82,1221.76,2089397,0
ROKU.US,D,20210325,000000,1212.03,1250.26,1201.41,1249.60,4149666,0
ROKU.US,D,20210326,000000,1254.25,1268.39,1241.59,1264.75,2675139,0
ROKU.US,D,20210329,000000,1260.11,1263.17,1234.19,1246.13,3675381,0
ROKU.US,D,20210329,000000,1248.27,1284.86,1244.60,1269.11,2306949,0
ROKU.US,D,20210329,000000,1260.28,1291.62,1255.28,1282.22,3633549,0
ROKU.US,D,20210330,000000,1293.83,1296.57,1253.18,1262.29,2491609,0
ROKU.US,D,20210331,000000,1267.08,1280.34,1239.24,1246.43,1635480,0
ROKU.US,D,20210401,000000,1238.59,1246.51,1235.20,1240.18,4018410,0
ROKU.US,D,20210402,000000,1242.51,1243.41,1241.22,1242.25,2484997,0
ROKU.US,D,20210405,000000,1242.91,1244.71,1237.14,1237.87,3009147,0
ROKU.US,D,20210405,000000,1240.49,1240.99,1233.38,1234.13,3239841,0
ROKU.US,D,20210405,000000,1233.95,1244.66,1232.23,1243.22,2357876,0
ROKU.US,D,20210406,000000,1242.33,1247.67,1240.00,1247.41,1570077,0
ROKU.US,D,20210407,000000,1244.63,1259.48,1243.56,1255.01,4212992,0
ROKU.US,D,20210408,000000,1256.52,1261.48,1255.12,1258.81,2580265,0
ROKU.US,D,20210409,000000,1258.52,1260.61,1249.74,1251.89,3413808,0
ROKU.US,D,20210412,000000,1251.92,1254.10,1242.41,1244.05,3800355,0
ROKU.US,D,20210412,000000,1243.74,1248.87,1243.13,1245.89,2472009,0
ROKU.US,D,20210412,000000,1243.74,1243.76,1243.36,1243.55,2183135,0
ROKU.US,D,20210413,000000,1237.33,1256.09,1235.20,1249.76,2036575,0
ROKU.US,D,20210414,000000,1247.77,1248.87,1235.79,1239.51,1666714,0
ROKU.US,D,20210415,000000,1239.90,1247.43,1239.34,1246.23,3102285,0
ROKU.US,D,20210416,000000,1243.84,1258.17,1241.68,1257.87,3378752,0
ROKU.US,D,20210419,000000,1257.05,1258.22,1256.05,1258.05,4265627,0
ROKU.US,D,20210419,000000,1255.95,1260.59,1255.26,1259.62,1906183,0
ROKU.US,D,20210419,000000,1256.27,1305.16,1253.18,1290.22,1543958,0
ROKU.US,D,20210420,000000,1287.72,1288.25,1283.02,1284.12,3271846,0
ROKU.US,D,20210421,000000,1285.21,1286.25,1276.20,1277.42,3845945,0
ROKU.US,D,20210422,000000,1280.80,1282.87,1264.64,1269.53,2019138,0
ROKU.US,D,20210423,000000,1268.50,1270.60,1254.29,1255.41,1532962,0
ROKU.US,D,20210426,000000,1258.32,1260.28,1258.16,1259.64,4059549,0
ROKU.US,D,20210426,000000,1259.27,1260.62,1259.11,1259.90,2690752,0
ROKU.US,D,20210426,000000,1256.71,1257.06,1254.00,1254.25,3343449,0
ROKU.US,D,20210427,000000,1251.83,1260.03,1251.64,1258.42,2535069,0
ROKU.US,D,20210428,000000,1253.34,1253.84,1239.80,1243.71,2403012,0
ROKU.US,D,20210429,000000,1231.82,1254.50,1231.33,1247.66,1939757,0
ROKU.US,D,20210430,000000,1253.29,1261.08,1233.15,1233.76,2009690,0
ROKU.US,D,20210503,000000,1225.47,1225.86,1213.55,1216.82,3176582,0
ROKU.US,D,20210503,000000,1219.57,1219.87,1217.77,1218.31,3723819,0
ROKU.US,D,20210503,000000,1218.33,1219.63,1187.54,1195.53,2920729,0
ROKU.US,D,20210504,000000,1197.26,1198.89,1179.92,1186.57,2759908,0
ROKU.US,D,20210505,000000,1189.03,1192.99,1174.95,1178.06,1544899,0
ROKU.US,D,20210506,000000,1177.95,1189.39,1176.39,1188.73,2854405,0
ROKU.US,D,20210507,000000,1182.47,1186.41,1163.09,1167.35,3388102,0
ROKU.US,D,20210510,000000,1158.00,1181.66,1157.42,1174.85,2007755,0
ROKU.US,D,20210510,000000,1183.77,1186.64,1175.13,1176.93,2460298,0
ROKU.US,D,20210510,000000,1178.72,1182.30,1149.56,1154.76,3488922,0
ROKU.US,D,20210511,000000,1152.36,1154.43,1145.57,1149.01,2336788,0
ROKU.US,D,20210512,000000,1145.16,1175.51,1138.93,1166.46,4201030,0
ROKU.US,D,20210513,000000,1151.15,1209.67,1135.01,1200.42,3300136,0
ROKU.US,D,20210514,000000,1196.91,1204.80,1162.66,1176.62,4129994,0
ROKU.US,D,20210517,000000,1170.54,1174.47,1147.76,1153.27,2732235,0
ROKU.US,D,20210517,000000,1153.75,1158.63,1108.82,1122.79,3960377,0
ROKU.US,D,20210517,000000,1106.92,1136.71,1097.06,1127.00,3045124,0
ROKU.US,D,20210518,000000,1121.90,1127.89,1040.21,1073.04,4115630,0
ROKU.US,D,20210519,000000,1079.95,1080.78,1045.34,1054.67,3577130,0
ROKU.US,D,20210520,000000,1064.28,1071.80,1032.27,1048.37,3359647,0
ROKU.US,D,20210521,000000,1039.07,1105.23,1018.83,1098.71,3988792,0
ROKU.US,D,20210524,000000,1114.69,1121.04,1105.70,1107.56,2800004,0
ROKU.US,D,20210524,000000,1102.07,1122.93,1036.43,1036.73,3605700,0
ROKU.US,D,20210524,000000,1045.14,1083.25,1043.97,1069.03,4342655,0
ROKU.US,D,20210525,000000,1058.54,1096.66,1047.33,1090.93,3729790,0
ROKU.US,D,20210526,000000,1076.06,1086.24,1072.38,1083.65,3517316,0
ROKU.US,D,20210527,000000,1074.47,1080.97,1042.43,1051.77,2044140,0
ROKU.US,D,20210528,000000,1044.34,1044.89,1011.13,1018.70,4098041,0
ROKU.US,D,20210531,000000,1027.18,1036.84,970.12,989.73,2091109,0
ROKU.US,D,20210531,000000,991.30,991.57,943.28,953.55,1824745,0
ROKU.US,D,20210531,000000,964.43,1021.58,954.55,997.21,3008289,0
ROKU.US,D,20210601,000000,999.48,1028.23,998.88,1018.95,3754722,0
ROKU.US,D,20210602,000000,1010.52,1014.29,998.92,1004.10,3524074,0
ROKU.US,D,20210603,000000,993.44,1022.79,992.65,1015.37,4483487,0
ROKU.US,D,20210604,000000,1008.37,1018.86,1002.17,1017.45,4491454,0
ROKU.US,D,20210607,000000,1013.05,1085.82,1003.93,1057.41,2625818,0
ROKU.US,D,20210607,000000,1062.00,1067.34,1027.64,1033.36,1729866,0
ROKU.US,D,20210607,000000,1028.79,1029.37,1008.11,1016.22,1888270,0
ROKU.US,D,20210608,000000,1024.41,1030.72,1007.04,1010.08,3197186,0
ROKU.US,D,20210609,000000,1008.14,1081.83,997.37,1054.43,4129034,0
ROKU.US,D,20210610,000000,1052.12,1055.48,1031.60,1040.77,3674160,0
ROKU.US,D,20210611,000000,1045.00,1046.36,1039.68,1041.65,2221059,0
ROKU.US,D,20210614,000000,1034.06,1037.01,1027.30,1030.32,2061387,0
ROKU.US,D,20210614,000000,1029.22,1037.57,1027.85,1034.90,4176734,0
ROKU.US,D,20210614,000000,1026.18,1038.60,1025.28,1034.46,4220609,0
ROKU.US,D,20210615,000000,1038.85,1046.67,1036.86,1045.97,3653098,0
ROKU.US,D,20210616,000000,1048.79,1051.25,1048.31,1050.04,4016492,0
ROKU.US,D,20210617,000000,1043.27,1075.93,1038.80,1071.49,1863743,0
ROKU.US,D,20210618,000000,1068.02,1075.93,1065.23,1075.61,3536537,0
ROKU.US,D,20210621,000000,1067.91,1070.35,1066.80,1069.36,3178498,0
ROKU.US,D,20210621,000000,1068.11,1095.37,1060.56,1092.14,1911363,0
ROKU.US,D,20210621,000000,1087.81,1088.85,1083.25,1085.61,2389098,0
ROKU.US,D,20210622,000000,1086.39,1087.02,1086.22,1086.25,2007078,0
ROKU.US,D,20210623,000000,1083.15,1125.44,1074.19,1115.86,3222950,0
ROKU.US,D,20210624,000000,1116.92,1131.10,1113.62,1127.78,1806867,0
ROKU.US,D,20210625,000000,1131.84,1133.93,1123.78,1126.45,2795131,0
ROKU.US,D,20210628,000000,1125.74,1127.76,1102.20,1104.94,3298737,0
ROKU.US,D,20210628,000000,1103.06,1106.39,1088.12,1088.83,3466856,0
ROKU.US,D,20210628,000000,1088.77,1099.13,1087.40,1097.56,2249193,0
ROKU.US,D,20210629,000000,1097.37,1112.29,1095.41,1103.66,2754753,0
ROKU.US,D,20210630,000000,1104.62,1105.80,1101.80,1103.51,4143007,0
ROKU.US,D,20210701,000000,1103.98,1118.02,1103.42,1110.04,3269720,0
ROKU.US,D,20210702,000000,1110.68,1111.02,1109.02,1110.05,2220934,0
ROKU.US,D,20210705,000000,1103.81,1104.03,1103.09,1103.29,4019227,0
ROKU.US,D,20210705,000000,1105.36,1108.34,1103.02,1104.05,2823961,0
ROKU.US,D,20210705,000000,1103.98,1107.48,1103.24,1105.38,4337119,0
ROKU.US,D,20210706,000000,1105.15,1106.23,1098.90,1099.12,4218800,0
ROKU.US,D,20210707,000000,1099.41,1106.89,1098.30,1104.43,4112246,0
ROKU.US,D,20210708,000000,1102.78,1112.86,1101.11,1107.70,4077505,0
ROKU.US,D,20210709,000000,1111.96,1112.74,1109.12,1110.14,2831187,0
ROKU.US,D,20210712,000000,1107.87,1137.69,1091.66,1133.11,4294876,0
ROKU.US,D,20210712,000000,1127.23,1130.73,1123.31,1130.16,3076541,0
ROKU.US,D,20210712,000000,1130.49,1132.20,1114.84,1120.84,1858557,0
ROKU.US,D,20210713,000000,1118.92,1121.50,1114.95,1117.80,2511149,0
ROKU.US,D,20210714,000000,1127.84,1138.38,1127.54,1135.90,3133249,0
ROKU.US,D,20210715,000000,1139.37,1145.66,1137.41,1145.11,1666973,0
ROKU.US,D,20210716,000000,1132.75,1134.49,1082.67,1094.08,3655220,0
ROKU.US,D,20210719,000000,1092.89,1097.24,1070.79,1077.09,1861348,0
ROKU.US,D,20210719,000000,1078.85,1089.40,1078.14,1088.65,2738224,0
ROKU.US,D,20210719,000000,1089.17,1103.01,1088.02,1098.36,3038033,0
ROKU.US,D,20210720,000000,1089.56,1137.80,1083.49,1122.53,3130671,0
ROKU.US,D,20210721,000000,1121.24,1151.51,1114.92,1143.18,2898748,0
ROKU.US,D,20210722,000000,1146.00,1148.41,1135.05,1137.38,2067702,0
ROKU.US,D,20210723,000000,1136.01,1143.96,1134.70,1140.96,3970879,0
ROKU.US,D,20210726,000000,1145.88,1147.45,1144.53,1146.11,1518980,0
ROKU.US,D,20210726,000000,1144.65,1147.76,1128.10,1131.94,4133105,0
ROKU.US,D,20210726,000000,1123.74,1144.10,1115.80,1137.64,4443350,0
ROKU.US,D,20210727,000000,1138.90,1141.74,1137.44,1139.59,3953247,0
ROKU.US,D,20210728,000000,1147.45,1149.50,1120.07,1124.75,3955038,0
ROKU.US,D,20210729,000000,1122.74,1128.70,1094.42,1094.99,2902116,0
ROKU.US,D,20210730,000000,1094.34,1097.31,1081.50,1081.97,3338686,0
ROKU.US,D,20210802,000000,1085.84,1111.99,1083.14,1111.56,2163641,0
ROKU.US,D,20210802,000000,1114.09,1115.69,1089.75,1095.53,2149021,0
ROKU.US,D,20210802,000000,1099.43,1113.29,1095.05,1106.14,4475475,0
ROKU.US,D,20210803,000000,1108.05,1114.77,1094.19,1095.76,2254772,0
ROKU.US,D,20210804,000000,1095.12,1098.54,1084.15,1091.57,1889830,0
ROKU.US,D,20210805,000000,1089.72,1155.03,1082.39,1137.62,1784911,0
ROKU.US,D,20210806,000000,1135.88,1138.44,1134.61,1135.01,3193832,0
ROKU.US,D,20210809,000000,1136.05,1146.00,1113.28,1131.80,3240937,0
ROKU.US,D,20210809,000000,1132.57,1156.59,1131.31,1150.19,2413369,0
ROKU.US,D,20210809,000000,1140.24,1148.76,1117.45,1122.17,3938268,0
ROKU.US,D,20210810,000000,1120.19,1126.39,1113.80,1115.19,2997868,0
ROKU.US,D,20210811,000000,1112.12,1125.68,1110.02,1118.02,3273375,0
ROKU.US,D,20210812,000000,1095.75,1136.72,1083.27,1125.05,3297846,0
ROKU.US,D,20210813,000000,1120.71,1128.26,1082.10,1100.48,2866671,0
ROKU.US,D,20210816,000000,1113.88,1144.31,1035.66,1045.48,4174544,0
ROKU.US,D,20210816,000000,1049.28,1059.75,1049.12,1053.33,1661244,0
ROKU.US,D,20210816,000000,1068.01,1070.33,1021.90,1033.23,2072610,0
ROKU.US,D,20210817,000000,1034.35,1043.08,1000.48,1022.96,4123942,0
ROKU.US,D,20210818,000000,1020.28,1021.10,1018.57,1018.59,3223475,0
ROKU.US,D,20210819,000000,1018.34,1055.49,1001.92,1055.47,2483922,0
ROKU.US,D,20210820,000000,1057.35,1058.81,1040.21,1045.11,3780569,0
ROKU.US,D,20210823,000000,1059.53,1065.19,1044.11,1055.83,3288840,0
ROKU.US,D,20210823,000000,1058.58,1081.04,1043.72,1075.48,4066776,0
ROKU.US,D,20210823,000000,1056.16,1134.32,1051.68,1102.44,3225395,0
ROKU.US,D,20210824,000000,1106.28,1126.40,1103.47,1118.04,2712662,0
ROKU.US,D,20210825,000000,1123.59,1139.76,1121.10,1130.53,4381739,0
ROKU.US,D,20210826,000000,1119.28,1145.87,1116.12,1140.17,2266285,0
ROKU.US,D,20210827,000000,1141.84,1146.19,1094.30,1107.15,2880891,0
ROKU.US,D,20210830,000000,1104.38,1127.71,1096.11,1119.20,4251418,0
ROKU.US,D,20210830,000000,1101.85,1171.98,1067.10,1146.60,3503360,0
ROKU.US,D,20210830,000000,1128.01,1193.05,1124.10,1174.08,3700354,0
ROKU.US,D,20210831,000000,1167.62,1230.27,1154.34,1214.16,4283827,0
ROKU.US,D,20210901,000000,1204.90,1253.22,1200.90,1237.03,4238932,0
ROKU.US,D,20210902,000000,1244.53,1246.38,1221.06,1239.19,2029009,0
ROKU.US,D,20210903,000000,1236.98,1363.63,1206.99,1355.70,2305449,0
ROKU.US,D,20210906,000000,1356.39,1364.96,1249.95,1265.46,3560097,0
ROKU.US,D,20210906,000000,1257.92,1270.06,1192.83,1203.32,1693643,0
ROKU.US,D,20210906,000000,1227.68,1234.48,1190.68,1194.80,3922934,0
ROKU.US,D,20210907,000000,1211.84,1213.22,1180.67,1186.92,1512306,0
ROKU.US,D,20210908,000000,1183.29,1196.04,1180.53,1192.74,1570914,0
ROKU.US,D,20210909,000000,1180.61,1186.00,1094.25,1119.05,3443431,0
ROKU.US,D,20210910,000000,1142.15,1199.24,1138.47,1166.54,2443711,0
ROKU.US,D,20210913,000000,1156.83,1177.68,1110.43,1118.63,1968730,0
ROKU.US,D,20210913,000000,1138.36,1259.09,1131.53,1204.24,1706754,0
ROKU.US,D,20210913,000000,1201.33,1388.08,1170.30,1311.66,2991677,0
ROKU.US,D,20210914,000000,1316.27,1522.95,1294.62,1445.20,3154841,0
ROKU.US,D,20210915,000000,1425.34,1570.24,1422.16,1518.28,3006237,0
ROKU.US,D,20210916,000000,1519.60,1546.63,1519.60,1543.81,2470614,0
ROKU.US,D,20210917,000000,1556.17,1558.83,1448.69,1458.98,1834200,0
ROKU.US,D,20210920,000000,1468.07,1477.54,1360.91,1384.84,3472810,0
ROKU.US,D,20210920,000000,1392.58,1511.20,1362.32,1504.78,3083379,0
ROKU.US,D,20210920,000000,1482.85,1570.25,1447.45,1547.60,4422870,0
ROKU.US,D,20210921,000000,1559.07,1579.35,1445.97,1464.67,3271997,0
ROKU.US,D,20210922,000000,1471.47,1489.19,1358.68,1400.68,1772320,0
ROKU.US,D,20210923,000000,1395.70,1561.84,1383.31,1491.64,2230163,0
ROKU.US,D,20210924,000000,1528.68,1541.33,1414.22,1464.64,3545362,0
ROKU.US,D,20210927,000000,1445.30,1602.01,1382.61,1596.52,3286709,0
ROKU.US,D,20210927,000000,1622.90,1731.54,1613.82,1699.52,2663888,0
ROKU.US,D,20210927,000000,1623.48,1630.99,1420.50,1443.07,2180800,0
ROKU.US,D,20210928,000000,1495.73,1498.12,1432.67,1436.05,3436897,0
ROKU.US,D,20210929,000000,1427.79,1435.45,1338.26,1367.14,4454676,0
ROKU.US,D,20210930,000000,1339.75,1395.58,1331.64,1365.44,1906592,0
ROKU.US,D,20211001,000000,1389.68,1391.98,1285.97,1311.27,1898074,0
ROKU.US,D,20211004,000000,1351.22,1421.97,1304.18,1418.54,3599936,0
ROKU.US,D,20211004,000000,1421.31,1421.38,1397.39,1403.73,1650621,0
ROKU.US,D,20211004,000000,1421.53,1425.15,1340.77,1365.23,4219868,0
ROKU.US,D,20211005,000000,1396.64,1404.62,1353.01,1364.00,2971457,0
ROKU.US,D,20211006,000000,1371.33,1391.56,1195.73,1209.11,4155586,0
ROKU.US,D,20211007,000000,1225.26,1227.25,1155.21,1183.31,2601386,0
ROKU.US,D,20211008,000000,1181.68,1186.74,1179.14,1186.65,1600709,0
ROKU.US,D,20211011,000000,1194.05,1198.45,1178.45,1183.82,1589231,0
ROKU.US,D,20211011,000000,1201.58,1211.04,1054.13,1071.30,3901179,0
ROKU.US,D,20211011,000000,1080.24,1169.54,1053.86,1144.14,2422381,0
ROKU.US,D,20211012,000000,1158.73,1159.41,1099.18,1111.14,1589260,0
ROKU.US,D,20211013,000000,1104.18,1146.08,1095.00,1140.57,3458997,0
ROKU.US,D,20211014,000000,1126.98,1292.56,1038.93,1226.75,1535663,0
ROKU.US,D,20211015,000000,1223.25,1297.00,1191.35,1286.67,3842427,0
ROKU.US,D,20211018,000000,1298.60,1333.26,1155.80,1157.85,2717466,0
ROKU.US,D,20211018,000000,1144.63,1172.02,1142.24,1154.62,3357178,0
ROKU.US,D,20211018,000000,1154.72,1254.54,1132.94,1228.85,2547690,0
ROKU.US,D,20211019,000000,1280.68,1285.21,1202.57,1211.87,2734413,0
ROKU.US,D,20211020,000000,1224.45,1244.83,1222.80,1244.64,3523467,0
ROKU.US,D,20211021,000000,1245.97,1246.94,1199.40,1223.91,3340343,0
ROKU.US,D,20211022,000000,1220.43,1269.69,1218.65,1253.04,3477451,0
ROKU.US,D,20211025,000000,1247.14,1308.92,1235.08,1286.53,3462316,0
ROKU.US,D,20211025,000000,1287.82,1385.41,1287.52,1353.62,3183395,0
ROKU.US,D,20211025,000000,1353.27,1359.01,1241.91,1261.50,2809765,0
ROKU.US,D,20211026,000000,1290.25,1299.78,1229.71,1230.06,3197394,0
ROKU.US,D,20211027,000000,1219.93,1264.07,1110.85,1142.23,3981396,0
ROKU.US,D,20211028,000000,1143.95,1152.52,1076.56,1090.74,3891859,0
ROKU.US,D,20211029,000000,1061.39,1170.39,1043.71,1164.45,2084500,0
ROKU.US,D,20211101,000000,1170.21,1180.87,1121.16,1136.25,1722978,0
ROKU.US,D,20211101,000000,1119.37,1136.48,1044.38,1061.50,2643470,0
ROKU.US,D,20211101,000000,1064.09,1067.82,1038.69,1040.08,3923548,0
ROKU.US,D,20211102,000000,1081.13,1086.17,1024.91,1032.09,2888082,0
ROKU.US,D,20211103,000000,1038.09,1045.46,1014.65,1015.40,3608013,0
ROKU.US,D,20211104,000000,1012.31,1030.76,819.76,876.61,2346136,0
ROKU.US,D,20211105,000000,850.49,960.88,839.90,924.39,3945562,0
ROKU.US,D,20211108,000000,905.79,1145.15,852.52,1031.14,1560128,0
ROKU.US,D,20211108,000000,1046.19,1064.06,1042.55,1058.71,2239497,0
ROKU.US,D,20211108,000000,1071.09,1158.76,1053.14,1109.05,4080776,0
ROKU.US,D,20211109,000000,1111.54,1131.40,1031.80,1042.80,1851996,0
ROKU.US,D,20211110,000000,1040.07,1098.68,1034.93,1082.65,1844117,0
ROKU.US,D,20211111,000000,1086.87,1091.22,1061.41,1066.73,2474666,0
ROKU.US,D,20211112,000000,1034.36,1056.15,1025.32,1052.64,1691367,0
ROKU.US,D,20211115,000000,1059.83,1146.77,1057.71,1145.98,4333016,0
ROKU.US,D,20211115,000000,1159.76,1186.17,1145.65,1171.73,2583718,0
ROKU.US,D,20211115,000000,1171.60,1176.31,1004.70,1053.94,2552116,0
ROKU.US,D,20211116,000000,1044.64,1053.60,1001.21,1001.97,4126382,0
ROKU.US,D,20211117,000000,1016.39,1032.26,1012.70,1022.67,2022573,0
ROKU.US,D,20211118,000000,1024.21,1033.65,1022.69,1030.53,3042587,0
ROKU.US,D,20211119,000000,998.77,1042.42,996.99,1030.59,1796204,0
ROKU.US,D,20211122,000000,1029.93,1075.01,1016.36,1057.93,3522810,0
ROKU.US,D,20211122,000000,1067.18,1069.44,905.32,996.39,2485359,0
ROKU.US,D,20211122,000000,996.59,1007.68,902.92,908.14,4431999,0
ROKU.US,D,20211123,000000,898.86,941.70,897.36,938.23,3528821,0
ROKU.US,D,20211124,000000,960.65,961.04,953.90,954.97,3149077,0
ROKU.US,D,20211125,000000,949.16,958.76,947.91,956.57,2675710,0
ROKU.US,D,20211126,000000,965.21,998.30,957.63,997.43,2916066,0
ROKU.US,D,20211129,000000,1008.88,1022.23,1005.91,1009.78,4029190,0
ROKU.US,D,20211129,000000,1012.37,1084.48,1003.78,1065.86,4354791,0
ROKU.US,D,20211129,000000,1051.15,1051.21,1028.74,1039.00,1753903,0
ROKU.US,D,20211130,000000,1033.01,1036.19,1021.17,1024.02,3668888,0
ROKU.US,D,20211201,000000,1015.36,1017.06,1008.49,1010.12,3887504,0
ROKU.US,D,20211202,000000,1011.17,1141.29,1001.00,1070.77,2949225,0
ROKU.US,D,20211203,000000,1080.65,1089.84,1047.97,1057.01,3459421,0
ROKU.US,D,20211206,000000,1064.17,1066.04,1060.03,1060.22,3381232,0
ROKU.US,D,20211206,000000,1046.94,1071.84,1045.31,1058.59,3855641,0
ROKU.US,D,20211206,000000,1064.18,1129.84,1053.45,1108.92,3132399,0
ROKU.US,D,20211207,000000,1109.79,1112.41,1103.74,1105.69,1679600,0
ROKU.US,D,20211208,000000,1096.79,1100.19,1051.20,1070.07,3717299,0
ROKU.US,D,20211209,000000,1054.61,1154.05,1017.32,1144.23,3738009,0
ROKU.US,D,20211210,000000,1158.53,1180.80,1130.57,1146.52,3326358,0
ROKU.US,D,20211213,000000,1136.67,1238.84,1129.85,1207.29,2252684,0
ROKU.US,D,20211213,000000,1206.29,1212.92,1174.61,1177.08,3693685,0
ROKU.US,D,20211213,000000,1159.64,1162.64,1158.28,1160.90,2696830,0
ROKU.US,D,20211214,000000,1147.56,1270.40,1144.39,1254.13,1873636,0
ROKU.US,D,20211215,000000,1250.44,1289.51,1249.91,1273.40,2795777,0
ROKU.US,D,20211216,000000,1227.43,1446.28,1145.42,1386.84,4441085,0
ROKU.US,D,20211217,000000,1401.78,1423.28,1319.58,1338.84,2737223,0
ROKU.US,D,20211220,000000,1349.56,1365.77,1135.34,1154.23,3620116,0
ROKU.US,D,20211220,000000,1144.57,1210.83,1142.44,1187.95,2087886,0
ROKU.US,D,20211220,000000,1191.63,1205.12,1124.24,1160.99,4111634,0
ROKU.US,D,20211221,000000,1146.78,1160.41,1068.58,1105.35,3771491,0
ROKU.US,D,20211222,000000,1124.46,1169.65,1123.23,1162.51,3602286,0
ROKU.US,D,20211223,000000,1186.40,1186.77,1152.14,1159.41,2846221,0
ROKU.US,D,20211224,000000,1143.08,1183.06,1128.66,1177.59,3411545,0
ROKU.US,D,20211227,000000,1191.67,1198.96,1167.79,1171.41,1836086,0
ROKU.US,D,20211227,000000,1168.06,1169.64,1159.72,1161.55,4486322,0
ROKU.US,D,20211227,000000,1152.99,1194.67,1147.07,1173.55,4486809,0
ROKU.US,D,20211228,000000,1167.26,1351.68,1111.34,1314.70,2106284,0
ROKU.US,D,20211229,000000,1321.26,1344.77,1318.47,1330.59,2323879,0
ROKU.US,D,20211230,000000,1324.36,1346.75,1275.97,1279.32,4161320,0
ROKU.US,D,20211231,000000,1296.41,1303.98,1237.90,1256.29,1772784,0
ROKU.US,D,20220103,000000,1253.86,1357.39,1246.60,1324.28,3572280,0
ROKU.US,D,20220103,000000,1324.37,1342.05,1321.40,1340.51,3187289,0
ROKU.US,D,20220103,000000,1340.37,1372.35,1281.85,1293.82,4093673,0
ROKU.US,D,20220104,000000,1290.43,1321.49,1273.19,1299.73,2237390,0
ROKU.US,D,20220105,000000,1286.30,1319.90,1274.52,1315.85,2641836,0
ROKU.US,D,20220106,000000,1304.51,1313.44,1299.82,1310.82,2159807,0
ROKU.US,D,20220107,000000,1303.32,1318.05,1257.74,1260.77,4089179,0
ROKU.US,D,20220110,000000,1259.96,1263.86,1211.31,1215.91,1627444,0
ROKU.US,D,20220110,000000,1240.02,1343.81,1233.89,1292.10,3167189,0
ROKU.US,D,20220110,000000,1281.37,1305.99,1276.03,1305.18,2278206,0
ROKU.US,D,20220111,000000,1314.01,1354.36,1306.10,1335.54,1523942,0
ROKU.US,D,20220112,000000,1347.53,1351.36,1341.23,1343.08,3316865,0
ROKU.US,D,20220113,000000,1341.00,1346.14,1271.61,1275.74,3807434,0
ROKU.US,D,20220114,000000,1281.20,1294.86,1232.41,1251.40,2370213,0
ROKU.US,D,20220117,000000,1246.73,1256.82,1245.92,1255.60,3755907,0
ROKU.US,D,20220117,000000,1270.56,1272.79,1192.93,1216.76,4300398,0
ROKU.US,D,20220117,000000,1220.49,1289.65,1201.33,1262.24,2914705,0
ROKU.US,D,20220118,000000,1273.90,1288.53,1231.52,1248.04,2226572,0
ROKU.US,D,20220119,000000,1259.99,1263.39,1251.05,1252.90,2147419,0
ROKU.US,D,20220120,000000,1242.59,1281.70,1240.82,1276.79,3009603,0
ROKU.US,D,20220121,000000,1261.46,1292.48,1257.08,1282.31,2953285,0
ROKU.US,D,20220124,000000,1296.82,1315.31,1290.66,1305.80,3515622,0
ROKU.US,D,20220124,000000,1313.76,1373.07,1213.14,1228.88,3290686,0
ROKU.US,D,20220124,000000,1241.48,1259.25,1173.72,1181.05,1545982,0
ROKU.US,D,20220125,000000,1175.27,1193.08,1169.72,1187.33,4389894,0
ROKU.US,D,20220126,000000,1202.29,1204.72,1175.04,1178.66,4282810,0
