<TICKER>,<PER>,<DATE>,<TIME>,<OPEN>,<HIGH>,<LOW>,<CLOSE>,<VOL>,<OPENINT>
SNAP.US,D,20180102,000000,12.01,12.05,11.85,11.91,11111943,0
SNAP.US,D,20180103,000000,11.95,12.41,11.80,12.38,14727359,0
SNAP.US,D,20180104,000000,12.36,12.43,11.98,12.06,11387484,0
SNAP.US,D,20180105,000000,12.08,12.08,12.07,12.08,14665146,0
SNAP.US,D,20180108,000000,12.19,12.41,12.17,12.35,9377156,0
SNAP.US,D,20180108,000000,12.33,12.68,12.32,12.55,11783959,0
SNAP.US,D,20180108,000000,12.58,12.63,12.39,12.52,12434183,0
SNAP.US,D,20180109,000000,12.46,12.53,12.43,12.50,7947339,0
SNAP.US,D,20180110,000000,12.34,13.07,12.25,12.94,9934260,0
SNAP.US,D,20180111,000000,12.99,13.06,12.92,13.03,10078392,0
SNAP.US,D,20180112,000000,12.96,13.55,12.81,13.51,5126929,0
SNAP.US,D,20180115,000000,13.75,14.01,13.06,13.43,9764936,0
SNAP.US,D,20180115,000000,13.37,13.58,13.27,13.50,10904132,0
SNAP.US,D,20180115,000000,13.27,14.16,13.23,14.08,10491348,0
SNAP.US,D,20180116,000000,13.97,14.57,13.91,14.43,12308342,0
SNAP.US,D,20180117,000000,14.45,14.50,14.01,14.06,13510826,0
SNAP.US,D,20180118,000000,14.23,14.50,14.19,14.44,9099576,0
SNAP.US,D,20180119,000000,14.30,14.98,14.28,14.78,8807007,0
SNAP.US,D,20180122,000000,14.81,14.89,14.53,14.61,11352912,0
SNAP.US,D,20180122,000000,14.55,14.98,14.52,14.87,10787500,0
SNAP.US,D,20180122,000000,14.86,14.97,14.55,14.67,7740199,0
SNAP.US,D,20180123,000000,14.64,14.77,14.60,14.77,12823517,0
SNAP.US,D,20180124,000000,14.70,15.21,14.68,14.96,9567726,0
SNAP.US,D,20180125,000000,14.76,15.73,14.65,15.42,10990674,0
SNAP.US,D,20180126,000000,15.63,15.79,15.56,15.76,11472364,0
SNAP.US,D,20180129,000000,15.63,15.72,15.24,15.26,13306021,0
SNAP.US,D,20180129,000000,15.14,15.58,15.06,15.44,14509465,0
SNAP.US,D,20180129,000000,15.43,15.48,15.16,15.26,13602752,0
SNAP.US,D,20180130,000000,15.20,15.49,15.10,15.47,13263179,0
SNAP.US,D,20180131,000000,15.46,16.12,15.38,15.91,9181228,0
SNAP.US,D,20180201,000000,15.73,16.49,15.70,16.19,11571248,0
SNAP.US,D,20180202,000000,16.15,16.79,16.00,16.49,7534204,0
SNAP.US,D,20180205,000000,16.46,17.43,16.33,17.19,5070085,0
SNAP.US,D,20180205,000000,17.30,17.31,17.01,17.03,10535194,0
SNAP.US,D,20180205,000000,17.23,17.42,17.20,17.36,11295775,0
SNAP.US,D,20180206,000000,17.40,17.70,17.39,17.62,10895040,0
SNAP.US,D,20180207,000000,17.68,17.70,17.39,17.48,12687472,0
SNAP.US,D,20180208,000000,17.56,17.58,17.53,17.58,5636690,0
SNAP.US,D,20180209,000000,17.53,17.61,17.28,17.34,5127168,0
SNAP.US,D,20180212,000000,17.36,17.73,17.24,17.58,13410251,0
SNAP.US,D,20180212,000000,17.69,17.92,17.67,17.81,6268133,0
SNAP.US,D,20180212,000000,17.87,17.94,17.87,17.92,12019662,0
SNAP.US,D,20180213,000000,17.88,18.19,17.83,18.10,8602018,0
SNAP.US,D,20180214,000000,18.09,18.10,17.94,17.96,11946996,0
SNAP.US,D,20180215,000000,17.83,17.93,17.82,17.91,9801239,0
SNAP.US,D,20180216,000000,17.88,17.91,17.74,17.77,6122254,0
SNAP.US,D,20180219,000000,17.81,17.86,17.60,17.68,12458139,0
SNAP.US,D,20180219,000000,17.73,18.20,17.63,18.05,11734766,0
SNAP.US,D,20180219,000000,18.13,18.13,17.89,17.94,7146447,0
SNAP.US,D,20180220,000000,17.94,18.58,17.92,18.52,10595743,0
SNAP.US,D,20180221,000000,18.43,18.54,18.41,18.45,5493791,0
SNAP.US,D,20180222,000000,18.45,18.45,18.03,18.19,10354394,0
SNAP.US,D,20180223,000000,18.07,18.11,17.87,17.97,10232318,0
SNAP.US,D,20180226,000000,17.81,17.88,17.56,17.78,12001319,0
SNAP.US,D,20180226,000000,17.98,18.00,17.82,17.87,8825414,0
SNAP.US,D,20180226,000000,17.92,17.93,17.83,17.84,8333314,0
SNAP.US,D,20180227,000000,17.80,17.82,16.95,17.11,9526565,0
SNAP.US,D,20180228,000000,16.89,17.07,16.83,17.06,6201328,0
SNAP.US,D,20180301,000000,17.05,17.41,16.99,17.40,14646310,0
SNAP.US,D,20180302,000000,17.22,18.07,16.94,17.82,6830032,0
SNAP.US,D,20180305,000000,17.56,17.77,17.49,17.74,7814908,0
SNAP.US,D,20180305,000000,17.72,17.78,17.68,17.76,10526345,0
SNAP.US,D,20180305,000000,17.48,18.20,17.42,17.94,6593302,0
SNAP.US,D,20180306,000000,17.76,18.12,17.75,17.95,5610966,0
SNAP.US,D,20180307,000000,17.91,18.35,17.79,18.28,9103655,0
SNAP.US,D,20180308,000000,18.50,18.59,17.39,17.52,12534370,0
SNAP.US,D,20180309,000000,17.89,17.93,17.76,17.77,11879074,0
SNAP.US,D,20180312,000000,18.02,18.12,17.77,17.79,7669031,0
SNAP.US,D,20180312,000000,17.76,18.67,17.56,18.38,12968432,0
SNAP.US,D,20180312,000000,18.27,18.38,18.19,18.19,5484178,0
SNAP.US,D,20180313,000000,18.02,19.01,17.63,18.76,7237084,0
SNAP.US,D,20180314,000000,18.40,19.00,18.25,18.82,10626662,0
SNAP.US,D,20180315,000000,19.10,19.13,18.62,18.77,6474833,0
SNAP.US,D,20180316,000000,18.72,19.72,18.60,19.59,9746742,0
SNAP.US,D,20180319,000000,19.59,19.69,18.55,18.75,14188679,0
SNAP.US,D,20180319,000000,18.76,19.33,18.65,19.16,5433226,0
SNAP.US,D,20180319,000000,19.25,19.28,19.02,19.07,5683526,0
SNAP.US,D,20180320,000000,19.11,19.28,19.09,19.23,12545049,0
SNAP.US,D,20180321,000000,19.28,19.30,18.54,18.71,6581940,0
SNAP.US,D,20180322,000000,18.62,18.69,17.03,17.46,9118384,0
SNAP.US,D,20180323,000000,17.30,17.33,17.28,17.33,6945393,0
SNAP.US,D,20180326,000000,17.41,17.68,15.80,15.97,8396941,0
SNAP.US,D,20180326,000000,15.86,16.06,15.15,15.38,14801195,0
SNAP.US,D,20180326,000000,15.35,15.71,15.30,15.61,12611422,0
SNAP.US,D,20180327,000000,15.49,16.26,15.31,16.22,11809749,0
SNAP.US,D,20180328,000000,16.13,16.37,15.33,15.43,10403198,0
SNAP.US,D,20180329,000000,15.57,15.76,14.53,14.57,11472811,0
SNAP.US,D,20180330,000000,14.42,14.46,14.20,14.26,10653101,0
SNAP.US,D,20180402,000000,14.39,14.39,14.36,14.38,12197730,0
SNAP.US,D,20180402,000000,14.26,14.29,13.62,13.65,6687107,0
SNAP.US,D,20180402,000000,13.71,14.24,13.53,13.93,10932240,0
SNAP.US,D,20180403,000000,13.68,14.84,11.73,12.27,7797406,0
SNAP.US,D,20180404,000000,12.31,12.36,11.75,11.77,7448943,0
SNAP.US,D,20180405,000000,11.61,11.87,11.45,11.86,12882757,0
SNAP.US,D,20180406,000000,11.75,11.77,11.75,11.76,11919339,0
SNAP.US,D,20180409,000000,11.80,11.95,11.42,11.53,14940539,0
SNAP.US,D,20180409,000000,11.62,11.70,11.62,11.70,14660014,0
SNAP.US,D,20180409,000000,11.64,11.90,11.60,11.89,10693002,0
SNAP.US,D,20180410,000000,11.89,12.41,11.82,12.23,5333858,0
SNAP.US,D,20180411,000000,12.30,12.83,12.25,12.64,13694824,0
SNAP.US,D,20180412,000000,12.67,12.96,12.53,12.86,12835629,0
SNAP.US,D,20180413,000000,12.71,12.95,12.66,12.92,12235064,0
SNAP.US,D,20180416,000000,12.82,12.94,12.63,12.63,13308524,0
SNAP.US,D,20180416,000000,12.79,13.15,12.77,13.11,9140558,0
SNAP.US,D,20180416,000000,13.09,13.39,13.02,13.33,6395962,0
SNAP.US,D,20180417,000000,13.46,13.50,12.65,13.03,9822622,0
SNAP.US,D,20180418,000000,12.96,13.00,12.67,12.71,6997711,0
SNAP.US,D,20180419,000000,12.87,12.93,12.76,12.91,14527964,0
SNAP.US,D,20180420,000000,13.00,13.35,12.99,13.28,6046268,0
SNAP.US,D,20180423,000000,13.36,13.38,13.00,13.14,8273151,0
SNAP.US,D,20180423,000000,13.28,13.31,12.75,13.07,8720099,0
SNAP.US,D,20180423,000000,13.14,13.51,13.03,13.44,14148414,0
SNAP.US,D,20180424,000000,13.60,13.65,13.08,13.19,12282551,0
SNAP.US,D,20180425,000000,13.15,14.04,13.13,13.86,10807244,0
SNAP.US,D,20180426,000000,13.64,14.30,13.50,13.87,14956703,0
SNAP.US,D,20180427,000000,14.08,14.32,14.06,14.26,9595400,0
SNAP.US,D,20180430,000000,14.19,14.64,12.87,13.30,9496776,0
SNAP.US,D,20180430,000000,13.72,14.03,13.64,13.94,14415611,0
SNAP.US,D,20180430,000000,14.00,14.02,13.97,13.99,9589823,0
SNAP.US,D,20180501,000000,13.84,14.51,13.76,14.20,10843618,0
SNAP.US,D,20180502,000000,14.10,14.35,14.08,14.34,6270045,0
SNAP.US,D,20180503,000000,14.54,14.79,14.44,14.59,12536141,0
SNAP.US,D,20180504,000000,14.65,14.75,14.20,14.44,8382008,0
SNAP.US,D,20180507,000000,14.36,14.37,14.16,14.21,7192889,0
SNAP.US,D,20180507,000000,14.35,14.51,14.16,14.42,11785240,0
SNAP.US,D,20180507,000000,14.55,14.62,14.54,14.58,13627046,0
SNAP.US,D,20180508,000000,14.35,14.40,14.00,14.00,12145240,0
SNAP.US,D,20180509,000000,13.93,15.19,13.67,15.10,12046190,0
SNAP.US,D,20180510,000000,15.06,15.97,14.97,15.92,12685688,0
SNAP.US,D,20180511,000000,15.73,16.83,15.65,16.60,11706984,0
SNAP.US,D,20180514,000000,16.84,17.41,15.65,15.66,5904480,0
SNAP.US,D,20180514,000000,15.93,16.89,15.88,16.87,10028137,0
SNAP.US,D,20180514,000000,16.98,17.63,16.80,17.58,7294070,0
SNAP.US,D,20180515,000000,17.60,17.62,17.23,17.44,14145490,0
SNAP.US,D,20180516,000000,17.05,18.26,17.02,18.21,10687479,0
SNAP.US,D,20180517,000000,18.20,19.49,17.97,19.34,11974370,0
SNAP.US,D,20180518,000000,18.99,19.83,17.46,17.57,11956731,0
SNAP.US,D,20180521,000000,17.09,18.90,16.97,18.35,7552658,0
SNAP.US,D,20180521,000000,18.10,18.23,18.07,18.19,14701512,0
SNAP.US,D,20180521,000000,18.16,18.16,17.13,17.21,6991619,0
SNAP.US,D,20180522,000000,17.59,18.04,17.32,17.79,11636880,0
SNAP.US,D,20180523,000000,17.84,17.91,17.79,17.89,5415338,0
SNAP.US,D,20180524,000000,17.59,19.18,17.18,18.59,10503436,0
SNAP.US,D,20180525,000000,18.52,19.13,18.50,19.11,12772708,0
SNAP.US,D,20180528,000000,18.80,19.21,18.76,19.09,7818350,0
SNAP.US,D,20180528,000000,19.67,20.21,18.30,18.76,11550506,0
SNAP.US,D,20180528,000000,18.66,19.78,18.61,19.43,11481620,0
SNAP.US,D,20180529,000000,19.64,19.65,18.04,18.50,8722349,0
SNAP.US,D,20180530,000000,18.53,18.82,16.87,17.18,7598949,0
SNAP.US,D,20180531,000000,17.01,18.30,16.86,17.97,7062539,0
SNAP.US,D,20180601,000000,17.77,18.34,17.75,18.18,14154320,0
SNAP.US,D,20180604,000000,17.99,18.10,16.57,17.03,9660310,0
SNAP.US,D,20180604,000000,17.42,17.90,16.43,16.45,8503143,0
SNAP.US,D,20180604,000000,16.45,18.02,15.95,17.72,11058103,0
SNAP.US,D,20180605,000000,17.83,17.89,15.19,16.18,7178152,0
SNAP.US,D,20180606,000000,16.31,16.36,15.72,16.03,6553615,0
SNAP.US,D,20180607,000000,16.15,16.21,15.31,15.55,8203871,0
SNAP.US,D,20180608,000000,15.87,17.00,15.75,16.60,12720919,0
SNAP.US,D,20180611,000000,16.33,16.99,16.18,16.98,5590917,0
SNAP.US,D,20180611,000000,16.91,17.36,16.85,17.34,13821516,0
SNAP.US,D,20180611,000000,17.05,18.19,16.46,17.76,11554842,0
SNAP.US,D,20180612,000000,17.70,17.98,16.99,17.31,12226122,0
SNAP.US,D,20180613,000000,17.41,17.52,17.13,17.15,7695095,0
SNAP.US,D,20180614,000000,17.16,18.03,17.10,17.83,14140807,0
SNAP.US,D,20180615,000000,17.71,17.93,16.52,16.61,9537694,0
SNAP.US,D,20180618,000000,16.91,17.56,16.76,17.48,13407100,0
SNAP.US,D,20180618,000000,17.44,17.93,16.70,16.96,6707771,0
SNAP.US,D,20180618,000000,17.09,17.18,14.49,15.46,12439465,0
SNAP.US,D,20180619,000000,15.47,15.49,15.09,15.23,10546836,0
SNAP.US,D,20180620,000000,15.30,15.44,15.25,15.40,13592131,0
SNAP.US,D,20180621,000000,15.28,15.34,14.97,15.00,13152741,0
SNAP.US,D,20180622,000000,15.01,15.24,14.60,14.77,12948421,0
SNAP.US,D,20180625,000000,14.75,14.98,14.14,14.15,7728757,0
SNAP.US,D,20180625,000000,14.18,14.19,13.73,13.90,11501289,0
SNAP.US,D,20180625,000000,13.71,14.75,13.55,14.61,9932389,0
SNAP.US,D,20180626,000000,14.73,15.04,14.57,14.78,13550358,0
SNAP.US,D,20180627,000000,14.51,14.59,13.71,14.05,5626409,0
SNAP.US,D,20180628,000000,14.13,14.44,13.97,14.38,5644277,0
SNAP.US,D,20180629,000000,14.46,14.53,13.13,13.50,8967578,0
SNAP.US,D,20180702,000000,13.43,13.58,13.12,13.16,6348702,0
SNAP.US,D,20180702,000000,13.02,14.04,12.94,13.93,5348179,0
SNAP.US,D,20180702,000000,14.15,14.36,14.08,14.31,7588876,0
SNAP.US,D,20180703,000000,14.17,14.47,14.10,14.37,10799914,0
SNAP.US,D,20180704,000000,14.30,14.35,14.19,14.20,8883586,0
SNAP.US,D,20180705,000000,14.12,14.64,13.96,14.52,10836518,0
SNAP.US,D,20180706,000000,14.62,14.85,13.19,13.74,7680006,0
SNAP.US,D,20180709,000000,13.90,14.04,13.58,13.78,14437760,0
SNAP.US,D,20180709,000000,13.91,15.11,13.76,14.60,9616397,0
SNAP.US,D,20180709,000000,14.46,14.52,13.57,13.68,10950758,0
SNAP.US,D,20180710,000000,13.68,13.87,13.63,13.72,7240762,0
SNAP.US,D,20180711,000000,13.77,14.01,13.76,13.96,9020836,0
SNAP.US,D,20180712,000000,13.97,15.06,13.73,14.38,9541468,0
SNAP.US,D,20180713,000000,14.59,14.73,14.58,14.69,14421009,0
SNAP.US,D,20180716,000000,14.68,15.02,14.59,14.93,7157937,0
SNAP.US,D,20180716,000000,14.84,15.59,14.46,15.37,10619264,0
SNAP.US,D,20180716,000000,15.33,16.22,15.24,15.89,9018099,0
SNAP.US,D,20180717,000000,15.90,16.16,15.86,16.09,7498588,0
SNAP.US,D,20180718,000000,16.29,16.52,16.21,16.49,7363309,0
SNAP.US,D,20180719,000000,16.36,16.58,16.30,16.51,14898589,0
SNAP.US,D,20180720,000000,16.52,16.84,16.51,16.76,9309110,0
SNAP.US,D,20180723,000000,16.81,17.22,16.79,17.22,11928722,0
SNAP.US,D,20180723,000000,17.02,18.37,16.97,18.05,6614530,0
SNAP.US,D,20180723,000000,18.16,18.25,18.14,18.24,6829071,0
SNAP.US,D,20180724,000000,18.09,18.57,18.01,18.55,10096419,0
SNAP.US,D,20180725,000000,18.66,19.35,18.45,19.21,7241006,0
SNAP.US,D,20180726,000000,19.27,19.97,19.09,19.95,11345978,0
SNAP.US,D,20180727,000000,20.01,20.51,19.87,20.48,12009115,0
SNAP.US,D,20180730,000000,20.65,20.74,20.09,20.29,5669868,0
SNAP.US,D,20180730,000000,20.30,20.59,19.14,19.22,9441917,0
SNAP.US,D,20180730,000000,19.40,19.45,19.07,19.20,6090341,0
SNAP.US,D,20180731,000000,19.06,19.32,18.98,19.26,13114009,0
SNAP.US,D,20180801,000000,19.26,19.46,18.02,18.57,10823191,0
SNAP.US,D,20180802,000000,18.55,18.88,18.48,18.87,14600320,0
SNAP.US,D,20180803,000000,19.18,19.23,18.39,18.43,10601368,0
SNAP.US,D,20180806,000000,18.72,18.82,18.04,18.23,12955158,0
SNAP.US,D,20180806,000000,18.32,18.67,18.04,18.48,12019764,0
SNAP.US,D,20180806,000000,18.83,18.83,18.53,18.54,8330974,0
SNAP.US,D,20180807,000000,18.22,18.79,18.03,18.55,11586765,0
SNAP.US,D,20180808,000000,18.33,18.36,18.10,18.24,8361810,0
SNAP.US,D,20180809,000000,18.30,18.36,17.36,17.76,9117491,0
SNAP.US,D,20180810,000000,17.72,17.78,17.19,17.45,11553593,0
SNAP.US,D,20180813,000000,17.77,17.89,16.05,16.69,13509409,0
SNAP.US,D,20180813,000000,16.64,17.25,16.49,17.06,12582180,0
SNAP.US,D,20180813,000000,17.14,17.17,16.05,16.55,7143538,0
SNAP.US,D,20180814,000000,16.79,16.86,16.30,16.33,6385698,0
SNAP.US,D,20180815,000000,16.31,16.85,16.29,16.78,11408156,0
SNAP.US,D,20180816,000000,16.64,16.77,16.43,16.58,10251086,0
SNAP.US,D,20180817,000000,16.52,16.63,16.50,16.59,6019742,0
SNAP.US,D,20180820,000000,16.91,17.23,15.20,15.90,7542288,0
SNAP.US,D,20180820,000000,15.97,16.00,15.97,15.99,11659387,0
SNAP.US,D,20180820,000000,15.63,15.69,14.67,14.95,7796680,0
SNAP.US,D,20180821,000000,14.90,14.91,14.69,14.84,7774065,0
SNAP.US,D,20180822,000000,14.82,14.91,14.59,14.63,14106410,0
SNAP.US,D,20180823,000000,14.44,15.39,14.16,15.10,12144279,0
SNAP.US,D,20180824,000000,15.45,15.82,14.09,14.37,12133012,0
SNAP.US,D,20180827,000000,14.20,15.56,14.07,15.35,11212395,0
SNAP.US,D,20180827,000000,15.16,15.18,15.08,15.10,6127404,0
SNAP.US,D,20180827,000000,14.86,14.92,14.65,14.73,5312619,0
SNAP.US,D,20180828,000000,15.01,15.32,13.96,14.21,9252767,0
SNAP.US,D,20180829,000000,13.70,14.64,13.55,14.36,12184418,0
SNAP.US,D,20180830,000000,14.51,14.84,14.45,14.71,10784449,0
SNAP.US,D,20180831,000000,15.17,15.23,13.26,13.58,11745186,0
SNAP.US,D,20180903,000000,13.37,13.60,12.97,13.20,14006772,0
SNAP.US,D,20180903,000000,13.18,13.22,12.52,12.54,7163319,0
SNAP.US,D,20180903,000000,12.57,12.97,11.60,11.75,8027113,0
SNAP.US,D,20180904,000000,11.97,11.98,11.45,11.55,5997744,0
SNAP.US,D,20180905,000000,11.65,11.85,10.25,10.49,12666443,0
SNAP.US,D,20180906,000000,10.68,10.99,10.65,10.95,8757481,0
SNAP.US,D,20180907,000000,10.93,11.42,10.77,11.26,14748542,0
SNAP.US,D,20180910,000000,11.08,11.54,11.07,11.32,5957477,0
SNAP.US,D,20180910,000000,11.13,11.20,10.87,10.99,7036450,0
SNAP.US,D,20180910,000000,11.03,11.65,10.95,11.57,10964561,0
SNAP.US,D,20180911,000000,11.40,13.70,11.34,12.74,12789112,0
SNAP.US,D,20180912,000000,12.91,13.08,12.67,12.72,5756232,0
SNAP.US,D,20180913,000000,12.91,12.91,12.12,12.21,14271628,0
SNAP.US,D,20180914,000000,12.11,12.13,11.64,11.77,5371770,0
SNAP.US,D,20180917,000000,11.70,11.79,11.38,11.48,14561324,0
SNAP.US,D,20180917,000000,11.75,12.26,11.67,12.08,5073327,0
SNAP.US,D,20180917,000000,12.13,13.00,12.01,12.76,6157525,0
SNAP.US,D,20180918,000000,12.81,12.81,12.60,12.68,10186208,0
SNAP.US,D,20180919,000000,12.69,12.75,12.16,12.27,10681110,0
SNAP.US,D,20180920,000000,12.10,14.34,11.92,13.55,8310625,0
SNAP.US,D,20180921,000000,13.36,14.00,13.16,13.83,7055514,0
SNAP.US,D,20180924,000000,14.02,14.02,13.74,13.76,5235786,0
SNAP.US,D,20180924,000000,13.77,14.65,13.69,14.10,11335278,0
SNAP.US,D,20180924,000000,14.10,14.87,13.90,14.83,10349759,0
SNAP.US,D,20180925,000000,14.78,15.00,14.73,15.00,9274202,0
SNAP.US,D,20180926,000000,15.18,15.23,15.14,15.20,9677600,0
SNAP.US,D,20180927,000000,15.24,15.36,14.49,14.68,11244914,0
SNAP.US,D,20180928,000000,14.71,15.16,14.61,14.97,11354427,0
SNAP.US,D,20181001,000000,14.90,14.96,14.53,14.57,11230985,0
SNAP.US,D,20181001,000000,14.64,15.24,14.53,15.15,11994007,0
SNAP.US,D,20181001,000000,15.05,15.16,14.73,14.76,12260518,0
SNAP.US,D,20181002,000000,14.73,14.93,14.34,14.45,13005158,0
SNAP.US,D,20181003,000000,14.55,14.58,14.25,14.38,13086717,0
SNAP.US,D,20181004,000000,14.48,14.48,14.38,14.43,11381166,0
SNAP.US,D,20181005,000000,14.41,14.61,14.01,14.07,11237076,0
SNAP.US,D,20181008,000000,14.10,14.11,13.61,13.69,9557274,0
SNAP.US,D,20181008,000000,13.68,13.88,13.63,13.78,10105430,0
SNAP.US,D,20181008,000000,14.08,14.11,13.74,13.86,8651082,0
SNAP.US,D,20181009,000000,13.86,14.22,13.79,14.10,18811312,0
SNAP.US,D,20181010,000000,13.93,14.37,13.87,14.31,21557061,0
SNAP.US,D,20181011,000000,14.39,14.74,14.38,14.63,26706305,0
SNAP.US,D,20181012,000000,14.57,15.14,14.40,15.00,18056969,0
SNAP.US,D,20181015,000000,14.87,15.24,14.54,15.19,24269233,0
SNAP.US,D,20181015,000000,14.74,15.51,14.62,15.36,11453280,0
SNAP.US,D,20181015,000000,15.36,15.58,15.33,15.54,13344504,0
SNAP.US,D,20181016,000000,15.30,15.96,15.26,15.85,15364777,0
SNAP.US,D,20181017,000000,15.91,16.26,15.80,16.26,14916948,0
SNAP.US,D,20181018,000000,16.30,16.79,16.22,16.60,14382657,0
SNAP.US,D,20181019,000000,16.35,17.12,16.27,17.06,19859415,0
SNAP.US,D,20181022,000000,16.97,17.90,16.90,17.61,19165183,0
SNAP.US,D,20181022,000000,17.69,18.12,17.67,18.06,13516024,0
SNAP.US,D,20181022,000000,17.90,19.00,17.63,18.60,33098559,0
SNAP.US,D,20181023,000000,18.44,19.12,18.34,18.95,34038419,0
SNAP.US,D,20181024,000000,19.21,19.77,18.92,19.47,34810741,0
SNAP.US,D,20181025,000000,19.56,20.03,19.15,20.01,33572149,0
SNAP.US,D,20181026,000000,19.96,20.85,19.91,20.51,34530495,0
SNAP.US,D,20181029,000000,20.55,21.60,20.40,21.22,30476125,0
SNAP.US,D,20181029,000000,21.23,22.03,21.11,21.83,16067019,0
SNAP.US,D,20181029,000000,21.80,22.88,21.66,22.71,21780988,0
SNAP.US,D,20181030,000000,22.63,23.67,22.13,23.57,28826110,0
SNAP.US,D,20181031,000000,23.74,24.26,23.37,24.19,45927502,0
SNAP.US,D,20181101,000000,23.87,25.24,23.66,24.91,44677744,0
SNAP.US,D,20181102,000000,25.48,25.99,25.21,25.76,30901367,0
SNAP.US,D,20181105,000000,26.32,27.20,26.19,26.69,48034209,0
SNAP.US,D,20181105,000000,26.82,27.84,26.70,27.62,8692392,0
SNAP.US,D,20181105,000000,27.69,28.66,27.65,28.64,6994793,0
SNAP.US,D,20181106,000000,28.87,29.39,28.76,29.24,6960779,0
SNAP.US,D,20181107,000000,28.87,30.51,28.16,30.47,10966667,0
SNAP.US,D,20181108,000000,30.57,30.60,29.14,29.34,9052333,0
SNAP.US,D,20181109,000000,29.24,29.59,29.10,29.30,13975097,0
SNAP.US,D,20181112,000000,29.43,30.70,29.32,30.21,11345943,0
SNAP.US,D,20181112,000000,29.90,29.90,29.86,29.87,12136459,0
SNAP.US,D,20181112,000000,30.11,30.91,28.06,28.17,12753418,0
SNAP.US,D,20181113,000000,28.34,28.45,27.94,28.00,5682273,0
SNAP.US,D,20181114,000000,28.30,28.33,26.88,27.40,12203479,0
SNAP.US,D,20181115,000000,27.47,28.52,27.28,28.42,14206930,0
SNAP.US,D,20181116,000000,28.42,28.57,27.27,27.44,5518739,0
SNAP.US,D,20181119,000000,27.17,27.87,27.07,27.24,10016630,0
SNAP.US,D,20181119,000000,27.44,28.19,27.24,28.06,14600877,0
SNAP.US,D,20181119,000000,27.76,30.17,27.40,29.80,14179077,0
SNAP.US,D,20181120,000000,30.09,30.10,28.95,29.57,14753093,0
SNAP.US,D,20181121,000000,29.82,31.75,29.48,31.25,14771699,0
SNAP.US,D,20181122,000000,30.78,31.14,30.77,30.90,9027187,0
SNAP.US,D,20181123,000000,31.29,31.38,28.65,29.34,12705616,0
SNAP.US,D,20181126,000000,29.46,31.39,29.14,30.46,8500165,0
SNAP.US,D,20181126,000000,30.62,30.67,29.04,29.38,7624774,0
SNAP.US,D,20181126,000000,29.30,29.33,28.54,28.97,11103276,0
SNAP.US,D,20181127,000000,28.60,30.80,28.35,29.64,7541228,0
SNAP.US,D,20181128,000000,30.08,30.49,29.96,30.45,12709431,0
SNAP.US,D,20181129,000000,29.75,30.08,29.56,29.98,13847766,0
SNAP.US,D,20181130,000000,29.60,30.42,29.52,30.23,10113132,0
SNAP.US,D,20181203,000000,30.19,32.58,29.39,32.49,7054982,0
SNAP.US,D,20181203,000000,32.93,32.98,32.03,32.14,11617457,0
SNAP.US,D,20181203,000000,32.42,32.43,32.08,32.19,14330833,0
SNAP.US,D,20181204,000000,32.05,33.35,31.85,32.67,10530622,0
SNAP.US,D,20181205,000000,33.24,33.48,30.57,31.19,8650615,0
SNAP.US,D,20181206,000000,31.56,31.62,31.39,31.48,10875709,0
SNAP.US,D,20181207,000000,31.73,32.32,28.70,29.83,9555126,0
SNAP.US,D,20181210,000000,29.90,30.06,28.40,28.83,7348550,0
SNAP.US,D,20181210,000000,29.25,29.33,28.96,29.06,12630644,0
SNAP.US,D,20181210,000000,29.67,29.71,28.93,29.43,11936193,0
SNAP.US,D,20181211,000000,29.36,29.52,27.30,27.42,14550216,0
SNAP.US,D,20181212,000000,27.11,27.66,27.05,27.44,5438249,0
SNAP.US,D,20181213,000000,26.80,28.37,26.67,28.35,7335274,0
SNAP.US,D,20181214,000000,27.83,27.89,27.41,27.51,8122166,0
SNAP.US,D,20181217,000000,27.74,28.00,27.62,27.94,11697049,0
SNAP.US,D,20181217,000000,27.75,27.76,27.49,27.56,13751683,0
SNAP.US,D,20181217,000000,27.72,28.62,27.72,28.55,12229774,0
SNAP.US,D,20181218,000000,28.70,28.70,27.92,28.43,12795006,0
SNAP.US,D,20181219,000000,28.59,29.24,26.08,26.16,8705903,0
SNAP.US,D,20181220,000000,25.56,26.33,23.35,23.55,13339394,0
SNAP.US,D,20181221,000000,24.22,24.38,23.10,23.37,14783475,0
SNAP.US,D,20181224,000000,23.27,24.68,22.92,24.51,11817275,0
SNAP.US,D,20181224,000000,24.31,24.35,23.78,23.86,5937962,0
SNAP.US,D,20181224,000000,23.15,24.61,22.91,23.97,12414881,0
SNAP.US,D,20181225,000000,24.20,25.45,24.13,24.74,11382072,0
SNAP.US,D,20181226,000000,24.38,24.45,23.96,24.01,11489180,0
SNAP.US,D,20181227,000000,23.60,23.65,22.50,22.95,11267858,0
SNAP.US,D,20181228,000000,22.87,23.34,20.50,21.51,11403466,0
SNAP.US,D,20181231,000000,21.62,22.14,21.52,22.03,10408082,0
SNAP.US,D,20181231,000000,22.27,22.37,21.77,21.87,14728178,0
SNAP.US,D,20181231,000000,22.16,22.24,21.80,21.81,10180531,0
SNAP.US,D,20190101,000000,21.96,23.04,18.64,18.87,7401572,0
SNAP.US,D,20190102,000000,19.31,19.99,19.23,19.98,12733603,0
SNAP.US,D,20190103,000000,20.14,20.26,19.87,19.87,5213932,0
SNAP.US,D,20190104,000000,19.39,19.41,19.28,19.30,10561554,0
SNAP.US,D,20190107,000000,19.34,20.28,19.28,19.75,6888902,0
SNAP.US,D,20190107,000000,19.12,19.75,18.90,19.56,9209070,0
SNAP.US,D,20190107,000000,19.67,19.77,19.09,19.43,9001747,0
SNAP.US,D,20190108,000000,19.58,20.26,19.54,20.05,9208591,0
SNAP.US,D,20190109,000000,19.90,20.17,19.90,20.05,14738391,0
SNAP.US,D,20190110,000000,20.25,20.50,18.38,18.61,7675341,0
SNAP.US,D,20190111,000000,18.64,18.84,17.85,17.95,7022795,0
SNAP.US,D,20190114,000000,17.95,18.29,17.85,18.24,12218034,0
SNAP.US,D,20190114,000000,18.16,18.66,16.63,16.71,11976819,0
SNAP.US,D,20190114,000000,16.70,17.04,16.61,16.99,6912842,0
SNAP.US,D,20190115,000000,16.77,16.82,16.60,16.82,6952173,0
SNAP.US,D,20190116,000000,16.80,17.16,16.76,16.90,14171032,0
SNAP.US,D,20190117,000000,16.98,17.22,15.98,16.17,8871455,0
SNAP.US,D,20190118,000000,16.43,16.52,15.04,15.55,5539995,0
SNAP.US,D,20190121,000000,15.28,15.71,15.25,15.63,5505061,0
SNAP.US,D,20190121,000000,15.66,15.67,15.18,15.56,13392788,0
SNAP.US,D,20190121,000000,15.31,15.93,15.09,15.89,9845886,0
SNAP.US,D,20190122,000000,15.99,16.06,15.64,15.71,14572721,0
SNAP.US,D,20190123,000000,15.91,16.59,15.91,16.31,10386466,0
SNAP.US,D,20190124,000000,16.37,16.44,15.71,15.86,9396023,0
SNAP.US,D,20190125,000000,15.96,16.02,14.06,14.45,7848133,0
SNAP.US,D,20190128,000000,14.57,14.75,13.58,13.60,10347372,0
SNAP.US,D,20190128,000000,13.87,13.88,12.92,12.98,12504355,0
SNAP.US,D,20190128,000000,13.08,13.12,13.06,13.06,11793519,0
SNAP.US,D,20190129,000000,13.17,13.37,11.94,12.22,5792228,0
SNAP.US,D,20190130,000000,12.41,12.59,12.14,12.27,14346663,0
SNAP.US,D,20190131,000000,12.32,12.43,11.83,11.86,11836103,0
SNAP.US,D,20190201,000000,11.95,12.04,10.89,10.94,6550301,0
SNAP.US,D,20190204,000000,10.90,10.92,10.57,10.64,14265278,0
SNAP.US,D,20190204,000000,10.60,10.63,10.28,10.32,6915141,0
SNAP.US,D,20190204,000000,10.23,10.28,9.91,9.96,10627682,0
SNAP.US,D,20190205,000000,9.81,9.96,9.72,9.86,11000827,0
SNAP.US,D,20190206,000000,9.77,9.92,9.08,9.31,12706401,0
SNAP.US,D,20190207,000000,9.53,9.54,9.08,9.15,5096280,0
SNAP.US,D,20190208,000000,9.07,9.92,9.07,9.71,14222789,0
SNAP.US,D,20190211,000000,9.83,9.85,9.20,9.37,7124684,0
SNAP.US,D,20190211,000000,9.35,9.50,9.28,9.45,11897645,0
SNAP.US,D,20190211,000000,9.60,9.68,8.10,8.56,6425530,0
SNAP.US,D,20190212,000000,8.27,8.77,8.26,8.72,13044162,0
SNAP.US,D,20190213,000000,8.56,8.57,8.49,8.50,12941725,0
SNAP.US,D,20190214,000000,8.55,8.64,8.44,8.45,6217018,0
SNAP.US,D,20190215,000000,8.41,8.42,8.37,8.38,5162283,0
SNAP.US,D,20190218,000000,8.23,8.76,8.04,8.55,12453145,0
SNAP.US,D,20190218,000000,8.52,8.56,7.90,8.10,12696218,0
SNAP.US,D,20190218,000000,8.26,8.40,7.20,7.41,11085208,0
SNAP.US,D,20190219,000000,7.51,7.67,6.82,6.98,5761536,0
SNAP.US,D,20190220,000000,6.93,7.05,6.64,6.71,6854950,0
SNAP.US,D,20190221,000000,6.73,7.03,6.72,6.95,11976462,0
SNAP.US,D,20190222,000000,6.95,6.95,6.89,6.89,8459894,0
SNAP.US,D,20190225,000000,6.80,7.28,6.70,7.24,10891487,0
SNAP.US,D,20190225,000000,7.27,7.44,7.05,7.11,8134965,0
SNAP.US,D,20190225,000000,6.97,7.28,6.97,7.23,10097674,0
SNAP.US,D,20190226,000000,7.10,7.30,7.07,7.30,13651613,0
SNAP.US,D,20190227,000000,7.34,7.62,7.34,7.55,9971488,0
SNAP.US,D,20190228,000000,7.50,7.62,6.97,7.09,12527881,0
SNAP.US,D,20190301,000000,7.20,7.23,7.09,7.16,11136233,0
SNAP.US,D,20190304,000000,7.21,7.25,7.21,7.24,10198960,0
SNAP.US,D,20190304,000000,7.06,7.11,6.72,6.77,11615166,0
SNAP.US,D,20190304,000000,6.84,7.24,6.08,6.23,10003820,0
SNAP.US,D,20190305,000000,6.23,6.41,6.19,6.31,13964721,0
SNAP.US,D,20190306,000000,6.29,6.72,6.25,6.71,13795326,0
SNAP.US,D,20190307,000000,6.65,6.89,6.20,6.26,12296599,0
SNAP.US,D,20190308,000000,6.17,6.24,5.92,6.05,8542293,0
SNAP.US,D,20190311,000000,6.06,6.60,5.96,6.30,9244144,0
SNAP.US,D,20190311,000000,6.43,6.55,6.38,6.50,10816543,0
SNAP.US,D,20190311,000000,6.50,7.04,6.39,6.84,11751872,0
SNAP.US,D,20190312,000000,6.89,6.95,6.88,6.94,13600245,0
SNAP.US,D,20190313,000000,6.98,7.40,6.89,7.31,13936002,0
SNAP.US,D,20190314,000000,7.34,7.37,6.92,6.94,13562067,0
SNAP.US,D,20190315,000000,6.80,6.80,6.73,6.75,6020062,0
SNAP.US,D,20190318,000000,6.80,6.92,6.76,6.91,10569683,0
SNAP.US,D,20190318,000000,6.97,7.71,6.78,7.59,12770063,0
SNAP.US,D,20190318,000000,7.35,7.37,7.08,7.21,5441996,0
SNAP.US,D,20190319,000000,7.09,7.23,7.07,7.19,5576474,0
SNAP.US,D,20190320,000000,7.17,7.67,7.14,7.49,8134969,0
SNAP.US,D,20190321,000000,7.61,7.66,7.58,7.64,5882362,0
SNAP.US,D,20190322,000000,7.67,7.98,7.58,7.94,12786727,0
SNAP.US,D,20190325,000000,7.82,7.88,7.66,7.75,8776084,0
SNAP.US,D,20190325,000000,7.72,7.97,7.61,7.94,8819781,0
SNAP.US,D,20190325,000000,7.96,8.04,7.95,8.02,8264380,0
SNAP.US,D,20190326,000000,7.98,8.62,7.72,8.55,9253323,0
SNAP.US,D,20190327,000000,8.68,8.88,8.48,8.57,13737920,0
SNAP.US,D,20190328,000000,8.43,8.44,8.42,8.43,10748571,0
SNAP.US,D,20190329,000000,8.36,8.58,7.90,7.95,7146343,0
SNAP.US,D,20190401,000000,8.04,8.63,7.86,8.58,6200207,0
SNAP.US,D,20190401,000000,8.28,8.72,8.10,8.72,9236003,0
SNAP.US,D,20190401,000000,8.62,8.68,8.57,8.64,11918450,0
SNAP.US,D,20190402,000000,8.50,8.80,8.48,8.65,14752306,0
SNAP.US,D,20190403,000000,8.73,8.76,8.45,8.51,6725602,0
SNAP.US,D,20190404,000000,8.46,8.47,8.35,8.37,11288921,0
SNAP.US,D,20190405,000000,8.27,8.28,8.19,8.22,8398368,0
SNAP.US,D,20190408,000000,8.26,8.39,8.25,8.31,10897429,0
SNAP.US,D,20190408,000000,8.28,8.33,8.19,8.24,10215383,0
SNAP.US,D,20190408,000000,8.29,8.56,8.24,8.46,5304909,0
SNAP.US,D,20190409,000000,8.41,8.74,8.40,8.68,13916465,0
SNAP.US,D,20190410,000000,8.69,8.71,8.69,8.71,12236676,0
SNAP.US,D,20190411,000000,8.67,8.89,8.63,8.84,13097205,0
SNAP.US,D,20190412,000000,8.82,8.98,8.79,8.95,5738655,0
SNAP.US,D,20190415,000000,8.88,10.58,8.65,9.99,11311516,0
SNAP.US,D,20190415,000000,9.95,9.95,9.93,9.93,9476579,0
SNAP.US,D,20190415,000000,9.93,10.02,9.17,9.25,11533435,0
SNAP.US,D,20190416,000000,9.45,9.69,8.34,8.39,14105443,0
SNAP.US,D,20190417,000000,8.22,8.24,7.79,7.96,5729928,0
SNAP.US,D,20190418,000000,7.98,8.30,7.97,8.12,7180317,0
SNAP.US,D,20190419,000000,8.10,8.14,7.66,7.76,7938396,0
SNAP.US,D,20190422,000000,7.89,8.12,7.85,7.97,9360338,0
SNAP.US,D,20190422,000000,7.95,8.11,7.87,8.05,11269709,0
SNAP.US,D,20190422,000000,7.92,8.00,7.91,7.97,8134630,0
SNAP.US,D,20190423,000000,8.00,8.06,7.52,7.64,5947169,0
SNAP.US,D,20190424,000000,7.57,7.65,7.15,7.17,13000673,0
SNAP.US,D,20190425,000000,7.17,7.17,7.08,7.11,12901404,0
SNAP.US,D,20190426,000000,7.11,7.15,6.60,6.64,13731243,0
SNAP.US,D,20190429,000000,6.71,6.74,6.65,6.65,9995212,0
SNAP.US,D,20190429,000000,6.67,6.74,6.64,6.73,8112721,0
SNAP.US,D,20190429,000000,6.72,6.72,6.63,6.66,9957775,0
SNAP.US,D,20190430,000000,6.61,6.64,6.60,6.62,12306647,0
SNAP.US,D,20190501,000000,6.55,6.57,6.38,6.44,14215910,0
SNAP.US,D,20190502,000000,6.42,6.70,6.40,6.61,11325432,0
SNAP.US,D,20190503,000000,6.61,6.70,6.56,6.69,5225489,0
SNAP.US,D,20190506,000000,6.64,7.09,6.56,6.88,13475485,0
SNAP.US,D,20190506,000000,6.90,6.97,6.72,6.77,7035115,0
SNAP.US,D,20190506,000000,6.79,6.88,6.50,6.53,6499415,0
SNAP.US,D,20190507,000000,6.51,6.61,6.51,6.59,7743031,0
SNAP.US,D,20190508,000000,6.58,6.65,6.58,6.63,11708252,0
SNAP.US,D,20190509,000000,6.65,6.72,6.38,6.51,6586999,0
SNAP.US,D,20190510,000000,6.48,6.48,6.42,6.43,8879865,0
SNAP.US,D,20190513,000000,6.38,6.41,6.38,6.40,13507256,0
SNAP.US,D,20190513,000000,6.43,6.49,6.29,6.40,14097982,0
SNAP.US,D,20190513,000000,6.49,6.49,6.42,6.46,7174297,0
SNAP.US,D,20190514,000000,6.45,6.47,6.38,6.38,13113507,0
SNAP.US,D,20190515,000000,6.41,6.45,6.22,6.22,8159773,0
SNAP.US,D,20190516,000000,6.20,6.38,6.16,6.30,6294569,0
SNAP.US,D,20190517,000000,6.38,6.44,6.24,6.25,5203248,0
SNAP.US,D,20190520,000000,6.22,6.43,6.22,6.40,9246984,0
SNAP.US,D,20190520,000000,6.44,6.44,6.34,6.35,13814177,0
SNAP.US,D,20190520,000000,6.36,6.43,6.35,6.40,8917699,0
SNAP.US,D,20190521,000000,6.38,6.44,6.36,6.42,14543412,0
SNAP.US,D,20190522,000000,6.46,6.46,6.33,6.37,12657544,0
SNAP.US,D,20190523,000000,6.38,6.40,6.37,6.38,10573778,0
SNAP.US,D,20190524,000000,6.37,6.54,6.37,6.54,8359936,0
SNAP.US,D,20190527,000000,6.55,6.55,6.49,6.52,11653302,0
SNAP.US,D,20190527,000000,6.56,6.57,6.56,6.56,10240752,0
SNAP.US,D,20190527,000000,6.50,6.64,6.49,6.61,5072420,0
SNAP.US,D,20190528,000000,6.64,6.75,6.63,6.73,14962147,0
SNAP.US,D,20190529,000000,6.73,6.75,6.72,6.75,9441811,0
SNAP.US,D,20190530,000000,6.71,6.73,6.64,6.66,10216644,0
SNAP.US,D,20190531,000000,6.64,6.69,6.62,6.67,13728620,0
SNAP.US,D,20190603,000000,6.67,6.89,6.66,6.83,12175730,0
SNAP.US,D,20190603,000000,6.82,6.90,6.81,6.89,5918992,0
SNAP.US,D,20190603,000000,6.87,7.05,6.81,6.99,10308330,0
SNAP.US,D,20190604,000000,7.07,7.09,6.91,6.92,5332898,0
SNAP.US,D,20190605,000000,6.91,6.94,6.80,6.85,10083622,0
SNAP.US,D,20190606,000000,6.90,6.93,6.85,6.92,12223584,0
SNAP.US,D,20190607,000000,6.95,6.97,6.75,6.77,5496975,0
SNAP.US,D,20190610,000000,6.77,6.87,6.73,6.87,7630682,0
SNAP.US,D,20190610,000000,6.89,6.90,6.81,6.85,13899742,0
SNAP.US,D,20190610,000000,6.91,6.95,6.49,6.61,7661730,0
SNAP.US,D,20190611,000000,6.62,6.66,6.54,6.55,6361692,0
SNAP.US,D,20190612,000000,6.51,6.82,6.46,6.77,10605658,0
SNAP.US,D,20190613,000000,6.79,6.98,6.76,6.97,14243653,0
SNAP.US,D,20190614,000000,6.94,7.00,6.72,6.84,13030249,0
SNAP.US,D,20190617,000000,6.83,7.00,6.83,6.98,7070853,0
SNAP.US,D,20190617,000000,6.92,7.18,6.88,7.16,6719541,0
SNAP.US,D,20190617,000000,7.21,7.21,7.13,7.15,7155314,0
SNAP.US,D,20190618,000000,7.16,7.26,7.15,7.24,13322909,0
SNAP.US,D,20190619,000000,7.27,7.28,7.04,7.15,13137821,0
SNAP.US,D,20190620,000000,7.11,7.39,7.05,7.31,10379932,0
SNAP.US,D,20190621,000000,7.33,7.43,7.01,7.10,12966956,0
SNAP.US,D,20190624,000000,7.16,7.17,7.11,7.13,8436763,0
SNAP.US,D,20190624,000000,7.17,7.17,7.12,7.12,14003727,0
SNAP.US,D,20190624,000000,7.11,7.15,6.99,7.00,5056749,0
SNAP.US,D,20190625,000000,7.03,7.04,6.94,6.96,9384132,0
SNAP.US,D,20190626,000000,6.99,7.00,6.84,6.88,7073335,0
SNAP.US,D,20190627,000000,6.95,7.02,6.69,6.72,13220555,0
SNAP.US,D,20190628,000000,6.74,6.75,6.58,6.65,10770739,0
SNAP.US,D,20190701,000000,6.62,6.66,6.42,6.50,12117188,0
SNAP.US,D,20190701,000000,6.44,6.99,6.19,6.84,7052200,0
SNAP.US,D,20190701,000000,6.84,6.91,6.63,6.66,7920986,0
SNAP.US,D,20190702,000000,6.71,6.77,6.61,6.63,11803081,0
SNAP.US,D,20190703,000000,6.66,6.94,6.64,6.85,10791944,0
SNAP.US,D,20190704,000000,6.84,6.99,6.81,6.97,8615474,0
SNAP.US,D,20190705,000000,7.04,7.05,6.84,6.85,5030060,0
SNAP.US,D,20190708,000000,6.91,6.95,6.78,6.81,11091214,0
SNAP.US,D,20190708,000000,6.83,6.91,6.80,6.91,7412194,0
SNAP.US,D,20190708,000000,6.90,6.91,6.89,6.91,5855146,0
SNAP.US,D,20190709,000000,6.94,6.96,6.90,6.92,9720673,0
SNAP.US,D,20190710,000000,7.00,7.02,6.83,6.85,10300660,0
SNAP.US,D,20190711,000000,6.86,6.89,6.85,6.87,8565499,0
SNAP.US,D,20190712,000000,6.86,6.87,6.79,6.80,8459352,0
SNAP.US,D,20190715,000000,6.87,6.88,6.84,6.85,5243769,0
SNAP.US,D,20190715,000000,6.81,6.82,6.74,6.75,13413607,0
SNAP.US,D,20190715,000000,6.71,6.73,6.67,6.67,10038483,0
SNAP.US,D,20190716,000000,6.73,6.98,6.69,6.92,14858636,0
SNAP.US,D,20190717,000000,6.83,6.94,6.75,6.92,7874658,0
SNAP.US,D,20190718,000000,6.89,6.99,6.89,6.97,10499307,0
SNAP.US,D,20190719,000000,6.90,7.05,6.88,7.04,7923901,0
SNAP.US,D,20190722,000000,7.05,7.16,7.03,7.15,11212519,0
SNAP.US,D,20190722,000000,7.17,7.30,7.17,7.29,8669961,0
SNAP.US,D,20190722,000000,7.25,7.47,7.22,7.41,12280398,0
SNAP.US,D,20190723,000000,7.40,7.61,7.36,7.50,11288815,0
SNAP.US,D,20190724,000000,7.49,7.49,7.45,7.45,14816046,0
SNAP.US,D,20190725,000000,7.46,7.80,7.40,7.72,13606645,0
SNAP.US,D,20190726,000000,7.72,7.76,7.51,7.54,10753593,0
SNAP.US,D,20190729,000000,7.54,7.55,7.48,7.50,11228675,0
SNAP.US,D,20190729,000000,7.43,7.74,7.40,7.62,9410862,0
SNAP.US,D,20190729,000000,7.51,7.88,7.51,7.79,7425529,0
SNAP.US,D,20190730,000000,7.79,8.09,7.75,8.05,9740122,0
SNAP.US,D,20190731,000000,8.13,8.28,8.13,8.22,8913819,0
SNAP.US,D,20190801,000000,8.17,8.22,7.70,7.86,6698142,0
SNAP.US,D,20190802,000000,7.85,8.07,7.70,7.98,7697452,0
SNAP.US,D,20190805,000000,7.83,8.53,7.53,8.38,10854739,0
SNAP.US,D,20190805,000000,8.48,8.59,7.90,8.02,13996953,0
SNAP.US,D,20190805,000000,8.09,8.13,7.97,7.98,11180915,0
SNAP.US,D,20190806,000000,7.96,8.23,7.46,7.53,11729034,0
SNAP.US,D,20190807,000000,7.42,7.54,7.40,7.50,10002651,0
SNAP.US,D,20190808,000000,7.53,7.60,7.21,7.28,6683668,0
SNAP.US,D,20190809,000000,7.28,7.32,7.19,7.19,6299607,0
SNAP.US,D,20190812,000000,7.18,7.31,6.25,6.61,10725004,0
SNAP.US,D,20190812,000000,6.62,7.14,6.46,7.07,6096347,0
SNAP.US,D,20190812,000000,6.96,8.04,6.81,7.68,9844400,0
SNAP.US,D,20190813,000000,7.55,7.68,7.52,7.67,10704271,0
SNAP.US,D,20190814,000000,7.63,8.69,7.44,8.48,7107946,0
SNAP.US,D,20190815,000000,8.48,8.79,7.36,7.74,12187120,0
SNAP.US,D,20190816,000000,7.59,7.71,7.05,7.08,8947422,0
SNAP.US,D,20190819,000000,7.14,7.27,6.39,6.60,8274411,0
SNAP.US,D,20190819,000000,6.55,6.83,6.48,6.74,6114211,0
SNAP.US,D,20190819,000000,6.77,6.95,6.75,6.89,5893377,0
SNAP.US,D,20190820,000000,6.78,7.59,6.62,7.43,13161195,0
SNAP.US,D,20190821,000000,7.44,7.47,7.44,7.44,8389329,0
SNAP.US,D,20190822,000000,7.56,8.25,7.54,8.22,14213856,0
SNAP.US,D,20190823,000000,8.31,8.32,8.22,8.24,12973162,0
SNAP.US,D,20190826,000000,8.27,8.53,8.14,8.43,12704686,0
SNAP.US,D,20190826,000000,8.52,8.52,8.39,8.45,6680399,0
SNAP.US,D,20190826,000000,8.53,8.68,8.49,8.66,5730884,0
SNAP.US,D,20190827,000000,8.79,8.79,8.74,8.75,9066580,0
SNAP.US,D,20190828,000000,8.72,9.07,8.67,9.05,14705517,0
SNAP.US,D,20190829,000000,9.00,9.61,8.96,9.47,14325152,0
SNAP.US,D,20190830,000000,9.48,9.48,9.43,9.44,7375575,0
SNAP.US,D,20190902,000000,9.45,9.62,9.40,9.55,11776226,0
SNAP.US,D,20190902,000000,9.43,10.00,9.39,9.91,12876806,0
SNAP.US,D,20190902,000000,10.03,10.05,9.20,9.50,10862210,0
SNAP.US,D,20190903,000000,9.58,9.61,9.37,9.46,13134157,0
SNAP.US,D,20190904,000000,9.54,10.23,9.45,10.06,5882082,0
SNAP.US,D,20190905,000000,10.05,10.91,10.02,10.57,8813629,0
SNAP.US,D,20190906,000000,10.57,10.64,10.53,10.62,14421963,0
SNAP.US,D,20190909,000000,10.70,10.72,10.17,10.32,11208393,0
SNAP.US,D,20190909,000000,10.37,10.58,10.24,10.51,13391274,0
SNAP.US,D,20190909,000000,10.29,10.37,10.04,10.13,10599735,0
SNAP.US,D,20190910,000000,9.92,10.48,9.90,10.34,12853507,0
SNAP.US,D,20190911,000000,10.38,11.08,10.25,10.76,11511823,0
SNAP.US,D,20190912,000000,11.07,11.14,10.80,10.91,14144229,0
SNAP.US,D,20190913,000000,10.95,11.09,10.94,11.05,15906591,0
SNAP.US,D,20190916,000000,11.04,11.26,11.00,11.19,22466533,0
SNAP.US,D,20190916,000000,11.15,11.42,11.01,11.35,10937208,0
SNAP.US,D,20190916,000000,11.37,11.75,11.32,11.52,21583459,0
SNAP.US,D,20190917,000000,11.48,11.99,11.22,11.81,18582395,0
SNAP.US,D,20190918,000000,11.69,12.08,11.62,11.96,28388949,0
SNAP.US,D,20190919,000000,11.86,12.79,11.78,12.31,23256659,0
SNAP.US,D,20190920,000000,12.65,12.67,12.52,12.55,16625917,0
SNAP.US,D,20190923,000000,12.51,12.89,12.45,12.83,23382194,0
SNAP.US,D,20190923,000000,13.00,13.07,12.99,13.01,22098677,0
SNAP.US,D,20190923,000000,12.89,13.67,12.85,13.30,12128694,0
SNAP.US,D,20190924,000000,13.18,13.75,12.80,13.58,29781999,0
SNAP.US,D,20190925,000000,13.46,14.04,13.29,13.97,34316277,0
SNAP.US,D,20190926,000000,13.97,14.48,13.95,14.27,30643401,0
SNAP.US,D,20190927,000000,14.38,14.74,14.35,14.72,19878774,0
SNAP.US,D,20190930,000000,14.73,15.13,14.61,15.08,18767148,0
SNAP.US,D,20190930,000000,15.18,15.59,15.05,15.56,20134706,0
SNAP.US,D,20190930,000000,15.73,16.07,15.72,16.06,29113626,0
SNAP.US,D,20191001,000000,16.29,16.62,16.19,16.62,30289020,0
SNAP.US,D,20191002,000000,16.54,17.37,16.42,17.05,20485493,0
SNAP.US,D,20191003,000000,16.93,17.83,16.83,17.47,25905221,0
SNAP.US,D,20191004,000000,17.06,18.08,16.75,18.05,22139003,0
SNAP.US,D,20191007,000000,18.28,18.76,18.24,18.58,41331020,0
SNAP.US,D,20191007,000000,18.52,19.62,18.24,19.07,24559351,0
SNAP.US,D,20191007,000000,18.74,19.95,18.52,19.65,29785047,0
SNAP.US,D,20191008,000000,19.52,20.93,19.17,20.41,29201825,0
SNAP.US,D,20191009,000000,20.18,21.19,20.16,21.00,41736929,0
SNAP.US,D,20191010,000000,21.11,22.04,20.91,21.66,40064832,0
SNAP.US,D,20191011,000000,21.83,22.63,21.80,22.47,47343881,0
SNAP.US,D,20191014,000000,22.46,23.37,22.25,23.35,29798932,0
SNAP.US,D,20191014,000000,23.34,23.44,23.16,23.21,6578648,0
SNAP.US,D,20191014,000000,23.19,24.88,23.18,23.89,5038231,0
SNAP.US,D,20191015,000000,23.84,24.61,23.84,24.34,11508343,0
SNAP.US,D,20191016,000000,24.27,25.09,24.11,24.87,7119506,0
SNAP.US,D,20191017,000000,24.86,24.94,23.12,23.93,14432193,0
SNAP.US,D,20191018,000000,23.79,24.32,23.77,24.14,5933198,0
SNAP.US,D,20191021,000000,23.92,24.32,23.85,24.23,9508847,0
SNAP.US,D,20191021,000000,24.35,24.42,23.90,24.09,10118508,0
SNAP.US,D,20191021,000000,24.19,24.48,24.16,24.29,6049114,0
SNAP.US,D,20191022,000000,24.38,24.40,24.35,24.39,13354092,0
SNAP.US,D,20191023,000000,24.38,24.90,24.34,24.73,10896642,0
SNAP.US,D,20191024,000000,24.48,25.57,24.34,25.32,7938203,0
SNAP.US,D,20191025,000000,25.38,26.80,25.30,26.36,12682861,0
SNAP.US,D,20191028,000000,26.25,26.32,25.96,25.98,12189843,0
SNAP.US,D,20191028,000000,26.12,26.67,26.03,26.67,11649729,0
SNAP.US,D,20191028,000000,26.80,26.89,26.47,26.63,10559659,0
SNAP.US,D,20191029,000000,26.62,26.80,25.59,25.81,6006474,0
SNAP.US,D,20191030,000000,25.88,25.98,25.75,25.77,12785633,0
SNAP.US,D,20191031,000000,25.73,25.83,25.31,25.41,11271701,0
SNAP.US,D,20191101,000000,25.46,26.79,25.30,26.30,14130674,0
SNAP.US,D,20191104,000000,26.48,26.50,25.31,25.57,14239428,0
SNAP.US,D,20191104,000000,25.37,25.48,25.36,25.40,9828239,0
SNAP.US,D,20191104,000000,24.97,25.41,24.86,25.39,11782065,0
SNAP.US,D,20191105,000000,25.02,25.07,24.76,24.85,11972510,0
SNAP.US,D,20191106,000000,24.60,24.65,24.58,24.62,9799996,0
SNAP.US,D,20191107,000000,24.68,24.74,23.61,23.83,14935185,0
SNAP.US,D,20191108,000000,23.73,25.66,23.67,24.84,5354113,0
SNAP.US,D,20191111,000000,24.87,24.89,24.42,24.48,10898625,0
SNAP.US,D,20191111,000000,24.58,24.77,24.52,24.62,11895098,0
SNAP.US,D,20191111,000000,24.65,24.67,24.32,24.43,5558789,0
SNAP.US,D,20191112,000000,24.22,24.92,24.16,24.79,13887773,0
SNAP.US,D,20191113,000000,25.03,25.23,24.54,24.66,14661332,0
SNAP.US,D,20191114,000000,24.76,24.96,24.25,24.33,8178526,0
SNAP.US,D,20191115,000000,24.16,24.25,23.34,23.37,8084111,0
SNAP.US,D,20191118,000000,23.39,23.41,23.27,23.32,7877066,0
SNAP.US,D,20191118,000000,23.34,23.59,23.33,23.51,11821364,0
SNAP.US,D,20191118,000000,23.42,23.57,23.39,23.55,6315639,0
SNAP.US,D,20191119,000000,23.41,23.69,23.38,23.66,7103957,0
SNAP.US,D,20191120,000000,23.71,23.74,23.59,23.64,6416464,0
SNAP.US,D,20191121,000000,23.71,23.88,23.70,23.79,10829708,0
SNAP.US,D,20191122,000000,23.60,23.63,23.56,23.59,13551848,0
SNAP.US,D,20191125,000000,23.74,23.86,23.38,23.44,13757655,0
SNAP.US,D,20191125,000000,23.42,23.45,23.41,23.44,12959047,0
SNAP.US,D,20191125,000000,23.47,23.49,23.23,23.25,12977414,0
SNAP.US,D,20191126,000000,23.24,23.25,23.17,23.18,7898441,0
SNAP.US,D,20191127,000000,23.20,23.33,23.18,23.26,9790406,0
SNAP.US,D,20191128,000000,23.21,23.47,23.15,23.42,9427798,0
SNAP.US,D,20191129,000000,23.39,23.56,23.39,23.50,6025394,0
SNAP.US,D,20191202,000000,23.47,23.53,23.46,23.48,14507762,0
SNAP.US,D,20191202,000000,23.42,23.44,23.36,23.38,10216749,0
SNAP.US,D,20191202,000000,23.34,23.50,23.32,23.50,12631313,0
SNAP.US,D,20191203,000000,23.49,23.51,23.46,23.46,8441787,0
SNAP.US,D,20191204,000000,23.52,23.54,23.39,23.42,8541905,0
SNAP.US,D,20191205,000000,23.44,23.45,23.38,23.40,10555678,0
SNAP.US,D,20191206,000000,23.35,23.79,23.28,23.69,10529229,0
SNAP.US,D,20191209,000000,23.72,24.00,23.70,23.95,8348701,0
SNAP.US,D,20191209,000000,23.99,24.07,23.98,24.06,6025867,0
SNAP.US,D,20191209,000000,24.08,24.33,24.03,24.27,9530992,0
SNAP.US,D,20191210,000000,24.22,24.26,23.89,23.97,6661654,0
SNAP.US,D,20191211,000000,23.96,24.17,23.90,24.17,6837467,0
SNAP.US,D,20191212,000000,24.10,24.11,24.09,24.09,10759959,0
SNAP.US,D,20191213,000000,24.15,24.17,24.15,24.15,8050097,0
SNAP.US,D,20191216,000000,24.09,24.58,24.07,24.54,14478135,0
SNAP.US,D,20191216,000000,24.62,24.63,24.48,24.53,9469577,0
SNAP.US,D,20191216,000000,24.56,24.58,24.27,24.30,9068259,0
SNAP.US,D,20191217,000000,24.31,24.41,24.28,24.38,9040905,0
SNAP.US,D,20191218,000000,24.37,24.38,24.36,24.37,6206091,0
SNAP.US,D,20191219,000000,24.35,24.48,24.33,24.46,13002008,0
SNAP.US,D,20191220,000000,24.47,24.50,24.17,24.21,12134657,0
SNAP.US,D,20191223,000000,24.17,24.31,24.14,24.29,7576989,0
SNAP.US,D,20191223,000000,24.32,24.41,23.78,23.80,12659441,0
SNAP.US,D,20191223,000000,23.79,23.80,23.41,23.43,5350319,0
SNAP.US,D,20191224,000000,23.48,23.50,22.73,22.84,7593757,0
SNAP.US,D,20191225,000000,23.00,23.12,22.60,22.60,11532602,0
SNAP.US,D,20191226,000000,22.79,22.89,22.31,22.35,7801955,0
SNAP.US,D,20191227,000000,22.24,22.59,22.17,22.54,14839499,0
SNAP.US,D,20191230,000000,22.50,23.18,22.12,22.97,14231089,0
SNAP.US,D,20191230,000000,23.02,23.08,22.86,22.89,6702725,0
SNAP.US,D,20191230,000000,22.89,23.14,22.49,22.62,13846808,0
SNAP.US,D,20191231,000000,22.69,23.45,22.63,23.26,9355174,0
SNAP.US,D,20200101,000000,23.05,23.40,22.92,23.37,13968761,0
SNAP.US,D,20200102,000000,23.63,23.70,23.59,23.68,9396682,0
SNAP.US,D,20200103,000000,23.55,23.55,23.51,23.53,7207917,0
SNAP.US,D,20200106,000000,23.43,23.87,23.33,23.68,8749118,0
SNAP.US,D,20200106,000000,23.78,25.21,23.59,24.71,14280602,0
SNAP.US,D,20200106,000000,24.58,25.03,24.51,24.92,9090198,0
SNAP.US,D,20200107,000000,25.32,25.39,25.31,25.37,8036659,0
SNAP.US,D,20200108,000000,25.24,25.55,25.18,25.41,12237998,0
SNAP.US,D,20200109,000000,25.05,25.43,25.03,25.42,8844264,0
SNAP.US,D,20200110,000000,25.72,26.23,25.71,26.03,7654320,0
SNAP.US,D,20200113,000000,26.23,26.52,25.57,25.64,7321904,0
SNAP.US,D,20200113,000000,25.50,26.79,25.30,26.45,11142011,0
SNAP.US,D,20200113,000000,26.17,26.27,25.56,25.72,9822580,0
SNAP.US,D,20200114,000000,25.70,26.39,25.60,26.28,8767010,0
SNAP.US,D,20200115,000000,26.38,26.82,25.08,25.65,6621575,0
SNAP.US,D,20200116,000000,26.05,26.10,25.22,25.48,6395767,0
SNAP.US,D,20200117,000000,25.53,25.56,25.14,25.17,12993737,0
SNAP.US,D,20200120,000000,25.22,25.26,24.87,24.96,5905525,0
SNAP.US,D,20200120,000000,24.94,26.81,24.53,26.23,7774833,0
SNAP.US,D,20200120,000000,26.25,26.53,25.81,25.96,12728008,0
SNAP.US,D,20200121,000000,26.12,26.16,25.55,25.88,5839508,0
SNAP.US,D,20200122,000000,25.64,26.85,25.46,26.46,14866668,0
SNAP.US,D,20200123,000000,26.49,26.53,26.48,26.52,8462781,0
SNAP.US,D,20200124,000000,26.08,26.17,26.07,26.11,11621307,0
SNAP.US,D,20200127,000000,26.61,26.87,24.98,25.40,6347094,0
SNAP.US,D,20200127,000000,25.70,25.93,25.65,25.82,5733474,0
SNAP.US,D,20200127,000000,26.14,26.25,24.87,24.89,7042203,0
SNAP.US,D,20200128,000000,24.79,24.86,24.30,24.38,8750839,0
SNAP.US,D,20200129,000000,24.21,24.23,23.95,24.00,11008594,0
SNAP.US,D,20200130,000000,24.07,24.21,23.27,23.54,8489286,0
SNAP.US,D,20200131,000000,23.23,23.47,22.77,22.88,8244697,0
SNAP.US,D,20200203,000000,22.84,22.88,22.41,22.53,8190585,0
SNAP.US,D,20200203,000000,22.45,22.61,21.61,21.80,10528883,0
SNAP.US,D,20200203,000000,22.01,22.03,21.66,21.72,8553392,0
SNAP.US,D,20200204,000000,21.73,22.09,20.81,21.11,11697167,0
SNAP.US,D,20200205,000000,20.91,20.91,20.41,20.63,11032252,0
SNAP.US,D,20200206,000000,20.84,22.10,20.57,21.70,11318624,0
SNAP.US,D,20200207,000000,22.10,22.10,21.09,21.27,13855332,0
SNAP.US,D,20200210,000000,21.04,22.20,20.84,22.07,9760307,0
SNAP.US,D,20200210,000000,22.09,22.62,21.97,22.57,5420325,0
SNAP.US,D,20200210,000000,22.82,22.89,22.54,22.62,13699558,0
SNAP.US,D,20200211,000000,22.95,22.97,22.20,22.28,14808817,0
SNAP.US,D,20200212,000000,22.28,22.50,22.26,22.46,7725396,0
SNAP.US,D,20200213,000000,22.14,22.40,22.12,22.30,10509028,0
SNAP.US,D,20200214,000000,22.43,22.46,21.18,21.31,12921735,0
SNAP.US,D,20200217,000000,21.13,21.70,21.04,21.64,11119435,0
SNAP.US,D,20200217,000000,21.54,21.62,20.44,20.70,13063354,0
SNAP.US,D,20200217,000000,20.43,20.43,19.99,20.10,6620725,0
SNAP.US,D,20200218,000000,20.15,20.32,19.65,19.70,14860701,0
SNAP.US,D,20200219,000000,20.11,20.38,19.29,19.32,6216330,0
SNAP.US,D,20200220,000000,19.25,19.33,19.23,19.26,13716653,0
SNAP.US,D,20200221,000000,19.09,19.69,18.92,19.41,12115249,0
SNAP.US,D,20200224,000000,19.51,19.70,19.16,19.24,10061107,0
SNAP.US,D,20200224,000000,19.35,19.93,19.06,19.92,11969088,0
SNAP.US,D,20200224,000000,19.99,20.95,18.04,18.08,6300822,0
SNAP.US,D,20200225,000000,17.77,19.52,17.72,19.02,13745780,0
SNAP.US,D,20200226,000000,19.09,19.89,19.06,19.74,8107312,0
SNAP.US,D,20200227,000000,19.44,19.45,19.34,19.36,13295542,0
SNAP.US,D,20200228,000000,19.12,19.39,18.05,18.22,7450685,0
SNAP.US,D,20200302,000000,18.10,19.30,17.90,18.98,11691722,0
SNAP.US,D,20200302,000000,18.98,19.24,17.99,18.39,5290004,0
SNAP.US,D,20200302,000000,18.75,19.22,18.55,19.19,11766548,0
SNAP.US,D,20200303,000000,19.08,19.32,17.81,18.17,6001814,0
SNAP.US,D,20200304,000000,18.30,18.35,17.33,17.44,8910063,0
SNAP.US,D,20200305,000000,17.53,18.08,17.52,18.07,7988373,0
SNAP.US,D,20200306,000000,18.22,18.35,17.35,17.68,5769482,0
SNAP.US,D,20200309,000000,17.71,17.76,16.65,16.68,13691331,0
SNAP.US,D,20200309,000000,16.69,17.29,15.52,15.59,9501517,0
SNAP.US,D,20200309,000000,15.92,16.12,15.66,15.72,11766893,0
SNAP.US,D,20200310,000000,16.02,16.22,14.53,14.86,10932384,0
SNAP.US,D,20200311,000000,14.68,14.87,13.26,13.54,11126577,0
SNAP.US,D,20200312,000000,13.46,13.48,13.33,13.40,8160284,0
SNAP.US,D,20200313,000000,13.58,13.61,13.03,13.06,7200286,0
SNAP.US,D,20200316,000000,12.65,13.32,12.47,13.09,9251560,0
SNAP.US,D,20200316,000000,12.96,13.65,12.85,13.46,10302762,0
SNAP.US,D,20200316,000000,13.31,14.60,13.20,13.95,12123164,0
SNAP.US,D,20200317,000000,14.08,14.15,13.42,13.53,5588075,0
SNAP.US,D,20200318,000000,13.67,13.73,13.22,13.35,11421840,0
SNAP.US,D,20200319,000000,13.09,13.20,13.06,13.17,7963413,0
SNAP.US,D,20200320,000000,13.16,13.64,13.08,13.63,12629631,0
SNAP.US,D,20200323,000000,13.69,13.74,13.65,13.67,7506344,0
SNAP.US,D,20200323,000000,13.69,13.69,13.52,13.55,7719371,0
SNAP.US,D,20200323,000000,13.49,13.94,13.47,13.79,8807223,0
SNAP.US,D,20200324,000000,13.73,13.79,13.09,13.29,6964343,0
SNAP.US,D,20200325,000000,13.24,14.03,13.21,13.75,10882325,0
SNAP.US,D,20200326,000000,13.62,13.64,13.58,13.62,8589830,0
SNAP.US,D,20200327,000000,13.59,13.63,13.18,13.30,10689111,0
SNAP.US,D,20200330,000000,13.38,13.58,13.36,13.53,5016326,0
SNAP.US,D,20200330,000000,13.59,13.60,13.49,13.51,9370477,0
SNAP.US,D,20200330,000000,13.50,13.83,13.48,13.82,8506719,0
SNAP.US,D,20200331,000000,13.88,13.92,13.78,13.81,10339212,0
SNAP.US,D,20200401,000000,13.89,13.91,13.63,13.71,14676722,0
SNAP.US,D,20200402,000000,13.65,13.66,13.61,13.64,7882700,0
SNAP.US,D,20200403,000000,13.59,13.69,13.36,13.39,11206576,0
SNAP.US,D,20200406,000000,13.56,13.79,13.55,13.73,13885868,0
SNAP.US,D,20200406,000000,13.82,13.96,13.74,13.90,11951568,0
SNAP.US,D,20200406,000000,13.80,13.94,12.88,13.14,6576522,0
SNAP.US,D,20200407,000000,13.19,13.30,13.18,13.30,13021175,0
SNAP.US,D,20200408,000000,13.19,13.24,13.12,13.15,7849013,0
SNAP.US,D,20200409,000000,13.06,13.13,13.04,13.12,12423506,0
SNAP.US,D,20200410,000000,13.10,13.97,12.91,13.75,5650703,0
SNAP.US,D,20200413,000000,13.85,13.95,13.36,13.56,13938294,0
SNAP.US,D,20200413,000000,13.50,14.36,13.50,14.08,8965521,0
SNAP.US,D,20200413,000000,14.18,14.26,14.13,14.21,9696926,0
SNAP.US,D,20200414,000000,14.16,14.17,13.92,14.10,11125221,0
SNAP.US,D,20200415,000000,14.27,14.30,14.13,14.15,7216916,0
SNAP.US,D,20200416,000000,14.10,14.13,14.10,14.12,14957778,0
SNAP.US,D,20200417,000000,14.10,14.30,14.07,14.25,13961129,0
SNAP.US,D,20200420,000000,14.19,14.62,14.17,14.53,14113272,0
SNAP.US,D,20200420,000000,14.47,14.55,14.47,14.52,10093512,0
SNAP.US,D,20200420,000000,14.46,14.47,14.44,14.44,12571356,0
SNAP.US,D,20200421,000000,14.44,14.87,14.34,14.82,14693820,0
SNAP.US,D,20200422,000000,14.70,14.77,14.55,14.60,10991289,0
SNAP.US,D,20200423,000000,14.63,14.67,14.38,14.50,13497715,0
SNAP.US,D,20200424,000000,14.39,15.02,14.34,14.89,11707936,0
SNAP.US,D,20200427,000000,14.93,15.03,14.60,14.61,8558498,0
SNAP.US,D,20200427,000000,14.69,14.76,13.90,14.06,12158125,0
SNAP.US,D,20200427,000000,14.06,14.07,13.88,13.93,5198289,0
SNAP.US,D,20200428,000000,13.96,14.03,13.96,14.01,12130488,0
SNAP.US,D,20200429,000000,13.84,13.87,13.57,13.66,5940399,0
SNAP.US,D,20200430,000000,13.72,13.76,13.55,13.58,13005014,0
SNAP.US,D,20200501,000000,13.56,13.92,13.44,13.87,14271736,0
SNAP.US,D,20200504,000000,13.89,14.00,13.64,13.77,11435822,0
SNAP.US,D,20200504,000000,13.79,13.86,13.11,13.18,5357602,0
SNAP.US,D,20200504,000000,13.22,13.35,12.20,12.57,9124158,0
SNAP.US,D,20200505,000000,12.70,12.89,12.63,12.77,8110427,0
SNAP.US,D,20200506,000000,12.65,12.93,12.55,12.90,14337211,0
SNAP.US,D,20200507,000000,12.88,13.08,12.80,12.97,11661596,0
SNAP.US,D,20200508,000000,12.89,12.90,12.61,12.63,11279681,0
SNAP.US,D,20200511,000000,12.65,12.66,12.53,12.55,13992518,0
SNAP.US,D,20200511,000000,12.47,12.53,12.18,12.35,10785685,0
SNAP.US,D,20200511,000000,12.50,12.58,11.93,12.07,9584496,0
SNAP.US,D,20200512,000000,12.01,12.52,11.83,12.47,6852396,0
SNAP.US,D,20200513,000000,12.55,12.75,12.50,12.71,12386163,0
SNAP.US,D,20200514,000000,12.60,12.70,12.53,12.67,14777626,0
SNAP.US,D,20200515,000000,12.67,13.13,12.65,13.00,8919311,0
SNAP.US,D,20200518,000000,13.01,13.17,12.29,12.53,10323574,0
SNAP.US,D,20200518,000000,12.47,12.48,12.08,12.30,14277370,0
SNAP.US,D,20200518,000000,12.32,12.33,12.30,12.30,7900814,0
SNAP.US,D,20200519,000000,12.33,12.39,11.85,12.12,5065184,0
SNAP.US,D,20200520,000000,12.19,12.59,12.18,12.48,13378714,0
SNAP.US,D,20200521,000000,12.58,12.67,12.57,12.66,6744166,0
SNAP.US,D,20200522,000000,12.73,12.76,12.54,12.62,13008709,0
SNAP.US,D,20200525,000000,12.71,13.26,12.60,13.23,6452958,0
SNAP.US,D,20200525,000000,13.22,13.72,13.14,13.62,10202931,0
SNAP.US,D,20200525,000000,13.72,13.89,13.70,13.85,5396382,0
SNAP.US,D,20200526,000000,13.89,14.05,13.86,13.98,7776832,0
SNAP.US,D,20200527,000000,14.02,14.03,13.42,13.59,14639570,0
SNAP.US,D,20200528,000000,13.63,13.95,13.63,13.93,8689335,0
SNAP.US,D,20200529,000000,13.92,14.03,13.91,13.98,10928129,0
SNAP.US,D,20200601,000000,13.97,14.10,13.64,13.67,10661708,0
SNAP.US,D,20200601,000000,13.60,13.99,13.50,13.97,9774509,0
SNAP.US,D,20200601,000000,13.97,14.14,13.86,14.08,13744963,0
SNAP.US,D,20200602,000000,14.03,14.24,14.00,14.22,7765460,0
SNAP.US,D,20200603,000000,14.22,14.26,13.85,13.91,13988512,0
SNAP.US,D,20200604,000000,13.73,13.97,13.65,13.92,6450672,0
SNAP.US,D,20200605,000000,13.94,13.95,13.92,13.94,14897988,0
SNAP.US,D,20200608,000000,13.88,13.92,13.54,13.62,11082576,0
SNAP.US,D,20200608,000000,13.68,13.69,13.46,13.49,10011567,0
SNAP.US,D,20200608,000000,13.58,13.77,13.48,13.74,13345443,0
SNAP.US,D,20200609,000000,13.68,14.14,13.63,14.07,13631399,0
SNAP.US,D,20200610,000000,14.04,14.08,13.66,13.87,7079154,0
SNAP.US,D,20200611,000000,13.88,13.89,13.68,13.68,10819194,0
SNAP.US,D,20200612,000000,13.70,13.75,13.21,13.39,5628997,0
SNAP.US,D,20200615,000000,13.36,13.54,13.35,13.46,13640491,0
SNAP.US,D,20200615,000000,13.52,13.57,13.16,13.24,10230313,0
SNAP.US,D,20200615,000000,13.17,13.44,13.13,13.33,5523380,0
SNAP.US,D,20200616,000000,13.38,13.94,13.27,13.91,6825783,0
SNAP.US,D,20200617,000000,14.05,14.31,13.46,13.51,10606876,0
SNAP.US,D,20200618,000000,13.61,13.66,13.40,13.52,8160039,0
SNAP.US,D,20200619,000000,13.06,13.39,13.04,13.36,6420681,0
SNAP.US,D,20200622,000000,13.47,14.15,13.41,14.10,6502396,0
SNAP.US,D,20200622,000000,14.18,14.18,14.15,14.15,6501593,0
SNAP.US,D,20200622,000000,14.28,14.31,14.26,14.30,8646814,0
SNAP.US,D,20200623,000000,14.26,14.34,13.70,13.72,13302316,0
SNAP.US,D,20200624,000000,13.69,13.93,13.64,13.91,12738057,0
SNAP.US,D,20200625,000000,13.85,14.02,13.84,13.99,5773737,0
SNAP.US,D,20200626,000000,14.13,14.38,13.94,14.32,9331834,0
SNAP.US,D,20200629,000000,14.53,15.44,14.29,15.06,9158864,0
SNAP.US,D,20200629,000000,15.03,15.16,15.01,15.09,5526967,0
SNAP.US,D,20200629,000000,15.11,15.59,15.07,15.47,8207738,0
SNAP.US,D,20200630,000000,15.22,15.75,15.10,15.66,12502446,0
SNAP.US,D,20200701,000000,15.72,15.97,15.63,15.93,5772534,0
SNAP.US,D,20200702,000000,15.84,15.91,15.64,15.67,6395275,0
SNAP.US,D,20200703,000000,16.06,16.37,15.76,16.32,10478402,0
SNAP.US,D,20200706,000000,16.43,16.52,15.77,16.03,8108903,0
SNAP.US,D,20200706,000000,16.14,16.85,15.82,16.81,6754897,0
SNAP.US,D,20200706,000000,16.81,17.50,16.67,17.44,14843698,0
SNAP.US,D,20200707,000000,17.40,17.45,17.27,17.31,5621479,0
SNAP.US,D,20200708,000000,17.69,17.69,17.28,17.29,12029009,0
SNAP.US,D,20200709,000000,17.30,18.38,17.12,18.02,9660018,0
SNAP.US,D,20200710,000000,18.04,18.34,16.35,16.87,6966204,0
SNAP.US,D,20200713,000000,16.78,17.11,15.91,16.12,5379269,0
SNAP.US,D,20200713,000000,16.27,16.95,16.12,16.90,5462758,0
SNAP.US,D,20200713,000000,16.89,17.45,16.83,17.30,10767899,0
SNAP.US,D,20200714,000000,17.22,18.07,17.00,17.72,13683269,0
SNAP.US,D,20200715,000000,17.55,17.59,17.54,17.55,10104520,0
SNAP.US,D,20200716,000000,17.58,18.56,17.52,18.26,6046807,0
SNAP.US,D,20200717,000000,18.44,18.48,18.20,18.24,14783007,0
SNAP.US,D,20200720,000000,18.34,18.69,18.31,18.53,9943007,0
SNAP.US,D,20200720,000000,18.60,18.70,18.08,18.11,5865519,0
SNAP.US,D,20200720,000000,17.98,18.58,17.87,18.58,12962557,0
SNAP.US,D,20200721,000000,18.57,18.59,18.51,18.55,8449997,0
SNAP.US,D,20200722,000000,18.45,18.46,18.18,18.33,11975985,0
SNAP.US,D,20200723,000000,17.97,19.17,17.87,18.99,13136493,0
SNAP.US,D,20200724,000000,19.07,20.17,19.00,19.60,11703849,0
SNAP.US,D,20200727,000000,19.92,20.39,19.88,20.31,8897589,0
SNAP.US,D,20200727,000000,20.34,20.53,20.31,20.47,10791945,0
SNAP.US,D,20200727,000000,20.37,20.73,20.23,20.58,14354891,0
SNAP.US,D,20200728,000000,20.78,21.49,20.60,21.33,8963454,0
SNAP.US,D,20200729,000000,21.46,21.60,19.01,19.91,5886426,0
SNAP.US,D,20200730,000000,20.17,20.22,18.87,19.28,9694427,0
SNAP.US,D,20200731,000000,19.01,19.08,18.91,19.05,14712828,0
SNAP.US,D,20200803,000000,19.29,20.24,19.21,19.97,8779177,0
SNAP.US,D,20200803,000000,20.53,20.57,19.64,19.95,12973458,0
SNAP.US,D,20200803,000000,19.76,22.13,19.21,21.48,5402506,0
SNAP.US,D,20200804,000000,21.48,22.35,20.97,22.20,8555153,0
SNAP.US,D,20200805,000000,21.81,22.26,21.79,22.01,14380615,0
SNAP.US,D,20200806,000000,22.44,22.48,22.06,22.18,6821313,0
SNAP.US,D,20200807,000000,22.05,22.38,21.48,21.55,8537479,0
SNAP.US,D,20200810,000000,21.28,21.44,20.70,20.94,5521823,0
SNAP.US,D,20200810,000000,20.87,22.09,20.64,22.09,10913651,0
SNAP.US,D,20200810,000000,22.12,23.06,22.01,22.94,11773625,0
SNAP.US,D,20200811,000000,23.06,24.94,22.78,24.34,11415971,0
SNAP.US,D,20200812,000000,24.46,24.75,24.46,24.72,8844933,0
SNAP.US,D,20200813,000000,24.79,24.88,23.25,23.62,8062931,0
SNAP.US,D,20200814,000000,23.44,24.00,23.26,23.76,12938934,0
SNAP.US,D,20200817,000000,23.72,26.44,23.47,25.07,6505050,0
SNAP.US,D,20200817,000000,24.97,25.95,24.91,25.90,10622732,0
SNAP.US,D,20200817,000000,26.47,26.69,22.73,24.37,5088486,0
SNAP.US,D,20200818,000000,24.44,25.80,24.37,25.58,7405937,0
SNAP.US,D,20200819,000000,25.02,25.86,24.91,25.71,10661021,0
SNAP.US,D,20200820,000000,26.19,26.50,25.39,25.76,9277525,0
SNAP.US,D,20200821,000000,26.29,27.02,26.10,26.94,8999739,0
SNAP.US,D,20200824,000000,27.37,27.77,25.52,26.26,9534635,0
SNAP.US,D,20200824,000000,25.66,27.40,25.40,27.21,11982296,0
SNAP.US,D,20200824,000000,27.51,28.36,27.39,28.35,6704389,0
SNAP.US,D,20200825,000000,29.02,29.02,27.57,27.80,11663466,0
SNAP.US,D,20200826,000000,27.36,28.58,27.15,27.88,11770858,0
SNAP.US,D,20200827,000000,26.90,28.25,26.83,27.96,5558698,0
SNAP.US,D,20200828,000000,28.16,28.41,27.06,27.09,10955056,0
SNAP.US,D,20200831,000000,27.11,27.24,26.30,26.71,6288937,0
SNAP.US,D,20200831,000000,26.65,28.28,26.51,28.04,14217655,0
SNAP.US,D,20200831,000000,29.04,29.29,25.21,26.60,12266745,0
SNAP.US,D,20200901,000000,26.39,27.34,26.21,27.32,6735274,0
SNAP.US,D,20200902,000000,27.15,27.22,27.15,27.15,6386528,0
SNAP.US,D,20200903,000000,26.95,32.44,26.23,30.32,5448224,0
SNAP.US,D,20200904,000000,30.15,30.29,29.98,30.11,7514166,0
SNAP.US,D,20200907,000000,30.09,30.20,29.67,29.72,14810136,0
SNAP.US,D,20200907,000000,29.52,30.99,29.47,30.92,11437922,0
SNAP.US,D,20200907,000000,31.07,31.25,31.05,31.25,13960300,0
SNAP.US,D,20200908,000000,31.17,32.66,30.99,32.23,11965910,0
SNAP.US,D,20200909,000000,31.82,32.72,31.43,32.70,10485402,0
SNAP.US,D,20200910,000000,32.07,37.08,30.72,35.16,13260482,0
SNAP.US,D,20200911,000000,35.51,35.59,34.33,34.66,14247252,0
SNAP.US,D,20200914,000000,33.58,34.49,33.38,34.35,6464149,0
SNAP.US,D,20200914,000000,34.21,36.49,34.11,35.66,7868399,0
SNAP.US,D,20200914,000000,35.67,35.91,33.33,33.37,10597608,0
SNAP.US,D,20200915,000000,33.69,34.43,33.57,34.42,12837416,0
SNAP.US,D,20200916,000000,33.97,34.06,33.91,34.02,5973628,0
SNAP.US,D,20200917,000000,34.25,34.37,33.18,33.57,5251454,0
SNAP.US,D,20200918,000000,33.82,34.68,31.83,32.26,5526215,0
SNAP.US,D,20200921,000000,32.38,32.77,26.23,28.58,8994755,0
SNAP.US,D,20200921,000000,29.00,29.11,27.93,28.41,7188315,0
SNAP.US,D,20200921,000000,28.02,30.37,27.92,30.20,13983335,0
SNAP.US,D,20200922,000000,29.94,31.72,29.76,31.55,14740894,0
SNAP.US,D,20200923,000000,32.19,32.19,31.27,31.31,14786210,0
SNAP.US,D,20200924,000000,31.35,32.40,31.28,32.12,6509244,0
SNAP.US,D,20200925,000000,31.38,33.18,31.23,32.38,12192367,0
SNAP.US,D,20200928,000000,33.22,33.81,30.64,31.45,11845555,0
SNAP.US,D,20200928,000000,31.44,32.88,31.34,32.00,14581704,0
SNAP.US,D,20200928,000000,31.17,32.05,31.17,31.80,8033348,0
SNAP.US,D,20200929,000000,32.30,32.43,29.99,30.18,13661884,0
SNAP.US,D,20200930,000000,29.96,30.66,29.43,29.44,12731924,0
SNAP.US,D,20201001,000000,30.04,30.10,26.95,27.66,13390766,0
SNAP.US,D,20201002,000000,28.71,29.01,25.34,25.75,8820838,0
SNAP.US,D,20201005,000000,25.46,25.63,24.55,24.91,11635236,0
SNAP.US,D,20201005,000000,24.92,24.92,24.14,24.46,8949764,0
SNAP.US,D,20201005,000000,24.43,24.59,22.42,23.16,14147058,0
SNAP.US,D,20201006,000000,22.63,22.80,20.46,21.01,5626911,0
SNAP.US,D,20201007,000000,21.26,21.49,21.21,21.40,9823412,0
SNAP.US,D,20201008,000000,21.01,22.11,20.83,21.97,14772177,0
SNAP.US,D,20201009,000000,21.94,22.35,21.89,22.27,18478667,0
SNAP.US,D,20201012,000000,21.73,23.05,21.66,22.65,9329645,0
SNAP.US,D,20201012,000000,23.00,23.20,22.95,23.01,17236483,0
SNAP.US,D,20201012,000000,22.66,23.97,22.57,23.42,18704326,0
SNAP.US,D,20201013,000000,23.22,23.83,23.09,23.66,15603947,0
SNAP.US,D,20201014,000000,24.21,24.49,23.79,24.00,30597608,0
SNAP.US,D,20201015,000000,23.97,24.66,23.59,24.51,23532034,0
SNAP.US,D,20201016,000000,24.85,25.19,24.74,25.07,32321522,0
SNAP.US,D,20201019,000000,25.24,26.30,25.00,25.79,26629121,0
SNAP.US,D,20201019,000000,26.16,26.55,26.10,26.39,12590191,0
SNAP.US,D,20201019,000000,26.78,27.40,26.60,27.29,21313880,0
SNAP.US,D,20201020,000000,27.51,28.25,27.18,28.07,35603514,0
SNAP.US,D,20201021,000000,27.84,28.92,27.43,28.85,29157405,0
SNAP.US,D,20201022,000000,28.32,30.25,27.35,29.55,30697591,0
SNAP.US,D,20201023,000000,29.64,30.42,29.52,30.41,41232985,0
SNAP.US,D,20201026,000000,29.97,31.30,29.84,31.23,14587404,0
SNAP.US,D,20201026,000000,30.79,32.58,30.70,32.44,16114518,0
SNAP.US,D,20201026,000000,32.68,33.77,32.63,33.41,18072880,0
SNAP.US,D,20201027,000000,32.76,34.44,32.29,34.41,26273708,0
SNAP.US,D,20201028,000000,34.79,36.31,34.72,35.93,34366828,0
SNAP.US,D,20201029,000000,35.73,37.19,35.35,37.04,37814973,0
SNAP.US,D,20201030,000000,37.10,38.83,37.02,38.20,34490349,0
SNAP.US,D,20201102,000000,37.90,39.74,37.63,39.57,28076351,0
SNAP.US,D,20201102,000000,39.13,41.22,38.69,39.73,13804840,0
SNAP.US,D,20201102,000000,40.24,40.38,39.52,39.61,8360363,0
SNAP.US,D,20201103,000000,40.21,40.51,39.13,39.35,10825953,0
SNAP.US,D,20201104,000000,39.74,40.65,39.52,40.01,7433760,0
SNAP.US,D,20201105,000000,40.48,40.54,40.30,40.38,13736343,0
SNAP.US,D,20201106,000000,40.97,41.41,40.90,41.26,5719232,0
SNAP.US,D,20201109,000000,41.07,41.19,39.48,39.87,11478013,0
SNAP.US,D,20201109,000000,39.93,40.10,37.90,38.30,8559899,0
SNAP.US,D,20201109,000000,38.53,38.72,38.50,38.69,8238889,0
SNAP.US,D,20201110,000000,39.05,41.53,39.03,41.35,8252550,0
SNAP.US,D,20201111,000000,40.83,41.28,40.65,41.28,12876099,0
SNAP.US,D,20201112,000000,42.10,45.29,41.64,44.26,12392890,0
SNAP.US,D,20201113,000000,44.02,44.24,42.01,42.96,12144892,0
SNAP.US,D,20201116,000000,43.16,45.03,43.13,44.30,14863340,0
SNAP.US,D,20201116,000000,44.70,44.89,44.63,44.85,14103433,0
SNAP.US,D,20201116,000000,44.27,44.55,43.38,43.60,8597119,0
SNAP.US,D,20201117,000000,43.14,45.66,42.98,44.70,8422631,0
SNAP.US,D,20201118,000000,44.69,45.54,43.66,43.84,5130413,0
SNAP.US,D,20201119,000000,43.11,45.54,42.62,44.79,13242044,0
SNAP.US,D,20201120,000000,44.64,44.96,43.36,44.24,11199103,0
SNAP.US,D,20201123,000000,44.53,47.16,44.02,46.66,9857014,0
SNAP.US,D,20201123,000000,46.77,48.00,46.68,47.98,12681054,0
SNAP.US,D,20201123,000000,47.68,47.70,44.13,44.96,13823809,0
SNAP.US,D,20201124,000000,45.31,45.93,45.27,45.53,13494991,0
SNAP.US,D,20201125,000000,46.22,46.60,41.81,42.50,10404515,0
SNAP.US,D,20201126,000000,42.25,42.33,42.23,42.26,7008791,0
SNAP.US,D,20201127,000000,42.83,43.49,42.53,43.16,12451432,0
SNAP.US,D,20201130,000000,43.32,46.26,42.89,45.36,6243245,0
SNAP.US,D,20201130,000000,45.96,46.40,43.58,44.09,5032417,0
SNAP.US,D,20201130,000000,43.62,44.15,43.58,44.10,13478140,0
SNAP.US,D,20201201,000000,45.12,45.44,41.52,41.76,8620301,0
SNAP.US,D,20201202,000000,41.85,41.95,40.50,40.84,11291531,0
SNAP.US,D,20201203,000000,40.72,40.89,40.69,40.88,6907740,0
SNAP.US,D,20201204,000000,40.63,43.31,40.25,42.47,13717060,0
SNAP.US,D,20201207,000000,42.26,43.45,42.11,43.35,11878634,0
SNAP.US,D,20201207,000000,43.70,43.75,43.66,43.70,9860656,0
SNAP.US,D,20201207,000000,44.25,44.47,42.81,43.19,13288519,0
SNAP.US,D,20201208,000000,42.93,44.66,42.76,44.30,12301496,0
SNAP.US,D,20201209,000000,44.46,44.79,40.71,41.69,5814012,0
SNAP.US,D,20201210,000000,41.83,41.93,41.77,41.90,13165093,0
SNAP.US,D,20201211,000000,41.85,45.09,41.75,43.95,12618150,0
SNAP.US,D,20201214,000000,43.77,44.81,43.55,44.58,7687094,0
SNAP.US,D,20201214,000000,45.11,45.56,43.57,44.15,10412793,0
SNAP.US,D,20201214,000000,43.84,49.19,43.74,47.04,5670919,0
SNAP.US,D,20201215,000000,47.03,47.34,46.83,47.33,9960595,0
SNAP.US,D,20201216,000000,46.84,47.05,45.48,45.70,6469419,0
SNAP.US,D,20201217,000000,46.19,50.47,45.85,49.63,7095699,0
SNAP.US,D,20201218,000000,49.85,49.91,49.83,49.83,11261258,0
SNAP.US,D,20201221,000000,49.78,49.90,49.51,49.52,13481284,0
SNAP.US,D,20201221,000000,48.77,49.64,48.63,49.52,10892048,0
SNAP.US,D,20201221,000000,47.72,47.77,47.47,47.71,13416442,0
SNAP.US,D,20201222,000000,47.55,48.08,47.38,47.93,13389148,0
SNAP.US,D,20201223,000000,48.81,48.96,48.62,48.90,8697421,0
SNAP.US,D,20201224,000000,49.31,49.55,48.28,48.64,10417959,0
SNAP.US,D,20201225,000000,48.65,51.90,47.79,50.99,13214936,0
SNAP.US,D,20201228,000000,51.37,52.99,51.24,52.56,11811027,0
SNAP.US,D,20201228,000000,53.17,53.40,52.69,52.91,12313941,0
SNAP.US,D,20201228,000000,53.54,56.59,53.46,55.16,11532480,0
SNAP.US,D,20201229,000000,54.26,55.79,50.25,51.15,7291236,0
SNAP.US,D,20201230,000000,51.39,51.61,49.72,50.63,14398148,0
SNAP.US,D,20201231,000000,50.30,51.52,50.24,51.20,13758292,0
SNAP.US,D,20210101,000000,52.01,54.79,51.84,53.89,7161640,0
SNAP.US,D,20210104,000000,54.86,54.89,54.40,54.44,9407725,0
SNAP.US,D,20210104,000000,53.12,55.47,52.66,53.87,6522023,0
SNAP.US,D,20210104,000000,54.25,55.36,53.71,54.96,9768655,0
SNAP.US,D,20210105,000000,55.24,57.21,55.17,56.12,13454259,0
SNAP.US,D,20210106,000000,55.92,56.05,55.12,55.26,14439009,0
SNAP.US,D,20210107,000000,54.89,55.72,54.67,55.30,7315745,0
SNAP.US,D,20210108,000000,55.34,58.46,51.10,51.44,7468966,0
SNAP.US,D,20210111,000000,51.34,51.39,50.99,51.05,14017878,0
SNAP.US,D,20210111,000000,50.81,52.47,50.72,51.86,6035169,0
SNAP.US,D,20210111,000000,52.45,55.74,52.37,54.99,12708602,0
SNAP.US,D,20210112,000000,54.92,55.04,52.69,53.18,14737474,0
SNAP.US,D,20210113,000000,53.67,54.20,49.37,50.88,9248620,0
SNAP.US,D,20210114,000000,50.23,51.10,50.00,51.04,6174843,0
SNAP.US,D,20210115,000000,50.58,55.08,50.03,53.88,9619033,0
SNAP.US,D,20210118,000000,55.17,55.65,54.37,54.40,13187708,0
SNAP.US,D,20210118,000000,54.31,55.04,54.22,54.99,10050142,0
SNAP.US,D,20210118,000000,54.16,60.01,53.60,58.30,7067797,0
SNAP.US,D,20210119,000000,59.02,62.71,57.92,62.14,12437598,0
SNAP.US,D,20210120,000000,62.38,63.33,54.85,58.28,12197815,0
SNAP.US,D,20210121,000000,58.28,58.97,53.68,54.48,14807030,0
SNAP.US,D,20210122,000000,55.29,56.18,54.53,55.16,6065622,0
SNAP.US,D,20210125,000000,55.86,56.53,52.64,53.69,12219535,0
SNAP.US,D,20210125,000000,54.87,55.39,52.46,52.72,6551764,0
SNAP.US,D,20210125,000000,52.98,53.46,48.43,50.12,13569008,0
SNAP.US,D,20210126,000000,49.28,49.62,46.73,48.76,5585928,0
SNAP.US,D,20210127,000000,48.01,48.04,47.77,47.78,9516954,0
SNAP.US,D,20210128,000000,48.56,49.21,48.52,49.08,9560018,0
SNAP.US,D,20210129,000000,49.36,49.98,44.27,45.15,7009806,0
SNAP.US,D,20210201,000000,44.42,48.32,42.93,46.42,10701296,0
SNAP.US,D,20210201,000000,47.35,49.89,47.26,49.55,6357505,0
SNAP.US,D,20210201,000000,49.55,54.30,48.73,54.12,12203887,0
SNAP.US,D,20210202,000000,54.82,54.90,53.97,54.14,14022369,0
SNAP.US,D,20210203,000000,54.53,57.95,52.72,57.47,13475341,0
SNAP.US,D,20210204,000000,57.15,60.12,56.32,59.23,5994880,0
SNAP.US,D,20210205,000000,58.32,59.50,56.32,56.62,13089791,0
SNAP.US,D,20210208,000000,55.69,56.79,49.48,51.18,14914628,0
SNAP.US,D,20210208,000000,51.23,52.39,48.90,50.01,11829428,0
SNAP.US,D,20210208,000000,48.88,54.08,48.70,53.39,5284139,0
SNAP.US,D,20210209,000000,52.73,55.82,51.78,54.77,14041321,0
SNAP.US,D,20210210,000000,56.31,56.74,50.57,50.90,10324467,0
SNAP.US,D,20210211,000000,50.10,51.21,50.09,51.04,8705930,0
SNAP.US,D,20210212,000000,51.48,51.84,50.47,50.63,7373615,0
SNAP.US,D,20210215,000000,50.85,50.98,48.20,48.86,7686407,0
SNAP.US,D,20210215,000000,49.25,51.76,48.73,51.76,12361201,0
SNAP.US,D,20210215,000000,51.45,52.00,49.08,49.12,9490932,0
SNAP.US,D,20210216,000000,48.49,55.37,47.06,53.18,6311607,0
SNAP.US,D,20210217,000000,52.68,58.36,51.87,56.89,6495506,0
SNAP.US,D,20210218,000000,56.39,56.57,55.03,55.07,11868532,0
SNAP.US,D,20210219,000000,53.49,58.78,53.32,56.85,7731728,0
SNAP.US,D,20210222,000000,56.25,61.92,55.64,60.49,13128428,0
SNAP.US,D,20210222,000000,59.78,61.38,59.39,61.06,13958386,0
SNAP.US,D,20210222,000000,61.40,63.62,60.02,63.24,9227237,0
SNAP.US,D,20210223,000000,62.45,62.55,61.78,62.27,7941116,0
SNAP.US,D,20210224,000000,62.68,67.21,62.43,66.74,9896038,0
SNAP.US,D,20210225,000000,65.46,66.29,64.69,66.08,6316694,0
SNAP.US,D,20210226,000000,65.13,65.21,60.33,61.25,14130494,0
SNAP.US,D,20210301,000000,61.46,61.94,58.86,59.41,13792648,0
SNAP.US,D,20210301,000000,60.14,62.49,60.07,61.61,8027320,0
SNAP.US,D,20210301,000000,59.79,62.30,59.34,61.39,10271642,0
SNAP.US,D,20210302,000000,61.73,61.99,56.82,57.42,7878387,0
SNAP.US,D,20210303,000000,57.72,59.37,57.56,58.40,5409158,0
SNAP.US,D,20210304,000000,58.14,58.58,55.92,56.36,7171075,0
SNAP.US,D,20210305,000000,56.13,56.58,54.35,54.64,8933345,0
SNAP.US,D,20210308,000000,55.91,56.45,52.04,53.15,9837470,0
SNAP.US,D,20210308,000000,53.40,53.96,53.24,53.84,8682684,0
SNAP.US,D,20210308,000000,54.09,55.83,54.03,55.44,10538033,0
SNAP.US,D,20210309,000000,56.11,56.55,52.60,53.00,5184583,0
SNAP.US,D,20210310,000000,53.52,53.82,51.81,51.88,8507255,0
SNAP.US,D,20210311,000000,51.13,52.59,51.08,52.40,12463374,0
SNAP.US,D,20210312,000000,52.49,52.97,48.90,49.18,5759326,0
SNAP.US,D,20210315,000000,49.23,51.84,49.23,51.33,8186235,0
SNAP.US,D,20210315,000000,51.44,52.05,49.56,50.11,13058547,0
SNAP.US,D,20210315,000000,50.45,54.18,49.93,52.94,14324185,0
SNAP.US,D,20210316,000000,53.14,59.06,51.65,58.64,6008174,0
SNAP.US,D,20210317,000000,57.61,60.84,57.46,60.07,12255262,0
SNAP.US,D,20210318,000000,61.64,65.75,61.20,63.82,10574542,0
SNAP.US,D,20210319,000000,64.65,65.62,64.33,65.20,6529032,0
SNAP.US,D,20210322,000000,65.46,74.57,65.33,70.38,14062942,0
SNAP.US,D,20210322,000000,68.58,73.87,65.64,71.72,12266139,0
SNAP.US,D,20210322,000000,72.43,73.69,65.43,66.96,13935917,0
SNAP.US,D,20210323,000000,67.59,73.66,67.02,71.36,7694741,0
SNAP.US,D,20210324,000000,70.29,76.98,68.59,76.30,14046457,0
SNAP.US,D,20210325,000000,76.42,76.82,73.31,74.39,5746385,0
SNAP.US,D,20210326,000000,71.74,74.77,70.49,74.20,12844471,0
SNAP.US,D,20210329,000000,73.88,77.76,73.07,76.92,6840979,0
SNAP.US,D,20210329,000000,77.35,80.06,76.93,79.97,7818641,0
SNAP.US,D,20210329,000000,82.40,83.87,76.41,77.10,12599651,0
SNAP.US,D,20210330,000000,77.33,79.56,76.97,78.91,14760224,0
SNAP.US,D,20210331,000000,78.72,79.46,69.92,71.40,14786188,0
SNAP.US,D,20210401,000000,70.75,72.96,70.69,71.71,7492256,0
SNAP.US,D,20210402,000000,71.57,71.67,71.32,71.41,14812463,0
SNAP.US,D,20210405,000000,71.84,76.04,70.80,74.65,6131501,0
SNAP.US,D,20210405,000000,73.68,76.12,72.99,75.24,8137388,0
SNAP.US,D,20210405,000000,76.11,76.43,74.24,74.94,6506684,0
SNAP.US,D,20210406,000000,75.61,82.10,74.39,80.15,13189339,0
SNAP.US,D,20210407,000000,79.58,83.79,79.01,83.55,14382068,0
SNAP.US,D,20210408,000000,82.29,82.71,80.61,80.89,9498580,0
SNAP.US,D,20210409,000000,81.38,92.56,79.26,88.87,13853889,0
SNAP.US,D,20210412,000000,88.42,89.38,87.85,89.26,11919609,0
SNAP.US,D,20210412,000000,88.04,88.43,78.41,79.07,6814693,0
SNAP.US,D,20210412,000000,80.85,81.79,78.33,79.90,6492497,0
SNAP.US,D,20210413,000000,78.88,79.52,78.56,79.28,12057220,0
SNAP.US,D,20210414,000000,77.44,84.89,76.55,83.77,8460014,0
SNAP.US,D,20210415,000000,86.47,88.21,75.99,77.04,14680939,0
SNAP.US,D,20210416,000000,77.83,78.92,72.92,73.86,7380469,0
SNAP.US,D,20210419,000000,73.40,81.41,72.44,79.99,9078099,0
SNAP.US,D,20210419,000000,78.70,86.31,78.61,82.87,14355308,0
SNAP.US,D,20210419,000000,81.99,83.13,81.78,82.56,9569076,0
SNAP.US,D,20210420,000000,83.27,84.36,75.83,77.04,8362936,0
SNAP.US,D,20210421,000000,75.70,76.33,68.70,70.09,7351479,0
SNAP.US,D,20210422,000000,69.87,71.81,63.35,64.20,12654558,0
SNAP.US,D,20210423,000000,63.95,63.98,60.84,62.18,12521812,0
SNAP.US,D,20210426,000000,61.71,62.90,56.02,56.97,6739903,0
SNAP.US,D,20210426,000000,55.89,62.02,54.00,60.60,10387027,0
SNAP.US,D,20210426,000000,60.99,64.05,60.36,62.53,8510090,0
SNAP.US,D,20210427,000000,61.54,61.71,58.82,59.39,12788779,0
SNAP.US,D,20210428,000000,58.63,62.68,58.38,61.54,12859541,0
SNAP.US,D,20210429,000000,61.59,63.18,61.23,62.83,7561991,0
SNAP.US,D,20210430,000000,62.12,62.91,60.50,61.32,5312052,0
SNAP.US,D,20210503,000000,61.99,71.33,61.13,69.00,8294305,0
SNAP.US,D,20210503,000000,66.89,72.51,63.98,71.84,5451526,0
SNAP.US,D,20210503,000000,71.63,72.84,71.57,72.66,6747269,0
SNAP.US,D,20210504,000000,72.72,73.45,70.04,70.23,13285169,0
SNAP.US,D,20210505,000000,70.31,74.84,70.17,73.32,11411711,0
SNAP.US,D,20210506,000000,72.99,73.52,71.24,71.51,11425736,0
SNAP.US,D,20210507,000000,70.51,77.69,69.69,76.26,11236851,0
SNAP.US,D,20210510,000000,78.03,78.59,77.22,77.67,6197208,0
SNAP.US,D,20210510,000000,77.73,81.40,77.31,80.72,6313185,0
SNAP.US,D,20210510,000000,81.31,84.06,75.81,76.98,5039218,0
SNAP.US,D,20210511,000000,77.80,78.18,76.80,77.07,12922335,0
SNAP.US,D,20210512,000000,76.15,80.96,75.23,80.86,8470634,0
SNAP.US,D,20210513,000000,82.59,85.13,82.49,84.90,9505693,0
SNAP.US,D,20210514,000000,85.89,87.12,79.60,80.96,14940293,0
SNAP.US,D,20210517,000000,81.22,82.49,80.84,81.66,14151398,0
SNAP.US,D,20210517,000000,82.99,83.12,80.75,81.03,12726998,0
SNAP.US,D,20210517,000000,79.70,79.86,77.99,78.01,12026326,0
SNAP.US,D,20210518,000000,76.34,85.67,75.62,82.07,9936562,0
SNAP.US,D,20210519,000000,82.26,82.83,79.86,80.25,10300107,0
SNAP.US,D,20210520,000000,79.63,81.29,78.25,78.72,9926568,0
SNAP.US,D,20210521,000000,78.47,78.73,78.11,78.17,12407482,0
SNAP.US,D,20210524,000000,76.90,79.04,76.35,78.68,13673678,0
SNAP.US,D,20210524,000000,79.66,80.07,79.16,79.80,5100073,0
SNAP.US,D,20210524,000000,80.96,81.12,79.44,79.69,10812981,0
SNAP.US,D,20210525,000000,79.16,79.61,79.14,79.44,13989708,0
SNAP.US,D,20210526,000000,78.87,79.56,74.79,76.21,8276607,0
SNAP.US,D,20210527,000000,77.97,80.79,70.06,70.54,10436216,0
SNAP.US,D,20210528,000000,71.36,77.67,70.79,75.68,7358834,0
SNAP.US,D,20210531,000000,78.33,79.04,75.10,75.27,13503902,0
SNAP.US,D,20210531,000000,73.78,76.20,60.13,64.13,13786795,0
SNAP.US,D,20210531,000000,64.14,64.25,63.37,63.81,6400845,0
SNAP.US,D,20210601,000000,64.31,64.93,60.66,61.49,11289320,0
SNAP.US,D,20210602,000000,61.40,61.81,55.23,56.13,14862606,0
SNAP.US,D,20210603,000000,56.23,56.52,55.29,55.35,11664242,0
SNAP.US,D,20210604,000000,55.27,58.78,54.25,56.94,8255327,0
SNAP.US,D,20210607,000000,57.02,57.24,54.02,55.12,10325710,0
SNAP.US,D,20210607,000000,55.74,56.23,55.66,56.14,14066509,0
SNAP.US,D,20210607,000000,56.96,58.00,50.90,52.66,11700983,0
SNAP.US,D,20210608,000000,53.02,53.71,49.11,49.91,5519086,0
SNAP.US,D,20210609,000000,49.22,50.73,48.74,50.29,13258767,0
SNAP.US,D,20210610,000000,49.89,49.93,48.93,49.74,14218226,0
SNAP.US,D,20210611,000000,51.25,51.78,39.17,44.94,8129327,0
SNAP.US,D,20210614,000000,46.86,47.02,45.15,45.73,8046667,0
SNAP.US,D,20210614,000000,46.68,47.88,41.36,41.61,14752774,0
SNAP.US,D,20210614,000000,41.75,42.18,41.71,41.85,7046979,0
SNAP.US,D,20210615,000000,43.43,44.46,43.42,43.66,8436948,0
SNAP.US,D,20210616,000000,43.24,43.47,41.13,41.68,10851730,0
SNAP.US,D,20210617,000000,42.26,42.97,40.20,41.34,6640780,0
SNAP.US,D,20210618,000000,40.70,40.70,39.13,39.53,8462703,0
SNAP.US,D,20210621,000000,39.98,43.52,38.01,43.52,7624372,0
SNAP.US,D,20210621,000000,42.85,43.94,42.79,43.85,10353465,0
SNAP.US,D,20210621,000000,43.47,45.79,42.75,45.34,10010495,0
SNAP.US,D,20210622,000000,46.04,47.34,40.18,42.13,7366442,0
SNAP.US,D,20210623,000000,40.78,41.01,40.75,40.89,8273193,0
SNAP.US,D,20210624,000000,41.02,41.95,40.97,41.55,12378750,0
SNAP.US,D,20210625,000000,41.80,42.38,40.69,40.89,9133053,0
SNAP.US,D,20210628,000000,40.46,42.83,39.91,42.67,5551187,0
SNAP.US,D,20210628,000000,42.81,45.10,42.68,44.85,8972594,0
SNAP.US,D,20210628,000000,45.38,46.30,41.39,41.43,12918885,0
SNAP.US,D,20210629,000000,41.52,45.02,40.92,44.48,14301772,0
SNAP.US,D,20210630,000000,44.73,45.03,43.59,43.64,6569478,0
SNAP.US,D,20210701,000000,43.70,43.77,43.34,43.44,6894648,0
SNAP.US,D,20210702,000000,43.31,43.80,41.32,41.83,8222646,0
SNAP.US,D,20210705,000000,41.26,41.46,37.71,37.94,10199873,0
SNAP.US,D,20210705,000000,38.86,39.56,37.91,38.13,9134491,0
SNAP.US,D,20210705,000000,37.99,39.66,37.98,39.14,13340781,0
SNAP.US,D,20210706,000000,39.15,40.45,38.94,40.03,8141476,0
SNAP.US,D,20210707,000000,39.78,45.16,38.69,43.60,10191068,0
SNAP.US,D,20210708,000000,43.25,43.48,40.54,41.55,7352530,0
SNAP.US,D,20210709,000000,42.02,44.53,41.49,43.99,8218754,0
SNAP.US,D,20210712,000000,44.43,47.45,43.86,46.90,12145651,0
SNAP.US,D,20210712,000000,47.60,47.62,45.96,46.72,5125323,0
SNAP.US,D,20210712,000000,45.40,45.42,44.53,44.67,10645416,0
SNAP.US,D,20210713,000000,45.12,45.33,40.76,41.52,6834186,0
SNAP.US,D,20210714,000000,41.34,42.44,36.34,36.45,12156080,0
SNAP.US,D,20210715,000000,36.47,37.37,36.36,37.01,8930118,0
SNAP.US,D,20210716,000000,36.80,36.99,35.00,35.15,14806525,0
SNAP.US,D,20210719,000000,34.88,35.63,34.78,35.47,13079344,0
SNAP.US,D,20210719,000000,35.94,39.08,34.86,38.63,7768537,0
SNAP.US,D,20210719,000000,37.91,38.13,37.69,38.01,10256271,0
SNAP.US,D,20210720,000000,38.48,38.69,36.72,37.61,9949963,0
SNAP.US,D,20210721,000000,37.23,38.79,36.88,38.17,7684292,0
SNAP.US,D,20210722,000000,38.52,38.60,37.33,37.55,6130197,0
SNAP.US,D,20210723,000000,37.28,38.70,37.25,38.34,13161571,0
SNAP.US,D,20210726,000000,38.81,38.84,38.75,38.79,8608957,0
SNAP.US,D,20210726,000000,39.06,39.06,37.17,37.52,12704882,0
SNAP.US,D,20210726,000000,37.64,40.78,36.48,39.36,9521832,0
SNAP.US,D,20210727,000000,39.30,39.67,34.33,36.83,9875428,0
SNAP.US,D,20210728,000000,37.50,38.00,36.38,36.69,12793644,0
SNAP.US,D,20210729,000000,36.62,37.69,36.27,37.47,7358669,0
SNAP.US,D,20210730,000000,36.63,40.09,36.58,39.24,13280558,0
SNAP.US,D,20210802,000000,39.13,39.34,39.13,39.31,14956425,0
SNAP.US,D,20210802,000000,39.09,40.89,39.01,40.68,5651144,0
SNAP.US,D,20210802,000000,41.00,41.17,38.05,38.95,11096333,0
SNAP.US,D,20210803,000000,38.74,40.46,38.72,39.96,14124297,0
SNAP.US,D,20210804,000000,38.87,45.41,37.68,42.63,11058902,0
SNAP.US,D,20210805,000000,43.54,43.60,38.96,40.55,9874753,0
SNAP.US,D,20210806,000000,40.10,40.87,37.56,38.58,7412742,0
SNAP.US,D,20210809,000000,38.10,40.71,37.69,40.62,9453722,0
SNAP.US,D,20210809,000000,40.36,40.36,40.31,40.33,7517149,0
SNAP.US,D,20210809,000000,40.07,40.87,39.88,40.74,14869673,0
SNAP.US,D,20210810,000000,41.21,41.43,38.69,39.46,6481559,0
SNAP.US,D,20210811,000000,39.85,40.22,38.14,38.20,8236672,0
SNAP.US,D,20210812,000000,37.87,39.17,37.77,39.05,9863322,0
SNAP.US,D,20210813,000000,39.08,39.99,38.68,39.58,8808032,0
SNAP.US,D,20210816,000000,40.02,41.48,39.63,41.12,7558768,0
SNAP.US,D,20210816,000000,41.23,42.20,41.16,41.76,14077002,0
SNAP.US,D,20210816,000000,42.70,43.11,41.44,41.56,7191798,0
SNAP.US,D,20210817,000000,41.52,42.28,41.27,41.93,7081270,0
SNAP.US,D,20210818,000000,41.54,41.61,41.38,41.45,9919033,0
SNAP.US,D,20210819,000000,41.65,41.82,41.65,41.69,10834641,0
SNAP.US,D,20210820,000000,41.87,42.53,35.88,37.56,8343640,0
SNAP.US,D,20210823,000000,37.32,38.45,37.21,37.80,6133633,0
SNAP.US,D,20210823,000000,37.94,41.37,37.35,41.29,12527586,0
SNAP.US,D,20210823,000000,40.36,41.79,40.15,41.60,12247504,0
SNAP.US,D,20210824,000000,41.21,41.99,40.45,40.70,8057599,0
SNAP.US,D,20210825,000000,40.13,40.99,39.82,40.33,14382121,0
SNAP.US,D,20210826,000000,40.51,40.57,40.09,40.51,9187119,0
SNAP.US,D,20210827,000000,40.09,43.24,39.46,42.85,13885774,0
SNAP.US,D,20210830,000000,42.54,44.01,42.47,43.71,10018940,0
SNAP.US,D,20210830,000000,43.66,43.81,43.28,43.47,9218651,0
SNAP.US,D,20210830,000000,43.54,45.68,43.45,44.77,11236062,0
SNAP.US,D,20210831,000000,44.24,45.92,43.78,45.35,7958016,0
SNAP.US,D,20210901,000000,46.73,47.26,46.58,47.17,5089134,0
SNAP.US,D,20210902,000000,46.65,48.91,46.00,48.68,7966635,0
SNAP.US,D,20210903,000000,48.83,49.19,48.52,49.07,12249207,0
SNAP.US,D,20210906,000000,50.04,51.01,49.95,50.88,11540384,0
SNAP.US,D,20210906,000000,51.91,52.64,48.90,49.02,7763045,0
SNAP.US,D,20210906,000000,48.54,48.56,44.41,46.03,13201730,0
SNAP.US,D,20210907,000000,46.24,46.76,42.98,43.59,6552846,0
SNAP.US,D,20210908,000000,43.96,44.43,41.80,43.08,13601714,0
SNAP.US,D,20210909,000000,43.49,43.60,42.19,42.55,10605339,0
SNAP.US,D,20210910,000000,42.33,43.56,42.19,43.25,11321337,0
SNAP.US,D,20210913,000000,43.04,43.17,41.24,41.53,5328586,0
SNAP.US,D,20210913,000000,41.54,41.78,39.66,40.24,7176597,0
SNAP.US,D,20210913,000000,39.82,39.84,38.65,39.18,7713229,0
SNAP.US,D,20210914,000000,39.49,39.61,38.80,38.80,11340643,0
SNAP.US,D,20210915,000000,38.75,39.58,38.60,39.27,8553736,0
SNAP.US,D,20210916,000000,39.55,39.71,38.88,39.07,10079384,0
SNAP.US,D,20210917,000000,39.50,40.47,39.27,40.20,9697339,0
SNAP.US,D,20210920,000000,40.32,42.12,39.92,41.53,11138845,0
SNAP.US,D,20210920,000000,41.09,41.80,40.92,41.60,9424927,0
SNAP.US,D,20210920,000000,40.97,43.54,40.80,43.34,5477769,0
SNAP.US,D,20210921,000000,43.26,44.53,42.53,44.33,5715214,0
SNAP.US,D,20210922,000000,44.33,44.72,44.29,44.61,11625148,0
SNAP.US,D,20210923,000000,44.51,44.61,43.93,44.44,8239083,0
SNAP.US,D,20210924,000000,43.25,44.77,42.76,44.51,5999292,0
SNAP.US,D,20210927,000000,44.59,45.27,40.12,42.71,10257146,0
SNAP.US,D,20210927,000000,43.42,43.91,42.47,42.63,10089707,0
SNAP.US,D,20210927,000000,42.88,42.92,42.45,42.57,5211566,0
SNAP.US,D,20210928,000000,42.06,42.78,41.91,42.48,12812451,0
SNAP.US,D,20210929,000000,42.64,44.47,42.10,44.04,14273291,0
SNAP.US,D,20210930,000000,44.41,45.05,43.11,43.27,9005682,0
SNAP.US,D,20211001,000000,43.32,44.24,43.24,43.97,9000556,0
SNAP.US,D,20211004,000000,44.53,44.92,43.02,43.16,8285950,0
SNAP.US,D,20211004,000000,43.94,44.09,42.92,43.17,11788608,0
SNAP.US,D,20211004,000000,43.50,44.33,43.28,44.32,11251162,0
SNAP.US,D,20211005,000000,44.12,47.05,43.91,45.64,9119304,0
SNAP.US,D,20211006,000000,45.13,48.13,45.03,47.51,14982091,0
SNAP.US,D,20211007,000000,47.42,48.52,47.29,48.02,8457005,0
SNAP.US,D,20211008,000000,48.95,51.87,48.68,50.46,5006383,0
SNAP.US,D,20211011,000000,50.29,50.79,47.43,49.09,5984629,0
SNAP.US,D,20211011,000000,48.31,49.93,48.11,49.48,5069922,0
SNAP.US,D,20211011,000000,50.02,50.69,47.09,47.88,8598654,0
SNAP.US,D,20211012,000000,48.14,48.35,46.42,46.98,11394179,0
SNAP.US,D,20211013,000000,47.83,48.01,46.49,46.70,6982669,0
SNAP.US,D,20211014,000000,46.87,50.25,46.71,49.74,10603520,0
SNAP.US,D,20211015,000000,49.78,53.05,49.70,51.39,5936734,0
SNAP.US,D,20211018,000000,50.46,51.20,49.34,49.83,11770679,0
SNAP.US,D,20211018,000000,49.70,50.26,49.57,50.19,12572797,0
SNAP.US,D,20211018,000000,50.01,50.59,49.77,50.14,13819885,0
SNAP.US,D,20211019,000000,50.18,50.69,50.16,50.63,9379890,0
SNAP.US,D,20211020,000000,50.68,53.25,49.16,53.03,5575264,0
SNAP.US,D,20211021,000000,53.66,53.70,52.06,52.13,8334570,0
SNAP.US,D,20211022,000000,51.74,52.34,51.72,51.90,5069324,0
SNAP.US,D,20211025,000000,52.20,54.69,52.06,54.10,9885880,0
SNAP.US,D,20211025,000000,53.89,54.09,52.28,52.50,11194007,0
SNAP.US,D,20211025,000000,52.94,54.87,52.66,54.16,13730970,0
SNAP.US,D,20211026,000000,53.84,57.00,53.50,56.64,14044008,0
SNAP.US,D,20211027,000000,57.70,58.01,52.37,54.43,7970059,0
SNAP.US,D,20211028,000000,54.54,55.04,53.10,53.98,6945881,0
SNAP.US,D,20211029,000000,54.35,56.86,54.29,56.47,6614653,0
SNAP.US,D,20211101,000000,57.12,57.23,52.82,54.98,7884194,0
SNAP.US,D,20211101,000000,55.24,55.94,55.23,55.52,13044697,0
SNAP.US,D,20211101,000000,56.00,57.16,52.01,53.06,6604588,0
SNAP.US,D,20211102,000000,53.51,53.94,51.68,52.12,8794525,0
SNAP.US,D,20211103,000000,52.39,52.74,51.03,51.40,6268523,0
SNAP.US,D,20211104,000000,51.05,52.16,50.73,51.91,5826081,0
SNAP.US,D,20211105,000000,52.35,53.42,47.80,48.84,7473790,0
SNAP.US,D,20211108,000000,49.19,51.62,48.76,51.32,9034632,0
SNAP.US,D,20211108,000000,50.49,54.35,50.47,53.84,10399830,0
SNAP.US,D,20211108,000000,53.88,53.97,51.96,52.53,11857034,0
SNAP.US,D,20211109,000000,52.78,53.08,49.74,51.01,13572010,0
SNAP.US,D,20211110,000000,51.46,53.87,51.15,53.40,11334383,0
SNAP.US,D,20211111,000000,51.82,52.49,49.37,50.56,13668613,0
SNAP.US,D,20211112,000000,51.45,51.68,49.73,50.78,8917615,0
SNAP.US,D,20211115,000000,50.43,51.23,50.33,50.98,6953439,0
SNAP.US,D,20211115,000000,52.40,54.02,45.92,48.93,8761339,0
SNAP.US,D,20211115,000000,49.18,52.68,49.06,52.42,12355075,0
SNAP.US,D,20211116,000000,52.78,53.90,52.77,53.57,7164093,0
SNAP.US,D,20211117,000000,53.67,54.48,53.66,54.33,10002440,0
SNAP.US,D,20211118,000000,53.24,53.28,50.88,51.30,14324882,0
SNAP.US,D,20211119,000000,51.71,51.78,48.91,49.12,13845166,0
SNAP.US,D,20211122,000000,48.70,48.87,48.52,48.57,7095744,0
SNAP.US,D,20211122,000000,48.82,51.35,48.41,50.67,12503304,0
SNAP.US,D,20211122,000000,50.99,51.54,50.25,50.96,8896675,0
SNAP.US,D,20211123,000000,50.57,53.65,49.99,52.59,8631322,0
SNAP.US,D,20211124,000000,51.85,52.74,51.49,52.41,13349343,0
SNAP.US,D,20211125,000000,51.64,52.36,50.13,50.26,8202426,0
SNAP.US,D,20211126,000000,49.55,51.06,48.95,50.85,12082492,0
SNAP.US,D,20211129,000000,50.32,55.24,48.95,54.70,9601600,0
SNAP.US,D,20211129,000000,54.74,55.76,54.62,55.65,8328235,0
SNAP.US,D,20211129,000000,54.99,55.02,54.81,54.88,9538200,0
SNAP.US,D,20211130,000000,54.28,57.43,53.36,56.90,12616983,0
SNAP.US,D,20211201,000000,55.18,56.41,55.01,55.98,5072084,0
SNAP.US,D,20211202,000000,56.25,56.70,53.70,54.53,13312746,0
SNAP.US,D,20211203,000000,53.82,56.83,52.74,56.24,12307258,0
SNAP.US,D,20211206,000000,55.83,55.84,55.67,55.73,5000544,0
SNAP.US,D,20211206,000000,54.76,57.16,54.58,56.92,8433733,0
SNAP.US,D,20211206,000000,57.45,57.83,56.90,56.98,9385809,0
SNAP.US,D,20211207,000000,56.51,56.85,54.51,55.05,13931807,0
SNAP.US,D,20211208,000000,55.30,55.76,53.14,53.33,7797953,0
SNAP.US,D,20211209,000000,53.39,53.73,53.38,53.67,5686005,0
SNAP.US,D,20211210,000000,53.65,54.21,53.50,54.12,13475096,0
SNAP.US,D,20211213,000000,54.94,55.95,54.51,55.93,11941191,0
SNAP.US,D,20211213,000000,56.52,56.76,56.35,56.73,13012576,0
SNAP.US,D,20211213,000000,56.69,56.79,56.52,56.64,14124256,0
SNAP.US,D,20211214,000000,56.89,57.07,54.64,54.72,10682634,0
SNAP.US,D,20211215,000000,53.84,54.89,53.42,54.32,9700585,0
SNAP.US,D,20211216,000000,55.00,55.04,54.57,54.71,7351660,0
SNAP.US,D,20211217,000000,55.22,56.13,52.16,53.01,7873142,0
SNAP.US,D,20211220,000000,52.42,52.49,50.93,51.14,13858810,0
SNAP.US,D,20211220,000000,50.90,52.18,50.77,52.18,12495594,0
SNAP.US,D,20211220,000000,52.17,52.19,51.89,52.00,5324440,0
SNAP.US,D,20211221,000000,51.79,52.11,50.39,50.79,14213319,0
SNAP.US,D,20211222,000000,50.19,52.15,49.75,51.91,6149759,0
SNAP.US,D,20211223,000000,51.61,59.34,51.27,56.43,8566811,0
SNAP.US,D,20211224,000000,56.63,58.51,56.31,58.14,14787819,0
SNAP.US,D,20211227,000000,57.51,59.75,56.41,59.24,13447008,0
SNAP.US,D,20211227,000000,58.97,59.29,57.89,58.06,13001275,0
SNAP.US,D,20211227,000000,58.39,58.49,55.29,57.01,10676688,0
SNAP.US,D,20211228,000000,56.99,57.53,55.03,55.17,12925196,0
SNAP.US,D,20211229,000000,55.88,57.31,55.28,57.22,7502253,0
SNAP.US,D,20211230,000000,57.60,58.99,55.35,56.00,14560875,0
SNAP.US,D,20211231,000000,56.32,57.44,56.12,57.08,8877997,0
SNAP.US,D,20220103,000000,57.06,57.78,54.08,54.21,11467910,0
SNAP.US,D,20220103,000000,54.03,55.54,53.96,55.17,12343614,0
SNAP.US,D,20220103,000000,55.23,56.04,50.38,51.49,8893126,0
