<TICKER>,<PER>,<DATE>,<TIME>,<OPEN>,<HIGH>,<LOW>,<CLOSE>,<VOL>,<OPENINT>
SOFI.US,D,20180102,000000,8.05,8.69,7.95,8.48,10926311,0
SOFI.US,D,20180103,000000,8.53,8.63,8.48,8.62,11350114,0
SOFI.US,D,20180104,000000,8.52,8.76,8.50,8.65,15229556,0
SOFI.US,D,20180105,000000,8.74,9.08,8.63,8.93,8747216,0
SOFI.US,D,20180108,000000,8.81,8.82,8.35,8.52,9713704,0
SOFI.US,D,20180108,000000,8.49,8.53,8.36,8.44,16466374,0
SOFI.US,D,20180108,000000,8.41,8.51,8.05,8.12,12553847,0
SOFI.US,D,20180109,000000,8.17,8.20,7.99,8.03,7097654,0
SOFI.US,D,20180110,000000,8.18,8.24,8.10,8.13,8607994,0
SOFI.US,D,20180111,000000,8.13,8.17,7.96,7.99,7529889,0
SOFI.US,D,20180112,000000,7.98,8.02,7.73,7.85,12235593,0
SOFI.US,D,20180115,000000,7.93,8.00,7.75,7.77,6576613,0
SOFI.US,D,20180115,000000,7.77,7.77,7.74,7.75,6938708,0
SOFI.US,D,20180115,000000,7.70,7.70,7.28,7.31,15263005,0
SOFI.US,D,20180116,000000,7.28,7.31,7.20,7.21,11387443,0
SOFI.US,D,20180117,000000,7.16,7.21,7.16,7.19,15344181,0
SOFI.US,D,20180118,000000,7.20,7.27,7.08,7.09,7919070,0
SOFI.US,D,20180119,000000,7.03,7.34,7.03,7.21,10378438,0
SOFI.US,D,20180122,000000,7.20,7.20,7.01,7.05,14521278,0
SOFI.US,D,20180122,000000,7.06,7.34,6.98,7.31,7789650,0
SOFI.US,D,20180122,000000,7.38,7.41,7.02,7.12,7032715,0
SOFI.US,D,20180123,000000,7.18,7.22,7.18,7.20,9277877,0
SOFI.US,D,20180124,000000,7.18,7.24,7.16,7.23,6392708,0
SOFI.US,D,20180125,000000,7.25,7.28,7.08,7.14,8878317,0
SOFI.US,D,20180126,000000,7.16,7.25,7.11,7.19,8424330,0
SOFI.US,D,20180129,000000,7.21,7.38,6.84,6.97,10526087,0
SOFI.US,D,20180129,000000,6.98,7.25,6.97,7.16,12355710,0
SOFI.US,D,20180129,000000,7.13,7.26,7.11,7.23,17087734,0
SOFI.US,D,20180130,000000,7.11,7.31,7.05,7.29,16126214,0
SOFI.US,D,20180131,000000,7.30,7.63,7.28,7.43,16940873,0
SOFI.US,D,20180201,000000,7.44,7.44,7.21,7.28,8736562,0
SOFI.US,D,20180202,000000,7.33,7.38,7.30,7.36,16957971,0
SOFI.US,D,20180205,000000,7.36,7.37,7.12,7.15,15597357,0
SOFI.US,D,20180205,000000,7.21,7.23,7.16,7.17,7014365,0
SOFI.US,D,20180205,000000,7.17,7.20,6.89,6.93,17664129,0
SOFI.US,D,20180206,000000,6.91,7.08,6.90,7.03,12096317,0
SOFI.US,D,20180207,000000,6.95,7.26,6.94,7.15,10307258,0
SOFI.US,D,20180208,000000,7.18,7.23,7.12,7.15,6652800,0
SOFI.US,D,20180209,000000,7.19,7.25,6.82,6.93,13792716,0
SOFI.US,D,20180212,000000,6.85,7.16,6.84,7.10,17188476,0
SOFI.US,D,20180212,000000,7.16,7.52,7.14,7.42,12177072,0
SOFI.US,D,20180212,000000,7.33,7.34,7.11,7.19,15785788,0
SOFI.US,D,20180213,000000,7.19,7.34,6.81,6.89,8714789,0
SOFI.US,D,20180214,000000,6.86,7.44,6.83,7.30,12376330,0
SOFI.US,D,20180215,000000,7.33,8.00,7.28,7.91,9028187,0
SOFI.US,D,20180216,000000,7.92,7.99,7.79,7.82,13756675,0
SOFI.US,D,20180219,000000,7.75,7.93,7.74,7.89,15777620,0
SOFI.US,D,20180219,000000,7.84,7.87,7.50,7.63,9970723,0
SOFI.US,D,20180219,000000,7.61,7.92,7.56,7.85,13162923,0
SOFI.US,D,20180220,000000,7.80,7.83,7.73,7.74,13957254,0
SOFI.US,D,20180221,000000,7.73,7.74,7.59,7.61,15514878,0
SOFI.US,D,20180222,000000,7.67,7.67,7.48,7.49,8780279,0
SOFI.US,D,20180223,000000,7.54,8.08,7.41,8.06,8643199,0
SOFI.US,D,20180226,000000,8.04,8.05,7.68,7.79,10097953,0
SOFI.US,D,20180226,000000,7.85,7.88,7.55,7.70,10080870,0
SOFI.US,D,20180226,000000,7.73,7.74,7.62,7.71,9875829,0
SOFI.US,D,20180227,000000,7.60,7.64,7.30,7.35,6050528,0
SOFI.US,D,20180228,000000,7.39,7.65,7.26,7.62,6232720,0
SOFI.US,D,20180301,000000,7.62,7.66,7.37,7.42,11971405,0
SOFI.US,D,20180302,000000,7.39,7.41,7.39,7.39,7271089,0
SOFI.US,D,20180305,000000,7.30,7.31,7.15,7.16,10278782,0
SOFI.US,D,20180305,000000,7.07,7.34,7.00,7.27,13140279,0
SOFI.US,D,20180305,000000,7.18,7.19,7.07,7.11,9615642,0
SOFI.US,D,20180306,000000,7.12,7.15,6.91,6.99,11807147,0
SOFI.US,D,20180307,000000,7.01,7.21,6.99,7.18,14979180,0
SOFI.US,D,20180308,000000,7.07,7.31,7.04,7.24,13325826,0
SOFI.US,D,20180309,000000,7.29,7.34,7.00,7.01,8064980,0
SOFI.US,D,20180312,000000,7.02,7.04,6.96,7.00,17259423,0
SOFI.US,D,20180312,000000,6.99,7.33,6.87,7.24,11335958,0
SOFI.US,D,20180312,000000,7.15,7.15,7.02,7.04,15625624,0
SOFI.US,D,20180313,000000,7.09,7.13,6.74,6.85,15434804,0
SOFI.US,D,20180314,000000,6.86,7.12,6.80,7.09,7544909,0
SOFI.US,D,20180315,000000,7.11,7.19,7.10,7.18,7002996,0
SOFI.US,D,20180316,000000,7.11,7.28,7.06,7.26,9119870,0
SOFI.US,D,20180319,000000,7.22,7.39,7.15,7.38,14391654,0
SOFI.US,D,20180319,000000,7.36,7.37,7.32,7.33,15966837,0
SOFI.US,D,20180319,000000,7.27,7.94,7.27,7.73,10867011,0
SOFI.US,D,20180320,000000,7.62,7.86,7.54,7.74,17272740,0
SOFI.US,D,20180321,000000,7.88,7.94,7.35,7.54,6787532,0
SOFI.US,D,20180322,000000,7.73,7.76,7.35,7.47,9295893,0
SOFI.US,D,20180323,000000,7.50,7.59,7.43,7.44,12848414,0
SOFI.US,D,20180326,000000,7.40,7.44,6.84,7.01,6229780,0
SOFI.US,D,20180326,000000,6.98,7.06,6.96,7.05,8629559,0
SOFI.US,D,20180326,000000,7.03,7.08,7.03,7.08,9123139,0
SOFI.US,D,20180327,000000,7.00,7.22,6.97,7.22,17895388,0
SOFI.US,D,20180328,000000,7.30,7.44,7.27,7.42,11415908,0
SOFI.US,D,20180329,000000,7.37,7.46,7.04,7.05,15524453,0
SOFI.US,D,20180330,000000,7.03,7.06,7.03,7.06,9898101,0
SOFI.US,D,20180402,000000,7.00,7.20,7.00,7.12,13797032,0
SOFI.US,D,20180402,000000,7.13,7.14,7.13,7.14,12247546,0
SOFI.US,D,20180402,000000,7.15,7.17,7.04,7.08,16409562,0
SOFI.US,D,20180403,000000,7.09,7.12,7.05,7.08,14215411,0
SOFI.US,D,20180404,000000,7.13,7.30,7.12,7.25,11476909,0
SOFI.US,D,20180405,000000,7.18,7.76,7.09,7.69,13162577,0
SOFI.US,D,20180406,000000,7.63,7.68,7.48,7.54,8147120,0
SOFI.US,D,20180409,000000,7.57,7.67,7.33,7.36,16652222,0
SOFI.US,D,20180409,000000,7.37,7.38,7.36,7.36,13233987,0
SOFI.US,D,20180409,000000,7.41,7.57,7.41,7.54,17669997,0
SOFI.US,D,20180410,000000,7.66,7.69,7.31,7.34,8003183,0
SOFI.US,D,20180411,000000,7.22,7.31,6.88,6.97,6185880,0
SOFI.US,D,20180412,000000,6.96,7.02,6.93,7.00,14266905,0
SOFI.US,D,20180413,000000,7.09,7.12,6.99,7.01,14501634,0
SOFI.US,D,20180416,000000,7.09,7.27,7.09,7.25,15072394,0
SOFI.US,D,20180416,000000,7.19,7.61,7.14,7.52,6580890,0
SOFI.US,D,20180416,000000,7.54,8.04,7.51,7.93,17663666,0
SOFI.US,D,20180417,000000,7.85,7.85,7.80,7.82,9314129,0
SOFI.US,D,20180418,000000,7.91,8.30,7.89,8.28,10881362,0
SOFI.US,D,20180419,000000,8.36,8.47,7.76,7.91,14218682,0
SOFI.US,D,20180420,000000,8.00,8.00,7.92,7.96,6079040,0
SOFI.US,D,20180423,000000,8.04,8.04,8.01,8.01,6955442,0
SOFI.US,D,20180423,000000,8.05,8.07,7.96,7.98,11089678,0
SOFI.US,D,20180423,000000,7.97,8.21,7.93,8.08,8009175,0
SOFI.US,D,20180424,000000,8.01,8.09,7.79,7.82,9740526,0
SOFI.US,D,20180425,000000,7.91,7.93,7.73,7.80,16457756,0
SOFI.US,D,20180426,000000,7.85,7.86,7.68,7.70,7878983,0
SOFI.US,D,20180427,000000,7.64,7.94,7.58,7.93,12819713,0
SOFI.US,D,20180430,000000,7.93,8.31,7.88,8.30,14342768,0
SOFI.US,D,20180430,000000,8.30,8.75,8.05,8.68,15604068,0
SOFI.US,D,20180430,000000,8.59,8.80,8.56,8.77,9065266,0
SOFI.US,D,20180501,000000,8.82,9.08,8.79,9.01,15861483,0
SOFI.US,D,20180502,000000,9.02,9.46,8.97,9.26,16847294,0
SOFI.US,D,20180503,000000,9.19,9.33,8.78,8.84,12150901,0
SOFI.US,D,20180504,000000,8.96,8.96,8.83,8.86,7370442,0
SOFI.US,D,20180507,000000,8.79,8.80,8.68,8.68,13876785,0
SOFI.US,D,20180507,000000,8.69,8.71,8.33,8.45,6444300,0
SOFI.US,D,20180507,000000,8.56,8.58,8.48,8.49,11475675,0
SOFI.US,D,20180508,000000,8.45,8.48,8.41,8.42,17868955,0
SOFI.US,D,20180509,000000,8.39,8.50,8.11,8.18,12271222,0
SOFI.US,D,20180510,000000,8.39,8.50,8.11,8.15,9471675,0
SOFI.US,D,20180511,000000,8.29,8.34,7.96,8.03,6774360,0
SOFI.US,D,20180514,000000,7.99,8.31,7.97,8.23,15727530,0
SOFI.US,D,20180514,000000,8.31,8.31,8.24,8.27,9448808,0
SOFI.US,D,20180514,000000,8.22,8.49,8.12,8.45,13855213,0
SOFI.US,D,20180515,000000,8.42,8.68,8.35,8.59,12466622,0
SOFI.US,D,20180516,000000,8.56,8.66,8.51,8.62,16597123,0
SOFI.US,D,20180517,000000,8.59,8.70,8.59,8.67,8969190,0
SOFI.US,D,20180518,000000,8.65,8.69,8.19,8.34,7385897,0
SOFI.US,D,20180521,000000,8.42,8.46,7.82,8.14,7323634,0
SOFI.US,D,20180521,000000,8.14,8.18,7.50,7.72,16243588,0
SOFI.US,D,20180521,000000,7.57,8.00,7.52,7.84,15750712,0
SOFI.US,D,20180522,000000,7.84,7.95,7.53,7.61,9380621,0
SOFI.US,D,20180523,000000,7.55,7.57,7.38,7.40,12231225,0
SOFI.US,D,20180524,000000,7.30,7.64,7.28,7.60,9838223,0
SOFI.US,D,20180525,000000,7.62,7.78,7.17,7.29,8186398,0
SOFI.US,D,20180528,000000,7.32,7.90,7.14,7.69,9590182,0
SOFI.US,D,20180528,000000,7.83,7.84,7.51,7.62,13257302,0
SOFI.US,D,20180528,000000,7.76,7.81,7.73,7.81,14980454,0
SOFI.US,D,20180529,000000,7.70,7.86,7.18,7.21,11911482,0
SOFI.US,D,20180530,000000,7.15,7.23,6.96,6.98,12307588,0
SOFI.US,D,20180531,000000,7.01,7.37,6.42,6.46,14851328,0
SOFI.US,D,20180601,000000,6.26,6.99,6.19,6.78,6743925,0
SOFI.US,D,20180604,000000,6.72,7.54,6.69,7.32,16266890,0
SOFI.US,D,20180604,000000,7.30,7.42,6.64,6.80,7358192,0
SOFI.US,D,20180604,000000,6.75,7.03,6.65,6.96,6721142,0
SOFI.US,D,20180605,000000,6.90,6.90,6.57,6.72,16967691,0
SOFI.US,D,20180606,000000,6.79,6.87,6.36,6.47,15287803,0
SOFI.US,D,20180607,000000,6.29,6.44,6.27,6.37,17075199,0
SOFI.US,D,20180608,000000,6.30,6.32,6.28,6.29,7628582,0
SOFI.US,D,20180611,000000,6.21,6.85,6.21,6.69,11735162,0
SOFI.US,D,20180611,000000,6.77,6.79,6.57,6.65,13585431,0
SOFI.US,D,20180611,000000,6.60,6.65,6.36,6.48,8431538,0
SOFI.US,D,20180612,000000,6.47,6.72,6.45,6.60,10210258,0
SOFI.US,D,20180613,000000,6.74,6.76,6.33,6.43,8189296,0
SOFI.US,D,20180614,000000,6.53,6.54,6.20,6.39,16137971,0
SOFI.US,D,20180615,000000,6.49,6.57,5.89,6.06,8351090,0
SOFI.US,D,20180618,000000,6.23,6.82,6.19,6.56,6848959,0
SOFI.US,D,20180618,000000,6.55,6.79,6.46,6.63,9051638,0
SOFI.US,D,20180618,000000,6.37,6.87,6.31,6.83,14753349,0
SOFI.US,D,20180619,000000,6.95,7.16,6.86,7.11,6598819,0
SOFI.US,D,20180620,000000,7.11,7.83,6.72,7.60,10259276,0
SOFI.US,D,20180621,000000,7.33,7.49,7.32,7.36,9827357,0
SOFI.US,D,20180622,000000,7.19,7.34,7.13,7.29,13275175,0
SOFI.US,D,20180625,000000,7.26,7.40,7.23,7.36,12156914,0
SOFI.US,D,20180625,000000,7.23,7.43,7.18,7.38,13296486,0
SOFI.US,D,20180625,000000,7.34,7.41,7.24,7.26,8745933,0
SOFI.US,D,20180626,000000,7.13,7.14,6.89,6.93,10087255,0
SOFI.US,D,20180627,000000,6.93,7.43,6.88,7.22,6099983,0
SOFI.US,D,20180628,000000,7.20,7.31,6.43,6.50,11240041,0
SOFI.US,D,20180629,000000,6.59,6.64,6.48,6.51,11584269,0
SOFI.US,D,20180702,000000,6.56,6.57,6.28,6.32,12474547,0
SOFI.US,D,20180702,000000,6.39,6.47,6.38,6.41,9046544,0
SOFI.US,D,20180702,000000,6.44,7.17,6.23,7.07,14010485,0
SOFI.US,D,20180703,000000,6.99,7.23,6.94,7.22,6633245,0
SOFI.US,D,20180704,000000,7.34,7.39,7.32,7.36,15907768,0
SOFI.US,D,20180705,000000,7.16,7.68,7.12,7.48,14434966,0
SOFI.US,D,20180706,000000,7.31,7.93,7.13,7.85,16313962,0
SOFI.US,D,20180709,000000,7.88,8.00,7.50,7.59,9534603,0
SOFI.US,D,20180709,000000,7.56,7.62,7.56,7.62,10311065,0
SOFI.US,D,20180709,000000,7.46,7.84,7.39,7.74,10571754,0
SOFI.US,D,20180710,000000,7.90,7.96,7.38,7.58,13044938,0
SOFI.US,D,20180711,000000,7.55,7.56,6.91,7.07,14458588,0
SOFI.US,D,20180712,000000,7.12,7.99,7.10,7.81,12297459,0
SOFI.US,D,20180713,000000,7.83,7.98,7.37,7.58,6474288,0
SOFI.US,D,20180716,000000,7.35,7.61,7.23,7.47,16583569,0
SOFI.US,D,20180716,000000,7.71,8.06,6.26,6.73,15864859,0
SOFI.US,D,20180716,000000,6.73,7.46,6.52,7.45,9836469,0
SOFI.US,D,20180717,000000,7.48,8.05,7.45,7.85,14478057,0
SOFI.US,D,20180718,000000,8.23,8.39,7.02,7.35,9856542,0
SOFI.US,D,20180719,000000,7.39,7.50,6.80,6.97,13144596,0
SOFI.US,D,20180720,000000,6.95,6.99,6.60,6.62,14553330,0
SOFI.US,D,20180723,000000,6.69,6.74,6.27,6.27,13985801,0
SOFI.US,D,20180723,000000,6.18,6.34,5.95,6.05,16251482,0
SOFI.US,D,20180723,000000,6.13,6.79,6.11,6.47,11617143,0
SOFI.US,D,20180724,000000,6.47,6.58,5.80,5.81,8628772,0
SOFI.US,D,20180725,000000,5.92,6.65,5.68,6.44,6007234,0
SOFI.US,D,20180726,000000,6.45,7.08,6.37,7.04,17494947,0
SOFI.US,D,20180727,000000,7.30,7.34,7.26,7.31,10150353,0
SOFI.US,D,20180730,000000,7.27,7.42,7.09,7.34,13976077,0
SOFI.US,D,20180730,000000,7.34,7.44,7.27,7.29,11146207,0
SOFI.US,D,20180730,000000,7.19,7.36,7.02,7.03,13475710,0
SOFI.US,D,20180731,000000,6.92,6.95,6.71,6.73,8050418,0
SOFI.US,D,20180801,000000,6.77,6.88,6.77,6.82,14741452,0
SOFI.US,D,20180802,000000,6.84,7.32,6.74,7.07,8067321,0
SOFI.US,D,20180803,000000,7.01,7.16,7.01,7.10,12439155,0
SOFI.US,D,20180806,000000,7.30,7.80,7.12,7.68,11212945,0
SOFI.US,D,20180806,000000,7.54,7.73,6.44,6.72,16422738,0
SOFI.US,D,20180806,000000,6.68,7.26,6.58,7.20,9670629,0
SOFI.US,D,20180807,000000,7.05,7.08,7.02,7.06,8766615,0
SOFI.US,D,20180808,000000,7.23,7.61,7.19,7.28,10011261,0
SOFI.US,D,20180809,000000,7.14,7.20,6.79,6.90,14396984,0
SOFI.US,D,20180810,000000,6.81,7.29,6.74,7.19,6374294,0
SOFI.US,D,20180813,000000,7.36,7.40,7.17,7.22,7318460,0
SOFI.US,D,20180813,000000,7.14,7.39,7.08,7.28,15182248,0
SOFI.US,D,20180813,000000,7.44,7.77,7.43,7.62,6935085,0
SOFI.US,D,20180814,000000,7.60,7.66,7.36,7.47,8495982,0
SOFI.US,D,20180815,000000,7.71,8.26,7.60,8.05,9605382,0
SOFI.US,D,20180816,000000,7.98,8.01,7.36,7.45,16694228,0
SOFI.US,D,20180817,000000,7.51,7.78,6.98,7.14,12148454,0
SOFI.US,D,20180820,000000,7.17,7.19,7.04,7.06,14069937,0
SOFI.US,D,20180820,000000,7.18,7.42,6.37,6.56,7379214,0
SOFI.US,D,20180820,000000,6.75,7.07,6.16,6.22,11728040,0
SOFI.US,D,20180821,000000,6.11,6.67,5.93,6.55,7137917,0
SOFI.US,D,20180822,000000,6.68,6.83,5.81,6.08,7063475,0
SOFI.US,D,20180823,000000,6.15,6.16,5.96,6.00,16192384,0
SOFI.US,D,20180824,000000,6.06,6.07,5.42,5.63,7892338,0
SOFI.US,D,20180827,000000,5.64,5.64,5.61,5.62,16473973,0
SOFI.US,D,20180827,000000,5.60,6.00,5.57,5.91,15415880,0
SOFI.US,D,20180827,000000,5.92,6.49,5.86,6.34,16551158,0
SOFI.US,D,20180828,000000,6.12,6.62,6.02,6.43,9316221,0
SOFI.US,D,20180829,000000,6.60,7.60,6.29,7.54,10781757,0
SOFI.US,D,20180830,000000,7.66,8.43,5.82,6.21,6347943,0
SOFI.US,D,20180831,000000,6.41,6.44,6.12,6.22,9319242,0
SOFI.US,D,20180903,000000,6.10,6.10,5.94,5.96,6317967,0
SOFI.US,D,20180903,000000,5.79,6.42,5.69,6.24,15487676,0
SOFI.US,D,20180903,000000,6.26,6.28,6.25,6.28,10361464,0
SOFI.US,D,20180904,000000,6.37,6.39,6.27,6.37,16682180,0
SOFI.US,D,20180905,000000,6.38,6.49,5.04,5.24,11127798,0
SOFI.US,D,20180906,000000,5.26,5.95,5.06,5.80,12033441,0
SOFI.US,D,20180907,000000,5.99,6.21,5.11,5.25,13937323,0
SOFI.US,D,20180910,000000,5.18,5.19,5.17,5.19,13630390,0
SOFI.US,D,20180910,000000,5.15,5.43,5.15,5.34,10239755,0
SOFI.US,D,20180910,000000,5.33,5.34,4.47,4.73,7271808,0
SOFI.US,D,20180911,000000,4.54,4.93,4.29,4.81,6969936,0
SOFI.US,D,20180912,000000,4.84,5.02,4.84,5.00,17801853,0
SOFI.US,D,20180913,000000,5.23,6.13,5.22,5.99,12706720,0
SOFI.US,D,20180914,000000,5.79,7.46,5.61,6.79,14715624,0
SOFI.US,D,20180917,000000,7.05,7.21,6.64,6.64,9882695,0
SOFI.US,D,20180917,000000,6.68,6.92,5.56,5.90,10631725,0
SOFI.US,D,20180917,000000,5.87,6.79,5.75,6.50,10249385,0
SOFI.US,D,20180918,000000,6.51,6.60,5.66,6.04,11713963,0
SOFI.US,D,20180919,000000,5.88,6.42,5.85,6.26,15042692,0
SOFI.US,D,20180920,000000,6.40,6.63,4.94,5.28,8087270,0
SOFI.US,D,20180921,000000,5.42,5.44,5.32,5.35,10822280,0
SOFI.US,D,20180924,000000,5.25,5.34,4.33,4.83,8041849,0
SOFI.US,D,20180924,000000,4.71,4.85,4.68,4.83,10548426,0
SOFI.US,D,20180924,000000,5.18,5.29,4.75,4.84,17388965,0
SOFI.US,D,20180925,000000,5.03,5.07,4.77,4.77,17684903,0
SOFI.US,D,20180926,000000,4.60,4.93,4.59,4.81,10190540,0
SOFI.US,D,20180927,000000,4.77,4.80,4.73,4.77,15098291,0
SOFI.US,D,20180928,000000,4.71,4.78,4.36,4.39,15457226,0
SOFI.US,D,20181001,000000,4.31,4.38,3.57,3.67,14004217,0
SOFI.US,D,20181001,000000,3.69,3.71,3.54,3.55,14203354,0
SOFI.US,D,20181001,000000,3.56,3.58,3.48,3.55,12978176,0
SOFI.US,D,20181002,000000,3.57,4.02,3.52,3.84,6498352,0
SOFI.US,D,20181003,000000,3.93,3.93,3.72,3.74,15936180,0
SOFI.US,D,20181004,000000,3.75,4.20,3.70,4.18,11217021,0
SOFI.US,D,20181005,000000,4.05,4.07,3.21,3.55,17361906,0
SOFI.US,D,20181008,000000,3.51,3.78,3.42,3.62,16113444,0
SOFI.US,D,20181008,000000,3.70,3.74,3.31,3.44,16447287,0
SOFI.US,D,20181008,000000,3.55,3.93,3.44,3.87,16680931,0
SOFI.US,D,20181009,000000,3.82,3.90,3.70,3.73,12584592,0
SOFI.US,D,20181010,000000,3.75,3.75,3.70,3.70,7659701,0
SOFI.US,D,20181011,000000,3.78,3.87,3.15,3.33,12447891,0
SOFI.US,D,20181012,000000,3.36,3.75,3.34,3.69,8195706,0
SOFI.US,D,20181015,000000,3.68,3.72,3.55,3.61,13469734,0
SOFI.US,D,20181015,000000,3.63,4.00,3.59,3.96,11673411,0
SOFI.US,D,20181015,000000,3.88,4.18,3.81,4.13,14492336,0
SOFI.US,D,20181016,000000,4.17,4.21,3.85,3.94,8251306,0
SOFI.US,D,20181017,000000,3.79,3.80,3.55,3.65,6727590,0
SOFI.US,D,20181018,000000,3.51,3.95,3.34,3.82,14015321,0
SOFI.US,D,20181019,000000,3.94,3.95,3.30,3.54,13660159,0
SOFI.US,D,20181022,000000,3.53,3.53,3.48,3.51,10372433,0
SOFI.US,D,20181022,000000,3.56,3.62,3.55,3.57,11400296,0
SOFI.US,D,20181022,000000,3.57,3.73,3.55,3.62,9677558,0
SOFI.US,D,20181023,000000,3.56,3.86,2.97,3.15,13100980,0
SOFI.US,D,20181024,000000,3.07,3.45,2.98,3.40,16200635,0
SOFI.US,D,20181025,000000,3.55,3.68,3.55,3.64,12427202,0
SOFI.US,D,20181026,000000,3.69,3.71,3.18,3.37,10208926,0
SOFI.US,D,20181029,000000,3.51,3.77,3.44,3.73,12256082,0
SOFI.US,D,20181029,000000,3.74,4.16,3.65,4.03,17385606,0
SOFI.US,D,20181029,000000,3.99,4.02,3.56,3.61,8933477,0
SOFI.US,D,20181030,000000,3.55,3.74,3.53,3.68,10050281,0
SOFI.US,D,20181031,000000,3.66,3.88,3.61,3.86,12073384,0
SOFI.US,D,20181101,000000,3.83,4.11,3.69,4.00,7478846,0
SOFI.US,D,20181102,000000,4.11,4.24,3.77,3.84,9182255,0
SOFI.US,D,20181105,000000,3.85,4.14,3.67,4.09,6275781,0
SOFI.US,D,20181105,000000,4.16,4.20,4.14,4.15,15460696,0
SOFI.US,D,20181105,000000,4.18,4.20,4.13,4.15,7207931,0
SOFI.US,D,20181106,000000,4.20,4.22,4.13,4.15,9552387,0
SOFI.US,D,20181107,000000,4.11,4.16,3.88,3.90,8491868,0
SOFI.US,D,20181108,000000,3.92,4.10,3.87,4.05,11270906,0
SOFI.US,D,20181109,000000,4.07,4.27,4.03,4.25,13568342,0
SOFI.US,D,20181112,000000,4.30,4.33,4.20,4.24,13423860,0
SOFI.US,D,20181112,000000,4.31,4.36,4.31,4.33,14985619,0
SOFI.US,D,20181112,000000,4.44,4.45,4.41,4.42,10892097,0
SOFI.US,D,20181113,000000,4.34,4.37,4.17,4.19,13491223,0
SOFI.US,D,20181114,000000,4.16,4.18,4.15,4.16,11359722,0
SOFI.US,D,20181115,000000,4.21,4.26,3.66,3.84,11400778,0
SOFI.US,D,20181116,000000,3.96,4.08,3.66,3.74,14623002,0
SOFI.US,D,20181119,000000,3.66,4.10,3.56,4.08,14165163,0
SOFI.US,D,20181119,000000,4.07,4.23,4.05,4.22,13720461,0
SOFI.US,D,20181119,000000,4.21,4.24,4.19,4.23,11126163,0
SOFI.US,D,20181120,000000,4.14,4.21,3.72,3.96,15578619,0
SOFI.US,D,20181121,000000,4.01,4.33,3.98,4.26,15987872,0
SOFI.US,D,20181122,000000,4.21,4.28,3.98,4.04,12059654,0
SOFI.US,D,20181123,000000,4.12,4.13,3.99,4.02,13762983,0
SOFI.US,D,20181126,000000,4.03,4.04,3.46,3.59,17104918,0
SOFI.US,D,20181126,000000,3.60,3.63,3.58,3.62,14328989,0
SOFI.US,D,20181126,000000,3.56,3.68,3.55,3.67,16783665,0
SOFI.US,D,20181127,000000,3.56,3.57,3.38,3.48,17726789,0
SOFI.US,D,20181128,000000,3.48,4.27,3.47,4.00,15279752,0
SOFI.US,D,20181129,000000,3.96,3.99,3.72,3.76,12352911,0
SOFI.US,D,20181130,000000,3.69,3.81,3.66,3.77,8622524,0
SOFI.US,D,20181203,000000,3.79,3.81,3.67,3.75,8154683,0
SOFI.US,D,20181203,000000,3.75,3.80,3.61,3.67,8780978,0
SOFI.US,D,20181203,000000,3.59,3.74,3.55,3.67,14895371,0
SOFI.US,D,20181204,000000,3.69,3.72,3.42,3.44,11699703,0
SOFI.US,D,20181205,000000,3.43,3.57,3.40,3.56,13957406,0
SOFI.US,D,20181206,000000,3.55,3.73,3.53,3.67,11767586,0
SOFI.US,D,20181207,000000,3.72,3.73,3.41,3.50,10377374,0
SOFI.US,D,20181210,000000,3.48,3.66,3.44,3.57,16173782,0
SOFI.US,D,20181210,000000,3.65,3.66,3.60,3.64,17454468,0
SOFI.US,D,20181210,000000,3.68,3.88,3.60,3.76,16906968,0
SOFI.US,D,20181211,000000,3.72,3.78,3.70,3.74,13596119,0
SOFI.US,D,20181212,000000,3.80,3.83,3.79,3.79,7065091,0
SOFI.US,D,20181213,000000,3.56,4.16,3.51,3.97,16103398,0
SOFI.US,D,20181214,000000,4.00,4.05,3.98,4.04,11618337,0
SOFI.US,D,20181217,000000,4.09,4.11,3.88,3.90,15114844,0
SOFI.US,D,20181217,000000,3.90,4.30,3.85,4.25,17993894,0
SOFI.US,D,20181217,000000,4.14,4.25,4.12,4.20,7284259,0
SOFI.US,D,20181218,000000,4.25,4.33,3.88,3.95,8920729,0
SOFI.US,D,20181219,000000,3.96,3.96,3.95,3.95,8998060,0
SOFI.US,D,20181220,000000,3.94,4.22,3.92,4.13,11823179,0
SOFI.US,D,20181221,000000,4.12,4.42,4.09,4.38,9044271,0
SOFI.US,D,20181224,000000,4.39,5.12,4.24,5.03,11060477,0
SOFI.US,D,20181224,000000,4.92,5.01,4.61,4.61,17408888,0
SOFI.US,D,20181224,000000,4.57,4.74,4.57,4.69,15752176,0
SOFI.US,D,20181225,000000,4.61,4.72,4.22,4.33,14802279,0
SOFI.US,D,20181226,000000,4.25,4.44,4.25,4.39,13017024,0
SOFI.US,D,20181227,000000,4.47,4.47,4.41,4.42,16998685,0
SOFI.US,D,20181228,000000,4.43,4.45,4.36,4.37,8691381,0
SOFI.US,D,20181231,000000,4.47,4.49,4.24,4.28,11016661,0
SOFI.US,D,20181231,000000,4.19,4.21,4.19,4.20,9099724,0
SOFI.US,D,20181231,000000,4.13,4.17,3.77,3.85,12049303,0
SOFI.US,D,20190101,000000,3.92,3.99,3.90,3.96,10830497,0
SOFI.US,D,20190102,000000,3.81,3.82,3.80,3.80,13228218,0
SOFI.US,D,20190103,000000,3.67,3.68,3.47,3.52,11892806,0
SOFI.US,D,20190104,000000,3.48,3.72,3.42,3.70,6907013,0
SOFI.US,D,20190107,000000,3.73,3.99,3.69,3.92,14274977,0
SOFI.US,D,20190107,000000,4.00,4.38,3.97,4.24,7211412,0
SOFI.US,D,20190107,000000,4.35,4.36,3.99,4.11,7220353,0
SOFI.US,D,20190108,000000,4.16,4.21,3.77,3.83,11397383,0
SOFI.US,D,20190109,000000,3.82,4.00,3.76,3.96,17874759,0
SOFI.US,D,20190110,000000,3.96,3.97,3.95,3.95,12865400,0
SOFI.US,D,20190111,000000,3.91,4.10,3.88,4.06,6791016,0
SOFI.US,D,20190114,000000,4.08,4.11,3.97,4.02,13736359,0
SOFI.US,D,20190114,000000,4.04,4.10,3.88,3.91,9572852,0
SOFI.US,D,20190114,000000,3.97,4.00,3.57,3.63,9713812,0
SOFI.US,D,20190115,000000,3.65,3.68,3.58,3.62,8764851,0
SOFI.US,D,20190116,000000,3.77,3.82,3.50,3.60,10612670,0
SOFI.US,D,20190117,000000,3.52,3.56,3.27,3.32,9848843,0
SOFI.US,D,20190118,000000,3.26,3.63,3.20,3.58,12531557,0
SOFI.US,D,20190121,000000,3.65,3.68,3.60,3.66,16021721,0
SOFI.US,D,20190121,000000,3.76,3.78,3.45,3.53,11492314,0
SOFI.US,D,20190121,000000,3.51,3.65,3.47,3.57,16687332,0
SOFI.US,D,20190122,000000,3.51,3.52,3.31,3.35,7939403,0
SOFI.US,D,20190123,000000,3.25,3.28,2.94,3.00,11418202,0
SOFI.US,D,20190124,000000,3.01,3.04,2.96,2.97,8824740,0
SOFI.US,D,20190125,000000,2.97,3.21,2.96,3.17,10665895,0
SOFI.US,D,20190128,000000,3.19,3.29,3.14,3.28,7107718,0
SOFI.US,D,20190128,000000,3.30,3.30,3.26,3.28,12477833,0
SOFI.US,D,20190128,000000,3.38,3.43,3.30,3.31,15612088,0
SOFI.US,D,20190129,000000,3.39,3.39,3.24,3.26,14856423,0
SOFI.US,D,20190130,000000,3.32,3.37,3.30,3.37,16343460,0
SOFI.US,D,20190131,000000,3.37,3.38,3.21,3.24,9505406,0
SOFI.US,D,20190201,000000,3.29,3.35,3.02,3.08,11022036,0
SOFI.US,D,20190204,000000,3.06,3.47,3.06,3.44,15764847,0
SOFI.US,D,20190204,000000,3.44,3.53,3.41,3.52,6609747,0
SOFI.US,D,20190204,000000,3.62,3.64,3.62,3.64,6945271,0
SOFI.US,D,20190205,000000,3.63,3.71,3.24,3.35,15864333,0
SOFI.US,D,20190206,000000,3.35,3.36,3.28,3.29,6348339,0
SOFI.US,D,20190207,000000,3.45,3.49,3.28,3.28,17133880,0
SOFI.US,D,20190208,000000,3.23,3.24,2.99,3.12,12692459,0
SOFI.US,D,20190211,000000,3.16,3.17,3.16,3.17,6858858,0
SOFI.US,D,20190211,000000,3.21,3.26,3.20,3.25,17434212,0
SOFI.US,D,20190211,000000,3.31,3.38,3.22,3.30,12743021,0
SOFI.US,D,20190212,000000,3.33,3.36,3.11,3.19,11544770,0
SOFI.US,D,20190213,000000,3.11,3.30,3.08,3.15,11295406,0
SOFI.US,D,20190214,000000,3.15,3.15,2.97,3.00,6169619,0
SOFI.US,D,20190215,000000,3.06,3.36,3.00,3.29,10594724,0
SOFI.US,D,20190218,000000,3.31,3.39,2.87,3.00,10825243,0
SOFI.US,D,20190218,000000,3.09,3.12,2.77,2.87,15930519,0
SOFI.US,D,20190218,000000,2.93,2.95,2.80,2.82,15434817,0
SOFI.US,D,20190219,000000,2.83,3.17,2.81,3.06,15216020,0
SOFI.US,D,20190220,000000,3.03,3.05,2.98,2.99,15815791,0
SOFI.US,D,20190221,000000,2.95,3.10,2.93,3.10,11662965,0
SOFI.US,D,20190222,000000,3.08,3.13,2.74,2.78,12623689,0
SOFI.US,D,20190225,000000,2.75,2.77,2.43,2.46,12482354,0
SOFI.US,D,20190225,000000,2.48,2.72,2.46,2.69,16874626,0
SOFI.US,D,20190225,000000,2.69,2.93,2.65,2.83,15447026,0
SOFI.US,D,20190226,000000,2.69,2.85,2.67,2.83,14111375,0
SOFI.US,D,20190227,000000,2.75,3.11,2.72,3.03,16885682,0
SOFI.US,D,20190228,000000,2.88,2.91,2.79,2.80,10326634,0
SOFI.US,D,20190301,000000,2.87,2.92,2.84,2.91,14373562,0
SOFI.US,D,20190304,000000,2.90,2.91,2.87,2.89,16961310,0
SOFI.US,D,20190304,000000,2.89,2.91,2.71,2.71,7064731,0
SOFI.US,D,20190304,000000,2.70,2.76,2.21,2.43,14378606,0
SOFI.US,D,20190305,000000,2.35,2.43,2.28,2.40,10317572,0
SOFI.US,D,20190306,000000,2.27,2.35,2.27,2.31,13089402,0
SOFI.US,D,20190307,000000,2.31,2.34,1.98,1.98,15080510,0
SOFI.US,D,20190308,000000,1.99,2.00,1.94,1.95,7018486,0
SOFI.US,D,20190311,000000,1.97,2.14,1.95,2.10,13623460,0
SOFI.US,D,20190311,000000,2.11,2.22,1.75,1.88,14655577,0
SOFI.US,D,20190311,000000,1.89,1.91,1.80,1.81,15294065,0
SOFI.US,D,20190312,000000,1.82,1.83,1.68,1.75,12629946,0
SOFI.US,D,20190313,000000,1.76,2.06,1.73,1.96,13394184,0
SOFI.US,D,20190314,000000,1.94,1.98,1.82,1.84,17921528,0
SOFI.US,D,20190315,000000,1.80,2.17,1.79,1.99,9150898,0
SOFI.US,D,20190318,000000,1.97,1.98,1.94,1.98,9321048,0
SOFI.US,D,20190318,000000,1.98,2.08,1.95,2.06,17613034,0
SOFI.US,D,20190318,000000,2.09,2.26,1.99,2.22,15025810,0
SOFI.US,D,20190319,000000,2.19,2.69,2.04,2.56,6875229,0
SOFI.US,D,20190320,000000,2.51,2.64,2.49,2.60,12100133,0
SOFI.US,D,20190321,000000,2.61,2.61,2.44,2.48,10548967,0
SOFI.US,D,20190322,000000,2.46,2.47,2.19,2.22,13468329,0
SOFI.US,D,20190325,000000,2.20,2.62,2.17,2.61,11035021,0
SOFI.US,D,20190325,000000,2.61,2.63,2.37,2.55,17728105,0
SOFI.US,D,20190325,000000,2.65,2.74,2.63,2.69,7644488,0
SOFI.US,D,20190326,000000,2.64,2.71,2.64,2.68,11780235,0
SOFI.US,D,20190327,000000,2.64,2.70,2.62,2.70,9479011,0
SOFI.US,D,20190328,000000,2.56,2.69,2.50,2.63,8618343,0
SOFI.US,D,20190329,000000,2.60,2.69,2.60,2.67,17478953,0
SOFI.US,D,20190401,000000,2.68,2.75,2.63,2.72,15154064,0
SOFI.US,D,20190401,000000,2.62,2.76,2.58,2.72,13914226,0
SOFI.US,D,20190401,000000,2.70,2.70,2.67,2.69,16330100,0
SOFI.US,D,20190402,000000,2.67,2.72,2.63,2.71,16442529,0
SOFI.US,D,20190403,000000,2.63,2.69,2.57,2.68,17624554,0
SOFI.US,D,20190404,000000,2.59,2.71,2.59,2.65,13974792,0
SOFI.US,D,20190405,000000,2.67,2.67,2.52,2.54,17133118,0
SOFI.US,D,20190408,000000,2.56,2.81,2.55,2.76,8643727,0
SOFI.US,D,20190408,000000,2.78,2.81,2.35,2.52,12700237,0
SOFI.US,D,20190408,000000,2.56,2.58,2.52,2.55,12618696,0
SOFI.US,D,20190409,000000,2.50,2.71,2.50,2.60,9480608,0
SOFI.US,D,20190410,000000,2.62,2.82,2.60,2.81,7496261,0
SOFI.US,D,20190411,000000,2.80,2.86,2.77,2.82,6289607,0
SOFI.US,D,20190412,000000,2.78,2.79,2.60,2.64,12289973,0
SOFI.US,D,20190415,000000,2.69,2.75,2.52,2.59,15337284,0
SOFI.US,D,20190415,000000,2.56,2.58,2.32,2.43,11686745,0
SOFI.US,D,20190415,000000,2.48,2.54,2.47,2.51,8047787,0
SOFI.US,D,20190416,000000,2.59,2.60,2.39,2.48,10117717,0
SOFI.US,D,20190417,000000,2.48,2.57,2.48,2.57,12246810,0
SOFI.US,D,20190418,000000,2.58,2.74,2.58,2.68,8304501,0
SOFI.US,D,20190419,000000,2.67,2.76,2.39,2.50,7707906,0
SOFI.US,D,20190422,000000,2.54,2.56,2.50,2.50,9208360,0
SOFI.US,D,20190422,000000,2.56,2.57,2.42,2.43,16335142,0
SOFI.US,D,20190422,000000,2.41,2.65,2.40,2.58,14876991,0
SOFI.US,D,20190423,000000,2.55,2.67,2.16,2.21,7197001,0
SOFI.US,D,20190424,000000,2.30,2.38,2.11,2.19,17475226,0
SOFI.US,D,20190425,000000,2.14,2.36,2.12,2.28,16750025,0
SOFI.US,D,20190426,000000,2.32,2.39,2.19,2.22,17366242,0
SOFI.US,D,20190429,000000,2.25,2.26,2.25,2.25,17375775,0
SOFI.US,D,20190429,000000,2.25,2.39,1.83,1.90,9111643,0
SOFI.US,D,20190429,000000,1.88,2.00,1.87,1.95,7351928,0
SOFI.US,D,20190430,000000,1.98,1.99,1.93,1.94,6720581,0
SOFI.US,D,20190501,000000,1.96,2.10,1.93,2.09,16038529,0
SOFI.US,D,20190502,000000,2.02,2.06,2.01,2.06,14270783,0
SOFI.US,D,20190503,000000,2.01,2.01,1.96,1.97,15835062,0
SOFI.US,D,20190506,000000,1.99,2.04,1.74,1.81,13748099,0
SOFI.US,D,20190506,000000,1.85,1.99,1.81,1.93,6136443,0
SOFI.US,D,20190506,000000,1.90,2.01,1.85,1.99,8576620,0
SOFI.US,D,20190507,000000,1.97,2.07,1.96,2.00,10551512,0
SOFI.US,D,20190508,000000,2.03,2.08,1.87,1.89,10500570,0
SOFI.US,D,20190509,000000,1.90,1.91,1.86,1.87,10552801,0
SOFI.US,D,20190510,000000,1.82,2.10,1.78,2.05,15476009,0
SOFI.US,D,20190513,000000,1.98,2.21,1.93,2.15,12099865,0
SOFI.US,D,20190513,000000,2.12,2.13,2.04,2.05,9287260,0
SOFI.US,D,20190513,000000,2.05,2.07,2.05,2.07,16318601,0
SOFI.US,D,20190514,000000,2.16,2.17,2.04,2.07,7070802,0
SOFI.US,D,20190515,000000,2.01,2.18,1.98,2.13,16497340,0
SOFI.US,D,20190516,000000,2.05,2.12,2.04,2.11,12100209,0
SOFI.US,D,20190517,000000,2.10,2.13,2.01,2.01,12713982,0
SOFI.US,D,20190520,000000,2.06,2.11,1.90,1.93,16496170,0
SOFI.US,D,20190520,000000,1.92,1.97,1.92,1.94,15241810,0
SOFI.US,D,20190520,000000,1.90,1.93,1.90,1.93,9975597,0
SOFI.US,D,20190521,000000,1.88,2.14,1.79,2.13,7604374,0
SOFI.US,D,20190522,000000,2.08,2.12,1.93,1.96,17444007,0
SOFI.US,D,20190523,000000,1.96,2.10,1.95,2.10,10798542,0
SOFI.US,D,20190524,000000,2.05,2.13,2.04,2.11,15609261,0
SOFI.US,D,20190527,000000,2.11,2.12,2.02,2.06,6316982,0
SOFI.US,D,20190527,000000,2.01,2.05,1.99,2.03,16724756,0
SOFI.US,D,20190527,000000,1.99,2.00,1.95,1.96,6973611,0
SOFI.US,D,20190528,000000,1.98,2.01,1.60,1.71,16816927,0
SOFI.US,D,20190529,000000,1.75,1.76,1.73,1.73,17921863,0
SOFI.US,D,20190530,000000,1.75,1.78,1.51,1.62,11069046,0
SOFI.US,D,20190531,000000,1.63,1.64,1.58,1.59,6635929,0
SOFI.US,D,20190603,000000,1.62,1.62,1.50,1.55,13887829,0
SOFI.US,D,20190603,000000,1.58,1.59,1.50,1.52,9203056,0
SOFI.US,D,20190603,000000,1.49,1.67,1.45,1.66,7188980,0
SOFI.US,D,20190604,000000,1.65,1.66,1.44,1.45,13715896,0
SOFI.US,D,20190605,000000,1.43,1.54,1.39,1.53,8362140,0
SOFI.US,D,20190606,000000,1.51,1.61,1.49,1.57,16713674,0
SOFI.US,D,20190607,000000,1.53,1.55,1.53,1.54,6534356,0
SOFI.US,D,20190610,000000,1.56,1.56,1.53,1.54,12376992,0
SOFI.US,D,20190610,000000,1.56,1.65,1.55,1.63,12877671,0
SOFI.US,D,20190610,000000,1.65,1.71,1.64,1.68,8171210,0
SOFI.US,D,20190611,000000,1.59,1.71,1.57,1.69,13548367,0
SOFI.US,D,20190612,000000,1.68,1.68,1.62,1.63,15027345,0
SOFI.US,D,20190613,000000,1.63,1.74,1.61,1.72,6958021,0
SOFI.US,D,20190614,000000,1.71,1.73,1.61,1.66,10992628,0
SOFI.US,D,20190617,000000,1.68,1.74,1.49,1.55,12248120,0
SOFI.US,D,20190617,000000,1.56,1.58,1.53,1.53,9490387,0
SOFI.US,D,20190617,000000,1.54,1.62,1.53,1.59,13911042,0
SOFI.US,D,20190618,000000,1.54,1.59,1.51,1.57,10458134,0
SOFI.US,D,20190619,000000,1.58,1.63,1.35,1.39,15020513,0
SOFI.US,D,20190620,000000,1.39,1.47,1.37,1.43,17999006,0
SOFI.US,D,20190621,000000,1.46,1.47,1.33,1.38,13222520,0
SOFI.US,D,20190624,000000,1.39,1.51,1.37,1.51,10847091,0
SOFI.US,D,20190624,000000,1.45,1.53,1.44,1.52,11014895,0
SOFI.US,D,20190624,000000,1.52,1.55,1.51,1.52,8584624,0
SOFI.US,D,20190625,000000,1.54,1.55,1.36,1.42,16927429,0
SOFI.US,D,20190626,000000,1.47,1.47,1.43,1.43,15773930,0
SOFI.US,D,20190627,000000,1.45,1.51,1.41,1.50,6953790,0
SOFI.US,D,20190628,000000,1.52,1.54,1.41,1.41,17528293,0
SOFI.US,D,20190701,000000,1.42,1.46,1.41,1.45,16978503,0
SOFI.US,D,20190701,000000,1.45,1.47,1.30,1.33,13535157,0
SOFI.US,D,20190701,000000,1.36,1.37,1.27,1.29,12487944,0
SOFI.US,D,20190702,000000,1.29,1.31,1.29,1.29,12105609,0
SOFI.US,D,20190703,000000,1.33,1.51,1.31,1.42,8956374,0
SOFI.US,D,20190704,000000,1.44,1.57,1.43,1.54,10460516,0
SOFI.US,D,20190705,000000,1.53,1.75,1.52,1.68,16430078,0
SOFI.US,D,20190708,000000,1.66,1.76,1.66,1.74,9268065,0
SOFI.US,D,20190708,000000,1.78,1.82,1.77,1.81,7999324,0
SOFI.US,D,20190708,000000,1.77,1.80,1.77,1.78,11584414,0
SOFI.US,D,20190709,000000,1.77,1.81,1.61,1.65,16078347,0
SOFI.US,D,20190710,000000,1.60,1.61,1.56,1.57,10049866,0
SOFI.US,D,20190711,000000,1.57,1.59,1.43,1.45,11780582,0
SOFI.US,D,20190712,000000,1.44,1.46,1.35,1.35,17346001,0
SOFI.US,D,20190715,000000,1.35,1.47,1.31,1.43,12894304,0
SOFI.US,D,20190715,000000,1.44,1.47,1.40,1.41,15964852,0
SOFI.US,D,20190715,000000,1.40,1.42,1.30,1.36,13941115,0
SOFI.US,D,20190716,000000,1.36,1.37,1.33,1.34,6964159,0
SOFI.US,D,20190717,000000,1.33,1.34,1.31,1.32,7583365,0
SOFI.US,D,20190718,000000,1.30,1.30,1.25,1.25,13781076,0
SOFI.US,D,20190719,000000,1.26,1.31,1.09,1.11,12070428,0
SOFI.US,D,20190722,000000,1.12,1.18,1.12,1.16,16105818,0
SOFI.US,D,20190722,000000,1.17,1.18,1.13,1.17,12408769,0
SOFI.US,D,20190722,000000,1.16,1.25,1.16,1.22,11359054,0
SOFI.US,D,20190723,000000,1.21,1.22,1.17,1.18,7686541,0
SOFI.US,D,20190724,000000,1.18,1.20,1.05,1.09,13599404,0
SOFI.US,D,20190725,000000,1.11,1.12,1.09,1.10,8781019,0
SOFI.US,D,20190726,000000,1.09,1.10,1.05,1.07,17750276,0
SOFI.US,D,20190729,000000,1.07,1.07,0.96,1.01,13210363,0
SOFI.US,D,20190729,000000,1.01,1.02,0.99,1.00,7294829,0
SOFI.US,D,20190729,000000,1.00,1.00,0.99,1.00,9900647,0
SOFI.US,D,20190730,000000,1.00,1.01,1.00,1.00,6270639,0
SOFI.US,D,20190731,000000,1.00,1.09,0.99,1.07,12053191,0
SOFI.US,D,20190801,000000,1.07,1.08,1.04,1.04,16775543,0
SOFI.US,D,20190802,000000,1.07,1.07,1.03,1.05,10292202,0
SOFI.US,D,20190805,000000,1.06,1.09,0.98,1.00,10486071,0
SOFI.US,D,20190805,000000,1.00,1.00,1.00,1.00,9038457,0
SOFI.US,D,20190805,000000,1.02,1.03,1.00,1.00,6480640,0
SOFI.US,D,20190806,000000,1.02,1.03,1.00,1.01,11395941,0
SOFI.US,D,20190807,000000,1.05,1.06,1.00,1.00,6762901,0
SOFI.US,D,20190808,000000,1.02,1.03,0.99,1.00,13708887,0
SOFI.US,D,20190809,000000,1.02,1.02,0.99,1.00,8755126,0
SOFI.US,D,20190812,000000,1.02,1.02,1.01,1.02,14936775,0
SOFI.US,D,20190812,000000,1.04,1.05,1.01,1.02,9937199,0
SOFI.US,D,20190812,000000,1.01,1.02,1.01,1.02,14289725,0
SOFI.US,D,20190813,000000,1.03,1.07,1.02,1.06,7968004,0
SOFI.US,D,20190814,000000,1.08,1.10,1.01,1.02,8154275,0
SOFI.US,D,20190815,000000,1.01,1.03,1.01,1.02,17367786,0
SOFI.US,D,20190816,000000,1.04,1.04,1.03,1.03,9197352,0
SOFI.US,D,20190819,000000,1.01,1.12,0.99,1.11,10261308,0
SOFI.US,D,20190819,000000,1.09,1.09,0.98,1.00,8671495,0
SOFI.US,D,20190819,000000,1.00,1.03,1.00,1.02,11002778,0
SOFI.US,D,20190820,000000,1.02,1.12,1.00,1.07,16592518,0
SOFI.US,D,20190821,000000,1.07,1.11,1.05,1.10,12009358,0
SOFI.US,D,20190822,000000,1.13,1.13,1.03,1.04,13183349,0
SOFI.US,D,20190823,000000,1.06,1.07,0.99,1.00,10785036,0
SOFI.US,D,20190826,000000,1.00,1.01,1.00,1.00,10115234,0
SOFI.US,D,20190826,000000,1.01,1.07,1.01,1.06,11280417,0
SOFI.US,D,20190826,000000,1.05,1.06,1.01,1.02,10807951,0
SOFI.US,D,20190827,000000,1.02,1.14,0.99,1.06,15632638,0
SOFI.US,D,20190828,000000,1.06,1.07,1.02,1.02,17091971,0
SOFI.US,D,20190829,000000,1.01,1.02,1.00,1.01,10678221,0
SOFI.US,D,20190830,000000,1.03,1.04,1.00,1.00,7429335,0
SOFI.US,D,20190902,000000,1.01,1.01,1.00,1.00,16022799,0
SOFI.US,D,20190902,000000,1.02,1.02,1.00,1.01,13581388,0
SOFI.US,D,20190902,000000,1.01,1.02,1.00,1.00,6915374,0
SOFI.US,D,20190903,000000,1.00,1.01,0.99,1.00,17440381,0
SOFI.US,D,20190904,000000,1.00,1.01,1.00,1.00,9339414,0
SOFI.US,D,20190905,000000,1.00,1.00,1.00,1.00,16690230,0
SOFI.US,D,20190906,000000,1.01,1.01,1.00,1.00,8078402,0
SOFI.US,D,20190909,000000,1.00,1.00,1.00,1.00,8160550,0
SOFI.US,D,20190909,000000,1.00,1.08,1.00,1.06,15470421,0
SOFI.US,D,20190909,000000,1.07,1.07,1.05,1.07,11696843,0
SOFI.US,D,20190910,000000,1.05,1.06,0.99,1.00,6077971,0
SOFI.US,D,20190911,000000,1.00,1.00,1.00,1.00,11977728,0
SOFI.US,D,20190912,000000,1.01,1.01,1.00,1.00,6122474,0
SOFI.US,D,20190913,000000,1.00,1.03,1.00,1.02,11664317,0
SOFI.US,D,20190916,000000,1.02,1.04,1.01,1.03,8684423,0
SOFI.US,D,20190916,000000,1.02,1.04,1.01,1.03,16421477,0
SOFI.US,D,20190916,000000,1.02,1.02,1.01,1.01,9830499,0
SOFI.US,D,20190917,000000,1.03,1.04,1.03,1.04,17670634,0
SOFI.US,D,20190918,000000,1.03,1.17,1.02,1.13,14737386,0
SOFI.US,D,20190919,000000,1.15,1.16,0.98,1.01,12621587,0
SOFI.US,D,20190920,000000,1.02,1.12,1.01,1.10,15044220,0
SOFI.US,D,20190923,000000,1.11,1.11,1.09,1.10,6643540,0
SOFI.US,D,20190923,000000,1.08,1.28,1.06,1.22,15020462,0
SOFI.US,D,20190923,000000,1.21,1.21,1.15,1.15,7596279,0
SOFI.US,D,20190924,000000,1.14,1.20,1.14,1.18,6670335,0
SOFI.US,D,20190925,000000,1.18,1.18,1.15,1.17,6976375,0
SOFI.US,D,20190926,000000,1.17,1.22,1.16,1.21,8074067,0
SOFI.US,D,20190927,000000,1.19,1.20,1.17,1.18,14090630,0
SOFI.US,D,20190930,000000,1.18,1.29,1.17,1.25,17757246,0
SOFI.US,D,20190930,000000,1.25,1.30,1.24,1.29,6463697,0
SOFI.US,D,20190930,000000,1.27,1.37,1.26,1.34,13400940,0
SOFI.US,D,20191001,000000,1.34,1.39,1.30,1.31,7449555,0
SOFI.US,D,20191002,000000,1.31,1.38,1.31,1.34,14056681,0
SOFI.US,D,20191003,000000,1.34,1.40,1.34,1.39,9106973,0
SOFI.US,D,20191004,000000,1.41,1.45,1.29,1.30,11779729,0
SOFI.US,D,20191007,000000,1.27,1.32,1.27,1.30,12504024,0
SOFI.US,D,20191007,000000,1.32,1.33,1.14,1.23,6171939,0
SOFI.US,D,20191007,000000,1.23,1.24,1.21,1.21,7223902,0
SOFI.US,D,20191008,000000,1.20,1.20,1.15,1.16,8414828,0
SOFI.US,D,20191009,000000,1.16,1.18,1.15,1.17,11607778,0
SOFI.US,D,20191010,000000,1.17,1.18,1.17,1.17,11332652,0
SOFI.US,D,20191011,000000,1.17,1.18,1.16,1.17,13955444,0
SOFI.US,D,20191014,000000,1.17,1.22,1.17,1.21,16187112,0
SOFI.US,D,20191014,000000,1.21,1.24,1.20,1.24,6612244,0
SOFI.US,D,20191014,000000,1.26,1.29,1.25,1.28,10853822,0
SOFI.US,D,20191015,000000,1.28,1.29,1.24,1.25,13534505,0
SOFI.US,D,20191016,000000,1.24,1.27,1.23,1.27,9741639,0
SOFI.US,D,20191017,000000,1.26,1.27,1.24,1.24,15739457,0
SOFI.US,D,20191018,000000,1.24,1.24,1.21,1.22,7317993,0
SOFI.US,D,20191021,000000,1.23,1.24,1.17,1.18,16010130,0
SOFI.US,D,20191021,000000,1.19,1.20,1.16,1.17,11887166,0
SOFI.US,D,20191021,000000,1.18,1.19,1.18,1.19,17710041,0
SOFI.US,D,20191022,000000,1.21,1.21,1.15,1.16,7795597,0
SOFI.US,D,20191023,000000,1.16,1.17,1.07,1.11,17331415,0
SOFI.US,D,20191024,000000,1.10,1.10,1.03,1.05,15170904,0
SOFI.US,D,20191025,000000,1.06,1.07,0.98,1.00,17591094,0
SOFI.US,D,20191028,000000,1.00,1.00,1.00,1.00,9627700,0
SOFI.US,D,20191028,000000,1.00,1.03,1.00,1.03,7654026,0
SOFI.US,D,20191028,000000,1.03,1.08,1.02,1.06,12503558,0
SOFI.US,D,20191029,000000,1.02,1.03,1.02,1.03,12591338,0
SOFI.US,D,20191030,000000,1.05,1.06,0.98,1.00,12936617,0
SOFI.US,D,20191031,000000,1.01,1.04,1.01,1.03,15650205,0
SOFI.US,D,20191101,000000,1.03,1.06,1.02,1.05,6039100,0
SOFI.US,D,20191104,000000,1.06,1.11,1.06,1.10,9707780,0
SOFI.US,D,20191104,000000,1.10,1.15,1.09,1.14,16215021,0
SOFI.US,D,20191104,000000,1.14,1.14,1.12,1.13,17859186,0
SOFI.US,D,20191105,000000,1.14,1.16,1.05,1.08,6169489,0
SOFI.US,D,20191106,000000,1.06,1.06,1.01,1.02,14751159,0
SOFI.US,D,20191107,000000,1.02,1.08,0.99,1.06,6187088,0
SOFI.US,D,20191108,000000,1.09,1.11,0.98,1.00,15225882,0
SOFI.US,D,20191111,000000,1.01,1.02,0.99,1.00,17334485,0
SOFI.US,D,20191111,000000,1.00,1.10,0.99,1.07,12365295,0
SOFI.US,D,20191111,000000,1.08,1.08,0.98,1.01,17612335,0
SOFI.US,D,20191112,000000,1.01,1.08,0.99,1.06,16799039,0
SOFI.US,D,20191113,000000,1.04,1.07,1.04,1.06,16887014,0
SOFI.US,D,20191114,000000,1.06,1.07,1.05,1.05,14830787,0
SOFI.US,D,20191115,000000,1.03,1.03,1.00,1.00,11204268,0
SOFI.US,D,20191118,000000,1.00,1.00,1.00,1.00,16691492,0
SOFI.US,D,20191118,000000,1.00,1.01,1.00,1.00,6407315,0
SOFI.US,D,20191118,000000,1.00,1.04,0.99,1.03,15543648,0
SOFI.US,D,20191119,000000,1.04,1.04,1.02,1.03,9650520,0
SOFI.US,D,20191120,000000,1.02,1.06,1.01,1.05,13566765,0
SOFI.US,D,20191121,000000,1.05,1.06,1.00,1.02,8129960,0
SOFI.US,D,20191122,000000,1.01,1.06,0.99,1.05,7223545,0
SOFI.US,D,20191125,000000,1.06,1.11,1.06,1.10,8994096,0
SOFI.US,D,20191125,000000,1.12,1.21,1.11,1.20,16356135,0
SOFI.US,D,20191125,000000,1.20,1.24,1.19,1.22,17858212,0
SOFI.US,D,20191126,000000,1.23,1.26,1.19,1.19,10042655,0
SOFI.US,D,20191127,000000,1.20,1.23,1.12,1.14,8963785,0
SOFI.US,D,20191128,000000,1.12,1.19,1.12,1.17,16885771,0
SOFI.US,D,20191129,000000,1.16,1.18,1.14,1.15,16990192,0
SOFI.US,D,20191202,000000,1.13,1.14,1.06,1.09,11376350,0
SOFI.US,D,20191202,000000,1.08,1.11,1.07,1.09,10170062,0
SOFI.US,D,20191202,000000,1.08,1.09,1.07,1.09,17220817,0
SOFI.US,D,20191203,000000,1.09,1.10,1.04,1.05,7870485,0
SOFI.US,D,20191204,000000,1.05,1.05,0.99,1.00,14100052,0
SOFI.US,D,20191205,000000,1.01,1.02,1.00,1.01,10864226,0
SOFI.US,D,20191206,000000,1.01,1.05,1.01,1.03,12754976,0
SOFI.US,D,20191209,000000,1.04,1.05,1.04,1.04,17742114,0
SOFI.US,D,20191209,000000,1.03,1.06,1.02,1.05,10262140,0
SOFI.US,D,20191209,000000,1.05,1.07,1.04,1.06,29632821,0
SOFI.US,D,20191210,000000,1.07,1.08,1.06,1.08,16902761,0
SOFI.US,D,20191211,000000,1.09,1.11,1.08,1.11,19294031,0
SOFI.US,D,20191212,000000,1.09,1.13,1.09,1.12,16780829,0
SOFI.US,D,20191213,000000,1.11,1.14,1.11,1.14,33605648,0
SOFI.US,D,20191216,000000,1.13,1.18,1.13,1.17,31828354,0
SOFI.US,D,20191216,000000,1.16,1.19,1.15,1.19,18753823,0
SOFI.US,D,20191216,000000,1.19,1.24,1.17,1.22,36969850,0
SOFI.US,D,20191217,000000,1.22,1.27,1.22,1.26,38153610,0
SOFI.US,D,20191218,000000,1.28,1.29,1.28,1.28,26189373,0
SOFI.US,D,20191219,000000,1.30,1.35,1.30,1.32,34935010,0
SOFI.US,D,20191220,000000,1.29,1.35,1.29,1.35,40901158,0
SOFI.US,D,20191223,000000,1.38,1.38,1.37,1.38,34646197,0
SOFI.US,D,20191223,000000,1.38,1.42,1.38,1.41,26897904,0
SOFI.US,D,20191223,000000,1.42,1.44,1.42,1.44,15285831,0
SOFI.US,D,20191224,000000,1.47,1.49,1.47,1.48,27237726,0
SOFI.US,D,20191225,000000,1.47,1.53,1.44,1.51,22964602,0
SOFI.US,D,20191226,000000,1.51,1.56,1.49,1.55,23144766,0
SOFI.US,D,20191227,000000,1.54,1.59,1.54,1.58,40053923,0
SOFI.US,D,20191230,000000,1.58,1.66,1.57,1.64,31723887,0
SOFI.US,D,20191230,000000,1.63,1.68,1.62,1.67,45377924,0
SOFI.US,D,20191230,000000,1.66,1.73,1.64,1.72,45644852,0
SOFI.US,D,20191231,000000,1.72,1.78,1.69,1.77,21431065,0
SOFI.US,D,20200101,000000,1.78,1.83,1.76,1.83,24605071,0
SOFI.US,D,20200102,000000,1.82,1.90,1.82,1.88,28221262,0
SOFI.US,D,20200103,000000,1.87,2.00,1.86,1.93,45905841,0
SOFI.US,D,20200106,000000,1.94,2.04,1.93,1.98,44970456,0
SOFI.US,D,20200106,000000,1.96,2.08,1.94,2.04,26037132,0
SOFI.US,D,20200106,000000,2.06,2.13,2.05,2.11,43448931,0
SOFI.US,D,20200107,000000,2.10,2.24,2.09,2.21,24292952,0
SOFI.US,D,20200108,000000,2.20,2.29,2.15,2.28,54549502,0
SOFI.US,D,20200109,000000,2.31,2.37,2.30,2.36,34696221,0
SOFI.US,D,20200110,000000,2.34,2.52,2.33,2.46,35636636,0
SOFI.US,D,20200113,000000,2.46,2.57,2.46,2.55,31203941,0
SOFI.US,D,20200113,000000,2.54,2.55,2.40,2.43,8690094,0
SOFI.US,D,20200113,000000,2.44,2.47,2.43,2.45,12938809,0
SOFI.US,D,20200114,000000,2.46,2.55,2.44,2.54,11434229,0
SOFI.US,D,20200115,000000,2.53,2.63,2.51,2.62,7276685,0
SOFI.US,D,20200116,000000,2.62,2.64,2.52,2.56,12297272,0
SOFI.US,D,20200117,000000,2.60,2.64,2.39,2.45,8165319,0
SOFI.US,D,20200120,000000,2.43,2.47,2.42,2.46,11142070,0
SOFI.US,D,20200120,000000,2.45,2.55,2.44,2.53,7079465,0
SOFI.US,D,20200120,000000,2.55,2.59,2.42,2.47,6805052,0
SOFI.US,D,20200121,000000,2.46,2.51,2.46,2.51,10311277,0
SOFI.US,D,20200122,000000,2.49,2.57,2.48,2.53,8196536,0
SOFI.US,D,20200123,000000,2.49,2.57,2.48,2.55,13165433,0
SOFI.US,D,20200124,000000,2.54,2.56,2.51,2.52,12918730,0
SOFI.US,D,20200127,000000,2.53,2.58,2.28,2.35,10086221,0
SOFI.US,D,20200127,000000,2.35,2.43,2.34,2.41,13327699,0
SOFI.US,D,20200127,000000,2.45,2.53,2.44,2.51,6916979,0
SOFI.US,D,20200128,000000,2.53,2.57,2.53,2.57,7961444,0
SOFI.US,D,20200129,000000,2.55,2.62,2.54,2.62,15876713,0
SOFI.US,D,20200130,000000,2.61,2.64,2.55,2.57,10611165,0
SOFI.US,D,20200131,000000,2.61,2.63,2.60,2.63,16313523,0
SOFI.US,D,20200203,000000,2.64,2.65,2.45,2.49,10640965,0
SOFI.US,D,20200203,000000,2.47,2.68,2.44,2.67,13301143,0
SOFI.US,D,20200203,000000,2.66,2.70,2.38,2.48,15525735,0
SOFI.US,D,20200204,000000,2.45,2.53,2.44,2.51,14323781,0
SOFI.US,D,20200205,000000,2.51,2.58,2.33,2.34,6808106,0
SOFI.US,D,20200206,000000,2.32,2.33,2.32,2.32,6624226,0
SOFI.US,D,20200207,000000,2.29,2.44,2.29,2.37,7192206,0
SOFI.US,D,20200210,000000,2.39,2.41,2.31,2.31,14690677,0
SOFI.US,D,20200210,000000,2.27,2.45,2.24,2.38,17857329,0
SOFI.US,D,20200210,000000,2.36,2.51,2.36,2.47,7308492,0
SOFI.US,D,20200211,000000,2.50,2.50,2.44,2.46,14011829,0
SOFI.US,D,20200212,000000,2.47,2.47,2.43,2.45,12064527,0
SOFI.US,D,20200213,000000,2.44,2.45,2.39,2.41,17875178,0
SOFI.US,D,20200214,000000,2.44,2.51,2.42,2.51,6408598,0
SOFI.US,D,20200217,000000,2.48,2.49,2.48,2.48,8079030,0
SOFI.US,D,20200217,000000,2.44,2.50,2.44,2.50,7007361,0
SOFI.US,D,20200217,000000,2.52,2.57,2.46,2.47,13260681,0
SOFI.US,D,20200218,000000,2.51,2.52,2.41,2.44,12674177,0
SOFI.US,D,20200219,000000,2.47,2.48,2.37,2.40,15026059,0
SOFI.US,D,20200220,000000,2.42,2.42,2.41,2.42,7595864,0
SOFI.US,D,20200221,000000,2.42,2.47,2.41,2.46,7929527,0
SOFI.US,D,20200224,000000,2.45,2.46,2.44,2.46,6127008,0
SOFI.US,D,20200224,000000,2.44,2.44,2.42,2.42,9578696,0
SOFI.US,D,20200224,000000,2.43,2.48,2.42,2.47,16601496,0
SOFI.US,D,20200225,000000,2.47,2.47,2.44,2.44,7408420,0
SOFI.US,D,20200226,000000,2.47,2.49,2.42,2.44,9494119,0
SOFI.US,D,20200227,000000,2.44,2.45,2.38,2.39,8621805,0
SOFI.US,D,20200228,000000,2.39,2.39,2.36,2.37,15944787,0
SOFI.US,D,20200302,000000,2.37,2.38,2.34,2.35,13067034,0
SOFI.US,D,20200302,000000,2.35,2.35,2.29,2.31,10507998,0
SOFI.US,D,20200302,000000,2.29,2.30,2.27,2.27,14138922,0
SOFI.US,D,20200303,000000,2.29,2.30,2.22,2.23,12840026,0
SOFI.US,D,20200304,000000,2.22,2.23,2.22,2.23,8075139,0
SOFI.US,D,20200305,000000,2.22,2.31,2.22,2.29,10240031,0
SOFI.US,D,20200306,000000,2.26,2.37,2.25,2.33,6721917,0
SOFI.US,D,20200309,000000,2.34,2.40,2.33,2.35,12810859,0
SOFI.US,D,20200309,000000,2.32,2.33,2.29,2.30,6508294,0
SOFI.US,D,20200309,000000,2.36,2.46,2.33,2.44,15135801,0
SOFI.US,D,20200310,000000,2.45,2.57,2.45,2.55,8576333,0
SOFI.US,D,20200311,000000,2.57,2.58,2.42,2.48,13935218,0
SOFI.US,D,20200312,000000,2.50,2.50,2.42,2.45,10795330,0
SOFI.US,D,20200313,000000,2.44,2.57,2.40,2.56,11976976,0
SOFI.US,D,20200316,000000,2.53,2.54,2.52,2.52,6812448,0
SOFI.US,D,20200316,000000,2.55,2.59,2.51,2.51,11272636,0
SOFI.US,D,20200316,000000,2.50,2.53,2.48,2.52,15112959,0
SOFI.US,D,20200317,000000,2.58,2.59,2.38,2.42,7346543,0
SOFI.US,D,20200318,000000,2.44,2.52,2.44,2.46,13927802,0
SOFI.US,D,20200319,000000,2.47,2.48,2.43,2.43,9756747,0
SOFI.US,D,20200320,000000,2.45,2.45,2.35,2.39,14917247,0
SOFI.US,D,20200323,000000,2.38,2.38,2.36,2.36,17800820,0
SOFI.US,D,20200323,000000,2.40,2.42,2.33,2.35,6004406,0
SOFI.US,D,20200323,000000,2.33,2.46,2.25,2.45,9406232,0
SOFI.US,D,20200324,000000,2.46,2.49,2.34,2.37,16550931,0
SOFI.US,D,20200325,000000,2.35,2.40,2.23,2.24,6202259,0
SOFI.US,D,20200326,000000,2.22,2.22,2.18,2.19,16595743,0
SOFI.US,D,20200327,000000,2.21,2.30,2.17,2.30,10226184,0
SOFI.US,D,20200330,000000,2.26,2.27,2.23,2.23,9740215,0
SOFI.US,D,20200330,000000,2.26,2.27,2.05,2.08,13947950,0
SOFI.US,D,20200330,000000,2.06,2.08,1.86,1.88,14691297,0
SOFI.US,D,20200331,000000,1.90,1.91,1.88,1.88,7278562,0
SOFI.US,D,20200401,000000,1.89,1.89,1.88,1.89,14345168,0
SOFI.US,D,20200402,000000,1.87,1.93,1.85,1.92,10063158,0
SOFI.US,D,20200403,000000,1.94,1.94,1.85,1.87,9247385,0
SOFI.US,D,20200406,000000,1.85,2.07,1.84,2.03,12590857,0
SOFI.US,D,20200406,000000,2.04,2.06,1.82,1.85,8820850,0
SOFI.US,D,20200406,000000,1.87,1.88,1.85,1.86,7583324,0
SOFI.US,D,20200407,000000,1.86,1.92,1.85,1.91,6323815,0
SOFI.US,D,20200408,000000,1.91,1.91,1.88,1.88,14240780,0
SOFI.US,D,20200409,000000,1.85,1.86,1.79,1.80,16499515,0
SOFI.US,D,20200410,000000,1.82,1.83,1.81,1.83,6177863,0
SOFI.US,D,20200413,000000,1.85,1.86,1.76,1.79,11280601,0
SOFI.US,D,20200413,000000,1.81,1.81,1.70,1.74,9081488,0
SOFI.US,D,20200413,000000,1.72,1.82,1.72,1.79,7231089,0
SOFI.US,D,20200414,000000,1.81,1.94,1.77,1.91,17191264,0
SOFI.US,D,20200415,000000,1.91,1.93,1.83,1.84,13745003,0
SOFI.US,D,20200416,000000,1.86,1.88,1.85,1.88,11819376,0
SOFI.US,D,20200417,000000,1.85,1.91,1.82,1.90,17023676,0
SOFI.US,D,20200420,000000,1.89,1.92,1.73,1.77,7987534,0
SOFI.US,D,20200420,000000,1.75,1.81,1.75,1.79,7509665,0
SOFI.US,D,20200420,000000,1.80,1.82,1.73,1.76,10570364,0
SOFI.US,D,20200421,000000,1.71,1.72,1.68,1.69,13233171,0
SOFI.US,D,20200422,000000,1.69,1.69,1.58,1.60,7145695,0
SOFI.US,D,20200423,000000,1.62,1.62,1.60,1.60,14775613,0
SOFI.US,D,20200424,000000,1.59,1.62,1.58,1.62,17557632,0
SOFI.US,D,20200427,000000,1.63,1.63,1.58,1.59,6183004,0
SOFI.US,D,20200427,000000,1.60,1.63,1.60,1.62,17386252,0
SOFI.US,D,20200427,000000,1.61,1.61,1.58,1.59,17933710,0
SOFI.US,D,20200428,000000,1.59,1.59,1.55,1.56,9904024,0
SOFI.US,D,20200429,000000,1.56,1.63,1.56,1.61,8587685,0
SOFI.US,D,20200430,000000,1.59,1.64,1.58,1.63,15438082,0
SOFI.US,D,20200501,000000,1.62,1.70,1.62,1.67,12891614,0
SOFI.US,D,20200504,000000,1.69,1.69,1.68,1.68,17365352,0
SOFI.US,D,20200504,000000,1.67,1.69,1.67,1.69,10925367,0
SOFI.US,D,20200504,000000,1.69,1.73,1.68,1.72,11572570,0
SOFI.US,D,20200505,000000,1.73,1.75,1.73,1.74,14192343,0
SOFI.US,D,20200506,000000,1.74,1.77,1.72,1.76,7240894,0
SOFI.US,D,20200507,000000,1.78,1.83,1.77,1.83,16694878,0
SOFI.US,D,20200508,000000,1.84,1.84,1.78,1.79,12387370,0
SOFI.US,D,20200511,000000,1.80,1.82,1.78,1.81,15183975,0
SOFI.US,D,20200511,000000,1.81,1.82,1.73,1.77,17256336,0
SOFI.US,D,20200511,000000,1.78,1.85,1.76,1.83,15192861,0
SOFI.US,D,20200512,000000,1.82,1.93,1.81,1.90,14226678,0
SOFI.US,D,20200513,000000,1.91,1.97,1.90,1.95,11475372,0
SOFI.US,D,20200514,000000,1.94,1.95,1.92,1.95,13295859,0
SOFI.US,D,20200515,000000,1.92,1.94,1.92,1.93,14077551,0
SOFI.US,D,20200518,000000,1.93,1.99,1.92,1.97,16239156,0
SOFI.US,D,20200518,000000,1.97,2.02,1.96,2.00,6897430,0
SOFI.US,D,20200518,000000,2.00,2.02,1.88,1.92,7287918,0
SOFI.US,D,20200519,000000,1.93,1.93,1.91,1.92,10616232,0
SOFI.US,D,20200520,000000,1.92,1.92,1.89,1.90,8743691,0
SOFI.US,D,20200521,000000,1.88,1.88,1.87,1.87,15246915,0
SOFI.US,D,20200522,000000,1.87,1.87,1.86,1.87,7612512,0
SOFI.US,D,20200525,000000,1.91,1.92,1.91,1.92,16336719,0
SOFI.US,D,20200525,000000,1.94,1.94,1.89,1.92,10787262,0
SOFI.US,D,20200525,000000,1.92,1.92,1.86,1.87,17760397,0
SOFI.US,D,20200526,000000,1.84,1.94,1.80,1.90,7151129,0
SOFI.US,D,20200527,000000,1.90,1.92,1.84,1.84,8958396,0
SOFI.US,D,20200528,000000,1.82,1.90,1.82,1.86,16760877,0
SOFI.US,D,20200529,000000,1.82,1.89,1.80,1.87,16245284,0
SOFI.US,D,20200601,000000,1.88,1.90,1.82,1.83,12730773,0
SOFI.US,D,20200601,000000,1.82,1.92,1.81,1.89,9994318,0
SOFI.US,D,20200601,000000,1.89,1.91,1.74,1.76,13349148,0
SOFI.US,D,20200602,000000,1.78,1.84,1.77,1.84,9393128,0
SOFI.US,D,20200603,000000,1.82,1.91,1.79,1.85,15786492,0
SOFI.US,D,20200604,000000,1.86,1.87,1.84,1.85,17630370,0
SOFI.US,D,20200605,000000,1.81,1.93,1.79,1.91,7637625,0
SOFI.US,D,20200608,000000,1.90,1.98,1.87,1.97,14042303,0
SOFI.US,D,20200608,000000,2.03,2.04,1.96,1.97,9997951,0
SOFI.US,D,20200608,000000,2.00,2.07,1.99,2.05,17898889,0
SOFI.US,D,20200609,000000,2.04,2.07,2.03,2.06,14530316,0
SOFI.US,D,20200610,000000,2.03,2.06,1.90,1.95,8288751,0
SOFI.US,D,20200611,000000,1.92,2.05,1.90,2.01,8772149,0
SOFI.US,D,20200612,000000,1.97,2.00,1.96,1.99,16991968,0
SOFI.US,D,20200615,000000,2.00,2.02,1.97,1.97,7010971,0
SOFI.US,D,20200615,000000,1.93,1.95,1.93,1.95,15319654,0
SOFI.US,D,20200615,000000,1.95,1.96,1.93,1.94,14394544,0
SOFI.US,D,20200616,000000,1.98,2.00,1.98,2.00,8155119,0
SOFI.US,D,20200617,000000,2.03,2.03,2.00,2.00,17617575,0
SOFI.US,D,20200618,000000,2.01,2.02,2.01,2.02,14681719,0
SOFI.US,D,20200619,000000,2.02,2.15,1.68,1.85,11864410,0
SOFI.US,D,20200622,000000,1.86,1.87,1.80,1.83,8483017,0
SOFI.US,D,20200622,000000,1.84,1.85,1.81,1.83,6205141,0
SOFI.US,D,20200622,000000,1.84,1.88,1.76,1.79,17194936,0
SOFI.US,D,20200623,000000,1.77,1.80,1.75,1.80,6921382,0
SOFI.US,D,20200624,000000,1.78,1.89,1.77,1.88,17887401,0
SOFI.US,D,20200625,000000,1.86,1.95,1.86,1.92,6087291,0
SOFI.US,D,20200626,000000,1.90,1.97,1.89,1.95,15036995,0
SOFI.US,D,20200629,000000,1.89,2.03,1.87,1.96,12100690,0
SOFI.US,D,20200629,000000,1.92,2.05,1.91,2.03,7278148,0
SOFI.US,D,20200629,000000,2.08,2.13,1.90,1.92,14293078,0
SOFI.US,D,20200630,000000,1.95,1.96,1.79,1.83,16237993,0
SOFI.US,D,20200701,000000,1.81,2.06,1.81,2.02,7718124,0
SOFI.US,D,20200702,000000,2.01,2.04,2.00,2.01,10459921,0
SOFI.US,D,20200703,000000,2.00,2.12,2.00,2.11,8380519,0
SOFI.US,D,20200706,000000,2.12,2.20,2.10,2.18,15969074,0
SOFI.US,D,20200706,000000,2.19,2.19,2.18,2.19,7334331,0
SOFI.US,D,20200706,000000,2.16,2.24,2.14,2.24,10129464,0
SOFI.US,D,20200707,000000,2.24,2.26,2.16,2.17,15506151,0
SOFI.US,D,20200708,000000,2.19,2.19,2.10,2.11,8223271,0
SOFI.US,D,20200709,000000,2.13,2.20,2.12,2.17,8345155,0
SOFI.US,D,20200710,000000,2.15,2.17,2.01,2.02,15907764,0
SOFI.US,D,20200713,000000,2.00,2.03,1.99,2.01,8041281,0
SOFI.US,D,20200713,000000,2.00,2.01,1.98,1.99,16109539,0
SOFI.US,D,20200713,000000,1.94,2.02,1.92,2.01,9657328,0
SOFI.US,D,20200714,000000,2.04,2.04,2.02,2.03,10673593,0
SOFI.US,D,20200715,000000,2.10,2.11,1.98,2.02,12401956,0
SOFI.US,D,20200716,000000,1.97,2.03,1.97,2.02,10323239,0
SOFI.US,D,20200717,000000,2.02,2.02,1.98,1.99,9563047,0
SOFI.US,D,20200720,000000,1.98,2.07,1.96,2.03,14228062,0
SOFI.US,D,20200720,000000,2.03,2.16,2.02,2.14,16010917,0
SOFI.US,D,20200720,000000,2.15,2.15,2.12,2.13,12384037,0
SOFI.US,D,20200721,000000,2.14,2.17,2.03,2.05,15862700,0
SOFI.US,D,20200722,000000,2.04,2.05,1.96,2.01,7886636,0
SOFI.US,D,20200723,000000,2.01,2.12,1.97,2.06,6557370,0
SOFI.US,D,20200724,000000,2.06,2.07,2.05,2.06,11746291,0
SOFI.US,D,20200727,000000,2.04,2.22,2.02,2.18,11045368,0
SOFI.US,D,20200727,000000,2.12,2.18,2.10,2.15,10280684,0
SOFI.US,D,20200727,000000,2.12,2.19,2.11,2.17,14971649,0
SOFI.US,D,20200728,000000,2.17,2.29,2.16,2.27,6546115,0
SOFI.US,D,20200729,000000,2.23,2.29,2.22,2.26,15345462,0
SOFI.US,D,20200730,000000,2.23,2.33,2.21,2.30,15257097,0
SOFI.US,D,20200731,000000,2.32,2.35,2.17,2.19,13816468,0
SOFI.US,D,20200803,000000,2.20,2.23,2.18,2.22,9034200,0
SOFI.US,D,20200803,000000,2.18,2.27,2.18,2.24,10671954,0
SOFI.US,D,20200803,000000,2.22,2.38,2.21,2.33,13581900,0
SOFI.US,D,20200804,000000,2.35,2.57,2.34,2.50,15403498,0
SOFI.US,D,20200805,000000,2.46,2.63,2.46,2.56,9136746,0
SOFI.US,D,20200806,000000,2.59,2.62,2.58,2.62,7145453,0
SOFI.US,D,20200807,000000,2.60,2.60,2.47,2.49,17631409,0
SOFI.US,D,20200810,000000,2.50,2.80,2.49,2.67,10735116,0
SOFI.US,D,20200810,000000,2.67,2.73,2.67,2.71,13779455,0
SOFI.US,D,20200810,000000,2.74,2.84,2.74,2.80,8870399,0
SOFI.US,D,20200811,000000,2.78,3.00,2.49,2.49,7727950,0
SOFI.US,D,20200812,000000,2.44,2.45,2.31,2.35,15617591,0
SOFI.US,D,20200813,000000,2.38,2.38,2.27,2.30,16464726,0
SOFI.US,D,20200814,000000,2.29,2.48,2.28,2.42,10533199,0
SOFI.US,D,20200817,000000,2.44,2.44,2.43,2.43,9890748,0
SOFI.US,D,20200817,000000,2.41,2.42,2.38,2.38,11199098,0
SOFI.US,D,20200817,000000,2.36,2.38,2.23,2.25,8291985,0
SOFI.US,D,20200818,000000,2.29,2.32,2.11,2.19,15073204,0
SOFI.US,D,20200819,000000,2.22,2.23,2.19,2.20,7523198,0
SOFI.US,D,20200820,000000,2.20,2.26,2.19,2.25,15659708,0
SOFI.US,D,20200821,000000,2.26,2.28,2.26,2.28,13587793,0
SOFI.US,D,20200824,000000,2.26,2.34,2.25,2.33,15617728,0
SOFI.US,D,20200824,000000,2.37,2.39,2.26,2.29,15809958,0
SOFI.US,D,20200824,000000,2.28,2.37,2.28,2.34,12521715,0
SOFI.US,D,20200825,000000,2.32,2.36,2.22,2.26,8868860,0
SOFI.US,D,20200826,000000,2.26,2.26,2.25,2.25,9092821,0
SOFI.US,D,20200827,000000,2.21,2.22,2.17,2.19,11523844,0
SOFI.US,D,20200828,000000,2.17,2.39,2.17,2.38,14585247,0
SOFI.US,D,20200831,000000,2.36,2.39,2.36,2.39,9495414,0
SOFI.US,D,20200831,000000,2.43,2.46,2.34,2.37,13816355,0
SOFI.US,D,20200831,000000,2.34,2.35,2.34,2.35,8191425,0
SOFI.US,D,20200901,000000,2.35,2.46,2.34,2.44,17411384,0
SOFI.US,D,20200902,000000,2.45,2.49,2.33,2.34,6885167,0
SOFI.US,D,20200903,000000,2.33,2.38,2.33,2.37,7580097,0
SOFI.US,D,20200904,000000,2.36,2.47,2.36,2.46,17909946,0
SOFI.US,D,20200907,000000,2.41,2.45,2.41,2.42,14954230,0
SOFI.US,D,20200907,000000,2.39,2.53,2.37,2.51,15563114,0
SOFI.US,D,20200907,000000,2.49,2.51,2.39,2.42,15038746,0
SOFI.US,D,20200908,000000,2.35,2.42,2.33,2.42,8388067,0
SOFI.US,D,20200909,000000,2.45,2.50,2.44,2.47,17113112,0
SOFI.US,D,20200910,000000,2.47,2.49,2.43,2.43,14287226,0
SOFI.US,D,20200911,000000,2.42,2.46,2.42,2.46,14845681,0
SOFI.US,D,20200914,000000,2.49,2.50,2.24,2.27,15309566,0
SOFI.US,D,20200914,000000,2.25,2.25,2.03,2.12,10335665,0
SOFI.US,D,20200914,000000,2.09,2.09,2.05,2.06,16234058,0
SOFI.US,D,20200915,000000,2.04,2.07,2.02,2.03,12664719,0
SOFI.US,D,20200916,000000,2.05,2.09,2.04,2.07,13830337,0
SOFI.US,D,20200917,000000,2.12,2.13,1.82,1.93,8287428,0
SOFI.US,D,20200918,000000,1.93,1.93,1.89,1.89,12018136,0
SOFI.US,D,20200921,000000,1.89,1.94,1.88,1.92,17597189,0
SOFI.US,D,20200921,000000,1.93,2.04,1.77,1.80,14113649,0
SOFI.US,D,20200921,000000,1.83,1.83,1.80,1.82,7491622,0
SOFI.US,D,20200922,000000,1.79,1.80,1.78,1.79,10110231,0
SOFI.US,D,20200923,000000,1.78,1.88,1.77,1.84,12190700,0
SOFI.US,D,20200924,000000,1.90,1.91,1.90,1.90,13885535,0
SOFI.US,D,20200925,000000,1.91,1.93,1.83,1.86,6113716,0
SOFI.US,D,20200928,000000,1.87,1.89,1.77,1.81,17007272,0
SOFI.US,D,20200928,000000,1.85,1.93,1.59,1.61,9694094,0
SOFI.US,D,20200928,000000,1.64,1.69,1.63,1.67,15118185,0
SOFI.US,D,20200929,000000,1.70,1.76,1.49,1.55,17799454,0
SOFI.US,D,20200930,000000,1.53,1.69,1.52,1.64,14627863,0
SOFI.US,D,20201001,000000,1.64,1.76,1.61,1.74,15552893,0
SOFI.US,D,20201002,000000,1.73,1.73,1.70,1.71,10413930,0
SOFI.US,D,20201005,000000,1.69,1.91,1.69,1.82,6290358,0
SOFI.US,D,20201005,000000,1.77,1.86,1.76,1.84,13990104,0
SOFI.US,D,20201005,000000,1.81,1.90,1.81,1.89,13891454,0
SOFI.US,D,20201006,000000,1.87,2.35,1.69,2.15,7942481,0
SOFI.US,D,20201007,000000,2.14,2.49,2.12,2.39,14723068,0
SOFI.US,D,20201008,000000,2.39,2.59,2.36,2.58,11959014,0
SOFI.US,D,20201009,000000,2.59,2.60,2.30,2.30,16053763,0
SOFI.US,D,20201012,000000,2.34,2.37,2.25,2.27,12115313,0
SOFI.US,D,20201012,000000,2.26,2.44,2.23,2.44,8897614,0
SOFI.US,D,20201012,000000,2.37,2.50,2.35,2.48,9075036,0
SOFI.US,D,20201013,000000,2.46,2.47,2.35,2.39,12388078,0
SOFI.US,D,20201014,000000,2.40,2.51,2.39,2.48,14476279,0
SOFI.US,D,20201015,000000,2.51,2.51,2.36,2.41,7774324,0
SOFI.US,D,20201016,000000,2.40,2.45,2.38,2.44,14847308,0
SOFI.US,D,20201019,000000,2.45,2.53,2.45,2.52,7917437,0
SOFI.US,D,20201019,000000,2.54,2.59,2.35,2.41,16740019,0
SOFI.US,D,20201019,000000,2.42,2.42,2.36,2.37,8653106,0
SOFI.US,D,20201020,000000,2.36,2.37,2.35,2.37,10565771,0
SOFI.US,D,20201021,000000,2.32,2.48,2.27,2.41,7498018,0
SOFI.US,D,20201022,000000,2.42,2.80,2.39,2.69,14945094,0
SOFI.US,D,20201023,000000,2.71,2.91,2.68,2.91,9558873,0
SOFI.US,D,20201026,000000,2.83,2.96,2.82,2.92,8589343,0
SOFI.US,D,20201026,000000,2.87,2.87,2.79,2.82,10045958,0
SOFI.US,D,20201026,000000,2.81,2.84,2.65,2.70,14751875,0
SOFI.US,D,20201027,000000,2.68,2.88,2.59,2.86,13821961,0
SOFI.US,D,20201028,000000,2.88,3.18,2.86,3.08,11600243,0
SOFI.US,D,20201029,000000,2.99,3.29,2.94,3.21,12852039,0
SOFI.US,D,20201030,000000,3.18,3.39,3.03,3.35,14708717,0
SOFI.US,D,20201102,000000,3.36,3.52,3.36,3.48,14022117,0
SOFI.US,D,20201102,000000,3.51,3.56,3.50,3.56,14696237,0
SOFI.US,D,20201102,000000,3.65,3.68,3.64,3.66,12241034,0
SOFI.US,D,20201103,000000,3.62,3.76,3.60,3.75,9734642,0
SOFI.US,D,20201104,000000,3.79,4.09,3.73,4.00,17559732,0
SOFI.US,D,20201105,000000,4.05,4.05,4.00,4.02,11035230,0
SOFI.US,D,20201106,000000,4.02,4.03,3.95,3.96,13135318,0
SOFI.US,D,20201109,000000,3.94,4.02,3.92,4.02,23660769,0
SOFI.US,D,20201109,000000,4.10,4.13,4.06,4.06,12509039,0
SOFI.US,D,20201109,000000,3.98,4.11,3.94,4.11,10446337,0
SOFI.US,D,20201110,000000,4.07,4.16,4.07,4.16,14830872,0
SOFI.US,D,20201111,000000,4.21,4.34,4.20,4.26,30993684,0
SOFI.US,D,20201112,000000,4.19,4.49,4.19,4.34,22774768,0
SOFI.US,D,20201113,000000,4.34,4.51,4.30,4.40,20260505,0
SOFI.US,D,20201116,000000,4.42,4.47,4.40,4.45,25410411,0
SOFI.US,D,20201116,000000,4.31,4.52,4.30,4.50,27773305,0
SOFI.US,D,20201116,000000,4.52,4.62,4.49,4.60,33176919,0
SOFI.US,D,20201117,000000,4.67,4.77,4.61,4.72,35535954,0
SOFI.US,D,20201118,000000,4.75,4.88,4.72,4.82,40066735,0
SOFI.US,D,20201119,000000,4.77,5.17,4.69,4.96,33998988,0
SOFI.US,D,20201120,000000,4.86,5.17,4.76,5.09,36671126,0
SOFI.US,D,20201123,000000,5.28,5.32,5.16,5.18,44269725,0
SOFI.US,D,20201123,000000,5.14,5.35,5.10,5.33,35079522,0
SOFI.US,D,20201123,000000,5.11,5.50,5.08,5.48,39997578,0
SOFI.US,D,20201124,000000,5.37,5.66,5.34,5.65,27860674,0
SOFI.US,D,20201125,000000,5.61,5.95,5.59,5.84,38053657,0
SOFI.US,D,20201126,000000,5.84,5.97,5.80,5.97,49707108,0
SOFI.US,D,20201127,000000,5.98,6.14,5.91,6.11,36561935,0
SOFI.US,D,20201130,000000,6.09,6.29,6.00,6.27,48863865,0
SOFI.US,D,20201130,000000,6.29,6.51,6.24,6.50,46948470,0
SOFI.US,D,20201130,000000,6.34,6.67,6.29,6.64,28855980,0
SOFI.US,D,20201201,000000,6.69,6.84,6.65,6.84,55903984,0
SOFI.US,D,20201202,000000,6.79,7.39,6.63,7.10,25637210,0
SOFI.US,D,20201203,000000,7.16,7.43,7.02,7.36,36191357,0
SOFI.US,D,20201204,000000,7.08,7.76,7.04,7.62,22309808,0
SOFI.US,D,20201207,000000,7.63,7.91,7.61,7.90,38125080,0
SOFI.US,D,20201207,000000,7.95,8.19,7.92,8.14,26725415,0
SOFI.US,D,20201207,000000,8.16,8.26,7.87,7.89,9665145,0
SOFI.US,D,20201208,000000,8.13,8.14,7.63,7.80,6870626,0
SOFI.US,D,20201209,000000,7.83,8.55,7.62,8.46,14856859,0
SOFI.US,D,20201210,000000,8.32,8.54,7.79,7.91,7165170,0
SOFI.US,D,20201211,000000,7.79,8.06,7.73,7.99,11792831,0
SOFI.US,D,20201214,000000,7.92,8.28,7.70,8.20,17743157,0
SOFI.US,D,20201214,000000,8.16,8.36,6.54,7.23,16158084,0
SOFI.US,D,20201214,000000,7.14,7.22,6.61,6.63,8718966,0
SOFI.US,D,20201215,000000,6.99,7.02,6.59,6.82,6005991,0
SOFI.US,D,20201216,000000,6.79,6.89,5.91,6.29,8039834,0
SOFI.US,D,20201217,000000,6.41,6.88,6.32,6.64,11635634,0
SOFI.US,D,20201218,000000,7.01,7.04,6.94,7.03,16955833,0
SOFI.US,D,20201221,000000,6.84,7.22,6.80,7.14,11181430,0
SOFI.US,D,20201221,000000,6.94,7.02,6.93,6.99,8029082,0
SOFI.US,D,20201221,000000,6.86,6.92,6.85,6.90,12794117,0
SOFI.US,D,20201222,000000,6.87,7.56,6.83,7.41,15982557,0
SOFI.US,D,20201223,000000,7.25,7.25,7.08,7.13,14554707,0
SOFI.US,D,20201224,000000,7.36,8.66,7.30,8.43,7072643,0
SOFI.US,D,20201225,000000,8.25,8.27,6.72,7.25,17206526,0
SOFI.US,D,20201228,000000,7.21,7.38,6.01,6.31,11352298,0
SOFI.US,D,20201228,000000,6.56,6.59,6.39,6.47,10969514,0
SOFI.US,D,20201228,000000,6.37,6.77,6.29,6.64,14551561,0
SOFI.US,D,20201229,000000,6.88,6.91,6.78,6.87,10926800,0
SOFI.US,D,20201230,000000,7.22,7.26,6.86,7.02,7608285,0
SOFI.US,D,20201231,000000,7.01,7.29,6.17,6.40,13971071,0
SOFI.US,D,20210101,000000,6.53,6.95,5.91,5.99,11568479,0
SOFI.US,D,20210104,000000,5.79,6.03,5.62,5.98,16504762,0
SOFI.US,D,20210104,000000,6.07,6.63,6.02,6.51,6173910,0
SOFI.US,D,20210104,000000,6.38,6.41,6.02,6.06,8330982,0
SOFI.US,D,20210105,000000,6.05,6.15,5.74,5.75,15635133,0
SOFI.US,D,20210106,000000,5.85,6.26,5.61,6.03,13717213,0
SOFI.US,D,20210107,000000,6.01,6.01,5.92,5.93,7002304,0
SOFI.US,D,20210108,000000,6.13,6.18,5.33,5.48,12580038,0
SOFI.US,D,20210111,000000,5.55,5.65,5.52,5.60,11867329,0
SOFI.US,D,20210111,000000,5.58,6.12,5.45,6.04,17666922,0
SOFI.US,D,20210111,000000,6.04,6.10,5.71,5.85,10096634,0
SOFI.US,D,20210112,000000,5.87,5.95,5.09,5.39,12535050,0
SOFI.US,D,20210113,000000,5.44,5.49,5.06,5.13,8492053,0
SOFI.US,D,20210114,000000,5.05,5.06,4.96,5.00,14441553,0
SOFI.US,D,20210115,000000,4.96,5.08,4.94,5.04,10348800,0
SOFI.US,D,20210118,000000,5.15,5.39,5.09,5.36,14158844,0
SOFI.US,D,20210118,000000,5.11,5.81,5.08,5.62,6782786,0
SOFI.US,D,20210118,000000,5.60,6.32,5.45,6.22,17568681,0
SOFI.US,D,20210119,000000,6.31,6.49,6.25,6.32,10198988,0
SOFI.US,D,20210120,000000,6.44,6.56,5.38,5.54,9756579,0
SOFI.US,D,20210121,000000,5.64,5.86,4.56,4.63,15808115,0
SOFI.US,D,20210122,000000,4.63,5.19,4.51,5.18,11114636,0
SOFI.US,D,20210125,000000,5.06,5.23,4.99,5.16,6630787,0
SOFI.US,D,20210125,000000,5.22,5.52,5.10,5.46,10016685,0
SOFI.US,D,20210125,000000,5.56,5.75,4.69,4.95,11350463,0
SOFI.US,D,20210126,000000,4.90,5.02,4.87,5.02,8797586,0
SOFI.US,D,20210127,000000,5.01,5.24,4.93,5.21,9305943,0
SOFI.US,D,20210128,000000,5.12,5.90,4.99,5.60,13680138,0
SOFI.US,D,20210129,000000,5.31,5.36,4.60,4.77,8269831,0
SOFI.US,D,20210201,000000,4.90,4.91,4.82,4.89,10800768,0
SOFI.US,D,20210201,000000,4.94,4.96,4.60,4.70,6961795,0
SOFI.US,D,20210201,000000,4.75,4.83,4.49,4.50,6571731,0
SOFI.US,D,20210202,000000,4.57,5.17,4.52,4.91,16578953,0
SOFI.US,D,20210203,000000,5.09,5.14,5.07,5.11,8779861,0
SOFI.US,D,20210204,000000,5.23,5.25,4.02,4.36,11187209,0
SOFI.US,D,20210205,000000,4.18,5.46,3.80,5.24,6868426,0
SOFI.US,D,20210208,000000,5.22,5.25,4.70,4.74,13706705,0
SOFI.US,D,20210208,000000,4.73,5.43,4.66,5.21,11692505,0
SOFI.US,D,20210208,000000,5.35,5.40,5.14,5.24,6316266,0
SOFI.US,D,20210209,000000,5.06,5.08,4.56,4.78,10436034,0
SOFI.US,D,20210210,000000,4.63,4.68,4.39,4.41,7889216,0
SOFI.US,D,20210211,000000,4.42,4.52,3.93,4.32,10445712,0
SOFI.US,D,20210212,000000,4.36,4.38,4.17,4.24,7079576,0
SOFI.US,D,20210215,000000,4.34,4.34,4.11,4.17,17892740,0
SOFI.US,D,20210215,000000,4.14,4.42,3.52,3.59,13691460,0
SOFI.US,D,20210215,000000,3.58,3.72,3.54,3.62,12412590,0
SOFI.US,D,20210216,000000,3.61,3.92,3.58,3.81,11364614,0
SOFI.US,D,20210217,000000,3.78,3.95,3.73,3.89,8550793,0
SOFI.US,D,20210218,000000,3.95,4.13,3.92,4.08,15533653,0
SOFI.US,D,20210219,000000,4.29,4.46,3.77,3.85,9274942,0
SOFI.US,D,20210222,000000,3.84,3.87,3.53,3.59,7912398,0
SOFI.US,D,20210222,000000,3.48,3.82,3.46,3.81,7523182,0
SOFI.US,D,20210222,000000,3.85,3.94,3.67,3.71,10421876,0
SOFI.US,D,20210223,000000,3.80,3.98,3.76,3.89,13237710,0
SOFI.US,D,20210224,000000,3.73,4.54,3.66,4.17,13455244,0
SOFI.US,D,20210225,000000,4.16,4.61,4.05,4.48,15939072,0
SOFI.US,D,20210226,000000,4.45,5.82,4.18,5.50,9844692,0
SOFI.US,D,20210301,000000,5.41,5.90,5.34,5.78,11738927,0
SOFI.US,D,20210301,000000,5.95,6.26,5.91,6.06,16213545,0
SOFI.US,D,20210301,000000,6.20,6.24,5.94,6.00,8622439,0
SOFI.US,D,20210302,000000,6.04,6.27,5.16,5.26,7724082,0
SOFI.US,D,20210303,000000,5.23,5.23,4.98,5.07,10892846,0
SOFI.US,D,20210304,000000,5.05,5.52,5.03,5.47,13522699,0
SOFI.US,D,20210305,000000,5.55,6.04,5.42,5.95,9551946,0
SOFI.US,D,20210308,000000,6.05,7.03,5.67,6.90,16396026,0
SOFI.US,D,20210308,000000,6.89,7.03,5.89,6.08,10121006,0
SOFI.US,D,20210308,000000,6.10,6.11,5.56,5.75,8196967,0
SOFI.US,D,20210309,000000,5.70,5.79,4.96,4.98,7309293,0
SOFI.US,D,20210310,000000,4.94,4.99,4.63,4.68,7380298,0
SOFI.US,D,20210311,000000,4.62,4.77,4.30,4.37,6781645,0
SOFI.US,D,20210312,000000,4.19,4.22,4.09,4.11,14963107,0
SOFI.US,D,20210315,000000,4.00,4.34,3.87,4.20,15573863,0
SOFI.US,D,20210315,000000,4.10,4.67,4.09,4.38,10890210,0
SOFI.US,D,20210315,000000,4.46,5.01,4.40,4.81,7138747,0
SOFI.US,D,20210316,000000,4.83,4.83,4.74,4.75,17475441,0
SOFI.US,D,20210317,000000,4.84,4.98,4.63,4.64,9398819,0
SOFI.US,D,20210318,000000,4.45,4.51,3.82,3.96,9692251,0
SOFI.US,D,20210319,000000,4.10,4.15,3.76,3.90,11942521,0
SOFI.US,D,20210322,000000,3.86,3.95,3.56,3.78,11005712,0
SOFI.US,D,20210322,000000,3.78,4.16,3.77,4.11,16851511,0
SOFI.US,D,20210322,000000,4.14,4.61,4.12,4.56,14051886,0
SOFI.US,D,20210323,000000,4.44,4.87,4.42,4.85,15444694,0
SOFI.US,D,20210324,000000,4.93,5.10,4.90,5.07,13187094,0
SOFI.US,D,20210325,000000,5.00,5.36,4.92,5.21,13583226,0
SOFI.US,D,20210326,000000,5.08,5.96,4.68,5.49,6121560,0
SOFI.US,D,20210329,000000,5.71,6.01,5.66,5.87,11669637,0
SOFI.US,D,20210329,000000,5.85,6.14,5.83,6.05,17202745,0
SOFI.US,D,20210329,000000,6.00,7.36,5.71,6.93,11997962,0
SOFI.US,D,20210330,000000,7.17,7.19,6.14,6.44,7492124,0
SOFI.US,D,20210331,000000,6.65,7.04,6.57,6.91,9416936,0
SOFI.US,D,20210401,000000,6.76,7.09,6.73,7.06,9304263,0
SOFI.US,D,20210402,000000,6.88,9.08,6.71,8.01,6189148,0
SOFI.US,D,20210405,000000,8.06,8.37,6.96,7.16,12761070,0
SOFI.US,D,20210405,000000,7.05,7.19,6.52,6.60,12244512,0
SOFI.US,D,20210405,000000,6.52,6.81,6.51,6.79,16520169,0
SOFI.US,D,20210406,000000,6.74,6.93,5.79,6.01,8626986,0
SOFI.US,D,20210407,000000,6.12,6.23,5.90,5.95,12536043,0
SOFI.US,D,20210408,000000,6.00,6.61,5.98,6.58,13504202,0
SOFI.US,D,20210409,000000,6.63,6.73,5.98,6.11,10172463,0
SOFI.US,D,20210412,000000,6.21,6.57,5.71,5.78,15839708,0
SOFI.US,D,20210412,000000,5.79,6.26,5.67,6.06,17615963,0
SOFI.US,D,20210412,000000,6.21,7.04,6.02,6.91,8939697,0
SOFI.US,D,20210413,000000,6.98,7.08,6.97,6.99,10812994,0
SOFI.US,D,20210414,000000,6.92,7.03,5.90,6.42,11310752,0
SOFI.US,D,20210415,000000,6.47,6.57,5.76,5.89,9330755,0
SOFI.US,D,20210416,000000,5.84,6.95,5.59,6.53,10624147,0
SOFI.US,D,20210419,000000,6.63,6.70,5.33,5.81,16250088,0
SOFI.US,D,20210419,000000,5.90,5.93,5.60,5.64,8118448,0
SOFI.US,D,20210419,000000,5.60,6.50,5.58,6.09,14457688,0
SOFI.US,D,20210420,000000,6.23,6.61,6.13,6.60,6056396,0
SOFI.US,D,20210421,000000,6.60,6.77,6.54,6.64,10823557,0
SOFI.US,D,20210422,000000,6.39,7.05,6.31,7.02,16684562,0
SOFI.US,D,20210423,000000,7.07,7.25,6.54,6.77,15885886,0
SOFI.US,D,20210426,000000,6.79,7.00,6.01,6.30,7301346,0
SOFI.US,D,20210426,000000,6.50,6.51,6.42,6.43,10996183,0
SOFI.US,D,20210426,000000,6.26,6.30,6.15,6.26,17225857,0
SOFI.US,D,20210427,000000,6.09,6.13,5.79,5.81,14759113,0
SOFI.US,D,20210428,000000,5.90,6.10,5.89,6.07,12503845,0
SOFI.US,D,20210429,000000,6.17,6.58,5.99,6.55,17687052,0
SOFI.US,D,20210430,000000,6.50,6.64,6.20,6.36,14896960,0
SOFI.US,D,20210503,000000,6.36,7.05,6.27,6.85,9357967,0
SOFI.US,D,20210503,000000,6.97,7.02,6.94,7.02,13684669,0
SOFI.US,D,20210503,000000,6.98,7.17,6.86,7.15,15134334,0
SOFI.US,D,20210504,000000,7.26,7.26,7.19,7.21,13926475,0
SOFI.US,D,20210505,000000,7.14,7.15,6.84,6.86,8073864,0
SOFI.US,D,20210506,000000,6.96,7.05,6.80,6.84,17520122,0
SOFI.US,D,20210507,000000,7.01,7.30,6.92,7.29,9201316,0
SOFI.US,D,20210510,000000,7.29,7.29,6.58,6.70,9567189,0
SOFI.US,D,20210510,000000,6.80,6.89,6.60,6.81,8644751,0
SOFI.US,D,20210510,000000,6.95,6.97,6.51,6.59,14658895,0
SOFI.US,D,20210511,000000,6.52,8.12,6.42,7.53,14477779,0
SOFI.US,D,20210512,000000,7.62,7.77,7.59,7.71,8816166,0
SOFI.US,D,20210513,000000,7.69,8.02,7.49,7.98,16692769,0
SOFI.US,D,20210514,000000,7.88,7.89,7.43,7.57,6288417,0
SOFI.US,D,20210517,000000,7.46,7.87,7.37,7.87,9860123,0
SOFI.US,D,20210517,000000,7.71,7.74,7.53,7.59,11335146,0
SOFI.US,D,20210517,000000,7.47,7.78,7.40,7.66,7314023,0
SOFI.US,D,20210518,000000,7.67,7.93,7.60,7.86,13777104,0
SOFI.US,D,20210519,000000,7.53,7.91,7.52,7.90,13949908,0
SOFI.US,D,20210520,000000,7.97,7.97,7.68,7.75,10993520,0
SOFI.US,D,20210521,000000,7.70,7.96,6.84,7.13,8369809,0
SOFI.US,D,20210524,000000,7.14,7.27,7.09,7.20,15368190,0
SOFI.US,D,20210524,000000,7.12,7.49,7.06,7.45,12564855,0
SOFI.US,D,20210524,000000,7.38,7.43,7.29,7.37,14135149,0
SOFI.US,D,20210525,000000,7.52,7.60,7.47,7.56,14626026,0
SOFI.US,D,20210526,000000,7.71,7.73,7.68,7.72,10725089,0
SOFI.US,D,20210527,000000,7.70,7.73,7.61,7.62,7274382,0
SOFI.US,D,20210528,000000,7.49,8.04,7.21,7.89,9036633,0
SOFI.US,D,20210531,000000,7.94,7.98,7.47,7.56,16296731,0
SOFI.US,D,20210531,000000,7.65,7.76,5.77,6.47,6856256,0
SOFI.US,D,20210531,000000,6.57,6.67,6.54,6.67,11877525,0
SOFI.US,D,20210601,000000,6.61,6.81,6.04,6.14,9438612,0
SOFI.US,D,20210602,000000,5.93,5.97,5.62,5.78,15027537,0
SOFI.US,D,20210603,000000,5.54,5.89,5.38,5.85,8802000,0
SOFI.US,D,20210604,000000,5.79,7.18,5.68,6.36,16224067,0
SOFI.US,D,20210607,000000,6.19,6.28,6.08,6.10,12291543,0
SOFI.US,D,20210607,000000,5.96,6.16,5.42,5.75,7859573,0
SOFI.US,D,20210607,000000,5.68,6.14,5.62,6.03,17516643,0
SOFI.US,D,20210608,000000,5.85,6.44,5.82,6.20,9040632,0
SOFI.US,D,20210609,000000,6.18,6.27,5.81,5.84,13933877,0
SOFI.US,D,20210610,000000,5.91,6.80,5.77,6.53,14626217,0
SOFI.US,D,20210611,000000,6.71,6.73,6.42,6.44,15059948,0
SOFI.US,D,20210614,000000,6.45,6.92,6.38,6.88,12812894,0
SOFI.US,D,20210614,000000,7.02,7.17,7.02,7.11,17099818,0
SOFI.US,D,20210614,000000,6.78,7.27,6.53,7.20,10714133,0
SOFI.US,D,20210615,000000,7.16,7.29,6.42,6.74,12757047,0
SOFI.US,D,20210616,000000,6.81,6.81,6.75,6.80,13402063,0
SOFI.US,D,20210617,000000,6.72,6.78,6.55,6.64,14606797,0
SOFI.US,D,20210618,000000,6.70,6.78,6.43,6.47,12762072,0
SOFI.US,D,20210621,000000,6.25,6.38,6.06,6.07,8647483,0
SOFI.US,D,20210621,000000,5.95,6.31,4.97,5.21,16239520,0
SOFI.US,D,20210621,000000,5.20,5.78,5.14,5.46,16770078,0
SOFI.US,D,20210622,000000,5.48,5.67,5.45,5.65,17617515,0
SOFI.US,D,20210623,000000,5.51,5.58,5.42,5.48,16335627,0
SOFI.US,D,20210624,000000,5.65,5.68,4.56,4.69,8602513,0
SOFI.US,D,20210625,000000,4.83,5.20,4.14,4.51,15067718,0
SOFI.US,D,20210628,000000,4.41,4.82,3.62,3.69,13828453,0
SOFI.US,D,20210628,000000,3.81,3.82,3.72,3.80,16369366,0
SOFI.US,D,20210628,000000,3.91,4.01,3.45,3.61,10349954,0
SOFI.US,D,20210629,000000,3.66,3.73,3.65,3.72,14355132,0
SOFI.US,D,20210630,000000,3.63,4.68,3.50,4.09,12435919,0
SOFI.US,D,20210701,000000,4.02,4.20,3.98,4.20,8523774,0
SOFI.US,D,20210702,000000,4.16,4.61,4.06,4.46,15969528,0
SOFI.US,D,20210705,000000,4.34,4.48,4.06,4.26,13172337,0
SOFI.US,D,20210705,000000,4.28,4.54,4.21,4.44,11551804,0
SOFI.US,D,20210705,000000,4.55,4.64,3.98,4.25,8973687,0
SOFI.US,D,20210706,000000,4.32,4.49,3.09,3.64,6395807,0
SOFI.US,D,20210707,000000,3.71,4.12,3.63,3.96,8453888,0
SOFI.US,D,20210708,000000,4.12,4.34,4.06,4.22,16059151,0
SOFI.US,D,20210709,000000,4.31,4.46,3.68,3.94,11554816,0
SOFI.US,D,20210712,000000,3.97,4.22,3.94,4.20,12116036,0
SOFI.US,D,20210712,000000,4.20,4.32,4.11,4.30,16221819,0
SOFI.US,D,20210712,000000,4.38,4.54,4.37,4.51,13284886,0
SOFI.US,D,20210713,000000,4.50,4.51,4.40,4.42,16130248,0
SOFI.US,D,20210714,000000,4.26,4.45,4.21,4.37,17770583,0
SOFI.US,D,20210715,000000,4.44,4.45,4.41,4.42,13282076,0
SOFI.US,D,20210716,000000,4.39,4.40,4.32,4.37,11998957,0
SOFI.US,D,20210719,000000,4.49,4.56,4.35,4.43,10169399,0
SOFI.US,D,20210719,000000,4.32,4.87,4.19,4.79,8370989,0
SOFI.US,D,20210719,000000,4.77,5.10,4.27,4.47,11726541,0
SOFI.US,D,20210720,000000,4.41,4.46,4.27,4.32,15778799,0
SOFI.US,D,20210721,000000,4.44,4.47,4.18,4.22,9247212,0
SOFI.US,D,20210722,000000,4.39,4.43,4.38,4.41,7711090,0
SOFI.US,D,20210723,000000,4.46,4.52,4.28,4.30,12958490,0
SOFI.US,D,20210726,000000,4.28,4.30,4.17,4.23,7089918,0
SOFI.US,D,20210726,000000,4.20,4.20,4.10,4.11,13984054,0
SOFI.US,D,20210726,000000,4.05,4.39,4.04,4.36,6554136,0
SOFI.US,D,20210727,000000,4.31,4.34,4.30,4.31,12876122,0
SOFI.US,D,20210728,000000,4.35,4.55,4.33,4.43,10072041,0
SOFI.US,D,20210729,000000,4.38,4.38,4.26,4.27,12168423,0
SOFI.US,D,20210730,000000,4.22,4.69,4.18,4.58,9944167,0
SOFI.US,D,20210802,000000,4.60,4.70,4.43,4.45,7887202,0
SOFI.US,D,20210802,000000,4.51,4.64,4.11,4.15,15379667,0
SOFI.US,D,20210802,000000,4.15,4.20,4.08,4.08,9739003,0
SOFI.US,D,20210803,000000,4.03,4.04,4.01,4.02,16065529,0
SOFI.US,D,20210804,000000,4.05,4.15,3.92,3.96,10665459,0
SOFI.US,D,20210805,000000,3.96,4.21,3.81,4.09,14435469,0
SOFI.US,D,20210806,000000,4.07,4.11,3.84,3.95,15060319,0
SOFI.US,D,20210809,000000,3.88,4.24,3.82,4.20,13950415,0
SOFI.US,D,20210809,000000,3.97,4.43,3.94,4.28,11908802,0
SOFI.US,D,20210809,000000,4.21,4.76,4.13,4.68,17968537,0
SOFI.US,D,20210810,000000,4.74,4.76,4.58,4.62,16348392,0
SOFI.US,D,20210811,000000,4.70,4.77,4.42,4.49,10173708,0
SOFI.US,D,20210812,000000,4.61,4.67,4.30,4.43,11437568,0
SOFI.US,D,20210813,000000,4.36,4.47,4.34,4.41,9107808,0
SOFI.US,D,20210816,000000,4.25,4.84,4.19,4.67,10050802,0
SOFI.US,D,20210816,000000,4.64,4.82,4.61,4.70,17222636,0
SOFI.US,D,20210816,000000,4.70,4.73,4.67,4.68,6911268,0
SOFI.US,D,20210817,000000,4.55,5.00,4.54,4.77,13109570,0
SOFI.US,D,20210818,000000,4.76,5.08,4.72,4.95,7284354,0
SOFI.US,D,20210819,000000,4.94,4.94,4.93,4.93,13626944,0
SOFI.US,D,20210820,000000,5.03,5.11,4.77,4.80,9813734,0
SOFI.US,D,20210823,000000,4.64,5.06,4.58,4.92,14572675,0
SOFI.US,D,20210823,000000,5.04,5.50,4.93,5.39,15620634,0
SOFI.US,D,20210823,000000,5.36,5.68,5.35,5.61,15159949,0
SOFI.US,D,20210824,000000,5.62,5.90,4.62,4.88,14144513,0
SOFI.US,D,20210825,000000,4.90,4.91,4.89,4.90,10305308,0
SOFI.US,D,20210826,000000,5.00,5.00,4.83,4.84,7375507,0
SOFI.US,D,20210827,000000,4.90,4.98,4.50,4.62,7666435,0
SOFI.US,D,20210830,000000,4.64,4.65,4.57,4.61,6878398,0
SOFI.US,D,20210830,000000,4.69,4.74,4.46,4.47,17159125,0
SOFI.US,D,20210830,000000,4.53,4.54,4.44,4.47,11993533,0
SOFI.US,D,20210831,000000,4.38,4.41,4.23,4.28,10712487,0
SOFI.US,D,20210901,000000,4.34,4.37,3.83,3.98,16950883,0
SOFI.US,D,20210902,000000,3.87,3.89,3.74,3.75,14705152,0
SOFI.US,D,20210903,000000,3.55,3.56,3.46,3.49,10691196,0
SOFI.US,D,20210906,000000,3.46,3.51,3.15,3.23,12196792,0
SOFI.US,D,20210906,000000,3.26,3.56,3.24,3.52,14491883,0
SOFI.US,D,20210906,000000,3.56,3.69,3.51,3.63,8913042,0
SOFI.US,D,20210907,000000,3.67,3.71,3.54,3.56,11134592,0
SOFI.US,D,20210908,000000,3.48,3.50,3.23,3.24,17967324,0
SOFI.US,D,20210909,000000,3.09,3.15,3.07,3.13,9238748,0
SOFI.US,D,20210910,000000,3.17,3.19,3.09,3.10,13830744,0
SOFI.US,D,20210913,000000,3.02,3.07,2.86,2.93,8573008,0
SOFI.US,D,20210913,000000,2.93,2.97,2.63,2.73,7831033,0
SOFI.US,D,20210913,000000,2.74,3.06,2.73,3.02,10693078,0
SOFI.US,D,20210914,000000,2.96,3.03,2.95,3.01,15117454,0
SOFI.US,D,20210915,000000,3.04,3.35,3.02,3.33,8098480,0
SOFI.US,D,20210916,000000,3.32,3.55,3.31,3.53,11901595,0
SOFI.US,D,20210917,000000,3.52,3.53,3.42,3.48,8407625,0
SOFI.US,D,20210920,000000,3.50,3.74,3.44,3.69,12032866,0
SOFI.US,D,20210920,000000,3.62,3.62,3.60,3.61,16247852,0
SOFI.US,D,20210920,000000,3.57,3.57,3.47,3.50,15127898,0
SOFI.US,D,20210921,000000,3.42,3.50,3.39,3.39,14178226,0
SOFI.US,D,20210922,000000,3.39,3.49,3.36,3.43,10936586,0
SOFI.US,D,20210923,000000,3.34,3.38,3.33,3.37,7739316,0
SOFI.US,D,20210924,000000,3.43,3.54,3.37,3.51,15806315,0
SOFI.US,D,20210927,000000,3.48,3.82,3.47,3.75,11677973,0
SOFI.US,D,20210927,000000,3.71,3.72,3.66,3.66,15066269,0
SOFI.US,D,20210927,000000,3.65,3.67,3.51,3.54,12354768,0
SOFI.US,D,20210928,000000,3.57,3.60,3.56,3.58,6271329,0
SOFI.US,D,20210929,000000,3.57,3.59,3.51,3.58,13525742,0
SOFI.US,D,20210930,000000,3.57,3.63,3.27,3.33,9305118,0
SOFI.US,D,20211001,000000,3.39,3.52,3.08,3.14,15607233,0
SOFI.US,D,20211004,000000,3.19,3.25,2.97,3.02,16215008,0
SOFI.US,D,20211004,000000,3.06,3.09,2.89,2.95,8535455,0
SOFI.US,D,20211004,000000,2.99,3.07,2.85,2.85,9712062,0
SOFI.US,D,20211005,000000,2.81,2.87,2.76,2.78,11480525,0
SOFI.US,D,20211006,000000,2.70,3.09,2.69,2.92,14780403,0
SOFI.US,D,20211007,000000,2.93,2.97,2.47,2.60,9914278,0
SOFI.US,D,20211008,000000,2.59,2.61,2.37,2.37,7041006,0
SOFI.US,D,20211011,000000,2.37,2.76,2.36,2.64,11534494,0
SOFI.US,D,20211011,000000,2.64,2.79,2.56,2.79,10932064,0
SOFI.US,D,20211011,000000,2.78,2.80,2.69,2.73,6094751,0
SOFI.US,D,20211012,000000,2.81,3.34,2.65,3.28,10396557,0
SOFI.US,D,20211013,000000,3.40,3.48,3.08,3.14,6656101,0
SOFI.US,D,20211014,000000,3.05,3.15,3.03,3.11,10076949,0
SOFI.US,D,20211015,000000,3.19,3.21,3.00,3.03,6248917,0
SOFI.US,D,20211018,000000,3.02,3.02,2.90,2.95,13126109,0
SOFI.US,D,20211018,000000,2.98,2.98,2.73,2.76,16064122,0
SOFI.US,D,20211018,000000,2.81,2.94,2.45,2.48,6790457,0
SOFI.US,D,20211019,000000,2.60,2.61,2.35,2.37,14315108,0
SOFI.US,D,20211020,000000,2.43,2.44,2.33,2.35,16663974,0
SOFI.US,D,20211021,000000,2.35,2.56,2.34,2.52,17463843,0
SOFI.US,D,20211022,000000,2.56,2.58,1.97,2.21,15443300,0
SOFI.US,D,20211025,000000,2.21,2.42,2.19,2.42,16258539,0
SOFI.US,D,20211025,000000,2.44,2.44,2.35,2.38,12424818,0
SOFI.US,D,20211025,000000,2.46,2.61,2.44,2.58,8572523,0
SOFI.US,D,20211026,000000,2.59,2.62,2.14,2.27,15846222,0
SOFI.US,D,20211027,000000,2.30,2.60,2.26,2.52,12261433,0
SOFI.US,D,20211028,000000,2.56,2.59,2.21,2.31,9570932,0
SOFI.US,D,20211029,000000,2.25,2.30,2.25,2.29,17098171,0
SOFI.US,D,20211101,000000,2.23,2.35,2.19,2.33,8701742,0
SOFI.US,D,20211101,000000,2.24,2.37,2.21,2.34,17316386,0
SOFI.US,D,20211101,000000,2.32,2.34,2.07,2.18,14559416,0
SOFI.US,D,20211102,000000,2.19,2.20,1.83,1.86,17202336,0
SOFI.US,D,20211103,000000,1.92,1.95,1.90,1.94,12133258,0
SOFI.US,D,20211104,000000,1.97,1.98,1.92,1.92,10127708,0
SOFI.US,D,20211105,000000,1.92,2.12,1.80,2.06,6112192,0
SOFI.US,D,20211108,000000,2.09,2.20,1.86,1.88,15841293,0
SOFI.US,D,20211108,000000,1.85,2.01,1.84,1.94,9937693,0
SOFI.US,D,20211108,000000,1.93,1.97,1.93,1.97,6463664,0
SOFI.US,D,20211109,000000,2.01,2.14,1.99,2.11,15022620,0
SOFI.US,D,20211110,000000,2.08,2.09,1.92,1.95,15299824,0
SOFI.US,D,20211111,000000,1.90,2.21,1.87,2.19,6842703,0
SOFI.US,D,20211112,000000,2.10,2.10,1.90,1.99,14200436,0
SOFI.US,D,20211115,000000,1.97,2.14,1.94,2.08,6946604,0
SOFI.US,D,20211115,000000,2.09,2.26,2.05,2.20,7927147,0
SOFI.US,D,20211115,000000,2.23,2.30,1.96,2.02,17522982,0
SOFI.US,D,20211116,000000,2.00,2.01,1.98,1.98,13136237,0
SOFI.US,D,20211117,000000,1.94,2.36,1.77,2.25,7542831,0
SOFI.US,D,20211118,000000,2.17,2.27,2.14,2.24,11702696,0
SOFI.US,D,20211119,000000,2.22,2.72,2.10,2.58,9636753,0
SOFI.US,D,20211122,000000,2.56,2.59,2.29,2.46,9197852,0
SOFI.US,D,20211122,000000,2.52,2.54,2.52,2.54,7254115,0
SOFI.US,D,20211122,000000,2.51,2.51,2.47,2.48,17161615,0
SOFI.US,D,20211123,000000,2.51,2.53,2.36,2.38,15050301,0
SOFI.US,D,20211124,000000,2.31,2.53,2.24,2.47,8008633,0
SOFI.US,D,20211125,000000,2.42,2.47,2.30,2.34,13579899,0
SOFI.US,D,20211126,000000,2.31,2.31,2.29,2.29,6641633,0
SOFI.US,D,20211129,000000,2.24,2.24,2.22,2.23,17392859,0
SOFI.US,D,20211129,000000,2.19,2.47,2.13,2.38,14687403,0
SOFI.US,D,20211129,000000,2.33,2.34,2.17,2.18,16273695,0
SOFI.US,D,20211130,000000,2.18,2.22,2.06,2.11,17412050,0
SOFI.US,D,20211201,000000,2.10,2.17,2.10,2.12,17769870,0
SOFI.US,D,20211202,000000,2.14,2.65,2.05,2.43,13986734,0
SOFI.US,D,20211203,000000,2.38,2.47,2.32,2.47,6467294,0
SOFI.US,D,20211206,000000,2.42,2.69,2.35,2.64,12865945,0
SOFI.US,D,20211206,000000,2.64,2.75,2.63,2.69,11924342,0
SOFI.US,D,20211206,000000,2.79,3.14,2.67,3.06,15510523,0
SOFI.US,D,20211207,000000,2.99,3.24,2.92,3.24,12487790,0
SOFI.US,D,20211208,000000,3.21,3.25,2.97,3.01,17241444,0
SOFI.US,D,20211209,000000,3.06,3.22,3.06,3.13,16006925,0
SOFI.US,D,20211210,000000,3.23,3.62,3.16,3.53,11868459,0
SOFI.US,D,20211213,000000,3.53,3.62,2.63,2.94,16972917,0
SOFI.US,D,20211213,000000,2.88,3.16,2.82,3.14,12009868,0
SOFI.US,D,20211213,000000,3.21,3.22,3.14,3.15,10823814,0
SOFI.US,D,20211214,000000,3.22,3.25,3.03,3.06,13518819,0
SOFI.US,D,20211215,000000,3.14,3.14,2.79,2.84,14948661,0
SOFI.US,D,20211216,000000,2.83,3.17,2.79,3.11,16528980,0
SOFI.US,D,20211217,000000,3.16,3.26,3.12,3.23,9461423,0
SOFI.US,D,20211220,000000,3.28,3.31,2.92,2.96,11184853,0
SOFI.US,D,20211220,000000,2.90,3.11,2.85,3.09,10719851,0
SOFI.US,D,20211220,000000,3.16,3.25,2.93,2.98,10474798,0
SOFI.US,D,20211221,000000,3.02,3.05,2.92,2.95,14704124,0
SOFI.US,D,20211222,000000,2.99,3.03,2.82,2.83,17291870,0
SOFI.US,D,20211223,000000,2.88,3.07,2.86,3.06,15980803,0
SOFI.US,D,20211224,000000,3.02,3.05,2.77,2.84,8705535,0
SOFI.US,D,20211227,000000,2.92,2.95,2.46,2.62,17530270,0
SOFI.US,D,20211227,000000,2.63,2.69,2.36,2.45,13405518,0
SOFI.US,D,20211227,000000,2.46,2.62,2.44,2.60,9933549,0
SOFI.US,D,20211228,000000,2.58,2.59,2.23,2.25,7825284,0
SOFI.US,D,20211229,000000,2.30,2.42,2.26,2.38,6596990,0
SOFI.US,D,20211230,000000,2.44,2.46,2.38,2.38,8000000,0
SOFI.US,D,20211231,000000,2.35,2.41,2.32,2.39,6603076,0
SOFI.US,D,20220103,000000,2.41,2.49,2.40,2.44,15166083,0
SOFI.US,D,20220103,000000,2.43,2.70,2.37,2.65,15050372,0
SOFI.US,D,20220103,000000,2.66,3.02,2.59,2.86,10121452,0
SOFI.US,D,20220104,000000,2.86,3.06,2.81,3.03,17039211,0
SOFI.US,D,20220105,000000,2.98,2.99,2.95,2.96,13883411,0
SOFI.US,D,20220106,000000,3.02,3.19,3.01,3.16,17443467,0
SOFI.US,D,20220107,000000,3.16,3.17,2.98,3.05,10891826,0
SOFI.US,D,20220110,000000,3.04,3.25,3.03,3.22,16958275,0
SOFI.US,D,20220110,000000,3.21,3.23,3.20,3.22,11958574,0
SOFI.US,D,20220110,000000,3.19,3.24,3.17,3.21,13801090,0
SOFI.US,D,20220111,000000,3.26,3.30,3.24,3.28,12740662,0
