<TICKER>,<PER>,<DATE>,<TIME>,<OPEN>,<HIGH>,<LOW>,<CLOSE>,<VOL>,<OPENINT>
SPCE.US,D,20180102,000000,5.00,5.10,4.99,5.08,10492666,0
SPCE.US,D,20180103,000000,5.10,5.11,5.10,5.10,10252664,0
SPCE.US,D,20180104,000000,5.08,5.16,5.03,5.13,6537454,0
SPCE.US,D,20180105,000000,5.11,5.19,5.07,5.19,9740512,0
SPCE.US,D,20180108,000000,5.20,5.22,5.08,5.12,9254858,0
SPCE.US,D,20180108,000000,5.09,5.11,5.04,5.05,6179155,0
SPCE.US,D,20180108,000000,5.07,5.12,5.06,5.11,6011444,0
SPCE.US,D,20180109,000000,5.10,5.11,5.03,5.07,9066907,0
SPCE.US,D,20180110,000000,5.06,5.22,5.05,5.16,9056486,0
SPCE.US,D,20180111,000000,5.19,5.20,5.12,5.13,4473013,0
SPCE.US,D,20180112,000000,5.08,5.31,5.07,5.24,8705300,0
SPCE.US,D,20180115,000000,5.23,5.26,5.21,5.25,4744005,0
SPCE.US,D,20180115,000000,5.29,5.31,5.29,5.30,4429904,0
SPCE.US,D,20180115,000000,5.34,5.42,5.33,5.40,8852755,0
SPCE.US,D,20180116,000000,5.44,5.53,5.24,5.28,11052402,0
SPCE.US,D,20180117,000000,5.31,5.36,5.28,5.35,11910999,0
SPCE.US,D,20180118,000000,5.32,5.49,5.30,5.40,6921490,0
SPCE.US,D,20180119,000000,5.32,5.33,5.25,5.28,11920283,0
SPCE.US,D,20180122,000000,5.27,5.33,5.07,5.18,6313115,0
SPCE.US,D,20180122,000000,5.17,5.47,5.16,5.42,7435191,0
SPCE.US,D,20180122,000000,5.49,5.51,5.22,5.29,11884544,0
SPCE.US,D,20180123,000000,5.30,5.30,5.25,5.27,7548330,0
SPCE.US,D,20180124,000000,5.20,5.22,5.15,5.15,5591230,0
SPCE.US,D,20180125,000000,5.18,5.20,5.17,5.18,4119095,0
SPCE.US,D,20180126,000000,5.15,5.17,5.14,5.15,11387620,0
SPCE.US,D,20180129,000000,5.10,5.13,4.96,5.00,9435015,0
SPCE.US,D,20180129,000000,4.99,4.99,4.90,4.94,10758168,0
SPCE.US,D,20180129,000000,4.94,5.02,4.93,5.01,4391024,0
SPCE.US,D,20180130,000000,5.00,5.00,4.96,4.96,7078619,0
SPCE.US,D,20180131,000000,5.01,5.06,4.88,4.91,4300874,0
SPCE.US,D,20180201,000000,4.93,4.95,4.90,4.91,9290745,0
SPCE.US,D,20180202,000000,4.94,4.95,4.75,4.77,8695803,0
SPCE.US,D,20180205,000000,4.74,4.87,4.72,4.82,6628834,0
SPCE.US,D,20180205,000000,4.80,4.83,4.80,4.82,9276858,0
SPCE.US,D,20180205,000000,4.84,4.84,4.82,4.83,5358608,0
SPCE.US,D,20180206,000000,4.84,4.86,4.79,4.80,9300396,0
SPCE.US,D,20180207,000000,4.80,4.80,4.72,4.73,5202447,0
SPCE.US,D,20180208,000000,4.72,4.74,4.72,4.73,4022904,0
SPCE.US,D,20180209,000000,4.70,4.82,4.66,4.80,10086449,0
SPCE.US,D,20180212,000000,4.79,4.84,4.77,4.83,9483686,0
SPCE.US,D,20180212,000000,4.81,4.82,4.80,4.80,6615919,0
SPCE.US,D,20180212,000000,4.80,4.83,4.80,4.82,4111429,0
SPCE.US,D,20180213,000000,4.82,4.83,4.76,4.78,10684962,0
SPCE.US,D,20180214,000000,4.77,4.78,4.73,4.75,10860616,0
SPCE.US,D,20180215,000000,4.72,4.77,4.71,4.76,7041656,0
SPCE.US,D,20180216,000000,4.78,5.01,4.77,4.91,8330562,0
SPCE.US,D,20180219,000000,4.94,4.96,4.90,4.92,6671814,0
SPCE.US,D,20180219,000000,4.90,4.92,4.75,4.78,5274662,0
SPCE.US,D,20180219,000000,4.74,4.77,4.74,4.77,4546149,0
SPCE.US,D,20180220,000000,4.78,4.79,4.62,4.69,9529124,0
SPCE.US,D,20180221,000000,4.66,4.66,4.66,4.66,10081097,0
SPCE.US,D,20180222,000000,4.65,4.66,4.60,4.61,6532504,0
SPCE.US,D,20180223,000000,4.60,4.71,4.59,4.67,9249672,0
SPCE.US,D,20180226,000000,4.66,4.66,4.56,4.56,5748110,0
SPCE.US,D,20180226,000000,4.58,4.65,4.58,4.63,9278617,0
SPCE.US,D,20180226,000000,4.63,4.71,4.63,4.71,10695304,0
SPCE.US,D,20180227,000000,4.68,4.68,4.68,4.68,11895362,0
SPCE.US,D,20180228,000000,4.64,4.88,4.61,4.77,6001963,0
SPCE.US,D,20180301,000000,4.75,4.91,4.72,4.84,11258875,0
SPCE.US,D,20180302,000000,4.84,4.85,4.78,4.78,7536086,0
SPCE.US,D,20180305,000000,4.71,4.71,4.66,4.68,4203241,0
SPCE.US,D,20180305,000000,4.65,4.67,4.64,4.67,7990286,0
SPCE.US,D,20180305,000000,4.66,4.68,4.65,4.65,10115686,0
SPCE.US,D,20180306,000000,4.56,4.57,4.50,4.51,10138166,0
SPCE.US,D,20180307,000000,4.48,4.52,4.23,4.32,4745095,0
SPCE.US,D,20180308,000000,4.36,4.38,4.29,4.32,9592201,0
SPCE.US,D,20180309,000000,4.29,4.35,4.26,4.33,11476308,0
SPCE.US,D,20180312,000000,4.32,4.33,4.31,4.31,5160877,0
SPCE.US,D,20180312,000000,4.32,4.40,4.29,4.34,5179600,0
SPCE.US,D,20180312,000000,4.31,4.33,4.23,4.25,6691006,0
SPCE.US,D,20180313,000000,4.27,4.27,4.12,4.18,7517462,0
SPCE.US,D,20180314,000000,4.19,4.39,4.17,4.32,5363235,0
SPCE.US,D,20180315,000000,4.40,4.42,4.21,4.22,5645441,0
SPCE.US,D,20180316,000000,4.19,4.21,4.18,4.20,10751293,0
SPCE.US,D,20180319,000000,4.16,4.17,3.82,3.91,10342214,0
SPCE.US,D,20180319,000000,3.90,3.92,3.89,3.89,11937437,0
SPCE.US,D,20180319,000000,3.89,4.24,3.87,4.12,8022265,0
SPCE.US,D,20180320,000000,4.12,4.25,4.06,4.24,9745575,0
SPCE.US,D,20180321,000000,4.21,4.48,4.20,4.41,8168795,0
SPCE.US,D,20180322,000000,4.48,4.53,4.47,4.51,6671451,0
SPCE.US,D,20180323,000000,4.52,4.59,4.49,4.59,9259560,0
SPCE.US,D,20180326,000000,4.56,4.57,4.10,4.28,5104523,0
SPCE.US,D,20180326,000000,4.29,4.29,4.09,4.15,5138806,0
SPCE.US,D,20180326,000000,4.19,4.28,4.15,4.20,9216158,0
SPCE.US,D,20180327,000000,4.18,4.21,4.12,4.18,7383302,0
SPCE.US,D,20180328,000000,4.18,4.18,4.07,4.10,9080532,0
SPCE.US,D,20180329,000000,4.11,4.16,3.78,3.80,7464880,0
SPCE.US,D,20180330,000000,3.77,3.79,3.68,3.69,8509391,0
SPCE.US,D,20180402,000000,3.79,3.82,3.78,3.81,4403991,0
SPCE.US,D,20180402,000000,3.77,3.82,3.51,3.62,4403859,0
SPCE.US,D,20180402,000000,3.68,3.74,3.66,3.73,9893329,0
SPCE.US,D,20180403,000000,3.73,3.73,3.63,3.64,8420726,0
SPCE.US,D,20180404,000000,3.59,3.65,3.58,3.64,11184342,0
SPCE.US,D,20180405,000000,3.62,3.88,3.60,3.84,6560099,0
SPCE.US,D,20180406,000000,3.88,3.92,3.51,3.61,8040218,0
SPCE.US,D,20180409,000000,3.62,3.70,3.61,3.70,7244685,0
SPCE.US,D,20180409,000000,3.71,3.96,3.70,3.90,7555925,0
SPCE.US,D,20180409,000000,3.85,3.96,3.79,3.95,8923157,0
SPCE.US,D,20180410,000000,3.94,4.03,3.92,3.98,8985720,0
SPCE.US,D,20180411,000000,3.93,4.03,3.92,4.03,9984423,0
SPCE.US,D,20180412,000000,3.94,4.24,3.91,4.11,4912391,0
SPCE.US,D,20180413,000000,4.03,4.06,4.03,4.04,7598612,0
SPCE.US,D,20180416,000000,4.02,4.11,4.02,4.10,9890002,0
SPCE.US,D,20180416,000000,4.07,4.24,4.04,4.19,6038770,0
SPCE.US,D,20180416,000000,4.17,4.17,4.14,4.15,5668283,0
SPCE.US,D,20180417,000000,4.05,4.30,4.04,4.19,7742081,0
SPCE.US,D,20180418,000000,4.10,4.16,3.81,3.99,5000995,0
SPCE.US,D,20180419,000000,4.00,4.07,3.99,4.07,9057647,0
SPCE.US,D,20180420,000000,4.06,4.15,4.05,4.10,11370297,0
SPCE.US,D,20180423,000000,4.11,4.18,4.11,4.14,7350809,0
SPCE.US,D,20180423,000000,4.14,4.15,4.12,4.13,10872541,0
SPCE.US,D,20180423,000000,4.10,4.19,4.07,4.17,11510555,0
SPCE.US,D,20180424,000000,4.17,4.18,4.13,4.14,4173061,0
SPCE.US,D,20180425,000000,4.11,4.14,4.11,4.13,6552086,0
SPCE.US,D,20180426,000000,4.18,4.19,4.10,4.15,5791997,0
SPCE.US,D,20180427,000000,4.10,4.37,4.08,4.36,8743602,0
SPCE.US,D,20180430,000000,4.37,4.41,4.31,4.34,11258618,0
SPCE.US,D,20180430,000000,4.41,4.46,4.33,4.33,4244825,0
SPCE.US,D,20180430,000000,4.31,4.34,4.26,4.27,11881730,0
SPCE.US,D,20180501,000000,4.28,4.29,3.96,4.03,10348924,0
SPCE.US,D,20180502,000000,4.04,4.19,4.04,4.16,5121556,0
SPCE.US,D,20180503,000000,4.13,4.17,4.12,4.16,7858641,0
SPCE.US,D,20180504,000000,4.11,4.44,4.07,4.36,11397789,0
SPCE.US,D,20180507,000000,4.40,4.42,4.39,4.41,5854067,0
SPCE.US,D,20180507,000000,4.34,4.35,4.19,4.23,4091645,0
SPCE.US,D,20180507,000000,4.27,4.33,4.14,4.18,9105479,0
SPCE.US,D,20180508,000000,4.13,4.20,4.08,4.19,10145557,0
SPCE.US,D,20180509,000000,4.21,4.23,4.13,4.16,10774028,0
SPCE.US,D,20180510,000000,4.16,4.30,4.11,4.29,4669869,0
SPCE.US,D,20180511,000000,4.25,4.64,4.24,4.55,9697999,0
SPCE.US,D,20180514,000000,4.53,5.08,4.38,5.03,6666451,0
SPCE.US,D,20180514,000000,5.11,5.14,4.53,4.68,10098463,0
SPCE.US,D,20180514,000000,4.80,4.83,4.80,4.82,8845825,0
SPCE.US,D,20180515,000000,4.86,4.92,4.76,4.92,8990393,0
SPCE.US,D,20180516,000000,4.84,5.18,4.79,5.08,9804876,0
SPCE.US,D,20180517,000000,5.14,5.35,5.13,5.30,9942556,0
SPCE.US,D,20180518,000000,5.24,5.41,5.23,5.36,5799935,0
SPCE.US,D,20180521,000000,5.40,5.66,5.34,5.56,7865725,0
SPCE.US,D,20180521,000000,5.69,5.74,5.22,5.24,6379297,0
SPCE.US,D,20180521,000000,5.32,6.01,5.32,5.73,5148989,0
SPCE.US,D,20180522,000000,5.71,5.82,5.68,5.76,9138910,0
SPCE.US,D,20180523,000000,5.71,5.75,5.55,5.57,7327750,0
SPCE.US,D,20180524,000000,5.57,5.74,5.10,5.14,7166752,0
SPCE.US,D,20180525,000000,5.03,5.13,4.99,5.10,9034025,0
SPCE.US,D,20180528,000000,5.08,5.51,4.92,5.28,5539980,0
SPCE.US,D,20180528,000000,5.26,5.43,5.23,5.36,11084691,0
SPCE.US,D,20180528,000000,5.28,5.41,5.20,5.31,9423528,0
SPCE.US,D,20180529,000000,5.31,5.49,5.31,5.44,5823858,0
SPCE.US,D,20180530,000000,5.46,5.47,5.37,5.39,5773737,0
SPCE.US,D,20180531,000000,5.31,5.61,5.28,5.52,4952738,0
SPCE.US,D,20180601,000000,5.46,6.10,5.39,6.00,10096316,0
SPCE.US,D,20180604,000000,6.12,6.16,5.96,5.98,10621057,0
SPCE.US,D,20180604,000000,5.87,6.16,5.83,6.14,11243230,0
SPCE.US,D,20180604,000000,6.22,6.23,6.08,6.11,10060215,0
SPCE.US,D,20180605,000000,6.10,6.51,6.02,6.41,9594471,0
SPCE.US,D,20180606,000000,6.49,7.21,6.22,6.92,4411445,0
SPCE.US,D,20180607,000000,7.01,7.10,6.48,6.51,7837157,0
SPCE.US,D,20180608,000000,6.43,6.43,5.99,6.22,5452252,0
SPCE.US,D,20180611,000000,6.30,6.38,5.80,5.95,7963478,0
SPCE.US,D,20180611,000000,6.04,6.33,5.92,6.26,7938078,0
SPCE.US,D,20180611,000000,6.19,6.46,6.12,6.46,10307928,0
SPCE.US,D,20180612,000000,6.37,7.32,6.28,6.94,7452829,0
SPCE.US,D,20180613,000000,7.20,7.24,5.48,6.19,6378571,0
SPCE.US,D,20180614,000000,6.24,6.33,5.52,5.78,7462994,0
SPCE.US,D,20180615,000000,5.84,5.93,5.23,5.24,6610976,0
SPCE.US,D,20180618,000000,5.35,5.38,4.87,5.01,11183890,0
SPCE.US,D,20180618,000000,5.04,5.56,4.98,5.43,9394094,0
SPCE.US,D,20180618,000000,5.45,5.51,5.31,5.37,10368093,0
SPCE.US,D,20180619,000000,5.31,5.44,4.89,5.10,6317503,0
SPCE.US,D,20180620,000000,5.10,5.22,5.03,5.17,10803682,0
SPCE.US,D,20180621,000000,5.16,5.22,5.07,5.09,8140450,0
SPCE.US,D,20180622,000000,5.05,5.09,5.01,5.03,4680760,0
SPCE.US,D,20180625,000000,5.15,5.17,5.06,5.06,10090675,0
SPCE.US,D,20180625,000000,5.05,5.13,5.04,5.13,4159983,0
SPCE.US,D,20180625,000000,5.25,5.26,4.87,4.98,6193635,0
SPCE.US,D,20180626,000000,5.03,5.39,4.97,5.35,4641943,0
SPCE.US,D,20180627,000000,5.53,5.63,4.69,4.88,7018126,0
SPCE.US,D,20180628,000000,4.82,4.85,4.37,4.53,10014425,0
SPCE.US,D,20180629,000000,4.48,4.78,4.46,4.64,6912917,0
SPCE.US,D,20180702,000000,4.54,4.55,4.47,4.49,11944153,0
SPCE.US,D,20180702,000000,4.42,4.42,4.09,4.17,6956448,0
SPCE.US,D,20180702,000000,4.02,4.51,3.98,4.49,8261700,0
SPCE.US,D,20180703,000000,4.53,4.89,4.51,4.80,11030725,0
SPCE.US,D,20180704,000000,4.83,4.94,4.72,4.91,4399324,0
SPCE.US,D,20180705,000000,5.00,5.37,4.99,5.20,10461818,0
SPCE.US,D,20180706,000000,5.26,5.82,5.05,5.79,9826423,0
SPCE.US,D,20180709,000000,5.77,6.46,5.49,6.27,9722295,0
SPCE.US,D,20180709,000000,6.35,6.61,6.26,6.55,5113357,0
SPCE.US,D,20180709,000000,6.73,6.75,6.69,6.70,11780440,0
SPCE.US,D,20180710,000000,6.62,6.97,6.45,6.93,4417420,0
SPCE.US,D,20180711,000000,6.91,7.14,6.75,7.11,15872974,0
SPCE.US,D,20180712,000000,7.18,7.27,7.15,7.23,16506063,0
SPCE.US,D,20180713,000000,7.09,7.46,6.97,7.34,13199418,0
SPCE.US,D,20180716,000000,7.24,7.58,7.16,7.46,11074565,0
SPCE.US,D,20180716,000000,7.41,7.90,7.20,7.59,14416380,0
SPCE.US,D,20180716,000000,7.67,7.81,7.66,7.81,15398879,0
SPCE.US,D,20180717,000000,7.64,8.06,7.59,7.99,19434938,0
SPCE.US,D,20180718,000000,7.77,8.27,7.77,8.19,23136984,0
SPCE.US,D,20180719,000000,8.07,8.48,7.88,8.38,9798645,0
SPCE.US,D,20180720,000000,8.48,8.69,8.41,8.58,25507271,0
SPCE.US,D,20180723,000000,8.49,8.82,8.38,8.72,19228484,0
SPCE.US,D,20180723,000000,8.90,9.07,8.87,8.99,29745073,0
SPCE.US,D,20180723,000000,9.22,9.26,9.19,9.19,28946013,0
SPCE.US,D,20180724,000000,9.19,9.69,9.13,9.53,34181375,0
SPCE.US,D,20180725,000000,9.35,10.07,9.33,9.74,31959455,0
SPCE.US,D,20180726,000000,9.45,10.30,9.03,10.07,28132800,0
SPCE.US,D,20180727,000000,10.45,10.50,10.18,10.39,19453159,0
SPCE.US,D,20180730,000000,10.66,10.71,10.45,10.71,25759203,0
SPCE.US,D,20180730,000000,10.54,12.00,10.51,11.10,36253936,0
SPCE.US,D,20180730,000000,11.21,11.80,11.05,11.51,29357470,0
SPCE.US,D,20180731,000000,11.64,12.10,11.63,11.86,6083094,0
SPCE.US,D,20180801,000000,11.81,12.16,11.78,12.10,5011008,0
SPCE.US,D,20180802,000000,12.21,12.84,12.15,12.79,7462559,0
SPCE.US,D,20180803,000000,13.02,13.63,12.91,13.55,7684015,0
SPCE.US,D,20180806,000000,14.15,14.83,13.94,14.69,9702307,0
SPCE.US,D,20180806,000000,15.30,16.21,15.20,15.84,7629006,0
SPCE.US,D,20180806,000000,15.72,16.14,14.96,15.69,10841565,0
SPCE.US,D,20180807,000000,15.62,15.80,14.61,14.91,6697784,0
SPCE.US,D,20180808,000000,14.30,14.57,14.21,14.22,10856814,0
SPCE.US,D,20180809,000000,14.31,15.17,14.28,15.03,9037878,0
SPCE.US,D,20180810,000000,15.17,15.98,15.13,15.74,4716883,0
SPCE.US,D,20180813,000000,16.43,16.68,15.22,15.27,5968852,0
SPCE.US,D,20180813,000000,15.59,15.85,15.53,15.61,5055672,0
SPCE.US,D,20180813,000000,14.79,16.21,14.30,15.74,10248913,0
SPCE.US,D,20180814,000000,15.65,16.08,15.57,16.05,11109882,0
SPCE.US,D,20180815,000000,15.90,16.18,13.65,14.15,9829803,0
SPCE.US,D,20180816,000000,14.48,14.92,13.14,13.38,11726488,0
SPCE.US,D,20180817,000000,13.84,14.19,13.72,14.13,5919651,0
SPCE.US,D,20180820,000000,13.99,17.77,13.84,16.92,9368764,0
SPCE.US,D,20180820,000000,17.30,17.47,16.74,16.95,5299362,0
SPCE.US,D,20180820,000000,16.84,17.72,16.74,17.67,9870504,0
SPCE.US,D,20180821,000000,17.14,17.48,16.19,16.70,11363225,0
SPCE.US,D,20180822,000000,16.57,16.62,16.36,16.52,5153772,0
SPCE.US,D,20180823,000000,16.51,19.15,15.60,18.95,4119272,0
SPCE.US,D,20180824,000000,19.40,19.80,19.35,19.64,11399558,0
SPCE.US,D,20180827,000000,19.75,21.38,19.36,21.20,4619976,0
SPCE.US,D,20180827,000000,21.56,21.79,20.76,20.87,9011348,0
SPCE.US,D,20180827,000000,20.79,20.89,18.86,19.86,10772351,0
SPCE.US,D,20180828,000000,19.65,20.83,18.59,20.04,11491388,0
SPCE.US,D,20180829,000000,19.81,21.03,19.59,20.95,8563727,0
SPCE.US,D,20180830,000000,20.34,20.88,18.75,19.87,6702281,0
SPCE.US,D,20180831,000000,20.19,20.19,19.88,20.03,8692754,0
SPCE.US,D,20180903,000000,20.22,21.20,17.32,18.48,8068892,0
SPCE.US,D,20180903,000000,18.96,19.12,16.46,17.00,10931260,0
SPCE.US,D,20180903,000000,17.06,17.07,16.40,16.66,11859451,0
SPCE.US,D,20180904,000000,16.66,17.83,12.90,13.65,4845096,0
SPCE.US,D,20180905,000000,14.24,15.05,12.45,12.49,9993330,0
SPCE.US,D,20180906,000000,12.03,12.79,12.01,12.65,11740291,0
SPCE.US,D,20180907,000000,12.45,13.12,12.02,12.69,5451660,0
SPCE.US,D,20180910,000000,12.94,12.98,12.02,12.29,4465059,0
SPCE.US,D,20180910,000000,12.34,14.88,11.67,13.64,7039830,0
SPCE.US,D,20180910,000000,13.86,14.22,11.59,11.63,4598105,0
SPCE.US,D,20180911,000000,12.18,13.51,12.15,13.09,7518605,0
SPCE.US,D,20180912,000000,13.14,14.31,13.03,14.07,11781953,0
SPCE.US,D,20180913,000000,13.59,13.60,13.13,13.19,9223413,0
SPCE.US,D,20180914,000000,12.70,13.32,12.67,13.20,11966201,0
SPCE.US,D,20180917,000000,12.86,13.68,12.83,13.37,10728326,0
SPCE.US,D,20180917,000000,13.81,13.85,13.31,13.38,11394746,0
SPCE.US,D,20180917,000000,13.80,13.81,13.56,13.63,5209936,0
SPCE.US,D,20180918,000000,13.28,13.43,13.12,13.21,4821974,0
SPCE.US,D,20180919,000000,12.84,13.29,12.80,13.21,7922539,0
SPCE.US,D,20180920,000000,13.14,14.46,12.57,14.39,8014266,0
SPCE.US,D,20180921,000000,14.88,15.38,14.81,15.18,9310011,0
SPCE.US,D,20180924,000000,14.75,15.31,14.51,15.31,4297962,0
SPCE.US,D,20180924,000000,15.72,16.20,14.78,15.13,10843750,0
SPCE.US,D,20180924,000000,14.69,16.12,14.66,15.78,8001728,0
SPCE.US,D,20180925,000000,15.77,17.35,13.28,13.65,8612368,0
SPCE.US,D,20180926,000000,14.19,15.57,13.90,15.54,6710425,0
SPCE.US,D,20180927,000000,15.12,15.15,14.30,14.56,11631596,0
SPCE.US,D,20180928,000000,14.56,15.22,12.75,13.23,11538462,0
SPCE.US,D,20181001,000000,13.68,13.80,12.11,12.14,4923151,0
SPCE.US,D,20181001,000000,12.42,12.82,12.37,12.75,4674443,0
SPCE.US,D,20181001,000000,13.20,13.54,9.81,10.05,4317529,0
SPCE.US,D,20181002,000000,10.05,10.08,9.77,9.82,8034821,0
SPCE.US,D,20181003,000000,10.00,10.15,9.98,10.08,5986991,0
SPCE.US,D,20181004,000000,10.09,10.20,10.05,10.14,6736115,0
SPCE.US,D,20181005,000000,10.08,10.18,9.26,9.52,11013466,0
SPCE.US,D,20181008,000000,9.37,10.50,9.03,10.38,6229044,0
SPCE.US,D,20181008,000000,10.33,12.23,10.01,11.90,5968447,0
SPCE.US,D,20181008,000000,11.65,11.65,10.78,10.86,7270966,0
SPCE.US,D,20181009,000000,10.80,11.80,10.75,11.69,11696333,0
SPCE.US,D,20181010,000000,11.50,13.33,11.19,13.01,4979987,0
SPCE.US,D,20181011,000000,13.12,13.62,13.03,13.53,11801360,0
SPCE.US,D,20181012,000000,13.81,13.82,11.46,12.44,10944335,0
SPCE.US,D,20181015,000000,12.59,13.74,12.59,13.27,7661847,0
SPCE.US,D,20181015,000000,13.02,13.47,10.86,10.91,7765839,0
SPCE.US,D,20181015,000000,11.14,11.37,11.02,11.34,6753388,0
SPCE.US,D,20181016,000000,11.26,11.30,9.78,10.03,6458734,0
SPCE.US,D,20181017,000000,9.78,11.74,9.50,11.71,7221353,0
SPCE.US,D,20181018,000000,11.54,13.23,11.52,12.72,9235637,0
SPCE.US,D,20181019,000000,13.02,14.03,10.16,10.52,6245719,0
SPCE.US,D,20181022,000000,10.51,10.81,10.41,10.78,4852890,0
SPCE.US,D,20181022,000000,10.77,11.08,10.57,10.83,5298756,0
SPCE.US,D,20181022,000000,10.60,11.21,10.47,11.12,5540961,0
SPCE.US,D,20181023,000000,11.23,11.26,10.86,11.07,5013254,0
SPCE.US,D,20181024,000000,11.06,11.27,9.83,9.98,7990542,0
SPCE.US,D,20181025,000000,9.93,12.12,9.92,11.13,8351024,0
SPCE.US,D,20181026,000000,11.44,12.16,11.32,12.02,8565877,0
SPCE.US,D,20181029,000000,12.03,12.92,11.91,12.83,4381450,0
SPCE.US,D,20181029,000000,13.24,13.26,12.97,13.05,9321568,0
SPCE.US,D,20181029,000000,13.47,13.70,11.96,12.03,11729061,0
SPCE.US,D,20181030,000000,11.71,13.00,11.67,12.41,11032737,0
SPCE.US,D,20181031,000000,12.38,12.42,11.24,11.40,11038067,0
SPCE.US,D,20181101,000000,11.26,11.46,10.90,11.13,8960644,0
SPCE.US,D,20181102,000000,11.20,11.24,11.03,11.09,9484837,0
SPCE.US,D,20181105,000000,11.09,11.23,10.95,10.98,10754475,0
SPCE.US,D,20181105,000000,10.89,11.63,10.53,11.26,8450537,0
SPCE.US,D,20181105,000000,10.97,11.48,9.59,9.73,6813083,0
SPCE.US,D,20181106,000000,9.64,10.83,9.46,10.67,9346375,0
SPCE.US,D,20181107,000000,10.40,12.60,10.36,11.87,6908530,0
SPCE.US,D,20181108,000000,11.96,12.10,10.83,10.85,8622331,0
SPCE.US,D,20181109,000000,10.80,11.04,10.79,10.96,8820337,0
SPCE.US,D,20181112,000000,10.87,11.74,10.69,11.65,8100589,0
SPCE.US,D,20181112,000000,12.12,14.23,11.70,13.51,5821037,0
SPCE.US,D,20181112,000000,13.67,16.17,13.56,15.11,10353113,0
SPCE.US,D,20181113,000000,15.15,15.73,13.76,14.75,6107736,0
SPCE.US,D,20181114,000000,14.45,15.00,13.49,13.56,7150772,0
SPCE.US,D,20181115,000000,13.46,14.87,13.09,14.87,7764969,0
SPCE.US,D,20181116,000000,15.19,16.79,11.68,12.57,4691954,0
SPCE.US,D,20181119,000000,12.49,13.71,12.12,13.31,10231318,0
SPCE.US,D,20181119,000000,13.67,13.82,12.29,12.49,11075658,0
SPCE.US,D,20181119,000000,12.92,13.31,12.91,13.05,11167970,0
SPCE.US,D,20181120,000000,12.89,13.66,12.80,13.40,11647206,0
SPCE.US,D,20181121,000000,13.18,13.20,13.15,13.17,7543787,0
SPCE.US,D,20181122,000000,13.50,13.57,11.87,12.35,8131950,0
SPCE.US,D,20181123,000000,12.34,12.37,10.99,11.36,9652061,0
SPCE.US,D,20181126,000000,11.55,11.57,11.37,11.45,11682069,0
SPCE.US,D,20181126,000000,11.50,11.55,10.44,10.71,9597196,0
SPCE.US,D,20181126,000000,10.96,11.13,10.41,10.42,11227411,0
SPCE.US,D,20181127,000000,10.33,11.43,10.03,11.23,4242782,0
SPCE.US,D,20181128,000000,11.41,11.97,9.42,9.85,9927933,0
SPCE.US,D,20181129,000000,9.81,11.79,9.37,11.17,8812592,0
SPCE.US,D,20181130,000000,10.97,13.03,10.87,12.28,10316772,0
SPCE.US,D,20181203,000000,12.32,12.60,11.04,11.53,7974612,0
SPCE.US,D,20181203,000000,11.80,12.17,11.77,12.10,8695330,0
SPCE.US,D,20181203,000000,12.26,12.80,11.02,11.16,7142686,0
SPCE.US,D,20181204,000000,11.25,12.49,11.19,12.00,11232995,0
SPCE.US,D,20181205,000000,11.69,11.83,9.31,10.01,4656442,0
SPCE.US,D,20181206,000000,10.08,10.12,8.11,8.56,5531378,0
SPCE.US,D,20181207,000000,8.46,9.42,8.45,9.36,6635499,0
SPCE.US,D,20181210,000000,9.31,9.62,8.12,8.19,10220519,0
SPCE.US,D,20181210,000000,7.90,8.17,7.88,8.16,8230062,0
SPCE.US,D,20181210,000000,8.08,10.48,7.88,9.68,6173620,0
SPCE.US,D,20181211,000000,9.83,11.19,9.56,10.66,8107421,0
SPCE.US,D,20181212,000000,10.94,10.95,9.67,9.96,5146723,0
SPCE.US,D,20181213,000000,9.71,9.80,9.44,9.48,9165081,0
SPCE.US,D,20181214,000000,9.24,9.99,9.00,9.96,8395152,0
SPCE.US,D,20181217,000000,9.62,9.79,9.50,9.71,8196126,0
SPCE.US,D,20181217,000000,9.77,10.15,8.20,8.72,7336018,0
SPCE.US,D,20181217,000000,8.92,9.21,8.27,8.42,9743432,0
SPCE.US,D,20181218,000000,8.49,8.54,7.01,7.56,7637482,0
SPCE.US,D,20181219,000000,7.89,8.05,7.04,7.22,6419701,0
SPCE.US,D,20181220,000000,7.29,7.61,7.28,7.53,10228263,0
SPCE.US,D,20181221,000000,7.47,7.49,6.78,7.02,11373159,0
SPCE.US,D,20181224,000000,6.70,7.26,6.70,7.25,7106312,0
SPCE.US,D,20181224,000000,7.27,8.59,7.10,8.25,6061516,0
SPCE.US,D,20181224,000000,8.18,8.19,8.00,8.06,10690183,0
SPCE.US,D,20181225,000000,8.03,8.13,7.67,7.73,10810814,0
SPCE.US,D,20181226,000000,7.67,7.98,7.65,7.98,6595018,0
SPCE.US,D,20181227,000000,8.03,8.27,7.96,8.23,11025222,0
SPCE.US,D,20181228,000000,8.22,8.73,8.01,8.67,5668923,0
SPCE.US,D,20181231,000000,8.60,8.69,8.29,8.39,6668810,0
SPCE.US,D,20181231,000000,8.27,8.37,8.24,8.33,5529929,0
SPCE.US,D,20181231,000000,8.26,8.31,7.84,7.85,10715457,0
SPCE.US,D,20190101,000000,7.76,7.84,7.61,7.78,6456120,0
SPCE.US,D,20190102,000000,7.80,8.32,6.96,7.51,11341124,0
SPCE.US,D,20190103,000000,7.42,7.67,7.35,7.60,10989747,0
SPCE.US,D,20190104,000000,7.58,8.81,7.53,8.29,10068241,0
SPCE.US,D,20190107,000000,8.47,8.52,8.46,8.51,10409379,0
SPCE.US,D,20190107,000000,8.18,8.49,8.00,8.35,4902242,0
SPCE.US,D,20190107,000000,8.31,8.36,7.62,7.84,8002799,0
SPCE.US,D,20190108,000000,7.74,8.67,7.70,8.57,5469450,0
SPCE.US,D,20190109,000000,8.51,9.77,8.44,9.57,8790674,0
SPCE.US,D,20190110,000000,9.52,10.00,9.48,9.85,8925503,0
SPCE.US,D,20190111,000000,9.86,9.91,9.79,9.88,10642799,0
SPCE.US,D,20190114,000000,9.98,10.59,9.95,10.58,11916817,0
SPCE.US,D,20190114,000000,10.59,12.35,10.20,11.88,5296435,0
SPCE.US,D,20190114,000000,11.55,11.57,10.74,11.02,6125203,0
SPCE.US,D,20190115,000000,10.94,11.02,10.46,10.79,6529049,0
SPCE.US,D,20190116,000000,10.63,10.79,10.29,10.50,8534341,0
SPCE.US,D,20190117,000000,10.09,10.28,9.83,9.93,5281872,0
SPCE.US,D,20190118,000000,9.93,10.08,9.61,9.65,7253847,0
SPCE.US,D,20190121,000000,9.72,9.76,9.63,9.64,11954585,0
SPCE.US,D,20190121,000000,9.28,9.30,9.05,9.20,9575395,0
SPCE.US,D,20190121,000000,9.20,9.21,9.14,9.18,5083017,0
SPCE.US,D,20190122,000000,9.25,9.29,9.04,9.24,10045306,0
SPCE.US,D,20190123,000000,9.26,9.39,8.32,8.69,4585736,0
SPCE.US,D,20190124,000000,8.81,9.02,8.73,9.00,8090157,0
SPCE.US,D,20190125,000000,8.98,8.99,8.37,8.59,4464100,0
SPCE.US,D,20190128,000000,8.59,8.69,8.27,8.34,5867901,0
SPCE.US,D,20190128,000000,8.02,8.15,7.94,8.00,8663506,0
SPCE.US,D,20190128,000000,8.01,8.43,7.97,8.38,9227994,0
SPCE.US,D,20190129,000000,8.59,8.59,7.21,7.68,11158333,0
SPCE.US,D,20190130,000000,7.54,8.75,7.45,8.18,8048172,0
SPCE.US,D,20190131,000000,8.11,8.59,8.10,8.37,11071537,0
SPCE.US,D,20190201,000000,8.01,8.89,7.98,8.84,9330348,0
SPCE.US,D,20190204,000000,8.70,9.83,8.63,9.78,4423436,0
SPCE.US,D,20190204,000000,10.34,10.80,10.30,10.73,6608685,0
SPCE.US,D,20190204,000000,10.71,12.98,9.96,12.27,4093134,0
SPCE.US,D,20190205,000000,12.33,12.60,11.36,11.69,8441237,0
SPCE.US,D,20190206,000000,11.84,11.90,10.44,10.99,10406410,0
SPCE.US,D,20190207,000000,11.33,12.62,10.88,12.23,8923815,0
SPCE.US,D,20190208,000000,12.57,13.44,12.51,13.32,4070380,0
SPCE.US,D,20190211,000000,12.55,13.68,11.97,13.45,11134868,0
SPCE.US,D,20190211,000000,13.57,15.01,13.38,14.68,9429562,0
SPCE.US,D,20190211,000000,15.05,15.07,13.31,13.78,6996995,0
SPCE.US,D,20190212,000000,13.86,13.87,13.04,13.33,8877249,0
SPCE.US,D,20190213,000000,13.14,14.07,13.14,13.92,4227483,0
SPCE.US,D,20190214,000000,13.44,13.47,13.06,13.16,11071544,0
SPCE.US,D,20190215,000000,13.85,14.07,13.00,13.16,10584766,0
SPCE.US,D,20190218,000000,13.27,13.78,12.43,12.53,6471924,0
SPCE.US,D,20190218,000000,12.78,14.54,12.46,14.47,5586853,0
SPCE.US,D,20190218,000000,14.50,14.81,14.47,14.76,5460568,0
SPCE.US,D,20190219,000000,14.63,14.72,14.40,14.62,5910290,0
SPCE.US,D,20190220,000000,14.58,15.16,11.92,12.15,9644915,0
SPCE.US,D,20190221,000000,11.70,11.74,10.37,10.55,10532380,0
SPCE.US,D,20190222,000000,10.84,10.92,9.60,9.86,10512360,0
SPCE.US,D,20190225,000000,9.92,9.96,9.49,9.50,9559902,0
SPCE.US,D,20190225,000000,9.17,11.13,9.09,10.74,5419551,0
SPCE.US,D,20190225,000000,10.72,10.98,9.78,9.93,7783955,0
SPCE.US,D,20190226,000000,9.66,10.10,9.50,9.89,7106342,0
SPCE.US,D,20190227,000000,9.78,9.79,9.06,9.26,4385444,0
SPCE.US,D,20190228,000000,9.42,9.48,8.24,8.77,4993363,0
SPCE.US,D,20190301,000000,8.85,8.89,7.85,8.39,11997917,0
SPCE.US,D,20190304,000000,8.36,8.76,8.28,8.67,8590522,0
SPCE.US,D,20190304,000000,8.49,8.68,8.47,8.66,8657311,0
SPCE.US,D,20190304,000000,8.36,8.46,8.21,8.28,10692617,0
SPCE.US,D,20190305,000000,8.27,9.75,7.21,9.66,9743080,0
SPCE.US,D,20190306,000000,9.43,9.76,7.93,8.18,6064448,0
SPCE.US,D,20190307,000000,8.03,8.82,7.83,8.81,11119716,0
SPCE.US,D,20190308,000000,8.77,9.82,8.54,9.79,10860575,0
SPCE.US,D,20190311,000000,10.06,10.64,7.84,8.51,9314937,0
SPCE.US,D,20190311,000000,8.32,8.43,8.03,8.08,8861868,0
SPCE.US,D,20190311,000000,8.10,8.11,7.81,7.90,6191683,0
SPCE.US,D,20190312,000000,7.76,7.98,7.15,7.31,9281600,0
SPCE.US,D,20190313,000000,7.35,7.39,7.05,7.10,4575740,0
SPCE.US,D,20190314,000000,7.17,7.22,7.04,7.06,8197227,0
SPCE.US,D,20190315,000000,7.49,8.46,7.35,7.99,9192958,0
SPCE.US,D,20190318,000000,8.04,8.05,7.53,7.55,9378012,0
SPCE.US,D,20190318,000000,8.04,8.16,7.22,7.74,7096373,0
SPCE.US,D,20190318,000000,7.71,7.77,6.75,6.97,5553757,0
SPCE.US,D,20190319,000000,6.82,6.90,6.41,6.50,7487590,0
SPCE.US,D,20190320,000000,6.69,7.60,6.68,7.53,8975826,0
SPCE.US,D,20190321,000000,7.47,7.77,6.03,6.54,8331605,0
SPCE.US,D,20190322,000000,6.64,6.66,6.62,6.65,9762719,0
SPCE.US,D,20190325,000000,6.44,6.73,5.77,6.14,9732777,0
SPCE.US,D,20190325,000000,6.05,6.13,5.61,5.64,11646362,0
SPCE.US,D,20190325,000000,5.60,6.38,5.46,6.06,11431772,0
SPCE.US,D,20190326,000000,6.03,6.53,6.00,6.52,4853344,0
SPCE.US,D,20190327,000000,6.37,6.41,6.13,6.22,8497045,0
SPCE.US,D,20190328,000000,6.14,6.23,5.50,5.58,10731585,0
SPCE.US,D,20190329,000000,5.56,5.79,5.55,5.71,8239223,0
SPCE.US,D,20190401,000000,5.90,5.91,5.75,5.76,8251143,0
SPCE.US,D,20190401,000000,5.62,6.30,5.45,6.28,10329269,0
SPCE.US,D,20190401,000000,6.22,7.18,6.03,6.96,9351529,0
SPCE.US,D,20190402,000000,6.94,7.53,6.90,7.35,10299921,0
SPCE.US,D,20190403,000000,7.19,8.11,6.51,7.67,7782094,0
SPCE.US,D,20190404,000000,7.70,7.90,7.69,7.80,7778638,0
SPCE.US,D,20190405,000000,7.99,8.17,7.87,8.17,8895828,0
SPCE.US,D,20190408,000000,8.18,8.19,8.01,8.01,9859498,0
SPCE.US,D,20190408,000000,8.30,8.50,8.26,8.40,7341408,0
SPCE.US,D,20190408,000000,8.47,9.20,8.37,9.04,10785197,0
SPCE.US,D,20190409,000000,9.03,9.08,8.25,8.27,10404232,0
SPCE.US,D,20190410,000000,8.10,8.28,7.82,7.88,6771952,0
SPCE.US,D,20190411,000000,7.79,8.59,7.75,8.33,11715579,0
SPCE.US,D,20190412,000000,8.26,8.26,7.34,7.47,5159887,0
SPCE.US,D,20190415,000000,7.50,7.62,6.52,6.97,11227099,0
SPCE.US,D,20190415,000000,6.77,6.86,6.70,6.83,5838769,0
SPCE.US,D,20190415,000000,7.05,7.14,7.02,7.08,9040060,0
SPCE.US,D,20190416,000000,7.03,7.82,6.88,7.52,6040467,0
SPCE.US,D,20190417,000000,7.83,8.04,7.78,8.03,7236528,0
SPCE.US,D,20190418,000000,8.17,8.17,7.53,7.53,11583919,0
SPCE.US,D,20190419,000000,7.36,7.71,6.27,6.43,11134392,0
SPCE.US,D,20190422,000000,6.27,6.35,5.92,6.01,4148990,0
SPCE.US,D,20190422,000000,6.16,6.18,5.90,5.97,11538469,0
SPCE.US,D,20190422,000000,5.96,6.03,5.94,5.97,8892717,0
SPCE.US,D,20190423,000000,6.03,6.07,5.98,5.98,4600961,0
SPCE.US,D,20190424,000000,5.86,5.88,5.55,5.59,5047424,0
SPCE.US,D,20190425,000000,5.58,6.74,5.50,6.27,11822802,0
SPCE.US,D,20190426,000000,6.49,6.68,6.40,6.66,4968854,0
SPCE.US,D,20190429,000000,6.49,6.67,5.37,5.52,11745545,0
SPCE.US,D,20190429,000000,5.36,5.59,5.28,5.49,6741054,0
SPCE.US,D,20190429,000000,5.67,5.82,5.43,5.47,8059870,0
SPCE.US,D,20190430,000000,5.48,6.18,5.29,5.98,4380751,0
SPCE.US,D,20190501,000000,5.74,5.76,5.45,5.46,4083461,0
SPCE.US,D,20190502,000000,5.51,5.52,5.04,5.16,5278203,0
SPCE.US,D,20190503,000000,5.06,5.48,5.00,5.31,11158853,0
SPCE.US,D,20190506,000000,5.21,5.53,5.13,5.38,7121182,0
SPCE.US,D,20190506,000000,5.44,5.46,5.37,5.45,18396815,0
SPCE.US,D,20190506,000000,5.39,5.58,5.39,5.53,17928863,0
SPCE.US,D,20190507,000000,5.58,5.85,5.44,5.72,10835052,0
SPCE.US,D,20190508,000000,5.79,5.85,5.79,5.83,13815836,0
SPCE.US,D,20190509,000000,5.81,6.02,5.80,5.96,18068855,0
SPCE.US,D,20190510,000000,5.84,6.48,5.73,6.08,19293656,0
SPCE.US,D,20190513,000000,6.13,6.34,6.11,6.26,24893683,0
SPCE.US,D,20190513,000000,6.20,6.66,6.04,6.42,19254475,0
SPCE.US,D,20190513,000000,6.52,6.66,6.50,6.62,26798615,0
SPCE.US,D,20190514,000000,6.29,7.08,6.29,6.82,13582833,0
SPCE.US,D,20190515,000000,6.90,7.11,6.84,6.95,24989182,0
SPCE.US,D,20190516,000000,6.68,7.26,6.59,7.12,27631241,0
SPCE.US,D,20190517,000000,7.30,7.31,7.25,7.30,13104033,0
SPCE.US,D,20190520,000000,7.36,7.65,7.29,7.57,23764966,0
SPCE.US,D,20190520,000000,7.70,7.99,7.67,7.80,17208264,0
SPCE.US,D,20190520,000000,8.05,8.16,8.04,8.12,16779665,0
SPCE.US,D,20190521,000000,8.10,8.73,7.89,8.54,8288494,0
SPCE.US,D,20190522,000000,8.43,9.56,8.42,9.28,9483761,0
SPCE.US,D,20190523,000000,9.08,9.36,7.96,8.08,5107808,0
SPCE.US,D,20190524,000000,7.88,7.95,7.72,7.73,8437098,0
SPCE.US,D,20190527,000000,7.69,9.36,7.27,8.72,11058822,0
SPCE.US,D,20190527,000000,8.88,9.69,8.83,9.55,8059891,0
SPCE.US,D,20190527,000000,10.07,10.48,8.25,8.88,10402198,0
SPCE.US,D,20190528,000000,9.21,9.41,8.68,8.70,11142684,0
SPCE.US,D,20190529,000000,9.25,9.38,8.41,8.58,7038907,0
SPCE.US,D,20190530,000000,8.70,9.03,7.81,8.11,9853274,0
SPCE.US,D,20190531,000000,8.03,8.37,7.99,8.30,6604663,0
SPCE.US,D,20190603,000000,8.30,8.54,8.21,8.54,7411681,0
SPCE.US,D,20190603,000000,8.51,9.17,8.42,9.16,9612301,0
SPCE.US,D,20190603,000000,9.21,9.21,8.77,8.81,7206817,0
SPCE.US,D,20190604,000000,9.02,9.32,8.06,8.22,6274517,0
SPCE.US,D,20190605,000000,8.07,8.22,7.41,7.49,9778981,0
SPCE.US,D,20190606,000000,7.61,8.74,7.41,8.72,11278064,0
SPCE.US,D,20190607,000000,8.76,9.08,8.67,8.75,6978106,0
SPCE.US,D,20190610,000000,8.79,8.79,8.52,8.70,10128648,0
SPCE.US,D,20190610,000000,8.73,9.09,8.68,8.79,7247126,0
SPCE.US,D,20190610,000000,8.91,9.31,8.81,9.29,10137189,0
SPCE.US,D,20190611,000000,9.42,9.51,9.11,9.27,10555665,0
SPCE.US,D,20190612,000000,9.60,9.64,8.84,8.94,10665806,0
SPCE.US,D,20190613,000000,9.24,9.28,8.75,8.81,6507896,0
SPCE.US,D,20190614,000000,9.05,9.20,8.72,8.83,10296950,0
SPCE.US,D,20190617,000000,9.06,9.23,8.56,8.68,9531196,0
SPCE.US,D,20190617,000000,8.67,9.68,8.40,9.26,8793367,0
SPCE.US,D,20190617,000000,9.20,9.26,8.39,8.55,4595658,0
SPCE.US,D,20190618,000000,8.54,8.71,8.48,8.67,9739153,0
SPCE.US,D,20190619,000000,8.62,8.62,8.01,8.14,7988071,0
SPCE.US,D,20190620,000000,8.13,10.00,7.72,9.52,5937604,0
SPCE.US,D,20190621,000000,9.91,10.01,9.87,9.94,6952452,0
SPCE.US,D,20190624,000000,10.20,10.52,10.09,10.40,10969281,0
SPCE.US,D,20190624,000000,10.03,12.19,9.56,11.49,8759051,0
SPCE.US,D,20190624,000000,11.48,11.91,11.33,11.61,8994278,0
SPCE.US,D,20190625,000000,11.60,12.82,11.22,12.44,6180398,0
SPCE.US,D,20190626,000000,11.97,12.14,10.68,10.91,9788706,0
SPCE.US,D,20190627,000000,10.83,10.87,10.38,10.38,6644642,0
SPCE.US,D,20190628,000000,10.71,11.03,8.30,8.81,10367299,0
SPCE.US,D,20190701,000000,9.01,9.14,8.67,8.69,11018460,0
SPCE.US,D,20190701,000000,8.97,9.08,8.19,8.40,4323979,0
SPCE.US,D,20190701,000000,8.29,8.48,7.07,7.67,6115974,0
SPCE.US,D,20190702,000000,7.54,8.05,7.54,7.99,11237131,0
SPCE.US,D,20190703,000000,8.03,9.19,7.91,9.01,8971227,0
SPCE.US,D,20190704,000000,9.10,9.70,8.98,9.61,6043638,0
SPCE.US,D,20190705,000000,9.60,9.75,9.51,9.71,10597258,0
SPCE.US,D,20190708,000000,9.74,11.21,9.33,11.11,5025928,0
SPCE.US,D,20190708,000000,10.93,13.13,10.75,12.82,10964997,0
SPCE.US,D,20190708,000000,13.11,13.18,12.94,12.96,11772673,0
SPCE.US,D,20190709,000000,13.24,13.33,11.09,11.90,11550230,0
SPCE.US,D,20190710,000000,12.18,12.56,10.91,11.29,4578325,0
SPCE.US,D,20190711,000000,11.12,12.50,10.91,12.36,6801467,0
SPCE.US,D,20190712,000000,12.56,12.89,11.34,11.61,8449006,0
SPCE.US,D,20190715,000000,11.65,12.12,9.13,9.64,10623800,0
SPCE.US,D,20190715,000000,9.20,10.65,8.97,10.31,11326123,0
SPCE.US,D,20190715,000000,10.06,11.06,10.01,10.76,10198966,0
SPCE.US,D,20190716,000000,10.84,10.87,9.91,10.12,7406391,0
SPCE.US,D,20190717,000000,9.77,9.78,9.30,9.46,8861233,0
SPCE.US,D,20190718,000000,9.23,9.94,9.02,9.29,7144445,0
SPCE.US,D,20190719,000000,9.13,9.14,8.88,8.89,4353725,0
SPCE.US,D,20190722,000000,8.93,9.04,8.82,9.02,4897115,0
SPCE.US,D,20190722,000000,8.75,8.87,8.09,8.35,7913250,0
SPCE.US,D,20190722,000000,8.32,8.34,8.14,8.19,9336905,0
SPCE.US,D,20190723,000000,8.20,8.38,8.18,8.34,4131739,0
SPCE.US,D,20190724,000000,8.36,8.37,8.21,8.26,10936016,0
SPCE.US,D,20190725,000000,8.53,9.07,8.50,8.96,11627074,0
SPCE.US,D,20190726,000000,8.88,9.77,8.86,9.37,11629475,0
SPCE.US,D,20190729,000000,9.31,9.98,8.99,9.84,11478891,0
SPCE.US,D,20190729,000000,9.85,9.94,9.12,9.57,6978435,0
SPCE.US,D,20190729,000000,9.66,9.79,9.57,9.63,11548017,0
SPCE.US,D,20190730,000000,9.86,9.99,9.79,9.92,7156900,0
SPCE.US,D,20190731,000000,9.96,11.60,9.56,11.29,5344146,0
SPCE.US,D,20190801,000000,11.41,11.42,11.12,11.23,8393886,0
SPCE.US,D,20190802,000000,11.47,11.51,11.09,11.09,7445148,0
SPCE.US,D,20190805,000000,10.80,10.83,9.79,10.05,4042920,0
SPCE.US,D,20190805,000000,9.82,10.32,8.98,9.09,9622474,0
SPCE.US,D,20190805,000000,9.37,9.87,9.21,9.63,7250826,0
SPCE.US,D,20190806,000000,9.77,11.70,9.34,11.00,11990386,0
SPCE.US,D,20190807,000000,10.70,11.33,10.64,11.22,9648674,0
SPCE.US,D,20190808,000000,11.27,11.37,11.00,11.15,4028335,0
SPCE.US,D,20190809,000000,10.88,11.12,9.82,10.03,5506996,0
SPCE.US,D,20190812,000000,10.05,10.54,9.05,9.09,5233552,0
SPCE.US,D,20190812,000000,8.93,11.63,8.05,11.10,7185724,0
SPCE.US,D,20190812,000000,11.03,11.71,10.77,11.46,10648043,0
SPCE.US,D,20190813,000000,11.63,13.10,11.50,12.58,8724742,0
SPCE.US,D,20190814,000000,12.58,13.71,12.58,13.30,7121562,0
SPCE.US,D,20190815,000000,13.06,13.17,12.36,12.44,6908118,0
SPCE.US,D,20190816,000000,12.62,13.65,12.13,13.39,6249970,0
SPCE.US,D,20190819,000000,13.37,14.03,13.29,13.88,4160293,0
SPCE.US,D,20190819,000000,13.98,14.05,13.67,13.88,5980357,0
SPCE.US,D,20190819,000000,13.77,13.82,13.29,13.58,6331293,0
SPCE.US,D,20190820,000000,13.37,13.92,13.30,13.91,10624838,0
SPCE.US,D,20190821,000000,13.61,14.78,13.54,14.30,6279296,0
SPCE.US,D,20190822,000000,14.45,14.48,14.33,14.43,7462095,0
SPCE.US,D,20190823,000000,14.60,14.61,14.12,14.14,5390427,0
SPCE.US,D,20190826,000000,13.76,14.63,13.47,14.53,6694850,0
SPCE.US,D,20190826,000000,14.91,15.12,13.40,13.43,11699845,0
SPCE.US,D,20190826,000000,13.88,14.10,12.06,12.59,7576119,0
SPCE.US,D,20190827,000000,12.24,12.35,11.69,11.78,4471493,0
SPCE.US,D,20190828,000000,11.83,12.05,9.82,10.53,8219040,0
SPCE.US,D,20190829,000000,10.47,10.96,10.18,10.93,10785133,0
SPCE.US,D,20190830,000000,11.12,11.48,11.08,11.27,6293916,0
SPCE.US,D,20190902,000000,11.10,11.48,9.82,10.22,10600758,0
SPCE.US,D,20190902,000000,10.01,10.10,8.78,9.25,6700115,0
SPCE.US,D,20190902,000000,9.22,10.05,9.04,10.04,8707497,0
SPCE.US,D,20190903,000000,10.12,10.14,9.59,9.85,4735961,0
SPCE.US,D,20190904,000000,10.07,10.21,8.30,8.82,11201710,0
SPCE.US,D,20190905,000000,8.87,9.08,8.79,9.08,7125217,0
SPCE.US,D,20190906,000000,9.31,9.42,8.84,8.86,7126244,0
SPCE.US,D,20190909,000000,8.79,10.04,8.55,9.78,11953723,0
SPCE.US,D,20190909,000000,10.09,10.14,9.03,9.36,9253287,0
SPCE.US,D,20190909,000000,9.14,10.74,8.99,10.55,9125629,0
SPCE.US,D,20190910,000000,10.45,12.66,9.87,11.90,5175715,0
SPCE.US,D,20190911,000000,11.69,12.08,11.54,11.74,9764858,0
SPCE.US,D,20190912,000000,11.42,11.44,10.75,10.88,4306484,0
SPCE.US,D,20190913,000000,10.73,10.80,10.13,10.33,4169498,0
SPCE.US,D,20190916,000000,10.32,12.27,10.14,11.93,6024129,0
SPCE.US,D,20190916,000000,12.10,12.11,9.10,10.15,6309903,0
SPCE.US,D,20190916,000000,10.40,10.44,9.76,9.88,9524517,0
SPCE.US,D,20190917,000000,9.88,10.75,9.59,10.65,11651557,0
SPCE.US,D,20190918,000000,10.79,11.17,10.34,10.61,11071072,0
SPCE.US,D,20190919,000000,10.73,10.75,8.86,9.10,6030056,0
SPCE.US,D,20190920,000000,9.08,9.44,9.02,9.41,11966351,0
SPCE.US,D,20190923,000000,9.73,10.72,9.63,10.27,10244612,0
SPCE.US,D,20190923,000000,10.45,10.93,10.32,10.91,9370319,0
SPCE.US,D,20190923,000000,10.74,10.99,9.74,9.82,4427705,0
SPCE.US,D,20190924,000000,9.67,10.07,8.34,8.58,10308012,0
SPCE.US,D,20190925,000000,8.18,8.33,7.81,7.88,10830894,0
SPCE.US,D,20190926,000000,7.78,8.40,7.64,8.22,6043276,0
SPCE.US,D,20190927,000000,8.37,8.52,7.99,8.01,9171343,0
SPCE.US,D,20190930,000000,8.11,8.16,6.92,7.54,11326124,0
SPCE.US,D,20190930,000000,7.49,7.68,7.43,7.64,8286186,0
SPCE.US,D,20190930,000000,7.53,7.71,7.50,7.62,11685059,0
SPCE.US,D,20191001,000000,7.33,7.50,7.31,7.41,10219441,0
SPCE.US,D,20191002,000000,7.57,8.15,7.47,7.86,9099357,0
SPCE.US,D,20191003,000000,7.87,8.31,7.79,8.15,11826775,0
SPCE.US,D,20191004,000000,8.28,8.30,7.70,7.92,11279000,0
SPCE.US,D,20191007,000000,7.92,8.03,7.91,7.98,10407433,0
SPCE.US,D,20191007,000000,8.05,8.05,6.89,7.09,8201626,0
SPCE.US,D,20191007,000000,7.15,7.62,7.11,7.51,11458877,0
SPCE.US,D,20191008,000000,7.86,8.03,6.61,6.72,4286755,0
SPCE.US,D,20191009,000000,6.37,7.12,6.34,6.83,10325224,0
SPCE.US,D,20191010,000000,6.78,7.02,6.78,6.99,6061890,0
SPCE.US,D,20191011,000000,7.19,7.28,6.69,6.77,11060924,0
SPCE.US,D,20191014,000000,6.72,6.73,6.71,6.72,7896329,0
SPCE.US,D,20191014,000000,6.60,6.96,6.40,6.94,9234709,0
SPCE.US,D,20191014,000000,6.88,6.90,6.71,6.78,6833572,0
SPCE.US,D,20191015,000000,6.58,6.60,6.45,6.46,7710914,0
SPCE.US,D,20191016,000000,6.50,6.84,6.44,6.83,10216862,0
SPCE.US,D,20191017,000000,6.74,6.78,6.11,6.24,6688269,0
SPCE.US,D,20191018,000000,6.34,7.10,6.23,6.84,8536182,0
SPCE.US,D,20191021,000000,6.94,6.97,6.93,6.95,9496013,0
SPCE.US,D,20191021,000000,6.85,7.12,6.59,6.60,9321735,0
SPCE.US,D,20191021,000000,6.67,7.31,6.58,7.11,4222000,0
SPCE.US,D,20191022,000000,7.12,7.86,6.96,7.68,10532778,0
SPCE.US,D,20191023,000000,7.64,7.70,7.05,7.09,4457980,0
SPCE.US,D,20191024,000000,6.81,8.05,6.57,7.61,9331902,0
SPCE.US,D,20191025,000000,7.34,8.21,7.29,8.09,9955925,0
SPCE.US,D,20191028,000000,8.13,8.27,8.11,8.26,9122143,0
SPCE.US,D,20191028,000000,8.34,9.32,8.23,9.11,8755576,0
SPCE.US,D,20191028,000000,9.56,9.87,8.85,9.01,11918101,0
SPCE.US,D,20191029,000000,8.83,8.92,7.67,8.05,4210267,0
SPCE.US,D,20191030,000000,7.93,9.06,7.76,8.55,8366308,0
SPCE.US,D,20191031,000000,9.07,9.14,9.02,9.12,7312703,0
SPCE.US,D,20191101,000000,8.96,10.49,8.70,10.39,4993304,0
SPCE.US,D,20191104,000000,10.41,10.87,10.24,10.46,5077107,0
SPCE.US,D,20191104,000000,10.16,10.61,10.00,10.50,8058858,0
SPCE.US,D,20191104,000000,10.38,10.76,10.25,10.71,5912349,0
SPCE.US,D,20191105,000000,10.27,11.00,9.99,10.63,8615471,0
SPCE.US,D,20191106,000000,10.38,10.81,10.32,10.68,11037220,0
SPCE.US,D,20191107,000000,10.59,11.25,10.55,11.20,11143408,0
SPCE.US,D,20191108,000000,10.80,11.02,10.03,10.19,4381582,0
SPCE.US,D,20191111,000000,9.92,11.06,9.68,10.76,9707759,0
SPCE.US,D,20191111,000000,10.43,10.57,10.17,10.28,8292183,0
SPCE.US,D,20191111,000000,10.05,12.36,9.97,11.16,6109590,0
SPCE.US,D,20191112,000000,11.26,11.29,10.66,10.73,7268429,0
SPCE.US,D,20191113,000000,10.26,11.60,10.19,11.22,6433569,0
SPCE.US,D,20191114,000000,10.92,11.44,10.85,11.33,7411340,0
SPCE.US,D,20191115,000000,11.09,11.43,11.08,11.27,10798983,0
SPCE.US,D,20191118,000000,11.03,11.16,10.45,10.69,4156518,0
SPCE.US,D,20191118,000000,10.97,11.95,10.79,11.83,4661911,0
SPCE.US,D,20191118,000000,11.82,11.84,11.66,11.67,10593579,0
SPCE.US,D,20191119,000000,12.17,12.21,11.76,12.12,8274511,0
SPCE.US,D,20191120,000000,12.08,12.24,11.90,12.15,6834013,0
SPCE.US,D,20191121,000000,12.16,12.30,11.04,11.42,6072945,0
SPCE.US,D,20191122,000000,11.00,13.14,10.81,11.75,5076920,0
SPCE.US,D,20191125,000000,11.67,12.89,11.64,12.58,10805598,0
SPCE.US,D,20191125,000000,12.98,12.98,12.73,12.83,10108338,0
SPCE.US,D,20191125,000000,12.77,12.99,11.84,12.51,5594045,0
SPCE.US,D,20191126,000000,12.61,13.70,12.38,13.58,4810739,0
SPCE.US,D,20191127,000000,13.74,13.95,11.67,12.28,5123359,0
SPCE.US,D,20191128,000000,12.28,12.97,12.18,12.90,7519142,0
SPCE.US,D,20191129,000000,13.27,13.35,12.45,12.84,8411176,0
SPCE.US,D,20191202,000000,13.39,13.67,13.09,13.24,10657925,0
SPCE.US,D,20191202,000000,13.63,13.64,12.64,13.03,9998620,0
SPCE.US,D,20191202,000000,13.32,14.23,13.19,14.10,4170604,0
SPCE.US,D,20191203,000000,14.53,15.51,14.49,15.14,10764659,0
SPCE.US,D,20191204,000000,14.61,17.02,14.24,16.47,4472210,0
SPCE.US,D,20191205,000000,16.95,17.46,13.81,15.12,4127532,0
SPCE.US,D,20191206,000000,15.09,15.41,13.89,13.99,10599505,0
SPCE.US,D,20191209,000000,14.55,14.95,13.88,14.38,8380044,0
SPCE.US,D,20191209,000000,14.08,14.16,12.07,13.24,6838632,0
SPCE.US,D,20191209,000000,13.99,14.36,13.99,14.26,7853926,0
SPCE.US,D,20191210,000000,14.01,15.24,13.84,14.92,7870095,0
SPCE.US,D,20191211,000000,13.96,15.43,13.75,14.98,9428944,0
SPCE.US,D,20191212,000000,14.92,15.77,12.81,13.27,4902400,0
SPCE.US,D,20191213,000000,13.03,14.55,12.81,14.15,11198031,0
SPCE.US,D,20191216,000000,14.48,15.10,14.26,14.69,11304514,0
SPCE.US,D,20191216,000000,15.25,15.58,12.72,13.01,10477509,0
SPCE.US,D,20191216,000000,13.46,13.83,11.97,12.40,10427767,0
SPCE.US,D,20191217,000000,12.63,13.43,10.26,10.29,10989141,0
SPCE.US,D,20191218,000000,10.52,10.84,10.45,10.73,10241481,0
SPCE.US,D,20191219,000000,10.91,12.43,10.72,12.16,5741544,0
SPCE.US,D,20191220,000000,11.65,11.78,11.24,11.46,8332035,0
SPCE.US,D,20191223,000000,11.47,13.11,11.36,13.08,10863161,0
SPCE.US,D,20191223,000000,13.27,14.48,12.94,13.99,6139885,0
SPCE.US,D,20191223,000000,13.96,14.58,13.91,14.36,11563474,0
SPCE.US,D,20191224,000000,14.54,14.68,13.24,13.39,10343074,0
SPCE.US,D,20191225,000000,13.23,13.59,13.13,13.49,11754618,0
SPCE.US,D,20191226,000000,13.57,14.42,13.49,14.34,7212913,0
SPCE.US,D,20191227,000000,14.29,14.68,13.24,13.51,6204605,0
SPCE.US,D,20191230,000000,13.70,14.05,12.12,12.50,4492548,0
SPCE.US,D,20191230,000000,12.77,12.87,12.27,12.27,7170782,0
SPCE.US,D,20191230,000000,12.09,13.83,11.71,13.68,4030838,0
SPCE.US,D,20191231,000000,13.59,14.74,13.40,14.40,11980717,0
SPCE.US,D,20200101,000000,14.65,14.96,11.84,12.05,8178042,0
SPCE.US,D,20200102,000000,12.14,12.17,12.07,12.11,9231643,0
SPCE.US,D,20200103,000000,12.14,12.18,11.47,11.74,7196789,0
SPCE.US,D,20200106,000000,11.60,11.65,11.02,11.11,10518810,0
SPCE.US,D,20200106,000000,11.22,11.38,9.51,9.97,7726193,0
SPCE.US,D,20200106,000000,10.00,10.03,9.92,9.94,8743154,0
SPCE.US,D,20200107,000000,9.95,11.87,9.72,11.32,8596286,0
SPCE.US,D,20200108,000000,11.54,11.87,8.62,9.32,5842917,0
SPCE.US,D,20200109,000000,9.03,9.35,8.73,8.91,9022040,0
SPCE.US,D,20200110,000000,8.71,8.80,7.58,7.86,7232653,0
SPCE.US,D,20200113,000000,7.86,7.99,6.71,7.08,10125967,0
SPCE.US,D,20200113,000000,7.08,7.62,6.90,7.57,9356334,0
SPCE.US,D,20200113,000000,7.38,7.94,7.37,7.94,4223633,0
SPCE.US,D,20200114,000000,7.90,8.54,7.72,8.33,7053601,0
SPCE.US,D,20200115,000000,8.37,10.42,8.23,9.54,10706494,0
SPCE.US,D,20200116,000000,9.75,9.78,9.71,9.72,8372336,0
SPCE.US,D,20200117,000000,9.51,9.53,8.85,8.85,10589804,0
SPCE.US,D,20200120,000000,8.80,9.74,8.68,9.64,7804686,0
SPCE.US,D,20200120,000000,9.48,11.34,9.21,10.74,5041813,0
SPCE.US,D,20200120,000000,10.60,10.89,10.51,10.81,9049293,0
SPCE.US,D,20200121,000000,10.77,11.21,10.44,11.14,6817515,0
SPCE.US,D,20200122,000000,11.10,11.90,11.10,11.66,9589025,0
SPCE.US,D,20200123,000000,11.88,11.89,11.42,11.50,9612802,0
SPCE.US,D,20200124,000000,11.58,11.82,10.73,11.15,11685090,0
SPCE.US,D,20200127,000000,10.95,10.96,10.80,10.91,9379914,0
SPCE.US,D,20200127,000000,11.18,11.21,10.85,11.03,6136188,0
SPCE.US,D,20200127,000000,10.89,11.14,10.84,11.02,5046570,0
SPCE.US,D,20200128,000000,10.96,11.01,10.68,10.70,4002771,0
SPCE.US,D,20200129,000000,10.68,10.89,9.82,9.83,8627256,0
SPCE.US,D,20200130,000000,9.99,10.13,9.98,10.06,7362299,0
SPCE.US,D,20200131,000000,10.00,10.19,9.92,10.15,6267361,0
SPCE.US,D,20200203,000000,10.32,10.32,9.96,10.08,7148852,0
SPCE.US,D,20200203,000000,10.08,10.34,9.49,9.66,5906048,0
SPCE.US,D,20200203,000000,9.38,10.94,8.88,10.32,10405231,0
SPCE.US,D,20200204,000000,10.71,10.79,10.19,10.28,9097312,0
SPCE.US,D,20200205,000000,10.24,10.44,9.26,9.36,6821573,0
SPCE.US,D,20200206,000000,9.30,9.89,9.15,9.78,7956234,0
SPCE.US,D,20200207,000000,9.85,9.86,8.66,8.94,8465982,0
SPCE.US,D,20200210,000000,9.22,9.48,9.20,9.33,6498343,0
SPCE.US,D,20200210,000000,9.45,9.63,8.68,8.74,5632023,0
SPCE.US,D,20200210,000000,8.69,8.72,8.44,8.51,10787250,0
SPCE.US,D,20200211,000000,8.49,9.12,8.36,9.08,4849558,0
SPCE.US,D,20200212,000000,9.12,9.27,8.66,8.74,6628909,0
SPCE.US,D,20200213,000000,8.50,9.09,8.48,8.94,7774060,0
SPCE.US,D,20200214,000000,9.09,9.63,8.95,9.44,7105993,0
SPCE.US,D,20200217,000000,9.65,10.57,9.52,10.47,6392893,0
SPCE.US,D,20200217,000000,10.65,11.00,10.46,10.89,11501965,0
SPCE.US,D,20200217,000000,11.07,12.01,10.93,11.98,9637942,0
SPCE.US,D,20200218,000000,12.09,12.35,11.33,11.35,5011434,0
SPCE.US,D,20200219,000000,11.56,12.11,9.30,9.94,10873009,0
SPCE.US,D,20200220,000000,9.80,11.51,9.43,10.99,8972328,0
SPCE.US,D,20200221,000000,11.19,11.23,10.68,10.74,9123503,0
SPCE.US,D,20200224,000000,10.81,10.84,10.62,10.69,4328190,0
SPCE.US,D,20200224,000000,11.02,11.37,10.16,10.31,4135529,0
SPCE.US,D,20200224,000000,10.45,10.47,9.89,9.93,10805094,0
SPCE.US,D,20200225,000000,10.13,10.22,9.60,9.72,9423831,0
SPCE.US,D,20200226,000000,9.76,11.07,9.31,11.00,8697758,0
SPCE.US,D,20200227,000000,10.79,11.60,10.60,11.35,8428797,0
SPCE.US,D,20200228,000000,11.41,11.44,11.04,11.31,8506356,0
SPCE.US,D,20200302,000000,11.05,12.36,10.97,11.96,11706657,0
SPCE.US,D,20200302,000000,11.99,12.10,10.76,11.06,10224731,0
SPCE.US,D,20200302,000000,10.73,10.83,10.28,10.31,10513457,0
SPCE.US,D,20200303,000000,10.25,11.00,10.14,10.39,6396826,0
SPCE.US,D,20200304,000000,10.35,10.59,10.32,10.41,5865203,0
SPCE.US,D,20200305,000000,10.39,11.25,8.40,9.02,6720956,0
SPCE.US,D,20200306,000000,8.83,9.44,8.72,9.26,4985911,0
SPCE.US,D,20200309,000000,9.03,9.62,8.99,9.55,5201172,0
SPCE.US,D,20200309,000000,9.47,9.92,9.28,9.82,8657596,0
SPCE.US,D,20200309,000000,9.74,9.75,9.10,9.18,11507854,0
SPCE.US,D,20200310,000000,9.21,11.21,8.93,10.79,8447249,0
SPCE.US,D,20200311,000000,10.71,11.62,10.67,11.57,11717442,0
SPCE.US,D,20200312,000000,11.60,11.70,11.25,11.30,9135103,0
SPCE.US,D,20200313,000000,11.18,11.58,10.24,10.41,6211199,0
SPCE.US,D,20200316,000000,10.44,10.54,9.27,9.83,11842583,0
SPCE.US,D,20200316,000000,9.87,9.98,9.85,9.96,8184480,0
SPCE.US,D,20200316,000000,9.76,9.79,9.08,9.34,8070462,0
SPCE.US,D,20200317,000000,9.17,9.59,9.11,9.48,8714095,0
SPCE.US,D,20200318,000000,9.47,9.84,9.34,9.75,4535573,0
SPCE.US,D,20200319,000000,10.16,10.25,9.66,9.70,5715125,0
SPCE.US,D,20200320,000000,9.43,11.15,9.40,10.73,6287874,0
SPCE.US,D,20200323,000000,10.36,11.04,10.06,10.86,11294336,0
SPCE.US,D,20200323,000000,10.77,11.01,10.68,10.88,7117934,0
SPCE.US,D,20200323,000000,11.02,11.59,9.34,9.77,5596381,0
SPCE.US,D,20200324,000000,9.81,11.03,9.62,10.71,10086041,0
SPCE.US,D,20200325,000000,10.90,10.99,10.09,10.37,9714752,0
SPCE.US,D,20200326,000000,10.49,11.86,10.09,11.86,5913265,0
SPCE.US,D,20200327,000000,11.96,12.04,11.64,11.71,11465293,0
SPCE.US,D,20200330,000000,11.51,11.80,11.43,11.69,11962858,0
SPCE.US,D,20200330,000000,11.52,11.81,11.44,11.70,10307451,0
SPCE.US,D,20200330,000000,11.71,11.81,11.49,11.52,8121709,0
SPCE.US,D,20200331,000000,11.68,13.63,11.08,12.79,4125388,0
SPCE.US,D,20200401,000000,12.59,12.93,12.47,12.78,5558787,0
SPCE.US,D,20200402,000000,12.88,13.71,12.82,13.49,11419203,0
SPCE.US,D,20200403,000000,13.60,13.90,13.58,13.74,7392804,0
SPCE.US,D,20200406,000000,14.16,14.45,12.48,12.90,9157945,0
SPCE.US,D,20200406,000000,13.02,13.46,12.12,12.30,5792503,0
SPCE.US,D,20200406,000000,12.50,12.59,11.28,11.60,7199054,0
SPCE.US,D,20200407,000000,11.87,12.07,10.88,11.11,4307267,0
SPCE.US,D,20200408,000000,11.12,11.36,10.39,10.69,11257673,0
SPCE.US,D,20200409,000000,11.02,11.21,9.91,10.16,8165587,0
SPCE.US,D,20200410,000000,10.25,11.97,10.23,11.17,4147514,0
SPCE.US,D,20200413,000000,11.24,11.25,10.40,10.51,10736573,0
SPCE.US,D,20200413,000000,10.56,10.59,10.53,10.57,6235702,0
SPCE.US,D,20200413,000000,10.57,12.02,10.30,11.51,9475842,0
SPCE.US,D,20200414,000000,11.61,11.91,10.47,10.96,4560866,0
SPCE.US,D,20200415,000000,10.83,11.03,10.48,10.52,10119158,0
SPCE.US,D,20200416,000000,10.43,11.78,10.40,11.64,10242827,0
SPCE.US,D,20200417,000000,11.37,11.40,11.16,11.24,10344449,0
SPCE.US,D,20200420,000000,11.09,11.10,11.03,11.09,4567261,0
SPCE.US,D,20200420,000000,11.27,11.67,11.07,11.56,11488518,0
SPCE.US,D,20200420,000000,11.47,12.62,11.00,12.20,7745196,0
SPCE.US,D,20200421,000000,12.16,12.28,12.15,12.28,8772901,0
SPCE.US,D,20200422,000000,12.11,12.73,12.04,12.65,5117714,0
SPCE.US,D,20200423,000000,12.79,12.91,12.41,12.46,8184303,0
SPCE.US,D,20200424,000000,12.25,12.30,11.91,12.00,5273577,0
SPCE.US,D,20200427,000000,12.43,12.50,12.15,12.20,4222693,0
SPCE.US,D,20200427,000000,12.11,12.17,11.69,11.78,6125928,0
SPCE.US,D,20200427,000000,11.65,13.43,11.56,13.10,8034378,0
SPCE.US,D,20200428,000000,12.88,13.44,12.62,13.39,5218597,0
SPCE.US,D,20200429,000000,13.05,13.85,12.90,13.77,6270072,0
SPCE.US,D,20200430,000000,13.66,13.96,13.64,13.93,7958279,0
SPCE.US,D,20200501,000000,13.96,15.90,13.78,15.45,9899066,0
SPCE.US,D,20200504,000000,15.74,15.78,14.00,14.50,6904699,0
SPCE.US,D,20200504,000000,14.45,15.01,14.26,14.67,7283713,0
SPCE.US,D,20200504,000000,15.23,15.38,14.40,14.58,10516021,0
SPCE.US,D,20200505,000000,14.74,14.82,14.72,14.75,8553612,0
SPCE.US,D,20200506,000000,14.71,14.82,12.77,13.13,11846355,0
SPCE.US,D,20200507,000000,13.30,13.41,13.00,13.02,4718730,0
SPCE.US,D,20200508,000000,12.73,12.79,12.45,12.47,6495748,0
SPCE.US,D,20200511,000000,12.42,13.38,12.37,13.23,9587912,0
SPCE.US,D,20200511,000000,12.79,14.20,12.46,13.91,8194149,0
SPCE.US,D,20200511,000000,13.65,14.70,13.59,14.48,7718831,0
SPCE.US,D,20200512,000000,14.53,15.24,11.59,12.25,4912275,0
SPCE.US,D,20200513,000000,12.54,13.19,12.50,12.97,9024883,0
SPCE.US,D,20200514,000000,13.21,13.50,11.71,12.35,10547398,0
SPCE.US,D,20200515,000000,12.39,13.84,12.38,13.42,9845969,0
SPCE.US,D,20200518,000000,13.43,13.43,12.76,12.90,12294395,0
SPCE.US,D,20200518,000000,13.07,13.11,12.51,12.52,10078496,0
SPCE.US,D,20200518,000000,12.57,12.85,11.79,11.85,31849972,0
SPCE.US,D,20200519,000000,12.12,12.13,11.22,11.40,24939376,0
SPCE.US,D,20200520,000000,11.57,11.70,10.44,10.77,19575759,0
SPCE.US,D,20200521,000000,10.91,11.16,9.45,10.09,15783043,0
SPCE.US,D,20200522,000000,10.07,10.10,9.01,9.44,49194303,0
SPCE.US,D,20200525,000000,9.42,9.44,8.76,8.91,50720822,0
SPCE.US,D,20200525,000000,8.96,9.12,8.20,8.24,22999576,0
SPCE.US,D,20200525,000000,8.26,8.70,8.06,8.58,8761567,0
SPCE.US,D,20200526,000000,8.71,8.75,8.58,8.64,6627810,0
SPCE.US,D,20200527,000000,8.75,9.57,8.70,9.48,8084837,0
SPCE.US,D,20200528,000000,9.56,9.81,9.55,9.67,10615772,0
SPCE.US,D,20200529,000000,9.84,9.92,9.02,9.09,7116515,0
SPCE.US,D,20200601,000000,9.23,9.28,9.01,9.02,10896124,0
SPCE.US,D,20200601,000000,9.13,9.14,9.09,9.12,8218048,0
SPCE.US,D,20200601,000000,9.08,9.14,9.02,9.04,9011884,0
SPCE.US,D,20200602,000000,9.22,9.26,8.88,8.90,6767734,0
SPCE.US,D,20200603,000000,8.77,9.23,8.65,9.16,6940150,0
SPCE.US,D,20200604,000000,9.29,9.39,8.67,8.76,5435384,0
SPCE.US,D,20200605,000000,8.68,8.75,8.22,8.40,4399359,0
SPCE.US,D,20200608,000000,8.45,8.47,7.74,8.13,5222481,0
SPCE.US,D,20200608,000000,8.01,8.36,6.69,6.79,10806975,0
SPCE.US,D,20200608,000000,6.74,7.06,6.70,7.04,9778485,0
SPCE.US,D,20200609,000000,7.17,7.73,7.05,7.53,10037711,0
SPCE.US,D,20200610,000000,7.61,7.72,7.25,7.33,6696553,0
SPCE.US,D,20200611,000000,7.59,7.74,7.31,7.40,8473167,0
SPCE.US,D,20200612,000000,7.19,7.48,7.13,7.47,9119897,0
SPCE.US,D,20200615,000000,7.58,7.71,6.21,6.76,7400713,0
SPCE.US,D,20200615,000000,6.66,6.71,6.25,6.39,9781555,0
SPCE.US,D,20200615,000000,6.57,6.65,6.33,6.38,5968922,0
SPCE.US,D,20200616,000000,6.25,7.32,6.04,7.09,4768757,0
SPCE.US,D,20200617,000000,6.85,7.01,6.84,6.98,11084988,0
SPCE.US,D,20200618,000000,6.84,6.92,6.61,6.62,7563969,0
SPCE.US,D,20200619,000000,6.61,7.19,6.58,7.17,9847728,0
SPCE.US,D,20200622,000000,7.09,7.68,7.02,7.54,7325326,0
SPCE.US,D,20200622,000000,7.43,7.43,7.29,7.36,9535364,0
SPCE.US,D,20200622,000000,7.37,7.55,7.16,7.18,10015915,0
SPCE.US,D,20200623,000000,7.12,7.14,6.97,6.99,7703225,0
SPCE.US,D,20200624,000000,7.04,7.13,5.71,5.84,8134642,0
SPCE.US,D,20200625,000000,5.87,5.92,5.29,5.36,4628389,0
SPCE.US,D,20200626,000000,5.34,6.21,5.13,5.91,8888844,0
SPCE.US,D,20200629,000000,5.76,6.28,5.71,6.19,8043457,0
SPCE.US,D,20200629,000000,6.29,7.40,6.25,6.88,11421243,0
SPCE.US,D,20200629,000000,6.76,6.77,6.39,6.56,4840445,0
SPCE.US,D,20200630,000000,6.43,6.56,6.41,6.54,9587071,0
SPCE.US,D,20200701,000000,6.70,7.13,6.68,7.09,5776901,0
SPCE.US,D,20200702,000000,7.26,7.28,6.76,6.96,7687640,0
SPCE.US,D,20200703,000000,6.59,6.61,5.66,5.78,7797170,0
SPCE.US,D,20200706,000000,5.83,5.98,5.52,5.57,11626028,0
SPCE.US,D,20200706,000000,5.40,5.58,4.53,4.81,7736871,0
SPCE.US,D,20200706,000000,4.86,5.14,4.81,5.09,10015530,0
SPCE.US,D,20200707,000000,5.01,5.03,4.69,4.73,11225258,0
SPCE.US,D,20200708,000000,4.83,4.88,4.55,4.59,4102338,0
SPCE.US,D,20200709,000000,4.52,4.95,4.42,4.82,10534636,0
SPCE.US,D,20200710,000000,4.85,4.92,4.60,4.66,7749560,0
SPCE.US,D,20200713,000000,4.67,5.35,4.58,5.12,9315468,0
SPCE.US,D,20200713,000000,5.21,5.23,5.15,5.19,6048054,0
SPCE.US,D,20200713,000000,5.18,5.75,5.05,5.46,8896872,0
SPCE.US,D,20200714,000000,5.42,6.64,5.40,6.22,11687819,0
SPCE.US,D,20200715,000000,6.24,6.87,6.23,6.69,4152747,0
SPCE.US,D,20200716,000000,6.60,7.15,6.59,7.02,10208786,0
SPCE.US,D,20200717,000000,7.03,7.04,6.85,7.02,5296095,0
SPCE.US,D,20200720,000000,7.04,7.74,5.59,5.82,9663927,0
SPCE.US,D,20200720,000000,5.73,5.82,5.68,5.82,10042321,0
SPCE.US,D,20200720,000000,5.66,6.63,5.52,6.22,11102997,0
SPCE.US,D,20200721,000000,6.31,6.34,5.66,5.87,11372200,0
SPCE.US,D,20200722,000000,5.72,5.88,5.57,5.71,10342855,0
SPCE.US,D,20200723,000000,5.99,6.81,5.76,6.63,4048361,0
SPCE.US,D,20200724,000000,6.57,6.65,6.27,6.35,5769404,0
SPCE.US,D,20200727,000000,6.24,6.31,6.05,6.14,4777013,0
SPCE.US,D,20200727,000000,5.96,6.27,5.95,6.21,11938212,0
SPCE.US,D,20200727,000000,6.22,6.31,6.22,6.26,6235145,0
SPCE.US,D,20200728,000000,6.21,6.23,6.02,6.11,5306815,0
SPCE.US,D,20200729,000000,6.11,6.47,6.06,6.25,9391275,0
SPCE.US,D,20200730,000000,6.27,6.45,5.56,5.83,6062779,0
SPCE.US,D,20200731,000000,5.73,5.84,5.30,5.43,6273636,0
SPCE.US,D,20200803,000000,5.41,5.62,5.36,5.58,6183669,0
SPCE.US,D,20200803,000000,5.55,5.91,5.36,5.84,6957652,0
SPCE.US,D,20200803,000000,5.84,6.04,5.80,5.98,11909571,0
SPCE.US,D,20200804,000000,6.02,6.06,5.86,5.87,10362822,0
SPCE.US,D,20200805,000000,5.80,6.78,5.80,6.24,6817541,0
SPCE.US,D,20200806,000000,6.09,6.10,5.95,5.99,6983751,0
SPCE.US,D,20200807,000000,5.72,5.82,5.60,5.81,11315868,0
SPCE.US,D,20200810,000000,5.71,6.34,5.68,6.32,10837698,0
SPCE.US,D,20200810,000000,6.43,6.54,5.94,5.99,4632311,0
SPCE.US,D,20200810,000000,6.11,6.64,6.02,6.59,11149070,0
SPCE.US,D,20200811,000000,6.43,7.01,6.35,6.77,4952962,0
SPCE.US,D,20200812,000000,6.70,6.94,6.64,6.86,8474195,0
SPCE.US,D,20200813,000000,7.01,7.15,6.69,6.70,4917575,0
SPCE.US,D,20200814,000000,6.44,6.51,5.93,5.99,4890587,0
SPCE.US,D,20200817,000000,5.95,6.23,5.79,6.13,4483117,0
SPCE.US,D,20200817,000000,6.07,6.72,6.01,6.67,4407942,0
SPCE.US,D,20200817,000000,6.49,6.66,6.03,6.17,11709767,0
SPCE.US,D,20200818,000000,5.82,6.07,5.81,6.05,9621110,0
SPCE.US,D,20200819,000000,6.05,6.30,5.27,5.34,9000158,0
SPCE.US,D,20200820,000000,5.47,5.52,5.05,5.13,11040910,0
SPCE.US,D,20200821,000000,5.19,5.21,5.00,5.04,4566862,0
SPCE.US,D,20200824,000000,5.09,5.24,5.03,5.20,10370204,0
SPCE.US,D,20200824,000000,5.13,5.27,5.11,5.26,14507918,0
SPCE.US,D,20200824,000000,5.31,5.45,5.30,5.32,9938208,0
SPCE.US,D,20200825,000000,5.50,5.53,5.43,5.44,19547549,0
SPCE.US,D,20200826,000000,5.53,5.75,5.53,5.56,10878300,0
SPCE.US,D,20200827,000000,5.45,5.72,5.37,5.71,18992969,0
SPCE.US,D,20200828,000000,5.65,6.02,5.60,5.83,7507225,0
SPCE.US,D,20200831,000000,5.61,6.16,5.58,5.97,11213045,0
SPCE.US,D,20200831,000000,6.01,6.09,6.01,6.08,16921100,0
SPCE.US,D,20200831,000000,6.26,6.29,6.09,6.12,15038645,0
SPCE.US,D,20200901,000000,6.00,6.64,5.90,6.26,13263103,0
SPCE.US,D,20200902,000000,6.54,6.55,6.43,6.43,17318653,0
SPCE.US,D,20200903,000000,6.56,6.78,6.44,6.59,10785132,0
SPCE.US,D,20200904,000000,6.62,6.91,6.43,6.80,22565652,0
SPCE.US,D,20200907,000000,6.86,7.09,6.85,6.96,16938218,0
SPCE.US,D,20200907,000000,6.95,7.14,6.94,7.10,23607875,0
SPCE.US,D,20200907,000000,7.00,7.51,6.97,7.30,21231509,0
SPCE.US,D,20200908,000000,7.24,7.77,7.16,7.45,25426171,0
SPCE.US,D,20200909,000000,7.41,7.77,7.32,7.65,17328719,0
SPCE.US,D,20200910,000000,7.87,7.94,7.81,7.89,11743978,0
SPCE.US,D,20200911,000000,7.75,8.21,7.73,8.07,20709161,0
SPCE.US,D,20200914,000000,8.03,8.45,8.00,8.30,18291378,0
SPCE.US,D,20200914,000000,8.18,8.80,8.10,8.63,32320991,0
SPCE.US,D,20200914,000000,8.62,9.03,8.59,8.86,32516767,0
SPCE.US,D,20200915,000000,9.03,9.09,9.00,9.08,20931060,0
SPCE.US,D,20200916,000000,8.89,9.47,8.77,9.42,18675519,0
SPCE.US,D,20200917,000000,9.25,9.75,8.95,9.70,33597749,0
SPCE.US,D,20200918,000000,9.63,10.33,9.58,10.05,28649303,0
SPCE.US,D,20200921,000000,9.94,10.56,9.72,10.44,21944051,0
SPCE.US,D,20200921,000000,10.63,11.15,10.59,10.86,14370783,0
SPCE.US,D,20200921,000000,10.29,11.80,9.96,11.30,39817030,0
SPCE.US,D,20200922,000000,11.45,11.56,11.44,11.53,6903319,0
SPCE.US,D,20200923,000000,11.82,11.95,11.79,11.85,9404646,0
SPCE.US,D,20200924,000000,12.06,12.25,11.97,12.23,7168917,0
SPCE.US,D,20200925,000000,12.18,13.03,12.09,12.78,11164418,0
SPCE.US,D,20200928,000000,12.47,13.06,12.44,12.90,10186070,0
SPCE.US,D,20200928,000000,12.51,13.09,12.45,12.80,11866742,0
SPCE.US,D,20200928,000000,12.99,14.41,12.88,14.13,11203665,0
SPCE.US,D,20200929,000000,13.93,14.38,13.11,13.39,6565632,0
SPCE.US,D,20200930,000000,13.29,15.45,13.12,14.82,5773607,0
SPCE.US,D,20201001,000000,14.63,15.06,14.44,15.06,8867605,0
SPCE.US,D,20201002,000000,15.51,15.57,15.29,15.42,10223161,0
SPCE.US,D,20201005,000000,15.80,16.81,14.03,14.16,9590909,0
SPCE.US,D,20201005,000000,13.92,14.09,12.91,13.22,8043200,0
SPCE.US,D,20201005,000000,13.00,14.15,12.99,14.04,7664022,0
SPCE.US,D,20201006,000000,14.39,14.43,14.31,14.33,9574596,0
SPCE.US,D,20201007,000000,14.28,16.59,14.06,15.84,9403714,0
SPCE.US,D,20201008,000000,15.90,16.67,15.71,16.35,8934548,0
SPCE.US,D,20201009,000000,15.87,17.19,15.75,17.09,11311387,0
SPCE.US,D,20201012,000000,17.77,18.04,17.10,17.35,10681513,0
SPCE.US,D,20201012,000000,17.48,18.68,17.39,18.37,9433265,0
SPCE.US,D,20201012,000000,17.72,20.19,17.60,19.93,5924294,0
SPCE.US,D,20201013,000000,19.77,19.79,17.87,18.43,4020586,0
SPCE.US,D,20201014,000000,19.06,19.20,18.39,18.43,5002916,0
SPCE.US,D,20201015,000000,18.38,18.85,15.22,16.05,9983399,0
SPCE.US,D,20201016,000000,15.71,15.73,15.61,15.63,4191234,0
SPCE.US,D,20201019,000000,14.94,15.41,14.91,15.21,10050180,0
SPCE.US,D,20201019,000000,15.26,15.64,13.55,14.02,10861654,0
SPCE.US,D,20201019,000000,14.10,16.23,13.77,15.07,7788542,0
SPCE.US,D,20201020,000000,15.31,15.61,12.21,12.49,9400210,0
SPCE.US,D,20201021,000000,12.31,12.82,12.26,12.57,6447209,0
SPCE.US,D,20201022,000000,12.73,12.95,12.03,12.29,4534655,0
SPCE.US,D,20201023,000000,12.28,12.33,11.73,11.79,5558201,0
SPCE.US,D,20201026,000000,11.93,12.60,11.91,12.47,4352791,0
SPCE.US,D,20201026,000000,12.90,13.17,12.72,13.17,4939645,0
SPCE.US,D,20201026,000000,13.46,14.08,12.40,12.45,10260265,0
SPCE.US,D,20201027,000000,12.07,12.07,11.95,12.03,4471587,0
SPCE.US,D,20201028,000000,12.10,12.54,10.02,10.27,4741508,0
SPCE.US,D,20201029,000000,10.16,10.90,10.11,10.84,7002467,0
SPCE.US,D,20201030,000000,11.32,11.33,10.85,10.91,4544636,0
SPCE.US,D,20201102,000000,11.06,12.17,11.06,12.03,9270243,0
SPCE.US,D,20201102,000000,11.50,12.89,11.42,12.65,5211718,0
SPCE.US,D,20201102,000000,12.43,13.62,12.29,13.30,9392471,0
SPCE.US,D,20201103,000000,13.18,14.24,13.03,14.08,10505487,0
SPCE.US,D,20201104,000000,14.47,15.46,14.28,15.13,10962877,0
SPCE.US,D,20201105,000000,14.50,15.97,14.37,15.66,7488601,0
SPCE.US,D,20201106,000000,15.23,18.76,14.52,17.31,9528944,0
SPCE.US,D,20201109,000000,17.02,17.24,16.99,17.21,7032609,0
SPCE.US,D,20201109,000000,17.37,17.53,15.52,16.16,4160495,0
SPCE.US,D,20201109,000000,16.15,16.76,16.11,16.59,10666574,0
SPCE.US,D,20201110,000000,15.99,19.04,15.23,17.85,11240453,0
SPCE.US,D,20201111,000000,17.66,17.70,17.55,17.57,8151272,0
SPCE.US,D,20201112,000000,17.10,20.87,16.59,19.19,6709263,0
SPCE.US,D,20201113,000000,19.49,20.16,19.48,20.08,11100002,0
SPCE.US,D,20201116,000000,20.08,21.20,20.04,21.20,7457558,0
SPCE.US,D,20201116,000000,20.98,22.42,20.87,22.12,5124763,0
SPCE.US,D,20201116,000000,21.85,25.66,21.66,25.02,10039191,0
SPCE.US,D,20201117,000000,25.25,25.56,24.47,24.52,5913572,0
SPCE.US,D,20201118,000000,24.27,26.34,23.89,25.42,8405708,0
SPCE.US,D,20201119,000000,25.53,25.77,21.96,23.28,11263824,0
SPCE.US,D,20201120,000000,23.58,26.15,23.02,25.82,7682049,0
SPCE.US,D,20201123,000000,25.73,25.74,22.96,23.35,9852750,0
SPCE.US,D,20201123,000000,23.31,24.53,23.21,24.24,5792151,0
SPCE.US,D,20201123,000000,24.25,24.29,23.81,23.94,7131456,0
SPCE.US,D,20201124,000000,24.31,24.37,23.49,23.72,5613016,0
SPCE.US,D,20201125,000000,23.51,30.62,21.90,28.19,9904465,0
SPCE.US,D,20201126,000000,28.42,31.86,27.96,30.55,9305677,0
SPCE.US,D,20201127,000000,30.21,34.41,29.41,32.42,9286045,0
SPCE.US,D,20201130,000000,31.15,32.09,31.09,31.89,11275559,0
SPCE.US,D,20201130,000000,31.92,32.22,26.20,27.42,4376521,0
SPCE.US,D,20201130,000000,27.56,30.10,27.08,29.37,10453185,0
SPCE.US,D,20201201,000000,29.73,31.08,20.38,24.99,5556349,0
SPCE.US,D,20201202,000000,25.34,26.97,25.27,26.87,7224393,0
SPCE.US,D,20201203,000000,27.44,27.87,27.21,27.82,11860150,0
SPCE.US,D,20201204,000000,27.82,28.32,27.57,28.07,8027233,0
SPCE.US,D,20201207,000000,28.56,29.86,28.31,29.82,11007685,0
SPCE.US,D,20201207,000000,30.23,30.66,26.98,27.09,6387263,0
SPCE.US,D,20201207,000000,27.07,29.34,26.64,28.85,10747662,0
SPCE.US,D,20201208,000000,29.75,29.75,29.61,29.67,7724261,0
SPCE.US,D,20201209,000000,30.04,30.37,28.16,28.97,7023458,0
SPCE.US,D,20201210,000000,29.44,29.94,27.82,28.29,4706235,0
SPCE.US,D,20201211,000000,26.86,26.98,26.18,26.54,7256951,0
SPCE.US,D,20201214,000000,25.31,25.72,25.16,25.72,6843273,0
SPCE.US,D,20201214,000000,26.23,26.28,25.81,25.88,7721769,0
SPCE.US,D,20201214,000000,25.67,26.80,23.79,24.12,9805969,0
SPCE.US,D,20201215,000000,24.78,24.78,23.39,23.97,9643134,0
SPCE.US,D,20201216,000000,23.68,25.19,23.50,24.85,4120123,0
SPCE.US,D,20201217,000000,24.84,25.06,24.77,24.99,8607803,0
SPCE.US,D,20201218,000000,24.81,24.91,24.05,24.18,10128592,0
SPCE.US,D,20201221,000000,24.46,28.90,24.08,28.24,4494012,0
SPCE.US,D,20201221,000000,28.46,29.49,26.19,26.41,5291793,0
SPCE.US,D,20201221,000000,26.04,27.73,25.97,27.28,9507533,0
SPCE.US,D,20201222,000000,26.40,27.75,26.25,27.73,9504191,0
SPCE.US,D,20201223,000000,28.64,28.74,27.92,28.56,7018684,0
SPCE.US,D,20201224,000000,29.01,29.16,29.00,29.06,9387680,0
SPCE.US,D,20201225,000000,28.58,30.23,28.34,30.00,9735590,0
SPCE.US,D,20201228,000000,30.12,31.21,29.59,30.77,6040378,0
SPCE.US,D,20201228,000000,30.83,31.37,28.51,29.37,4612680,0
SPCE.US,D,20201228,000000,29.08,32.43,28.70,30.89,10689089,0
SPCE.US,D,20201229,000000,31.70,32.67,28.36,28.67,6074184,0
SPCE.US,D,20201230,000000,28.39,28.42,27.14,27.42,5624823,0
SPCE.US,D,20201231,000000,26.94,27.06,24.88,25.41,7244591,0
SPCE.US,D,20210101,000000,25.98,26.05,20.71,21.01,10814895,0
SPCE.US,D,20210104,000000,20.46,22.80,19.65,22.57,9770262,0
SPCE.US,D,20210104,000000,21.95,24.89,21.73,24.75,9835424,0
SPCE.US,D,20210104,000000,23.74,24.18,22.79,23.13,10467924,0
SPCE.US,D,20210105,000000,22.81,23.41,22.36,23.31,4124828,0
SPCE.US,D,20210106,000000,23.62,24.56,23.46,24.35,9455706,0
SPCE.US,D,20210107,000000,22.62,24.62,22.10,24.26,5033036,0
SPCE.US,D,20210108,000000,23.11,23.97,22.66,23.72,9026990,0
SPCE.US,D,20210111,000000,24.21,24.37,23.71,23.99,9227086,0
SPCE.US,D,20210111,000000,24.45,25.67,24.19,24.93,10602604,0
SPCE.US,D,20210111,000000,25.15,29.32,24.45,26.88,5153305,0
SPCE.US,D,20210112,000000,26.43,27.24,20.43,21.00,4522770,0
SPCE.US,D,20210113,000000,21.46,22.00,21.24,21.98,11772103,0
SPCE.US,D,20210114,000000,21.28,21.42,19.28,19.43,7082694,0
SPCE.US,D,20210115,000000,19.69,22.02,18.82,21.74,9581445,0
SPCE.US,D,20210118,000000,21.27,22.23,18.35,19.01,9402431,0
SPCE.US,D,20210118,000000,19.14,19.61,17.65,17.65,11442932,0
SPCE.US,D,20210118,000000,17.94,18.09,16.73,17.09,4504506,0
SPCE.US,D,20210119,000000,17.74,17.87,15.42,16.09,4192915,0
SPCE.US,D,20210120,000000,15.91,18.30,15.90,17.48,6346206,0
SPCE.US,D,20210121,000000,17.05,17.94,14.14,14.78,11761667,0
SPCE.US,D,20210122,000000,14.21,19.29,14.12,17.36,11006765,0
SPCE.US,D,20210125,000000,17.53,17.63,17.29,17.62,9215771,0
SPCE.US,D,20210125,000000,18.12,18.15,18.03,18.08,8447092,0
SPCE.US,D,20210125,000000,18.48,18.66,17.35,17.50,10949968,0
SPCE.US,D,20210126,000000,18.29,18.36,18.10,18.18,8020660,0
SPCE.US,D,20210127,000000,18.23,19.40,17.65,19.03,5603068,0
SPCE.US,D,20210128,000000,19.16,19.32,17.25,17.50,7732707,0
SPCE.US,D,20210129,000000,18.06,18.67,15.69,16.29,7376897,0
SPCE.US,D,20210201,000000,16.23,17.05,15.97,17.03,8296892,0
SPCE.US,D,20210201,000000,17.14,17.16,17.06,17.06,9233847,0
SPCE.US,D,20210201,000000,17.16,18.74,16.86,18.17,11714462,0
SPCE.US,D,20210202,000000,18.25,18.30,17.90,17.94,4570572,0
SPCE.US,D,20210203,000000,18.05,18.16,17.92,18.12,9483575,0
SPCE.US,D,20210204,000000,17.93,19.05,17.84,18.72,9306001,0
SPCE.US,D,20210205,000000,18.36,20.43,17.97,19.83,5020998,0
SPCE.US,D,20210208,000000,20.32,20.44,19.38,19.60,5681050,0
SPCE.US,D,20210208,000000,19.32,21.11,18.85,21.10,6528350,0
SPCE.US,D,20210208,000000,21.39,22.04,18.32,19.38,8694297,0
SPCE.US,D,20210209,000000,20.03,20.42,18.88,19.45,6499916,0
SPCE.US,D,20210210,000000,19.16,19.20,19.11,19.12,8496521,0
SPCE.US,D,20210211,000000,19.22,19.64,17.32,17.39,11869094,0
SPCE.US,D,20210212,000000,17.68,18.15,14.92,15.59,5612273,0
SPCE.US,D,20210215,000000,15.93,16.14,14.36,15.04,11537246,0
SPCE.US,D,20210215,000000,14.39,14.65,13.55,13.89,4697436,0
SPCE.US,D,20210215,000000,14.30,15.35,14.24,15.26,10560241,0
SPCE.US,D,20210216,000000,14.84,15.17,14.75,15.15,5355663,0
SPCE.US,D,20210217,000000,15.02,15.10,14.04,14.44,8666525,0
SPCE.US,D,20210218,000000,14.10,16.34,14.06,15.51,11845367,0
SPCE.US,D,20210219,000000,15.71,16.80,15.54,16.80,6637598,0
SPCE.US,D,20210222,000000,17.02,17.08,17.02,17.07,4637939,0
SPCE.US,D,20210222,000000,17.89,18.61,15.66,15.86,4550073,0
SPCE.US,D,20210222,000000,16.08,16.18,13.88,14.21,11102832,0
SPCE.US,D,20210223,000000,13.99,14.03,13.53,13.73,5968703,0
SPCE.US,D,20210224,000000,13.60,15.20,13.13,14.16,9007177,0
SPCE.US,D,20210225,000000,14.55,14.78,13.83,13.94,8744075,0
SPCE.US,D,20210226,000000,13.83,15.79,13.59,15.69,8471305,0
SPCE.US,D,20210301,000000,15.91,16.10,14.15,14.99,4800121,0
SPCE.US,D,20210301,000000,14.73,15.09,12.56,13.38,9761087,0
SPCE.US,D,20210301,000000,13.61,15.27,13.00,14.95,5823569,0
SPCE.US,D,20210302,000000,15.27,15.42,14.58,14.91,4759018,0
SPCE.US,D,20210303,000000,15.21,15.56,14.00,14.38,9139198,0
SPCE.US,D,20210304,000000,14.12,15.50,14.06,14.17,5945617,0
SPCE.US,D,20210305,000000,14.44,14.72,14.24,14.66,9409615,0
SPCE.US,D,20210308,000000,14.57,15.75,14.53,15.48,6590653,0
SPCE.US,D,20210308,000000,15.88,15.92,12.87,13.99,6702137,0
SPCE.US,D,20210308,000000,14.44,15.05,14.33,14.90,5824439,0
SPCE.US,D,20210309,000000,14.59,15.82,14.23,15.77,10440988,0
SPCE.US,D,20210310,000000,16.15,17.00,16.07,16.94,5322951,0
SPCE.US,D,20210311,000000,16.74,17.29,16.59,17.22,6393102,0
SPCE.US,D,20210312,000000,17.36,18.53,16.96,18.00,9775799,0
SPCE.US,D,20210315,000000,17.81,23.56,16.37,21.48,9033773,0
SPCE.US,D,20210315,000000,20.62,26.22,19.53,24.43,6962162,0
SPCE.US,D,20210315,000000,23.54,26.37,22.93,25.03,7667843,0
SPCE.US,D,20210316,000000,25.42,26.42,20.02,22.01,9284588,0
SPCE.US,D,20210317,000000,21.95,22.65,19.21,19.78,4523869,0
SPCE.US,D,20210318,000000,19.64,19.74,18.61,19.10,9525254,0
SPCE.US,D,20210319,000000,19.15,19.27,17.05,17.77,11712850,0
SPCE.US,D,20210322,000000,18.25,18.52,18.16,18.32,5942562,0
SPCE.US,D,20210322,000000,17.60,17.89,16.16,16.79,10930363,0
SPCE.US,D,20210322,000000,16.66,17.66,16.49,17.49,5551524,0
SPCE.US,D,20210323,000000,17.19,17.99,17.13,17.80,9980391,0
SPCE.US,D,20210324,000000,17.91,17.97,16.90,17.20,5126972,0
SPCE.US,D,20210325,000000,16.80,19.27,16.39,18.86,11273298,0
SPCE.US,D,20210326,000000,18.17,18.98,17.95,18.97,7009351,0
SPCE.US,D,20210329,000000,18.93,19.21,15.36,16.65,4041461,0
SPCE.US,D,20210329,000000,16.23,16.27,15.65,15.74,11576603,0
SPCE.US,D,20210329,000000,15.58,21.39,15.57,18.53,9490334,0
SPCE.US,D,20210330,000000,18.53,18.56,17.19,17.28,5750912,0
SPCE.US,D,20210331,000000,16.91,17.33,16.76,17.26,11019785,0
SPCE.US,D,20210401,000000,17.85,18.01,16.29,16.49,10409215,0
SPCE.US,D,20210402,000000,16.85,16.91,14.33,15.85,4752285,0
SPCE.US,D,20210405,000000,15.92,16.10,14.44,14.79,10727747,0
SPCE.US,D,20210405,000000,14.85,14.94,14.31,14.41,8154194,0
SPCE.US,D,20210405,000000,14.57,15.48,14.38,15.18,4657788,0
SPCE.US,D,20210406,000000,15.09,15.77,15.02,15.53,8874150,0
SPCE.US,D,20210407,000000,15.57,15.70,12.43,13.76,9817420,0
SPCE.US,D,20210408,000000,14.00,14.25,12.95,12.96,11928500,0
SPCE.US,D,20210409,000000,12.63,12.68,12.25,12.37,4760287,0
SPCE.US,D,20210412,000000,12.20,13.42,12.11,13.29,8206923,0
SPCE.US,D,20210412,000000,13.27,14.11,12.80,13.58,4019214,0
SPCE.US,D,20210412,000000,13.52,15.29,12.98,14.96,11907419,0
SPCE.US,D,20210413,000000,15.63,16.20,13.54,13.58,6610487,0
SPCE.US,D,20210414,000000,13.76,13.78,12.99,13.25,6938829,0
SPCE.US,D,20210415,000000,13.13,13.19,12.54,12.91,7138994,0
SPCE.US,D,20210416,000000,12.88,13.97,12.81,13.56,6368110,0
SPCE.US,D,20210419,000000,13.48,13.55,13.22,13.28,5162801,0
SPCE.US,D,20210419,000000,13.51,13.70,12.93,13.22,9808953,0
SPCE.US,D,20210419,000000,13.44,15.04,12.88,14.62,8017987,0
SPCE.US,D,20210420,000000,14.39,15.67,14.29,15.48,8808986,0
SPCE.US,D,20210421,000000,15.71,15.73,13.50,13.77,7437758,0
SPCE.US,D,20210422,000000,13.99,16.85,13.64,16.28,5418511,0
SPCE.US,D,20210423,000000,15.93,17.82,15.84,17.28,7765387,0
SPCE.US,D,20210426,000000,17.48,17.59,17.25,17.26,8354833,0
SPCE.US,D,20210426,000000,16.48,21.68,15.79,19.44,8993986,0
SPCE.US,D,20210426,000000,19.62,21.00,19.44,20.78,11341977,0
SPCE.US,D,20210427,000000,20.25,23.41,19.85,22.56,11037109,0
SPCE.US,D,20210428,000000,22.28,22.84,22.16,22.53,7130856,0
SPCE.US,D,20210429,000000,22.82,24.09,22.73,23.87,9466995,0
SPCE.US,D,20210430,000000,23.84,24.11,23.84,23.92,5496345,0
SPCE.US,D,20210503,000000,23.79,25.12,22.99,24.62,11485731,0
SPCE.US,D,20210503,000000,24.42,26.60,24.16,26.31,7055582,0
SPCE.US,D,20210503,000000,26.32,26.51,25.44,25.46,7296422,0
SPCE.US,D,20210504,000000,25.10,25.68,24.89,25.39,4848264,0
SPCE.US,D,20210505,000000,25.17,26.36,20.35,21.75,8282320,0
SPCE.US,D,20210506,000000,21.43,21.58,21.42,21.49,11390448,0
SPCE.US,D,20210507,000000,21.87,21.97,21.33,21.34,7398872,0
SPCE.US,D,20210510,000000,22.11,22.92,18.00,19.71,6537497,0
SPCE.US,D,20210510,000000,18.73,19.13,18.62,19.09,11379603,0
SPCE.US,D,20210510,000000,18.82,22.40,17.85,20.75,8867696,0
SPCE.US,D,20210511,000000,21.03,21.17,19.30,19.31,4527610,0
SPCE.US,D,20210512,000000,19.72,19.90,16.84,17.33,11017610,0
SPCE.US,D,20210513,000000,17.75,17.77,16.58,17.00,5860035,0
SPCE.US,D,20210514,000000,16.49,16.51,16.29,16.31,9018510,0
SPCE.US,D,20210517,000000,16.20,17.31,15.99,16.68,10405991,0
SPCE.US,D,20210517,000000,16.30,16.31,15.09,15.50,5724923,0
SPCE.US,D,20210517,000000,15.80,15.84,15.31,15.45,7118159,0
SPCE.US,D,20210518,000000,16.19,16.22,15.85,15.91,10248698,0
SPCE.US,D,20210519,000000,15.51,16.35,15.51,15.95,11923904,0
SPCE.US,D,20210520,000000,16.33,16.35,15.60,16.02,7521972,0
SPCE.US,D,20210521,000000,15.45,15.46,14.72,15.02,7208088,0
SPCE.US,D,20210524,000000,14.99,15.27,11.76,12.80,11975431,0
SPCE.US,D,20210524,000000,12.76,13.97,12.17,13.62,7261477,0
SPCE.US,D,20210524,000000,13.78,14.99,13.76,14.78,7647520,0
SPCE.US,D,20210525,000000,14.85,15.00,14.40,14.69,9884289,0
SPCE.US,D,20210526,000000,14.68,15.80,14.52,15.14,7694807,0
SPCE.US,D,20210527,000000,15.06,15.40,14.96,15.32,11811986,0
SPCE.US,D,20210528,000000,15.23,16.55,14.93,16.23,8754574,0
SPCE.US,D,20210531,000000,15.91,16.10,15.75,16.09,7602195,0
SPCE.US,D,20210531,000000,16.13,16.29,12.57,14.48,9348916,0
SPCE.US,D,20210531,000000,14.51,14.57,14.32,14.36,6488196,0
SPCE.US,D,20210601,000000,14.00,15.97,13.88,15.89,8076400,0
SPCE.US,D,20210602,000000,15.63,16.19,15.56,16.02,7548636,0
SPCE.US,D,20210603,000000,15.82,15.87,14.52,15.41,7942698,0
SPCE.US,D,20210604,000000,15.21,15.34,14.80,15.02,8464636,0
SPCE.US,D,20210607,000000,15.40,15.59,14.27,14.55,11598129,0
SPCE.US,D,20210607,000000,14.64,14.75,14.59,14.61,5564412,0
SPCE.US,D,20210607,000000,14.18,16.44,13.67,16.41,9667903,0
SPCE.US,D,20210608,000000,16.10,16.13,16.10,16.10,11246356,0
SPCE.US,D,20210609,000000,16.42,17.06,16.27,16.88,8205539,0
SPCE.US,D,20210610,000000,16.32,17.17,16.27,17.01,8322205,0
SPCE.US,D,20210611,000000,16.60,17.10,16.52,17.04,9589039,0
SPCE.US,D,20210614,000000,17.43,17.96,16.09,16.19,4419033,0
SPCE.US,D,20210614,000000,15.86,15.98,15.53,15.72,11177530,0
SPCE.US,D,20210614,000000,15.65,16.88,15.36,16.74,6631617,0
SPCE.US,D,20210615,000000,16.41,16.49,15.45,15.56,5009456,0
SPCE.US,D,20210616,000000,15.71,16.39,15.64,16.19,8365270,0
SPCE.US,D,20210617,000000,16.22,17.14,13.77,13.78,11244535,0
SPCE.US,D,20210618,000000,13.49,14.03,13.47,13.88,7981871,0
