<TICKER>,<PER>,<DATE>,<TIME>,<OPEN>,<HIGH>,<LOW>,<CLOSE>,<VOL>,<OPENINT>
TSLA.US,D,20180102,000000,247.21,247.39,247.15,247.34,8599776,0
TSLA.US,D,20180103,000000,247.77,250.05,247.27,249.80,12586314,0
TSLA.US,D,20180104,000000,249.51,261.94,248.32,257.74,11743663,0
TSLA.US,D,20180105,000000,258.49,265.50,255.98,263.86,11658816,0
TSLA.US,D,20180108,000000,263.38,267.93,262.93,267.18,9703570,0
TSLA.US,D,20180108,000000,266.50,273.38,263.52,272.71,13834560,0
TSLA.US,D,20180108,000000,270.66,273.66,270.20,272.63,11381272,0
TSLA.US,D,20180109,000000,270.35,270.94,267.67,269.30,9967962,0
TSLA.US,D,20180110,000000,270.28,273.14,269.05,272.94,15416499,0
TSLA.US,D,20180111,000000,270.57,273.72,269.42,272.22,15442318,0
TSLA.US,D,20180112,000000,272.36,273.10,272.26,272.98,8865150,0
TSLA.US,D,20180115,000000,269.26,270.13,263.89,264.80,16269440,0
TSLA.US,D,20180115,000000,265.41,267.01,265.23,265.30,10466442,0
TSLA.US,D,20180115,000000,267.17,267.18,266.83,266.87,12213747,0
TSLA.US,D,20180116,000000,268.13,268.80,264.85,265.26,19027911,0
TSLA.US,D,20180117,000000,267.91,268.69,262.69,263.26,11064367,0
TSLA.US,D,20180118,000000,258.84,273.88,257.47,273.53,16361819,0
TSLA.US,D,20180119,000000,275.28,282.87,273.90,280.57,9338660,0
TSLA.US,D,20180122,000000,277.74,279.07,277.03,277.61,14509261,0
TSLA.US,D,20180122,000000,276.27,278.31,266.99,267.28,10805194,0
TSLA.US,D,20180122,000000,269.50,274.93,265.55,271.39,8062446,0
TSLA.US,D,20180123,000000,270.52,270.88,268.00,268.94,15379390,0
TSLA.US,D,20180124,000000,269.05,269.93,266.29,266.54,13108916,0
TSLA.US,D,20180125,000000,268.90,268.93,268.53,268.78,14221360,0
TSLA.US,D,20180126,000000,270.76,271.15,264.78,265.89,18956748,0
TSLA.US,D,20180129,000000,266.94,269.26,260.18,261.89,11354937,0
TSLA.US,D,20180129,000000,259.87,260.91,255.55,255.94,19471471,0
TSLA.US,D,20180129,000000,253.69,255.30,252.51,252.53,21645913,0
TSLA.US,D,20180130,000000,256.03,257.21,244.45,248.98,8644055,0
TSLA.US,D,20180131,000000,250.38,251.42,236.05,241.69,19551269,0
TSLA.US,D,20180201,000000,240.49,244.58,240.46,244.05,20109237,0
TSLA.US,D,20180202,000000,245.43,250.49,228.65,234.23,17696309,0
TSLA.US,D,20180205,000000,236.29,237.07,226.65,227.20,15702720,0
TSLA.US,D,20180205,000000,227.93,228.38,227.34,227.37,12113923,0
TSLA.US,D,20180205,000000,227.52,230.93,227.38,229.57,16468430,0
TSLA.US,D,20180206,000000,231.22,232.58,227.95,229.45,16755047,0
TSLA.US,D,20180207,000000,228.18,231.19,220.64,221.92,17575046,0
TSLA.US,D,20180208,000000,221.16,221.20,220.38,220.56,7879109,0
TSLA.US,D,20180209,000000,221.22,226.47,218.39,225.42,13061629,0
TSLA.US,D,20180212,000000,225.45,228.29,224.89,227.01,9121683,0
TSLA.US,D,20180212,000000,227.12,248.28,224.72,240.42,15108482,0
TSLA.US,D,20180212,000000,243.68,245.26,234.68,236.96,16656803,0
TSLA.US,D,20180213,000000,236.92,237.18,234.36,236.20,7607611,0
TSLA.US,D,20180214,000000,233.64,241.16,233.61,239.37,17115382,0
TSLA.US,D,20180215,000000,237.92,240.62,237.52,239.98,11590648,0
TSLA.US,D,20180216,000000,234.45,234.99,232.41,233.28,7875065,0
TSLA.US,D,20180219,000000,236.11,237.00,227.45,231.08,14215184,0
TSLA.US,D,20180219,000000,232.15,232.58,230.32,230.70,22338359,0
TSLA.US,D,20180219,000000,233.46,233.48,227.05,228.09,16204183,0
TSLA.US,D,20180220,000000,228.61,228.76,220.02,220.76,13855958,0
TSLA.US,D,20180221,000000,217.33,235.40,213.70,230.57,18555366,0
TSLA.US,D,20180222,000000,232.57,234.11,204.44,212.79,15882714,0
TSLA.US,D,20180223,000000,215.44,217.24,209.78,211.54,17223027,0
TSLA.US,D,20180226,000000,210.55,211.22,207.51,208.59,12059151,0
TSLA.US,D,20180226,000000,208.10,218.46,207.69,214.71,13272453,0
TSLA.US,D,20180226,000000,216.13,219.93,203.43,205.63,22407735,0
TSLA.US,D,20180227,000000,203.52,207.02,188.31,192.21,13087049,0
TSLA.US,D,20180228,000000,192.12,194.13,184.00,184.62,20421846,0
TSLA.US,D,20180301,000000,183.36,183.97,177.00,178.27,15364267,0
TSLA.US,D,20180302,000000,179.02,182.33,177.87,181.76,11065696,0
TSLA.US,D,20180305,000000,182.30,184.72,171.83,176.89,18426728,0
TSLA.US,D,20180305,000000,176.24,178.91,175.50,177.90,14335897,0
TSLA.US,D,20180305,000000,179.27,181.21,178.67,180.99,14076769,0
TSLA.US,D,20180306,000000,177.54,181.06,171.52,172.59,22399925,0
TSLA.US,D,20180307,000000,173.34,196.77,168.13,192.44,19518830,0
TSLA.US,D,20180308,000000,190.75,193.16,190.58,192.32,19130004,0
TSLA.US,D,20180309,000000,191.10,199.03,191.08,196.67,14858648,0
TSLA.US,D,20180312,000000,199.74,209.83,195.58,207.88,10183674,0
TSLA.US,D,20180312,000000,211.39,222.78,209.24,219.83,15532084,0
TSLA.US,D,20180312,000000,219.19,234.91,218.17,228.50,19191444,0
TSLA.US,D,20180313,000000,231.69,236.35,230.36,235.46,16093145,0
TSLA.US,D,20180314,000000,234.10,237.00,221.59,225.09,15781710,0
TSLA.US,D,20180315,000000,223.66,225.43,215.35,215.52,11539350,0
TSLA.US,D,20180316,000000,218.10,219.47,213.80,214.50,21423382,0
TSLA.US,D,20180319,000000,216.65,222.25,214.29,220.85,11583185,0
TSLA.US,D,20180319,000000,224.43,225.23,223.31,223.71,22334189,0
TSLA.US,D,20180319,000000,222.42,232.07,219.07,230.05,21377458,0
TSLA.US,D,20180320,000000,225.66,227.04,222.68,224.19,11958174,0
TSLA.US,D,20180321,000000,220.80,227.42,219.56,226.31,14483140,0
TSLA.US,D,20180322,000000,224.50,245.14,223.12,238.45,18927002,0
TSLA.US,D,20180323,000000,236.37,236.79,232.05,232.36,9202767,0
TSLA.US,D,20180326,000000,233.15,260.48,228.46,250.67,19539530,0
TSLA.US,D,20180326,000000,252.45,255.35,252.37,254.43,22162850,0
TSLA.US,D,20180326,000000,254.09,268.71,249.60,267.50,21303472,0
TSLA.US,D,20180327,000000,265.52,267.16,265.20,265.29,22304148,0
TSLA.US,D,20180328,000000,269.81,274.93,268.05,274.53,8181823,0
TSLA.US,D,20180329,000000,271.35,277.91,270.38,275.69,15847251,0
TSLA.US,D,20180330,000000,278.30,279.64,254.50,263.72,8283926,0
TSLA.US,D,20180402,000000,268.07,268.57,266.63,267.84,10421139,0
TSLA.US,D,20180402,000000,261.54,265.66,259.69,265.12,13118186,0
TSLA.US,D,20180402,000000,265.99,269.43,265.83,268.81,13485576,0
TSLA.US,D,20180403,000000,271.01,274.22,255.74,258.72,10680618,0
TSLA.US,D,20180404,000000,258.82,262.10,258.38,261.13,21651073,0
TSLA.US,D,20180405,000000,258.47,262.85,257.08,262.65,17016260,0
TSLA.US,D,20180406,000000,264.62,268.96,263.85,267.90,20650007,0
TSLA.US,D,20180409,000000,268.71,273.09,255.98,260.35,19287995,0
TSLA.US,D,20180409,000000,263.16,265.72,262.49,263.74,15464561,0
TSLA.US,D,20180409,000000,260.68,267.83,258.76,267.20,15594544,0
TSLA.US,D,20180410,000000,267.60,268.73,260.09,260.88,13576302,0
TSLA.US,D,20180411,000000,257.79,257.94,252.17,255.01,8813533,0
TSLA.US,D,20180412,000000,253.76,265.80,251.54,258.93,10490705,0
TSLA.US,D,20180413,000000,255.56,255.91,246.53,247.80,22021804,0
TSLA.US,D,20180416,000000,254.75,257.98,234.36,241.19,13583800,0
TSLA.US,D,20180416,000000,243.04,252.81,241.49,251.36,17081637,0
TSLA.US,D,20180416,000000,254.69,256.33,239.74,242.60,10174108,0
TSLA.US,D,20180417,000000,245.11,247.58,240.43,241.71,9602311,0
TSLA.US,D,20180418,000000,240.20,240.25,240.07,240.15,20090479,0
TSLA.US,D,20180419,000000,240.94,243.34,240.55,242.88,18471582,0
TSLA.US,D,20180420,000000,241.84,246.84,228.95,235.42,12370190,0
TSLA.US,D,20180423,000000,238.19,239.98,227.47,228.27,20884959,0
TSLA.US,D,20180423,000000,225.90,230.99,223.73,227.88,16428731,0
TSLA.US,D,20180423,000000,229.22,229.55,225.97,226.85,16280493,0
TSLA.US,D,20180424,000000,226.73,228.92,222.22,223.14,8214888,0
TSLA.US,D,20180425,000000,224.59,228.18,197.76,205.95,11172920,0
TSLA.US,D,20180426,000000,203.50,204.09,186.42,193.21,11405371,0
TSLA.US,D,20180427,000000,193.71,196.10,193.55,195.86,11969031,0
TSLA.US,D,20180430,000000,194.96,195.42,186.69,191.10,12999288,0
TSLA.US,D,20180430,000000,187.30,203.36,186.35,195.74,21736222,0
TSLA.US,D,20180430,000000,190.21,218.38,183.86,208.86,12128457,0
TSLA.US,D,20180501,000000,205.49,218.89,205.32,215.23,14946317,0
TSLA.US,D,20180502,000000,215.87,220.72,215.69,218.37,21185483,0
TSLA.US,D,20180503,000000,214.00,225.06,210.74,221.22,9098773,0
TSLA.US,D,20180504,000000,220.33,237.22,220.14,231.71,11835249,0
TSLA.US,D,20180507,000000,233.01,234.98,223.16,223.43,19328329,0
TSLA.US,D,20180507,000000,223.36,224.39,217.88,219.84,11169040,0
TSLA.US,D,20180507,000000,214.69,214.92,203.13,206.11,10099497,0
TSLA.US,D,20180508,000000,207.88,210.03,207.67,209.37,22084237,0
TSLA.US,D,20180509,000000,207.16,211.50,192.95,193.42,16564696,0
TSLA.US,D,20180510,000000,188.38,195.83,186.97,194.77,22274364,0
TSLA.US,D,20180511,000000,195.04,195.79,194.93,195.47,18296601,0
TSLA.US,D,20180514,000000,197.02,207.42,196.20,207.09,9743422,0
TSLA.US,D,20180514,000000,208.52,211.06,191.61,192.96,15950076,0
TSLA.US,D,20180514,000000,194.78,202.86,193.41,199.68,17005920,0
TSLA.US,D,20180515,000000,195.71,203.98,193.32,201.80,14519692,0
TSLA.US,D,20180516,000000,200.07,202.44,181.78,187.06,18129996,0
TSLA.US,D,20180517,000000,188.09,191.55,172.29,177.91,16403279,0
TSLA.US,D,20180518,000000,175.43,190.45,170.71,183.24,18837566,0
TSLA.US,D,20180521,000000,180.05,213.56,174.20,205.63,15092330,0
TSLA.US,D,20180521,000000,207.13,207.54,206.56,207.53,12679134,0
TSLA.US,D,20180521,000000,207.20,208.74,201.36,201.57,12680921,0
TSLA.US,D,20180522,000000,198.61,223.61,198.06,214.01,11941079,0
TSLA.US,D,20180523,000000,211.84,212.29,210.92,210.94,13783452,0
TSLA.US,D,20180524,000000,216.15,219.97,207.55,210.16,7520688,0
TSLA.US,D,20180525,000000,207.06,214.82,205.79,212.21,16327639,0
TSLA.US,D,20180528,000000,211.59,215.15,178.25,188.71,20889130,0
TSLA.US,D,20180528,000000,190.32,191.81,178.94,179.61,14086113,0
TSLA.US,D,20180528,000000,178.54,226.78,170.08,205.34,18410212,0
TSLA.US,D,20180529,000000,207.31,221.85,202.26,221.02,8775296,0
TSLA.US,D,20180530,000000,223.65,232.55,221.67,232.39,10834848,0
TSLA.US,D,20180531,000000,236.06,236.40,235.15,235.76,13789572,0
TSLA.US,D,20180601,000000,236.73,240.42,213.02,213.38,11666199,0
TSLA.US,D,20180604,000000,207.34,220.65,203.85,214.82,14203586,0
TSLA.US,D,20180604,000000,218.30,219.48,217.96,219.05,15357986,0
TSLA.US,D,20180604,000000,214.99,218.90,173.84,189.04,20452919,0
TSLA.US,D,20180605,000000,185.32,185.47,179.79,181.85,21948606,0
TSLA.US,D,20180606,000000,181.79,183.10,154.41,158.54,20315851,0
TSLA.US,D,20180607,000000,159.45,159.57,154.36,158.16,7942334,0
TSLA.US,D,20180608,000000,155.61,169.89,155.08,163.18,9450463,0
TSLA.US,D,20180611,000000,155.11,169.32,152.70,161.73,16045362,0
TSLA.US,D,20180611,000000,160.83,164.37,152.28,154.56,13059616,0
TSLA.US,D,20180611,000000,153.74,155.61,152.84,154.52,8147365,0
TSLA.US,D,20180612,000000,151.07,151.37,144.74,148.22,12178952,0
TSLA.US,D,20180613,000000,152.01,154.91,151.92,154.47,15691789,0
TSLA.US,D,20180614,000000,152.46,158.19,152.30,157.29,17881844,0
TSLA.US,D,20180615,000000,157.00,157.42,156.08,156.50,16054300,0
TSLA.US,D,20180618,000000,155.26,156.25,151.93,153.53,19960223,0
TSLA.US,D,20180618,000000,147.60,186.32,134.52,176.45,16132239,0
TSLA.US,D,20180618,000000,169.53,171.08,159.65,161.39,19352868,0
TSLA.US,D,20180619,000000,162.64,172.18,142.73,143.56,20433029,0
TSLA.US,D,20180620,000000,143.06,148.15,115.26,121.29,21269783,0
TSLA.US,D,20180621,000000,117.80,133.92,109.89,131.51,13976940,0
TSLA.US,D,20180622,000000,130.19,130.35,117.91,120.91,17973275,0
TSLA.US,D,20180625,000000,123.68,129.29,123.45,127.83,12756789,0
TSLA.US,D,20180625,000000,134.78,135.22,124.44,128.30,16376506,0
TSLA.US,D,20180625,000000,129.00,131.07,127.74,128.30,16375575,0
TSLA.US,D,20180626,000000,131.77,135.14,127.09,128.91,10021529,0
TSLA.US,D,20180627,000000,123.67,130.82,122.60,129.32,12612921,0
TSLA.US,D,20180628,000000,126.80,137.63,126.08,135.51,9405489,0
TSLA.US,D,20180629,000000,130.22,142.92,125.05,139.36,12485030,0
TSLA.US,D,20180702,000000,139.96,141.34,135.22,136.83,11379303,0
TSLA.US,D,20180702,000000,138.42,147.45,102.72,109.24,15908321,0
TSLA.US,D,20180702,000000,110.24,110.27,105.69,107.07,7724848,0
TSLA.US,D,20180703,000000,104.48,123.85,102.08,117.85,18848078,0
TSLA.US,D,20180704,000000,116.95,118.98,106.93,109.53,18873421,0
TSLA.US,D,20180705,000000,107.72,108.02,100.89,103.35,20611103,0
TSLA.US,D,20180706,000000,102.84,103.44,96.49,96.88,8029412,0
TSLA.US,D,20180709,000000,100.41,101.06,91.04,94.15,21305886,0
TSLA.US,D,20180709,000000,94.45,94.65,90.34,90.77,20503974,0
TSLA.US,D,20180709,000000,92.14,97.16,91.35,95.39,21995119,0
TSLA.US,D,20180710,000000,94.41,97.74,92.91,96.50,16293918,0
TSLA.US,D,20180711,000000,97.98,112.01,97.70,107.64,8187245,0
TSLA.US,D,20180712,000000,113.35,121.17,108.74,119.49,13194197,0
TSLA.US,D,20180713,000000,117.95,121.40,116.54,120.91,19253492,0
TSLA.US,D,20180716,000000,123.97,125.01,115.24,116.14,16017796,0
TSLA.US,D,20180716,000000,111.22,120.74,109.80,118.81,17997861,0
TSLA.US,D,20180716,000000,117.87,139.60,114.91,127.80,8807324,0
TSLA.US,D,20180717,000000,125.04,148.51,124.57,139.04,12204189,0
TSLA.US,D,20180718,000000,138.28,154.71,135.15,154.57,22128494,0
TSLA.US,D,20180719,000000,158.56,163.21,158.23,162.41,7573524,0
TSLA.US,D,20180720,000000,167.47,176.31,135.33,145.59,18749042,0
TSLA.US,D,20180723,000000,144.95,145.03,138.17,138.77,19002240,0
TSLA.US,D,20180723,000000,137.34,151.19,135.06,146.74,12112223,0
TSLA.US,D,20180723,000000,145.33,153.24,145.25,148.17,11237113,0
TSLA.US,D,20180724,000000,142.10,170.41,135.89,163.91,10352005,0
TSLA.US,D,20180725,000000,158.38,158.90,147.54,150.13,17660251,0
TSLA.US,D,20180726,000000,153.98,158.65,152.75,156.93,19171993,0
TSLA.US,D,20180727,000000,153.70,154.81,153.51,154.79,16290737,0
TSLA.US,D,20180730,000000,154.49,162.43,154.33,159.48,18529054,0
TSLA.US,D,20180730,000000,161.89,164.92,160.27,163.90,18943111,0
TSLA.US,D,20180730,000000,162.57,164.23,157.25,158.31,14570680,0
TSLA.US,D,20180731,000000,151.91,160.09,151.77,158.55,12541364,0
TSLA.US,D,20180801,000000,154.18,157.88,150.99,155.27,12143083,0
TSLA.US,D,20180802,000000,152.18,164.01,147.56,162.90,8375041,0
TSLA.US,D,20180803,000000,160.58,161.01,156.53,157.84,17526377,0
TSLA.US,D,20180806,000000,161.10,163.45,154.12,155.95,11286047,0
TSLA.US,D,20180806,000000,153.00,159.95,150.17,158.33,17758529,0
TSLA.US,D,20180806,000000,159.89,164.32,152.21,158.00,22192574,0
TSLA.US,D,20180807,000000,159.09,170.31,158.72,167.92,13973224,0
TSLA.US,D,20180808,000000,167.92,168.43,153.49,155.64,12654838,0
TSLA.US,D,20180809,000000,155.53,155.61,155.38,155.48,21125957,0
TSLA.US,D,20180810,000000,154.60,174.91,153.13,166.76,15920303,0
TSLA.US,D,20180813,000000,163.02,163.58,151.64,151.83,10070330,0
TSLA.US,D,20180813,000000,148.64,151.53,141.77,145.06,12075371,0
TSLA.US,D,20180813,000000,141.06,142.50,140.63,142.38,17446015,0
TSLA.US,D,20180814,000000,144.84,145.97,143.82,144.19,21732509,0
TSLA.US,D,20180815,000000,145.49,148.31,139.66,140.06,12846293,0
TSLA.US,D,20180816,000000,138.80,154.36,137.88,147.66,15385013,0
TSLA.US,D,20180817,000000,146.99,153.10,146.67,152.76,19177090,0
TSLA.US,D,20180820,000000,153.92,155.17,147.01,148.25,12522040,0
TSLA.US,D,20180820,000000,149.02,149.52,139.50,140.68,20721195,0
TSLA.US,D,20180820,000000,137.83,143.63,137.37,141.98,18553267,0
TSLA.US,D,20180821,000000,143.28,143.34,140.06,140.47,13140326,0
TSLA.US,D,20180822,000000,136.38,137.13,129.04,129.27,21690418,0
TSLA.US,D,20180823,000000,130.27,139.12,129.58,136.34,9931036,0
TSLA.US,D,20180824,000000,138.24,141.81,135.09,136.61,10105859,0
TSLA.US,D,20180827,000000,139.79,142.75,108.03,116.88,11952951,0
TSLA.US,D,20180827,000000,116.48,126.03,113.60,125.09,10679823,0
TSLA.US,D,20180827,000000,121.20,122.45,119.25,119.53,14787231,0
TSLA.US,D,20180828,000000,117.49,122.38,116.65,119.08,20467992,0
TSLA.US,D,20180829,000000,119.46,133.25,117.24,127.34,12317505,0
TSLA.US,D,20180830,000000,127.80,139.75,122.55,139.52,16550431,0
TSLA.US,D,20180831,000000,143.61,145.64,143.53,144.90,12872404,0
TSLA.US,D,20180903,000000,141.66,148.94,139.30,148.16,8406574,0
TSLA.US,D,20180903,000000,144.78,148.69,144.78,147.35,18804158,0
TSLA.US,D,20180903,000000,145.24,149.34,144.38,147.74,18111536,0
TSLA.US,D,20180904,000000,149.88,151.31,141.37,145.27,14796273,0
TSLA.US,D,20180905,000000,144.74,145.60,133.64,139.16,15666556,0
TSLA.US,D,20180906,000000,137.28,139.99,129.64,130.46,9889448,0
TSLA.US,D,20180907,000000,131.78,134.09,126.84,130.26,13097740,0
TSLA.US,D,20180910,000000,130.80,131.30,127.73,127.87,17740590,0
TSLA.US,D,20180910,000000,128.24,129.60,122.18,124.85,14462863,0
TSLA.US,D,20180910,000000,127.41,127.66,127.04,127.65,22216195,0
TSLA.US,D,20180911,000000,126.82,128.02,123.37,126.22,21479278,0
TSLA.US,D,20180912,000000,126.71,129.18,125.91,128.60,19779259,0
TSLA.US,D,20180913,000000,130.47,131.36,130.17,131.19,21740690,0
TSLA.US,D,20180914,000000,131.11,134.60,128.96,133.62,20613279,0
TSLA.US,D,20180917,000000,131.19,133.43,117.78,118.84,13921394,0
TSLA.US,D,20180917,000000,118.70,125.00,117.68,124.97,17139758,0
TSLA.US,D,20180917,000000,124.79,131.13,123.36,129.16,13308877,0
TSLA.US,D,20180918,000000,128.32,128.86,125.24,126.15,11314517,0
TSLA.US,D,20180919,000000,123.71,127.56,121.98,126.98,10694934,0
TSLA.US,D,20180920,000000,127.70,139.37,108.74,111.52,17511260,0
TSLA.US,D,20180921,000000,113.63,115.77,112.62,115.35,8433819,0
TSLA.US,D,20180924,000000,116.06,118.18,115.21,118.13,21230562,0
TSLA.US,D,20180924,000000,119.10,123.96,117.06,122.71,7947418,0
TSLA.US,D,20180924,000000,121.60,122.28,114.54,115.76,8049931,0
TSLA.US,D,20180925,000000,117.13,132.86,113.28,126.84,18827668,0
TSLA.US,D,20180926,000000,122.54,131.67,117.03,130.62,9728476,0
TSLA.US,D,20180927,000000,127.87,135.64,127.44,134.88,19217336,0
TSLA.US,D,20180928,000000,134.77,159.90,134.58,145.53,17568210,0
TSLA.US,D,20181001,000000,148.61,160.28,148.48,154.12,20936672,0
TSLA.US,D,20181001,000000,155.10,159.26,131.81,141.19,7847221,0
TSLA.US,D,20181001,000000,140.76,147.80,140.54,143.48,15206463,0
TSLA.US,D,20181002,000000,144.74,145.44,138.57,139.26,15349050,0
TSLA.US,D,20181003,000000,137.58,137.96,134.97,135.09,10769617,0
TSLA.US,D,20181004,000000,134.61,140.15,133.95,139.16,13127406,0
TSLA.US,D,20181005,000000,138.87,140.26,133.61,135.33,16812615,0
TSLA.US,D,20181008,000000,136.70,137.76,133.59,133.71,9575504,0
TSLA.US,D,20181008,000000,133.73,133.90,128.72,129.68,16688394,0
TSLA.US,D,20181008,000000,130.15,132.92,122.21,124.41,16418514,0
TSLA.US,D,20181009,000000,123.74,127.12,122.46,126.51,17975775,0
TSLA.US,D,20181010,000000,129.24,130.10,114.77,118.50,14075325,0
TSLA.US,D,20181011,000000,117.94,121.28,117.72,119.93,15697764,0
TSLA.US,D,20181012,000000,119.39,121.38,108.18,110.42,19506758,0
TSLA.US,D,20181015,000000,111.41,112.46,106.32,106.53,11528526,0
TSLA.US,D,20181015,000000,105.64,107.41,101.39,101.98,8374384,0
TSLA.US,D,20181015,000000,102.75,103.95,96.24,97.30,21056329,0
TSLA.US,D,20181016,000000,98.06,98.59,94.04,95.54,15889192,0
TSLA.US,D,20181017,000000,97.16,98.29,86.85,89.77,22137164,0
TSLA.US,D,20181018,000000,91.22,96.17,91.15,95.40,11948055,0
TSLA.US,D,20181019,000000,94.94,104.28,93.20,103.08,10464293,0
TSLA.US,D,20181022,000000,102.59,103.88,102.41,103.47,8893099,0
TSLA.US,D,20181022,000000,104.38,106.55,103.48,105.49,20202548,0
TSLA.US,D,20181022,000000,104.95,106.18,100.45,100.75,10872518,0
TSLA.US,D,20181023,000000,100.86,104.65,100.27,103.07,8515741,0
TSLA.US,D,20181024,000000,103.07,107.44,102.13,107.43,19831191,0
TSLA.US,D,20181025,000000,105.96,106.51,99.47,99.71,8843181,0
TSLA.US,D,20181026,000000,100.38,100.41,99.01,99.28,13457149,0
TSLA.US,D,20181029,000000,99.88,100.07,98.86,99.23,12461719,0
TSLA.US,D,20181029,000000,99.04,99.67,97.11,97.60,12303718,0
TSLA.US,D,20181029,000000,97.36,106.62,96.79,105.83,16803725,0
TSLA.US,D,20181030,000000,106.69,107.29,103.07,104.17,21771587,0
TSLA.US,D,20181031,000000,103.88,104.56,99.69,100.60,17554914,0
TSLA.US,D,20181101,000000,99.94,107.35,98.34,105.07,21665199,0
TSLA.US,D,20181102,000000,105.45,107.60,104.99,106.62,16982913,0
TSLA.US,D,20181105,000000,107.13,110.59,106.84,110.12,21808301,0
TSLA.US,D,20181105,000000,110.18,110.19,108.41,109.20,14110088,0
TSLA.US,D,20181105,000000,109.54,110.53,109.50,110.05,14673633,0
TSLA.US,D,20181106,000000,109.09,109.59,106.38,107.23,17290681,0
TSLA.US,D,20181107,000000,107.73,107.96,106.79,107.68,14901691,0
TSLA.US,D,20181108,000000,106.87,108.34,100.49,101.59,15618625,0
TSLA.US,D,20181109,000000,103.28,103.29,101.60,102.31,15909215,0
TSLA.US,D,20181112,000000,103.18,109.89,103.16,108.00,15408638,0
TSLA.US,D,20181112,000000,107.56,107.69,99.96,101.34,11818074,0
TSLA.US,D,20181112,000000,101.64,101.74,101.04,101.37,10756075,0
TSLA.US,D,20181113,000000,99.82,99.91,99.27,99.54,9114301,0
TSLA.US,D,20181114,000000,100.52,103.61,100.17,103.39,15264167,0
TSLA.US,D,20181115,000000,102.99,103.16,102.41,102.61,12008069,0
TSLA.US,D,20181116,000000,102.11,102.34,101.81,101.98,20914684,0
TSLA.US,D,20181119,000000,101.52,102.35,99.50,99.54,10791199,0
TSLA.US,D,20181119,000000,100.65,103.22,100.17,102.96,21272227,0
TSLA.US,D,20181119,000000,103.72,107.12,103.59,105.69,16990914,0
TSLA.US,D,20181120,000000,105.73,106.96,105.31,106.57,17989768,0
TSLA.US,D,20181121,000000,107.73,108.51,99.82,103.79,17806469,0
TSLA.US,D,20181122,000000,103.17,104.82,99.03,99.90,16945994,0
TSLA.US,D,20181123,000000,99.22,99.47,98.34,98.41,14362863,0
TSLA.US,D,20181126,000000,99.24,100.14,95.45,96.87,17660734,0
TSLA.US,D,20181126,000000,96.18,98.46,95.80,97.50,21181447,0
TSLA.US,D,20181126,000000,97.86,98.90,94.49,94.96,20863218,0
TSLA.US,D,20181127,000000,95.28,98.86,94.65,97.64,14201216,0
TSLA.US,D,20181128,000000,95.89,99.84,95.82,99.68,13940186,0
TSLA.US,D,20181129,000000,99.70,111.33,98.75,107.42,12705627,0
TSLA.US,D,20181130,000000,106.62,110.64,106.07,109.87,19673046,0
TSLA.US,D,20181203,000000,108.15,120.85,107.48,114.96,9271696,0
TSLA.US,D,20181203,000000,116.53,118.19,107.87,108.82,20721199,0
TSLA.US,D,20181203,000000,105.85,114.09,103.24,111.97,17056744,0
TSLA.US,D,20181204,000000,113.81,121.36,111.33,117.84,14161579,0
TSLA.US,D,20181205,000000,117.51,120.68,116.89,120.62,8487382,0
TSLA.US,D,20181206,000000,120.55,122.47,119.84,122.32,13929903,0
TSLA.US,D,20181207,000000,122.52,130.28,122.08,129.36,9957036,0
TSLA.US,D,20181210,000000,130.36,133.10,123.95,126.95,14619793,0
TSLA.US,D,20181210,000000,127.60,129.13,118.25,120.25,21066422,0
TSLA.US,D,20181210,000000,120.56,121.27,117.95,119.05,22234625,0
TSLA.US,D,20181211,000000,119.67,120.41,119.28,120.22,9812643,0
TSLA.US,D,20181212,000000,121.07,126.97,119.50,126.17,12553065,0
TSLA.US,D,20181213,000000,124.18,125.02,116.39,120.04,11960040,0
TSLA.US,D,20181214,000000,119.38,121.42,113.00,115.01,8252696,0
TSLA.US,D,20181217,000000,114.76,115.24,114.73,115.17,9850766,0
TSLA.US,D,20181217,000000,116.37,117.91,106.02,107.15,11001839,0
TSLA.US,D,20181217,000000,108.59,110.04,100.42,104.12,9135216,0
TSLA.US,D,20181218,000000,105.01,105.83,98.98,100.80,18985778,0
TSLA.US,D,20181219,000000,101.81,102.13,100.41,100.75,8163561,0
TSLA.US,D,20181220,000000,100.35,100.91,97.32,98.51,14006206,0
TSLA.US,D,20181221,000000,98.29,99.27,91.91,92.72,14390007,0
TSLA.US,D,20181224,000000,91.59,92.23,90.00,90.66,17172916,0
TSLA.US,D,20181224,000000,89.92,90.52,89.48,90.27,13615519,0
TSLA.US,D,20181224,000000,90.34,90.79,84.49,86.11,16588475,0
TSLA.US,D,20181225,000000,87.10,90.77,86.57,90.03,17540066,0
TSLA.US,D,20181226,000000,89.17,90.75,83.72,83.96,17590919,0
TSLA.US,D,20181227,000000,83.36,86.75,82.12,86.01,21525380,0
TSLA.US,D,20181228,000000,86.87,87.82,86.80,87.41,17053363,0
TSLA.US,D,20181231,000000,89.01,90.32,84.41,84.62,19956195,0
TSLA.US,D,20181231,000000,83.57,83.80,83.55,83.78,10608989,0
TSLA.US,D,20181231,000000,82.99,83.09,81.90,82.38,8570071,0
TSLA.US,D,20190101,000000,83.82,85.98,83.21,85.50,12353432,0
TSLA.US,D,20190102,000000,85.04,86.15,84.40,85.54,22405821,0
TSLA.US,D,20190103,000000,86.14,86.40,79.93,81.11,20737906,0
TSLA.US,D,20190104,000000,83.57,84.15,82.52,83.33,15149244,0
TSLA.US,D,20190107,000000,82.31,87.13,82.17,86.29,10888524,0
TSLA.US,D,20190107,000000,85.90,93.04,85.40,91.01,9355610,0
TSLA.US,D,20190107,000000,89.46,89.57,88.52,88.85,15412499,0
TSLA.US,D,20190108,000000,88.84,88.90,86.35,87.12,15098732,0
TSLA.US,D,20190109,000000,85.37,86.14,83.41,83.62,20705581,0
TSLA.US,D,20190110,000000,83.56,83.73,77.57,78.71,9883256,0
TSLA.US,D,20190111,000000,78.16,78.28,76.68,77.70,13045027,0
TSLA.US,D,20190114,000000,76.82,78.42,75.24,75.78,16552289,0
TSLA.US,D,20190114,000000,75.55,76.63,71.48,71.82,21865508,0
TSLA.US,D,20190114,000000,71.12,71.52,69.97,70.03,14619958,0
TSLA.US,D,20190115,000000,70.33,70.80,68.18,68.33,14070569,0
TSLA.US,D,20190116,000000,68.77,69.79,61.75,63.20,18833724,0
TSLA.US,D,20190117,000000,63.41,63.51,62.34,62.36,12817493,0
TSLA.US,D,20190118,000000,63.30,67.42,62.77,66.46,7861045,0
TSLA.US,D,20190121,000000,65.59,65.94,62.38,63.05,19962033,0
TSLA.US,D,20190121,000000,61.85,65.07,61.37,64.33,7602427,0
TSLA.US,D,20190121,000000,63.86,64.24,59.65,60.83,10403058,0
TSLA.US,D,20190122,000000,60.44,60.93,58.39,59.66,18622144,0
TSLA.US,D,20190123,000000,60.23,61.55,53.00,54.63,15895390,0
TSLA.US,D,20190124,000000,53.59,56.65,53.37,55.46,20553121,0
TSLA.US,D,20190125,000000,55.36,58.37,55.30,58.23,9138771,0
TSLA.US,D,20190128,000000,57.97,58.35,56.84,57.36,20189619,0
TSLA.US,D,20190128,000000,56.22,56.34,53.65,54.12,13726513,0
TSLA.US,D,20190128,000000,54.07,57.00,52.91,56.73,8216560,0
TSLA.US,D,20190129,000000,57.06,57.55,51.57,53.72,8451726,0
TSLA.US,D,20190130,000000,50.49,50.63,50.18,50.39,14914834,0
TSLA.US,D,20190131,000000,50.18,52.46,49.81,52.37,10496629,0
TSLA.US,D,20190201,000000,50.93,51.25,45.06,47.34,16000667,0
TSLA.US,D,20190204,000000,46.97,47.16,42.66,43.13,19092510,0
TSLA.US,D,20190204,000000,42.35,46.23,42.15,45.48,15897007,0
TSLA.US,D,20190204,000000,46.14,46.71,44.40,45.08,15020175,0
TSLA.US,D,20190205,000000,46.06,46.40,42.70,43.53,19965353,0
TSLA.US,D,20190206,000000,43.66,43.88,41.09,41.21,10014975,0
TSLA.US,D,20190207,000000,41.84,43.09,38.87,39.01,16208689,0
TSLA.US,D,20190208,000000,38.13,38.35,38.07,38.24,12224891,0
TSLA.US,D,20190211,000000,38.50,40.50,38.05,39.94,16328142,0
TSLA.US,D,20190211,000000,40.28,44.50,39.63,44.44,8030095,0
TSLA.US,D,20190211,000000,44.30,44.64,43.67,44.16,11819947,0
TSLA.US,D,20190212,000000,45.44,45.88,39.62,39.90,11347757,0
TSLA.US,D,20190213,000000,38.81,43.18,37.47,42.58,16098352,0
TSLA.US,D,20190214,000000,42.97,43.71,42.24,42.63,10797794,0
TSLA.US,D,20190215,000000,42.21,42.27,40.49,41.21,21755535,0
TSLA.US,D,20190218,000000,41.36,41.91,41.17,41.53,9754252,0
TSLA.US,D,20190218,000000,41.53,41.84,40.43,40.88,7735138,0
TSLA.US,D,20190218,000000,40.50,40.93,40.18,40.86,10898599,0
TSLA.US,D,20190219,000000,39.87,46.08,39.70,43.70,21908254,0
TSLA.US,D,20190220,000000,42.86,47.94,41.67,46.67,15648618,0
TSLA.US,D,20190221,000000,45.79,47.71,45.46,47.35,8231356,0
TSLA.US,D,20190222,000000,46.49,48.18,45.13,45.46,8801881,0
TSLA.US,D,20190225,000000,46.29,46.80,44.40,44.73,16594325,0
TSLA.US,D,20190225,000000,43.70,49.59,43.09,47.42,9103358,0
TSLA.US,D,20190225,000000,46.84,47.39,46.71,47.28,22008594,0
TSLA.US,D,20190226,000000,46.61,46.62,46.13,46.44,30844292,0
TSLA.US,D,20190227,000000,46.89,47.01,45.65,45.98,21887962,0
TSLA.US,D,20190228,000000,44.95,46.46,41.03,43.84,33095938,0
TSLA.US,D,20190301,000000,44.81,45.75,41.15,42.11,45075813,0
TSLA.US,D,20190304,000000,42.65,43.17,39.97,41.03,38830300,0
TSLA.US,D,20190304,000000,41.55,41.77,39.03,39.42,41569591,0
TSLA.US,D,20190304,000000,37.89,38.40,37.52,38.21,62483439,0
TSLA.US,D,20190305,000000,38.87,40.47,31.56,35.68,60531851,0
TSLA.US,D,20190306,000000,35.91,37.09,32.57,33.09,87303369,0
TSLA.US,D,20190307,000000,32.26,32.40,30.75,30.98,70601918,0
TSLA.US,D,20190308,000000,31.97,32.00,28.62,28.90,67882989,0
TSLA.US,D,20190311,000000,29.94,30.37,26.02,27.56,55125048,0
TSLA.US,D,20190311,000000,28.13,28.90,25.53,26.23,95013788,0
TSLA.US,D,20190311,000000,26.74,27.03,25.24,25.41,22234416,0
TSLA.US,D,20190312,000000,25.37,25.77,21.86,22.17,12877237,0
TSLA.US,D,20190313,000000,22.45,23.73,22.30,23.24,12340671,0
TSLA.US,D,20190314,000000,23.60,24.21,21.77,21.87,8405795,0
TSLA.US,D,20190315,000000,22.41,26.96,22.40,26.33,10539773,0
TSLA.US,D,20190318,000000,26.64,27.45,24.17,24.39,9419269,0
TSLA.US,D,20190318,000000,24.17,24.64,23.94,24.50,19778788,0
TSLA.US,D,20190318,000000,24.54,24.77,22.71,23.24,13873497,0
TSLA.US,D,20190319,000000,23.49,23.53,21.48,21.91,18114923,0
TSLA.US,D,20190320,000000,21.75,23.09,20.87,22.67,16875336,0
TSLA.US,D,20190321,000000,22.48,22.48,22.28,22.45,13628600,0
TSLA.US,D,20190322,000000,21.73,21.73,21.65,21.69,10282294,0
TSLA.US,D,20190325,000000,20.94,21.50,20.88,21.43,18987887,0
TSLA.US,D,20190325,000000,21.76,21.77,21.51,21.57,17385489,0
TSLA.US,D,20190325,000000,20.50,21.54,20.39,21.52,9396582,0
TSLA.US,D,20190326,000000,21.51,23.52,20.83,23.23,12946378,0
TSLA.US,D,20190327,000000,22.73,24.29,22.42,23.78,11177535,0
TSLA.US,D,20190328,000000,22.89,22.98,22.68,22.76,21418345,0
TSLA.US,D,20190329,000000,23.07,23.11,20.43,20.60,10868022,0
TSLA.US,D,20190401,000000,20.66,21.46,18.76,18.85,12555488,0
TSLA.US,D,20190401,000000,19.15,19.34,18.44,18.75,16001924,0
TSLA.US,D,20190401,000000,18.24,18.74,16.82,17.33,14920169,0
TSLA.US,D,20190402,000000,16.98,17.15,16.35,16.51,19494226,0
TSLA.US,D,20190403,000000,16.66,16.78,15.95,16.30,16791131,0
TSLA.US,D,20190404,000000,16.76,16.76,16.29,16.42,13755234,0
TSLA.US,D,20190405,000000,16.63,18.77,16.59,18.32,11225819,0
TSLA.US,D,20190408,000000,18.29,18.76,17.72,17.89,12221982,0
TSLA.US,D,20190408,000000,17.96,18.00,17.48,17.63,17064294,0
TSLA.US,D,20190408,000000,17.84,18.71,17.71,18.61,8713071,0
TSLA.US,D,20190409,000000,18.68,18.85,18.64,18.84,10001654,0
TSLA.US,D,20190410,000000,19.37,19.92,19.27,19.50,9039654,0
TSLA.US,D,20190411,000000,19.92,20.87,19.15,20.70,19741506,0
TSLA.US,D,20190412,000000,20.33,20.36,18.56,19.17,16053114,0
TSLA.US,D,20190415,000000,19.10,20.54,18.94,19.75,17959749,0
TSLA.US,D,20190415,000000,19.63,20.10,18.21,18.50,17203745,0
TSLA.US,D,20190415,000000,18.50,18.98,15.62,15.83,16092054,0
TSLA.US,D,20190416,000000,15.87,15.88,15.79,15.82,8348354,0
TSLA.US,D,20190417,000000,15.55,16.14,15.43,16.13,13054138,0
TSLA.US,D,20190418,000000,15.65,16.68,15.43,16.65,21340618,0
TSLA.US,D,20190419,000000,16.63,16.78,15.83,15.94,8330852,0
TSLA.US,D,20190422,000000,15.26,15.37,14.78,14.87,18957912,0
TSLA.US,D,20190422,000000,14.89,15.57,14.76,15.37,18762938,0
TSLA.US,D,20190422,000000,14.95,16.38,14.66,15.48,19540331,0
TSLA.US,D,20190423,000000,15.57,16.78,15.53,16.67,11364927,0
TSLA.US,D,20190424,000000,16.27,20.24,15.78,19.15,18874379,0
TSLA.US,D,20190425,000000,18.67,18.73,18.16,18.37,9188765,0
TSLA.US,D,20190426,000000,18.99,20.85,18.73,20.06,10524674,0
TSLA.US,D,20190429,000000,20.22,20.35,20.21,20.31,9302693,0
TSLA.US,D,20190429,000000,20.20,20.91,19.45,19.48,21847209,0
TSLA.US,D,20190429,000000,18.98,19.24,18.78,19.07,21151113,0
TSLA.US,D,20190430,000000,18.95,19.53,18.90,19.32,13199780,0
TSLA.US,D,20190501,000000,18.81,25.49,17.35,23.66,12979120,0
TSLA.US,D,20190502,000000,23.30,25.01,23.22,24.62,16915575,0
TSLA.US,D,20190503,000000,24.35,25.57,22.96,23.13,21627111,0
TSLA.US,D,20190506,000000,22.68,22.72,22.24,22.25,18490979,0
TSLA.US,D,20190506,000000,21.57,23.29,20.99,23.22,18569624,0
TSLA.US,D,20190506,000000,23.77,23.91,23.33,23.39,9677278,0
TSLA.US,D,20190507,000000,22.86,23.31,20.51,21.57,12420487,0
TSLA.US,D,20190508,000000,21.67,21.83,21.65,21.79,18263698,0
TSLA.US,D,20190509,000000,21.40,21.42,21.37,21.40,18604804,0
TSLA.US,D,20190510,000000,21.01,21.08,20.02,20.23,19589310,0
TSLA.US,D,20190513,000000,19.69,21.87,19.58,21.04,16303079,0
TSLA.US,D,20190513,000000,20.98,22.42,20.90,21.96,9840418,0
TSLA.US,D,20190513,000000,22.10,23.72,22.06,23.62,7739131,0
TSLA.US,D,20190514,000000,24.34,24.37,23.07,23.23,14207650,0
TSLA.US,D,20190515,000000,23.09,23.65,22.97,23.46,19611627,0
TSLA.US,D,20190516,000000,23.69,23.80,21.79,21.93,10583434,0
TSLA.US,D,20190517,000000,22.34,23.02,22.13,22.85,21479194,0
TSLA.US,D,20190520,000000,22.85,23.75,22.56,23.41,15945708,0
TSLA.US,D,20190520,000000,23.89,24.26,19.04,21.10,10678265,0
TSLA.US,D,20190520,000000,20.40,22.00,20.30,21.43,21368013,0
TSLA.US,D,20190521,000000,21.34,21.61,20.50,20.77,10030933,0
TSLA.US,D,20190522,000000,20.81,21.85,18.48,18.81,14651077,0
TSLA.US,D,20190523,000000,18.10,19.92,17.90,19.60,8922826,0
TSLA.US,D,20190524,000000,19.63,19.71,18.94,19.23,10471217,0
TSLA.US,D,20190527,000000,19.66,20.50,19.66,20.42,15684347,0
TSLA.US,D,20190527,000000,20.55,22.56,20.34,21.61,21765880,0
TSLA.US,D,20190527,000000,21.46,22.76,19.00,19.48,17921028,0
TSLA.US,D,20190528,000000,19.98,20.19,19.96,20.09,13114162,0
TSLA.US,D,20190529,000000,19.76,21.12,13.69,15.39,16547405,0
TSLA.US,D,20190530,000000,15.15,16.94,14.89,16.27,10401909,0
TSLA.US,D,20190531,000000,17.15,17.30,15.26,15.91,22344681,0
TSLA.US,D,20190603,000000,16.79,16.84,16.52,16.61,15987064,0
TSLA.US,D,20190603,000000,16.66,17.01,14.91,15.17,22159219,0
TSLA.US,D,20190603,000000,14.86,16.86,14.57,16.26,12740748,0
TSLA.US,D,20190604,000000,15.92,16.02,12.57,13.79,16259223,0
TSLA.US,D,20190605,000000,14.04,14.09,13.87,13.98,16408645,0
TSLA.US,D,20190606,000000,14.00,14.16,13.45,13.70,20360430,0
TSLA.US,D,20190607,000000,13.42,15.06,12.50,14.90,9699950,0
TSLA.US,D,20190610,000000,14.68,15.87,14.34,15.56,20144947,0
TSLA.US,D,20190610,000000,14.36,18.05,14.29,16.46,21950474,0
TSLA.US,D,20190610,000000,16.37,16.85,14.57,15.04,18672340,0
TSLA.US,D,20190611,000000,15.27,17.15,14.93,17.09,8722211,0
TSLA.US,D,20190612,000000,17.63,18.21,16.87,16.98,18565049,0
TSLA.US,D,20190613,000000,17.21,17.30,15.95,16.31,19678342,0
TSLA.US,D,20190614,000000,16.75,17.51,16.75,17.24,19031539,0
TSLA.US,D,20190617,000000,17.74,18.11,15.78,15.93,14994554,0
TSLA.US,D,20190617,000000,15.35,17.97,14.78,17.60,10405177,0
TSLA.US,D,20190617,000000,17.95,18.40,16.01,16.30,14961641,0
TSLA.US,D,20190618,000000,16.36,17.34,16.12,17.01,11924490,0
TSLA.US,D,20190619,000000,17.71,18.09,16.00,16.35,16276397,0
TSLA.US,D,20190620,000000,16.73,17.70,16.44,17.58,14827342,0
TSLA.US,D,20190621,000000,17.39,17.61,16.13,16.60,21838861,0
TSLA.US,D,20190624,000000,15.95,17.27,15.83,17.01,9753144,0
TSLA.US,D,20190624,000000,16.97,17.60,15.33,15.79,16667741,0
TSLA.US,D,20190624,000000,15.99,16.09,15.74,15.99,16915186,0
TSLA.US,D,20190625,000000,16.51,16.56,15.88,16.13,9650889,0
TSLA.US,D,20190626,000000,16.98,17.53,12.98,13.29,12856114,0
TSLA.US,D,20190627,000000,13.01,13.79,10.73,11.66,14431081,0
TSLA.US,D,20190628,000000,11.22,11.28,10.91,10.97,14439819,0
TSLA.US,D,20190701,000000,11.18,11.19,11.15,11.17,21809799,0
TSLA.US,D,20190701,000000,11.27,11.39,11.15,11.36,21638940,0
TSLA.US,D,20190701,000000,11.64,11.93,9.19,9.34,21679144,0
TSLA.US,D,20190702,000000,9.51,10.11,9.47,9.97,15463955,0
TSLA.US,D,20190703,000000,10.27,10.31,9.90,9.94,12667691,0
TSLA.US,D,20190704,000000,9.97,10.26,9.08,9.45,16225935,0
TSLA.US,D,20190705,000000,9.09,9.21,8.74,8.75,18986415,0
TSLA.US,D,20190708,000000,8.61,9.76,8.28,9.65,12360261,0
TSLA.US,D,20190708,000000,9.50,10.43,9.44,10.25,21274704,0
TSLA.US,D,20190708,000000,10.57,10.92,9.69,9.84,20978959,0
TSLA.US,D,20190709,000000,9.67,9.69,9.15,9.31,19032733,0
TSLA.US,D,20190710,000000,9.26,10.32,9.23,10.20,7931670,0
TSLA.US,D,20190711,000000,10.39,11.02,10.38,10.90,18812394,0
TSLA.US,D,20190712,000000,11.18,11.23,7.62,9.00,19966532,0
TSLA.US,D,20190715,000000,8.99,9.64,8.78,9.53,22302628,0
TSLA.US,D,20190715,000000,10.01,10.09,9.79,9.83,20293874,0
TSLA.US,D,20190715,000000,10.08,11.73,9.51,11.33,11024480,0
TSLA.US,D,20190716,000000,11.80,12.18,11.24,11.51,9828246,0
TSLA.US,D,20190717,000000,11.51,13.64,11.02,13.14,9023858,0
TSLA.US,D,20190718,000000,12.86,13.28,11.35,12.40,9631780,0
TSLA.US,D,20190719,000000,12.47,12.48,11.40,11.90,7712826,0
TSLA.US,D,20190722,000000,12.10,12.18,9.12,10.65,16510822,0
TSLA.US,D,20190722,000000,11.02,13.68,10.91,12.66,10616816,0
TSLA.US,D,20190722,000000,12.96,13.00,12.90,12.98,11217982,0
TSLA.US,D,20190723,000000,13.50,13.69,12.31,12.79,15845701,0
TSLA.US,D,20190724,000000,13.05,13.16,12.40,12.46,21487541,0
TSLA.US,D,20190725,000000,12.78,13.50,12.60,12.93,7549852,0
TSLA.US,D,20190726,000000,13.27,13.86,13.09,13.82,13814577,0
TSLA.US,D,20190729,000000,13.82,14.14,11.45,12.17,14927694,0
TSLA.US,D,20190729,000000,11.75,11.89,11.17,11.23,15885441,0
TSLA.US,D,20190729,000000,11.19,11.27,10.54,10.75,19232297,0
TSLA.US,D,20190730,000000,10.73,10.93,10.32,10.43,13906766,0
TSLA.US,D,20190731,000000,10.85,10.96,10.14,10.15,13016467,0
TSLA.US,D,20190801,000000,10.24,10.27,9.59,9.86,14592739,0
TSLA.US,D,20190802,000000,9.93,11.44,9.59,10.84,13843583,0
TSLA.US,D,20190805,000000,11.00,11.36,9.03,9.44,10273581,0
TSLA.US,D,20190805,000000,9.63,9.77,8.81,9.07,19789402,0
TSLA.US,D,20190805,000000,9.13,9.66,8.97,9.51,10568893,0
TSLA.US,D,20190806,000000,9.65,10.11,9.65,10.10,17961257,0
TSLA.US,D,20190807,000000,9.95,10.95,9.85,10.64,16533145,0
TSLA.US,D,20190808,000000,10.70,13.36,10.16,12.87,14771198,0
TSLA.US,D,20190809,000000,12.70,15.04,11.47,14.18,19737882,0
TSLA.US,D,20190812,000000,14.62,16.57,13.89,16.04,15764084,0
TSLA.US,D,20190812,000000,16.14,16.36,16.07,16.32,11975850,0
TSLA.US,D,20190812,000000,15.61,17.64,15.57,17.45,11440755,0
TSLA.US,D,20190813,000000,16.99,18.35,16.91,17.96,21939406,0
TSLA.US,D,20190814,000000,18.41,21.06,18.24,20.92,16447851,0
TSLA.US,D,20190815,000000,20.67,21.67,20.34,21.55,7750442,0
TSLA.US,D,20190816,000000,21.79,22.01,19.99,20.14,15372457,0
TSLA.US,D,20190819,000000,19.83,20.18,18.26,18.40,14866223,0
TSLA.US,D,20190819,000000,19.15,20.05,18.68,19.90,10111150,0
TSLA.US,D,20190819,000000,19.36,20.10,17.87,18.31,21414096,0
TSLA.US,D,20190820,000000,18.55,18.93,17.38,17.44,12116887,0
TSLA.US,D,20190821,000000,17.19,19.90,16.85,19.40,19115374,0
TSLA.US,D,20190822,000000,19.63,19.86,18.67,19.21,8298319,0
TSLA.US,D,20190823,000000,18.74,19.19,17.07,17.25,19392441,0
TSLA.US,D,20190826,000000,17.88,19.07,13.75,15.12,16433762,0
TSLA.US,D,20190826,000000,14.33,15.10,13.89,14.72,11529146,0
TSLA.US,D,20190826,000000,15.09,15.16,13.14,13.48,10041866,0
TSLA.US,D,20190827,000000,13.37,14.27,13.10,14.15,8419392,0
TSLA.US,D,20190828,000000,14.05,14.23,12.83,13.08,21510147,0
TSLA.US,D,20190829,000000,13.32,13.41,12.40,12.45,21273904,0
TSLA.US,D,20190830,000000,12.41,12.80,12.28,12.79,12780102,0
TSLA.US,D,20190902,000000,12.66,13.76,12.41,13.66,18215756,0
TSLA.US,D,20190902,000000,14.11,17.17,13.52,14.81,22286365,0
TSLA.US,D,20190902,000000,14.62,16.29,14.43,15.79,18504746,0
TSLA.US,D,20190903,000000,15.49,15.68,15.46,15.63,16778612,0
TSLA.US,D,20190904,000000,15.78,16.60,12.76,13.96,8012410,0
TSLA.US,D,20190905,000000,13.92,14.71,13.86,14.68,21227536,0
TSLA.US,D,20190906,000000,14.57,16.46,14.14,16.11,16472320,0
TSLA.US,D,20190909,000000,15.49,15.81,14.39,14.54,16160766,0
TSLA.US,D,20190909,000000,14.25,14.39,12.98,13.24,21445284,0
TSLA.US,D,20190909,000000,13.24,13.35,12.79,12.87,9236582,0
TSLA.US,D,20190910,000000,13.13,14.00,12.79,13.99,20142655,0
TSLA.US,D,20190911,000000,13.91,14.22,12.60,12.86,15115084,0
TSLA.US,D,20190912,000000,12.70,13.96,12.46,13.45,22488571,0
TSLA.US,D,20190913,000000,13.88,14.31,13.80,13.97,10795189,0
TSLA.US,D,20190916,000000,14.10,14.37,13.85,14.29,12171891,0
TSLA.US,D,20190916,000000,14.45,14.49,11.36,12.13,15522828,0
TSLA.US,D,20190916,000000,12.27,12.51,11.32,11.61,15498787,0
TSLA.US,D,20190917,000000,11.75,11.78,10.02,10.80,9613037,0
TSLA.US,D,20190918,000000,10.77,10.80,10.25,10.37,16856378,0
TSLA.US,D,20190919,000000,10.40,10.43,10.07,10.16,19693517,0
TSLA.US,D,20190920,000000,10.62,10.73,9.92,9.92,14597768,0
TSLA.US,D,20190923,000000,9.74,10.15,9.68,10.07,15924456,0
TSLA.US,D,20190923,000000,9.96,9.96,9.88,9.92,20489095,0
TSLA.US,D,20190923,000000,9.86,11.00,9.86,10.58,11689039,0
TSLA.US,D,20190924,000000,10.47,11.50,9.97,11.23,7897791,0
TSLA.US,D,20190925,000000,11.14,11.91,10.80,11.86,14291182,0
TSLA.US,D,20190926,000000,11.48,11.99,8.88,9.35,16068335,0
TSLA.US,D,20190927,000000,9.49,9.95,9.45,9.77,11093418,0
TSLA.US,D,20190930,000000,9.48,9.55,8.95,9.13,20889301,0
TSLA.US,D,20190930,000000,9.22,9.44,8.62,8.62,18066243,0
TSLA.US,D,20190930,000000,8.40,8.54,8.35,8.52,19708420,0
TSLA.US,D,20191001,000000,8.26,9.67,8.03,9.23,8116637,0
TSLA.US,D,20191002,000000,9.33,9.34,8.03,8.42,20702934,0
TSLA.US,D,20191003,000000,8.29,8.30,7.49,7.71,18344254,0
TSLA.US,D,20191004,000000,7.71,7.78,6.63,6.90,13249978,0
TSLA.US,D,20191007,000000,6.87,6.97,6.25,6.38,15261493,0
TSLA.US,D,20191007,000000,6.90,7.22,6.86,7.21,20018978,0
TSLA.US,D,20191007,000000,7.26,7.56,7.19,7.49,20344787,0
TSLA.US,D,20191008,000000,7.65,7.70,7.01,7.08,13096151,0
TSLA.US,D,20191009,000000,7.12,7.42,7.10,7.36,11190857,0
TSLA.US,D,20191010,000000,7.76,7.94,7.13,7.21,13251473,0
TSLA.US,D,20191011,000000,7.44,7.64,7.41,7.62,20087618,0
TSLA.US,D,20191014,000000,7.82,7.96,7.61,7.61,18727818,0
TSLA.US,D,20191014,000000,7.68,7.74,6.41,7.10,16648070,0
TSLA.US,D,20191014,000000,7.26,7.94,7.23,7.78,18723592,0
TSLA.US,D,20191015,000000,7.53,9.71,7.16,9.17,22073059,0
TSLA.US,D,20191016,000000,9.03,11.12,8.69,10.30,7781092,0
TSLA.US,D,20191017,000000,10.28,10.73,10.12,10.67,18617238,0
TSLA.US,D,20191018,000000,10.69,10.75,10.67,10.74,17687731,0
TSLA.US,D,20191021,000000,10.74,11.88,10.57,11.49,22295690,0
TSLA.US,D,20191021,000000,11.27,13.08,11.11,12.77,11741941,0
TSLA.US,D,20191021,000000,12.60,12.65,12.10,12.21,8977306,0
TSLA.US,D,20191022,000000,12.52,12.62,11.38,11.46,10980229,0
TSLA.US,D,20191023,000000,11.57,12.65,11.56,12.25,14454635,0
TSLA.US,D,20191024,000000,12.29,12.40,12.22,12.34,9383650,0
TSLA.US,D,20191025,000000,12.00,12.11,11.59,11.84,19458945,0
TSLA.US,D,20191028,000000,11.98,12.10,10.97,11.22,17057278,0
TSLA.US,D,20191028,000000,11.15,12.64,11.08,11.88,8734219,0
TSLA.US,D,20191028,000000,11.77,12.93,11.72,12.92,10391870,0
TSLA.US,D,20191029,000000,12.61,15.20,11.98,13.94,10724577,0
TSLA.US,D,20191030,000000,14.17,14.28,12.74,12.90,20653033,0
TSLA.US,D,20191031,000000,12.94,14.30,12.88,13.92,13269644,0
TSLA.US,D,20191101,000000,13.60,13.60,12.98,12.99,17867585,0
TSLA.US,D,20191104,000000,12.39,14.79,11.62,14.76,12384582,0
TSLA.US,D,20191104,000000,15.17,15.41,13.87,13.98,19951936,0
TSLA.US,D,20191104,000000,14.39,16.30,14.36,15.91,17381412,0
TSLA.US,D,20191105,000000,16.12,16.20,14.49,14.65,14947659,0
TSLA.US,D,20191106,000000,14.48,15.02,13.47,13.51,9910690,0
TSLA.US,D,20191107,000000,13.12,13.53,13.03,13.50,14412651,0
TSLA.US,D,20191108,000000,12.71,14.32,12.41,13.67,12522639,0
TSLA.US,D,20191111,000000,14.12,14.35,12.71,12.96,12684249,0
TSLA.US,D,20191111,000000,12.84,14.10,12.44,13.72,10430128,0
TSLA.US,D,20191111,000000,13.17,15.54,12.85,15.22,14503990,0
TSLA.US,D,20191112,000000,15.13,15.17,12.96,13.59,12793473,0
TSLA.US,D,20191113,000000,13.52,13.53,13.15,13.22,13988677,0
TSLA.US,D,20191114,000000,13.23,13.27,13.03,13.21,10392002,0
TSLA.US,D,20191115,000000,13.26,17.15,12.84,15.95,10794659,0
TSLA.US,D,20191118,000000,15.92,16.04,13.81,14.85,16221241,0
TSLA.US,D,20191118,000000,14.65,14.67,13.68,14.01,9385835,0
TSLA.US,D,20191118,000000,14.32,14.44,13.57,13.76,17251592,0
TSLA.US,D,20191119,000000,13.76,14.36,13.64,14.36,21737004,0
TSLA.US,D,20191120,000000,14.66,15.67,14.57,15.24,12148621,0
TSLA.US,D,20191121,000000,15.81,15.87,15.38,15.49,17030434,0
TSLA.US,D,20191122,000000,15.73,15.77,13.64,13.94,16394733,0
TSLA.US,D,20191125,000000,13.57,13.59,13.21,13.34,17862998,0
TSLA.US,D,20191125,000000,12.85,13.47,12.70,13.44,9706155,0
TSLA.US,D,20191125,000000,13.33,14.02,13.29,14.01,10303938,0
TSLA.US,D,20191126,000000,14.13,15.87,14.06,15.76,9456677,0
TSLA.US,D,20191127,000000,15.55,15.68,15.08,15.17,18731393,0
TSLA.US,D,20191128,000000,15.20,15.49,14.23,14.59,7667298,0
TSLA.US,D,20191129,000000,14.93,15.01,14.05,14.12,20766298,0
TSLA.US,D,20191202,000000,14.44,19.06,13.50,17.15,19818260,0
TSLA.US,D,20191202,000000,16.87,18.59,16.71,18.26,8239807,0
TSLA.US,D,20191202,000000,18.23,18.26,17.70,17.76,11766687,0
TSLA.US,D,20191203,000000,17.57,18.62,17.34,18.21,8765142,0
TSLA.US,D,20191204,000000,18.04,18.32,17.47,17.74,9605648,0
TSLA.US,D,20191205,000000,17.92,19.57,17.26,19.22,17164857,0
TSLA.US,D,20191206,000000,18.78,19.02,17.07,17.38,20997128,0
TSLA.US,D,20191209,000000,17.63,19.12,17.56,18.62,21799122,0
TSLA.US,D,20191209,000000,19.12,19.88,18.93,19.82,16193528,0
TSLA.US,D,20191209,000000,19.51,19.81,19.40,19.73,21209219,0
TSLA.US,D,20191210,000000,19.54,22.57,19.17,21.42,13494029,0
TSLA.US,D,20191211,000000,20.86,21.95,20.70,21.84,8720073,0
TSLA.US,D,20191212,000000,22.41,22.70,19.01,20.07,7775795,0
TSLA.US,D,20191213,000000,19.80,22.59,18.99,22.34,13041541,0
TSLA.US,D,20191216,000000,22.49,22.58,20.69,20.77,9428112,0
TSLA.US,D,20191216,000000,20.77,21.36,20.49,21.13,18751513,0
TSLA.US,D,20191216,000000,20.88,21.12,18.48,18.73,21397467,0
TSLA.US,D,20191217,000000,18.41,20.36,17.90,19.73,17640795,0
TSLA.US,D,20191218,000000,19.37,19.87,16.10,17.02,19638788,0
TSLA.US,D,20191219,000000,16.84,17.30,15.41,15.64,14801626,0
TSLA.US,D,20191220,000000,15.37,16.03,15.29,15.92,19758640,0
TSLA.US,D,20191223,000000,15.57,16.27,15.39,16.10,7843328,0
TSLA.US,D,20191223,000000,16.28,16.40,16.23,16.35,18519922,0
TSLA.US,D,20191223,000000,16.31,16.47,16.22,16.43,18510350,0
TSLA.US,D,20191224,000000,16.31,17.44,15.69,16.81,34322962,0
TSLA.US,D,20191225,000000,16.39,17.07,16.16,16.96,30771068,0
TSLA.US,D,20191226,000000,17.55,17.96,17.13,17.26,21650022,0
TSLA.US,D,20191227,000000,17.46,17.66,17.43,17.58,34529034,0
TSLA.US,D,20191230,000000,17.17,18.53,17.04,17.84,36965123,0
TSLA.US,D,20191230,000000,18.27,18.32,18.08,18.13,27424156,0
TSLA.US,D,20191230,000000,17.42,18.51,17.10,18.38,19100550,0
TSLA.US,D,20191231,000000,19.10,19.15,18.56,18.70,26361819,0
TSLA.US,D,20200101,000000,19.27,19.33,18.92,18.98,19651402,0
TSLA.US,D,20200102,000000,18.82,20.00,18.37,19.51,22693806,0
TSLA.US,D,20200103,000000,19.45,20.20,19.33,19.94,38437333,0
TSLA.US,D,20200106,000000,19.92,20.33,19.82,20.31,24180291,0
TSLA.US,D,20200106,000000,19.83,21.20,19.58,20.66,40528106,0
TSLA.US,D,20200106,000000,20.50,20.92,20.45,20.91,27870313,0
TSLA.US,D,20200107,000000,20.87,21.38,20.72,21.23,38629641,0
TSLA.US,D,20200108,000000,21.36,21.77,20.97,21.77,37346838,0
TSLA.US,D,20200109,000000,21.84,22.51,21.73,22.31,33560530,0
TSLA.US,D,20200110,000000,22.54,23.05,22.43,22.86,39161116,0
TSLA.US,D,20200113,000000,23.18,23.64,23.18,23.48,50760126,0
TSLA.US,D,20200113,000000,23.68,24.16,23.48,24.08,31711528,0
TSLA.US,D,20200113,000000,24.13,24.82,23.84,24.79,23731415,0
TSLA.US,D,20200114,000000,24.82,25.58,24.75,25.54,49035149,0
TSLA.US,D,20200115,000000,26.17,26.19,25.95,26.11,37229980,0
TSLA.US,D,20200116,000000,26.32,27.13,26.30,26.67,29279094,0
TSLA.US,D,20200117,000000,27.05,27.60,26.75,27.49,30094907,0
TSLA.US,D,20200120,000000,26.86,28.65,25.87,28.20,15681549,0
TSLA.US,D,20200120,000000,28.24,29.11,28.15,28.74,35437530,0
TSLA.US,D,20200120,000000,28.33,29.53,27.46,29.15,38090044,0
TSLA.US,D,20200121,000000,29.67,29.69,29.64,29.65,24793693,0
TSLA.US,D,20200122,000000,29.57,31.28,29.54,30.35,21541415,0
TSLA.US,D,20200123,000000,30.20,30.96,30.15,30.92,33644525,0
TSLA.US,D,20200124,000000,30.18,32.05,29.77,31.33,30596194,0
TSLA.US,D,20200127,000000,30.66,32.03,30.54,31.97,27622290,0
TSLA.US,D,20200127,000000,32.04,32.90,31.80,32.69,48223380,0
TSLA.US,D,20200127,000000,32.52,34.10,32.19,33.62,45163684,0
TSLA.US,D,20200128,000000,33.76,34.90,33.37,34.45,28111998,0
TSLA.US,D,20200129,000000,34.37,35.92,34.08,35.29,37188828,0
TSLA.US,D,20200130,000000,34.86,36.66,34.66,36.22,48118108,0
TSLA.US,D,20200131,000000,36.08,37.58,36.03,37.07,45829201,0
TSLA.US,D,20200203,000000,36.85,38.64,36.61,38.36,64067945,0
TSLA.US,D,20200203,000000,38.62,40.02,38.42,39.73,31460694,0
TSLA.US,D,20200203,000000,39.73,41.28,39.44,41.11,26417571,0
TSLA.US,D,20200204,000000,41.60,42.70,41.25,42.17,30136070,0
TSLA.US,D,20200205,000000,42.07,43.99,41.73,43.80,41975833,0
TSLA.US,D,20200206,000000,44.02,46.21,43.79,45.52,43611949,0
TSLA.US,D,20200207,000000,44.75,46.81,44.02,46.28,11138249,0
TSLA.US,D,20200210,000000,46.88,47.46,43.32,44.01,14745503,0
TSLA.US,D,20200210,000000,43.58,44.86,43.00,44.58,17638732,0
TSLA.US,D,20200210,000000,44.94,45.23,41.49,42.23,11815581,0
TSLA.US,D,20200211,000000,40.83,46.38,40.09,44.63,8099211,0
TSLA.US,D,20200212,000000,44.43,47.30,43.68,46.71,12418593,0
TSLA.US,D,20200213,000000,46.12,46.40,45.07,45.45,9381536,0
TSLA.US,D,20200214,000000,45.44,45.73,44.72,44.76,17720931,0
TSLA.US,D,20200217,000000,45.62,45.71,42.97,43.32,8786631,0
TSLA.US,D,20200217,000000,43.54,44.82,43.25,44.78,20137691,0
TSLA.US,D,20200217,000000,46.18,46.36,44.99,45.34,7608757,0
TSLA.US,D,20200218,000000,45.91,46.69,45.49,46.64,7572550,0
TSLA.US,D,20200219,000000,46.56,47.87,46.27,47.85,12848522,0
TSLA.US,D,20200220,000000,46.90,48.10,46.31,47.65,15036079,0
TSLA.US,D,20200221,000000,47.38,51.46,46.90,49.88,15022479,0
TSLA.US,D,20200224,000000,50.52,50.65,49.94,50.37,12050436,0
TSLA.US,D,20200224,000000,49.79,55.03,49.03,52.32,18040453,0
TSLA.US,D,20200224,000000,52.55,53.08,52.38,53.04,11548564,0
TSLA.US,D,20200225,000000,53.26,54.16,53.09,53.76,17146452,0
TSLA.US,D,20200226,000000,53.86,57.42,52.88,56.92,12685189,0
TSLA.US,D,20200227,000000,56.75,57.00,55.84,56.17,12536303,0
TSLA.US,D,20200228,000000,55.96,56.97,55.70,56.59,21931347,0
TSLA.US,D,20200302,000000,57.56,59.28,57.22,58.78,19773154,0
TSLA.US,D,20200302,000000,59.40,59.61,58.17,58.85,13672533,0
TSLA.US,D,20200302,000000,58.63,58.67,58.46,58.47,20724355,0
TSLA.US,D,20200303,000000,58.93,63.85,58.55,62.25,8904447,0
TSLA.US,D,20200304,000000,61.69,61.86,61.39,61.85,15732634,0
TSLA.US,D,20200305,000000,62.60,62.90,60.69,60.72,13634914,0
TSLA.US,D,20200306,000000,61.16,62.15,60.63,61.25,14103644,0
TSLA.US,D,20200309,000000,62.30,62.73,61.08,61.22,18393361,0
TSLA.US,D,20200309,000000,61.72,72.36,60.70,68.30,12646289,0
TSLA.US,D,20200309,000000,67.77,68.13,66.64,66.85,17396377,0
TSLA.US,D,20200310,000000,66.77,69.20,66.52,69.19,13557470,0
TSLA.US,D,20200311,000000,69.04,69.84,66.25,67.45,21221906,0
TSLA.US,D,20200312,000000,67.82,67.87,66.44,66.94,17893840,0
TSLA.US,D,20200313,000000,67.33,73.85,66.43,72.10,11856999,0
TSLA.US,D,20200316,000000,71.37,72.71,71.08,72.52,12890603,0
TSLA.US,D,20200316,000000,73.15,73.86,72.94,73.71,8047710,0
TSLA.US,D,20200316,000000,72.09,76.97,71.37,76.82,16535501,0
TSLA.US,D,20200317,000000,77.96,78.34,70.42,72.25,12262325,0
TSLA.US,D,20200318,000000,72.30,72.80,72.12,72.29,13287395,0
TSLA.US,D,20200319,000000,71.66,76.52,71.47,75.82,18306382,0
TSLA.US,D,20200320,000000,75.26,75.26,74.30,74.76,13511772,0
TSLA.US,D,20200323,000000,74.62,75.04,72.52,73.27,17662424,0
TSLA.US,D,20200323,000000,72.63,79.15,72.47,77.35,10509044,0
TSLA.US,D,20200323,000000,78.37,80.00,72.90,73.43,8910510,0
TSLA.US,D,20200324,000000,76.33,76.44,74.84,75.51,21434072,0
TSLA.US,D,20200325,000000,75.07,84.16,74.70,80.52,19717106,0
TSLA.US,D,20200326,000000,81.57,89.61,80.83,88.64,19934714,0
TSLA.US,D,20200327,000000,90.64,91.38,81.81,84.76,17808004,0
TSLA.US,D,20200330,000000,86.29,86.33,80.62,82.29,21206971,0
TSLA.US,D,20200330,000000,83.97,84.40,80.78,80.86,8757783,0
TSLA.US,D,20200330,000000,80.86,88.46,79.49,88.18,9951888,0
TSLA.US,D,20200331,000000,88.99,94.84,74.92,79.67,11432494,0
TSLA.US,D,20200401,000000,78.67,81.81,78.12,81.59,14118218,0
TSLA.US,D,20200402,000000,81.86,81.94,79.31,80.77,20901552,0
TSLA.US,D,20200403,000000,78.54,78.73,77.82,78.43,14396975,0
TSLA.US,D,20200406,000000,77.77,82.76,77.64,81.46,15710082,0
TSLA.US,D,20200406,000000,79.89,82.31,79.46,81.84,8999110,0
TSLA.US,D,20200406,000000,80.71,81.01,80.07,80.48,22278650,0
TSLA.US,D,20200407,000000,81.06,87.24,80.36,85.58,16848597,0
TSLA.US,D,20200408,000000,86.32,86.78,83.16,83.53,10143625,0
TSLA.US,D,20200409,000000,81.54,88.00,80.81,84.80,10420951,0
TSLA.US,D,20200410,000000,85.09,92.17,84.71,91.45,8948051,0
TSLA.US,D,20200413,000000,86.93,88.98,82.44,83.64,20520565,0
TSLA.US,D,20200413,000000,82.44,84.68,72.92,75.19,10501880,0
TSLA.US,D,20200413,000000,74.14,75.20,73.69,74.93,13141209,0
TSLA.US,D,20200414,000000,75.43,75.68,71.53,71.59,16727566,0
TSLA.US,D,20200415,000000,70.45,70.80,65.20,66.44,21326042,0
TSLA.US,D,20200416,000000,66.62,73.16,62.61,71.06,14128631,0
TSLA.US,D,20200417,000000,71.58,75.19,71.13,74.59,10821412,0
TSLA.US,D,20200420,000000,74.23,81.89,72.50,78.23,9273133,0
TSLA.US,D,20200420,000000,78.54,79.00,77.23,77.65,15319836,0
TSLA.US,D,20200420,000000,79.19,79.26,76.48,77.04,9351913,0
TSLA.US,D,20200421,000000,76.72,78.86,75.83,78.39,20506921,0
TSLA.US,D,20200422,000000,78.69,83.37,77.29,81.93,15866880,0
TSLA.US,D,20200423,000000,82.54,90.53,81.66,88.88,10228135,0
TSLA.US,D,20200424,000000,87.95,103.95,86.59,100.92,17096541,0
TSLA.US,D,20200427,000000,100.49,100.88,90.56,95.26,14968440,0
TSLA.US,D,20200427,000000,93.76,99.62,92.36,98.44,16086787,0
TSLA.US,D,20200427,000000,101.05,102.14,99.42,100.33,15742990,0
TSLA.US,D,20200428,000000,101.33,111.57,98.65,109.79,10711291,0
TSLA.US,D,20200429,000000,111.19,111.68,111.04,111.29,17385249,0
TSLA.US,D,20200430,000000,112.55,117.28,111.47,117.19,10716929,0
TSLA.US,D,20200501,000000,117.73,119.43,114.05,115.64,16484909,0
TSLA.US,D,20200504,000000,114.30,116.61,103.11,103.84,13844414,0
TSLA.US,D,20200504,000000,101.94,109.36,101.85,108.66,14152075,0
TSLA.US,D,20200504,000000,111.26,111.77,110.05,111.64,8180125,0
TSLA.US,D,20200505,000000,109.88,112.30,109.84,111.34,13154794,0
TSLA.US,D,20200506,000000,111.50,112.48,105.62,106.37,19659011,0
TSLA.US,D,20200507,000000,107.20,107.78,106.81,106.94,20197271,0
TSLA.US,D,20200508,000000,107.30,110.36,106.68,110.18,20963595,0
TSLA.US,D,20200511,000000,109.35,115.86,107.21,115.20,17466293,0
TSLA.US,D,20200511,000000,116.10,118.63,115.62,117.28,17844783,0
TSLA.US,D,20200511,000000,120.53,120.58,118.82,119.78,21656038,0
TSLA.US,D,20200512,000000,122.23,124.93,113.75,115.18,17548447,0
TSLA.US,D,20200513,000000,114.81,120.30,113.40,118.29,15622227,0
TSLA.US,D,20200514,000000,119.97,123.53,109.59,113.84,16276463,0
TSLA.US,D,20200515,000000,113.14,114.69,111.84,114.40,14714912,0
TSLA.US,D,20200518,000000,114.19,121.55,113.44,119.20,18307072,0
TSLA.US,D,20200518,000000,119.80,119.98,112.51,115.33,9892979,0
TSLA.US,D,20200518,000000,114.33,115.51,103.59,106.04,8713940,0
TSLA.US,D,20200519,000000,108.88,111.95,108.16,111.54,13954439,0
TSLA.US,D,20200520,000000,110.28,121.50,108.82,116.54,21113580,0
TSLA.US,D,20200521,000000,115.38,116.20,113.20,114.41,9883321,0
TSLA.US,D,20200522,000000,112.40,112.84,112.26,112.77,17893964,0
TSLA.US,D,20200525,000000,112.58,114.70,111.96,114.35,22000841,0
TSLA.US,D,20200525,000000,113.19,115.04,112.19,114.74,12756265,0
TSLA.US,D,20200525,000000,113.26,114.89,112.38,114.46,18102131,0
TSLA.US,D,20200526,000000,114.04,114.58,109.83,110.75,13174964,0
TSLA.US,D,20200527,000000,111.97,112.84,108.96,109.30,21174376,0
TSLA.US,D,20200528,000000,109.50,111.85,98.80,99.18,21801870,0
TSLA.US,D,20200529,000000,99.12,99.20,95.25,96.54,12385336,0
TSLA.US,D,20200601,000000,96.00,96.42,92.76,93.89,12892033,0
TSLA.US,D,20200601,000000,93.63,104.69,92.84,99.37,12299082,0
TSLA.US,D,20200601,000000,97.50,98.11,97.35,98.00,15976971,0
TSLA.US,D,20200602,000000,98.40,99.18,98.03,98.58,20547001,0
TSLA.US,D,20200603,000000,96.78,101.71,94.14,100.98,13043180,0
TSLA.US,D,20200604,000000,100.94,101.09,98.95,100.00,8510087,0
TSLA.US,D,20200605,000000,98.41,109.23,94.97,108.66,7552725,0
TSLA.US,D,20200608,000000,109.79,110.83,106.14,106.50,17893280,0
TSLA.US,D,20200608,000000,108.61,110.54,94.18,98.87,7709763,0
TSLA.US,D,20200608,000000,98.15,100.23,91.15,93.43,17986041,0
TSLA.US,D,20200609,000000,95.48,95.59,93.03,93.16,10104615,0
TSLA.US,D,20200610,000000,93.44,105.99,92.91,103.55,21535379,0
TSLA.US,D,20200611,000000,105.80,106.13,101.10,101.19,16793785,0
TSLA.US,D,20200612,000000,102.07,103.15,101.63,102.81,7847250,0
TSLA.US,D,20200615,000000,104.78,106.94,96.87,97.94,20242686,0
TSLA.US,D,20200615,000000,97.37,98.55,97.09,97.81,14358783,0
TSLA.US,D,20200615,000000,96.50,96.83,95.60,95.68,15555939,0
TSLA.US,D,20200616,000000,94.42,94.44,93.28,93.73,11011859,0
TSLA.US,D,20200617,000000,93.41,95.33,93.40,94.51,9552412,0
TSLA.US,D,20200618,000000,94.37,95.38,87.85,91.19,18774713,0
TSLA.US,D,20200619,000000,90.19,90.60,85.86,86.36,10952641,0
TSLA.US,D,20200622,000000,87.41,88.22,85.15,85.91,16665545,0
TSLA.US,D,20200622,000000,84.72,85.10,80.24,81.31,10659569,0
TSLA.US,D,20200622,000000,80.76,81.08,80.67,80.99,15031117,0
TSLA.US,D,20200623,000000,82.22,82.33,81.86,82.07,21341166,0
TSLA.US,D,20200624,000000,82.99,83.29,82.92,83.16,10831729,0
TSLA.US,D,20200625,000000,81.89,85.10,81.58,83.79,18565589,0
TSLA.US,D,20200626,000000,84.40,84.47,82.85,83.34,18415398,0
TSLA.US,D,20200629,000000,83.48,83.48,82.73,83.21,14199468,0
TSLA.US,D,20200629,000000,82.17,87.32,81.37,85.70,20439406,0
TSLA.US,D,20200629,000000,85.55,90.11,85.51,89.62,14275311,0
TSLA.US,D,20200630,000000,89.15,90.65,88.57,90.06,15390697,0
TSLA.US,D,20200701,000000,91.58,93.63,87.86,88.81,7670139,0
TSLA.US,D,20200702,000000,88.90,101.37,87.29,96.05,14506350,0
TSLA.US,D,20200703,000000,96.57,97.39,94.17,95.27,14378576,0
TSLA.US,D,20200706,000000,96.36,97.41,92.02,93.27,16883950,0
TSLA.US,D,20200706,000000,93.21,93.26,92.62,92.82,20117469,0
TSLA.US,D,20200706,000000,93.08,93.61,93.04,93.53,18807378,0
TSLA.US,D,20200707,000000,93.21,93.38,90.86,91.88,14566881,0
TSLA.US,D,20200708,000000,90.79,96.48,90.71,96.47,19588220,0
TSLA.US,D,20200709,000000,97.87,97.93,95.80,96.00,9147974,0
TSLA.US,D,20200710,000000,97.90,97.98,96.64,97.08,19049313,0
TSLA.US,D,20200713,000000,97.36,97.64,95.32,95.63,14224593,0
TSLA.US,D,20200713,000000,96.35,97.08,93.61,94.56,12482382,0
TSLA.US,D,20200713,000000,94.74,94.87,93.16,93.79,12962189,0
TSLA.US,D,20200714,000000,94.25,94.36,81.40,84.53,20152797,0
TSLA.US,D,20200715,000000,85.43,86.12,83.05,83.11,22154898,0
TSLA.US,D,20200716,000000,82.85,84.44,76.78,79.01,17115061,0
TSLA.US,D,20200717,000000,79.50,83.16,78.52,82.26,15177081,0
TSLA.US,D,20200720,000000,81.54,82.50,81.27,82.04,7733983,0
TSLA.US,D,20200720,000000,81.19,83.69,81.17,83.67,15601680,0
TSLA.US,D,20200720,000000,82.54,83.43,82.33,83.10,13989450,0
TSLA.US,D,20200721,000000,81.86,83.07,81.08,82.67,19138681,0
TSLA.US,D,20200722,000000,84.44,84.58,80.47,81.83,19617141,0
TSLA.US,D,20200723,000000,82.38,82.41,80.43,81.65,19077412,0
TSLA.US,D,20200724,000000,82.16,82.46,80.48,80.56,9404397,0
TSLA.US,D,20200727,000000,80.68,80.69,79.48,79.85,16740514,0
TSLA.US,D,20200727,000000,80.31,80.37,80.14,80.15,11529132,0
TSLA.US,D,20200727,000000,79.84,83.47,79.63,83.31,18499515,0
TSLA.US,D,20200728,000000,82.42,88.12,81.20,86.26,18431668,0
TSLA.US,D,20200729,000000,86.76,88.86,83.88,83.96,18809902,0
TSLA.US,D,20200730,000000,84.36,86.97,84.19,86.09,21061381,0
TSLA.US,D,20200731,000000,85.80,86.04,85.40,85.55,15194637,0
TSLA.US,D,20200803,000000,85.71,86.77,85.59,86.35,16635763,0
TSLA.US,D,20200803,000000,86.99,87.01,85.16,85.61,16091231,0
TSLA.US,D,20200803,000000,86.10,86.63,82.71,83.11,10649853,0
TSLA.US,D,20200804,000000,83.03,83.59,81.30,81.67,11684455,0
TSLA.US,D,20200805,000000,81.88,82.42,81.16,81.59,10717633,0
TSLA.US,D,20200806,000000,81.20,82.45,80.51,82.42,17247677,0
TSLA.US,D,20200807,000000,82.69,83.02,82.39,82.89,19743525,0
TSLA.US,D,20200810,000000,82.76,82.86,78.52,79.92,19983792,0
TSLA.US,D,20200810,000000,80.57,80.62,79.96,80.06,20766474,0
TSLA.US,D,20200810,000000,80.05,80.31,78.60,78.86,15552285,0
TSLA.US,D,20200811,000000,78.35,78.66,78.34,78.52,20691397,0
TSLA.US,D,20200812,000000,78.62,78.94,77.07,77.91,17785794,0
TSLA.US,D,20200813,000000,77.32,77.47,76.63,76.71,9870913,0
TSLA.US,D,20200814,000000,76.47,80.44,76.46,79.54,9034667,0
TSLA.US,D,20200817,000000,79.28,79.74,74.08,75.30,22019348,0
TSLA.US,D,20200817,000000,75.29,75.75,72.86,73.55,16948750,0
TSLA.US,D,20200817,000000,73.39,73.70,73.22,73.50,14279732,0
TSLA.US,D,20200818,000000,73.22,77.45,72.50,75.77,15095711,0
TSLA.US,D,20200819,000000,74.73,75.70,74.63,75.51,16864483,0
TSLA.US,D,20200820,000000,75.22,75.28,74.86,74.93,14839650,0
TSLA.US,D,20200821,000000,75.26,76.46,74.82,76.07,21734757,0
TSLA.US,D,20200824,000000,76.01,76.09,73.46,74.15,7507200,0
TSLA.US,D,20200824,000000,73.68,73.72,72.29,72.34,20051554,0
TSLA.US,D,20200824,000000,72.71,77.57,71.57,76.16,8737971,0
TSLA.US,D,20200825,000000,76.32,77.08,75.91,77.05,14659110,0
TSLA.US,D,20200826,000000,76.37,77.06,76.21,76.96,8979038,0
TSLA.US,D,20200827,000000,77.16,77.19,76.66,76.76,12095469,0
TSLA.US,D,20200828,000000,76.99,77.19,75.88,76.36,12503092,0
TSLA.US,D,20200831,000000,76.50,77.83,76.32,77.53,12625169,0
TSLA.US,D,20200831,000000,77.37,77.38,76.91,77.09,17828822,0
TSLA.US,D,20200831,000000,76.92,76.97,76.26,76.32,12271456,0
TSLA.US,D,20200901,000000,75.94,76.46,73.54,74.32,21037663,0
TSLA.US,D,20200902,000000,74.72,74.72,74.06,74.19,9496679,0
TSLA.US,D,20200903,000000,74.32,74.74,74.27,74.67,15436159,0
TSLA.US,D,20200904,000000,74.99,75.45,74.82,75.26,16624841,0
TSLA.US,D,20200907,000000,74.89,76.70,74.78,76.49,8901021,0
TSLA.US,D,20200907,000000,76.71,78.19,76.21,77.99,19487516,0
TSLA.US,D,20200907,000000,77.46,78.46,77.25,78.14,18078420,0
TSLA.US,D,20200908,000000,78.12,78.15,77.39,77.65,20012268,0
TSLA.US,D,20200909,000000,77.81,77.82,76.21,76.76,16825390,0
TSLA.US,D,20200910,000000,76.63,76.98,76.49,76.83,14290622,0
TSLA.US,D,20200911,000000,76.83,77.45,74.01,74.91,13794466,0
TSLA.US,D,20200914,000000,74.27,76.63,73.54,76.25,9049444,0
TSLA.US,D,20200914,000000,76.25,76.74,73.91,74.61,21414930,0
TSLA.US,D,20200914,000000,75.80,75.89,74.85,74.90,12613026,0
TSLA.US,D,20200915,000000,75.09,75.62,72.60,72.95,17824264,0
TSLA.US,D,20200916,000000,72.64,72.67,72.07,72.39,22297169,0
TSLA.US,D,20200917,000000,71.63,72.89,71.42,71.96,18125581,0
TSLA.US,D,20200918,000000,71.46,72.18,67.89,68.16,10598534,0
TSLA.US,D,20200921,000000,68.47,68.70,67.27,67.52,16691987,0
TSLA.US,D,20200921,000000,66.90,69.58,66.46,68.52,29560784,0
TSLA.US,D,20200921,000000,68.32,69.34,68.02,69.33,14120256,0
TSLA.US,D,20200922,000000,70.10,71.05,69.95,70.76,32361966,0
TSLA.US,D,20200923,000000,71.38,74.14,70.88,72.60,16159175,0
TSLA.US,D,20200924,000000,72.25,74.91,72.21,74.37,16425183,0
TSLA.US,D,20200925,000000,74.85,76.03,74.67,75.87,42463131,0
TSLA.US,D,20200928,000000,76.25,78.00,75.81,77.25,38141182,0
TSLA.US,D,20200928,000000,77.78,78.14,77.73,77.98,20201759,0
TSLA.US,D,20200928,000000,79.04,79.37,78.80,79.27,24688626,0
TSLA.US,D,20200929,000000,80.69,81.95,80.43,81.64,49223077,0
TSLA.US,D,20200930,000000,80.61,84.37,78.86,84.17,51716728,0
TSLA.US,D,20201001,000000,84.13,86.52,82.64,85.86,56362927,0
TSLA.US,D,20201002,000000,86.30,88.11,86.25,88.00,38436809,0
TSLA.US,D,20201005,000000,88.46,93.17,87.25,90.84,46870332,0
TSLA.US,D,20201005,000000,89.55,94.13,89.37,92.88,58077515,0
TSLA.US,D,20201005,000000,93.30,96.68,92.99,95.32,47126489,0
TSLA.US,D,20201006,000000,95.99,100.12,94.70,98.29,50243639,0
TSLA.US,D,20201007,000000,98.28,102.49,97.76,102.28,41246573,0
TSLA.US,D,20201008,000000,102.59,108.90,101.81,105.93,31575346,0
TSLA.US,D,20201009,000000,105.76,109.68,105.28,108.93,29597202,0
TSLA.US,D,20201012,000000,108.59,113.70,108.00,113.09,35879205,0
TSLA.US,D,20201012,000000,111.71,117.47,110.41,115.37,20321152,0
TSLA.US,D,20201012,000000,115.28,116.05,108.99,110.10,20873052,0
TSLA.US,D,20201013,000000,110.08,114.09,106.97,114.08,19989039,0
TSLA.US,D,20201014,000000,113.40,114.74,108.75,110.52,10380318,0
TSLA.US,D,20201015,000000,110.67,110.81,106.68,109.28,11975786,0
TSLA.US,D,20201016,000000,109.48,118.37,108.98,114.23,8784371,0
TSLA.US,D,20201019,000000,113.66,122.19,112.84,119.84,18521415,0
TSLA.US,D,20201019,000000,121.68,123.09,117.66,118.51,8642435,0
TSLA.US,D,20201019,000000,119.30,120.12,117.75,117.83,22464934,0
TSLA.US,D,20201020,000000,115.95,119.11,115.88,118.37,15194320,0
TSLA.US,D,20201021,000000,119.23,119.60,114.02,115.48,10915329,0
TSLA.US,D,20201022,000000,116.74,121.00,116.11,119.89,9780844,0
TSLA.US,D,20201023,000000,119.90,120.79,115.27,116.04,8443208,0
TSLA.US,D,20201026,000000,114.52,114.69,114.50,114.63,16322748,0
TSLA.US,D,20201026,000000,116.41,116.70,112.66,113.73,13888208,0
TSLA.US,D,20201026,000000,114.92,115.94,108.90,109.99,8657672,0
TSLA.US,D,20201027,000000,110.25,112.71,101.04,101.69,22348456,0
TSLA.US,D,20201028,000000,102.63,103.14,98.76,100.27,13267690,0
TSLA.US,D,20201029,000000,100.17,101.37,94.72,97.62,17272406,0
TSLA.US,D,20201030,000000,97.29,97.94,93.46,94.78,15272068,0
TSLA.US,D,20201102,000000,95.87,96.66,94.19,95.15,22335645,0
TSLA.US,D,20201102,000000,95.97,96.19,94.69,95.75,16151632,0
TSLA.US,D,20201102,000000,93.33,99.79,92.22,99.10,15803038,0
TSLA.US,D,20201103,000000,98.06,104.37,97.79,103.71,8896904,0
TSLA.US,D,20201104,000000,100.48,113.36,99.99,107.87,15766103,0
TSLA.US,D,20201105,000000,105.65,113.20,103.79,111.38,21256263,0
TSLA.US,D,20201106,000000,108.99,112.61,107.71,109.77,17594562,0
TSLA.US,D,20201109,000000,106.61,116.74,104.18,114.17,10867321,0
TSLA.US,D,20201109,000000,114.03,114.88,106.23,107.23,10880255,0
TSLA.US,D,20201109,000000,109.79,110.05,106.67,107.46,16374419,0
TSLA.US,D,20201110,000000,106.36,108.19,96.99,97.74,21211284,0
TSLA.US,D,20201111,000000,98.75,103.79,84.96,87.51,17540846,0
TSLA.US,D,20201112,000000,84.58,85.48,81.03,82.28,18586960,0
TSLA.US,D,20201113,000000,82.47,82.85,77.76,79.28,7973107,0
TSLA.US,D,20201116,000000,80.88,81.81,73.76,75.14,20497546,0
TSLA.US,D,20201116,000000,74.42,77.25,73.98,76.40,9754954,0
TSLA.US,D,20201116,000000,75.46,77.84,74.14,77.71,7666253,0
TSLA.US,D,20201117,000000,77.09,80.66,76.78,80.19,18334254,0
TSLA.US,D,20201118,000000,80.72,85.39,80.41,84.51,20968526,0
TSLA.US,D,20201119,000000,83.28,88.05,83.18,87.28,11471099,0
TSLA.US,D,20201120,000000,87.18,88.90,86.53,88.23,14915152,0
TSLA.US,D,20201123,000000,90.47,93.01,89.68,92.74,8306427,0
TSLA.US,D,20201123,000000,93.20,94.52,92.97,94.41,19829695,0
TSLA.US,D,20201123,000000,94.92,95.14,92.49,93.05,17351752,0
TSLA.US,D,20201124,000000,92.64,94.14,85.59,87.34,9870970,0
TSLA.US,D,20201125,000000,89.19,92.68,88.93,90.43,15826331,0
TSLA.US,D,20201126,000000,92.01,95.04,79.28,83.21,8874882,0
TSLA.US,D,20201127,000000,82.48,85.06,81.87,84.96,13004884,0
TSLA.US,D,20201130,000000,84.23,86.61,83.72,85.96,10675320,0
TSLA.US,D,20201130,000000,87.04,87.46,80.38,81.93,12196357,0
TSLA.US,D,20201130,000000,81.78,81.96,79.86,80.48,18640729,0
TSLA.US,D,20201201,000000,80.74,81.55,80.68,81.45,10480063,0
TSLA.US,D,20201202,000000,80.18,80.93,77.24,77.41,7798874,0
TSLA.US,D,20201203,000000,76.05,76.37,73.81,74.36,17327934,0
TSLA.US,D,20201204,000000,73.57,75.62,73.48,74.77,17796850,0
TSLA.US,D,20201207,000000,74.27,76.75,69.31,70.93,7791257,0
TSLA.US,D,20201207,000000,71.58,72.54,65.90,66.13,21731253,0
TSLA.US,D,20201207,000000,66.83,75.01,65.14,73.39,19993981,0
TSLA.US,D,20201208,000000,73.31,73.50,72.40,72.76,18503425,0
TSLA.US,D,20201209,000000,74.47,81.58,73.28,78.86,12009574,0
TSLA.US,D,20201210,000000,80.59,83.82,80.00,83.72,10075860,0
TSLA.US,D,20201211,000000,83.99,87.43,82.33,86.38,9282923,0
TSLA.US,D,20201214,000000,86.20,86.47,85.24,85.26,11631749,0
TSLA.US,D,20201214,000000,84.28,84.56,77.85,82.31,9946952,0
TSLA.US,D,20201214,000000,83.51,84.27,77.37,80.00,9948510,0
TSLA.US,D,20201215,000000,80.64,83.54,80.08,82.97,10659760,0
TSLA.US,D,20201216,000000,83.56,84.76,74.22,76.42,11894560,0
TSLA.US,D,20201217,000000,77.94,78.18,70.96,72.08,21330150,0
TSLA.US,D,20201218,000000,70.96,71.83,62.94,65.19,18365803,0
TSLA.US,D,20201221,000000,65.40,69.18,64.95,68.46,21148341,0
TSLA.US,D,20201221,000000,67.19,68.52,67.07,67.71,9928815,0
TSLA.US,D,20201221,000000,68.95,69.66,67.79,67.95,7680039,0
TSLA.US,D,20201222,000000,68.63,68.97,64.43,65.42,16834872,0
TSLA.US,D,20201223,000000,67.28,67.54,66.02,66.13,11817251,0
TSLA.US,D,20201224,000000,66.01,70.23,65.66,68.97,8058648,0
TSLA.US,D,20201225,000000,70.06,70.21,65.73,67.74,16280322,0
TSLA.US,D,20201228,000000,67.98,70.21,67.54,70.02,17019744,0
TSLA.US,D,20201228,000000,71.19,71.74,66.57,68.59,10382748,0
TSLA.US,D,20201228,000000,68.63,71.16,62.93,64.03,16349103,0
TSLA.US,D,20201229,000000,63.50,65.00,63.30,64.97,10213555,0
TSLA.US,D,20201230,000000,65.62,65.64,65.29,65.31,19856015,0
TSLA.US,D,20201231,000000,66.32,66.73,59.19,60.66,20925442,0
TSLA.US,D,20210101,000000,60.36,60.66,60.29,60.65,21181100,0
TSLA.US,D,20210104,000000,60.40,60.77,60.31,60.53,19323445,0
TSLA.US,D,20210104,000000,61.47,61.54,58.83,59.96,12108979,0
TSLA.US,D,20210104,000000,60.64,60.64,56.00,57.97,13129725,0
TSLA.US,D,20210105,000000,56.93,60.17,56.54,59.67,17134987,0
TSLA.US,D,20210106,000000,60.62,62.74,53.10,55.02,17537744,0
TSLA.US,D,20210107,000000,54.99,58.55,53.86,57.97,20108208,0
TSLA.US,D,20210108,000000,58.60,59.33,56.94,57.25,18761444,0
TSLA.US,D,20210111,000000,57.82,57.82,55.99,56.03,7882695,0
TSLA.US,D,20210111,000000,56.67,57.41,52.43,53.80,8958810,0
TSLA.US,D,20210111,000000,53.30,54.60,53.03,54.24,8171402,0
TSLA.US,D,20210112,000000,55.07,55.07,53.44,53.85,10475461,0
TSLA.US,D,20210113,000000,53.67,54.10,52.48,52.55,8066384,0
TSLA.US,D,20210114,000000,52.11,57.16,52.05,56.83,20077514,0
TSLA.US,D,20210115,000000,57.63,58.74,57.32,58.14,7900921,0
TSLA.US,D,20210118,000000,58.27,59.06,55.38,55.42,8725666,0
TSLA.US,D,20210118,000000,55.31,56.15,51.72,52.39,18807099,0
TSLA.US,D,20210118,000000,52.90,52.90,50.78,51.39,12021975,0
TSLA.US,D,20210119,000000,51.20,51.28,49.79,50.24,11102736,0
TSLA.US,D,20210120,000000,50.34,50.56,49.13,49.19,14055732,0
TSLA.US,D,20210121,000000,48.42,48.93,46.71,46.74,20731403,0
TSLA.US,D,20210122,000000,46.98,48.30,46.68,47.80,17931543,0
TSLA.US,D,20210125,000000,48.19,52.98,47.91,52.31,8157113,0
TSLA.US,D,20210125,000000,52.72,53.83,45.21,47.18,17392685,0
TSLA.US,D,20210125,000000,46.97,47.70,46.78,47.63,14656194,0
TSLA.US,D,20210126,000000,47.12,47.53,45.00,45.91,13798976,0
TSLA.US,D,20210127,000000,46.00,46.23,44.21,45.10,14243019,0
TSLA.US,D,20210128,000000,45.19,46.20,45.16,45.52,12506942,0
TSLA.US,D,20210129,000000,45.15,46.36,45.12,46.19,20247933,0
TSLA.US,D,20210201,000000,45.84,49.68,44.69,48.98,17618843,0
TSLA.US,D,20210201,000000,49.07,56.14,49.06,54.49,18519308,0
TSLA.US,D,20210201,000000,53.91,59.75,52.71,59.69,17774938,0
TSLA.US,D,20210202,000000,59.59,60.04,54.03,55.30,16782485,0
TSLA.US,D,20210203,000000,54.51,55.28,54.12,55.14,10203672,0
TSLA.US,D,20210204,000000,54.37,54.59,52.91,53.31,10106128,0
TSLA.US,D,20210205,000000,53.25,53.33,53.13,53.21,16858218,0
TSLA.US,D,20210208,000000,52.03,57.16,51.78,54.56,20753972,0
TSLA.US,D,20210208,000000,53.18,53.36,52.86,52.96,9608020,0
TSLA.US,D,20210208,000000,52.58,52.64,50.63,52.20,9687834,0
TSLA.US,D,20210209,000000,52.41,53.39,52.11,53.12,18088198,0
TSLA.US,D,20210210,000000,52.65,53.88,52.33,53.62,32372157,0
TSLA.US,D,20210211,000000,54.07,55.64,53.77,55.12,22591465,0
TSLA.US,D,20210212,000000,54.03,57.13,52.87,56.46,22406695,0
TSLA.US,D,20210215,000000,56.31,57.86,56.08,57.50,33106508,0
TSLA.US,D,20210215,000000,57.79,59.08,56.70,58.96,17716262,0
TSLA.US,D,20210215,000000,60.42,60.60,59.35,60.22,38156704,0
TSLA.US,D,20210216,000000,60.74,61.56,60.66,61.46,23074107,0
TSLA.US,D,20210217,000000,61.59,63.90,61.22,63.07,42669169,0
TSLA.US,D,20210218,000000,62.85,65.54,62.61,64.93,35454159,0
TSLA.US,D,20210219,000000,63.13,68.09,62.57,67.02,21533725,0
TSLA.US,D,20210222,000000,67.04,68.78,67.02,68.62,54133627,0
TSLA.US,D,20210222,000000,70.13,71.28,69.92,70.25,47589314,0
TSLA.US,D,20210222,000000,70.70,73.77,70.37,71.89,50362457,0
TSLA.US,D,20210223,000000,71.60,76.35,71.40,74.25,26042320,0
TSLA.US,D,20210224,000000,75.21,76.63,74.91,76.51,28745010,0
TSLA.US,D,20210225,000000,73.97,78.81,73.67,78.52,24180654,0
TSLA.US,D,20210226,000000,78.31,82.30,77.80,81.64,26051485,0
TSLA.US,D,20210301,000000,80.95,84.44,79.40,84.16,28302286,0
TSLA.US,D,20210301,000000,84.59,87.72,84.05,87.48,71690086,0
TSLA.US,D,20210301,000000,88.59,92.52,88.46,90.36,72626475,0
TSLA.US,D,20210302,000000,91.67,93.92,90.91,93.27,77443811,0
TSLA.US,D,20210303,000000,92.26,93.32,91.74,93.14,20526856,0
TSLA.US,D,20210304,000000,94.49,96.08,89.27,89.98,9865859,0
TSLA.US,D,20210305,000000,89.78,94.74,89.12,94.56,21113272,0
TSLA.US,D,20210308,000000,94.76,95.26,89.02,89.76,7699174,0
TSLA.US,D,20210308,000000,91.06,104.06,89.32,99.03,14187677,0
TSLA.US,D,20210308,000000,95.18,116.14,90.75,110.77,8923085,0
TSLA.US,D,20210309,000000,109.10,109.33,94.06,102.40,8611563,0
TSLA.US,D,20210310,000000,101.25,101.28,97.91,99.05,15132851,0
TSLA.US,D,20210311,000000,99.80,102.20,99.66,101.40,14904955,0
TSLA.US,D,20210312,000000,103.29,104.15,92.90,97.51,11368365,0
TSLA.US,D,20210315,000000,98.34,101.67,94.54,95.41,11083453,0
TSLA.US,D,20210315,000000,97.18,104.56,96.65,102.83,12291420,0
TSLA.US,D,20210315,000000,103.40,104.24,102.87,104.21,11619500,0
TSLA.US,D,20210316,000000,103.06,103.64,98.27,100.01,11713397,0
TSLA.US,D,20210317,000000,98.92,99.92,95.98,97.45,14195453,0
TSLA.US,D,20210318,000000,99.09,99.99,97.70,98.06,9224014,0
TSLA.US,D,20210319,000000,97.17,114.98,95.18,108.72,11436619,0
TSLA.US,D,20210322,000000,111.29,114.29,111.02,113.78,14159971,0
TSLA.US,D,20210322,000000,112.79,113.50,107.98,108.54,9213421,0
TSLA.US,D,20210322,000000,110.05,122.03,108.34,119.14,11752796,0
TSLA.US,D,20210323,000000,120.03,126.25,119.36,123.22,13019678,0
TSLA.US,D,20210324,000000,120.60,121.11,110.78,111.72,19804487,0
TSLA.US,D,20210325,000000,110.01,117.00,108.65,115.49,8577358,0
TSLA.US,D,20210326,000000,115.95,116.10,103.04,109.96,21198457,0
TSLA.US,D,20210329,000000,110.04,111.60,95.74,98.93,20685534,0
TSLA.US,D,20210329,000000,99.52,99.58,91.91,95.32,19334858,0
TSLA.US,D,20210329,000000,94.56,95.05,90.17,90.89,19552472,0
TSLA.US,D,20210330,000000,88.75,88.81,86.23,87.21,12697022,0
TSLA.US,D,20210331,000000,87.72,89.85,86.32,89.26,17113217,0
TSLA.US,D,20210401,000000,88.44,88.97,86.72,87.01,8886041,0
TSLA.US,D,20210402,000000,85.88,89.24,85.17,88.40,20912393,0
TSLA.US,D,20210405,000000,88.55,91.22,88.10,91.05,20978000,0
TSLA.US,D,20210405,000000,91.41,93.28,90.46,92.81,17923552,0
TSLA.US,D,20210405,000000,91.37,91.79,89.37,89.44,16912307,0
TSLA.US,D,20210406,000000,87.72,92.04,87.08,91.97,19001059,0
TSLA.US,D,20210407,000000,89.82,98.32,86.93,97.04,19122299,0
TSLA.US,D,20210408,000000,96.96,97.72,87.02,89.46,17153666,0
TSLA.US,D,20210409,000000,87.69,88.64,87.58,88.61,18717739,0
TSLA.US,D,20210412,000000,86.05,94.95,81.38,94.72,9978184,0
TSLA.US,D,20210412,000000,95.52,101.05,95.29,100.09,7783186,0
TSLA.US,D,20210412,000000,102.01,103.79,101.23,103.78,18390951,0
TSLA.US,D,20210413,000000,101.95,102.74,101.13,102.38,10945089,0
TSLA.US,D,20210414,000000,101.98,103.44,101.80,101.84,13445586,0
TSLA.US,D,20210415,000000,100.40,105.53,98.61,105.26,20488887,0
TSLA.US,D,20210416,000000,105.71,106.20,99.85,102.20,9616054,0
TSLA.US,D,20210419,000000,103.05,111.16,102.85,110.34,20267482,0
TSLA.US,D,20210419,000000,108.02,108.89,107.48,108.59,17138937,0
TSLA.US,D,20210419,000000,106.87,107.94,102.74,103.17,17717021,0
TSLA.US,D,20210420,000000,103.81,104.55,103.58,104.54,18523440,0
TSLA.US,D,20210421,000000,102.22,105.96,102.14,105.10,11886961,0
TSLA.US,D,20210422,000000,104.40,109.44,104.23,108.56,8182019,0
TSLA.US,D,20210423,000000,111.16,114.49,100.32,100.62,17175662,0
TSLA.US,D,20210426,000000,99.18,99.38,97.18,98.44,18155500,0
TSLA.US,D,20210426,000000,99.08,99.19,98.98,99.09,9662118,0
TSLA.US,D,20210426,000000,100.48,100.98,99.65,100.22,20338919,0
TSLA.US,D,20210427,000000,99.46,100.59,93.78,95.76,11484948,0
TSLA.US,D,20210428,000000,96.96,100.29,96.76,98.13,9626812,0
TSLA.US,D,20210429,000000,100.12,100.77,96.41,96.96,8800192,0
TSLA.US,D,20210430,000000,97.13,97.56,92.41,92.90,19195953,0
TSLA.US,D,20210503,000000,94.12,96.08,85.38,85.56,21041253,0
TSLA.US,D,20210503,000000,84.89,85.73,78.23,79.31,11513182,0
TSLA.US,D,20210503,000000,78.69,81.59,78.63,80.91,19206686,0
TSLA.US,D,20210504,000000,81.19,84.43,79.57,84.29,20548939,0
TSLA.US,D,20210505,000000,83.80,91.00,83.49,88.38,18092869,0
TSLA.US,D,20210506,000000,89.31,98.50,87.81,95.02,19619073,0
TSLA.US,D,20210507,000000,95.57,103.65,95.37,101.23,14723595,0
TSLA.US,D,20210510,000000,101.90,103.48,97.00,97.12,17218160,0
TSLA.US,D,20210510,000000,98.30,102.98,97.17,102.03,17708412,0
TSLA.US,D,20210510,000000,103.19,103.76,102.12,102.64,15706439,0
TSLA.US,D,20210511,000000,103.12,103.86,98.86,100.42,18822427,0
TSLA.US,D,20210512,000000,99.65,100.17,97.67,99.22,10480328,0
TSLA.US,D,20210513,000000,98.74,99.13,98.33,98.69,12570896,0
TSLA.US,D,20210514,000000,99.19,99.35,95.51,95.57,11761331,0
TSLA.US,D,20210517,000000,95.35,95.37,93.64,93.83,11502061,0
TSLA.US,D,20210517,000000,93.16,97.77,92.79,96.45,14699554,0
TSLA.US,D,20210517,000000,95.52,96.56,92.45,93.32,16044447,0
TSLA.US,D,20210518,000000,93.12,94.56,92.92,93.27,13480421,0
TSLA.US,D,20210519,000000,92.21,97.44,91.03,95.95,8699414,0
TSLA.US,D,20210520,000000,94.94,95.02,91.20,92.00,11333771,0
TSLA.US,D,20210521,000000,93.21,97.37,92.91,95.00,16036400,0
TSLA.US,D,20210524,000000,94.87,100.49,93.20,99.95,11600613,0
TSLA.US,D,20210524,000000,102.03,102.38,96.69,99.03,15738920,0
TSLA.US,D,20210524,000000,98.93,102.72,98.86,101.98,9113500,0
TSLA.US,D,20210525,000000,99.88,100.39,99.26,99.91,14440805,0
TSLA.US,D,20210526,000000,101.50,105.26,87.80,93.11,18583769,0
TSLA.US,D,20210527,000000,92.88,99.34,92.37,97.66,21495466,0
TSLA.US,D,20210528,000000,98.66,99.98,96.31,97.00,12865072,0
TSLA.US,D,20210531,000000,96.39,100.28,96.06,99.04,17461506,0
TSLA.US,D,20210531,000000,98.53,98.75,97.69,98.36,13226900,0
TSLA.US,D,20210531,000000,101.03,104.92,100.11,104.72,18660907,0
TSLA.US,D,20210601,000000,106.87,107.58,98.25,101.51,14062560,0
TSLA.US,D,20210602,000000,101.33,105.82,101.12,105.81,13909539,0
TSLA.US,D,20210603,000000,106.53,106.80,101.82,102.35,12560156,0
TSLA.US,D,20210604,000000,102.28,102.61,98.98,99.96,11017282,0
TSLA.US,D,20210607,000000,98.78,102.67,96.86,101.48,16500513,0
TSLA.US,D,20210607,000000,102.75,102.85,100.67,101.48,10211523,0
TSLA.US,D,20210607,000000,101.12,102.99,96.96,97.38,20559010,0
TSLA.US,D,20210608,000000,96.24,101.48,95.07,100.96,13639216,0
TSLA.US,D,20210609,000000,101.37,103.59,101.18,102.80,14779802,0
TSLA.US,D,20210610,000000,102.54,106.04,102.18,105.97,17900241,0
TSLA.US,D,20210611,000000,106.52,107.35,106.51,107.22,16815801,0
TSLA.US,D,20210614,000000,106.79,111.66,106.34,110.06,10552773,0
TSLA.US,D,20210614,000000,109.54,111.70,108.99,110.96,9674491,0
TSLA.US,D,20210614,000000,109.56,110.50,109.43,110.10,15825593,0
TSLA.US,D,20210615,000000,112.27,113.66,103.90,104.59,19158232,0
TSLA.US,D,20210616,000000,105.19,106.30,100.15,101.92,16004939,0
TSLA.US,D,20210617,000000,102.88,107.87,99.61,107.21,11318178,0
TSLA.US,D,20210618,000000,106.65,109.35,106.33,109.05,12193013,0
TSLA.US,D,20210621,000000,107.91,111.35,100.37,103.11,9115681,0
TSLA.US,D,20210621,000000,102.72,103.42,98.67,100.66,9862155,0
TSLA.US,D,20210621,000000,98.71,99.23,98.07,98.27,15609664,0
TSLA.US,D,20210622,000000,99.66,104.84,99.40,103.49,9155265,0
TSLA.US,D,20210623,000000,101.20,103.96,101.06,102.80,21000503,0
TSLA.US,D,20210624,000000,102.84,105.37,101.76,104.95,9414702,0
TSLA.US,D,20210625,000000,106.63,107.52,99.66,100.91,8687160,0
TSLA.US,D,20210628,000000,100.11,105.95,100.03,105.14,9462055,0
TSLA.US,D,20210628,000000,102.87,106.41,101.92,105.81,14600324,0
TSLA.US,D,20210628,000000,103.77,109.99,103.36,109.24,17284873,0
TSLA.US,D,20210629,000000,111.84,112.01,110.81,110.99,8028437,0
TSLA.US,D,20210630,000000,111.15,111.96,104.58,107.67,9552766,0
TSLA.US,D,20210701,000000,106.40,110.90,104.77,110.86,14906704,0
TSLA.US,D,20210702,000000,111.00,111.65,107.48,107.54,18601287,0
TSLA.US,D,20210705,000000,110.17,110.30,108.13,108.87,12464516,0
TSLA.US,D,20210705,000000,106.06,114.82,102.64,114.31,17820718,0
TSLA.US,D,20210705,000000,115.53,116.05,110.72,112.06,7835092,0
TSLA.US,D,20210706,000000,111.12,111.48,107.52,108.92,16826046,0
TSLA.US,D,20210707,000000,108.13,113.04,107.64,110.05,16778676,0
TSLA.US,D,20210708,000000,112.14,112.53,109.07,109.99,15031238,0
TSLA.US,D,20210709,000000,109.74,113.16,109.08,111.71,15561538,0
TSLA.US,D,20210712,000000,114.29,115.06,111.62,112.85,12205797,0
TSLA.US,D,20210712,000000,113.22,115.26,112.75,114.47,11555958,0
TSLA.US,D,20210712,000000,112.68,120.52,112.56,118.94,17343819,0
TSLA.US,D,20210713,000000,119.15,119.17,119.11,119.12,14763228,0
TSLA.US,D,20210714,000000,119.56,123.88,119.29,123.86,20678035,0
TSLA.US,D,20210715,000000,123.96,126.36,123.67,125.95,11201694,0
TSLA.US,D,20210716,000000,126.02,126.17,124.24,124.48,11043942,0
TSLA.US,D,20210719,000000,122.29,124.29,117.33,118.85,18432643,0
TSLA.US,D,20210719,000000,120.62,135.79,120.58,134.04,9345202,0
TSLA.US,D,20210719,000000,129.90,141.01,129.22,139.63,9853701,0
TSLA.US,D,20210720,000000,138.10,143.62,136.35,142.50,20834966,0
TSLA.US,D,20210721,000000,147.94,148.07,137.37,139.03,21338269,0
TSLA.US,D,20210722,000000,141.22,146.78,140.78,144.23,22413238,0
TSLA.US,D,20210723,000000,149.02,152.42,135.55,137.14,8565036,0
TSLA.US,D,20210726,000000,138.09,141.53,137.56,139.04,7781490,0
TSLA.US,D,20210726,000000,136.41,136.98,129.17,132.87,16469014,0
TSLA.US,D,20210726,000000,129.64,130.00,121.51,122.71,18081592,0
TSLA.US,D,20210727,000000,124.08,124.16,123.18,123.51,18941336,0
TSLA.US,D,20210728,000000,123.53,129.79,122.27,127.67,19338915,0
TSLA.US,D,20210729,000000,127.32,128.02,123.32,123.35,20160243,0
TSLA.US,D,20210730,000000,126.23,127.68,113.98,115.04,19348307,0
TSLA.US,D,20210802,000000,115.90,116.16,113.47,114.30,16147232,0
TSLA.US,D,20210802,000000,114.41,115.98,114.01,115.85,22383566,0
TSLA.US,D,20210802,000000,115.65,115.90,108.18,111.55,10902246,0
TSLA.US,D,20210803,000000,112.16,113.55,108.36,109.85,22068634,0
TSLA.US,D,20210804,000000,110.24,111.49,104.89,105.45,19788700,0
TSLA.US,D,20210805,000000,104.18,104.19,97.73,100.94,17639279,0
TSLA.US,D,20210806,000000,99.13,102.96,98.40,101.90,21619472,0
TSLA.US,D,20210809,000000,102.81,103.69,99.46,100.62,11890728,0
TSLA.US,D,20210809,000000,101.79,103.16,101.44,102.02,10881633,0
TSLA.US,D,20210809,000000,102.02,103.29,101.64,102.71,10238969,0
TSLA.US,D,20210810,000000,101.83,102.65,95.76,98.02,19095526,0
TSLA.US,D,20210811,000000,98.42,99.13,98.19,98.63,15915097,0
TSLA.US,D,20210812,000000,99.42,103.11,98.55,102.82,10111607,0
TSLA.US,D,20210813,000000,104.29,105.99,91.26,95.49,11046698,0
TSLA.US,D,20210816,000000,94.37,95.50,89.55,90.95,15682247,0
TSLA.US,D,20210816,000000,90.26,97.23,89.03,97.05,11156936,0
TSLA.US,D,20210816,000000,97.36,98.83,96.84,98.77,13825450,0
TSLA.US,D,20210817,000000,97.36,100.63,96.82,98.93,10334443,0
TSLA.US,D,20210818,000000,99.28,100.82,85.86,88.85,15858041,0
TSLA.US,D,20210819,000000,88.77,88.87,86.71,86.71,18295677,0
TSLA.US,D,20210820,000000,87.16,87.19,86.01,86.43,15732030,0
TSLA.US,D,20210823,000000,85.93,86.06,85.48,85.67,10916060,0
TSLA.US,D,20210823,000000,86.93,87.19,79.82,81.55,21305098,0
TSLA.US,D,20210823,000000,80.58,82.03,80.47,81.84,7830249,0
TSLA.US,D,20210824,000000,82.27,84.40,81.93,83.96,7763160,0
TSLA.US,D,20210825,000000,83.55,83.81,79.41,79.73,19828079,0
TSLA.US,D,20210826,000000,79.02,80.88,78.89,79.83,18854575,0
TSLA.US,D,20210827,000000,79.78,80.78,79.10,80.23,13835397,0
TSLA.US,D,20210830,000000,80.29,81.75,75.86,77.55,18240005,0
TSLA.US,D,20210830,000000,77.15,77.30,73.17,75.20,13041170,0
TSLA.US,D,20210830,000000,74.15,76.13,73.60,75.77,13363505,0
TSLA.US,D,20210831,000000,75.42,76.65,75.39,76.11,18881023,0
TSLA.US,D,20210901,000000,76.03,81.28,75.83,79.60,14687674,0
TSLA.US,D,20210902,000000,78.64,84.38,77.43,82.35,18924010,0
TSLA.US,D,20210903,000000,82.37,82.67,80.32,81.21,18828248,0
TSLA.US,D,20210906,000000,82.52,82.63,82.04,82.19,17330927,0
TSLA.US,D,20210906,000000,81.26,85.99,80.22,85.18,9965704,0
TSLA.US,D,20210906,000000,85.01,93.52,84.77,91.81,9938771,0
TSLA.US,D,20210907,000000,91.54,91.78,91.27,91.77,12774149,0
TSLA.US,D,20210908,000000,90.68,93.28,90.66,92.59,17705914,0
TSLA.US,D,20210909,000000,91.97,91.98,91.64,91.72,7890385,0
TSLA.US,D,20210910,000000,91.86,92.29,91.06,91.42,16581160,0
TSLA.US,D,20210913,000000,91.15,94.20,91.12,94.14,19202863,0
TSLA.US,D,20210913,000000,95.32,101.35,94.96,99.14,9167182,0
TSLA.US,D,20210913,000000,97.65,100.42,96.76,100.29,12184805,0
TSLA.US,D,20210914,000000,100.24,104.99,99.36,104.32,10393690,0
TSLA.US,D,20210915,000000,104.20,104.36,102.40,103.26,14702142,0
TSLA.US,D,20210916,000000,103.35,104.63,95.95,96.47,21213575,0
TSLA.US,D,20210917,000000,95.72,97.04,95.30,96.93,11276608,0
TSLA.US,D,20210920,000000,97.54,97.71,97.18,97.28,21797674,0
TSLA.US,D,20210920,000000,98.51,99.06,89.82,92.96,20106401,0
TSLA.US,D,20210920,000000,93.11,96.43,92.02,95.05,17878330,0
