<TICKER>,<PER>,<DATE>,<TIME>,<OPEN>,<HIGH>,<LOW>,<CLOSE>,<VOL>,<OPENINT>
TXN.US,D,20180102,000000,170.21,180.30,168.13,178.12,3539688,0
TXN.US,D,20180103,000000,176.41,181.19,176.03,178.70,3685869,0
TXN.US,D,20180104,000000,181.25,184.31,181.07,183.90,3421960,0
TXN.US,D,20180105,000000,186.01,188.96,178.99,180.86,2259428,0
TXN.US,D,20180108,000000,182.01,185.26,181.45,184.19,1883210,0
TXN.US,D,20180108,000000,182.66,188.77,181.10,188.42,4469657,0
TXN.US,D,20180108,000000,187.48,193.36,186.78,190.53,3304553,0
TXN.US,D,20180109,000000,189.59,189.61,186.90,187.77,1937039,0
TXN.US,D,20180110,000000,186.51,187.29,186.42,186.97,3076882,0
TXN.US,D,20180111,000000,186.83,186.99,185.92,186.07,2687754,0
TXN.US,D,20180112,000000,186.21,189.22,186.13,188.94,2759201,0
TXN.US,D,20180115,000000,190.13,195.18,188.97,193.76,3931020,0
TXN.US,D,20180115,000000,193.41,197.87,191.03,195.68,2193819,0
TXN.US,D,20180115,000000,196.06,196.34,189.86,191.51,2191706,0
TXN.US,D,20180116,000000,191.79,191.84,191.13,191.25,2496808,0
TXN.US,D,20180117,000000,191.30,191.46,190.74,191.31,1591145,0
TXN.US,D,20180118,000000,191.60,196.41,191.35,195.93,2011998,0
TXN.US,D,20180119,000000,194.89,194.89,189.69,190.75,3614062,0
TXN.US,D,20180122,000000,190.18,190.59,184.76,186.21,1529868,0
TXN.US,D,20180122,000000,186.52,186.72,186.21,186.41,2746535,0
TXN.US,D,20180122,000000,188.41,188.42,180.21,182.56,3207360,0
TXN.US,D,20180123,000000,184.45,184.47,177.33,177.67,2961302,0
TXN.US,D,20180124,000000,178.68,180.77,178.44,180.36,4146623,0
TXN.US,D,20180125,000000,181.10,182.04,180.76,181.99,1980357,0
TXN.US,D,20180126,000000,181.84,187.67,181.10,186.18,4262599,0
TXN.US,D,20180129,000000,186.35,186.68,183.95,184.62,4182043,0
TXN.US,D,20180129,000000,185.09,189.71,184.85,189.37,2014173,0
TXN.US,D,20180129,000000,190.55,194.91,190.46,194.55,4063786,0
TXN.US,D,20180130,000000,193.51,195.11,193.43,194.39,4209554,0
TXN.US,D,20180131,000000,194.25,195.02,187.89,189.31,3049596,0
TXN.US,D,20180201,000000,188.00,188.01,186.54,186.65,1545170,0
TXN.US,D,20180202,000000,186.97,187.02,184.76,184.83,2763165,0
TXN.US,D,20180205,000000,184.14,187.51,183.82,186.87,1972489,0
TXN.US,D,20180205,000000,187.86,188.98,187.76,188.87,2416961,0
TXN.US,D,20180205,000000,187.82,188.75,185.51,185.94,1779259,0
TXN.US,D,20180206,000000,183.85,184.32,183.83,184.14,3069238,0
TXN.US,D,20180207,000000,184.51,184.63,182.19,182.39,2608264,0
TXN.US,D,20180208,000000,181.31,187.43,180.30,185.36,3544768,0
TXN.US,D,20180209,000000,183.55,186.71,182.88,185.60,2106082,0
TXN.US,D,20180212,000000,185.97,186.05,184.75,184.99,3410389,0
TXN.US,D,20180212,000000,184.80,187.64,184.56,186.58,4023644,0
TXN.US,D,20180212,000000,186.79,189.22,186.25,189.15,2366390,0
TXN.US,D,20180213,000000,190.03,190.22,189.50,189.62,2940549,0
TXN.US,D,20180214,000000,188.13,196.10,186.02,193.25,2270017,0
TXN.US,D,20180215,000000,191.72,192.38,189.86,190.11,3242493,0
TXN.US,D,20180216,000000,189.21,190.73,189.06,190.33,3988658,0
TXN.US,D,20180219,000000,190.96,195.77,190.63,194.12,3328983,0
TXN.US,D,20180219,000000,192.78,195.01,192.38,194.80,3018914,0
TXN.US,D,20180219,000000,194.76,194.77,193.79,194.12,1507116,0
TXN.US,D,20180220,000000,190.72,194.26,190.63,192.43,3103926,0
TXN.US,D,20180221,000000,192.45,201.76,190.68,195.70,4297950,0
TXN.US,D,20180222,000000,196.56,196.70,192.59,194.10,3796336,0
TXN.US,D,20180223,000000,192.45,193.12,190.04,190.75,2902575,0
TXN.US,D,20180226,000000,192.29,197.33,191.71,196.63,1827382,0
TXN.US,D,20180226,000000,195.93,203.47,194.94,203.02,3477050,0
TXN.US,D,20180226,000000,203.57,217.26,202.28,212.94,4222494,0
TXN.US,D,20180227,000000,212.46,212.47,207.13,208.06,3461318,0
TXN.US,D,20180228,000000,203.59,205.10,200.09,200.24,3883900,0
TXN.US,D,20180301,000000,199.10,199.25,198.22,198.36,2546377,0
TXN.US,D,20180302,000000,199.67,204.21,186.31,187.22,2954564,0
TXN.US,D,20180305,000000,188.59,198.85,187.59,196.67,2349469,0
TXN.US,D,20180305,000000,198.03,198.81,185.77,187.84,3167436,0
TXN.US,D,20180305,000000,186.03,192.63,185.36,189.90,1841966,0
TXN.US,D,20180306,000000,189.67,191.27,186.39,187.09,2587739,0
TXN.US,D,20180307,000000,186.81,186.90,185.22,185.30,3457980,0
TXN.US,D,20180308,000000,185.98,191.36,185.10,188.82,2464987,0
TXN.US,D,20180309,000000,190.65,190.68,183.13,184.97,2108188,0
TXN.US,D,20180312,000000,184.14,185.85,181.37,182.44,3829121,0
TXN.US,D,20180312,000000,180.56,181.81,177.78,179.03,3530826,0
TXN.US,D,20180312,000000,177.67,178.00,172.76,173.23,1866268,0
TXN.US,D,20180313,000000,175.14,175.71,169.22,169.32,4067561,0
TXN.US,D,20180314,000000,169.38,171.45,168.23,171.41,1728546,0
TXN.US,D,20180315,000000,168.78,169.03,168.72,168.95,1706525,0
TXN.US,D,20180316,000000,168.40,168.85,161.91,163.56,1656167,0
TXN.US,D,20180319,000000,165.12,165.70,163.65,163.81,3289418,0
TXN.US,D,20180319,000000,165.40,167.18,165.14,166.63,2365906,0
TXN.US,D,20180319,000000,165.46,165.76,159.48,162.21,2205275,0
TXN.US,D,20180320,000000,160.87,163.10,151.76,152.93,3287494,0
TXN.US,D,20180321,000000,152.86,156.36,152.05,155.27,3044300,0
TXN.US,D,20180322,000000,154.77,155.79,150.73,152.72,3129674,0
TXN.US,D,20180323,000000,153.32,154.14,149.49,149.76,3774719,0
TXN.US,D,20180326,000000,151.00,151.81,150.66,151.74,4064494,0
TXN.US,D,20180326,000000,150.89,155.52,150.77,154.46,4406313,0
TXN.US,D,20180326,000000,155.28,155.48,152.69,153.24,2441186,0
TXN.US,D,20180327,000000,152.84,152.92,151.97,152.29,3915698,0
TXN.US,D,20180328,000000,152.64,153.04,150.82,151.39,2803082,0
TXN.US,D,20180329,000000,151.36,151.39,150.45,150.87,3432534,0
TXN.US,D,20180330,000000,151.17,152.49,150.84,152.44,2114977,0
TXN.US,D,20180402,000000,152.71,152.91,151.39,152.08,2186290,0
TXN.US,D,20180402,000000,152.98,154.25,152.59,154.14,2355750,0
TXN.US,D,20180402,000000,153.65,154.20,151.78,151.89,3816469,0
TXN.US,D,20180403,000000,151.78,152.03,151.07,151.70,2571160,0
TXN.US,D,20180404,000000,152.65,152.88,149.79,150.04,1731156,0
TXN.US,D,20180405,000000,149.85,151.34,149.53,150.85,4411311,0
TXN.US,D,20180406,000000,151.12,151.79,149.02,149.54,4261723,0
TXN.US,D,20180409,000000,149.02,149.05,147.24,147.42,2036273,0
TXN.US,D,20180409,000000,147.26,147.56,147.11,147.49,2399420,0
TXN.US,D,20180409,000000,147.20,147.63,145.41,145.68,1759660,0
TXN.US,D,20180410,000000,145.34,145.40,144.72,144.95,1960101,0
TXN.US,D,20180411,000000,144.77,145.24,144.71,145.10,3195441,0
TXN.US,D,20180412,000000,145.25,146.59,144.94,146.25,2516964,0
TXN.US,D,20180413,000000,146.08,146.12,145.00,145.03,2612715,0
TXN.US,D,20180416,000000,144.83,146.69,144.72,146.40,1996763,0
TXN.US,D,20180416,000000,146.49,146.58,145.75,146.03,3281875,0
TXN.US,D,20180416,000000,145.79,145.99,143.60,144.39,2183643,0
TXN.US,D,20180417,000000,144.14,144.81,141.93,142.51,1858480,0
TXN.US,D,20180418,000000,142.68,142.70,142.59,142.63,2915780,0
TXN.US,D,20180419,000000,142.99,144.28,142.95,143.82,2726855,0
TXN.US,D,20180420,000000,143.08,143.48,141.34,141.36,2065648,0
TXN.US,D,20180423,000000,141.37,142.01,139.26,139.89,2425493,0
TXN.US,D,20180423,000000,140.60,140.62,139.06,139.61,1691936,0
TXN.US,D,20180423,000000,139.51,139.55,138.25,138.26,3915708,0
TXN.US,D,20180424,000000,138.70,140.36,138.57,139.77,3258243,0
TXN.US,D,20180425,000000,140.50,140.79,138.95,139.46,4228407,0
TXN.US,D,20180426,000000,139.58,139.64,138.79,139.12,2154342,0
TXN.US,D,20180427,000000,139.33,139.73,139.09,139.50,4228936,0
TXN.US,D,20180430,000000,139.01,139.03,138.01,138.03,1687731,0
TXN.US,D,20180430,000000,138.60,138.71,138.20,138.21,4104604,0
TXN.US,D,20180430,000000,138.17,138.44,136.74,137.17,2553799,0
TXN.US,D,20180501,000000,137.37,137.39,136.61,136.85,3439914,0
TXN.US,D,20180502,000000,137.08,137.17,136.84,136.91,3772509,0
TXN.US,D,20180503,000000,136.39,136.41,136.12,136.30,2713594,0
TXN.US,D,20180504,000000,136.42,137.47,136.36,136.92,3921115,0
TXN.US,D,20180507,000000,136.65,137.66,136.43,137.39,4338490,0
TXN.US,D,20180507,000000,137.28,137.97,137.25,137.95,4377613,0
TXN.US,D,20180507,000000,138.09,138.15,138.01,138.03,4113394,0
TXN.US,D,20180508,000000,137.76,139.53,137.05,139.42,2413083,0
TXN.US,D,20180509,000000,139.13,139.40,136.76,137.23,2564147,0
TXN.US,D,20180510,000000,137.47,137.57,135.12,135.84,1989398,0
TXN.US,D,20180511,000000,136.18,136.22,136.00,136.02,3024647,0
TXN.US,D,20180514,000000,136.22,137.14,136.02,136.97,4449355,0
TXN.US,D,20180514,000000,136.74,137.57,136.28,136.92,2344979,0
TXN.US,D,20180514,000000,136.85,137.20,136.77,137.12,2656805,0
TXN.US,D,20180515,000000,137.21,138.14,137.11,137.93,4381165,0
TXN.US,D,20180516,000000,137.60,137.73,137.31,137.58,3367419,0
TXN.US,D,20180517,000000,137.24,137.77,137.16,137.57,2070581,0
TXN.US,D,20180518,000000,137.58,137.86,136.86,137.05,1934760,0
TXN.US,D,20180521,000000,137.12,137.29,136.46,136.53,1886410,0
TXN.US,D,20180521,000000,137.03,137.25,135.81,136.27,2330721,0
TXN.US,D,20180521,000000,136.69,136.94,135.93,135.95,3171565,0
TXN.US,D,20180522,000000,135.72,138.81,135.48,137.78,2161232,0
TXN.US,D,20180523,000000,138.17,139.38,137.96,139.00,3797919,0
TXN.US,D,20180524,000000,139.34,140.27,134.73,136.32,3180831,0
TXN.US,D,20180525,000000,136.46,137.34,136.31,137.23,1849473,0
TXN.US,D,20180528,000000,136.90,137.52,136.88,137.45,3174393,0
TXN.US,D,20180528,000000,136.75,137.43,136.53,137.18,3497354,0
TXN.US,D,20180528,000000,137.53,138.20,134.93,135.12,3989703,0
TXN.US,D,20180529,000000,134.95,136.05,134.86,135.44,4305680,0
TXN.US,D,20180530,000000,135.94,137.04,135.77,136.97,3111119,0
TXN.US,D,20180531,000000,136.80,137.65,132.13,134.19,2003204,0
TXN.US,D,20180601,000000,134.63,134.74,133.57,133.63,2479215,0
TXN.US,D,20180604,000000,133.18,134.84,133.12,134.81,3058540,0
TXN.US,D,20180604,000000,135.35,136.69,134.99,136.58,4489698,0
TXN.US,D,20180604,000000,136.52,138.44,136.37,137.71,2902070,0
TXN.US,D,20180605,000000,137.94,138.02,134.81,136.29,2345638,0
TXN.US,D,20180606,000000,136.24,137.62,135.98,136.93,3765600,0
TXN.US,D,20180607,000000,137.65,137.89,137.63,137.75,3950263,0
TXN.US,D,20180608,000000,137.98,140.20,137.88,139.91,3216582,0
TXN.US,D,20180611,000000,139.41,140.10,139.08,139.91,3520647,0
TXN.US,D,20180611,000000,139.26,141.93,138.82,141.31,2693683,0
TXN.US,D,20180611,000000,141.24,141.37,141.14,141.15,4007747,0
TXN.US,D,20180612,000000,140.54,142.72,139.70,142.20,1731674,0
TXN.US,D,20180613,000000,140.80,144.40,140.00,142.94,3319903,0
TXN.US,D,20180614,000000,142.58,145.02,140.99,143.96,1519743,0
TXN.US,D,20180615,000000,143.67,143.76,142.70,143.02,4444248,0
TXN.US,D,20180618,000000,143.47,147.65,142.60,147.58,3099222,0
TXN.US,D,20180618,000000,147.31,149.47,145.98,149.37,3456242,0
TXN.US,D,20180618,000000,149.41,149.77,146.13,147.32,2205274,0
TXN.US,D,20180619,000000,147.35,150.32,146.95,149.58,3912051,0
TXN.US,D,20180620,000000,149.34,149.55,149.29,149.52,2681897,0
TXN.US,D,20180621,000000,149.24,152.95,149.16,150.69,2300432,0
TXN.US,D,20180622,000000,150.12,150.22,149.08,149.43,1936156,0
TXN.US,D,20180625,000000,149.85,150.25,144.48,146.90,4243239,0
TXN.US,D,20180625,000000,147.01,147.30,145.90,146.05,4108171,0
TXN.US,D,20180625,000000,145.98,146.21,140.91,142.67,2827337,0
TXN.US,D,20180626,000000,142.83,143.19,137.48,139.84,2888538,0
TXN.US,D,20180627,000000,140.26,140.46,137.20,138.68,4449245,0
TXN.US,D,20180628,000000,138.21,141.46,136.87,140.56,3173956,0
TXN.US,D,20180629,000000,141.13,141.31,140.98,141.30,3651827,0
TXN.US,D,20180702,000000,141.64,141.90,139.99,140.95,3600013,0
TXN.US,D,20180702,000000,141.11,141.31,139.41,139.72,1906965,0
TXN.US,D,20180702,000000,140.31,140.61,139.08,139.27,2479805,0
TXN.US,D,20180703,000000,139.30,141.04,139.28,140.75,3644526,0
TXN.US,D,20180704,000000,140.12,142.01,139.93,141.95,1538314,0
TXN.US,D,20180705,000000,141.81,142.20,139.78,140.50,3712061,0
TXN.US,D,20180706,000000,140.75,140.82,140.57,140.59,2753611,0
TXN.US,D,20180709,000000,140.39,142.52,140.25,142.07,3822996,0
TXN.US,D,20180709,000000,141.59,141.89,140.67,141.25,2289243,0
TXN.US,D,20180709,000000,141.59,143.56,141.27,143.23,4153757,0
TXN.US,D,20180710,000000,142.82,143.34,142.69,142.94,2180610,0
TXN.US,D,20180711,000000,142.64,145.28,142.42,144.09,3725553,0
TXN.US,D,20180712,000000,144.40,144.72,144.36,144.57,1682363,0
TXN.US,D,20180713,000000,145.07,145.20,142.94,143.66,3459357,0
TXN.US,D,20180716,000000,143.99,144.14,142.90,143.13,3850755,0
TXN.US,D,20180716,000000,143.19,143.69,143.13,143.46,4087541,0
TXN.US,D,20180716,000000,143.34,143.42,143.32,143.35,1550775,0
TXN.US,D,20180717,000000,143.60,145.15,143.33,144.81,1693375,0
TXN.US,D,20180718,000000,144.55,144.92,144.48,144.85,1774856,0
TXN.US,D,20180719,000000,144.93,146.56,144.93,146.09,4122260,0
TXN.US,D,20180720,000000,146.15,146.91,144.35,144.67,3219814,0
TXN.US,D,20180723,000000,144.95,145.35,144.74,145.31,1576476,0
TXN.US,D,20180723,000000,145.14,145.14,145.05,145.08,3434576,0
TXN.US,D,20180723,000000,145.14,145.35,143.25,144.51,1771744,0
TXN.US,D,20180724,000000,144.39,146.20,143.64,146.13,2697391,0
TXN.US,D,20180725,000000,146.34,146.66,146.31,146.65,4043751,0
TXN.US,D,20180726,000000,146.90,147.17,144.91,145.82,3049278,0
TXN.US,D,20180727,000000,146.17,146.70,142.47,143.14,3395728,0
TXN.US,D,20180730,000000,143.21,143.49,140.28,141.46,1587542,0
TXN.US,D,20180730,000000,141.53,141.59,137.76,138.97,2660603,0
TXN.US,D,20180730,000000,139.40,139.48,137.47,137.69,2725746,0
TXN.US,D,20180731,000000,138.13,138.60,135.51,136.27,4343853,0
TXN.US,D,20180801,000000,135.88,139.89,135.32,138.13,2620987,0
TXN.US,D,20180802,000000,138.88,140.13,132.76,133.97,4114910,0
TXN.US,D,20180803,000000,133.48,133.65,133.29,133.49,3855921,0
TXN.US,D,20180806,000000,133.21,133.60,130.07,130.55,2371836,0
TXN.US,D,20180806,000000,130.31,135.40,130.10,133.65,1706978,0
TXN.US,D,20180806,000000,133.80,134.49,133.38,134.40,2532931,0
TXN.US,D,20180807,000000,134.70,135.34,129.83,131.96,3463726,0
TXN.US,D,20180808,000000,132.57,133.09,130.20,131.11,2087877,0
TXN.US,D,20180809,000000,131.16,131.29,129.77,130.17,2875480,0
TXN.US,D,20180810,000000,129.79,129.82,129.52,129.54,3423861,0
TXN.US,D,20180813,000000,129.33,130.46,129.27,129.95,3746311,0
TXN.US,D,20180813,000000,130.15,130.72,130.14,130.62,3394855,0
TXN.US,D,20180813,000000,130.74,131.49,129.07,129.27,1951774,0
TXN.US,D,20180814,000000,129.19,129.39,129.18,129.34,1892272,0
TXN.US,D,20180815,000000,129.08,129.12,128.47,128.72,1836416,0
TXN.US,D,20180816,000000,128.37,130.16,127.70,129.53,2778168,0
TXN.US,D,20180817,000000,128.98,131.48,128.94,130.60,2398789,0
TXN.US,D,20180820,000000,130.37,131.20,130.35,130.86,3557534,0
TXN.US,D,20180820,000000,131.04,131.13,130.78,131.02,4001137,0
TXN.US,D,20180820,000000,131.03,131.04,130.53,130.73,2872244,0
TXN.US,D,20180821,000000,130.53,130.61,130.40,130.50,2812845,0
TXN.US,D,20180822,000000,130.47,130.59,130.17,130.29,3086547,0
TXN.US,D,20180823,000000,130.16,130.71,130.12,130.68,3314766,0
TXN.US,D,20180824,000000,130.59,130.61,130.54,130.59,3224225,0
TXN.US,D,20180827,000000,130.47,130.49,130.40,130.43,3749276,0
TXN.US,D,20180827,000000,130.47,130.72,129.60,129.82,2096852,0
TXN.US,D,20180827,000000,129.98,130.29,128.98,129.26,3847339,0
TXN.US,D,20180828,000000,129.24,129.25,128.97,129.09,2915093,0
TXN.US,D,20180829,000000,128.89,129.56,128.85,129.38,1601563,0
TXN.US,D,20180830,000000,129.27,130.29,128.99,130.20,4336670,0
TXN.US,D,20180831,000000,130.16,130.45,127.52,129.07,3324435,0
TXN.US,D,20180903,000000,128.92,129.15,128.35,128.49,3195052,0
TXN.US,D,20180903,000000,128.40,130.39,127.96,130.02,4444774,0
TXN.US,D,20180903,000000,129.62,131.03,129.56,130.63,3852728,0
TXN.US,D,20180904,000000,130.47,131.10,130.41,130.99,4090783,0
TXN.US,D,20180905,000000,131.38,132.51,131.06,132.37,3982471,0
TXN.US,D,20180906,000000,132.33,132.46,132.15,132.27,2787774,0
TXN.US,D,20180907,000000,132.41,132.56,131.84,131.88,3598169,0
TXN.US,D,20180910,000000,131.87,132.24,131.74,132.04,1896688,0
TXN.US,D,20180910,000000,132.21,132.63,131.99,132.59,1700512,0
TXN.US,D,20180910,000000,132.62,132.64,132.56,132.59,3083140,0
TXN.US,D,20180911,000000,132.63,133.95,132.20,133.35,3451400,0
TXN.US,D,20180912,000000,133.30,133.72,133.26,133.60,2149115,0
TXN.US,D,20180913,000000,133.38,133.57,132.11,132.83,2551195,0
TXN.US,D,20180914,000000,132.62,134.69,132.10,133.89,4033213,0
TXN.US,D,20180917,000000,133.99,134.36,132.80,133.09,2553487,0
TXN.US,D,20180917,000000,133.49,133.92,133.44,133.82,2319158,0
TXN.US,D,20180917,000000,133.76,134.33,133.74,134.22,2553760,0
TXN.US,D,20180918,000000,134.78,134.94,134.78,134.88,2301584,0
TXN.US,D,20180919,000000,134.54,134.77,133.54,133.68,2683296,0
TXN.US,D,20180920,000000,133.47,134.47,133.27,134.18,3655798,0
TXN.US,D,20180921,000000,134.00,134.53,133.77,134.47,1861538,0
TXN.US,D,20180924,000000,134.55,134.56,134.49,134.50,4190048,0
TXN.US,D,20180924,000000,134.18,135.38,134.07,135.03,3476728,0
TXN.US,D,20180924,000000,135.41,135.43,134.59,134.79,3249235,0
TXN.US,D,20180925,000000,134.49,134.81,134.45,134.76,3362053,0
TXN.US,D,20180926,000000,134.67,134.73,133.49,133.76,1995870,0
TXN.US,D,20180927,000000,133.46,133.58,133.16,133.57,3340346,0
TXN.US,D,20180928,000000,133.87,134.43,133.68,134.21,4450942,0
TXN.US,D,20181001,000000,134.09,134.15,133.34,133.64,1917155,0
TXN.US,D,20181001,000000,133.63,133.71,132.98,133.17,1718022,0
TXN.US,D,20181001,000000,132.63,133.35,130.98,131.48,2249397,0
TXN.US,D,20181002,000000,131.36,131.63,129.85,130.01,2735693,0
TXN.US,D,20181003,000000,130.13,130.70,128.24,128.69,2113481,0
TXN.US,D,20181004,000000,129.03,129.13,127.98,128.06,3901476,0
TXN.US,D,20181005,000000,127.44,128.15,127.38,127.82,2872968,0
TXN.US,D,20181008,000000,128.23,128.44,126.00,127.18,4404344,0
TXN.US,D,20181008,000000,127.06,132.99,126.87,129.94,1949977,0
TXN.US,D,20181008,000000,129.68,134.23,129.65,134.01,4008699,0
TXN.US,D,20181009,000000,133.41,135.04,126.49,127.95,3409526,0
TXN.US,D,20181010,000000,128.74,135.04,128.56,134.14,2221427,0
TXN.US,D,20181011,000000,134.73,136.44,134.33,136.03,4421902,0
TXN.US,D,20181012,000000,136.49,137.21,133.16,133.55,1538057,0
TXN.US,D,20181015,000000,132.91,135.70,132.80,135.44,4239190,0
TXN.US,D,20181015,000000,136.30,140.41,135.99,140.39,2708212,0
TXN.US,D,20181015,000000,142.56,144.47,132.60,136.91,2213314,0
TXN.US,D,20181016,000000,136.55,139.07,135.36,138.59,3442439,0
TXN.US,D,20181017,000000,137.52,137.93,132.24,133.97,1677270,0
TXN.US,D,20181018,000000,133.04,135.04,132.93,134.04,3069182,0
TXN.US,D,20181019,000000,134.04,137.95,133.82,137.05,3431818,0
TXN.US,D,20181022,000000,136.82,142.05,136.28,140.82,4187576,0
TXN.US,D,20181022,000000,142.07,144.02,131.48,132.61,2685480,0
TXN.US,D,20181022,000000,131.83,132.51,129.52,130.03,3276619,0
TXN.US,D,20181023,000000,129.80,130.99,129.53,130.38,2128685,0
TXN.US,D,20181024,000000,130.30,130.75,125.43,126.90,4283037,0
TXN.US,D,20181025,000000,126.81,128.99,126.46,128.79,3917748,0
TXN.US,D,20181026,000000,128.62,129.77,122.41,124.06,2074909,0
TXN.US,D,20181029,000000,124.48,129.07,121.63,127.80,2068970,0
TXN.US,D,20181029,000000,128.34,131.35,128.00,128.68,4258725,0
TXN.US,D,20181029,000000,127.93,129.79,125.42,128.92,2781815,0
TXN.US,D,20181030,000000,129.84,129.91,129.35,129.51,2247329,0
TXN.US,D,20181031,000000,128.78,128.81,126.37,126.60,3338601,0
TXN.US,D,20181101,000000,126.91,132.04,125.94,130.60,3140514,0
TXN.US,D,20181102,000000,133.07,134.20,128.65,131.55,2900150,0
TXN.US,D,20181105,000000,130.06,130.20,128.64,129.07,2765213,0
TXN.US,D,20181105,000000,127.18,134.07,125.11,132.83,3094694,0
TXN.US,D,20181105,000000,131.64,133.12,131.48,132.56,1981498,0
TXN.US,D,20181106,000000,131.38,131.54,129.35,130.12,2694906,0
TXN.US,D,20181107,000000,128.41,129.87,123.13,124.72,3903807,0
TXN.US,D,20181108,000000,123.75,125.19,123.71,124.24,2316366,0
TXN.US,D,20181109,000000,123.39,123.54,119.69,121.82,3558230,0
TXN.US,D,20181112,000000,121.83,122.97,121.53,122.17,2236145,0
TXN.US,D,20181112,000000,120.55,121.03,119.45,119.45,3086591,0
TXN.US,D,20181112,000000,118.82,126.87,117.89,124.44,4028523,0
TXN.US,D,20181113,000000,121.77,126.01,121.43,124.92,4408594,0
TXN.US,D,20181114,000000,123.82,124.36,121.24,121.62,4074252,0
TXN.US,D,20181115,000000,122.75,124.53,122.05,123.55,2323091,0
TXN.US,D,20181116,000000,124.18,124.33,121.06,121.33,2634455,0
TXN.US,D,20181119,000000,121.80,122.75,115.09,118.17,1654701,0
TXN.US,D,20181119,000000,119.29,119.41,114.48,115.03,3195132,0
TXN.US,D,20181119,000000,116.09,116.57,113.14,114.12,2071306,0
TXN.US,D,20181120,000000,114.89,120.55,114.47,118.54,3141182,0
TXN.US,D,20181121,000000,119.36,119.40,117.49,117.55,2466747,0
TXN.US,D,20181122,000000,116.22,116.38,115.79,115.84,2335072,0
TXN.US,D,20181123,000000,116.21,116.70,113.62,114.80,4422805,0
TXN.US,D,20181126,000000,115.11,116.14,111.75,111.77,2395107,0
TXN.US,D,20181126,000000,111.04,112.70,110.72,112.69,2323230,0
TXN.US,D,20181126,000000,113.20,113.79,112.95,113.73,2310846,0
TXN.US,D,20181127,000000,113.53,114.60,113.39,114.41,1573087,0
TXN.US,D,20181128,000000,114.19,114.27,113.72,113.86,1611847,0
TXN.US,D,20181129,000000,113.31,114.32,108.20,108.57,2922293,0
TXN.US,D,20181130,000000,108.66,114.09,108.35,112.26,3422020,0
TXN.US,D,20181203,000000,111.75,111.83,108.08,108.75,2419399,0
TXN.US,D,20181203,000000,108.88,108.98,108.46,108.59,3266306,0
TXN.US,D,20181203,000000,110.13,110.19,109.42,109.49,4332507,0
TXN.US,D,20181204,000000,107.69,111.38,106.66,111.28,1868705,0
TXN.US,D,20181205,000000,112.40,113.14,112.35,112.86,2023610,0
TXN.US,D,20181206,000000,112.82,113.47,112.58,113.03,3107661,0
TXN.US,D,20181207,000000,112.27,114.46,105.20,107.37,3206783,0
TXN.US,D,20181210,000000,105.91,110.38,105.57,108.16,3965845,0
TXN.US,D,20181210,000000,106.59,112.96,105.46,112.10,3267429,0
TXN.US,D,20181210,000000,112.92,113.45,111.50,111.67,4352533,0
TXN.US,D,20181211,000000,111.65,114.91,111.46,114.62,2925661,0
TXN.US,D,20181212,000000,113.83,122.16,112.70,120.61,3264682,0
TXN.US,D,20181213,000000,120.95,121.81,111.79,114.30,1608741,0
TXN.US,D,20181214,000000,114.40,116.00,114.15,115.02,2903974,0
TXN.US,D,20181217,000000,114.59,115.83,114.41,115.42,3899064,0
TXN.US,D,20181217,000000,113.06,113.14,111.55,112.19,2239435,0
TXN.US,D,20181217,000000,112.01,112.21,111.55,111.64,3949619,0
TXN.US,D,20181218,000000,111.76,111.84,109.77,110.27,4316411,0
TXN.US,D,20181219,000000,110.28,110.86,110.16,110.77,1624119,0
TXN.US,D,20181220,000000,110.87,114.78,110.52,112.76,3070838,0
TXN.US,D,20181221,000000,111.14,111.68,106.70,107.76,2761808,0
TXN.US,D,20181224,000000,107.38,107.82,105.74,106.87,2035660,0
TXN.US,D,20181224,000000,106.36,107.22,105.36,106.90,2989304,0
TXN.US,D,20181224,000000,107.35,107.67,104.31,104.43,1942096,0
TXN.US,D,20181225,000000,104.38,104.60,102.58,103.62,3657096,0
TXN.US,D,20181226,000000,103.24,104.72,102.53,104.59,3740083,0
TXN.US,D,20181227,000000,104.46,111.84,100.29,110.52,2254741,0
TXN.US,D,20181228,000000,110.58,111.35,110.03,111.04,2570527,0
TXN.US,D,20181231,000000,110.04,119.54,109.33,117.04,2251064,0
TXN.US,D,20181231,000000,117.58,119.00,108.02,108.39,2463153,0
TXN.US,D,20181231,000000,108.33,110.90,108.11,110.77,1702881,0
TXN.US,D,20190101,000000,111.66,112.05,104.19,106.73,2665052,0
TXN.US,D,20190102,000000,105.33,107.48,105.02,106.81,1950842,0
TXN.US,D,20190103,000000,106.13,117.12,105.23,114.68,2180580,0
TXN.US,D,20190104,000000,116.35,117.66,108.38,110.72,4180240,0
TXN.US,D,20190107,000000,111.00,111.39,109.24,109.49,2991569,0
TXN.US,D,20190107,000000,110.03,110.24,105.15,107.04,2665392,0
TXN.US,D,20190107,000000,106.35,110.70,104.94,110.28,2686523,0
TXN.US,D,20190108,000000,110.16,119.27,108.05,116.99,2612813,0
TXN.US,D,20190109,000000,115.66,124.69,114.29,122.43,2362039,0
TXN.US,D,20190110,000000,123.69,131.83,122.91,127.49,2092446,0
TXN.US,D,20190111,000000,126.73,126.84,119.35,122.79,2892640,0
TXN.US,D,20190114,000000,124.63,125.46,118.68,118.72,3264644,0
TXN.US,D,20190114,000000,117.24,117.77,117.20,117.54,2895918,0
TXN.US,D,20190114,000000,119.02,119.57,108.22,112.36,2931646,0
TXN.US,D,20190115,000000,110.46,111.75,110.14,111.49,1613848,0
TXN.US,D,20190116,000000,111.48,112.33,102.68,105.21,3139533,0
TXN.US,D,20190117,000000,104.32,105.58,104.23,105.14,2964030,0
TXN.US,D,20190118,000000,104.33,104.74,101.91,102.70,2926733,0
TXN.US,D,20190121,000000,101.23,104.38,101.19,103.98,4480580,0
TXN.US,D,20190121,000000,102.58,106.68,102.44,105.51,2654032,0
TXN.US,D,20190121,000000,105.87,108.41,105.65,108.12,3694651,0
TXN.US,D,20190122,000000,109.66,111.11,102.92,104.45,1877643,0
TXN.US,D,20190123,000000,103.75,103.80,102.83,103.42,3968318,0
TXN.US,D,20190124,000000,103.96,108.44,103.00,107.80,2366088,0
TXN.US,D,20190125,000000,107.67,107.89,104.26,104.36,3426615,0
TXN.US,D,20190128,000000,105.41,105.95,102.15,102.63,1527295,0
TXN.US,D,20190128,000000,104.35,105.85,104.04,105.46,4357295,0
TXN.US,D,20190128,000000,105.58,105.78,97.19,99.34,2347139,0
TXN.US,D,20190129,000000,98.49,106.37,96.00,104.46,2781561,0
TXN.US,D,20190130,000000,105.88,106.85,103.40,106.61,1896250,0
TXN.US,D,20190131,000000,106.64,108.35,106.56,108.33,4465353,0
TXN.US,D,20190201,000000,108.69,109.67,106.30,106.56,2373971,0
TXN.US,D,20190204,000000,105.81,105.92,99.75,100.43,4165516,0
TXN.US,D,20190204,000000,99.07,105.31,98.91,104.80,3970847,0
TXN.US,D,20190204,000000,104.18,113.58,101.75,110.41,2868436,0
TXN.US,D,20190205,000000,109.54,111.74,109.10,111.41,4474351,0
TXN.US,D,20190206,000000,112.50,114.31,104.20,106.78,3533284,0
TXN.US,D,20190207,000000,107.27,108.30,107.13,107.99,2370962,0
TXN.US,D,20190208,000000,106.20,111.32,106.19,109.76,1657887,0
TXN.US,D,20190211,000000,109.48,119.33,109.09,118.48,3344874,0
TXN.US,D,20190211,000000,118.05,119.36,117.21,118.60,4348102,0
TXN.US,D,20190211,000000,118.58,119.39,114.48,117.01,3102153,0
TXN.US,D,20190212,000000,118.94,118.98,117.88,117.90,2289759,0
TXN.US,D,20190213,000000,117.21,117.74,113.99,115.81,2041098,0
TXN.US,D,20190214,000000,115.39,118.72,114.00,118.23,3376355,0
TXN.US,D,20190215,000000,118.89,119.00,118.71,118.90,2841770,0
TXN.US,D,20190218,000000,116.31,124.29,113.29,123.31,3111719,0
TXN.US,D,20190218,000000,126.81,127.94,126.72,127.92,3347326,0
TXN.US,D,20190218,000000,129.77,130.07,127.11,127.90,4414562,0
TXN.US,D,20190219,000000,126.35,140.60,125.20,137.68,1573900,0
TXN.US,D,20190220,000000,138.37,139.41,129.63,133.29,2215031,0
TXN.US,D,20190221,000000,133.69,134.78,133.67,134.59,1593790,0
TXN.US,D,20190222,000000,135.59,137.11,134.29,135.02,3484078,0
TXN.US,D,20190225,000000,135.08,139.13,134.59,138.08,4083527,0
TXN.US,D,20190225,000000,135.64,141.02,134.67,139.08,3260119,0
TXN.US,D,20190225,000000,139.03,151.21,135.96,150.17,2304986,0
TXN.US,D,20190226,000000,150.41,152.76,150.08,151.91,4250595,0
TXN.US,D,20190227,000000,152.85,155.28,147.46,149.01,2204415,0
TXN.US,D,20190228,000000,148.34,151.25,147.78,149.40,3054670,0
TXN.US,D,20190301,000000,148.75,151.96,148.55,151.60,1660229,0
TXN.US,D,20190304,000000,150.47,161.58,149.73,160.08,2622727,0
TXN.US,D,20190304,000000,160.30,167.11,159.63,163.75,2892883,0
TXN.US,D,20190304,000000,165.03,165.24,163.99,164.18,2155660,0
TXN.US,D,20190305,000000,161.52,164.01,161.13,163.59,4028485,0
TXN.US,D,20190306,000000,163.27,163.39,161.75,162.42,4060858,0
TXN.US,D,20190307,000000,162.53,163.00,162.49,162.99,2564360,0
TXN.US,D,20190308,000000,163.49,163.51,161.39,162.19,3329866,0
TXN.US,D,20190311,000000,160.58,165.31,160.15,164.34,3890752,0
TXN.US,D,20190311,000000,164.68,165.15,158.15,158.81,3293061,0
TXN.US,D,20190311,000000,158.40,158.57,153.03,153.66,2317616,0
TXN.US,D,20190312,000000,154.91,155.85,153.62,155.03,3063172,0
TXN.US,D,20190313,000000,152.51,152.72,151.08,151.50,3828318,0
TXN.US,D,20190314,000000,151.53,151.57,150.79,150.98,3697047,0
TXN.US,D,20190315,000000,151.28,159.11,151.08,158.09,2428721,0
TXN.US,D,20190318,000000,157.55,161.16,156.88,160.01,3062818,0
TXN.US,D,20190318,000000,158.64,159.93,158.41,159.69,1876331,0
TXN.US,D,20190318,000000,159.94,163.99,157.15,163.31,3895796,0
TXN.US,D,20190319,000000,164.25,165.25,162.13,163.36,1787301,0
TXN.US,D,20190320,000000,164.51,165.05,162.33,162.62,1837003,0
TXN.US,D,20190321,000000,162.58,170.81,161.19,168.45,1658265,0
TXN.US,D,20190322,000000,168.06,168.46,167.88,168.37,1823727,0
TXN.US,D,20190325,000000,166.95,173.26,166.67,171.31,1845296,0
TXN.US,D,20190325,000000,170.30,176.10,168.81,174.37,2212257,0
TXN.US,D,20190325,000000,174.33,175.11,172.65,172.84,3923683,0
TXN.US,D,20190326,000000,172.17,174.47,171.90,173.53,4175033,0
TXN.US,D,20190327,000000,174.43,174.71,171.92,172.19,2088001,0
TXN.US,D,20190328,000000,172.36,174.95,172.33,173.71,4021593,0
TXN.US,D,20190329,000000,173.98,174.16,167.66,169.52,2564893,0
TXN.US,D,20190401,000000,169.55,170.85,169.19,170.64,1626002,0
TXN.US,D,20190401,000000,170.85,171.15,170.24,171.04,4455421,0
TXN.US,D,20190401,000000,171.35,172.58,171.34,171.90,2070505,0
TXN.US,D,20190402,000000,172.54,172.68,169.22,170.15,4321073,0
TXN.US,D,20190403,000000,170.59,170.87,169.04,169.70,2190941,0
TXN.US,D,20190404,000000,169.62,173.56,169.45,172.98,3515691,0
TXN.US,D,20190405,000000,172.64,172.64,171.37,171.57,4234698,0
TXN.US,D,20190408,000000,171.76,172.10,171.73,171.99,3128997,0
TXN.US,D,20190408,000000,171.89,172.35,171.84,172.18,4124252,0
TXN.US,D,20190408,000000,172.24,172.39,171.58,171.66,3208062,0
TXN.US,D,20190409,000000,171.26,171.27,171.06,171.07,2422987,0
TXN.US,D,20190410,000000,170.88,172.12,170.75,171.73,3664627,0
TXN.US,D,20190411,000000,172.56,173.51,172.54,173.30,3955690,0
TXN.US,D,20190412,000000,173.15,173.28,171.40,171.74,3023585,0
TXN.US,D,20190415,000000,171.89,173.64,171.80,173.03,3030351,0
TXN.US,D,20190415,000000,172.78,173.03,171.22,171.62,3033826,0
TXN.US,D,20190415,000000,171.00,173.73,170.74,172.94,4382416,0
TXN.US,D,20190416,000000,172.82,173.16,171.58,172.11,2186986,0
TXN.US,D,20190417,000000,172.35,172.96,172.21,172.89,3827028,0
TXN.US,D,20190418,000000,172.85,173.24,169.79,170.99,2762550,0
TXN.US,D,20190419,000000,170.89,171.78,170.65,171.61,2620025,0
TXN.US,D,20190422,000000,171.70,172.00,170.57,170.75,4345179,0
TXN.US,D,20190422,000000,170.52,172.22,170.26,171.71,4330320,0
TXN.US,D,20190422,000000,171.29,171.61,170.40,170.95,3433023,0
TXN.US,D,20190423,000000,171.17,171.23,170.66,170.81,2397693,0
TXN.US,D,20190424,000000,170.81,171.22,170.44,171.15,4381598,0
TXN.US,D,20190425,000000,170.84,171.06,168.89,169.52,1831874,0
TXN.US,D,20190426,000000,169.18,172.01,169.08,171.94,4337301,0
TXN.US,D,20190429,000000,172.01,172.20,171.31,171.45,1964279,0
TXN.US,D,20190429,000000,171.40,171.41,168.02,169.09,2882816,0
TXN.US,D,20190429,000000,168.98,169.00,168.75,168.94,3887742,0
TXN.US,D,20190430,000000,168.99,169.69,165.56,166.42,2639849,0
TXN.US,D,20190501,000000,165.64,166.62,165.43,166.03,1757728,0
TXN.US,D,20190502,000000,166.41,167.74,162.37,162.81,2179862,0
TXN.US,D,20190503,000000,162.71,162.72,160.14,161.08,4409422,0
TXN.US,D,20190506,000000,160.40,160.63,159.31,159.37,3132469,0
TXN.US,D,20190506,000000,159.38,161.70,159.06,161.07,2106920,0
TXN.US,D,20190506,000000,161.44,163.62,161.36,162.98,3824445,0
TXN.US,D,20190507,000000,163.06,166.17,163.05,164.94,3758431,0
TXN.US,D,20190508,000000,165.35,165.46,165.12,165.34,3663783,0
TXN.US,D,20190509,000000,164.68,165.99,164.05,165.82,2986960,0
TXN.US,D,20190510,000000,165.90,166.40,165.85,166.22,3436641,0
TXN.US,D,20190513,000000,166.30,166.99,166.22,166.81,2689949,0
TXN.US,D,20190513,000000,167.03,167.08,167.01,167.04,2508419,0
TXN.US,D,20190513,000000,166.87,167.63,166.72,167.53,1532359,0
TXN.US,D,20190514,000000,167.53,167.88,165.96,166.07,2840831,0
TXN.US,D,20190515,000000,165.47,166.80,165.17,166.77,2399302,0
TXN.US,D,20190516,000000,167.04,169.58,166.66,169.07,4010521,0
TXN.US,D,20190517,000000,169.15,170.75,169.10,169.84,1738093,0
TXN.US,D,20190520,000000,170.37,170.42,169.94,170.02,4145954,0
TXN.US,D,20190520,000000,171.05,171.79,165.96,167.25,3823176,0
TXN.US,D,20190520,000000,167.84,169.59,167.81,169.46,2169561,0
TXN.US,D,20190521,000000,169.56,170.60,169.38,170.17,3813053,0
TXN.US,D,20190522,000000,170.56,170.85,170.51,170.80,2147045,0
TXN.US,D,20190523,000000,171.13,171.96,171.08,171.63,2562372,0
TXN.US,D,20190524,000000,172.54,174.46,172.44,174.16,3630152,0
TXN.US,D,20190527,000000,175.02,175.75,174.97,175.54,2891078,0
TXN.US,D,20190527,000000,176.07,177.69,175.88,176.71,3249450,0
TXN.US,D,20190527,000000,176.03,178.70,175.00,177.92,3441033,0
TXN.US,D,20190528,000000,177.91,177.98,175.14,177.24,2261599,0
TXN.US,D,20190529,000000,176.27,178.15,175.84,177.95,1554257,0
TXN.US,D,20190530,000000,178.47,178.50,175.73,176.18,3985569,0
TXN.US,D,20190531,000000,175.98,176.61,169.29,170.55,2018295,0
TXN.US,D,20190603,000000,169.50,177.72,169.41,174.02,1541181,0
TXN.US,D,20190603,000000,174.09,174.19,172.35,172.92,2212028,0
TXN.US,D,20190603,000000,172.26,173.33,172.22,173.10,4228590,0
TXN.US,D,20190604,000000,173.69,174.28,169.62,171.15,3608425,0
TXN.US,D,20190605,000000,171.17,171.60,167.71,169.11,4366535,0
TXN.US,D,20190606,000000,169.09,171.74,168.42,171.48,4359845,0
TXN.US,D,20190607,000000,171.32,172.64,171.28,172.35,2169678,0
TXN.US,D,20190610,000000,172.41,172.52,172.02,172.12,2171331,0
TXN.US,D,20190610,000000,171.73,171.79,169.62,169.92,3617942,0
TXN.US,D,20190610,000000,169.38,172.38,169.21,171.62,2913909,0
TXN.US,D,20190611,000000,171.98,175.93,170.64,175.28,3723268,0
TXN.US,D,20190612,000000,175.55,175.58,175.26,175.29,2805223,0
TXN.US,D,20190613,000000,174.29,176.86,174.12,176.28,3087165,0
TXN.US,D,20190614,000000,177.63,178.49,174.84,176.22,2342735,0
TXN.US,D,20190617,000000,177.25,177.71,174.55,175.66,2632097,0
TXN.US,D,20190617,000000,176.52,179.79,176.12,179.28,3996861,0
TXN.US,D,20190617,000000,176.88,177.92,173.71,174.94,2901117,0
TXN.US,D,20190618,000000,174.09,174.15,171.44,171.86,3374086,0
TXN.US,D,20190619,000000,173.11,173.72,169.32,170.27,4207137,0
TXN.US,D,20190620,000000,170.94,172.49,170.53,172.48,3316539,0
TXN.US,D,20190621,000000,171.53,175.03,170.11,174.57,3734725,0
TXN.US,D,20190624,000000,175.64,175.70,173.02,173.44,2847093,0
TXN.US,D,20190624,000000,172.42,174.00,167.04,168.97,3442143,0
TXN.US,D,20190624,000000,168.40,169.44,159.88,163.51,4251046,0
TXN.US,D,20190625,000000,164.11,164.38,162.16,163.32,2883272,0
TXN.US,D,20190626,000000,163.28,163.72,157.88,160.50,3690053,0
TXN.US,D,20190627,000000,160.60,166.67,160.21,164.60,4134803,0
TXN.US,D,20190628,000000,164.64,169.28,163.51,167.68,3272205,0
TXN.US,D,20190701,000000,167.31,169.27,167.05,168.73,3625399,0
TXN.US,D,20190701,000000,168.23,168.45,166.16,166.58,1876270,0
TXN.US,D,20190701,000000,165.05,166.98,164.84,166.44,1653940,0
TXN.US,D,20190702,000000,166.10,166.82,163.38,163.45,4414081,0
TXN.US,D,20190703,000000,164.02,164.26,161.94,161.96,1869658,0
TXN.US,D,20190704,000000,161.46,165.35,160.96,165.34,4469452,0
TXN.US,D,20190705,000000,165.45,165.52,165.15,165.26,1991206,0
TXN.US,D,20190708,000000,164.83,164.91,164.80,164.86,3404324,0
TXN.US,D,20190708,000000,165.24,165.52,163.87,164.18,3300407,0
TXN.US,D,20190708,000000,164.49,164.65,163.37,163.52,1929818,0
TXN.US,D,20190709,000000,163.72,164.13,160.87,161.65,2911075,0
TXN.US,D,20190710,000000,162.34,162.41,159.82,160.77,3203728,0
TXN.US,D,20190711,000000,161.41,161.47,160.77,161.01,2453799,0
TXN.US,D,20190712,000000,162.46,163.49,151.66,155.34,2133886,0
TXN.US,D,20190715,000000,156.20,157.44,156.03,157.25,4067037,0
TXN.US,D,20190715,000000,157.31,161.98,157.01,160.98,3731217,0
TXN.US,D,20190715,000000,160.39,160.45,160.19,160.33,4216891,0
TXN.US,D,20190716,000000,161.54,161.90,158.82,159.71,4162277,0
TXN.US,D,20190717,000000,161.24,161.26,161.14,161.21,2786190,0
TXN.US,D,20190718,000000,159.09,159.12,158.28,158.46,3196494,0
TXN.US,D,20190719,000000,157.34,160.17,155.72,159.33,3758230,0
TXN.US,D,20190722,000000,159.11,159.41,159.05,159.38,2831538,0
TXN.US,D,20190722,000000,160.66,167.26,159.93,164.81,1900414,0
TXN.US,D,20190722,000000,165.51,166.73,161.24,162.17,2915217,0
TXN.US,D,20190723,000000,161.98,162.46,161.13,161.47,2111043,0
TXN.US,D,20190724,000000,162.17,165.56,150.68,153.71,4233503,0
TXN.US,D,20190725,000000,152.51,157.45,151.42,156.44,3577718,0
TXN.US,D,20190726,000000,156.28,158.20,156.10,157.52,4143139,0
TXN.US,D,20190729,000000,157.34,159.06,157.11,158.82,4191329,0
TXN.US,D,20190729,000000,159.62,159.70,156.41,156.74,3136264,0
TXN.US,D,20190729,000000,157.50,157.77,153.68,155.31,1533125,0
TXN.US,D,20190730,000000,155.04,160.18,152.88,159.42,2522665,0
TXN.US,D,20190731,000000,159.30,160.87,157.19,158.29,3495060,0
TXN.US,D,20190801,000000,158.13,158.43,156.14,157.16,3375094,0
TXN.US,D,20190802,000000,155.39,156.51,155.19,156.13,2372801,0
TXN.US,D,20190805,000000,156.89,158.84,154.43,155.03,2573580,0
TXN.US,D,20190805,000000,154.90,155.99,154.78,155.80,2440338,0
TXN.US,D,20190805,000000,155.70,157.52,155.61,157.02,2898975,0
TXN.US,D,20190806,000000,157.63,157.94,157.36,157.50,2326595,0
TXN.US,D,20190807,000000,158.17,158.22,158.09,158.18,2698430,0
TXN.US,D,20190808,000000,158.10,158.41,157.94,157.95,3323234,0
TXN.US,D,20190809,000000,157.84,158.05,156.40,156.79,2371852,0
TXN.US,D,20190812,000000,156.68,157.93,156.64,157.45,2141973,0
TXN.US,D,20190812,000000,157.37,157.67,156.16,156.17,3739901,0
TXN.US,D,20190812,000000,156.43,157.16,156.21,157.11,3053804,0
TXN.US,D,20190813,000000,157.05,158.60,156.86,157.79,2763177,0
TXN.US,D,20190814,000000,157.90,158.41,157.75,158.33,3794988,0
TXN.US,D,20190815,000000,158.27,161.11,158.22,160.09,1882976,0
TXN.US,D,20190816,000000,160.12,160.75,159.62,160.62,3552867,0
TXN.US,D,20190819,000000,160.32,164.35,159.85,164.10,4118809,0
TXN.US,D,20190819,000000,164.20,167.28,163.62,166.32,4185713,0
TXN.US,D,20190819,000000,167.60,167.62,166.33,166.89,4228595,0
TXN.US,D,20190820,000000,166.80,168.08,166.63,167.66,4182555,0
TXN.US,D,20190821,000000,168.39,170.69,168.36,169.85,3972349,0
TXN.US,D,20190822,000000,170.56,172.50,170.24,171.87,3251358,0
TXN.US,D,20190823,000000,172.78,173.42,172.53,173.11,2842808,0
TXN.US,D,20190826,000000,173.57,173.97,173.44,173.89,3015808,0
TXN.US,D,20190826,000000,174.12,177.24,173.91,175.66,3261030,0
TXN.US,D,20190826,000000,176.24,176.45,176.22,176.40,4110448,0
TXN.US,D,20190827,000000,177.38,178.48,175.36,175.81,4342560,0
TXN.US,D,20190828,000000,175.34,175.60,175.11,175.50,2733213,0
TXN.US,D,20190829,000000,175.43,176.43,172.44,173.68,3420626,0
TXN.US,D,20190830,000000,174.93,175.16,171.54,173.57,1913053,0
TXN.US,D,20190902,000000,173.09,174.63,169.33,169.63,2594496,0
TXN.US,D,20190902,000000,170.15,171.18,165.56,165.67,4434830,0
TXN.US,D,20190902,000000,165.02,165.57,160.59,160.94,1685782,0
TXN.US,D,20190903,000000,161.42,161.45,158.32,158.87,3180971,0
TXN.US,D,20190904,000000,159.60,159.92,155.65,156.18,3117710,0
TXN.US,D,20190905,000000,156.81,157.17,156.52,156.63,3825261,0
TXN.US,D,20190906,000000,156.79,157.30,156.63,157.18,3845337,0
TXN.US,D,20190909,000000,156.66,156.79,156.06,156.11,1683041,0
TXN.US,D,20190909,000000,155.98,161.00,154.98,159.57,1796572,0
TXN.US,D,20190909,000000,161.11,161.31,157.80,158.34,4238351,0
TXN.US,D,20190910,000000,158.44,158.57,155.42,155.86,3035288,0
TXN.US,D,20190911,000000,156.54,156.92,156.19,156.40,2708631,0
TXN.US,D,20190912,000000,156.00,156.46,149.02,150.47,3508063,0
TXN.US,D,20190913,000000,150.56,150.98,146.33,147.27,3868527,0
TXN.US,D,20190916,000000,146.68,147.00,145.91,146.32,2861319,0
TXN.US,D,20190916,000000,147.94,150.16,136.93,141.02,3884663,0
TXN.US,D,20190916,000000,141.02,148.82,139.74,146.12,1966639,0
TXN.US,D,20190917,000000,145.79,153.59,144.37,151.79,4102561,0
TXN.US,D,20190918,000000,152.79,153.92,152.70,153.58,1907034,0
TXN.US,D,20190919,000000,154.69,164.65,153.63,162.75,3996147,0
TXN.US,D,20190920,000000,163.46,165.41,162.32,164.09,2310948,0
TXN.US,D,20190923,000000,164.75,170.46,163.87,167.19,2568006,0
TXN.US,D,20190923,000000,166.80,167.17,163.30,164.18,2563903,0
TXN.US,D,20190923,000000,164.84,165.18,164.27,164.63,2983280,0
TXN.US,D,20190924,000000,163.21,163.65,163.14,163.49,3939239,0
TXN.US,D,20190925,000000,162.81,166.76,160.42,165.47,1932334,0
TXN.US,D,20190926,000000,165.08,165.68,164.02,164.20,2372002,0
TXN.US,D,20190927,000000,163.20,165.35,162.88,165.27,3090457,0
TXN.US,D,20190930,000000,164.22,164.74,160.02,161.67,3841010,0
TXN.US,D,20190930,000000,161.74,166.36,160.70,165.02,3448608,0
TXN.US,D,20190930,000000,166.12,170.91,165.85,170.42,4379858,0
TXN.US,D,20191001,000000,171.41,172.98,164.11,165.35,3230352,0
TXN.US,D,20191002,000000,167.73,167.78,166.09,166.63,4045165,0
TXN.US,D,20191003,000000,166.66,167.32,164.28,165.15,1562306,0
TXN.US,D,20191004,000000,163.50,164.38,157.99,159.29,3353399,0
TXN.US,D,20191007,000000,159.26,160.29,157.74,159.98,3948500,0
TXN.US,D,20191007,000000,161.31,162.16,154.45,155.37,3545908,0
TXN.US,D,20191007,000000,155.64,156.24,149.24,151.99,3129463,0
TXN.US,D,20191008,000000,153.25,155.73,153.06,155.25,4417283,0
TXN.US,D,20191009,000000,156.05,156.32,155.04,155.51,3661236,0
TXN.US,D,20191010,000000,156.08,157.08,151.23,152.23,2645896,0
TXN.US,D,20191011,000000,151.16,159.24,149.90,157.95,2298365,0
TXN.US,D,20191014,000000,160.43,160.93,160.35,160.65,1764119,0
TXN.US,D,20191014,000000,159.30,163.34,159.13,160.94,3570280,0
TXN.US,D,20191014,000000,161.73,161.95,161.12,161.65,4014716,0
TXN.US,D,20191015,000000,163.41,166.45,162.79,166.11,3839725,0
TXN.US,D,20191016,000000,164.01,164.96,163.91,164.51,2664803,0
TXN.US,D,20191017,000000,164.39,168.04,163.19,166.79,2724318,0
TXN.US,D,20191018,000000,166.44,174.10,163.28,173.43,4067878,0
TXN.US,D,20191021,000000,174.12,174.39,173.69,174.02,3098687,0
TXN.US,D,20191021,000000,174.13,174.29,171.67,172.88,4280206,0
TXN.US,D,20191021,000000,172.06,172.21,171.16,171.69,4019622,0
TXN.US,D,20191022,000000,171.88,173.85,171.69,173.02,4229959,0
TXN.US,D,20191023,000000,172.70,173.93,172.44,173.30,2996026,0
TXN.US,D,20191024,000000,172.86,173.08,171.03,171.38,3915713,0
TXN.US,D,20191025,000000,171.07,172.52,170.84,171.78,2716275,0
TXN.US,D,20191028,000000,172.86,173.67,169.31,169.76,4457176,0
TXN.US,D,20191028,000000,171.04,171.29,170.04,170.50,1764940,0
TXN.US,D,20191028,000000,169.46,174.55,168.66,173.20,2772466,0
TXN.US,D,20191029,000000,172.61,173.23,167.64,169.19,4434271,0
TXN.US,D,20191030,000000,168.94,170.62,167.52,169.68,3254854,0
TXN.US,D,20191031,000000,170.57,171.15,169.98,170.88,3436899,0
TXN.US,D,20191101,000000,170.61,176.63,170.24,175.45,2591004,0
TXN.US,D,20191104,000000,174.01,174.16,170.49,171.32,1661925,0
TXN.US,D,20191104,000000,170.91,173.10,170.42,171.54,4198103,0
TXN.US,D,20191104,000000,171.51,174.90,171.05,174.16,2986934,0
TXN.US,D,20191105,000000,173.83,173.83,171.97,172.34,1681320,0
TXN.US,D,20191106,000000,171.55,172.09,170.25,170.73,2498732,0
TXN.US,D,20191107,000000,171.33,173.99,170.99,173.68,2493177,0
TXN.US,D,20191108,000000,173.43,173.58,172.65,172.88,4456385,0
TXN.US,D,20191111,000000,172.90,176.34,172.27,175.72,1869692,0
TXN.US,D,20191111,000000,175.12,177.86,174.71,176.53,2983881,0
TXN.US,D,20191111,000000,175.95,176.28,174.60,175.49,4469222,0
TXN.US,D,20191112,000000,176.50,176.55,170.41,171.99,1791449,0
TXN.US,D,20191113,000000,172.09,174.80,170.98,173.24,1592970,0
TXN.US,D,20191114,000000,173.89,174.79,173.75,174.27,3793418,0
TXN.US,D,20191115,000000,174.41,179.06,174.24,178.66,3182337,0
TXN.US,D,20191118,000000,178.61,181.07,178.41,180.90,4279092,0
TXN.US,D,20191118,000000,180.69,181.00,179.82,180.23,3672571,0
TXN.US,D,20191118,000000,180.22,180.56,180.06,180.37,2025559,0
TXN.US,D,20191119,000000,180.11,180.13,177.68,178.41,4361058,0
TXN.US,D,20191120,000000,178.56,178.64,177.34,177.70,3372165,0
TXN.US,D,20191121,000000,177.61,181.40,176.64,180.81,3759407,0
TXN.US,D,20191122,000000,180.55,182.70,180.12,182.61,4186944,0
TXN.US,D,20191125,000000,182.52,183.12,181.41,181.61,1802456,0
TXN.US,D,20191125,000000,182.75,183.60,180.27,180.78,1821147,0
TXN.US,D,20191125,000000,180.67,182.89,180.58,182.13,3464214,0
TXN.US,D,20191126,000000,182.28,182.50,180.54,181.21,2122847,0
TXN.US,D,20191127,000000,181.33,181.50,179.42,180.17,2776439,0
TXN.US,D,20191128,000000,180.17,180.26,179.51,179.63,4006760,0
TXN.US,D,20191129,000000,179.99,182.98,179.10,182.71,2779985,0
TXN.US,D,20191202,000000,183.03,183.56,181.21,181.99,2137826,0
TXN.US,D,20191202,000000,182.01,182.99,181.62,182.69,3192849,0
TXN.US,D,20191202,000000,183.00,183.17,179.10,180.53,3554819,0
TXN.US,D,20191203,000000,180.52,181.59,180.38,181.29,3972745,0
TXN.US,D,20191204,000000,180.46,181.59,180.40,181.00,2179946,0
TXN.US,D,20191205,000000,180.86,181.22,180.73,181.08,3277950,0
TXN.US,D,20191206,000000,181.18,182.18,181.12,182.11,4259329,0
TXN.US,D,20191209,000000,181.89,183.61,181.60,183.25,1635673,0
TXN.US,D,20191209,000000,183.21,183.27,182.55,182.78,3155604,0
TXN.US,D,20191209,000000,182.95,183.07,181.43,181.64,2320072,0
TXN.US,D,20191210,000000,181.57,181.66,180.31,180.77,2128442,0
TXN.US,D,20191211,000000,180.93,181.25,180.92,181.22,4362818,0
TXN.US,D,20191212,000000,181.34,181.40,181.09,181.17,3383797,0
TXN.US,D,20191213,000000,180.53,181.43,179.95,181.20,4475708,0
TXN.US,D,20191216,000000,180.40,181.08,177.21,177.77,1886336,0
TXN.US,D,20191216,000000,176.78,177.53,176.67,177.40,2946842,0
TXN.US,D,20191216,000000,177.47,177.65,177.44,177.59,3819903,0
TXN.US,D,20191217,000000,177.91,177.92,177.72,177.72,1920778,0
TXN.US,D,20191218,000000,177.93,180.20,177.89,180.01,3228988,0
TXN.US,D,20191219,000000,179.52,181.77,178.71,181.22,4137174,0
TXN.US,D,20191220,000000,180.45,181.81,180.43,181.80,2284763,0
TXN.US,D,20191223,000000,181.20,181.58,180.22,180.52,3133457,0
TXN.US,D,20191223,000000,178.76,181.91,178.28,181.18,1951524,0
TXN.US,D,20191223,000000,181.50,188.64,179.42,185.91,3897017,0
TXN.US,D,20191224,000000,185.85,185.85,185.61,185.66,3758039,0
TXN.US,D,20191225,000000,185.44,185.55,185.27,185.37,2969563,0
TXN.US,D,20191226,000000,184.90,184.97,183.85,183.88,3141193,0
TXN.US,D,20191227,000000,183.07,188.80,182.10,186.11,3591857,0
TXN.US,D,20191230,000000,185.39,185.61,185.05,185.05,3237291,0
TXN.US,D,20191230,000000,185.10,185.43,184.08,184.45,4106175,0
TXN.US,D,20191230,000000,184.30,185.17,184.19,185.04,4066233,0
TXN.US,D,20191231,000000,185.02,185.94,184.80,185.89,1885213,0
TXN.US,D,20200101,000000,185.83,186.29,185.79,186.27,4037510,0
TXN.US,D,20200102,000000,186.37,186.87,186.21,186.83,2797760,0
TXN.US,D,20200103,000000,186.74,188.20,186.54,187.85,2042641,0
TXN.US,D,20200106,000000,187.45,187.65,187.04,187.17,1557882,0
TXN.US,D,20200106,000000,186.69,189.75,186.19,188.59,2374486,0
TXN.US,D,20200106,000000,188.35,189.75,188.23,189.73,3527134,0
TXN.US,D,20200107,000000,189.48,189.65,189.24,189.52,2416867,0
TXN.US,D,20200108,000000,189.13,189.59,187.09,187.39,2269907,0
TXN.US,D,20200109,000000,187.42,187.55,187.35,187.45,4412132,0
TXN.US,D,20200110,000000,187.54,187.61,187.11,187.26,1728389,0
TXN.US,D,20200113,000000,187.84,189.29,183.11,184.71,3309394,0
TXN.US,D,20200113,000000,184.75,185.27,184.66,184.76,2275468,0
TXN.US,D,20200113,000000,184.01,184.28,182.52,182.59,4142821,0
TXN.US,D,20200114,000000,183.39,183.56,182.35,182.49,3364785,0
TXN.US,D,20200115,000000,182.94,183.85,178.77,179.48,1917724,0
TXN.US,D,20200116,000000,180.09,180.82,177.69,177.79,2095597,0
TXN.US,D,20200117,000000,178.89,179.38,173.12,174.83,3814782,0
TXN.US,D,20200120,000000,175.21,175.27,173.64,174.71,3586451,0
TXN.US,D,20200120,000000,174.18,176.88,173.84,176.27,1754714,0
TXN.US,D,20200120,000000,177.23,180.00,176.45,178.61,2668851,0
TXN.US,D,20200121,000000,178.75,180.81,178.32,180.46,1702381,0
TXN.US,D,20200122,000000,180.28,184.15,179.75,182.98,4193248,0
TXN.US,D,20200123,000000,183.05,184.95,182.22,184.64,1662842,0
TXN.US,D,20200124,000000,185.08,185.43,177.53,178.93,3460888,0
TXN.US,D,20200127,000000,179.18,181.92,178.22,181.52,3833779,0
TXN.US,D,20200127,000000,182.52,182.53,181.28,181.34,3481300,0
TXN.US,D,20200127,000000,181.72,191.55,179.22,187.67,3357604,0
TXN.US,D,20200128,000000,186.42,190.25,186.04,189.59,2198512,0
TXN.US,D,20200129,000000,188.84,192.60,188.55,192.45,3695580,0
TXN.US,D,20200130,000000,190.97,191.78,187.48,188.05,1595763,0
TXN.US,D,20200131,000000,187.57,187.69,182.85,185.12,3958793,0
TXN.US,D,20200203,000000,185.00,185.36,185.00,185.16,3437259,0
TXN.US,D,20200203,000000,186.68,186.84,186.08,186.30,2172686,0
TXN.US,D,20200203,000000,186.16,189.13,185.38,188.23,3888789,0
TXN.US,D,20200204,000000,188.75,191.70,188.23,190.99,3380989,0
TXN.US,D,20200205,000000,191.00,191.09,190.66,190.86,4291616,0
TXN.US,D,20200206,000000,190.92,191.21,190.91,191.00,4014190,0
TXN.US,D,20200207,000000,191.31,191.52,190.21,190.55,4211700,0
TXN.US,D,20200210,000000,190.06,191.72,189.83,191.55,4188258,0
TXN.US,D,20200210,000000,191.48,194.06,190.13,193.90,1706139,0
TXN.US,D,20200210,000000,194.16,194.37,192.24,192.85,3515051,0
TXN.US,D,20200211,000000,193.27,194.84,192.81,194.84,3116262,0
TXN.US,D,20200212,000000,195.87,196.50,195.75,196.24,2117713,0
TXN.US,D,20200213,000000,196.84,197.08,196.33,196.59,3857214,0
TXN.US,D,20200214,000000,196.16,198.29,194.98,197.61,4253199,0
TXN.US,D,20200217,000000,198.05,198.87,197.92,198.81,2399429,0
TXN.US,D,20200217,000000,198.08,200.68,197.56,200.13,4490428,0
TXN.US,D,20200217,000000,199.65,202.28,199.53,201.51,3282532,0
TXN.US,D,20200218,000000,201.34,201.45,201.33,201.42,4222652,0
TXN.US,D,20200219,000000,201.37,201.81,199.37,200.21,3897371,0
TXN.US,D,20200220,000000,200.60,200.76,198.95,199.18,3594256,0
TXN.US,D,20200221,000000,199.89,200.22,197.60,198.56,2539443,0
TXN.US,D,20200224,000000,198.92,199.33,198.88,199.18,2299576,0
TXN.US,D,20200224,000000,199.14,199.23,198.75,198.80,3259946,0
TXN.US,D,20200224,000000,199.17,199.73,198.90,199.62,2904437,0
TXN.US,D,20200225,000000,199.80,199.98,198.83,199.10,3898637,0
TXN.US,D,20200226,000000,199.67,200.20,199.61,199.98,3779492,0
TXN.US,D,20200227,000000,199.67,200.08,198.33,198.71,2126953,0
TXN.US,D,20200228,000000,198.55,200.98,197.98,200.56,2891837,0
TXN.US,D,20200302,000000,200.44,200.50,198.41,198.91,3659996,0
TXN.US,D,20200302,000000,199.01,199.44,195.33,196.41,1910564,0
TXN.US,D,20200302,000000,196.51,196.67,196.20,196.29,4346492,0
TXN.US,D,20200303,000000,195.34,195.79,195.18,195.69,2594117,0
TXN.US,D,20200304,000000,195.60,195.80,193.58,193.73,3011149,0
TXN.US,D,20200305,000000,193.58,196.35,193.02,195.87,2585733,0
TXN.US,D,20200306,000000,196.72,196.82,193.24,193.64,4057914,0
TXN.US,D,20200309,000000,193.65,194.23,192.80,192.82,2388390,0
TXN.US,D,20200309,000000,192.00,195.18,191.00,194.04,3103658,0
TXN.US,D,20200309,000000,194.69,194.90,193.69,193.97,2995252,0
TXN.US,D,20200310,000000,194.11,194.20,193.74,193.81,2907896,0
TXN.US,D,20200311,000000,193.77,194.31,191.62,192.46,1544106,0
TXN.US,D,20200312,000000,192.45,193.46,192.19,193.27,1798443,0
TXN.US,D,20200313,000000,193.80,193.87,191.37,192.21,3877303,0
TXN.US,D,20200316,000000,192.36,192.59,189.37,189.96,3976495,0
TXN.US,D,20200316,000000,190.03,190.06,190.03,190.06,2745916,0
TXN.US,D,20200316,000000,189.76,190.00,188.19,188.99,4384342,0
TXN.US,D,20200317,000000,188.76,189.55,188.37,189.32,3294503,0
TXN.US,D,20200318,000000,189.11,191.39,188.91,190.84,2881091,0
TXN.US,D,20200319,000000,190.32,191.53,190.25,191.22,1676775,0
TXN.US,D,20200320,000000,191.27,193.16,190.61,192.84,1887531,0
TXN.US,D,20200323,000000,193.35,193.50,192.56,192.94,2189479,0
TXN.US,D,20200323,000000,192.60,193.30,192.45,193.28,3706277,0
TXN.US,D,20200323,000000,193.58,194.18,190.46,190.76,3605446,0
TXN.US,D,20200324,000000,190.82,190.88,190.59,190.67,1961959,0
TXN.US,D,20200325,000000,190.64,192.53,190.39,192.24,4473196,0
TXN.US,D,20200326,000000,191.98,192.55,189.12,190.57,2522379,0
TXN.US,D,20200327,000000,191.17,193.93,190.64,192.81,2415545,0
TXN.US,D,20200330,000000,193.70,194.53,190.95,191.31,3570991,0
TXN.US,D,20200330,000000,190.77,191.84,188.09,188.52,3120570,0
TXN.US,D,20200330,000000,188.01,188.38,186.39,186.50,2062254,0
TXN.US,D,20200331,000000,186.58,187.07,183.53,184.38,3618300,0
TXN.US,D,20200401,000000,184.02,184.08,182.91,183.23,2515427,0
TXN.US,D,20200402,000000,184.12,184.16,181.49,182.36,3949767,0
TXN.US,D,20200403,000000,182.42,182.42,181.95,182.18,2946911,0
TXN.US,D,20200406,000000,182.35,183.33,182.08,183.28,2583050,0
TXN.US,D,20200406,000000,184.13,184.78,183.67,183.73,2191448,0
TXN.US,D,20200406,000000,183.52,184.39,183.34,184.24,2632447,0
TXN.US,D,20200407,000000,184.75,186.04,184.27,185.94,2874597,0
TXN.US,D,20200408,000000,185.38,186.49,185.04,186.14,4176305,0
TXN.US,D,20200409,000000,185.93,186.47,185.76,185.93,2328238,0
TXN.US,D,20200410,000000,185.57,185.84,182.02,182.33,2946671,0
TXN.US,D,20200413,000000,182.87,185.94,182.66,185.69,2753153,0
TXN.US,D,20200413,000000,185.62,185.72,183.29,183.91,4288348,0
TXN.US,D,20200413,000000,185.21,186.25,178.28,180.28,4083751,0
TXN.US,D,20200414,000000,180.75,182.70,174.36,174.77,2214770,0
TXN.US,D,20200415,000000,175.15,176.20,175.13,175.54,4467953,0
TXN.US,D,20200416,000000,175.89,176.27,173.51,173.86,4297698,0
TXN.US,D,20200417,000000,172.66,173.07,169.16,169.80,2827056,0
TXN.US,D,20200420,000000,169.74,170.57,169.50,170.52,4053729,0
TXN.US,D,20200420,000000,170.72,173.68,169.98,172.51,2303511,0
TXN.US,D,20200420,000000,172.59,172.60,170.70,171.28,1612871,0
TXN.US,D,20200421,000000,172.18,172.25,172.00,172.18,2723658,0
TXN.US,D,20200422,000000,172.06,173.06,168.74,169.46,2283173,0
TXN.US,D,20200423,000000,169.32,174.20,168.45,172.74,4182123,0
TXN.US,D,20200424,000000,172.45,172.82,172.43,172.79,1903205,0
TXN.US,D,20200427,000000,171.05,176.11,168.44,176.02,2764481,0
TXN.US,D,20200427,000000,176.07,176.34,175.57,175.68,2558761,0
TXN.US,D,20200427,000000,175.67,178.53,169.11,171.49,2909165,0
TXN.US,D,20200428,000000,171.32,171.57,169.35,169.40,1941504,0
TXN.US,D,20200429,000000,169.64,171.51,169.33,170.80,2423860,0
TXN.US,D,20200430,000000,170.93,171.30,170.87,171.16,2465664,0
TXN.US,D,20200501,000000,170.57,171.03,170.50,170.88,3341934,0
TXN.US,D,20200504,000000,170.82,170.82,169.60,169.93,3354227,0
TXN.US,D,20200504,000000,169.91,170.33,169.07,169.18,4233652,0
TXN.US,D,20200504,000000,169.26,170.33,168.99,170.12,1724459,0
TXN.US,D,20200505,000000,169.99,170.23,169.04,169.35,3586296,0
TXN.US,D,20200506,000000,169.40,169.61,169.39,169.61,4122779,0
TXN.US,D,20200507,000000,170.19,174.75,169.46,173.20,1624935,0
TXN.US,D,20200508,000000,173.05,175.84,172.97,174.71,2644796,0
TXN.US,D,20200511,000000,174.28,174.30,173.85,174.05,2723082,0
TXN.US,D,20200511,000000,174.37,174.46,173.00,173.48,3722656,0
TXN.US,D,20200511,000000,173.35,173.88,173.10,173.83,2163057,0
TXN.US,D,20200512,000000,173.76,174.24,173.73,174.14,2661138,0
TXN.US,D,20200513,000000,173.93,174.66,173.88,174.62,4010320,0
TXN.US,D,20200514,000000,174.50,176.09,174.43,175.92,1721932,0
TXN.US,D,20200515,000000,176.30,176.62,173.13,173.39,2028952,0
TXN.US,D,20200518,000000,173.01,173.12,170.38,170.70,2784733,0
TXN.US,D,20200518,000000,171.49,172.51,166.90,168.46,2226862,0
TXN.US,D,20200518,000000,169.26,171.32,169.15,170.85,2085729,0
TXN.US,D,20200519,000000,169.38,174.20,168.91,171.82,2719076,0
TXN.US,D,20200520,000000,172.17,172.23,167.02,168.37,2704901,0
TXN.US,D,20200521,000000,168.16,168.34,167.75,167.97,3722699,0
TXN.US,D,20200522,000000,168.18,169.87,168.12,169.32,1971515,0
TXN.US,D,20200525,000000,168.57,173.01,168.00,171.64,2475848,0
TXN.US,D,20200525,000000,171.24,174.21,170.96,173.39,2837557,0
TXN.US,D,20200525,000000,172.70,173.89,172.49,173.84,1656857,0
TXN.US,D,20200526,000000,172.93,176.47,172.37,174.89,4079122,0
TXN.US,D,20200527,000000,175.48,175.49,169.03,169.50,1734562,0
TXN.US,D,20200528,000000,169.31,171.41,169.14,170.53,3141027,0
TXN.US,D,20200529,000000,170.98,177.72,169.42,176.16,3765013,0
TXN.US,D,20200601,000000,175.43,180.94,174.36,177.96,2227548,0
TXN.US,D,20200601,000000,179.36,183.70,178.00,183.11,1911748,0
