<TICKER>,<PER>,<DATE>,<TIME>,<OPEN>,<HIGH>,<LOW>,<CLOSE>,<VOL>,<OPENINT>
UPST.US,D,20180102,000000,30.28,30.38,29.61,29.92,5286318,0
UPST.US,D,20180103,000000,30.17,30.47,30.03,30.43,4657860,0
UPST.US,D,20180104,000000,30.31,30.41,30.03,30.07,5702297,0
UPST.US,D,20180105,000000,30.18,30.61,30.08,30.40,2071623,0
UPST.US,D,20180108,000000,30.53,30.54,30.33,30.37,3652825,0
UPST.US,D,20180108,000000,30.24,30.38,29.76,29.81,4636045,0
UPST.US,D,20180108,000000,29.80,29.89,29.29,29.31,3296044,0
UPST.US,D,20180109,000000,29.38,30.48,29.29,30.06,5946087,0
UPST.US,D,20180110,000000,29.86,30.04,29.86,29.88,2489243,0
UPST.US,D,20180111,000000,29.55,31.48,29.32,31.23,3577074,0
UPST.US,D,20180112,000000,31.05,31.38,30.99,31.33,2305379,0
UPST.US,D,20180115,000000,31.15,31.65,30.99,31.60,3150818,0
UPST.US,D,20180115,000000,31.68,32.32,31.56,32.32,2153824,0
UPST.US,D,20180115,000000,32.18,32.74,32.18,32.54,5943163,0
UPST.US,D,20180116,000000,32.54,32.91,32.49,32.75,5866550,0
UPST.US,D,20180117,000000,33.05,33.20,32.82,33.19,4491823,0
UPST.US,D,20180118,000000,33.08,33.24,32.66,32.69,2867284,0
UPST.US,D,20180119,000000,32.44,35.76,32.17,34.17,2835153,0
UPST.US,D,20180122,000000,34.58,34.59,34.25,34.39,4250945,0
UPST.US,D,20180122,000000,34.15,34.18,33.87,33.92,4485558,0
UPST.US,D,20180122,000000,33.78,34.27,33.73,34.17,5646692,0
UPST.US,D,20180123,000000,34.24,34.48,33.66,33.83,2627844,0
UPST.US,D,20180124,000000,33.74,34.09,33.58,34.05,2799666,0
UPST.US,D,20180125,000000,34.54,34.72,33.14,33.34,5611138,0
UPST.US,D,20180126,000000,33.50,33.53,33.46,33.48,4806184,0
UPST.US,D,20180129,000000,33.22,33.79,33.19,33.77,3701199,0
UPST.US,D,20180129,000000,33.62,33.91,32.68,32.81,2769882,0
UPST.US,D,20180129,000000,33.42,33.54,32.74,32.81,2971341,0
UPST.US,D,20180130,000000,32.53,33.32,32.46,33.05,2187264,0
UPST.US,D,20180131,000000,33.03,33.87,32.68,33.23,3452955,0
UPST.US,D,20180201,000000,32.97,33.11,30.09,31.32,5418162,0
UPST.US,D,20180202,000000,31.38,31.67,31.35,31.57,5390145,0
UPST.US,D,20180205,000000,31.32,33.62,30.94,32.51,2460941,0
UPST.US,D,20180205,000000,32.83,32.84,32.55,32.59,5409039,0
UPST.US,D,20180205,000000,32.57,32.57,32.32,32.39,3212389,0
UPST.US,D,20180206,000000,32.46,32.47,32.21,32.47,2726495,0
UPST.US,D,20180207,000000,32.43,32.87,32.38,32.78,3693632,0
UPST.US,D,20180208,000000,32.89,33.45,32.76,33.35,2956042,0
UPST.US,D,20180209,000000,33.25,33.53,32.78,32.82,2832200,0
UPST.US,D,20180212,000000,33.41,33.51,32.60,32.83,2492918,0
UPST.US,D,20180212,000000,32.78,32.82,32.39,32.62,2981978,0
UPST.US,D,20180212,000000,32.66,32.70,32.47,32.64,3975934,0
UPST.US,D,20180213,000000,32.43,33.03,31.84,32.02,5597559,0
UPST.US,D,20180214,000000,31.91,33.05,31.60,32.77,5981749,0
UPST.US,D,20180215,000000,32.89,32.90,30.77,32.20,3031852,0
UPST.US,D,20180216,000000,32.07,32.81,31.97,32.67,3624181,0
UPST.US,D,20180219,000000,32.60,32.62,32.37,32.39,3753691,0
UPST.US,D,20180219,000000,32.51,32.62,32.45,32.59,2756898,0
UPST.US,D,20180219,000000,32.71,32.81,32.70,32.76,3188077,0
UPST.US,D,20180220,000000,32.78,32.82,32.45,32.62,5780652,0
UPST.US,D,20180221,000000,32.91,33.85,32.85,33.32,5970238,0
UPST.US,D,20180222,000000,33.20,33.51,33.14,33.47,4509050,0
UPST.US,D,20180223,000000,33.41,33.65,33.30,33.62,5218323,0
UPST.US,D,20180226,000000,33.34,34.18,33.13,34.02,5490048,0
UPST.US,D,20180226,000000,34.08,35.57,33.75,35.14,4397833,0
UPST.US,D,20180226,000000,35.34,35.44,34.67,34.78,2961282,0
UPST.US,D,20180227,000000,34.89,36.17,34.57,35.66,3482880,0
UPST.US,D,20180228,000000,35.64,35.92,35.56,35.90,5741505,0
UPST.US,D,20180301,000000,35.88,35.94,35.46,35.57,5393550,0
UPST.US,D,20180302,000000,35.47,35.49,35.14,35.18,5702709,0
UPST.US,D,20180305,000000,35.14,35.36,35.14,35.29,4769403,0
UPST.US,D,20180305,000000,35.25,35.27,34.42,34.82,4428272,0
UPST.US,D,20180305,000000,34.79,34.86,34.38,34.40,2471632,0
UPST.US,D,20180306,000000,34.47,34.59,34.15,34.20,2729453,0
UPST.US,D,20180307,000000,34.25,34.27,34.07,34.11,4156740,0
UPST.US,D,20180308,000000,34.34,34.44,33.70,34.00,5976282,0
UPST.US,D,20180309,000000,33.83,33.85,33.74,33.76,5792143,0
UPST.US,D,20180312,000000,33.63,33.71,33.31,33.34,2337242,0
UPST.US,D,20180312,000000,33.33,33.84,33.20,33.65,5330483,0
UPST.US,D,20180312,000000,33.71,33.74,33.61,33.68,2903735,0
UPST.US,D,20180313,000000,33.74,33.78,33.44,33.51,5865293,0
UPST.US,D,20180314,000000,33.58,33.79,32.56,32.85,3551380,0
UPST.US,D,20180315,000000,32.79,33.09,32.21,32.44,4789159,0
UPST.US,D,20180316,000000,32.49,33.49,32.19,33.39,3091063,0
UPST.US,D,20180319,000000,33.28,33.29,33.16,33.23,2557680,0
UPST.US,D,20180319,000000,33.08,33.11,32.82,32.89,5450838,0
UPST.US,D,20180319,000000,32.65,33.47,32.53,33.41,2991913,0
UPST.US,D,20180320,000000,33.47,34.23,33.42,34.02,5641612,0
UPST.US,D,20180321,000000,33.95,34.05,33.21,33.35,3540456,0
UPST.US,D,20180322,000000,33.44,33.85,33.23,33.73,5626526,0
UPST.US,D,20180323,000000,33.65,34.00,33.57,33.99,5104626,0
UPST.US,D,20180326,000000,33.83,34.42,33.76,34.40,3983464,0
UPST.US,D,20180326,000000,34.31,35.49,34.01,35.33,3165190,0
UPST.US,D,20180326,000000,35.71,35.74,35.48,35.61,4398826,0
UPST.US,D,20180327,000000,35.46,35.56,35.36,35.52,2735575,0
UPST.US,D,20180328,000000,35.40,35.80,35.38,35.68,2491641,0
UPST.US,D,20180329,000000,35.71,35.84,35.20,35.34,4808824,0
UPST.US,D,20180330,000000,35.30,35.86,35.14,35.68,3482611,0
UPST.US,D,20180402,000000,35.63,35.64,35.62,35.63,2252296,0
UPST.US,D,20180402,000000,35.78,36.42,35.75,36.32,3137623,0
UPST.US,D,20180402,000000,36.24,36.34,35.81,35.82,3380776,0
UPST.US,D,20180403,000000,35.84,35.92,35.74,35.87,3545439,0
UPST.US,D,20180404,000000,35.90,36.21,35.86,36.12,5860764,0
UPST.US,D,20180405,000000,36.06,36.12,35.20,35.50,3073252,0
UPST.US,D,20180406,000000,35.52,35.55,35.08,35.16,4113031,0
UPST.US,D,20180409,000000,35.15,35.30,35.12,35.25,4663918,0
UPST.US,D,20180409,000000,35.33,35.37,35.27,35.37,2899411,0
UPST.US,D,20180409,000000,35.35,35.78,35.26,35.76,5406197,0
UPST.US,D,20180410,000000,35.73,35.73,35.69,35.70,2868965,0
UPST.US,D,20180411,000000,35.70,35.79,35.68,35.76,2887476,0
UPST.US,D,20180412,000000,35.79,36.10,35.76,36.07,3290241,0
UPST.US,D,20180413,000000,35.99,36.02,35.98,36.02,5020389,0
UPST.US,D,20180416,000000,36.05,36.06,36.05,36.06,2186078,0
UPST.US,D,20180416,000000,36.07,36.16,35.54,35.64,2213239,0
UPST.US,D,20180416,000000,35.66,35.67,35.64,35.64,2946573,0
UPST.US,D,20180417,000000,35.57,35.69,35.55,35.62,3086008,0
UPST.US,D,20180418,000000,35.64,36.14,35.55,35.97,4979465,0
UPST.US,D,20180419,000000,36.03,36.11,35.42,35.61,4481218,0
UPST.US,D,20180420,000000,35.71,35.71,35.27,35.28,2848081,0
UPST.US,D,20180423,000000,35.25,35.77,35.22,35.57,4140057,0
UPST.US,D,20180423,000000,35.72,35.90,35.70,35.90,5822731,0
UPST.US,D,20180423,000000,36.01,36.26,35.86,36.14,2012979,0
UPST.US,D,20180424,000000,35.85,36.88,35.58,36.65,5555292,0
UPST.US,D,20180425,000000,36.58,36.65,35.37,36.07,5238982,0
UPST.US,D,20180426,000000,35.88,35.88,35.86,35.87,3006548,0
UPST.US,D,20180427,000000,35.90,36.01,35.87,35.97,4185883,0
UPST.US,D,20180430,000000,36.06,36.07,35.82,36.00,5234345,0
UPST.US,D,20180430,000000,36.08,36.11,35.50,35.65,3752217,0
UPST.US,D,20180430,000000,35.54,35.75,34.88,35.01,5769440,0
UPST.US,D,20180501,000000,35.03,35.10,34.83,34.90,3817738,0
UPST.US,D,20180502,000000,34.93,34.93,34.37,34.50,3982664,0
UPST.US,D,20180503,000000,34.37,35.45,34.25,34.98,3075747,0
UPST.US,D,20180504,000000,34.97,35.20,34.85,35.17,4390983,0
UPST.US,D,20180507,000000,35.07,35.16,35.03,35.10,2167587,0
UPST.US,D,20180507,000000,35.07,35.10,34.74,34.79,5045319,0
UPST.US,D,20180507,000000,34.57,34.57,34.56,34.56,3154571,0
UPST.US,D,20180508,000000,34.56,34.60,34.56,34.60,4714670,0
UPST.US,D,20180509,000000,34.48,34.95,34.45,34.84,2354147,0
UPST.US,D,20180510,000000,34.78,34.84,34.60,34.71,3696044,0
UPST.US,D,20180511,000000,34.69,34.88,34.66,34.79,4419202,0
UPST.US,D,20180514,000000,34.78,34.90,34.75,34.88,3944794,0
UPST.US,D,20180514,000000,34.82,35.02,34.75,34.88,4548790,0
UPST.US,D,20180514,000000,34.90,34.98,34.89,34.97,4381347,0
UPST.US,D,20180515,000000,34.91,35.15,34.86,35.07,3959925,0
UPST.US,D,20180516,000000,35.11,35.16,35.10,35.15,3541118,0
UPST.US,D,20180517,000000,35.31,35.32,35.19,35.22,5750063,0
UPST.US,D,20180518,000000,35.18,35.21,35.18,35.18,3116727,0
UPST.US,D,20180521,000000,35.15,35.17,34.51,34.64,4334060,0
UPST.US,D,20180521,000000,34.67,34.70,34.52,34.55,2984737,0
UPST.US,D,20180521,000000,34.57,34.69,34.57,34.65,3674536,0
UPST.US,D,20180522,000000,34.72,34.75,34.33,34.38,4639849,0
UPST.US,D,20180523,000000,34.41,34.44,34.17,34.22,5291174,0
UPST.US,D,20180524,000000,34.20,34.76,33.96,34.59,3312631,0
UPST.US,D,20180525,000000,34.54,34.60,34.30,34.37,2543995,0
UPST.US,D,20180528,000000,34.34,34.39,34.26,34.26,3292171,0
UPST.US,D,20180528,000000,34.35,34.48,34.00,34.03,4681646,0
UPST.US,D,20180528,000000,33.99,34.45,33.98,34.26,2796335,0
UPST.US,D,20180529,000000,34.19,34.42,34.18,34.35,2329398,0
UPST.US,D,20180530,000000,34.37,34.38,34.37,34.37,5255293,0
UPST.US,D,20180531,000000,34.43,34.44,34.36,34.37,2224211,0
UPST.US,D,20180601,000000,34.25,34.43,34.21,34.27,4937747,0
UPST.US,D,20180604,000000,34.23,34.87,34.17,34.79,4869714,0
UPST.US,D,20180604,000000,34.79,34.83,34.62,34.69,3679971,0
UPST.US,D,20180604,000000,34.69,34.82,34.59,34.82,4453352,0
UPST.US,D,20180605,000000,34.88,34.96,34.83,34.92,3647967,0
UPST.US,D,20180606,000000,34.84,34.97,34.52,34.61,4392348,0
UPST.US,D,20180607,000000,34.73,34.84,33.80,34.14,4735930,0
UPST.US,D,20180608,000000,34.28,34.48,34.25,34.46,2937016,0
UPST.US,D,20180611,000000,34.44,34.52,34.43,34.51,5454937,0
UPST.US,D,20180611,000000,34.59,34.78,33.39,33.84,5704240,0
UPST.US,D,20180611,000000,33.95,34.11,33.65,33.86,4158546,0
UPST.US,D,20180612,000000,34.08,34.35,34.06,34.28,3614835,0
UPST.US,D,20180613,000000,34.23,35.16,34.10,34.83,3145120,0
UPST.US,D,20180614,000000,35.12,35.16,35.00,35.01,3470703,0
UPST.US,D,20180615,000000,35.28,35.37,35.22,35.33,3729111,0
UPST.US,D,20180618,000000,35.36,36.39,35.24,35.83,3672591,0
UPST.US,D,20180618,000000,35.76,36.23,34.62,35.10,5668549,0
UPST.US,D,20180618,000000,35.38,35.74,33.63,34.10,2014192,0
UPST.US,D,20180619,000000,33.88,34.68,33.86,34.41,2262786,0
UPST.US,D,20180620,000000,34.61,35.41,34.43,35.40,3645958,0
UPST.US,D,20180621,000000,35.32,36.40,35.16,36.20,3284732,0
UPST.US,D,20180622,000000,35.98,36.09,34.26,34.71,3503394,0
UPST.US,D,20180625,000000,34.78,34.91,34.12,34.14,2361926,0
UPST.US,D,20180625,000000,34.26,34.37,33.27,33.47,3340218,0
UPST.US,D,20180625,000000,33.62,34.67,33.61,34.26,4757469,0
UPST.US,D,20180626,000000,34.16,34.92,33.98,34.87,5197886,0
UPST.US,D,20180627,000000,35.19,35.57,35.11,35.40,3133890,0
UPST.US,D,20180628,000000,35.48,35.64,35.40,35.60,5841889,0
UPST.US,D,20180629,000000,35.68,36.16,35.63,36.15,5440702,0
UPST.US,D,20180702,000000,36.08,38.04,35.65,37.80,2139932,0
UPST.US,D,20180702,000000,37.77,38.36,37.64,38.26,5086189,0
UPST.US,D,20180702,000000,38.21,38.94,38.05,38.85,4005449,0
UPST.US,D,20180703,000000,38.63,39.63,38.61,39.16,4318537,0
UPST.US,D,20180704,000000,39.49,39.56,39.33,39.40,5943800,0
UPST.US,D,20180705,000000,38.67,39.40,38.62,39.17,4810688,0
UPST.US,D,20180706,000000,39.18,39.41,37.64,38.05,3518049,0
UPST.US,D,20180709,000000,38.00,38.29,37.85,38.21,5941927,0
UPST.US,D,20180709,000000,38.41,38.60,38.39,38.55,5495084,0
UPST.US,D,20180709,000000,38.71,38.84,38.47,38.50,5449892,0
UPST.US,D,20180710,000000,38.84,39.06,37.24,37.54,3653918,0
UPST.US,D,20180711,000000,37.35,37.43,36.29,36.36,3440458,0
UPST.US,D,20180712,000000,36.27,36.59,36.19,36.53,2548337,0
UPST.US,D,20180713,000000,36.86,37.17,36.77,37.12,2989294,0
UPST.US,D,20180716,000000,37.51,37.64,36.74,36.83,5118631,0
UPST.US,D,20180716,000000,36.77,36.84,35.25,35.47,4594375,0
UPST.US,D,20180716,000000,35.55,35.61,34.30,34.86,2993430,0
UPST.US,D,20180717,000000,34.95,34.97,34.70,34.80,2044803,0
UPST.US,D,20180718,000000,34.73,34.98,33.89,33.95,5147038,0
UPST.US,D,20180719,000000,34.71,34.93,34.04,34.32,2289460,0
UPST.US,D,20180720,000000,34.76,35.81,34.72,35.41,5209282,0
UPST.US,D,20180723,000000,35.91,36.02,34.50,35.04,3849236,0
UPST.US,D,20180723,000000,35.08,35.17,34.49,34.65,5977602,0
UPST.US,D,20180723,000000,34.87,34.94,33.69,34.30,2126007,0
UPST.US,D,20180724,000000,34.88,34.93,33.55,34.32,5724733,0
UPST.US,D,20180725,000000,34.44,34.49,33.49,33.71,3844075,0
UPST.US,D,20180726,000000,34.00,34.32,33.96,34.30,5293987,0
UPST.US,D,20180727,000000,34.72,34.73,34.72,34.72,4353485,0
UPST.US,D,20180730,000000,34.48,34.79,34.38,34.69,5209281,0
UPST.US,D,20180730,000000,35.02,35.38,33.47,33.77,5631142,0
UPST.US,D,20180730,000000,33.67,33.89,32.20,32.61,5089722,0
UPST.US,D,20180731,000000,32.53,32.67,30.46,31.07,2361920,0
UPST.US,D,20180801,000000,31.03,31.17,30.36,30.41,3450645,0
UPST.US,D,20180802,000000,30.62,31.56,30.57,31.20,3516359,0
UPST.US,D,20180803,000000,31.10,31.84,31.09,31.64,3337324,0
UPST.US,D,20180806,000000,31.84,33.59,31.78,33.58,2093521,0
UPST.US,D,20180806,000000,33.32,35.37,33.01,34.73,5446810,0
UPST.US,D,20180806,000000,34.49,34.94,33.81,34.93,3635040,0
UPST.US,D,20180807,000000,34.99,36.49,34.78,36.44,5146471,0
UPST.US,D,20180808,000000,36.80,36.82,36.64,36.72,3211885,0
UPST.US,D,20180809,000000,37.55,37.58,37.10,37.20,5115396,0
UPST.US,D,20180810,000000,37.28,37.63,36.48,36.69,2517986,0
UPST.US,D,20180813,000000,37.31,37.34,36.58,36.59,2086860,0
UPST.US,D,20180813,000000,36.76,39.62,36.62,39.15,2777679,0
UPST.US,D,20180813,000000,39.07,42.03,38.65,41.48,2486490,0
UPST.US,D,20180814,000000,40.85,41.23,39.62,40.31,5235752,0
UPST.US,D,20180815,000000,39.68,39.76,39.57,39.60,5991253,0
UPST.US,D,20180816,000000,39.63,41.38,39.22,41.16,3000439,0
UPST.US,D,20180817,000000,41.58,41.65,41.10,41.53,3955791,0
UPST.US,D,20180820,000000,41.24,41.44,39.25,40.21,2855306,0
UPST.US,D,20180820,000000,40.40,40.50,39.80,39.85,2296879,0
UPST.US,D,20180820,000000,39.81,39.92,39.76,39.91,4612655,0
UPST.US,D,20180821,000000,40.20,41.41,40.04,41.20,4860632,0
UPST.US,D,20180822,000000,40.40,40.81,40.35,40.79,2975096,0
UPST.US,D,20180823,000000,41.12,41.52,41.02,41.42,3688452,0
UPST.US,D,20180824,000000,41.02,42.37,40.97,41.83,5244614,0
UPST.US,D,20180827,000000,41.66,43.05,41.58,42.83,2422571,0
UPST.US,D,20180827,000000,43.50,44.18,43.43,44.08,2349938,0
UPST.US,D,20180827,000000,43.60,43.96,39.85,41.53,3980809,0
UPST.US,D,20180828,000000,41.06,41.47,40.86,41.46,3274507,0
UPST.US,D,20180829,000000,41.32,41.97,41.12,41.96,5128237,0
UPST.US,D,20180830,000000,41.83,41.84,40.96,41.40,5207711,0
UPST.US,D,20180831,000000,41.98,42.26,41.01,41.24,5131902,0
UPST.US,D,20180903,000000,41.34,41.60,40.14,40.20,2747511,0
UPST.US,D,20180903,000000,40.22,44.80,39.72,42.92,5435901,0
UPST.US,D,20180903,000000,43.02,43.35,42.84,43.09,4730535,0
UPST.US,D,20180904,000000,43.32,43.41,43.25,43.26,4643101,0
UPST.US,D,20180905,000000,43.17,46.04,42.80,45.33,5888313,0
UPST.US,D,20180906,000000,45.97,46.56,45.33,45.35,3513043,0
UPST.US,D,20180907,000000,45.27,45.29,44.20,44.21,2618376,0
UPST.US,D,20180910,000000,43.89,44.30,43.04,43.30,2485340,0
UPST.US,D,20180910,000000,44.00,44.29,42.60,42.62,5302726,0
UPST.US,D,20180910,000000,42.49,42.49,42.13,42.26,2296276,0
UPST.US,D,20180911,000000,41.47,41.71,41.42,41.69,5964625,0
UPST.US,D,20180912,000000,41.15,41.62,36.61,39.30,3565293,0
UPST.US,D,20180913,000000,39.94,40.13,38.38,38.50,3090003,0
UPST.US,D,20180914,000000,38.80,38.92,38.37,38.68,3110455,0
UPST.US,D,20180917,000000,38.42,42.77,38.37,40.99,5773261,0
UPST.US,D,20180917,000000,40.92,41.85,40.02,41.53,3442274,0
UPST.US,D,20180917,000000,41.88,42.32,40.90,41.01,2624749,0
UPST.US,D,20180918,000000,40.56,40.65,39.66,39.76,4149625,0
UPST.US,D,20180919,000000,39.57,42.61,38.65,41.24,4063898,0
UPST.US,D,20180920,000000,41.40,42.80,41.06,42.78,3611157,0
UPST.US,D,20180921,000000,42.63,44.01,42.54,43.83,3801188,0
UPST.US,D,20180924,000000,43.33,43.77,42.86,43.12,3570493,0
UPST.US,D,20180924,000000,43.24,43.65,41.33,42.22,2366846,0
UPST.US,D,20180924,000000,41.74,42.49,41.46,42.18,5317992,0
UPST.US,D,20180925,000000,41.79,42.98,41.60,42.74,5534282,0
UPST.US,D,20180926,000000,42.23,43.11,42.21,43.04,4017152,0
UPST.US,D,20180927,000000,42.87,43.07,42.79,43.03,4994233,0
UPST.US,D,20180928,000000,42.54,43.68,42.38,43.36,2344612,0
UPST.US,D,20181001,000000,42.70,43.42,42.63,43.10,2707128,0
UPST.US,D,20181001,000000,42.38,42.48,39.60,40.81,5187086,0
UPST.US,D,20181001,000000,41.69,42.12,39.67,40.22,3290620,0
UPST.US,D,20181002,000000,39.75,43.42,39.26,41.85,4079547,0
UPST.US,D,20181003,000000,41.54,42.39,39.39,40.23,3811971,0
UPST.US,D,20181004,000000,39.79,39.87,38.17,38.70,2630909,0
UPST.US,D,20181005,000000,38.06,40.59,37.99,39.57,3940662,0
UPST.US,D,20181008,000000,38.86,38.99,38.40,38.42,5462902,0
UPST.US,D,20181008,000000,38.28,39.45,38.06,39.36,2456172,0
UPST.US,D,20181008,000000,39.16,40.33,38.86,40.12,5156874,0
UPST.US,D,20181009,000000,39.91,40.57,39.90,40.25,3989596,0
UPST.US,D,20181010,000000,40.02,40.02,39.66,39.84,4798462,0
UPST.US,D,20181011,000000,39.21,41.71,38.46,41.16,4697538,0
UPST.US,D,20181012,000000,41.10,41.16,39.30,39.42,3468593,0
UPST.US,D,20181015,000000,39.20,39.50,37.91,38.35,5205470,0
UPST.US,D,20181015,000000,38.63,38.74,37.82,38.13,2789625,0
UPST.US,D,20181015,000000,38.69,40.37,38.45,40.00,5623616,0
UPST.US,D,20181016,000000,40.55,40.59,40.03,40.09,4620865,0
UPST.US,D,20181017,000000,39.38,39.55,39.08,39.24,3027879,0
UPST.US,D,20181018,000000,39.18,39.62,37.30,38.06,2223151,0
UPST.US,D,20181019,000000,37.76,40.89,37.21,40.71,3600215,0
UPST.US,D,20181022,000000,41.06,45.31,40.05,44.44,3844653,0
UPST.US,D,20181022,000000,44.68,45.32,43.14,43.76,2144224,0
UPST.US,D,20181022,000000,43.45,45.00,42.59,44.39,3754775,0
UPST.US,D,20181023,000000,44.50,44.54,43.94,44.03,2145990,0
UPST.US,D,20181024,000000,44.94,46.05,42.21,43.09,4712405,0
UPST.US,D,20181025,000000,43.13,43.16,42.71,42.80,4160466,0
UPST.US,D,20181026,000000,42.91,43.64,40.44,40.52,4000957,0
UPST.US,D,20181029,000000,40.87,40.94,38.43,38.66,5106233,0
UPST.US,D,20181029,000000,38.68,40.19,38.47,39.66,3726198,0
UPST.US,D,20181029,000000,39.45,40.85,39.11,40.69,4224700,0
UPST.US,D,20181030,000000,39.83,42.45,39.03,41.68,4546120,0
UPST.US,D,20181031,000000,41.45,41.76,39.01,40.01,3543094,0
UPST.US,D,20181101,000000,40.69,43.00,35.99,36.16,2386510,0
UPST.US,D,20181102,000000,35.91,36.45,35.77,36.23,3718108,0
UPST.US,D,20181105,000000,36.02,37.29,35.95,36.81,5172826,0
UPST.US,D,20181105,000000,36.95,37.00,36.09,36.59,3908950,0
UPST.US,D,20181105,000000,36.71,37.57,34.95,35.39,5318537,0
UPST.US,D,20181106,000000,34.88,36.28,34.49,35.74,2920911,0
UPST.US,D,20181107,000000,36.21,36.21,35.85,35.95,2453265,0
UPST.US,D,20181108,000000,36.75,37.12,35.29,35.61,4366757,0
UPST.US,D,20181109,000000,36.06,36.76,34.65,34.65,2026365,0
UPST.US,D,20181112,000000,34.62,34.76,32.76,33.35,3314533,0
UPST.US,D,20181112,000000,33.60,34.95,33.26,34.41,3369655,0
UPST.US,D,20181112,000000,34.25,34.48,31.97,32.06,3687296,0
UPST.US,D,20181113,000000,31.93,32.01,31.24,31.48,4785839,0
UPST.US,D,20181114,000000,31.41,31.53,28.56,29.52,5243673,0
UPST.US,D,20181115,000000,29.50,30.12,27.70,27.99,2008204,0
UPST.US,D,20181116,000000,27.72,28.64,27.63,28.50,3534347,0
UPST.US,D,20181119,000000,28.58,31.79,28.47,30.61,4712143,0
UPST.US,D,20181119,000000,31.37,32.21,28.79,29.29,5849888,0
UPST.US,D,20181119,000000,29.22,29.75,29.09,29.40,5934792,0
UPST.US,D,20181120,000000,29.39,30.23,29.24,30.22,3248791,0
UPST.US,D,20181121,000000,29.88,31.71,29.61,31.34,4399984,0
UPST.US,D,20181122,000000,31.19,31.33,30.91,31.02,4930970,0
UPST.US,D,20181123,000000,30.67,31.62,30.16,31.57,3584884,0
UPST.US,D,20181126,000000,31.11,31.32,30.64,30.67,4627795,0
UPST.US,D,20181126,000000,30.84,31.61,30.66,31.44,3484842,0
UPST.US,D,20181126,000000,30.94,31.82,30.35,31.73,4869654,0
UPST.US,D,20181127,000000,31.42,31.71,31.39,31.51,3290332,0
UPST.US,D,20181128,000000,30.68,32.05,30.26,32.03,4720602,0
UPST.US,D,20181129,000000,31.58,31.99,31.07,31.96,5437710,0
UPST.US,D,20181130,000000,32.08,32.73,30.55,30.85,4113684,0
UPST.US,D,20181203,000000,30.72,32.34,30.70,32.14,2541302,0
UPST.US,D,20181203,000000,32.74,32.91,32.08,32.40,5155942,0
UPST.US,D,20181203,000000,31.58,31.83,29.16,30.10,2283345,0
UPST.US,D,20181204,000000,29.44,29.53,29.41,29.49,3304968,0
UPST.US,D,20181205,000000,29.47,29.91,27.33,27.76,5648037,0
UPST.US,D,20181206,000000,27.34,27.42,26.14,26.56,2793249,0
UPST.US,D,20181207,000000,26.74,26.74,25.91,26.16,5846031,0
UPST.US,D,20181210,000000,27.02,27.86,26.85,27.79,5103868,0
UPST.US,D,20181210,000000,27.43,27.53,27.42,27.50,5445704,0
UPST.US,D,20181210,000000,28.54,28.74,26.80,27.14,5487240,0
UPST.US,D,20181211,000000,27.70,28.52,26.05,26.07,3855817,0
UPST.US,D,20181212,000000,25.69,26.01,25.59,25.83,5326984,0
UPST.US,D,20181213,000000,24.91,27.65,24.78,27.35,3485879,0
UPST.US,D,20181214,000000,27.09,27.23,26.37,26.63,2481442,0
UPST.US,D,20181217,000000,26.38,27.77,26.07,27.71,2228778,0
UPST.US,D,20181217,000000,27.39,27.63,27.38,27.61,3141755,0
UPST.US,D,20181217,000000,27.53,28.74,27.50,28.56,5057856,0
UPST.US,D,20181218,000000,28.02,28.02,27.94,27.99,5178887,0
UPST.US,D,20181219,000000,28.25,29.22,28.15,28.68,2603197,0
UPST.US,D,20181220,000000,28.93,29.06,28.05,28.22,3412194,0
UPST.US,D,20181221,000000,28.47,28.57,26.82,27.29,2692892,0
UPST.US,D,20181224,000000,27.73,29.55,27.62,29.39,4636417,0
UPST.US,D,20181224,000000,29.26,29.34,29.18,29.29,5776790,0
UPST.US,D,20181224,000000,29.46,29.54,28.49,28.88,4534748,0
UPST.US,D,20181225,000000,28.54,28.55,28.21,28.40,3556431,0
UPST.US,D,20181226,000000,28.04,29.63,27.92,29.24,4777401,0
UPST.US,D,20181227,000000,29.16,31.00,28.79,30.89,2600858,0
UPST.US,D,20181228,000000,30.62,31.84,30.53,31.48,5230452,0
UPST.US,D,20181231,000000,31.91,31.97,31.45,31.51,5110176,0
UPST.US,D,20181231,000000,31.38,31.76,31.34,31.61,3611039,0
UPST.US,D,20181231,000000,31.55,31.65,28.43,29.69,2240378,0
UPST.US,D,20190101,000000,29.70,30.14,28.65,28.72,4807862,0
UPST.US,D,20190102,000000,28.77,29.10,28.27,28.39,5786225,0
UPST.US,D,20190103,000000,29.06,29.23,28.22,28.39,5571359,0
UPST.US,D,20190104,000000,28.54,28.58,27.93,28.18,5851795,0
UPST.US,D,20190107,000000,28.18,28.44,27.18,27.44,4623474,0
UPST.US,D,20190107,000000,27.57,28.49,25.91,26.18,3258234,0
UPST.US,D,20190107,000000,26.47,26.76,26.31,26.72,4943793,0
UPST.US,D,20190108,000000,25.98,26.67,25.70,26.32,5438025,0
UPST.US,D,20190109,000000,26.41,26.47,26.41,26.43,5146666,0
UPST.US,D,20190110,000000,26.51,27.41,26.22,27.10,5251276,0
UPST.US,D,20190111,000000,27.08,27.17,27.00,27.03,4674189,0
UPST.US,D,20190114,000000,26.50,27.38,26.32,27.18,5288760,0
UPST.US,D,20190114,000000,26.68,27.92,26.36,27.84,2707597,0
UPST.US,D,20190114,000000,28.21,28.90,28.11,28.56,5210186,0
UPST.US,D,20190115,000000,28.37,28.84,26.84,27.18,4054758,0
UPST.US,D,20190116,000000,27.03,27.21,24.96,25.70,4433237,0
UPST.US,D,20190117,000000,26.06,26.11,24.59,25.24,2705139,0
UPST.US,D,20190118,000000,24.96,25.01,24.89,24.89,2940897,0
UPST.US,D,20190121,000000,24.23,25.15,24.10,25.08,3212828,0
UPST.US,D,20190121,000000,25.21,25.94,25.15,25.75,4558704,0
UPST.US,D,20190121,000000,25.32,25.44,25.30,25.43,4382017,0
UPST.US,D,20190122,000000,25.19,25.32,25.15,25.26,2558351,0
UPST.US,D,20190123,000000,25.00,26.12,24.83,25.84,5254114,0
UPST.US,D,20190124,000000,25.82,26.16,25.82,26.09,2814077,0
UPST.US,D,20190125,000000,26.20,26.39,23.93,24.76,2899304,0
UPST.US,D,20190128,000000,24.64,25.07,24.56,25.06,2255371,0
UPST.US,D,20190128,000000,24.64,26.07,24.49,25.81,3398338,0
UPST.US,D,20190128,000000,25.71,27.74,25.29,27.25,4760555,0
UPST.US,D,20190129,000000,27.51,30.32,27.20,29.42,3425376,0
UPST.US,D,20190130,000000,29.06,29.90,29.03,29.67,4691455,0
UPST.US,D,20190131,000000,29.93,30.75,29.69,30.67,5961585,0
UPST.US,D,20190201,000000,30.40,30.51,30.02,30.06,4938933,0
UPST.US,D,20190204,000000,30.38,30.44,30.35,30.41,5199688,0
UPST.US,D,20190204,000000,30.82,31.49,29.20,29.31,3503986,0
UPST.US,D,20190204,000000,29.67,29.75,27.48,28.03,3569552,0
UPST.US,D,20190205,000000,28.09,28.31,27.34,27.40,4920532,0
UPST.US,D,20190206,000000,27.50,27.56,27.45,27.52,2413180,0
UPST.US,D,20190207,000000,27.09,27.26,27.02,27.20,2822371,0
UPST.US,D,20190208,000000,26.66,28.92,26.48,28.91,5484182,0
UPST.US,D,20190211,000000,29.05,29.15,28.69,28.70,2654780,0
UPST.US,D,20190211,000000,28.73,28.74,28.42,28.42,5023753,0
UPST.US,D,20190211,000000,28.23,29.59,27.75,29.43,4520322,0
UPST.US,D,20190212,000000,29.73,29.80,26.70,27.78,5630520,0
UPST.US,D,20190213,000000,27.71,27.73,26.68,26.94,2499903,0
UPST.US,D,20190214,000000,26.94,27.98,26.73,27.62,4981349,0
UPST.US,D,20190215,000000,27.12,29.28,26.39,29.27,4464759,0
UPST.US,D,20190218,000000,29.23,29.65,26.90,27.59,3337746,0
UPST.US,D,20190218,000000,27.59,28.12,27.50,28.09,4895749,0
UPST.US,D,20190218,000000,28.16,28.50,26.29,26.74,3758393,0
UPST.US,D,20190219,000000,26.54,26.55,26.47,26.49,2503434,0
UPST.US,D,20190220,000000,26.35,27.13,26.16,26.98,4884050,0
UPST.US,D,20190221,000000,27.10,27.43,26.25,26.50,2793634,0
UPST.US,D,20190222,000000,26.04,26.19,25.98,26.06,2214366,0
UPST.US,D,20190225,000000,25.77,25.80,25.47,25.57,2641415,0
UPST.US,D,20190225,000000,25.48,27.69,25.43,27.44,4514189,0
UPST.US,D,20190225,000000,27.19,27.37,26.81,26.89,5929800,0
UPST.US,D,20190226,000000,26.84,27.20,26.79,27.12,2523020,0
UPST.US,D,20190227,000000,27.15,27.22,26.48,26.48,4825959,0
UPST.US,D,20190228,000000,26.96,27.26,26.92,27.22,2205962,0
UPST.US,D,20190301,000000,26.83,27.63,26.77,27.61,5757139,0
UPST.US,D,20190304,000000,27.59,28.18,27.46,28.03,2719655,0
UPST.US,D,20190304,000000,28.09,30.62,27.91,29.97,3894769,0
UPST.US,D,20190304,000000,29.70,29.76,29.35,29.66,2082115,0
UPST.US,D,20190305,000000,29.31,33.23,29.14,32.43,3462324,0
UPST.US,D,20190306,000000,32.19,33.63,31.94,33.45,2530053,0
UPST.US,D,20190307,000000,33.80,34.03,33.70,34.02,3167775,0
UPST.US,D,20190308,000000,34.17,34.99,34.15,34.83,3181997,0
UPST.US,D,20190311,000000,34.83,35.94,31.41,32.60,2296970,0
UPST.US,D,20190311,000000,32.92,33.18,32.34,32.49,5667767,0
UPST.US,D,20190311,000000,32.81,33.32,32.74,33.08,5789916,0
UPST.US,D,20190312,000000,32.68,35.11,32.13,33.71,4311643,0
UPST.US,D,20190313,000000,34.26,34.48,33.00,33.16,5151200,0
UPST.US,D,20190314,000000,32.84,33.21,32.72,32.93,4747056,0
UPST.US,D,20190315,000000,33.19,33.20,32.36,32.39,2506163,0
UPST.US,D,20190318,000000,32.42,32.64,31.45,31.64,4636412,0
UPST.US,D,20190318,000000,31.76,32.09,31.48,31.91,3211048,0
UPST.US,D,20190318,000000,31.60,31.65,31.04,31.07,2839775,0
UPST.US,D,20190319,000000,30.87,31.02,29.71,29.72,4330326,0
UPST.US,D,20190320,000000,30.23,30.87,30.08,30.46,3114903,0
UPST.US,D,20190321,000000,30.63,32.61,30.31,32.16,5531644,0
UPST.US,D,20190322,000000,32.66,33.07,31.01,31.38,5908305,0
UPST.US,D,20190325,000000,31.37,31.38,29.98,30.21,3922018,0
UPST.US,D,20190325,000000,29.83,31.57,29.68,30.63,3330064,0
UPST.US,D,20190325,000000,30.71,32.09,30.23,31.95,4210744,0
UPST.US,D,20190326,000000,31.76,31.85,31.00,31.48,2551244,0
UPST.US,D,20190327,000000,31.23,31.41,31.16,31.32,2431653,0
UPST.US,D,20190328,000000,31.55,31.62,31.07,31.14,2445609,0
UPST.US,D,20190329,000000,30.94,31.68,30.84,31.66,2097853,0
UPST.US,D,20190401,000000,31.66,34.12,31.54,33.73,5448558,0
UPST.US,D,20190401,000000,34.56,34.66,34.20,34.28,3408051,0
UPST.US,D,20190401,000000,34.69,34.86,33.66,33.74,5700686,0
UPST.US,D,20190402,000000,33.18,37.15,33.01,36.30,4763326,0
UPST.US,D,20190403,000000,35.76,37.48,35.74,36.78,3330853,0
UPST.US,D,20190404,000000,36.93,37.07,35.87,35.99,2109282,0
UPST.US,D,20190405,000000,36.25,36.82,33.13,34.27,3848482,0
UPST.US,D,20190408,000000,34.22,34.37,31.19,32.21,3299339,0
UPST.US,D,20190408,000000,31.80,32.97,31.77,32.93,3077183,0
UPST.US,D,20190408,000000,33.32,33.49,31.67,31.67,4155579,0
UPST.US,D,20190409,000000,31.03,32.10,30.62,31.65,3126178,0
UPST.US,D,20190410,000000,31.41,31.43,31.11,31.34,4260037,0
UPST.US,D,20190411,000000,31.96,32.14,30.59,30.99,4891451,0
UPST.US,D,20190412,000000,30.71,30.79,30.25,30.65,2493218,0
UPST.US,D,20190415,000000,30.37,31.75,30.37,31.39,2559952,0
UPST.US,D,20190415,000000,31.61,32.84,31.42,32.65,5163476,0
UPST.US,D,20190415,000000,33.17,33.57,32.49,32.75,3278646,0
UPST.US,D,20190416,000000,33.46,33.60,33.45,33.59,4840407,0
UPST.US,D,20190417,000000,33.56,33.67,32.84,33.32,2778661,0
UPST.US,D,20190418,000000,33.41,34.59,31.69,31.98,5387816,0
UPST.US,D,20190419,000000,31.91,32.18,30.35,31.34,2579482,0
UPST.US,D,20190422,000000,31.06,33.76,31.01,32.32,5271176,0
UPST.US,D,20190422,000000,32.17,32.39,31.10,31.22,3438049,0
UPST.US,D,20190422,000000,32.09,32.94,27.89,29.21,3426386,0
UPST.US,D,20190423,000000,29.48,29.48,26.73,27.22,3324514,0
UPST.US,D,20190424,000000,27.25,28.57,24.99,25.24,2772509,0
UPST.US,D,20190425,000000,25.16,25.17,25.08,25.11,4708904,0
UPST.US,D,20190426,000000,24.90,24.93,24.81,24.84,2086540,0
UPST.US,D,20190429,000000,25.08,25.52,24.47,24.51,5666041,0
UPST.US,D,20190429,000000,24.35,24.55,24.34,24.40,4949504,0
UPST.US,D,20190429,000000,24.51,25.02,21.71,22.85,4517217,0
UPST.US,D,20190430,000000,23.38,23.49,23.32,23.48,4985863,0
UPST.US,D,20190501,000000,22.77,24.45,22.54,24.19,5400859,0
UPST.US,D,20190502,000000,24.13,24.65,23.91,24.56,3260861,0
UPST.US,D,20190503,000000,24.98,26.17,24.52,26.01,5358863,0
UPST.US,D,20190506,000000,26.03,26.22,24.63,24.80,2486783,0
UPST.US,D,20190506,000000,24.99,25.03,24.49,24.54,4366122,0
UPST.US,D,20190506,000000,24.84,24.96,23.55,23.86,2282122,0
UPST.US,D,20190507,000000,23.71,24.85,23.68,24.67,3898049,0
UPST.US,D,20190508,000000,24.72,25.56,24.57,25.37,4228363,0
UPST.US,D,20190509,000000,25.43,25.70,23.59,23.63,3451291,0
UPST.US,D,20190510,000000,23.63,23.90,23.56,23.65,4710011,0
UPST.US,D,20190513,000000,23.79,24.88,23.57,24.62,4459390,0
UPST.US,D,20190513,000000,24.41,25.98,24.09,25.74,2052002,0
UPST.US,D,20190513,000000,25.81,26.29,25.45,26.10,5807800,0
UPST.US,D,20190514,000000,25.98,26.11,25.60,25.72,3598327,0
UPST.US,D,20190515,000000,25.58,26.05,25.54,26.01,3809012,0
UPST.US,D,20190516,000000,25.79,26.99,25.50,26.87,2430410,0
UPST.US,D,20190517,000000,26.93,27.11,26.43,26.55,3005732,0
UPST.US,D,20190520,000000,26.32,26.70,26.28,26.48,2646345,0
UPST.US,D,20190520,000000,26.69,27.07,25.72,25.72,4065956,0
UPST.US,D,20190520,000000,25.35,25.63,25.31,25.38,3640514,0
UPST.US,D,20190521,000000,25.36,26.52,25.32,26.02,5440933,0
UPST.US,D,20190522,000000,26.05,26.30,24.91,24.96,3213091,0
UPST.US,D,20190523,000000,24.80,25.08,24.46,24.64,5261186,0
UPST.US,D,20190524,000000,24.85,25.20,24.85,25.05,4717527,0
UPST.US,D,20190527,000000,24.83,24.97,22.15,23.01,4999234,0
UPST.US,D,20190527,000000,22.85,22.93,22.34,22.39,2866064,0
UPST.US,D,20190527,000000,22.46,22.47,21.60,21.73,4762323,0
UPST.US,D,20190528,000000,21.79,21.92,19.44,19.74,2945989,0
UPST.US,D,20190529,000000,19.45,19.72,18.64,18.73,2084928,0
UPST.US,D,20190530,000000,18.85,19.38,17.53,17.95,2199906,0
UPST.US,D,20190531,000000,17.90,18.24,17.80,18.10,2463452,0
UPST.US,D,20190603,000000,18.29,18.32,17.86,17.92,2229899,0
UPST.US,D,20190603,000000,18.05,18.28,17.69,17.71,3654073,0
UPST.US,D,20190603,000000,17.80,18.45,17.76,18.29,3450625,0
UPST.US,D,20190604,000000,18.20,18.31,17.55,17.69,2738612,0
UPST.US,D,20190605,000000,17.84,19.05,17.64,18.59,5686625,0
UPST.US,D,20190606,000000,18.51,19.83,18.46,19.23,5694689,0
UPST.US,D,20190607,000000,18.89,20.43,18.65,19.97,2953576,0
UPST.US,D,20190610,000000,19.49,20.54,19.27,20.30,3785824,0
UPST.US,D,20190610,000000,20.43,20.44,20.29,20.39,2411747,0
UPST.US,D,20190610,000000,20.88,21.85,20.72,21.53,3925312,0
UPST.US,D,20190611,000000,21.80,21.93,21.77,21.82,5487737,0
UPST.US,D,20190612,000000,22.09,22.49,20.41,20.77,4274792,0
UPST.US,D,20190613,000000,20.67,20.84,20.32,20.62,5185218,0
UPST.US,D,20190614,000000,20.48,20.48,19.93,20.08,3537438,0
UPST.US,D,20190617,000000,20.00,20.28,19.95,20.20,5050226,0
UPST.US,D,20190617,000000,20.30,20.44,19.36,19.52,3312901,0
UPST.US,D,20190617,000000,19.23,19.83,19.21,19.56,2461902,0
UPST.US,D,20190618,000000,19.51,19.52,19.36,19.44,3968498,0
UPST.US,D,20190619,000000,19.52,20.08,19.44,19.76,2581672,0
UPST.US,D,20190620,000000,19.78,19.85,19.75,19.80,2809563,0
UPST.US,D,20190621,000000,19.73,20.58,19.69,20.33,4411127,0
UPST.US,D,20190624,000000,20.28,20.54,20.21,20.44,2256595,0
UPST.US,D,20190624,000000,20.31,20.32,20.18,20.20,5424023,0
UPST.US,D,20190624,000000,20.03,21.15,19.87,21.08,2645866,0
UPST.US,D,20190625,000000,20.94,22.43,20.83,22.10,5301230,0
UPST.US,D,20190626,000000,21.88,22.70,21.74,22.54,2234401,0
UPST.US,D,20190627,000000,22.67,23.31,22.65,23.28,5360348,0
UPST.US,D,20190628,000000,23.47,23.61,22.84,23.09,4370429,0
UPST.US,D,20190701,000000,23.51,24.01,23.38,23.77,3379320,0
UPST.US,D,20190701,000000,23.80,23.91,22.86,23.18,2874363,0
UPST.US,D,20190701,000000,23.45,23.55,22.90,23.10,2694560,0
UPST.US,D,20190702,000000,23.23,23.47,23.20,23.47,2302986,0
UPST.US,D,20190703,000000,23.60,23.77,23.52,23.71,5788341,0
UPST.US,D,20190704,000000,23.70,23.74,23.59,23.63,4833750,0
UPST.US,D,20190705,000000,23.72,24.11,23.70,24.00,5882349,0
UPST.US,D,20190708,000000,23.43,25.51,22.97,24.68,3286671,0
UPST.US,D,20190708,000000,25.11,25.53,23.47,23.80,2452153,0
UPST.US,D,20190708,000000,23.77,23.79,23.28,23.41,3045467,0
UPST.US,D,20190709,000000,23.62,23.67,23.61,23.65,3447059,0
UPST.US,D,20190710,000000,23.68,23.71,23.46,23.49,5747974,0
UPST.US,D,20190711,000000,23.50,24.63,23.20,24.13,5459686,0
UPST.US,D,20190712,000000,24.04,24.11,22.99,23.35,3358187,0
UPST.US,D,20190715,000000,23.34,23.99,23.27,23.74,4617296,0
UPST.US,D,20190715,000000,23.63,23.68,23.56,23.65,3929683,0
UPST.US,D,20190715,000000,23.65,23.67,23.51,23.64,5199579,0
UPST.US,D,20190716,000000,23.71,23.76,23.69,23.70,3802687,0
UPST.US,D,20190717,000000,23.69,24.04,23.67,23.96,4693421,0
UPST.US,D,20190718,000000,23.95,23.95,23.81,23.84,4690001,0
UPST.US,D,20190719,000000,23.91,24.71,23.90,24.52,2354239,0
UPST.US,D,20190722,000000,24.54,24.81,24.43,24.79,2978599,0
UPST.US,D,20190722,000000,24.74,25.38,24.47,24.96,6891384,0
UPST.US,D,20190722,000000,24.39,25.78,24.34,25.40,8007641,0
UPST.US,D,20190723,000000,25.08,25.97,24.89,25.81,6131682,0
UPST.US,D,20190724,000000,25.29,26.37,24.87,26.34,6807231,0
UPST.US,D,20190725,000000,26.51,27.03,26.28,26.90,5048460,0
UPST.US,D,20190726,000000,26.62,27.91,26.26,27.67,8969877,0
UPST.US,D,20190729,000000,27.25,28.20,26.84,28.08,12469548,0
UPST.US,D,20190729,000000,27.74,29.05,27.23,28.82,8367659,0
UPST.US,D,20190729,000000,28.78,29.98,28.77,29.63,5158505,0
UPST.US,D,20190730,000000,28.97,30.50,28.85,30.35,13238324,0
UPST.US,D,20190731,000000,30.41,31.16,30.23,31.11,9186855,0
UPST.US,D,20190801,000000,31.86,31.88,31.85,31.87,12432723,0
UPST.US,D,20190802,000000,31.83,33.29,31.81,32.92,13322377,0
UPST.US,D,20190805,000000,33.40,33.97,33.23,33.92,8317878,0
UPST.US,D,20190805,000000,33.75,35.82,33.10,35.41,14866409,0
UPST.US,D,20190805,000000,35.44,36.69,35.20,36.38,7541246,0
UPST.US,D,20190806,000000,36.73,38.91,36.62,37.68,11854700,0
UPST.US,D,20190807,000000,37.66,40.33,37.31,40.08,5009318,0
UPST.US,D,20190808,000000,39.41,39.45,38.94,38.94,5181453,0
UPST.US,D,20190809,000000,38.97,39.77,38.90,39.72,3305750,0
UPST.US,D,20190812,000000,40.29,44.66,39.01,44.17,5082958,0
UPST.US,D,20190812,000000,44.30,44.65,42.02,42.81,4660885,0
UPST.US,D,20190812,000000,41.88,45.54,41.19,44.25,3789320,0
UPST.US,D,20190813,000000,42.92,46.34,42.88,44.58,5191962,0
UPST.US,D,20190814,000000,44.40,49.25,43.47,48.27,5137846,0
UPST.US,D,20190815,000000,49.06,50.13,46.96,47.20,5349121,0
UPST.US,D,20190816,000000,46.84,52.09,46.27,50.25,5764102,0
UPST.US,D,20190819,000000,50.23,50.48,49.36,50.07,2900930,0
UPST.US,D,20190819,000000,50.74,53.47,50.23,52.21,4229680,0
UPST.US,D,20190819,000000,52.51,52.78,46.88,47.25,5781438,0
UPST.US,D,20190820,000000,47.59,48.06,47.57,48.05,3591695,0
UPST.US,D,20190821,000000,48.08,48.94,47.87,48.54,4524768,0
UPST.US,D,20190822,000000,48.98,52.18,48.71,51.04,4249328,0
UPST.US,D,20190823,000000,50.24,54.04,49.98,52.57,3481641,0
UPST.US,D,20190826,000000,51.77,55.64,51.53,54.78,2046756,0
UPST.US,D,20190826,000000,54.93,55.58,52.35,52.88,5058700,0
UPST.US,D,20190826,000000,51.85,52.53,51.78,52.41,5758412,0
UPST.US,D,20190827,000000,50.66,52.66,50.63,52.38,5326948,0
UPST.US,D,20190828,000000,51.44,52.82,51.29,51.60,4856063,0
UPST.US,D,20190829,000000,51.73,52.41,44.80,46.83,2158138,0
UPST.US,D,20190830,000000,47.08,47.12,44.85,45.28,5960604,0
UPST.US,D,20190902,000000,45.38,48.03,45.13,47.26,4754560,0
UPST.US,D,20190902,000000,47.07,47.80,44.66,44.87,4243453,0
UPST.US,D,20190902,000000,45.24,46.70,40.21,41.65,3299715,0
UPST.US,D,20190903,000000,41.37,44.37,41.19,43.15,5375779,0
UPST.US,D,20190904,000000,44.23,44.23,40.72,40.83,2308385,0
UPST.US,D,20190905,000000,40.54,46.17,40.41,44.82,3192474,0
UPST.US,D,20190906,000000,43.90,48.60,43.49,47.07,3030271,0
UPST.US,D,20190909,000000,46.29,49.88,45.19,49.71,5190713,0
UPST.US,D,20190909,000000,50.58,50.81,50.23,50.32,5916455,0
UPST.US,D,20190909,000000,49.72,49.89,49.25,49.27,5984033,0
UPST.US,D,20190910,000000,49.68,50.95,42.88,45.66,2863247,0
UPST.US,D,20190911,000000,45.74,47.41,45.43,46.21,5123338,0
UPST.US,D,20190912,000000,46.00,48.04,45.97,47.83,2400535,0
UPST.US,D,20190913,000000,47.41,49.25,47.08,48.75,3429542,0
UPST.US,D,20190916,000000,48.78,50.63,48.78,50.56,5744242,0
UPST.US,D,20190916,000000,49.67,52.26,49.34,51.43,5650909,0
UPST.US,D,20190916,000000,52.07,52.32,50.27,50.80,2695118,0
UPST.US,D,20190917,000000,51.18,51.43,50.79,50.82,3503068,0
UPST.US,D,20190918,000000,51.49,52.20,51.48,51.91,5982514,0
UPST.US,D,20190919,000000,52.06,56.13,50.57,55.85,3241916,0
UPST.US,D,20190920,000000,56.11,59.87,56.01,58.84,3602178,0
UPST.US,D,20190923,000000,59.04,59.78,58.95,59.49,5295612,0
UPST.US,D,20190923,000000,59.11,59.19,58.37,58.38,2229158,0
UPST.US,D,20190923,000000,58.80,63.84,58.68,62.99,2760260,0
UPST.US,D,20190924,000000,62.53,67.11,61.65,65.95,3677498,0
UPST.US,D,20190925,000000,66.89,69.53,62.20,62.24,2363472,0
UPST.US,D,20190926,000000,62.07,62.73,58.94,60.76,4906023,0
UPST.US,D,20190927,000000,61.51,62.02,59.82,60.77,3545946,0
UPST.US,D,20190930,000000,60.42,60.46,59.65,59.87,4944265,0
UPST.US,D,20190930,000000,59.72,59.76,57.59,58.42,3202491,0
UPST.US,D,20190930,000000,57.93,58.10,56.41,56.74,5027068,0
UPST.US,D,20191001,000000,56.00,58.07,55.44,57.75,4772448,0
UPST.US,D,20191002,000000,57.75,57.81,57.22,57.64,5490303,0
UPST.US,D,20191003,000000,58.52,58.56,58.36,58.37,5809610,0
UPST.US,D,20191004,000000,57.52,57.87,50.27,52.38,3210711,0
UPST.US,D,20191007,000000,52.68,55.56,51.55,55.52,4056215,0
UPST.US,D,20191007,000000,55.60,59.16,55.11,58.32,3980806,0
UPST.US,D,20191007,000000,59.38,60.15,56.86,57.09,5230968,0
UPST.US,D,20191008,000000,57.40,58.03,52.19,52.75,3653221,0
UPST.US,D,20191009,000000,52.61,54.08,44.90,48.37,2774369,0
UPST.US,D,20191010,000000,48.37,48.63,47.71,47.86,3727935,0
UPST.US,D,20191011,000000,47.66,55.51,46.14,51.65,5165023,0
UPST.US,D,20191014,000000,51.57,54.98,51.36,54.46,2537745,0
UPST.US,D,20191014,000000,54.23,55.26,52.65,53.02,4492553,0
UPST.US,D,20191014,000000,54.15,55.05,53.89,54.87,5972984,0
UPST.US,D,20191015,000000,54.60,59.36,53.70,59.22,2499119,0
UPST.US,D,20191016,000000,58.83,60.51,58.32,60.01,3298363,0
UPST.US,D,20191017,000000,60.67,61.00,54.48,56.05,2502309,0
UPST.US,D,20191018,000000,56.33,56.75,56.03,56.36,5822304,0
UPST.US,D,20191021,000000,55.90,55.94,54.81,55.22,4951736,0
UPST.US,D,20191021,000000,54.63,55.62,52.58,53.13,4735294,0
UPST.US,D,20191021,000000,52.63,53.29,50.55,50.83,4873452,0
UPST.US,D,20191022,000000,49.34,50.23,49.27,49.77,2380826,0
UPST.US,D,20191023,000000,49.79,50.21,49.69,49.94,5226743,0
UPST.US,D,20191024,000000,49.63,53.17,49.02,51.77,2028582,0
UPST.US,D,20191025,000000,51.56,52.40,51.45,52.39,2404151,0
UPST.US,D,20191028,000000,51.78,57.47,49.67,56.12,5517333,0
UPST.US,D,20191028,000000,56.40,61.49,56.40,60.16,4271003,0
UPST.US,D,20191028,000000,58.53,62.04,57.42,60.25,3145198,0
UPST.US,D,20191029,000000,62.34,63.38,62.30,63.00,3369163,0
UPST.US,D,20191030,000000,62.47,64.77,62.44,63.57,4599272,0
UPST.US,D,20191031,000000,63.38,63.81,60.15,62.24,2624972,0
UPST.US,D,20191101,000000,61.19,62.83,60.87,62.24,5606001,0
UPST.US,D,20191104,000000,63.31,68.10,61.64,67.52,3695541,0
UPST.US,D,20191104,000000,66.04,69.71,65.52,68.62,2616029,0
UPST.US,D,20191104,000000,69.08,69.08,68.02,68.04,4705161,0
UPST.US,D,20191105,000000,68.82,75.02,68.03,73.49,3674387,0
UPST.US,D,20191106,000000,75.79,79.69,68.84,70.67,2129595,0
UPST.US,D,20191107,000000,71.59,72.70,71.30,72.50,5908617,0
UPST.US,D,20191108,000000,74.33,75.92,65.19,69.34,3255219,0
UPST.US,D,20191111,000000,69.65,69.77,64.81,65.30,5574033,0
UPST.US,D,20191111,000000,65.23,65.42,63.77,64.05,5782374,0
UPST.US,D,20191111,000000,63.66,64.68,63.59,64.49,3135870,0
UPST.US,D,20191112,000000,65.51,65.56,63.95,65.29,2209037,0
UPST.US,D,20191113,000000,63.03,70.42,60.76,70.36,4234590,0
UPST.US,D,20191114,000000,70.31,77.99,69.74,76.00,2966459,0
UPST.US,D,20191115,000000,76.83,89.21,74.55,86.67,3394975,0
UPST.US,D,20191118,000000,89.35,90.61,81.41,83.80,3459821,0
UPST.US,D,20191118,000000,84.92,85.87,84.34,85.46,2032725,0
UPST.US,D,20191118,000000,87.66,88.96,72.40,77.97,3371632,0
UPST.US,D,20191119,000000,76.14,81.94,74.81,79.84,5358463,0
UPST.US,D,20191120,000000,80.21,83.16,79.75,81.66,2188719,0
UPST.US,D,20191121,000000,83.84,84.75,75.24,77.52,5583476,0
UPST.US,D,20191122,000000,77.31,83.93,76.76,80.48,2848478,0
UPST.US,D,20191125,000000,79.42,79.73,73.29,76.02,4377462,0
UPST.US,D,20191125,000000,75.65,75.69,75.51,75.57,5537495,0
UPST.US,D,20191125,000000,77.92,80.67,66.49,67.90,5939697,0
UPST.US,D,20191126,000000,66.50,70.68,64.86,70.34,3567482,0
UPST.US,D,20191127,000000,70.15,81.42,68.17,81.10,4863168,0
UPST.US,D,20191128,000000,79.22,83.97,76.27,83.01,2605993,0
UPST.US,D,20191129,000000,84.27,89.00,69.62,73.35,5801498,0
UPST.US,D,20191202,000000,75.25,76.71,74.87,76.54,4114835,0
UPST.US,D,20191202,000000,79.76,80.61,74.88,77.61,6490098,0
UPST.US,D,20191202,000000,77.35,78.60,77.26,78.21,6592633,0
UPST.US,D,20191203,000000,81.08,81.65,79.46,79.96,5049940,0
UPST.US,D,20191204,000000,80.30,80.76,80.07,80.74,10028865,0
UPST.US,D,20191205,000000,79.27,85.05,77.06,82.21,8682865,0
UPST.US,D,20191206,000000,82.24,84.97,81.67,84.31,4337121,0
UPST.US,D,20191209,000000,84.05,87.98,83.17,85.99,10037707,0
UPST.US,D,20191209,000000,86.34,88.29,86.17,87.58,6197625,0
UPST.US,D,20191209,000000,86.97,90.32,85.89,90.15,9861185,0
UPST.US,D,20191210,000000,91.06,92.63,90.89,92.43,11466431,0
UPST.US,D,20191211,000000,94.17,95.11,93.92,95.09,10056964,0
UPST.US,D,20191212,000000,93.15,96.18,93.11,96.16,12406273,0
UPST.US,D,20191213,000000,96.04,100.27,95.48,98.53,12151039,0
UPST.US,D,20191216,000000,96.18,102.16,95.61,101.29,11709439,0
UPST.US,D,20191216,000000,100.83,104.61,100.73,103.66,6282480,0
UPST.US,D,20191216,000000,105.32,107.06,104.93,107.03,7636022,0
UPST.US,D,20191217,000000,106.10,112.71,105.58,109.64,10429253,0
UPST.US,D,20191218,000000,111.31,111.91,111.17,111.78,5888081,0
UPST.US,D,20191219,000000,105.76,121.00,105.12,115.94,16699579,0
UPST.US,D,20191220,000000,116.59,120.38,115.71,119.25,13287032,0
UPST.US,D,20191223,000000,122.81,122.88,121.87,122.68,7713647,0
UPST.US,D,20191223,000000,123.02,127.43,120.33,126.39,14872173,0
UPST.US,D,20191223,000000,127.43,132.97,126.64,130.86,11531884,0
UPST.US,D,20191224,000000,129.00,137.27,128.77,134.21,15936960,0
UPST.US,D,20191225,000000,138.47,139.40,138.03,138.90,13566589,0
UPST.US,D,20191226,000000,136.29,148.15,132.55,142.51,17674333,0
UPST.US,D,20191227,000000,144.76,148.65,144.30,147.08,13123542,0
UPST.US,D,20191230,000000,142.10,159.00,138.86,151.95,16634589,0
UPST.US,D,20191230,000000,152.98,157.78,152.44,157.45,16254638,0
UPST.US,D,20191230,000000,161.27,173.43,156.43,167.01,2591856,0
UPST.US,D,20191231,000000,168.68,168.79,167.31,168.08,3242619,0
UPST.US,D,20200101,000000,170.89,171.45,158.11,158.92,3877142,0
UPST.US,D,20200102,000000,160.01,163.43,152.21,154.05,3740693,0
UPST.US,D,20200103,000000,156.07,156.15,151.70,153.73,4584224,0
UPST.US,D,20200106,000000,155.24,156.25,126.64,136.22,4516805,0
UPST.US,D,20200106,000000,136.91,146.95,136.06,145.17,2288521,0
UPST.US,D,20200106,000000,147.52,149.30,143.11,144.54,2636481,0
UPST.US,D,20200107,000000,146.17,146.76,144.88,145.99,5943207,0
UPST.US,D,20200108,000000,142.46,160.36,139.77,154.83,4818184,0
UPST.US,D,20200109,000000,159.10,159.96,120.48,123.14,2302403,0
UPST.US,D,20200110,000000,122.50,122.51,112.22,116.76,5751160,0
UPST.US,D,20200113,000000,117.40,121.44,116.07,119.53,4034742,0
UPST.US,D,20200113,000000,118.35,123.96,117.77,123.82,2993265,0
UPST.US,D,20200113,000000,124.16,138.73,122.32,137.79,3498134,0
UPST.US,D,20200114,000000,137.77,142.46,134.79,141.04,5193826,0
UPST.US,D,20200115,000000,141.23,161.90,138.67,154.03,4067994,0
UPST.US,D,20200116,000000,150.56,163.29,150.12,159.37,5177987,0
UPST.US,D,20200117,000000,157.61,161.00,138.41,140.71,4432916,0
UPST.US,D,20200120,000000,136.41,145.83,134.36,144.91,3438925,0
UPST.US,D,20200120,000000,139.98,142.09,139.71,140.67,4053490,0
UPST.US,D,20200120,000000,139.18,150.29,139.16,148.83,5096320,0
UPST.US,D,20200121,000000,148.87,156.14,148.66,153.74,4486490,0
UPST.US,D,20200122,000000,153.92,155.38,144.34,145.45,3036051,0
UPST.US,D,20200123,000000,145.38,152.27,143.25,151.61,2258362,0
UPST.US,D,20200124,000000,145.12,171.02,142.24,170.92,5733488,0
UPST.US,D,20200127,000000,175.24,175.89,167.21,171.12,2919334,0
UPST.US,D,20200127,000000,179.47,201.55,177.77,190.73,4163829,0
UPST.US,D,20200127,000000,190.88,195.46,157.90,164.04,2829158,0
UPST.US,D,20200128,000000,160.75,164.68,153.77,156.38,5718838,0
UPST.US,D,20200129,000000,151.96,178.03,148.20,170.81,5999925,0
UPST.US,D,20200130,000000,170.37,172.27,157.67,158.42,4868079,0
UPST.US,D,20200131,000000,154.86,161.14,152.21,159.66,5784694,0
UPST.US,D,20200203,000000,158.52,159.75,145.33,150.19,4908051,0
UPST.US,D,20200203,000000,147.83,171.92,146.83,167.84,2173818,0
UPST.US,D,20200203,000000,163.26,164.45,151.41,155.90,2080326,0
UPST.US,D,20200204,000000,156.29,177.81,156.06,176.60,3793956,0
UPST.US,D,20200205,000000,172.89,173.43,169.34,171.31,5995156,0
UPST.US,D,20200206,000000,174.22,178.10,165.88,167.53,5960064,0
UPST.US,D,20200207,000000,168.09,180.75,164.71,180.70,5575722,0
UPST.US,D,20200210,000000,183.57,184.60,161.72,168.72,2639889,0
UPST.US,D,20200210,000000,174.62,177.41,155.02,155.84,4903328,0
UPST.US,D,20200210,000000,157.55,159.47,143.60,149.33,4744937,0
UPST.US,D,20200211,000000,150.49,163.46,147.26,159.02,3039536,0
UPST.US,D,20200212,000000,157.61,159.76,156.79,158.26,2869655,0
UPST.US,D,20200213,000000,159.93,160.10,159.60,159.63,4941085,0
UPST.US,D,20200214,000000,162.45,166.33,158.43,159.48,2810891,0
UPST.US,D,20200217,000000,161.90,162.05,153.40,156.48,2263502,0
UPST.US,D,20200217,000000,155.93,163.16,155.48,161.36,2199584,0
UPST.US,D,20200217,000000,162.83,179.28,161.01,177.89,5927370,0
UPST.US,D,20200218,000000,177.54,179.04,165.22,168.60,4890807,0
UPST.US,D,20200219,000000,166.46,167.01,155.47,156.44,3190035,0
UPST.US,D,20200220,000000,157.48,178.24,156.90,170.16,3036094,0
UPST.US,D,20200221,000000,167.19,167.73,167.12,167.41,5687394,0
UPST.US,D,20200224,000000,169.14,169.18,163.29,168.22,3349138,0
UPST.US,D,20200224,000000,163.44,173.47,159.61,170.26,3678818,0
UPST.US,D,20200224,000000,167.06,168.13,156.53,159.25,3553377,0
UPST.US,D,20200225,000000,162.81,171.28,143.98,146.85,2775967,0
UPST.US,D,20200226,000000,143.78,150.26,142.94,148.06,3831336,0
UPST.US,D,20200227,000000,147.39,147.80,146.64,146.81,2301428,0
UPST.US,D,20200228,000000,145.00,151.87,144.28,150.32,3650109,0
UPST.US,D,20200302,000000,145.27,158.50,140.53,157.02,4711313,0
UPST.US,D,20200302,000000,160.27,162.27,149.00,149.48,2733320,0
UPST.US,D,20200302,000000,149.63,150.05,148.79,149.22,5466351,0
UPST.US,D,20200303,000000,144.35,144.58,141.58,142.77,3216653,0
UPST.US,D,20200304,000000,143.43,146.02,143.12,144.44,5539124,0
UPST.US,D,20200305,000000,144.53,150.40,142.15,149.16,2760738,0
UPST.US,D,20200306,000000,149.81,151.07,141.58,142.54,5142627,0
UPST.US,D,20200309,000000,140.89,142.27,140.40,141.69,5172551,0
UPST.US,D,20200309,000000,143.22,143.89,141.63,141.66,3286749,0
UPST.US,D,20200309,000000,142.54,143.56,140.73,141.82,2782193,0
UPST.US,D,20200310,000000,144.17,157.30,141.48,153.52,3435873,0
UPST.US,D,20200311,000000,151.80,167.51,148.11,164.92,5287154,0
UPST.US,D,20200312,000000,164.92,176.28,164.19,173.90,3663631,0
UPST.US,D,20200313,000000,175.82,189.81,174.03,185.73,4894855,0
UPST.US,D,20200316,000000,181.77,183.24,169.16,172.54,4378481,0
UPST.US,D,20200316,000000,175.91,177.77,175.18,177.02,5390884,0
UPST.US,D,20200316,000000,178.89,194.54,176.68,189.89,5450790,0
UPST.US,D,20200317,000000,191.15,195.65,177.85,180.05,3043282,0
UPST.US,D,20200318,000000,183.20,190.47,181.72,189.02,5874927,0
UPST.US,D,20200319,000000,191.49,194.45,171.57,175.21,5539512,0
UPST.US,D,20200320,000000,175.74,178.02,172.55,174.22,4240354,0
UPST.US,D,20200323,000000,173.87,195.69,173.81,189.76,2003024,0
UPST.US,D,20200323,000000,191.65,193.06,185.22,185.95,2070523,0
UPST.US,D,20200323,000000,185.89,187.11,181.90,182.16,4213220,0
UPST.US,D,20200324,000000,186.80,190.05,176.15,179.07,3928403,0
UPST.US,D,20200325,000000,178.89,180.96,165.31,167.22,4861900,0
UPST.US,D,20200326,000000,166.23,169.97,165.09,169.41,2070935,0
UPST.US,D,20200327,000000,170.88,174.84,166.40,167.33,2544230,0
UPST.US,D,20200330,000000,168.19,168.97,165.69,166.85,4436225,0
UPST.US,D,20200330,000000,166.02,172.99,163.99,172.56,4009086,0
UPST.US,D,20200330,000000,180.22,180.63,165.11,166.27,3755330,0
UPST.US,D,20200331,000000,165.14,171.61,160.34,163.18,3239877,0
UPST.US,D,20200401,000000,159.37,159.92,156.54,157.16,5826110,0
UPST.US,D,20200402,000000,155.45,158.84,152.47,158.60,5466508,0
UPST.US,D,20200403,000000,160.06,174.49,158.43,166.40,3782597,0
UPST.US,D,20200406,000000,164.86,173.39,161.41,170.12,3620497,0
UPST.US,D,20200406,000000,168.65,171.62,158.90,163.62,5500986,0
UPST.US,D,20200406,000000,163.41,164.26,156.94,159.30,4214512,0
UPST.US,D,20200407,000000,158.14,159.74,135.60,147.70,5828376,0
UPST.US,D,20200408,000000,147.35,156.42,143.63,154.62,3239984,0
UPST.US,D,20200409,000000,156.78,156.90,152.60,155.54,5252621,0
UPST.US,D,20200410,000000,154.98,165.61,154.01,159.88,3288359,0
UPST.US,D,20200413,000000,163.67,184.58,161.13,176.11,5307019,0
UPST.US,D,20200413,000000,175.62,192.97,171.31,185.30,4103526,0
UPST.US,D,20200413,000000,185.27,191.59,184.82,189.39,5226985,0
UPST.US,D,20200414,000000,189.52,206.03,187.25,200.57,3049938,0
UPST.US,D,20200415,000000,203.45,206.26,194.05,194.52,2347896,0
UPST.US,D,20200416,000000,198.26,198.63,196.23,196.58,5755150,0
UPST.US,D,20200417,000000,194.56,213.79,190.89,211.00,3586916,0
UPST.US,D,20200420,000000,209.49,226.55,208.20,225.81,3602002,0
UPST.US,D,20200420,000000,229.85,233.12,229.12,232.65,5069754,0
UPST.US,D,20200420,000000,231.13,240.37,227.13,236.56,2951476,0
UPST.US,D,20200421,000000,239.55,239.59,232.78,233.85,5579318,0
UPST.US,D,20200422,000000,229.98,237.15,225.91,236.67,4172752,0
UPST.US,D,20200423,000000,233.87,234.29,220.03,221.55,5848780,0
UPST.US,D,20200424,000000,218.74,227.36,215.92,226.84,3350250,0
UPST.US,D,20200427,000000,228.81,234.81,228.10,234.49,5548420,0
UPST.US,D,20200427,000000,237.60,253.51,231.99,253.17,2724185,0
UPST.US,D,20200427,000000,253.73,258.74,247.19,258.37,5117216,0
UPST.US,D,20200428,000000,259.08,266.43,258.48,264.62,3976085,0
UPST.US,D,20200429,000000,257.60,277.61,255.02,270.31,3231087,0
UPST.US,D,20200430,000000,271.64,277.47,269.93,274.56,8804836,0
UPST.US,D,20200501,000000,276.43,285.71,274.05,282.17,4255943,0
UPST.US,D,20200504,000000,280.95,290.42,276.52,287.32,9181513,0
UPST.US,D,20200504,000000,288.30,296.19,286.82,293.64,6225323,0
UPST.US,D,20200504,000000,298.71,301.95,298.31,299.88,4909527,0
UPST.US,D,20200505,000000,296.78,311.09,294.91,305.81,5542522,0
UPST.US,D,20200506,000000,307.78,309.64,307.60,309.34,9128471,0
UPST.US,D,20200507,000000,309.14,319.79,306.63,315.98,8721180,0
UPST.US,D,20200508,000000,319.54,324.76,317.59,322.07,8100571,0
UPST.US,D,20200511,000000,317.85,330.39,313.59,329.10,8488031,0
UPST.US,D,20200511,000000,330.17,339.28,328.00,337.68,10243533,0
UPST.US,D,20200511,000000,331.53,348.47,325.45,343.46,7862662,0
UPST.US,D,20200512,000000,348.39,354.99,346.48,353.86,11327425,0
UPST.US,D,20200513,000000,354.98,363.09,354.06,361.69,13844988,0
UPST.US,D,20200514,000000,366.18,372.94,363.24,372.49,10261420,0
UPST.US,D,20200515,000000,375.13,399.87,373.29,385.98,9477249,0
UPST.US,D,20200518,000000,383.00,398.48,380.95,394.65,5843907,0
UPST.US,D,20200518,000000,397.71,407.71,397.57,404.81,8912773,0
UPST.US,D,20200518,000000,406.60,413.57,405.07,413.45,9735645,0
UPST.US,D,20200519,000000,406.76,424.68,399.55,423.00,7002279,0
UPST.US,D,20200520,000000,420.03,440.00,419.37,438.65,6766671,0
UPST.US,D,20200521,000000,448.51,459.20,443.22,452.04,5506955,0
UPST.US,D,20200522,000000,456.18,464.66,456.07,460.05,8989103,0
UPST.US,D,20200525,000000,455.51,488.81,449.82,474.08,11555639,0
UPST.US,D,20200525,000000,475.32,492.01,474.97,488.91,6156203,0
UPST.US,D,20200525,000000,488.32,517.24,480.61,503.21,16097913,0
UPST.US,D,20200526,000000,507.07,519.55,506.14,519.44,10681291,0
UPST.US,D,20200527,000000,514.07,541.04,509.35,535.33,13048793,0
UPST.US,D,20200528,000000,532.60,551.99,530.09,551.82,15740941,0
UPST.US,D,20200529,000000,548.36,573.79,542.50,570.72,7440390,0
UPST.US,D,20200601,000000,569.59,588.85,567.78,588.55,6624086,0
UPST.US,D,20200601,000000,587.64,613.60,581.85,609.13,6491452,0
UPST.US,D,20200601,000000,600.47,637.17,596.28,627.73,18609565,0
UPST.US,D,20200602,000000,609.81,652.74,597.97,649.44,11164448,0
UPST.US,D,20200603,000000,643.92,691.20,630.76,671.59,20129708,0
UPST.US,D,20200604,000000,655.19,702.89,647.16,695.81,16989816,0
UPST.US,D,20200605,000000,690.64,718.48,666.40,713.28,18397976,0
UPST.US,D,20200608,000000,731.90,733.58,674.49,700.42,2420132,0
UPST.US,D,20200608,000000,690.50,695.26,630.63,659.10,5753359,0
UPST.US,D,20200608,000000,661.06,669.62,630.94,638.79,2108004,0
UPST.US,D,20200609,000000,639.18,641.66,624.48,628.71,2711142,0
UPST.US,D,20200610,000000,639.59,648.23,597.54,610.98,4005199,0
UPST.US,D,20200611,000000,608.95,610.77,575.80,579.09,5582894,0
UPST.US,D,20200612,000000,588.57,589.03,587.14,587.46,3244537,0
UPST.US,D,20200615,000000,577.57,629.79,569.13,615.27,2588788,0
UPST.US,D,20200615,000000,626.49,631.13,623.73,624.84,3720246,0
UPST.US,D,20200615,000000,635.41,643.40,633.64,637.80,5583594,0
UPST.US,D,20200616,000000,631.68,641.07,631.32,634.35,2762104,0
UPST.US,D,20200617,000000,640.51,702.51,638.93,692.52,2523096,0
UPST.US,D,20200618,000000,668.76,670.78,658.54,660.98,3303337,0
UPST.US,D,20200619,000000,664.36,666.61,650.75,659.17,4853689,0
UPST.US,D,20200622,000000,659.21,744.42,658.50,724.53,3397854,0
UPST.US,D,20200622,000000,708.89,716.02,694.64,697.63,3083010,0
UPST.US,D,20200622,000000,694.63,705.16,616.58,649.37,4350405,0
UPST.US,D,20200623,000000,638.25,670.89,635.51,669.96,5459913,0
UPST.US,D,20200624,000000,656.78,672.36,653.49,666.98,4359235,0
UPST.US,D,20200625,000000,684.97,690.72,681.42,685.12,4354802,0
UPST.US,D,20200626,000000,690.33,698.25,656.01,662.25,5631076,0
UPST.US,D,20200629,000000,657.71,750.22,635.74,738.59,4689595,0
UPST.US,D,20200629,000000,772.78,778.28,681.38,687.42,5720364,0
UPST.US,D,20200629,000000,675.54,722.39,670.18,712.01,4032695,0
UPST.US,D,20200630,000000,707.65,718.49,597.33,613.21,5781656,0
UPST.US,D,20200701,000000,610.33,610.57,517.35,562.06,4232873,0
UPST.US,D,20200702,000000,550.68,554.57,550.55,552.92,4395803,0
UPST.US,D,20200703,000000,553.01,558.33,532.09,535.30,2574943,0
UPST.US,D,20200706,000000,523.99,550.67,523.72,537.55,4052390,0
UPST.US,D,20200706,000000,545.82,552.12,505.66,512.32,3843810,0
UPST.US,D,20200706,000000,500.74,556.14,490.09,542.85,2126198,0
UPST.US,D,20200707,000000,554.11,556.86,532.28,533.60,3812555,0
UPST.US,D,20200708,000000,524.24,531.59,518.27,531.30,2090565,0
UPST.US,D,20200709,000000,543.05,543.23,542.22,543.15,2476350,0
UPST.US,D,20200710,000000,547.74,554.24,468.04,488.28,5421527,0
UPST.US,D,20200713,000000,498.14,519.16,430.28,450.85,5973171,0
UPST.US,D,20200713,000000,452.67,458.64,449.32,449.36,4500367,0
UPST.US,D,20200713,000000,455.18,477.58,449.81,472.83,5286404,0
UPST.US,D,20200714,000000,466.38,478.25,464.29,473.37,2275014,0
UPST.US,D,20200715,000000,490.96,517.24,423.53,430.56,3305728,0
UPST.US,D,20200716,000000,448.98,465.69,446.65,463.96,2597409,0
UPST.US,D,20200717,000000,464.87,500.55,464.10,494.88,2399386,0
UPST.US,D,20200720,000000,494.90,505.33,475.34,481.34,4370001,0
UPST.US,D,20200720,000000,478.27,511.51,442.71,444.23,5384480,0
UPST.US,D,20200720,000000,448.55,497.79,439.34,493.51,3726002,0
UPST.US,D,20200721,000000,494.13,531.26,489.66,507.07,4073127,0
UPST.US,D,20200722,000000,500.55,517.32,498.04,504.82,3231124,0
UPST.US,D,20200723,000000,508.96,577.34,502.76,561.57,4402965,0
UPST.US,D,20200724,000000,554.06,612.54,551.95,610.65,3154482,0
UPST.US,D,20200727,000000,566.54,594.34,559.88,587.81,3865971,0
UPST.US,D,20200727,000000,597.92,598.52,589.21,597.25,3642340,0
UPST.US,D,20200727,000000,589.39,625.84,588.73,608.36,5349259,0
UPST.US,D,20200728,000000,586.75,592.97,570.44,575.99,4996275,0
UPST.US,D,20200729,000000,560.90,562.48,542.44,546.86,2902144,0
UPST.US,D,20200730,000000,541.49,628.19,541.37,606.45,2219024,0
UPST.US,D,20200731,000000,596.58,599.43,546.78,553.18,4725160,0
UPST.US,D,20200803,000000,578.78,609.18,576.39,600.56,4859936,0
UPST.US,D,20200803,000000,587.01,600.57,585.57,596.71,3343532,0
UPST.US,D,20200803,000000,600.42,612.43,566.90,571.72,5502535,0
UPST.US,D,20200804,000000,564.50,569.14,563.01,567.47,3303996,0
UPST.US,D,20200805,000000,555.75,557.84,545.50,551.91,3070660,0
UPST.US,D,20200806,000000,548.99,564.93,466.99,499.14,4489507,0
UPST.US,D,20200807,000000,509.29,564.84,508.88,550.29,2743014,0
UPST.US,D,20200810,000000,557.56,562.92,536.20,551.33,4553659,0
UPST.US,D,20200810,000000,568.85,574.05,483.81,515.68,5778599,0
UPST.US,D,20200810,000000,536.83,608.24,522.46,590.55,5856967,0
UPST.US,D,20200811,000000,592.23,593.14,569.69,574.81,2844641,0
UPST.US,D,20200812,000000,592.39,711.46,574.19,706.60,5094757,0
UPST.US,D,20200813,000000,684.30,726.64,680.89,719.81,3303825,0
UPST.US,D,20200814,000000,734.58,735.26,732.85,733.46,5425611,0
UPST.US,D,20200817,000000,705.52,836.15,700.42,816.88,2094789,0
UPST.US,D,20200817,000000,819.01,882.09,809.20,879.81,5024796,0
UPST.US,D,20200817,000000,908.51,918.77,739.16,747.87,4807158,0
UPST.US,D,20200818,000000,752.15,769.19,542.89,633.75,2949900,0
UPST.US,D,20200819,000000,644.28,646.60,582.53,594.13,3636757,0
UPST.US,D,20200820,000000,609.01,635.10,605.89,631.40,2399791,0
UPST.US,D,20200821,000000,614.06,826.23,585.54,751.40,5319674,0
UPST.US,D,20200824,000000,769.43,769.87,761.92,762.44,2374101,0
UPST.US,D,20200824,000000,774.04,795.44,663.68,692.59,5943654,0
UPST.US,D,20200824,000000,725.34,747.01,705.03,705.84,5724343,0
UPST.US,D,20200825,000000,695.75,746.65,681.88,725.63,5826975,0
UPST.US,D,20200826,000000,700.33,719.19,699.24,718.40,2458035,0
UPST.US,D,20200827,000000,727.96,737.48,718.14,730.46,3231093,0
UPST.US,D,20200828,000000,734.14,760.14,727.54,759.65,3274821,0
UPST.US,D,20200831,000000,796.92,855.95,789.86,845.53,3203026,0
UPST.US,D,20200831,000000,842.39,846.99,784.73,803.50,2296358,0
UPST.US,D,20200831,000000,814.79,833.81,800.09,833.10,2971630,0
UPST.US,D,20200901,000000,808.81,810.29,703.76,770.94,3166891,0
UPST.US,D,20200902,000000,798.91,842.25,797.60,823.64,4911946,0
UPST.US,D,20200903,000000,814.99,818.12,797.64,802.28,3364094,0
UPST.US,D,20200904,000000,796.77,881.01,746.48,858.00,3573232,0
UPST.US,D,20200907,000000,860.58,896.88,840.69,888.29,3613668,0
UPST.US,D,20200907,000000,878.50,896.10,838.15,844.97,2710600,0
UPST.US,D,20200907,000000,852.27,899.13,849.36,882.08,5444772,0
UPST.US,D,20200908,000000,867.82,876.14,796.76,825.05,4490826,0
UPST.US,D,20200909,000000,827.41,850.09,817.96,848.48,4185745,0
UPST.US,D,20200910,000000,814.55,882.29,813.96,864.27,4874990,0
UPST.US,D,20200911,000000,852.93,868.54,749.47,779.59,4571154,0
UPST.US,D,20200914,000000,787.76,818.73,787.67,811.80,2067742,0
UPST.US,D,20200914,000000,804.78,836.23,804.35,830.43,5803653,0
UPST.US,D,20200914,000000,862.22,868.87,811.43,819.80,4478771,0
UPST.US,D,20200915,000000,825.87,833.53,805.48,812.56,5896681,0
UPST.US,D,20200916,000000,799.68,844.33,796.75,835.32,2676515,0
UPST.US,D,20200917,000000,854.79,908.47,849.85,899.67,4005195,0
UPST.US,D,20200918,000000,928.34,929.82,907.00,909.68,4233667,0
UPST.US,D,20200921,000000,879.55,887.55,789.36,818.22,5197784,0
UPST.US,D,20200921,000000,780.32,787.18,766.85,769.29,2336542,0
UPST.US,D,20200921,000000,804.20,816.28,690.47,710.84,2703700,0
UPST.US,D,20200922,000000,697.81,714.46,674.85,677.91,5922247,0
UPST.US,D,20200923,000000,676.79,730.25,666.84,708.13,3393288,0
UPST.US,D,20200924,000000,711.99,818.55,704.34,813.42,5695475,0
UPST.US,D,20200925,000000,795.40,826.88,793.45,820.78,4933435,0
UPST.US,D,20200928,000000,796.51,855.76,794.15,846.11,5331385,0
UPST.US,D,20200928,000000,832.14,1005.72,828.62,999.62,5744990,0
UPST.US,D,20200928,000000,994.46,1023.16,977.46,1006.52,3527670,0
UPST.US,D,20200929,000000,1031.37,1097.25,891.75,893.84,2278908,0
UPST.US,D,20200930,000000,874.47,929.57,866.53,914.89,2540602,0
UPST.US,D,20201001,000000,912.64,936.36,780.26,803.04,3628195,0
UPST.US,D,20201002,000000,801.74,914.87,787.21,867.70,3451918,0
UPST.US,D,20201005,000000,881.07,882.02,810.39,843.72,2514826,0
UPST.US,D,20201005,000000,882.58,924.51,733.29,773.30,5231228,0
UPST.US,D,20201005,000000,788.00,788.25,728.19,766.91,3629768,0
UPST.US,D,20201006,000000,736.36,739.55,734.94,735.92,4118815,0
UPST.US,D,20201007,000000,750.64,761.01,714.85,733.37,4935251,0
UPST.US,D,20201008,000000,722.51,774.75,720.04,760.42,4176327,0
UPST.US,D,20201009,000000,756.26,801.25,744.68,798.66,3008854,0
UPST.US,D,20201012,000000,785.25,801.10,670.11,691.40,3811134,0
UPST.US,D,20201012,000000,699.65,743.68,690.86,736.72,3920595,0
UPST.US,D,20201012,000000,732.50,737.67,711.16,716.50,4004507,0
UPST.US,D,20201013,000000,727.97,732.47,690.85,699.54,4166682,0
UPST.US,D,20201014,000000,691.80,724.60,684.37,723.40,2879537,0
UPST.US,D,20201015,000000,733.39,754.74,652.12,686.32,3963374,0
UPST.US,D,20201016,000000,689.29,722.38,686.93,715.30,3918315,0
UPST.US,D,20201019,000000,708.03,728.94,706.35,717.74,4673043,0
UPST.US,D,20201019,000000,705.03,782.40,698.47,776.72,5151439,0
UPST.US,D,20201019,000000,777.49,784.74,762.90,775.39,5142882,0
UPST.US,D,20201020,000000,753.29,760.84,746.20,746.55,4789214,0
UPST.US,D,20201021,000000,762.64,780.13,706.65,709.09,4694764,0
UPST.US,D,20201022,000000,707.64,709.25,698.68,699.31,5516460,0
UPST.US,D,20201023,000000,717.91,731.47,680.79,688.43,2154680,0
UPST.US,D,20201026,000000,660.02,681.63,617.98,641.52,5818461,0
UPST.US,D,20201026,000000,669.61,679.23,668.63,673.69,3362977,0
UPST.US,D,20201026,000000,655.14,677.86,600.48,612.18,2795111,0
UPST.US,D,20201027,000000,629.06,647.88,481.58,539.63,3821564,0
UPST.US,D,20201028,000000,522.70,524.16,502.76,511.37,3542886,0
UPST.US,D,20201029,000000,504.75,519.81,440.15,446.34,5178869,0
UPST.US,D,20201030,000000,444.16,474.29,442.27,463.68,2601043,0
UPST.US,D,20201102,000000,465.98,522.88,461.00,513.86,2861388,0
UPST.US,D,20201102,000000,500.36,518.71,365.94,398.92,5291842,0
UPST.US,D,20201102,000000,396.12,397.08,393.76,393.84,2532704,0
UPST.US,D,20201103,000000,404.72,412.78,372.08,372.45,4118649,0
UPST.US,D,20201104,000000,380.53,384.95,364.89,365.15,2052187,0
UPST.US,D,20201105,000000,361.43,363.74,348.00,351.87,4204944,0
UPST.US,D,20201106,000000,335.27,377.35,327.20,357.25,4815505,0
UPST.US,D,20201109,000000,348.56,354.67,307.60,319.84,2555785,0
UPST.US,D,20201109,000000,313.40,317.36,288.53,293.88,2369301,0
UPST.US,D,20201109,000000,294.17,305.26,290.31,295.24,2072269,0
UPST.US,D,20201110,000000,299.02,339.53,296.28,334.13,3449251,0
UPST.US,D,20201111,000000,339.03,365.07,336.82,358.48,3288226,0
UPST.US,D,20201112,000000,368.36,416.38,367.08,402.10,5264324,0
UPST.US,D,20201113,000000,410.43,429.16,402.93,419.03,2238603,0
UPST.US,D,20201116,000000,426.62,441.10,379.62,381.32,2841034,0
UPST.US,D,20201116,000000,387.65,411.49,282.31,309.57,3480874,0
UPST.US,D,20201116,000000,321.04,335.64,319.30,334.85,4423182,0
UPST.US,D,20201117,000000,328.53,331.99,322.33,324.21,4918349,0
UPST.US,D,20201118,000000,320.97,330.53,319.26,323.19,2387460,0
UPST.US,D,20201119,000000,331.79,333.89,313.49,321.13,5189332,0
UPST.US,D,20201120,000000,317.40,338.90,314.50,325.87,2806935,0
UPST.US,D,20201123,000000,324.60,366.56,312.31,362.22,3169351,0
UPST.US,D,20201123,000000,362.91,372.30,361.30,370.49,5484810,0
UPST.US,D,20201123,000000,371.37,432.59,365.46,427.80,3011599,0
UPST.US,D,20201124,000000,423.71,444.17,417.74,442.17,5830727,0
UPST.US,D,20201125,000000,431.37,436.17,413.36,417.20,4095157,0
UPST.US,D,20201126,000000,424.62,428.88,398.88,402.65,5429123,0
UPST.US,D,20201127,000000,402.10,404.03,390.60,391.52,5677958,0
UPST.US,D,20201130,000000,404.98,442.36,395.59,414.95,2509663,0
UPST.US,D,20201130,000000,416.21,466.24,413.56,449.35,5856562,0
UPST.US,D,20201130,000000,453.72,454.07,422.86,424.88,5311921,0
UPST.US,D,20201201,000000,416.30,478.68,408.13,467.46,3224719,0
UPST.US,D,20201202,000000,474.50,498.63,370.17,374.34,2044076,0
UPST.US,D,20201203,000000,359.02,420.02,338.75,402.79,2885636,0
UPST.US,D,20201204,000000,391.45,396.54,391.29,394.92,2307160,0
UPST.US,D,20201207,000000,387.96,424.06,383.83,423.02,2635222,0
UPST.US,D,20201207,000000,430.66,431.93,427.51,428.87,4241725,0
UPST.US,D,20201207,000000,434.58,436.72,434.27,435.81,3515354,0
UPST.US,D,20201208,000000,437.86,442.20,433.85,441.65,5097456,0
UPST.US,D,20201209,000000,445.47,448.53,429.46,431.04,5405350,0
UPST.US,D,20201210,000000,415.95,468.15,386.83,465.37,3162126,0
UPST.US,D,20201211,000000,462.59,466.50,460.90,465.98,5669719,0
UPST.US,D,20201214,000000,466.67,525.56,446.98,506.78,5432385,0
UPST.US,D,20201214,000000,501.08,514.44,497.41,514.35,3322884,0
UPST.US,D,20201214,000000,510.74,629.55,475.89,586.70,3805098,0
UPST.US,D,20201215,000000,603.39,610.51,566.37,573.53,2338499,0
UPST.US,D,20201216,000000,580.62,607.16,530.88,543.51,2837496,0
UPST.US,D,20201217,000000,563.40,565.33,512.63,523.94,5736504,0
UPST.US,D,20201218,000000,520.84,524.58,492.98,501.24,5015370,0
UPST.US,D,20201221,000000,508.48,529.52,502.33,525.98,4476095,0
UPST.US,D,20201221,000000,528.93,554.71,515.81,547.94,2132231,0
UPST.US,D,20201221,000000,542.57,548.71,535.92,539.16,2853136,0
UPST.US,D,20201222,000000,545.77,548.00,512.59,526.64,2969417,0
UPST.US,D,20201223,000000,526.59,528.11,521.90,525.60,3095936,0
UPST.US,D,20201224,000000,517.47,519.51,492.24,502.95,3732817,0
UPST.US,D,20201225,000000,497.44,530.37,497.11,528.22,2951520,0
UPST.US,D,20201228,000000,521.81,528.31,517.29,527.07,4329455,0
UPST.US,D,20201228,000000,533.75,533.92,448.46,459.27,5114174,0
UPST.US,D,20201228,000000,462.40,463.56,418.65,435.44,3724485,0
UPST.US,D,20201229,000000,429.41,532.89,426.47,488.58,4516512,0
UPST.US,D,20201230,000000,497.58,538.87,490.70,530.01,3051849,0
UPST.US,D,20201231,000000,519.93,529.57,519.64,527.17,5388774,0
UPST.US,D,20210101,000000,539.84,546.48,539.31,546.20,4348702,0
UPST.US,D,20210104,000000,510.69,576.51,499.50,567.32,2053810,0
UPST.US,D,20210104,000000,557.97,572.09,542.32,550.60,2522224,0
UPST.US,D,20210104,000000,570.42,613.33,567.38,608.22,3645779,0
UPST.US,D,20210105,000000,618.50,618.99,611.80,612.59,5492347,0
UPST.US,D,20210106,000000,607.15,607.46,598.13,599.09,2266599,0
UPST.US,D,20210107,000000,593.33,679.96,581.74,673.64,2269976,0
UPST.US,D,20210108,000000,688.04,693.65,662.28,668.41,4277282,0
UPST.US,D,20210111,000000,691.78,692.31,684.18,685.48,4186707,0
UPST.US,D,20210111,000000,684.28,691.40,655.16,671.57,2851270,0
UPST.US,D,20210111,000000,669.15,670.31,645.98,648.72,3115979,0
UPST.US,D,20210112,000000,621.74,642.61,614.15,634.05,2099856,0
UPST.US,D,20210113,000000,638.08,660.78,631.37,657.29,3275762,0
UPST.US,D,20210114,000000,649.83,668.72,648.22,665.48,5687996,0
UPST.US,D,20210115,000000,662.29,666.93,653.35,655.58,4426765,0
UPST.US,D,20210118,000000,664.38,683.09,652.44,656.82,4870976,0
UPST.US,D,20210118,000000,636.30,725.59,630.79,721.93,3872178,0
UPST.US,D,20210118,000000,719.64,848.56,665.44,836.16,3715832,0
UPST.US,D,20210119,000000,827.03,833.37,769.38,777.54,3806575,0
UPST.US,D,20210120,000000,782.02,813.60,775.08,808.70,4417335,0
UPST.US,D,20210121,000000,786.38,899.54,771.83,851.20,4475670,0
UPST.US,D,20210122,000000,829.58,854.70,628.88,659.97,5000446,0
UPST.US,D,20210125,000000,665.33,673.55,568.71,589.97,5579545,0
UPST.US,D,20210125,000000,583.56,586.58,535.84,542.53,3998188,0
UPST.US,D,20210125,000000,515.47,518.81,480.64,498.36,2207268,0
UPST.US,D,20210126,000000,517.96,529.78,388.56,434.66,5680768,0
UPST.US,D,20210127,000000,441.50,477.71,437.58,464.32,3198560,0
UPST.US,D,20210128,000000,459.22,494.71,455.02,485.64,4400701,0
UPST.US,D,20210129,000000,483.34,490.55,404.91,426.57,4312763,0
UPST.US,D,20210201,000000,417.43,419.00,401.32,404.80,4088404,0
UPST.US,D,20210201,000000,411.98,424.27,352.50,378.37,4336967,0
UPST.US,D,20210201,000000,384.34,428.18,381.09,408.24,2358327,0
UPST.US,D,20210202,000000,395.91,401.14,388.76,388.89,5885754,0
UPST.US,D,20210203,000000,391.49,412.63,342.79,344.82,2014730,0
UPST.US,D,20210204,000000,348.32,348.44,330.29,331.89,5693186,0
UPST.US,D,20210205,000000,341.63,345.55,289.79,307.19,3645373,0
UPST.US,D,20210208,000000,309.86,322.43,308.08,317.74,3828535,0
UPST.US,D,20210208,000000,316.05,346.58,304.56,337.81,4577421,0
UPST.US,D,20210208,000000,320.97,336.20,320.81,334.87,5213779,0
UPST.US,D,20210209,000000,338.85,382.59,337.19,380.31,5086079,0
UPST.US,D,20210210,000000,387.30,397.02,353.49,354.56,5340679,0
UPST.US,D,20210211,000000,360.02,378.45,355.88,373.84,2627663,0
UPST.US,D,20210212,000000,383.63,390.64,368.86,371.35,4291994,0
UPST.US,D,20210215,000000,382.22,392.96,337.91,340.69,4535324,0
UPST.US,D,20210215,000000,341.54,350.42,325.99,327.61,4649130,0
UPST.US,D,20210215,000000,333.89,338.95,317.97,329.69,2246119,0
UPST.US,D,20210216,000000,328.07,378.30,319.37,372.23,3623373,0
UPST.US,D,20210217,000000,390.53,405.67,378.36,405.28,3861089,0
UPST.US,D,20210218,000000,390.17,447.31,374.44,429.82,4110599,0
UPST.US,D,20210219,000000,422.42,460.27,419.18,450.72,4346078,0
UPST.US,D,20210222,000000,468.93,522.82,431.22,516.67,5293721,0
UPST.US,D,20210222,000000,498.52,506.39,474.96,478.26,3398083,0
UPST.US,D,20210222,000000,488.01,536.45,486.83,526.02,4576211,0
UPST.US,D,20210223,000000,530.64,534.37,481.54,501.49,2466000,0
UPST.US,D,20210224,000000,481.87,540.80,476.30,512.57,4831318,0
UPST.US,D,20210225,000000,522.42,603.68,521.59,585.29,2198473,0
UPST.US,D,20210226,000000,577.70,676.27,555.83,629.98,2710846,0
UPST.US,D,20210301,000000,636.00,640.81,615.45,623.72,4844315,0
UPST.US,D,20210301,000000,605.16,613.76,596.20,604.63,5210540,0
UPST.US,D,20210301,000000,570.78,640.25,549.67,614.35,3660410,0
UPST.US,D,20210302,000000,617.38,649.05,605.22,639.38,4953147,0
UPST.US,D,20210303,000000,655.42,815.52,631.62,762.09,2025443,0
UPST.US,D,20210304,000000,783.87,787.12,718.53,734.67,2022281,0
UPST.US,D,20210305,000000,762.41,789.82,752.79,766.78,5835538,0
UPST.US,D,20210308,000000,811.04,851.10,682.85,699.36,4811013,0
UPST.US,D,20210308,000000,708.95,714.83,700.07,710.82,3104408,0
UPST.US,D,20210308,000000,717.67,731.43,621.62,632.86,3677640,0
UPST.US,D,20210309,000000,613.07,717.48,605.21,688.54,3163201,0
UPST.US,D,20210310,000000,667.06,802.30,649.61,787.59,5046177,0
UPST.US,D,20210311,000000,781.65,786.12,753.07,766.76,5259875,0
UPST.US,D,20210312,000000,787.54,797.10,720.30,734.43,2607024,0
UPST.US,D,20210315,000000,740.44,744.45,686.68,693.17,5833434,0
UPST.US,D,20210315,000000,692.69,693.79,661.19,676.36,4899229,0
UPST.US,D,20210315,000000,688.99,730.71,686.00,720.72,4314508,0
UPST.US,D,20210316,000000,733.71,738.11,693.16,704.30,2748511,0
UPST.US,D,20210317,000000,681.80,709.18,677.32,702.09,4902443,0
UPST.US,D,20210318,000000,699.88,719.94,635.57,644.00,4605284,0
UPST.US,D,20210319,000000,637.99,726.31,598.81,724.21,2300089,0
UPST.US,D,20210322,000000,718.70,755.89,717.99,733.51,4800344,0
UPST.US,D,20210322,000000,712.05,761.51,708.97,761.08,4376526,0
UPST.US,D,20210322,000000,767.77,775.04,655.26,694.97,4385949,0
UPST.US,D,20210323,000000,702.56,711.78,700.11,709.35,4533024,0
UPST.US,D,20210324,000000,698.72,802.42,694.95,777.65,4481552,0
UPST.US,D,20210325,000000,761.51,854.08,727.94,848.77,5630911,0
UPST.US,D,20210326,000000,821.24,827.72,686.06,738.85,5652558,0
UPST.US,D,20210329,000000,732.08,735.66,727.79,728.62,3452128,0
UPST.US,D,20210329,000000,746.23,751.49,699.83,710.04,2229272,0
UPST.US,D,20210329,000000,716.82,723.15,614.65,619.62,2814337,0
UPST.US,D,20210330,000000,617.34,641.69,615.95,631.04,3778718,0
UPST.US,D,20210331,000000,635.44,638.11,629.38,630.18,3469933,0
UPST.US,D,20210401,000000,629.32,634.07,628.94,634.06,5349614,0
UPST.US,D,20210402,000000,629.33,630.45,601.86,603.31,3244549,0
UPST.US,D,20210405,000000,599.58,614.19,495.48,516.84,2307136,0
UPST.US,D,20210405,000000,518.25,541.72,516.94,540.68,5830391,0
UPST.US,D,20210405,000000,529.76,547.76,447.26,474.77,2994381,0
UPST.US,D,20210406,000000,481.67,484.54,469.24,475.72,3472313,0
UPST.US,D,20210407,000000,467.27,487.82,466.35,482.21,5509792,0
UPST.US,D,20210408,000000,482.52,497.03,448.82,454.63,4503228,0
UPST.US,D,20210409,000000,460.54,493.99,444.14,483.44,2521877,0
UPST.US,D,20210412,000000,492.04,521.14,488.72,505.48,3237106,0
UPST.US,D,20210412,000000,517.74,518.95,515.84,518.26,4744510,0
UPST.US,D,20210412,000000,523.22,523.78,492.32,496.49,4556872,0
UPST.US,D,20210413,000000,507.18,516.84,486.20,492.08,3208615,0
UPST.US,D,20210414,000000,489.64,513.52,487.95,508.49,3984686,0
UPST.US,D,20210415,000000,508.00,510.14,488.83,493.45,5637689,0
UPST.US,D,20210416,000000,496.32,504.67,493.74,504.33,2479716,0
UPST.US,D,20210419,000000,505.79,525.44,503.81,520.30,5158095,0
UPST.US,D,20210419,000000,510.75,537.61,508.82,532.80,5643085,0
UPST.US,D,20210419,000000,542.57,543.95,542.54,543.32,2375228,0
UPST.US,D,20210420,000000,550.64,556.59,492.04,510.57,4681254,0
UPST.US,D,20210421,000000,507.82,517.81,477.61,481.60,4252883,0
UPST.US,D,20210422,000000,485.00,486.79,478.03,479.35,5926964,0
UPST.US,D,20210423,000000,482.01,494.64,481.13,491.41,4838178,0
UPST.US,D,20210426,000000,515.22,534.93,514.29,524.81,2618590,0
UPST.US,D,20210426,000000,526.97,552.43,523.80,550.36,3200226,0
UPST.US,D,20210426,000000,555.92,595.89,554.99,582.83,2726771,0
UPST.US,D,20210427,000000,587.08,664.34,584.69,635.39,5752694,0
UPST.US,D,20210428,000000,632.04,632.76,611.47,614.86,3190383,0
UPST.US,D,20210429,000000,604.70,674.70,594.19,658.32,3993974,0
UPST.US,D,20210430,000000,657.78,734.00,642.70,711.51,5462602,0
UPST.US,D,20210503,000000,707.11,730.90,705.17,722.98,4930402,0
UPST.US,D,20210503,000000,712.72,743.67,711.06,734.08,4280124,0
UPST.US,D,20210503,000000,712.01,721.16,687.58,689.97,3958939,0
UPST.US,D,20210504,000000,692.40,701.88,691.72,700.34,4104498,0
UPST.US,D,20210505,000000,692.14,696.64,664.98,680.13,2035751,0
UPST.US,D,20210506,000000,673.34,674.22,662.99,664.31,2090987,0
UPST.US,D,20210507,000000,646.79,647.87,646.13,646.26,2648246,0
UPST.US,D,20210510,000000,632.69,714.75,631.59,678.78,3652616,0
UPST.US,D,20210510,000000,676.81,685.65,630.01,648.90,3072493,0
UPST.US,D,20210510,000000,643.63,667.73,637.68,666.11,3581431,0
UPST.US,D,20210511,000000,655.48,676.88,561.49,585.74,5477422,0
UPST.US,D,20210512,000000,591.63,607.12,591.44,599.39,3941138,0
UPST.US,D,20210513,000000,588.14,588.99,585.01,585.94,4938367,0
UPST.US,D,20210514,000000,578.66,591.78,570.00,579.06,4533288,0
UPST.US,D,20210517,000000,572.17,596.88,562.76,590.08,4010066,0
UPST.US,D,20210517,000000,590.29,629.45,581.13,614.49,4626369,0
UPST.US,D,20210517,000000,609.95,677.23,604.27,654.62,2501843,0
UPST.US,D,20210518,000000,648.14,650.07,647.95,648.35,3925457,0
UPST.US,D,20210519,000000,663.36,667.16,643.42,644.43,4126335,0
UPST.US,D,20210520,000000,639.44,696.56,630.05,672.35,2748003,0
UPST.US,D,20210521,000000,668.59,703.50,662.75,700.61,4474028,0
UPST.US,D,20210524,000000,710.70,738.45,707.74,736.20,3548627,0
UPST.US,D,20210524,000000,745.26,754.11,693.24,703.43,2628638,0
UPST.US,D,20210524,000000,697.77,713.39,695.46,711.76,5038754,0
UPST.US,D,20210525,000000,709.22,775.98,705.63,755.73,3567957,0
UPST.US,D,20210526,000000,754.50,756.35,741.80,744.42,3138110,0
UPST.US,D,20210527,000000,741.83,743.15,720.42,724.61,3763253,0
UPST.US,D,20210528,000000,732.51,744.45,716.31,720.62,2963899,0
UPST.US,D,20210531,000000,713.24,732.91,712.11,726.98,3319456,0
UPST.US,D,20210531,000000,738.78,747.66,712.45,717.69,2515303,0
UPST.US,D,20210531,000000,734.67,746.47,711.50,719.57,5558948,0
UPST.US,D,20210601,000000,707.59,711.89,706.92,710.17,5630279,0
UPST.US,D,20210602,000000,705.62,713.81,659.35,665.21,3086163,0
UPST.US,D,20210603,000000,683.50,701.09,598.30,615.26,2225636,0
UPST.US,D,20210604,000000,614.91,619.29,582.62,590.96,4699160,0
UPST.US,D,20210607,000000,586.71,591.84,551.08,560.44,4188381,0
UPST.US,D,20210607,000000,574.53,583.03,558.90,565.03,5306720,0
UPST.US,D,20210607,000000,548.01,548.95,528.05,535.53,4868379,0
UPST.US,D,20210608,000000,534.51,547.27,533.98,547.02,5814127,0
UPST.US,D,20210609,000000,538.02,611.55,532.81,593.15,4138564,0
UPST.US,D,20210610,000000,600.51,601.19,555.47,565.74,3164089,0
UPST.US,D,20210611,000000,571.39,578.28,541.70,550.06,4139057,0
UPST.US,D,20210614,000000,554.01,569.23,553.25,567.34,5006475,0
UPST.US,D,20210614,000000,563.54,563.64,561.15,561.78,2589943,0
UPST.US,D,20210614,000000,574.99,579.33,534.44,540.25,3481351,0
UPST.US,D,20210615,000000,538.63,542.21,512.64,512.80,4933615,0
UPST.US,D,20210616,000000,512.51,532.41,508.46,528.45,5970661,0
UPST.US,D,20210617,000000,521.02,521.79,519.42,520.52,5725989,0
UPST.US,D,20210618,000000,509.82,534.07,507.12,527.94,2730781,0
UPST.US,D,20210621,000000,526.81,592.67,525.73,571.39,4323755,0
UPST.US,D,20210621,000000,567.71,570.38,492.20,509.05,5564620,0
UPST.US,D,20210621,000000,517.23,518.72,483.55,490.09,2524435,0
UPST.US,D,20210622,000000,493.36,497.51,474.23,474.99,3704625,0
UPST.US,D,20210623,000000,497.45,506.23,464.70,465.90,2570026,0
UPST.US,D,20210624,000000,461.00,509.80,448.68,500.18,4986832,0
UPST.US,D,20210625,000000,515.45,520.99,513.72,519.05,4377490,0
UPST.US,D,20210628,000000,507.46,590.22,488.68,547.76,5661565,0
UPST.US,D,20210628,000000,549.18,561.76,498.95,502.70,2944010,0
UPST.US,D,20210628,000000,497.37,499.90,460.20,470.56,3251684,0
UPST.US,D,20210629,000000,462.82,465.64,459.62,462.66,2273765,0
UPST.US,D,20210630,000000,461.10,474.67,429.57,436.87,3489083,0
UPST.US,D,20210701,000000,444.40,446.32,444.39,445.70,3751720,0
UPST.US,D,20210702,000000,444.21,447.24,437.87,439.02,3724208,0
UPST.US,D,20210705,000000,448.70,450.83,419.64,422.37,4766400,0
UPST.US,D,20210705,000000,419.62,419.94,408.31,409.04,3121577,0
UPST.US,D,20210705,000000,412.87,463.57,403.13,448.23,2766255,0
UPST.US,D,20210706,000000,449.61,450.16,445.79,446.84,5564668,0
UPST.US,D,20210707,000000,448.88,475.39,437.56,474.28,2499919,0
UPST.US,D,20210708,000000,471.33,471.84,463.64,467.57,4536660,0
UPST.US,D,20210709,000000,472.29,508.29,472.02,502.05,5369660,0
UPST.US,D,20210712,000000,500.93,510.72,472.49,482.99,5050707,0
UPST.US,D,20210712,000000,475.52,475.77,460.22,462.46,2698754,0
UPST.US,D,20210712,000000,460.21,465.53,460.05,463.71,2845840,0
UPST.US,D,20210713,000000,469.02,476.93,469.01,475.32,4287784,0
UPST.US,D,20210714,000000,475.06,476.24,437.68,450.12,2239162,0
UPST.US,D,20210715,000000,445.76,517.43,433.12,513.99,5931068,0
UPST.US,D,20210716,000000,523.82,534.96,490.83,496.83,3964502,0
UPST.US,D,20210719,000000,493.65,503.53,491.27,503.04,5823883,0
UPST.US,D,20210719,000000,497.26,513.31,496.79,512.83,2493735,0
UPST.US,D,20210719,000000,530.85,535.45,505.52,513.81,2604506,0
UPST.US,D,20210720,000000,499.24,556.98,490.60,543.07,3768918,0
UPST.US,D,20210721,000000,548.97,550.72,497.82,511.74,5194466,0
UPST.US,D,20210722,000000,519.45,521.64,492.55,501.72,4421705,0
UPST.US,D,20210723,000000,503.44,514.39,502.02,514.15,5316515,0
UPST.US,D,20210726,000000,521.15,523.44,487.20,492.45,5868207,0
UPST.US,D,20210726,000000,491.44,517.96,486.33,508.11,5637770,0
UPST.US,D,20210726,000000,498.01,526.52,490.42,521.21,3370339,0
UPST.US,D,20210727,000000,512.23,572.77,495.89,560.44,3641653,0
UPST.US,D,20210728,000000,561.00,598.12,557.79,587.76,4155914,0
UPST.US,D,20210729,000000,585.92,588.27,581.02,583.27,2054780,0
UPST.US,D,20210730,000000,593.28,597.34,554.74,555.55,3944486,0
UPST.US,D,20210802,000000,559.56,579.40,448.04,484.86,3990629,0
UPST.US,D,20210802,000000,485.09,492.15,464.42,467.32,4645488,0
UPST.US,D,20210802,000000,470.36,471.69,469.99,471.44,2236963,0
UPST.US,D,20210803,000000,470.39,488.62,469.90,483.09,5839048,0
UPST.US,D,20210804,000000,483.29,488.48,454.78,461.57,4509992,0
UPST.US,D,20210805,000000,462.47,482.68,457.95,481.09,5210006,0
UPST.US,D,20210806,000000,475.95,477.17,463.56,467.14,2940982,0
UPST.US,D,20210809,000000,460.64,477.93,460.14,477.57,3646943,0
UPST.US,D,20210809,000000,480.83,487.36,478.16,484.94,4713063,0
UPST.US,D,20210809,000000,491.29,493.98,454.17,458.45,5214241,0
UPST.US,D,20210810,000000,460.88,468.02,445.37,448.25,5046983,0
UPST.US,D,20210811,000000,455.54,458.42,452.47,454.82,2184618,0
UPST.US,D,20210812,000000,450.72,451.12,442.68,447.20,3180136,0
UPST.US,D,20210813,000000,446.15,446.17,440.18,441.45,3549960,0
UPST.US,D,20210816,000000,441.20,446.29,413.93,419.66,3605375,0
