<TICKER>,<PER>,<DATE>,<TIME>,<OPEN>,<HIGH>,<LOW>,<CLOSE>,<VOL>,<OPENINT>
WISH.US,D,20180102,000000,2.00,2.02,1.93,1.95,4078327,0
WISH.US,D,20180103,000000,1.96,1.97,1.86,1.90,5690786,0
WISH.US,D,20180104,000000,1.92,1.93,1.89,1.90,4747238,0
WISH.US,D,20180105,000000,1.89,1.90,1.83,1.87,6981574,0
WISH.US,D,20180108,000000,1.88,1.89,1.80,1.80,3685771,0
WISH.US,D,20180108,000000,1.81,1.81,1.78,1.78,3731561,0
WISH.US,D,20180108,000000,1.79,1.80,1.75,1.76,5223489,0
WISH.US,D,20180109,000000,1.74,1.79,1.74,1.77,3583211,0
WISH.US,D,20180110,000000,1.77,1.77,1.74,1.76,8314403,0
WISH.US,D,20180111,000000,1.77,1.78,1.76,1.76,4125477,0
WISH.US,D,20180112,000000,1.78,1.81,1.67,1.70,7547946,0
WISH.US,D,20180115,000000,1.69,1.80,1.69,1.76,4467905,0
WISH.US,D,20180115,000000,1.76,1.77,1.75,1.76,7364584,0
WISH.US,D,20180115,000000,1.75,1.89,1.71,1.82,4369507,0
WISH.US,D,20180116,000000,1.80,1.85,1.80,1.85,3524305,0
WISH.US,D,20180117,000000,1.84,1.90,1.83,1.90,5737108,0
WISH.US,D,20180118,000000,1.92,1.93,1.87,1.88,8658974,0
WISH.US,D,20180119,000000,1.88,1.93,1.85,1.93,5635568,0
WISH.US,D,20180122,000000,1.95,1.95,1.82,1.87,7521789,0
WISH.US,D,20180122,000000,1.85,1.94,1.84,1.92,4587390,0
WISH.US,D,20180122,000000,1.93,1.94,1.93,1.94,6599106,0
WISH.US,D,20180123,000000,1.96,2.01,1.94,2.01,3035455,0
WISH.US,D,20180124,000000,1.99,2.09,1.99,2.05,6955921,0
WISH.US,D,20180125,000000,2.05,2.11,2.04,2.09,5063781,0
WISH.US,D,20180126,000000,2.06,2.12,2.05,2.11,5429311,0
WISH.US,D,20180129,000000,2.15,2.16,2.05,2.05,6215565,0
WISH.US,D,20180129,000000,2.08,2.09,2.08,2.09,6470958,0
WISH.US,D,20180129,000000,2.07,2.14,2.07,2.12,7969884,0
WISH.US,D,20180130,000000,2.12,2.15,2.03,2.07,7869348,0
WISH.US,D,20180131,000000,2.07,2.08,1.98,1.99,4174884,0
WISH.US,D,20180201,000000,1.99,2.04,1.99,2.03,7003353,0
WISH.US,D,20180202,000000,2.04,2.07,2.00,2.06,3074038,0
WISH.US,D,20180205,000000,2.05,2.11,2.05,2.08,5026322,0
WISH.US,D,20180205,000000,2.08,2.08,2.07,2.07,3771072,0
WISH.US,D,20180205,000000,2.07,2.08,2.05,2.05,7070817,0
WISH.US,D,20180206,000000,2.06,2.06,2.01,2.03,5433655,0
WISH.US,D,20180207,000000,2.02,2.07,2.02,2.07,4147340,0
WISH.US,D,20180208,000000,2.07,2.08,2.06,2.07,4208208,0
WISH.US,D,20180209,000000,2.07,2.08,2.06,2.07,3921820,0
WISH.US,D,20180212,000000,2.08,2.09,2.03,2.04,6471430,0
WISH.US,D,20180212,000000,2.04,2.06,2.04,2.05,5397447,0
WISH.US,D,20180212,000000,2.06,2.06,2.06,2.06,4300474,0
WISH.US,D,20180213,000000,2.06,2.07,2.06,2.07,5601356,0
WISH.US,D,20180214,000000,2.07,2.07,2.05,2.05,8579780,0
WISH.US,D,20180215,000000,2.05,2.10,2.05,2.09,3750222,0
WISH.US,D,20180216,000000,2.09,2.12,2.09,2.11,7749136,0
WISH.US,D,20180219,000000,2.11,2.14,2.11,2.14,7296999,0
WISH.US,D,20180219,000000,2.14,2.14,2.13,2.13,6533385,0
WISH.US,D,20180219,000000,2.13,2.14,2.10,2.11,5780712,0
WISH.US,D,20180220,000000,2.10,2.13,2.10,2.11,8165518,0
WISH.US,D,20180221,000000,2.12,2.16,2.12,2.14,5151757,0
WISH.US,D,20180222,000000,2.13,2.17,2.13,2.15,3226202,0
WISH.US,D,20180223,000000,2.16,2.16,2.13,2.14,7741533,0
WISH.US,D,20180226,000000,2.14,2.20,2.13,2.19,5469102,0
WISH.US,D,20180226,000000,2.18,2.21,2.18,2.19,6656125,0
WISH.US,D,20180226,000000,2.18,2.18,2.15,2.17,4336155,0
WISH.US,D,20180227,000000,2.16,2.17,2.15,2.15,3030334,0
WISH.US,D,20180228,000000,2.15,2.15,2.14,2.14,4210886,0
WISH.US,D,20180301,000000,2.15,2.15,2.12,2.13,7530708,0
WISH.US,D,20180302,000000,2.14,2.16,2.13,2.15,5821812,0
WISH.US,D,20180305,000000,2.15,2.15,2.14,2.14,6945950,0
WISH.US,D,20180305,000000,2.14,2.17,2.14,2.16,7601450,0
WISH.US,D,20180305,000000,2.15,2.18,2.15,2.16,8106456,0
WISH.US,D,20180306,000000,2.17,2.18,2.17,2.18,8736197,0
WISH.US,D,20180307,000000,2.18,2.20,2.17,2.20,8903610,0
WISH.US,D,20180308,000000,2.20,2.23,2.20,2.22,5373105,0
WISH.US,D,20180309,000000,2.22,2.23,2.22,2.23,8376249,0
WISH.US,D,20180312,000000,2.22,2.22,2.22,2.22,8421360,0
WISH.US,D,20180312,000000,2.23,2.23,2.22,2.22,7555244,0
WISH.US,D,20180312,000000,2.22,2.22,2.22,2.22,4462581,0
WISH.US,D,20180313,000000,2.22,2.24,2.22,2.24,5596730,0
WISH.US,D,20180314,000000,2.23,2.24,2.23,2.24,7299057,0
WISH.US,D,20180315,000000,2.24,2.24,2.24,2.24,4132531,0
WISH.US,D,20180316,000000,2.24,2.24,2.22,2.23,6639321,0
WISH.US,D,20180319,000000,2.23,2.23,2.22,2.23,4018617,0
WISH.US,D,20180319,000000,2.21,2.27,2.20,2.25,3024263,0
WISH.US,D,20180319,000000,2.26,2.27,2.25,2.27,3631798,0
WISH.US,D,20180320,000000,2.27,2.34,2.23,2.32,6998405,0
WISH.US,D,20180321,000000,2.34,2.37,2.34,2.37,8663408,0
WISH.US,D,20180322,000000,2.36,2.37,2.30,2.31,6616346,0
WISH.US,D,20180323,000000,2.31,2.33,2.26,2.27,5288428,0
WISH.US,D,20180326,000000,2.28,2.30,2.27,2.29,8740453,0
WISH.US,D,20180326,000000,2.30,2.38,2.29,2.37,6516577,0
WISH.US,D,20180326,000000,2.38,2.41,2.37,2.41,6365660,0
WISH.US,D,20180327,000000,2.40,2.40,2.40,2.40,4129230,0
WISH.US,D,20180328,000000,2.40,2.45,2.31,2.33,3422060,0
WISH.US,D,20180329,000000,2.35,2.35,2.35,2.35,4606616,0
WISH.US,D,20180330,000000,2.33,2.34,2.33,2.33,3031139,0
WISH.US,D,20180402,000000,2.34,2.35,2.34,2.35,7998733,0
WISH.US,D,20180402,000000,2.35,2.40,2.23,2.29,7957319,0
WISH.US,D,20180402,000000,2.29,2.33,2.27,2.31,4840947,0
WISH.US,D,20180403,000000,2.31,2.35,2.30,2.35,4362648,0
WISH.US,D,20180404,000000,2.37,2.37,2.36,2.36,3293778,0
WISH.US,D,20180405,000000,2.36,2.38,2.25,2.28,8260336,0
WISH.US,D,20180406,000000,2.27,2.34,2.26,2.32,6596198,0
WISH.US,D,20180409,000000,2.32,2.39,2.29,2.37,3585722,0
WISH.US,D,20180409,000000,2.31,2.44,2.28,2.42,5362977,0
WISH.US,D,20180409,000000,2.42,2.49,2.41,2.48,3989757,0
WISH.US,D,20180410,000000,2.46,2.55,2.44,2.55,3347957,0
WISH.US,D,20180411,000000,2.53,2.57,2.53,2.54,4583819,0
WISH.US,D,20180412,000000,2.53,2.54,2.52,2.53,6141422,0
WISH.US,D,20180413,000000,2.53,2.54,2.52,2.53,8039611,0
WISH.US,D,20180416,000000,2.55,2.55,2.49,2.51,3142303,0
WISH.US,D,20180416,000000,2.50,2.56,2.48,2.52,4151696,0
WISH.US,D,20180416,000000,2.51,2.51,2.48,2.49,7795664,0
WISH.US,D,20180417,000000,2.51,2.56,2.51,2.55,8959505,0
WISH.US,D,20180418,000000,2.56,2.56,2.44,2.48,6345836,0
WISH.US,D,20180419,000000,2.45,2.46,2.27,2.34,8864214,0
WISH.US,D,20180420,000000,2.33,2.38,2.33,2.36,7111047,0
WISH.US,D,20180423,000000,2.34,2.50,2.33,2.40,5018698,0
WISH.US,D,20180423,000000,2.41,2.54,2.40,2.51,4670900,0
WISH.US,D,20180423,000000,2.47,2.48,2.44,2.45,7556658,0
WISH.US,D,20180424,000000,2.44,2.45,2.43,2.45,6204845,0
WISH.US,D,20180425,000000,2.43,2.55,2.43,2.54,4956049,0
WISH.US,D,20180426,000000,2.52,2.54,2.41,2.44,3007026,0
WISH.US,D,20180427,000000,2.44,2.44,2.43,2.43,6095883,0
WISH.US,D,20180430,000000,2.41,2.44,2.41,2.43,3721789,0
WISH.US,D,20180430,000000,2.44,2.44,2.37,2.40,4050142,0
WISH.US,D,20180430,000000,2.41,2.43,2.41,2.43,7571044,0
WISH.US,D,20180501,000000,2.44,2.44,2.37,2.38,8607006,0
WISH.US,D,20180502,000000,2.39,2.40,2.37,2.37,8030090,0
WISH.US,D,20180503,000000,2.35,2.35,2.27,2.27,8555875,0
WISH.US,D,20180504,000000,2.30,2.34,2.29,2.32,5125760,0
WISH.US,D,20180507,000000,2.30,2.37,2.29,2.36,7512753,0
WISH.US,D,20180507,000000,2.38,2.39,2.32,2.35,7125281,0
WISH.US,D,20180507,000000,2.34,2.34,2.25,2.27,6657657,0
WISH.US,D,20180508,000000,2.24,2.31,2.24,2.29,4047945,0
WISH.US,D,20180509,000000,2.29,2.31,2.21,2.22,6986434,0
WISH.US,D,20180510,000000,2.27,2.27,2.22,2.23,5163163,0
WISH.US,D,20180511,000000,2.21,2.28,2.20,2.26,8662224,0
WISH.US,D,20180514,000000,2.27,2.27,2.27,2.27,7651953,0
WISH.US,D,20180514,000000,2.28,2.29,2.27,2.28,6752121,0
WISH.US,D,20180514,000000,2.31,2.31,2.26,2.30,3913298,0
WISH.US,D,20180515,000000,2.33,2.39,2.33,2.37,8523710,0
WISH.US,D,20180516,000000,2.31,2.70,2.28,2.64,7346366,0
WISH.US,D,20180517,000000,2.64,2.71,2.63,2.69,9300157,0
WISH.US,D,20180518,000000,2.67,2.73,2.65,2.72,10252153,0
WISH.US,D,20180521,000000,2.71,2.81,2.68,2.79,12489133,0
WISH.US,D,20180521,000000,2.81,2.85,2.81,2.84,11657296,0
WISH.US,D,20180521,000000,2.80,2.92,2.78,2.92,12749473,0
WISH.US,D,20180522,000000,2.92,3.01,2.90,3.00,6554732,0
WISH.US,D,20180523,000000,2.96,3.09,2.94,3.06,17529564,0
WISH.US,D,20180524,000000,3.14,3.15,3.07,3.11,18863562,0
WISH.US,D,20180525,000000,3.11,3.24,3.06,3.19,7374579,0
WISH.US,D,20180528,000000,3.17,3.31,3.16,3.27,14607091,0
WISH.US,D,20180528,000000,3.19,3.34,3.15,3.33,19306035,0
WISH.US,D,20180528,000000,3.35,3.46,3.33,3.41,13123575,0
WISH.US,D,20180529,000000,3.46,3.51,3.45,3.50,11822759,0
WISH.US,D,20180530,000000,3.48,3.65,3.45,3.60,18833656,0
WISH.US,D,20180531,000000,3.57,3.76,3.56,3.71,9918841,0
WISH.US,D,20180601,000000,3.74,3.85,3.72,3.83,17434636,0
WISH.US,D,20180604,000000,3.82,4.02,3.80,3.95,13072082,0
WISH.US,D,20180604,000000,3.90,4.12,3.88,4.06,20087648,0
WISH.US,D,20180604,000000,4.00,4.28,3.97,4.16,21961408,0
WISH.US,D,20180605,000000,4.20,4.38,4.20,4.30,27655219,0
WISH.US,D,20180606,000000,4.30,4.51,4.27,4.44,19832594,0
WISH.US,D,20180607,000000,4.48,4.49,4.31,4.37,6852826,0
WISH.US,D,20180608,000000,4.41,4.54,4.36,4.52,7843302,0
WISH.US,D,20180611,000000,4.39,4.69,4.32,4.65,5292498,0
WISH.US,D,20180611,000000,4.79,4.83,4.28,4.43,5570425,0
WISH.US,D,20180611,000000,4.46,4.52,4.44,4.48,8812906,0
WISH.US,D,20180612,000000,4.53,4.62,4.49,4.62,7179165,0
WISH.US,D,20180613,000000,4.56,4.56,4.55,4.55,8115717,0
WISH.US,D,20180614,000000,4.49,4.54,4.21,4.27,6928002,0
WISH.US,D,20180615,000000,4.31,4.35,3.91,3.99,3192392,0
WISH.US,D,20180618,000000,4.08,4.09,4.04,4.05,5398585,0
WISH.US,D,20180618,000000,4.13,4.14,3.81,3.94,4942850,0
WISH.US,D,20180618,000000,4.00,4.01,3.81,3.85,4332474,0
WISH.US,D,20180619,000000,3.87,4.00,3.79,3.97,3359163,0
WISH.US,D,20180620,000000,3.97,4.03,3.96,4.00,8356306,0
WISH.US,D,20180621,000000,3.95,3.96,3.93,3.94,5622524,0
WISH.US,D,20180622,000000,4.07,4.18,3.67,3.77,8144968,0
WISH.US,D,20180625,000000,3.81,3.84,3.70,3.76,4395207,0
WISH.US,D,20180625,000000,3.78,3.80,3.51,3.53,6974317,0
WISH.US,D,20180625,000000,3.47,3.97,3.47,3.74,6332881,0
WISH.US,D,20180626,000000,3.76,3.77,3.67,3.69,6148442,0
WISH.US,D,20180627,000000,3.70,3.82,3.68,3.80,4214611,0
WISH.US,D,20180628,000000,3.83,3.84,3.66,3.69,6839241,0
WISH.US,D,20180629,000000,3.71,3.87,3.64,3.84,5042250,0
WISH.US,D,20180702,000000,3.83,4.03,3.79,3.99,4873343,0
WISH.US,D,20180702,000000,3.98,3.99,3.89,3.90,6433259,0
WISH.US,D,20180702,000000,3.92,4.25,3.85,4.22,7679755,0
WISH.US,D,20180703,000000,4.30,4.33,4.24,4.32,3875427,0
WISH.US,D,20180704,000000,4.28,4.40,4.28,4.38,6747580,0
WISH.US,D,20180705,000000,4.29,5.05,4.23,4.76,4039015,0
WISH.US,D,20180706,000000,4.84,4.90,3.95,4.44,5652186,0
WISH.US,D,20180709,000000,4.56,4.85,4.51,4.71,7556774,0
WISH.US,D,20180709,000000,4.81,4.83,4.51,4.60,6452644,0
WISH.US,D,20180709,000000,4.63,4.89,4.62,4.78,5949110,0
WISH.US,D,20180710,000000,4.74,4.88,4.74,4.87,4373723,0
WISH.US,D,20180711,000000,4.83,5.52,4.78,5.23,3789868,0
WISH.US,D,20180712,000000,5.15,5.20,4.99,5.05,3857291,0
WISH.US,D,20180713,000000,5.05,5.60,5.01,5.45,4670202,0
WISH.US,D,20180716,000000,5.47,5.48,5.46,5.48,8643843,0
WISH.US,D,20180716,000000,5.55,5.66,5.04,5.27,6960148,0
WISH.US,D,20180716,000000,5.23,5.39,5.19,5.36,4314074,0
WISH.US,D,20180717,000000,5.19,5.91,5.11,5.91,5712488,0
WISH.US,D,20180718,000000,6.01,6.05,5.99,6.03,3359598,0
WISH.US,D,20180719,000000,6.00,6.05,5.80,5.80,8025971,0
WISH.US,D,20180720,000000,5.80,5.80,5.21,5.43,4512204,0
WISH.US,D,20180723,000000,5.57,5.63,5.48,5.49,4072061,0
WISH.US,D,20180723,000000,5.53,5.56,5.05,5.19,7754826,0
WISH.US,D,20180723,000000,5.07,5.11,4.91,5.00,11453237,0
WISH.US,D,20180724,000000,5.07,5.10,4.74,4.83,11150266,0
WISH.US,D,20180725,000000,4.87,4.89,4.68,4.68,12141672,0
WISH.US,D,20180726,000000,4.62,4.68,4.45,4.48,22616798,0
WISH.US,D,20180727,000000,4.47,4.49,4.30,4.30,25670674,0
WISH.US,D,20180730,000000,4.30,4.34,3.92,4.01,24231363,0
WISH.US,D,20180730,000000,3.96,4.00,3.72,3.76,16137304,0
WISH.US,D,20180730,000000,3.81,3.90,3.33,3.59,19330317,0
WISH.US,D,20180731,000000,3.67,3.72,3.30,3.37,22811074,0
WISH.US,D,20180801,000000,3.46,3.65,3.07,3.13,28770583,0
WISH.US,D,20180802,000000,3.12,3.13,2.86,2.88,29452231,0
WISH.US,D,20180803,000000,2.82,2.87,2.62,2.71,3255442,0
WISH.US,D,20180806,000000,2.71,2.72,2.64,2.66,4020408,0
WISH.US,D,20180806,000000,2.65,2.99,2.64,2.84,8544995,0
WISH.US,D,20180806,000000,2.80,2.95,2.80,2.94,3225821,0
WISH.US,D,20180807,000000,2.92,3.11,2.90,3.09,4135864,0
WISH.US,D,20180808,000000,3.04,3.07,3.03,3.07,4647134,0
WISH.US,D,20180809,000000,3.03,3.05,2.88,2.92,6130069,0
WISH.US,D,20180810,000000,2.97,2.98,2.87,2.89,5838653,0
WISH.US,D,20180813,000000,2.95,3.05,2.94,3.04,8968643,0
WISH.US,D,20180813,000000,2.92,3.11,2.91,3.10,6608984,0
WISH.US,D,20180813,000000,3.04,3.05,3.03,3.05,6146659,0
WISH.US,D,20180814,000000,3.11,3.17,2.88,2.93,4754348,0
WISH.US,D,20180815,000000,2.87,2.89,2.78,2.85,3091988,0
WISH.US,D,20180816,000000,2.87,2.90,2.87,2.87,6525043,0
WISH.US,D,20180817,000000,2.89,2.94,2.84,2.88,3741672,0
WISH.US,D,20180820,000000,2.89,2.91,2.87,2.90,6532668,0
WISH.US,D,20180820,000000,2.94,3.20,2.85,3.09,5781991,0
WISH.US,D,20180820,000000,3.16,3.17,3.02,3.08,3557617,0
WISH.US,D,20180821,000000,2.97,3.38,2.91,3.33,6871881,0
WISH.US,D,20180822,000000,3.21,3.67,3.15,3.48,4691915,0
WISH.US,D,20180823,000000,3.53,3.98,3.38,3.87,8468363,0
WISH.US,D,20180824,000000,3.86,3.97,3.85,3.96,5672432,0
WISH.US,D,20180827,000000,3.87,4.07,3.85,4.06,3848983,0
WISH.US,D,20180827,000000,3.92,3.98,3.49,3.66,4182366,0
WISH.US,D,20180827,000000,3.63,3.63,3.63,3.63,5136018,0
WISH.US,D,20180828,000000,3.69,3.77,3.17,3.18,7648770,0
WISH.US,D,20180829,000000,3.19,3.19,3.14,3.16,4785202,0
WISH.US,D,20180830,000000,3.24,3.33,3.23,3.33,6296915,0
WISH.US,D,20180831,000000,3.22,3.46,3.20,3.44,8530958,0
WISH.US,D,20180903,000000,3.42,3.51,3.41,3.49,6969272,0
WISH.US,D,20180903,000000,3.48,3.48,3.36,3.36,3603391,0
WISH.US,D,20180903,000000,3.32,3.55,3.30,3.48,3737948,0
WISH.US,D,20180904,000000,3.62,3.64,3.49,3.50,8409594,0
WISH.US,D,20180905,000000,3.61,3.62,3.51,3.56,8962920,0
WISH.US,D,20180906,000000,3.49,3.66,3.47,3.62,6039966,0
WISH.US,D,20180907,000000,3.61,3.64,3.22,3.30,3042124,0
WISH.US,D,20180910,000000,3.38,3.44,3.21,3.25,6402076,0
WISH.US,D,20180910,000000,3.27,3.34,3.27,3.34,8108475,0
WISH.US,D,20180910,000000,3.38,3.39,3.12,3.16,4973922,0
WISH.US,D,20180911,000000,3.10,3.14,3.08,3.11,6588803,0
WISH.US,D,20180912,000000,3.13,3.17,2.98,3.00,4011035,0
WISH.US,D,20180913,000000,3.03,3.23,2.97,3.20,8025320,0
WISH.US,D,20180914,000000,3.19,3.21,2.90,2.99,6838094,0
WISH.US,D,20180917,000000,3.02,3.43,2.99,3.26,5523051,0
WISH.US,D,20180917,000000,3.27,3.30,3.25,3.29,4748743,0
WISH.US,D,20180917,000000,3.32,3.37,3.17,3.18,5946067,0
WISH.US,D,20180918,000000,3.18,3.20,2.83,2.97,4970901,0
WISH.US,D,20180919,000000,2.96,3.16,2.93,3.10,8854921,0
WISH.US,D,20180920,000000,3.17,3.39,3.16,3.37,4041151,0
WISH.US,D,20180921,000000,3.30,3.37,3.30,3.34,5637127,0
WISH.US,D,20180924,000000,3.38,3.39,3.28,3.32,7874376,0
WISH.US,D,20180924,000000,3.21,3.68,3.21,3.46,4750945,0
WISH.US,D,20180924,000000,3.49,3.49,3.41,3.41,3854229,0
WISH.US,D,20180925,000000,3.46,3.48,3.39,3.39,6259643,0
WISH.US,D,20180926,000000,3.39,3.42,3.23,3.26,8915609,0
WISH.US,D,20180927,000000,3.35,3.45,3.12,3.19,6631707,0
WISH.US,D,20180928,000000,3.18,3.20,3.02,3.04,5415171,0
WISH.US,D,20181001,000000,3.06,3.10,2.93,2.99,8349174,0
WISH.US,D,20181001,000000,2.95,3.07,2.94,3.04,5638727,0
WISH.US,D,20181001,000000,3.06,3.16,2.73,2.76,6371841,0
WISH.US,D,20181002,000000,2.72,2.88,2.72,2.85,4826257,0
WISH.US,D,20181003,000000,2.74,3.23,2.69,3.05,6223447,0
WISH.US,D,20181004,000000,3.05,3.08,2.84,2.86,3822751,0
WISH.US,D,20181005,000000,2.94,2.95,2.75,2.79,6222378,0
WISH.US,D,20181008,000000,2.76,2.83,2.74,2.78,4428356,0
WISH.US,D,20181008,000000,2.72,2.81,2.68,2.77,6334969,0
WISH.US,D,20181008,000000,2.74,2.92,2.65,2.86,7122361,0
WISH.US,D,20181009,000000,2.87,2.93,2.47,2.55,7193999,0
WISH.US,D,20181010,000000,2.57,2.64,2.52,2.63,5235066,0
WISH.US,D,20181011,000000,2.68,2.71,2.41,2.49,3295828,0
WISH.US,D,20181012,000000,2.48,2.49,2.41,2.44,6831770,0
WISH.US,D,20181015,000000,2.43,2.47,2.33,2.33,6336974,0
WISH.US,D,20181015,000000,2.35,2.51,2.33,2.47,7060900,0
WISH.US,D,20181015,000000,2.50,2.54,2.30,2.36,7488170,0
WISH.US,D,20181016,000000,2.29,2.36,2.28,2.34,8155420,0
WISH.US,D,20181017,000000,2.29,2.43,2.28,2.36,4395922,0
WISH.US,D,20181018,000000,2.44,2.50,2.43,2.48,8640160,0
WISH.US,D,20181019,000000,2.45,2.85,2.44,2.71,6835712,0
WISH.US,D,20181022,000000,2.69,2.72,2.59,2.63,8178942,0
WISH.US,D,20181022,000000,2.68,2.77,2.50,2.54,6058814,0
WISH.US,D,20181022,000000,2.68,2.77,2.42,2.43,3195569,0
WISH.US,D,20181023,000000,2.41,2.43,2.41,2.43,6452424,0
WISH.US,D,20181024,000000,2.40,2.45,2.16,2.30,6237606,0
WISH.US,D,20181025,000000,2.31,2.32,2.18,2.22,7284442,0
WISH.US,D,20181026,000000,2.20,2.21,2.18,2.19,3855314,0
WISH.US,D,20181029,000000,2.20,2.45,2.06,2.43,7759021,0
WISH.US,D,20181029,000000,2.44,2.47,2.16,2.27,4463238,0
WISH.US,D,20181029,000000,2.33,2.40,2.14,2.19,3582144,0
WISH.US,D,20181030,000000,2.19,2.29,2.19,2.27,5616303,0
WISH.US,D,20181031,000000,2.25,2.30,2.24,2.29,6305106,0
WISH.US,D,20181101,000000,2.23,2.31,2.17,2.30,6272743,0
WISH.US,D,20181102,000000,2.36,2.39,2.35,2.35,4268158,0
WISH.US,D,20181105,000000,2.31,2.51,2.29,2.42,7911063,0
WISH.US,D,20181105,000000,2.40,2.46,2.39,2.45,3695834,0
WISH.US,D,20181105,000000,2.42,2.57,2.38,2.51,5193468,0
WISH.US,D,20181106,000000,2.47,2.62,2.45,2.60,3026335,0
WISH.US,D,20181107,000000,2.61,2.66,2.61,2.64,5604693,0
WISH.US,D,20181108,000000,2.65,2.65,2.53,2.56,5620846,0
WISH.US,D,20181109,000000,2.57,2.58,2.38,2.47,3996939,0
WISH.US,D,20181112,000000,2.45,2.47,2.45,2.47,5144663,0
WISH.US,D,20181112,000000,2.53,2.56,2.39,2.45,6846611,0
WISH.US,D,20181112,000000,2.51,2.54,2.38,2.41,6157054,0
WISH.US,D,20181113,000000,2.43,2.55,2.42,2.48,6067239,0
WISH.US,D,20181114,000000,2.53,2.55,2.31,2.41,4691850,0
WISH.US,D,20181115,000000,2.40,2.76,2.18,2.72,6425117,0
WISH.US,D,20181116,000000,2.77,2.78,2.64,2.71,7247728,0
WISH.US,D,20181119,000000,2.61,2.68,2.61,2.67,4553696,0
WISH.US,D,20181119,000000,2.69,2.69,2.64,2.64,3824340,0
WISH.US,D,20181119,000000,2.70,2.79,2.69,2.73,7106376,0
WISH.US,D,20181120,000000,2.73,2.91,2.72,2.85,6821769,0
WISH.US,D,20181121,000000,2.85,2.87,2.73,2.74,8595961,0
WISH.US,D,20181122,000000,2.80,2.81,2.54,2.65,3230198,0
WISH.US,D,20181123,000000,2.59,2.92,2.58,2.82,7149127,0
WISH.US,D,20181126,000000,2.79,2.81,2.51,2.61,7035731,0
WISH.US,D,20181126,000000,2.58,2.59,2.57,2.57,7340470,0
WISH.US,D,20181126,000000,2.60,2.73,2.57,2.69,3567932,0
WISH.US,D,20181127,000000,2.68,3.02,2.59,2.98,3329465,0
WISH.US,D,20181128,000000,2.97,2.98,2.94,2.96,8147604,0
WISH.US,D,20181129,000000,2.88,2.94,2.64,2.74,3312289,0
WISH.US,D,20181130,000000,2.67,2.82,2.66,2.76,8999654,0
WISH.US,D,20181203,000000,2.73,2.85,2.73,2.83,8970889,0
WISH.US,D,20181203,000000,2.86,2.92,2.65,2.66,5426522,0
WISH.US,D,20181203,000000,2.61,2.65,2.40,2.46,7396143,0
WISH.US,D,20181204,000000,2.55,2.59,2.44,2.46,7033080,0
WISH.US,D,20181205,000000,2.43,2.49,2.23,2.31,8017717,0
WISH.US,D,20181206,000000,2.25,2.44,2.23,2.38,5315073,0
WISH.US,D,20181207,000000,2.33,2.33,2.29,2.30,3767718,0
WISH.US,D,20181210,000000,2.30,2.41,2.07,2.15,8788948,0
WISH.US,D,20181210,000000,2.14,2.18,2.00,2.01,4860630,0
WISH.US,D,20181210,000000,2.04,2.07,1.97,2.01,5677116,0
WISH.US,D,20181211,000000,2.02,2.12,2.01,2.08,5486761,0
WISH.US,D,20181212,000000,2.09,2.23,2.09,2.19,7719087,0
WISH.US,D,20181213,000000,2.24,2.28,2.09,2.09,7173699,0
WISH.US,D,20181214,000000,2.02,2.08,2.02,2.07,5612878,0
WISH.US,D,20181217,000000,2.02,2.20,2.02,2.20,3888014,0
WISH.US,D,20181217,000000,2.18,2.22,2.17,2.21,4451680,0
WISH.US,D,20181217,000000,2.23,2.27,2.23,2.25,4414017,0
WISH.US,D,20181218,000000,2.23,2.25,2.23,2.24,7400241,0
WISH.US,D,20181219,000000,2.18,2.23,2.14,2.16,6631522,0
WISH.US,D,20181220,000000,2.12,2.13,2.08,2.08,3891010,0
WISH.US,D,20181221,000000,2.11,2.12,2.07,2.10,3978015,0
WISH.US,D,20181224,000000,2.11,2.12,2.04,2.06,4801369,0
WISH.US,D,20181224,000000,2.04,2.06,1.92,1.94,7830807,0
WISH.US,D,20181224,000000,1.94,2.06,1.93,2.06,3546499,0
WISH.US,D,20181225,000000,2.05,2.12,1.67,1.80,6812793,0
WISH.US,D,20181226,000000,1.82,1.86,1.66,1.68,3455179,0
WISH.US,D,20181227,000000,1.67,1.69,1.61,1.62,5250911,0
WISH.US,D,20181228,000000,1.64,1.64,1.25,1.44,6469252,0
WISH.US,D,20181231,000000,1.42,1.54,1.41,1.50,8004917,0
WISH.US,D,20181231,000000,1.49,1.50,1.47,1.47,4557258,0
WISH.US,D,20181231,000000,1.45,1.48,1.31,1.36,7147213,0
WISH.US,D,20190101,000000,1.34,1.48,1.32,1.44,4093711,0
WISH.US,D,20190102,000000,1.43,1.45,1.42,1.44,4588519,0
WISH.US,D,20190103,000000,1.46,1.46,1.38,1.41,3651208,0
WISH.US,D,20190104,000000,1.40,1.45,1.39,1.42,7385744,0
WISH.US,D,20190107,000000,1.39,1.40,1.38,1.40,7968720,0
WISH.US,D,20190107,000000,1.39,1.40,1.35,1.35,8727909,0
WISH.US,D,20190107,000000,1.35,1.36,1.25,1.29,5470522,0
WISH.US,D,20190108,000000,1.28,1.31,1.24,1.26,8391547,0
WISH.US,D,20190109,000000,1.26,1.26,1.17,1.18,6852646,0
WISH.US,D,20190110,000000,1.16,1.17,1.16,1.17,4243698,0
WISH.US,D,20190111,000000,1.16,1.22,1.14,1.22,5072564,0
WISH.US,D,20190114,000000,1.23,1.26,1.22,1.24,4180703,0
WISH.US,D,20190114,000000,1.27,1.29,1.17,1.20,8246315,0
WISH.US,D,20190114,000000,1.19,1.22,1.16,1.17,6855030,0
WISH.US,D,20190115,000000,1.20,1.25,1.18,1.24,4527183,0
WISH.US,D,20190116,000000,1.27,1.29,1.27,1.28,8863678,0
WISH.US,D,20190117,000000,1.29,1.34,1.14,1.23,8014446,0
WISH.US,D,20190118,000000,1.21,1.28,1.16,1.26,3835689,0
WISH.US,D,20190121,000000,1.26,1.26,1.24,1.25,8545017,0
WISH.US,D,20190121,000000,1.27,1.28,1.22,1.25,6459405,0
WISH.US,D,20190121,000000,1.23,1.25,1.18,1.19,8291916,0
WISH.US,D,20190122,000000,1.21,1.25,1.07,1.09,5781639,0
WISH.US,D,20190123,000000,1.11,1.11,1.09,1.10,5771476,0
WISH.US,D,20190124,000000,1.11,1.15,0.99,1.00,5037057,0
WISH.US,D,20190125,000000,1.00,1.08,0.99,1.05,6296581,0
WISH.US,D,20190128,000000,1.05,1.06,1.00,1.01,8164790,0
WISH.US,D,20190128,000000,1.00,1.05,0.99,1.05,5932841,0
WISH.US,D,20190128,000000,1.04,1.06,1.04,1.06,8242685,0
WISH.US,D,20190129,000000,1.06,1.10,1.03,1.10,6080925,0
WISH.US,D,20190130,000000,1.09,1.09,1.07,1.07,6078071,0
WISH.US,D,20190131,000000,1.08,1.12,1.07,1.08,7601508,0
WISH.US,D,20190201,000000,1.10,1.12,1.09,1.12,3555911,0
WISH.US,D,20190204,000000,1.12,1.12,1.08,1.09,7125503,0
WISH.US,D,20190204,000000,1.09,1.12,1.08,1.12,6638765,0
WISH.US,D,20190204,000000,1.12,1.15,1.02,1.07,3749044,0
WISH.US,D,20190205,000000,1.07,1.07,1.04,1.04,3019474,0
WISH.US,D,20190206,000000,1.03,1.06,1.03,1.04,4601478,0
WISH.US,D,20190207,000000,1.05,1.08,1.05,1.06,4229705,0
WISH.US,D,20190208,000000,1.04,1.05,1.01,1.02,4389103,0
WISH.US,D,20190211,000000,1.02,1.05,1.01,1.05,7383955,0
WISH.US,D,20190211,000000,1.05,1.08,1.05,1.07,11962375,0
WISH.US,D,20190211,000000,1.08,1.09,1.07,1.08,11379139,0
WISH.US,D,20190212,000000,1.07,1.11,1.07,1.11,8056366,0
WISH.US,D,20190213,000000,1.11,1.14,1.10,1.13,5967341,0
WISH.US,D,20190214,000000,1.13,1.15,1.13,1.14,14114063,0
WISH.US,D,20190215,000000,1.12,1.17,1.11,1.16,11420040,0
WISH.US,D,20190218,000000,1.19,1.20,1.18,1.19,16561122,0
WISH.US,D,20190218,000000,1.21,1.22,1.20,1.21,15319695,0
WISH.US,D,20190218,000000,1.20,1.24,1.20,1.22,10751964,0
WISH.US,D,20190219,000000,1.21,1.27,1.21,1.25,13469117,0
WISH.US,D,20190220,000000,1.25,1.28,1.24,1.28,10462099,0
WISH.US,D,20190221,000000,1.32,1.32,1.29,1.30,9501929,0
WISH.US,D,20190222,000000,1.29,1.36,1.28,1.33,17042766,0
WISH.US,D,20190225,000000,1.31,1.41,1.30,1.36,13876492,0
WISH.US,D,20190225,000000,1.33,1.47,1.32,1.40,11558079,0
WISH.US,D,20190225,000000,1.38,1.45,1.38,1.43,12687903,0
WISH.US,D,20190226,000000,1.40,1.50,1.40,1.47,18301146,0
WISH.US,D,20190227,000000,1.45,1.56,1.44,1.50,20563980,0
WISH.US,D,20190228,000000,1.51,1.52,1.51,1.52,23368884,0
WISH.US,D,20190301,000000,1.50,1.59,1.45,1.57,21786014,0
WISH.US,D,20190304,000000,1.61,1.63,1.59,1.62,12245673,0
WISH.US,D,20190304,000000,1.64,1.70,1.63,1.69,19278964,0
WISH.US,D,20190304,000000,1.71,1.77,1.71,1.75,21575081,0
WISH.US,D,20190305,000000,1.78,1.80,1.75,1.80,14331178,0
WISH.US,D,20190306,000000,1.78,1.89,1.78,1.86,10920739,0
WISH.US,D,20190307,000000,1.81,1.94,1.77,1.92,18046860,0
WISH.US,D,20190308,000000,1.93,1.98,1.90,1.98,26293307,0
WISH.US,D,20190311,000000,1.97,2.10,1.97,2.05,14175815,0
WISH.US,D,20190311,000000,2.04,2.19,2.01,2.14,15221354,0
WISH.US,D,20190311,000000,2.21,2.22,2.17,2.21,28663829,0
WISH.US,D,20190312,000000,2.23,2.39,2.20,2.36,5013049,0
WISH.US,D,20190313,000000,2.35,2.41,2.33,2.39,4935728,0
WISH.US,D,20190314,000000,2.37,2.39,1.99,2.19,6722946,0
WISH.US,D,20190315,000000,2.23,2.31,2.23,2.29,6048793,0
WISH.US,D,20190318,000000,2.31,2.37,2.29,2.36,8932221,0
WISH.US,D,20190318,000000,2.31,2.49,2.25,2.44,6134938,0
WISH.US,D,20190318,000000,2.46,2.69,2.46,2.62,8178290,0
WISH.US,D,20190319,000000,2.68,2.68,2.66,2.67,4833325,0
WISH.US,D,20190320,000000,2.67,2.84,2.65,2.81,8618360,0
WISH.US,D,20190321,000000,2.77,2.79,2.48,2.55,5462957,0
WISH.US,D,20190322,000000,2.56,2.60,2.49,2.53,7757905,0
WISH.US,D,20190325,000000,2.56,2.91,2.52,2.82,6199170,0
WISH.US,D,20190325,000000,2.91,2.92,2.91,2.92,7430293,0
WISH.US,D,20190325,000000,2.89,3.09,2.82,3.06,5370978,0
WISH.US,D,20190326,000000,3.05,3.32,3.02,3.32,5350635,0
WISH.US,D,20190327,000000,3.37,3.42,3.04,3.18,8622376,0
WISH.US,D,20190328,000000,3.15,3.19,2.97,2.99,8287957,0
WISH.US,D,20190329,000000,3.08,3.25,3.06,3.24,4121633,0
WISH.US,D,20190401,000000,3.23,3.24,3.23,3.24,5692817,0
WISH.US,D,20190401,000000,3.27,3.31,3.26,3.29,3396015,0
WISH.US,D,20190401,000000,3.25,3.28,3.13,3.14,6750066,0
WISH.US,D,20190402,000000,3.15,3.25,3.10,3.18,5482398,0
WISH.US,D,20190403,000000,3.08,3.09,2.81,2.98,6752882,0
WISH.US,D,20190404,000000,2.97,3.26,2.96,3.19,4540213,0
WISH.US,D,20190405,000000,3.20,3.23,3.15,3.15,5795210,0
WISH.US,D,20190408,000000,3.14,3.20,2.78,2.84,8478245,0
WISH.US,D,20190408,000000,2.87,2.96,2.86,2.92,5384018,0
WISH.US,D,20190408,000000,2.90,3.17,2.74,3.11,7739759,0
WISH.US,D,20190409,000000,3.17,3.22,2.86,3.00,4308379,0
WISH.US,D,20190410,000000,3.04,3.09,2.98,2.99,5400674,0
WISH.US,D,20190411,000000,2.91,2.93,2.68,2.70,5025466,0
WISH.US,D,20190412,000000,2.68,2.72,2.66,2.72,7712311,0
WISH.US,D,20190415,000000,2.69,2.98,2.68,2.95,6952282,0
WISH.US,D,20190415,000000,2.97,3.02,2.91,2.92,3652851,0
WISH.US,D,20190415,000000,2.99,3.25,2.96,3.22,8309693,0
WISH.US,D,20190416,000000,3.27,3.47,3.26,3.44,6746473,0
WISH.US,D,20190417,000000,3.43,3.45,3.34,3.36,8985173,0
WISH.US,D,20190418,000000,3.45,3.47,3.18,3.28,7640806,0
WISH.US,D,20190419,000000,3.24,3.24,3.10,3.12,6510231,0
WISH.US,D,20190422,000000,3.14,3.27,3.07,3.22,5125282,0
WISH.US,D,20190422,000000,3.22,3.23,3.22,3.23,5657978,0
WISH.US,D,20190422,000000,3.22,3.23,3.09,3.10,4397123,0
WISH.US,D,20190423,000000,3.08,3.53,3.00,3.47,8287794,0
WISH.US,D,20190424,000000,3.44,3.45,3.18,3.24,8071587,0
WISH.US,D,20190425,000000,3.29,3.30,3.29,3.30,5240134,0
WISH.US,D,20190426,000000,3.32,3.33,3.01,3.10,6216301,0
WISH.US,D,20190429,000000,3.10,3.10,2.92,2.96,4290064,0
WISH.US,D,20190429,000000,2.94,2.96,2.89,2.93,7720293,0
WISH.US,D,20190429,000000,2.94,3.14,2.91,3.13,3173513,0
WISH.US,D,20190430,000000,3.11,3.13,3.07,3.09,4250866,0
WISH.US,D,20190501,000000,3.06,3.08,2.92,2.99,3239082,0
WISH.US,D,20190502,000000,2.96,3.11,2.91,3.05,8359118,0
WISH.US,D,20190503,000000,3.09,3.10,2.91,2.91,3663219,0
WISH.US,D,20190506,000000,2.92,2.93,2.92,2.92,4254176,0
WISH.US,D,20190506,000000,2.97,3.00,2.91,2.93,3385797,0
WISH.US,D,20190506,000000,2.89,3.33,2.84,3.19,8000532,0
WISH.US,D,20190507,000000,3.15,3.30,3.14,3.27,3989209,0
WISH.US,D,20190508,000000,3.31,3.31,3.17,3.23,4099052,0
WISH.US,D,20190509,000000,3.25,3.33,3.20,3.28,8979509,0
WISH.US,D,20190510,000000,3.27,3.29,3.26,3.26,8543685,0
WISH.US,D,20190513,000000,3.26,3.42,3.26,3.39,6513935,0
WISH.US,D,20190513,000000,3.35,3.35,3.33,3.33,4810769,0
WISH.US,D,20190513,000000,3.29,3.29,3.23,3.23,7895400,0
WISH.US,D,20190514,000000,3.26,3.27,3.24,3.26,5144984,0
WISH.US,D,20190515,000000,3.18,3.53,3.15,3.46,7013824,0
WISH.US,D,20190516,000000,3.45,3.63,3.43,3.55,4208585,0
WISH.US,D,20190517,000000,3.48,3.49,3.41,3.46,6525611,0
WISH.US,D,20190520,000000,3.40,3.42,3.32,3.36,3269123,0
WISH.US,D,20190520,000000,3.32,3.37,3.31,3.35,8248059,0
WISH.US,D,20190520,000000,3.35,3.63,3.34,3.49,8691437,0
WISH.US,D,20190521,000000,3.53,3.57,3.40,3.42,5610580,0
WISH.US,D,20190522,000000,3.34,3.39,3.24,3.28,8999746,0
WISH.US,D,20190523,000000,3.27,3.29,3.10,3.17,5751467,0
WISH.US,D,20190524,000000,3.24,3.24,3.02,3.14,6578941,0
WISH.US,D,20190527,000000,3.22,3.23,3.13,3.15,7392184,0
WISH.US,D,20190527,000000,3.18,3.18,3.03,3.07,4044519,0
WISH.US,D,20190527,000000,3.06,3.07,2.81,2.85,7211395,0
WISH.US,D,20190528,000000,2.86,2.88,2.79,2.79,6066165,0
WISH.US,D,20190529,000000,2.85,2.86,2.76,2.79,6317772,0
WISH.US,D,20190530,000000,2.76,2.82,2.45,2.52,6871746,0
WISH.US,D,20190531,000000,2.51,2.72,2.46,2.66,5608130,0
WISH.US,D,20190603,000000,2.67,2.77,2.16,2.28,3609682,0
WISH.US,D,20190603,000000,2.22,2.23,2.19,2.20,3373041,0
WISH.US,D,20190603,000000,2.26,2.36,2.24,2.30,8385421,0
WISH.US,D,20190604,000000,2.35,2.41,2.25,2.33,5876612,0
WISH.US,D,20190605,000000,2.30,2.49,2.25,2.42,6126802,0
WISH.US,D,20190606,000000,2.41,2.51,2.39,2.48,3952191,0
WISH.US,D,20190607,000000,2.47,2.49,2.45,2.46,3013757,0
WISH.US,D,20190610,000000,2.41,2.54,2.39,2.52,3999613,0
WISH.US,D,20190610,000000,2.52,2.56,2.35,2.45,8091359,0
WISH.US,D,20190610,000000,2.38,2.55,2.37,2.55,3906420,0
WISH.US,D,20190611,000000,2.60,2.62,2.25,2.37,4428301,0
WISH.US,D,20190612,000000,2.35,2.41,2.34,2.38,8150530,0
WISH.US,D,20190613,000000,2.38,2.43,2.29,2.31,3742345,0
WISH.US,D,20190614,000000,2.24,2.51,2.23,2.48,6975574,0
WISH.US,D,20190617,000000,2.50,2.55,2.40,2.42,5107400,0
WISH.US,D,20190617,000000,2.40,2.42,2.39,2.41,5867337,0
WISH.US,D,20190617,000000,2.44,2.47,2.28,2.28,5551694,0
WISH.US,D,20190618,000000,2.26,2.28,2.25,2.27,3594891,0
WISH.US,D,20190619,000000,2.25,2.37,2.24,2.37,7425256,0
WISH.US,D,20190620,000000,2.32,2.41,2.32,2.36,5171314,0
WISH.US,D,20190621,000000,2.32,2.40,2.31,2.38,7282043,0
WISH.US,D,20190624,000000,2.34,2.40,2.31,2.40,5558758,0
WISH.US,D,20190624,000000,2.34,2.39,2.06,2.10,4941132,0
WISH.US,D,20190624,000000,2.07,2.09,2.03,2.05,6590196,0
WISH.US,D,20190625,000000,2.03,2.21,1.95,2.16,3702097,0
WISH.US,D,20190626,000000,2.14,2.14,2.10,2.11,3575913,0
WISH.US,D,20190627,000000,2.10,2.13,1.97,1.99,7103130,0
WISH.US,D,20190628,000000,1.97,1.98,1.96,1.96,5224250,0
WISH.US,D,20190701,000000,1.97,2.01,1.96,2.00,6914051,0
WISH.US,D,20190701,000000,1.98,2.00,1.84,1.85,3288573,0
WISH.US,D,20190701,000000,1.83,1.85,1.82,1.84,5573224,0
WISH.US,D,20190702,000000,1.87,1.89,1.85,1.86,6217715,0
WISH.US,D,20190703,000000,1.86,1.87,1.78,1.78,4110052,0
WISH.US,D,20190704,000000,1.79,1.79,1.71,1.72,6079121,0
WISH.US,D,20190705,000000,1.72,1.82,1.72,1.78,5443751,0
WISH.US,D,20190708,000000,1.75,1.90,1.75,1.86,8577325,0
WISH.US,D,20190708,000000,1.87,1.89,1.81,1.82,8683491,0
WISH.US,D,20190708,000000,1.83,1.85,1.73,1.74,3617553,0
WISH.US,D,20190709,000000,1.75,1.79,1.58,1.61,8164883,0
WISH.US,D,20190710,000000,1.64,1.70,1.64,1.69,3196493,0
WISH.US,D,20190711,000000,1.66,1.67,1.64,1.65,3815314,0
WISH.US,D,20190712,000000,1.64,1.71,1.62,1.68,3428614,0
WISH.US,D,20190715,000000,1.68,1.68,1.67,1.67,6685890,0
WISH.US,D,20190715,000000,1.68,1.74,1.67,1.70,7380549,0
WISH.US,D,20190715,000000,1.74,1.75,1.69,1.71,8067476,0
WISH.US,D,20190716,000000,1.77,1.79,1.66,1.70,4124904,0
WISH.US,D,20190717,000000,1.66,1.66,1.62,1.64,5556257,0
WISH.US,D,20190718,000000,1.65,1.74,1.64,1.69,5425809,0
WISH.US,D,20190719,000000,1.71,1.72,1.51,1.57,8485007,0
WISH.US,D,20190722,000000,1.58,1.69,1.56,1.69,8057639,0
WISH.US,D,20190722,000000,1.70,1.73,1.69,1.73,5590346,0
WISH.US,D,20190722,000000,1.70,1.78,1.68,1.76,5689697,0
WISH.US,D,20190723,000000,1.78,1.79,1.78,1.78,3109178,0
WISH.US,D,20190724,000000,1.80,1.85,1.63,1.68,5675959,0
WISH.US,D,20190725,000000,1.69,1.70,1.61,1.63,6341467,0
WISH.US,D,20190726,000000,1.62,1.63,1.61,1.62,3599336,0
WISH.US,D,20190729,000000,1.61,1.62,1.61,1.61,5350594,0
WISH.US,D,20190729,000000,1.60,1.68,1.59,1.67,5715960,0
WISH.US,D,20190729,000000,1.65,1.66,1.59,1.61,4773064,0
WISH.US,D,20190730,000000,1.60,1.62,1.50,1.53,7656590,0
WISH.US,D,20190731,000000,1.52,1.60,1.51,1.58,8789713,0
WISH.US,D,20190801,000000,1.63,1.71,1.61,1.67,8793523,0
WISH.US,D,20190802,000000,1.62,1.72,1.61,1.70,8869820,0
WISH.US,D,20190805,000000,1.69,1.69,1.62,1.63,3039806,0
WISH.US,D,20190805,000000,1.61,1.73,1.58,1.67,7409504,0
WISH.US,D,20190805,000000,1.71,1.72,1.70,1.72,4724388,0
WISH.US,D,20190806,000000,1.73,1.82,1.72,1.82,5523280,0
WISH.US,D,20190807,000000,1.81,1.93,1.77,1.90,5785770,0
WISH.US,D,20190808,000000,1.93,1.98,1.93,1.96,5481027,0
WISH.US,D,20190809,000000,1.96,2.00,1.95,1.98,3509347,0
WISH.US,D,20190812,000000,2.01,2.05,2.00,2.03,4555254,0
WISH.US,D,20190812,000000,2.01,2.01,1.99,2.00,7539048,0
WISH.US,D,20190812,000000,2.00,2.05,1.98,2.01,7894086,0
WISH.US,D,20190813,000000,2.01,2.02,1.96,1.97,5680431,0
WISH.US,D,20190814,000000,1.97,2.08,1.96,2.00,6046866,0
WISH.US,D,20190815,000000,1.97,2.14,1.95,2.11,4445215,0
WISH.US,D,20190816,000000,2.03,2.14,2.00,2.09,4244483,0
WISH.US,D,20190819,000000,2.08,2.16,1.68,1.79,3305076,0
WISH.US,D,20190819,000000,1.81,1.86,1.54,1.60,5329817,0
WISH.US,D,20190819,000000,1.61,1.65,1.61,1.64,4820497,0
WISH.US,D,20190820,000000,1.65,1.93,1.55,1.87,6009126,0
WISH.US,D,20190821,000000,1.87,1.93,1.86,1.91,7021700,0
WISH.US,D,20190822,000000,1.94,1.94,1.85,1.88,7715278,0
WISH.US,D,20190823,000000,1.83,2.01,1.81,1.96,4827499,0
WISH.US,D,20190826,000000,1.96,1.99,1.82,1.87,3776310,0
WISH.US,D,20190826,000000,1.83,1.86,1.82,1.85,3829707,0
WISH.US,D,20190826,000000,1.84,1.88,1.84,1.86,7864670,0
WISH.US,D,20190827,000000,1.87,2.04,1.83,2.01,3704862,0
WISH.US,D,20190828,000000,2.05,2.08,1.98,1.99,8551767,0
WISH.US,D,20190829,000000,2.00,2.32,1.96,2.21,8629033,0
WISH.US,D,20190830,000000,2.23,2.37,2.22,2.36,5987606,0
WISH.US,D,20190902,000000,2.39,2.43,2.03,2.11,3643291,0
WISH.US,D,20190902,000000,2.12,2.15,2.02,2.03,3139957,0
WISH.US,D,20190902,000000,2.06,2.11,1.96,1.98,5788973,0
WISH.US,D,20190903,000000,1.95,1.99,1.94,1.98,7590831,0
WISH.US,D,20190904,000000,1.98,2.01,1.96,2.00,4933824,0
WISH.US,D,20190905,000000,1.98,1.99,1.89,1.91,8329774,0
WISH.US,D,20190906,000000,1.94,1.94,1.82,1.84,3599658,0
WISH.US,D,20190909,000000,1.93,1.93,1.86,1.89,8632668,0
WISH.US,D,20190909,000000,1.86,1.88,1.85,1.87,7078416,0
WISH.US,D,20190909,000000,1.87,2.06,1.86,2.00,7586649,0
WISH.US,D,20190910,000000,1.97,1.98,1.93,1.94,8934328,0
WISH.US,D,20190911,000000,1.94,1.95,1.92,1.93,4349804,0
WISH.US,D,20190912,000000,1.95,2.08,1.91,2.05,7520648,0
WISH.US,D,20190913,000000,2.02,2.19,2.00,2.14,5293935,0
WISH.US,D,20190916,000000,2.14,2.20,2.04,2.06,3114531,0
WISH.US,D,20190916,000000,2.07,2.08,1.88,1.89,3741203,0
WISH.US,D,20190916,000000,1.87,1.93,1.84,1.88,5439016,0
WISH.US,D,20190917,000000,1.90,1.98,1.90,1.95,7834302,0
WISH.US,D,20190918,000000,1.95,2.00,1.72,1.80,6207662,0
WISH.US,D,20190919,000000,1.79,1.86,1.78,1.86,4026385,0
WISH.US,D,20190920,000000,1.83,1.83,1.82,1.82,3484483,0
WISH.US,D,20190923,000000,1.81,1.89,1.52,1.54,8698765,0
WISH.US,D,20190923,000000,1.52,1.53,1.38,1.40,7527998,0
WISH.US,D,20190923,000000,1.40,1.47,1.40,1.45,3702163,0
WISH.US,D,20190924,000000,1.46,1.48,1.45,1.48,5136496,0
WISH.US,D,20190925,000000,1.49,1.55,1.48,1.53,5322616,0
WISH.US,D,20190926,000000,1.54,1.54,1.52,1.52,7322419,0
WISH.US,D,20190927,000000,1.53,1.57,1.52,1.54,5477009,0
WISH.US,D,20190930,000000,1.55,1.55,1.43,1.44,7136612,0
WISH.US,D,20190930,000000,1.46,1.53,1.46,1.53,6278140,0
WISH.US,D,20190930,000000,1.52,1.71,1.51,1.65,6263717,0
WISH.US,D,20191001,000000,1.62,1.62,1.47,1.51,5989617,0
WISH.US,D,20191002,000000,1.50,1.51,1.46,1.47,6723637,0
WISH.US,D,20191003,000000,1.46,1.50,1.46,1.48,7110061,0
WISH.US,D,20191004,000000,1.46,1.48,1.37,1.38,7875674,0
WISH.US,D,20191007,000000,1.40,1.44,1.39,1.42,8561120,0
WISH.US,D,20191007,000000,1.39,1.44,1.38,1.40,8236209,0
WISH.US,D,20191007,000000,1.43,1.54,1.42,1.50,5508819,0
WISH.US,D,20191008,000000,1.48,1.48,1.40,1.42,6432224,0
WISH.US,D,20191009,000000,1.43,1.44,1.37,1.38,3626262,0
WISH.US,D,20191010,000000,1.35,1.46,1.34,1.45,3588186,0
WISH.US,D,20191011,000000,1.47,1.53,1.47,1.53,6089528,0
WISH.US,D,20191014,000000,1.51,1.51,1.46,1.47,5230217,0
WISH.US,D,20191014,000000,1.45,1.45,1.44,1.45,5851761,0
WISH.US,D,20191014,000000,1.47,1.61,1.46,1.59,3459611,0
WISH.US,D,20191015,000000,1.55,1.66,1.55,1.64,8018283,0
WISH.US,D,20191016,000000,1.59,1.76,1.55,1.74,5491646,0
WISH.US,D,20191017,000000,1.78,1.79,1.67,1.68,17255850,0
WISH.US,D,20191018,000000,1.70,1.73,1.58,1.62,15567635,0
WISH.US,D,20191021,000000,1.62,1.62,1.52,1.56,18489689,0
WISH.US,D,20191021,000000,1.54,1.55,1.50,1.51,17410819,0
WISH.US,D,20191021,000000,1.48,1.49,1.42,1.43,21613176,0
WISH.US,D,20191022,000000,1.41,1.42,1.30,1.34,26496186,0
WISH.US,D,20191023,000000,1.32,1.33,1.22,1.24,14275433,0
WISH.US,D,20191024,000000,1.25,1.27,1.20,1.20,22283075,0
WISH.US,D,20191025,000000,1.23,1.27,1.08,1.10,27649750,0
WISH.US,D,20191028,000000,1.10,1.12,1.01,1.04,36539084,0
WISH.US,D,20191028,000000,1.02,1.03,0.99,1.00,3560734,0
WISH.US,D,20191028,000000,1.00,1.00,1.00,1.00,3389408,0
WISH.US,D,20191029,000000,1.00,1.01,1.00,1.00,8939227,0
WISH.US,D,20191030,000000,1.00,1.01,0.99,1.00,8281257,0
WISH.US,D,20191031,000000,1.02,1.07,1.01,1.06,5555552,0
WISH.US,D,20191101,000000,1.04,1.13,1.02,1.13,3575409,0
WISH.US,D,20191104,000000,1.16,1.18,1.05,1.08,5386341,0
WISH.US,D,20191104,000000,1.09,1.09,1.07,1.08,7790105,0
WISH.US,D,20191104,000000,1.08,1.21,1.07,1.15,7944019,0
WISH.US,D,20191105,000000,1.13,1.19,1.11,1.19,6354635,0
WISH.US,D,20191106,000000,1.23,1.28,1.10,1.17,4674607,0
WISH.US,D,20191107,000000,1.20,1.21,1.14,1.16,6885179,0
WISH.US,D,20191108,000000,1.16,1.16,1.11,1.14,8917831,0
WISH.US,D,20191111,000000,1.12,1.14,1.12,1.13,7082704,0
WISH.US,D,20191111,000000,1.11,1.14,1.10,1.14,3311818,0
WISH.US,D,20191111,000000,1.13,1.22,1.09,1.19,8830125,0
WISH.US,D,20191112,000000,1.22,1.24,1.06,1.13,3160440,0
WISH.US,D,20191113,000000,1.14,1.17,0.97,1.01,5966059,0
WISH.US,D,20191114,000000,1.01,1.01,1.00,1.00,8316944,0
WISH.US,D,20191115,000000,1.00,1.00,1.00,1.00,7076505,0
WISH.US,D,20191118,000000,1.00,1.11,0.99,1.06,8668154,0
WISH.US,D,20191118,000000,1.06,1.13,1.04,1.11,8180650,0
WISH.US,D,20191118,000000,1.12,1.29,1.12,1.25,6478659,0
WISH.US,D,20191119,000000,1.21,1.24,1.21,1.23,5086073,0
WISH.US,D,20191120,000000,1.25,1.38,1.21,1.35,5387044,0
WISH.US,D,20191121,000000,1.36,1.36,1.11,1.19,4848685,0
WISH.US,D,20191122,000000,1.20,1.23,1.20,1.23,5813160,0
WISH.US,D,20191125,000000,1.15,1.24,1.13,1.23,3176289,0
WISH.US,D,20191125,000000,1.20,1.28,1.19,1.26,6301427,0
WISH.US,D,20191125,000000,1.30,1.32,1.16,1.17,6656806,0
WISH.US,D,20191126,000000,1.18,1.19,1.10,1.12,7239697,0
WISH.US,D,20191127,000000,1.08,1.22,1.06,1.21,7467767,0
WISH.US,D,20191128,000000,1.18,1.18,1.09,1.13,8100275,0
WISH.US,D,20191129,000000,1.17,1.17,1.16,1.16,7606627,0
WISH.US,D,20191202,000000,1.17,1.20,1.05,1.07,6099266,0
WISH.US,D,20191202,000000,1.09,1.13,1.07,1.12,5403118,0
WISH.US,D,20191202,000000,1.14,1.15,1.03,1.04,8690964,0
WISH.US,D,20191203,000000,1.01,1.02,0.99,1.00,4223027,0
WISH.US,D,20191204,000000,1.01,1.01,1.00,1.00,6486626,0
WISH.US,D,20191205,000000,1.00,1.03,0.98,1.00,5311636,0
WISH.US,D,20191206,000000,1.00,1.01,1.00,1.00,8113470,0
WISH.US,D,20191209,000000,1.00,1.00,1.00,1.00,7451444,0
WISH.US,D,20191209,000000,1.04,1.05,1.01,1.02,3379365,0
WISH.US,D,20191209,000000,1.02,1.12,1.01,1.10,6633559,0
WISH.US,D,20191210,000000,1.11,1.11,1.11,1.11,8554590,0
WISH.US,D,20191211,000000,1.15,1.18,0.98,1.00,7337052,0
WISH.US,D,20191212,000000,1.01,1.01,0.99,1.00,4659262,0
WISH.US,D,20191213,000000,1.00,1.09,0.99,1.08,3649221,0
WISH.US,D,20191216,000000,1.10,1.10,1.09,1.10,5897306,0
WISH.US,D,20191216,000000,1.07,1.09,1.07,1.09,7210828,0
WISH.US,D,20191216,000000,1.08,1.08,0.99,1.01,3943100,0
WISH.US,D,20191217,000000,1.00,1.10,0.98,1.07,7317584,0
WISH.US,D,20191218,000000,1.08,1.14,1.08,1.12,8518271,0
WISH.US,D,20191219,000000,1.13,1.14,1.06,1.07,7095763,0
WISH.US,D,20191220,000000,1.08,1.11,1.01,1.05,6904234,0
WISH.US,D,20191223,000000,1.08,1.09,0.99,1.02,8252987,0
WISH.US,D,20191223,000000,1.02,1.02,1.01,1.01,4283736,0
WISH.US,D,20191223,000000,1.03,1.04,0.99,1.00,6550918,0
WISH.US,D,20191224,000000,1.00,1.00,0.99,1.00,7050494,0
WISH.US,D,20191225,000000,1.00,1.00,0.99,1.00,7000060,0
WISH.US,D,20191226,000000,1.00,1.10,1.00,1.07,6989791,0
WISH.US,D,20191227,000000,1.09,1.09,1.09,1.09,4013268,0
WISH.US,D,20191230,000000,1.09,1.10,1.05,1.05,4468578,0
WISH.US,D,20191230,000000,1.04,1.04,1.01,1.01,6608318,0
WISH.US,D,20191230,000000,1.05,1.05,1.00,1.00,7855611,0
WISH.US,D,20191231,000000,1.01,1.01,0.99,1.00,7132064,0
WISH.US,D,20200101,000000,1.00,1.00,1.00,1.00,5725282,0
WISH.US,D,20200102,000000,1.00,1.00,1.00,1.00,7609308,0
WISH.US,D,20200103,000000,1.00,1.01,1.00,1.01,8919257,0
WISH.US,D,20200106,000000,1.00,1.04,1.00,1.03,4188297,0
WISH.US,D,20200106,000000,1.02,1.03,0.99,1.00,3989861,0
WISH.US,D,20200106,000000,1.01,1.01,1.00,1.00,4866908,0
WISH.US,D,20200107,000000,1.01,1.01,1.00,1.00,6492608,0
WISH.US,D,20200108,000000,1.01,1.01,1.00,1.00,8190610,0
WISH.US,D,20200109,000000,1.00,1.02,1.00,1.02,6641943,0
WISH.US,D,20200110,000000,1.03,1.04,1.02,1.03,6389081,0
WISH.US,D,20200113,000000,1.03,1.05,1.02,1.05,6302099,0
WISH.US,D,20200113,000000,1.07,1.07,1.07,1.07,8246034,0
WISH.US,D,20200113,000000,1.07,1.07,1.05,1.06,5282336,0
WISH.US,D,20200114,000000,1.06,1.06,1.03,1.04,3253458,0
WISH.US,D,20200115,000000,1.04,1.07,1.04,1.06,8605277,0
WISH.US,D,20200116,000000,1.07,1.11,1.07,1.09,6280416,0
WISH.US,D,20200117,000000,1.11,1.12,1.10,1.10,4224718,0
WISH.US,D,20200120,000000,1.10,1.10,1.03,1.05,3400791,0
WISH.US,D,20200120,000000,1.05,1.06,1.04,1.04,5949471,0
WISH.US,D,20200120,000000,1.04,1.05,1.04,1.05,8760300,0
WISH.US,D,20200121,000000,1.05,1.05,1.04,1.04,5932118,0
WISH.US,D,20200122,000000,1.03,1.06,1.02,1.05,6617676,0
WISH.US,D,20200123,000000,1.06,1.06,1.02,1.03,4016753,0
WISH.US,D,20200124,000000,1.03,1.04,0.98,1.00,3926112,0
WISH.US,D,20200127,000000,1.02,1.04,0.99,1.00,4373822,0
WISH.US,D,20200127,000000,1.00,1.00,1.00,1.00,6521961,0
WISH.US,D,20200127,000000,1.00,1.07,0.98,1.06,8129757,0
WISH.US,D,20200128,000000,1.05,1.05,1.05,1.05,7715644,0
WISH.US,D,20200129,000000,1.06,1.07,1.06,1.06,7017061,0
WISH.US,D,20200130,000000,1.05,1.08,1.05,1.08,7735784,0
WISH.US,D,20200131,000000,1.09,1.10,1.05,1.06,6277078,0
WISH.US,D,20200203,000000,1.06,1.08,1.05,1.07,6564693,0
WISH.US,D,20200203,000000,1.09,1.09,1.03,1.03,7373793,0
WISH.US,D,20200203,000000,1.02,1.03,1.02,1.03,4850075,0
WISH.US,D,20200204,000000,1.02,1.05,1.01,1.03,7433308,0
WISH.US,D,20200205,000000,1.04,1.04,1.02,1.02,6812899,0
WISH.US,D,20200206,000000,1.01,1.04,1.00,1.04,8081946,0
WISH.US,D,20200207,000000,1.04,1.11,1.04,1.08,8478502,0
WISH.US,D,20200210,000000,1.09,1.09,1.06,1.06,3011040,0
WISH.US,D,20200210,000000,1.06,1.06,1.06,1.06,4164934,0
WISH.US,D,20200210,000000,1.07,1.07,1.06,1.07,8826927,0
WISH.US,D,20200211,000000,1.07,1.07,1.07,1.07,4864294,0
WISH.US,D,20200212,000000,1.07,1.07,1.07,1.07,7640851,0
WISH.US,D,20200213,000000,1.07,1.07,1.03,1.05,4223149,0
WISH.US,D,20200214,000000,1.05,1.05,1.04,1.04,3424374,0
WISH.US,D,20200217,000000,1.04,1.05,1.03,1.04,4460728,0
WISH.US,D,20200217,000000,1.04,1.04,1.04,1.04,5534973,0
WISH.US,D,20200217,000000,1.03,1.05,1.03,1.04,3740548,0
WISH.US,D,20200218,000000,1.05,1.05,1.03,1.04,4736114,0
WISH.US,D,20200219,000000,1.04,1.04,1.04,1.04,4405308,0
WISH.US,D,20200220,000000,1.04,1.04,1.03,1.04,8219907,0
WISH.US,D,20200221,000000,1.04,1.06,1.04,1.05,5915409,0
WISH.US,D,20200224,000000,1.05,1.05,1.04,1.05,6867270,0
WISH.US,D,20200224,000000,1.04,1.04,1.04,1.04,5024350,0
WISH.US,D,20200224,000000,1.04,1.04,1.04,1.04,5467544,0
WISH.US,D,20200225,000000,1.04,1.04,1.03,1.03,3357603,0
WISH.US,D,20200226,000000,1.03,1.04,1.03,1.04,7397745,0
WISH.US,D,20200227,000000,1.03,1.03,1.03,1.03,3396579,0
WISH.US,D,20200228,000000,1.04,1.04,1.04,1.04,4219428,0
WISH.US,D,20200302,000000,1.04,1.04,1.04,1.04,7443960,0
WISH.US,D,20200302,000000,1.04,1.04,1.04,1.04,5622102,0
WISH.US,D,20200302,000000,1.04,1.04,1.03,1.03,7990221,0
WISH.US,D,20200303,000000,1.03,1.03,1.01,1.01,15834995,0
WISH.US,D,20200304,000000,1.00,1.00,1.00,1.00,10761888,0
WISH.US,D,20200305,000000,1.01,1.01,1.00,1.00,21514745,0
WISH.US,D,20200306,000000,1.00,1.00,1.00,1.00,15963445,0
WISH.US,D,20200309,000000,1.00,1.00,1.00,1.00,12255838,0
WISH.US,D,20200309,000000,1.00,1.00,1.00,1.00,26013334,0
WISH.US,D,20200309,000000,1.00,1.01,1.00,1.00,20856826,0
WISH.US,D,20200310,000000,1.00,1.00,1.00,1.00,13058811,0
WISH.US,D,20200311,000000,1.00,1.01,1.00,1.00,32027423,0
WISH.US,D,20200312,000000,1.00,1.00,1.00,1.00,23626008,0
WISH.US,D,20200313,000000,1.00,1.00,1.00,1.00,17232642,0
WISH.US,D,20200316,000000,1.00,1.08,0.99,1.06,8742734,0
WISH.US,D,20200316,000000,1.07,1.16,1.04,1.12,7485858,0
WISH.US,D,20200316,000000,1.12,1.14,1.02,1.03,3785277,0
WISH.US,D,20200317,000000,1.03,1.06,0.98,1.00,8896090,0
WISH.US,D,20200318,000000,1.02,1.04,1.02,1.04,4754303,0
WISH.US,D,20200319,000000,1.03,1.08,1.02,1.06,4496278,0
WISH.US,D,20200320,000000,1.07,1.08,1.06,1.07,3749586,0
WISH.US,D,20200323,000000,1.06,1.14,1.04,1.14,3354534,0
WISH.US,D,20200323,000000,1.15,1.15,1.09,1.09,6106880,0
WISH.US,D,20200323,000000,1.09,1.16,1.07,1.13,8741466,0
WISH.US,D,20200324,000000,1.16,1.20,1.07,1.10,5317553,0
WISH.US,D,20200325,000000,1.10,1.12,1.09,1.11,7392454,0
WISH.US,D,20200326,000000,1.10,1.11,1.08,1.10,7262901,0
WISH.US,D,20200327,000000,1.12,1.23,1.08,1.19,3596542,0
WISH.US,D,20200330,000000,1.15,1.25,1.13,1.20,8775498,0
WISH.US,D,20200330,000000,1.19,1.25,1.18,1.23,8213139,0
WISH.US,D,20200330,000000,1.24,1.26,1.09,1.11,4864745,0
WISH.US,D,20200331,000000,1.12,1.12,1.10,1.10,8740550,0
WISH.US,D,20200401,000000,1.12,1.13,0.97,1.00,4219284,0
WISH.US,D,20200402,000000,1.00,1.01,1.00,1.01,6206839,0
WISH.US,D,20200403,000000,1.03,1.03,0.95,1.00,8437920,0
WISH.US,D,20200406,000000,1.00,1.13,0.96,1.08,6147952,0
WISH.US,D,20200406,000000,1.07,1.18,1.04,1.13,8090234,0
WISH.US,D,20200406,000000,1.15,1.16,1.12,1.13,4514562,0
WISH.US,D,20200407,000000,1.12,1.13,1.10,1.11,4770499,0
WISH.US,D,20200408,000000,1.08,1.08,0.98,1.00,4032347,0
WISH.US,D,20200409,000000,1.00,1.05,0.99,1.04,5307252,0
WISH.US,D,20200410,000000,1.05,1.14,1.03,1.12,7753640,0
WISH.US,D,20200413,000000,1.15,1.15,1.10,1.12,8370535,0
WISH.US,D,20200413,000000,1.13,1.15,1.03,1.03,6612820,0
WISH.US,D,20200413,000000,1.02,1.03,1.01,1.02,7234174,0
WISH.US,D,20200414,000000,1.03,1.04,0.98,1.00,4272672,0
WISH.US,D,20200415,000000,1.02,1.03,1.02,1.02,8148764,0
WISH.US,D,20200416,000000,1.03,1.17,1.01,1.11,4105679,0
WISH.US,D,20200417,000000,1.12,1.23,1.10,1.21,3222073,0
WISH.US,D,20200420,000000,1.21,1.22,1.09,1.12,6468001,0
WISH.US,D,20200420,000000,1.10,1.11,1.00,1.01,3093110,0
WISH.US,D,20200420,000000,1.02,1.06,1.01,1.03,5116369,0
WISH.US,D,20200421,000000,1.03,1.09,1.02,1.08,5947988,0
WISH.US,D,20200422,000000,1.07,1.08,0.97,1.00,7044097,0
WISH.US,D,20200423,000000,1.00,1.01,1.00,1.00,4774176,0
WISH.US,D,20200424,000000,1.00,1.01,0.99,1.00,5847707,0
WISH.US,D,20200427,000000,1.00,1.00,0.99,1.00,6869635,0
WISH.US,D,20200427,000000,1.00,1.08,0.99,1.07,3273907,0
WISH.US,D,20200427,000000,1.08,1.15,1.05,1.14,4286986,0
WISH.US,D,20200428,000000,1.14,1.18,1.07,1.07,4815818,0
WISH.US,D,20200429,000000,1.08,1.08,1.08,1.08,7360761,0
WISH.US,D,20200430,000000,1.08,1.09,0.99,1.00,3388428,0
WISH.US,D,20200501,000000,1.02,1.02,0.99,1.00,6133716,0
WISH.US,D,20200504,000000,1.02,1.03,0.99,1.00,3270167,0
WISH.US,D,20200504,000000,1.00,1.01,1.00,1.00,4845411,0
WISH.US,D,20200504,000000,1.01,1.12,1.00,1.11,6790872,0
WISH.US,D,20200505,000000,1.13,1.16,1.03,1.04,3551130,0
WISH.US,D,20200506,000000,1.04,1.04,0.98,1.00,3881649,0
WISH.US,D,20200507,000000,1.00,1.02,1.00,1.01,6107338,0
WISH.US,D,20200508,000000,1.00,1.01,1.00,1.00,8135113,0
WISH.US,D,20200511,000000,1.00,1.00,1.00,1.00,7074273,0
WISH.US,D,20200511,000000,1.01,1.01,1.00,1.00,6064237,0
WISH.US,D,20200511,000000,1.00,1.05,0.99,1.03,6029333,0
WISH.US,D,20200512,000000,1.03,1.08,1.02,1.07,6718351,0
WISH.US,D,20200513,000000,1.07,1.07,0.97,1.03,6036377,0
WISH.US,D,20200514,000000,1.02,1.04,1.02,1.04,8090632,0
WISH.US,D,20200515,000000,1.01,1.02,1.00,1.00,6819552,0
WISH.US,D,20200518,000000,1.00,1.00,1.00,1.00,8412441,0
WISH.US,D,20200518,000000,1.02,1.03,1.00,1.00,7428181,0
WISH.US,D,20200518,000000,1.01,1.01,1.00,1.00,3868498,0
WISH.US,D,20200519,000000,1.00,1.02,0.99,1.00,7495026,0
WISH.US,D,20200520,000000,1.00,1.01,1.00,1.00,5672076,0
WISH.US,D,20200521,000000,1.00,1.00,0.99,1.00,8319048,0
WISH.US,D,20200522,000000,1.00,1.00,1.00,1.00,4385645,0
WISH.US,D,20200525,000000,1.00,1.01,0.98,1.00,7607468,0
WISH.US,D,20200525,000000,1.00,1.00,1.00,1.00,3908623,0
WISH.US,D,20200525,000000,1.00,1.00,1.00,1.00,7974046,0
WISH.US,D,20200526,000000,1.01,1.05,1.00,1.03,8974022,0
WISH.US,D,20200527,000000,1.02,1.03,1.01,1.02,3628475,0
WISH.US,D,20200528,000000,1.02,1.03,1.02,1.02,5337056,0
WISH.US,D,20200529,000000,1.05,1.14,1.03,1.11,3141147,0
WISH.US,D,20200601,000000,1.10,1.11,1.09,1.10,6131407,0
WISH.US,D,20200601,000000,1.12,1.13,1.04,1.08,3576431,0
WISH.US,D,20200601,000000,1.09,1.13,1.08,1.12,3451953,0
WISH.US,D,20200602,000000,1.11,1.23,1.10,1.20,3646981,0
WISH.US,D,20200603,000000,1.21,1.22,1.20,1.20,6648864,0
WISH.US,D,20200604,000000,1.20,1.23,1.08,1.10,4747997,0
WISH.US,D,20200605,000000,1.11,1.13,1.11,1.13,4578604,0
WISH.US,D,20200608,000000,1.17,1.17,1.15,1.16,11628255,0
WISH.US,D,20200608,000000,1.13,1.21,1.11,1.18,13638543,0
WISH.US,D,20200608,000000,1.21,1.22,1.20,1.20,7813171,0
WISH.US,D,20200609,000000,1.19,1.22,1.19,1.22,8596689,0
WISH.US,D,20200610,000000,1.24,1.25,1.24,1.25,14664780,0
WISH.US,D,20200611,000000,1.27,1.28,1.26,1.27,14137609,0
WISH.US,D,20200612,000000,1.28,1.29,1.28,1.29,16260603,0
WISH.US,D,20200615,000000,1.28,1.34,1.28,1.31,6644142,0
WISH.US,D,20200615,000000,1.28,1.34,1.27,1.33,12154986,0
WISH.US,D,20200615,000000,1.32,1.36,1.31,1.35,8590949,0
WISH.US,D,20200616,000000,1.33,1.39,1.33,1.38,18376826,0
WISH.US,D,20200617,000000,1.40,1.43,1.40,1.43,17770622,0
WISH.US,D,20200618,000000,1.46,1.46,1.45,1.46,7399795,0
WISH.US,D,20200619,000000,1.47,1.50,1.46,1.50,13526459,0
WISH.US,D,20200622,000000,1.48,1.55,1.44,1.55,18760956,0
WISH.US,D,20200622,000000,1.54,1.59,1.54,1.57,9869729,0
WISH.US,D,20200622,000000,1.60,1.62,1.58,1.60,18213074,0
WISH.US,D,20200623,000000,1.60,1.65,1.59,1.65,8384607,0
WISH.US,D,20200624,000000,1.64,1.71,1.63,1.68,18742749,0
WISH.US,D,20200625,000000,1.70,1.74,1.68,1.74,18203066,0
WISH.US,D,20200626,000000,1.74,1.82,1.71,1.80,17896951,0
WISH.US,D,20200629,000000,1.81,1.86,1.80,1.85,10912038,0
WISH.US,D,20200629,000000,1.88,1.91,1.88,1.90,22114524,0
WISH.US,D,20200629,000000,1.88,2.06,1.87,1.97,23914937,0
WISH.US,D,20200630,000000,1.94,2.13,1.92,2.05,12751089,0
WISH.US,D,20200701,000000,2.10,2.14,2.10,2.13,10989271,0
WISH.US,D,20200702,000000,2.07,2.21,2.07,2.20,14671330,0
WISH.US,D,20200703,000000,2.20,2.28,2.19,2.26,23476307,0
WISH.US,D,20200706,000000,2.26,2.37,2.25,2.34,15937569,0
WISH.US,D,20200706,000000,2.37,2.44,2.36,2.42,11428241,0
WISH.US,D,20200706,000000,2.38,2.50,2.37,2.49,24940734,0
WISH.US,D,20200707,000000,2.47,2.66,2.41,2.61,5200963,0
WISH.US,D,20200708,000000,2.62,2.73,2.59,2.72,5745723,0
WISH.US,D,20200709,000000,2.75,2.76,2.64,2.65,6503694,0
WISH.US,D,20200710,000000,2.67,2.69,2.65,2.67,7551455,0
WISH.US,D,20200713,000000,2.66,2.83,2.64,2.82,8322368,0
WISH.US,D,20200713,000000,2.83,2.83,2.81,2.82,5113889,0
WISH.US,D,20200713,000000,2.80,2.80,2.79,2.80,8529885,0
WISH.US,D,20200714,000000,2.79,3.09,2.77,3.01,6467350,0
WISH.US,D,20200715,000000,3.04,3.04,2.98,2.99,6984224,0
WISH.US,D,20200716,000000,2.98,3.10,2.95,3.10,5625252,0
WISH.US,D,20200717,000000,3.09,3.13,2.98,3.01,5056984,0
WISH.US,D,20200720,000000,2.99,2.99,2.90,2.91,3280564,0
WISH.US,D,20200720,000000,2.92,2.96,2.90,2.94,7042755,0
WISH.US,D,20200720,000000,2.92,2.96,2.92,2.95,7760582,0
WISH.US,D,20200721,000000,2.97,3.00,2.75,2.76,4019907,0
WISH.US,D,20200722,000000,2.77,2.79,2.67,2.68,7356822,0
WISH.US,D,20200723,000000,2.65,2.85,2.63,2.80,5113682,0
WISH.US,D,20200724,000000,2.79,2.91,2.75,2.88,5764001,0
WISH.US,D,20200727,000000,2.89,2.89,2.75,2.79,8700991,0
WISH.US,D,20200727,000000,2.70,2.94,2.66,2.85,3733837,0
WISH.US,D,20200727,000000,2.86,2.96,2.84,2.95,3809243,0
WISH.US,D,20200728,000000,2.93,2.93,2.92,2.92,7677699,0
WISH.US,D,20200729,000000,2.90,2.92,2.78,2.79,8696661,0
WISH.US,D,20200730,000000,2.79,2.83,2.79,2.83,8694930,0
WISH.US,D,20200731,000000,2.84,2.85,2.77,2.78,6174471,0
WISH.US,D,20200803,000000,2.75,2.77,2.71,2.71,6136812,0
WISH.US,D,20200803,000000,2.70,2.71,2.69,2.70,6549482,0
WISH.US,D,20200803,000000,2.74,2.78,2.74,2.78,5805446,0
WISH.US,D,20200804,000000,2.74,2.78,2.56,2.58,7966768,0
WISH.US,D,20200805,000000,2.55,2.56,2.36,2.43,5153800,0
WISH.US,D,20200806,000000,2.45,2.56,2.45,2.54,5113699,0
WISH.US,D,20200807,000000,2.55,2.63,2.55,2.61,8422333,0
WISH.US,D,20200810,000000,2.59,2.59,2.53,2.56,8578569,0
WISH.US,D,20200810,000000,2.52,2.56,2.52,2.54,7072432,0
WISH.US,D,20200810,000000,2.55,2.57,2.47,2.49,5666826,0
WISH.US,D,20200811,000000,2.52,2.52,2.47,2.49,3133366,0
WISH.US,D,20200812,000000,2.52,2.61,2.49,2.57,5384484,0
WISH.US,D,20200813,000000,2.59,2.59,2.56,2.57,5331344,0
WISH.US,D,20200814,000000,2.60,2.61,2.54,2.56,4282162,0
WISH.US,D,20200817,000000,2.58,2.66,2.56,2.62,7548893,0
WISH.US,D,20200817,000000,2.55,2.73,2.53,2.68,5775989,0
WISH.US,D,20200817,000000,2.70,2.73,2.63,2.64,5261857,0
WISH.US,D,20200818,000000,2.66,2.67,2.62,2.62,3287683,0
WISH.US,D,20200819,000000,2.64,2.80,2.63,2.76,4152977,0
WISH.US,D,20200820,000000,2.76,2.77,2.72,2.73,3145216,0
WISH.US,D,20200821,000000,2.77,2.78,2.50,2.61,5469632,0
WISH.US,D,20200824,000000,2.63,2.68,2.61,2.65,8682475,0
WISH.US,D,20200824,000000,2.64,2.69,2.62,2.66,4697283,0
WISH.US,D,20200824,000000,2.65,2.69,2.50,2.55,5900938,0
WISH.US,D,20200825,000000,2.59,2.62,2.58,2.62,8039848,0
WISH.US,D,20200826,000000,2.62,2.62,2.52,2.53,6482280,0
WISH.US,D,20200827,000000,2.55,2.56,2.48,2.50,7689579,0
WISH.US,D,20200828,000000,2.50,2.50,2.41,2.42,5113648,0
WISH.US,D,20200831,000000,2.39,2.43,2.27,2.32,5681987,0
WISH.US,D,20200831,000000,2.30,2.31,2.23,2.24,7689397,0
WISH.US,D,20200831,000000,2.22,2.34,2.17,2.32,8961286,0
WISH.US,D,20200901,000000,2.35,2.70,2.27,2.53,8036822,0
WISH.US,D,20200902,000000,2.50,2.52,2.46,2.46,3048558,0
WISH.US,D,20200903,000000,2.46,2.58,2.44,2.56,7524694,0
WISH.US,D,20200904,000000,2.53,2.54,2.50,2.53,8279899,0
WISH.US,D,20200907,000000,2.52,2.53,2.44,2.46,5967868,0
WISH.US,D,20200907,000000,2.48,2.49,2.25,2.35,3344490,0
WISH.US,D,20200907,000000,2.36,2.50,2.34,2.48,4941931,0
WISH.US,D,20200908,000000,2.43,2.54,2.43,2.49,4667442,0
WISH.US,D,20200909,000000,2.57,2.69,2.23,2.35,7893656,0
WISH.US,D,20200910,000000,2.39,2.42,2.29,2.32,4932848,0
WISH.US,D,20200911,000000,2.30,2.39,2.28,2.39,8227373,0
WISH.US,D,20200914,000000,2.38,2.46,2.38,2.44,5321356,0
WISH.US,D,20200914,000000,2.40,2.52,2.38,2.47,4421595,0
WISH.US,D,20200914,000000,2.50,2.62,2.50,2.58,8735466,0
WISH.US,D,20200915,000000,2.57,2.69,2.57,2.67,3952408,0
WISH.US,D,20200916,000000,2.62,2.64,2.51,2.54,6411122,0
WISH.US,D,20200917,000000,2.52,2.53,2.50,2.52,4064643,0
WISH.US,D,20200918,000000,2.52,2.75,2.50,2.66,8880031,0
WISH.US,D,20200921,000000,2.67,2.67,2.61,2.64,3864987,0
WISH.US,D,20200921,000000,2.67,2.73,2.59,2.73,3231194,0
WISH.US,D,20200921,000000,2.73,2.73,2.66,2.68,4884517,0
WISH.US,D,20200922,000000,2.69,2.73,2.68,2.71,3930864,0
WISH.US,D,20200923,000000,2.71,2.75,2.63,2.64,5590016,0
WISH.US,D,20200924,000000,2.63,2.77,2.60,2.72,6916971,0
WISH.US,D,20200925,000000,2.71,2.72,2.71,2.72,3732233,0
WISH.US,D,20200928,000000,2.74,2.75,2.63,2.64,8943811,0
WISH.US,D,20200928,000000,2.61,2.83,2.60,2.78,3903257,0
WISH.US,D,20200928,000000,2.78,2.79,2.66,2.67,5669525,0
WISH.US,D,20200929,000000,2.63,2.78,2.58,2.77,8292977,0
WISH.US,D,20200930,000000,2.77,2.93,2.76,2.92,5438301,0
WISH.US,D,20201001,000000,2.87,2.88,2.82,2.83,7738524,0
WISH.US,D,20201002,000000,2.84,2.87,2.84,2.86,8379742,0
WISH.US,D,20201005,000000,2.87,2.92,2.84,2.91,6602065,0
WISH.US,D,20201005,000000,2.91,2.92,2.89,2.90,5978726,0
WISH.US,D,20201005,000000,2.92,3.01,2.90,2.97,6896969,0
WISH.US,D,20201006,000000,2.99,3.08,2.97,3.03,8555137,0
WISH.US,D,20201007,000000,3.01,3.01,2.87,2.91,3915902,0
WISH.US,D,20201008,000000,2.92,2.94,2.82,2.85,4535874,0
WISH.US,D,20201009,000000,2.86,2.92,2.83,2.90,6872605,0
WISH.US,D,20201012,000000,2.91,2.91,2.88,2.88,7431115,0
WISH.US,D,20201012,000000,2.87,2.95,2.87,2.95,4037174,0
WISH.US,D,20201012,000000,2.95,3.02,2.93,3.02,4392377,0
WISH.US,D,20201013,000000,3.01,3.02,2.97,2.98,6588760,0
WISH.US,D,20201014,000000,3.00,3.13,2.99,3.04,4817738,0
WISH.US,D,20201015,000000,3.06,3.07,3.06,3.07,5156007,0
WISH.US,D,20201016,000000,3.04,3.09,3.04,3.07,5763834,0
WISH.US,D,20201019,000000,3.09,3.20,3.08,3.18,3708742,0
WISH.US,D,20201019,000000,3.19,3.21,3.02,3.09,4604706,0
WISH.US,D,20201019,000000,3.10,3.15,3.05,3.06,3088309,0
WISH.US,D,20201020,000000,3.06,3.15,3.04,3.13,6575513,0
WISH.US,D,20201021,000000,3.09,3.14,3.07,3.13,8243174,0
WISH.US,D,20201022,000000,3.13,3.16,3.12,3.15,3116184,0
WISH.US,D,20201023,000000,3.11,3.25,3.09,3.20,6032526,0
WISH.US,D,20201026,000000,3.19,3.22,3.19,3.20,8397398,0
WISH.US,D,20201026,000000,3.20,3.30,3.18,3.28,4132423,0
WISH.US,D,20201026,000000,3.29,3.34,3.28,3.31,4891269,0
WISH.US,D,20201027,000000,3.31,3.39,3.31,3.38,9961796,0
WISH.US,D,20201028,000000,3.31,3.45,3.26,3.43,8051381,0
WISH.US,D,20201029,000000,3.42,3.48,3.42,3.48,7772980,0
WISH.US,D,20201030,000000,3.44,3.60,3.40,3.56,14858108,0
WISH.US,D,20201102,000000,3.59,3.64,3.59,3.62,11358826,0
WISH.US,D,20201102,000000,3.71,3.75,3.70,3.71,15468856,0
WISH.US,D,20201102,000000,3.72,3.83,3.68,3.77,14684546,0
WISH.US,D,20201103,000000,3.73,3.91,3.72,3.86,17500475,0
WISH.US,D,20201104,000000,3.87,4.02,3.84,3.97,12357208,0
WISH.US,D,20201105,000000,3.94,4.14,3.92,4.09,11522163,0
WISH.US,D,20201106,000000,4.09,4.31,4.08,4.19,8145394,0
WISH.US,D,20201109,000000,4.19,4.32,4.16,4.32,12488120,0
WISH.US,D,20201109,000000,4.40,4.47,4.39,4.43,10284002,0
WISH.US,D,20201109,000000,4.37,4.66,4.33,4.56,19408582,0
WISH.US,D,20201110,000000,4.57,4.70,4.55,4.69,15694122,0
WISH.US,D,20201111,000000,4.72,5.00,4.70,4.88,16918563,0
WISH.US,D,20201112,000000,4.86,5.03,4.84,4.99,12319212,0
WISH.US,D,20201113,000000,5.01,5.18,5.00,5.16,13923581,0
WISH.US,D,20201116,000000,5.15,5.34,5.13,5.33,9888355,0
WISH.US,D,20201116,000000,5.39,5.56,5.38,5.49,14145638,0
WISH.US,D,20201116,000000,5.47,5.86,5.44,5.69,10524595,0
WISH.US,D,20201117,000000,5.60,6.01,5.46,5.86,28982703,0
WISH.US,D,20201118,000000,5.95,6.10,5.94,6.08,26682632,0
WISH.US,D,20201119,000000,6.17,6.37,6.14,6.32,20075035,0
WISH.US,D,20201120,000000,6.33,6.80,6.30,6.57,14133787,0
WISH.US,D,20201123,000000,6.44,6.50,6.41,6.50,6138228,0
WISH.US,D,20201123,000000,6.58,6.68,6.31,6.32,3448534,0
WISH.US,D,20201123,000000,6.29,6.74,6.23,6.54,8921435,0
WISH.US,D,20201124,000000,6.56,6.56,6.50,6.52,5324505,0
WISH.US,D,20201125,000000,6.60,7.02,6.45,6.91,7079364,0
WISH.US,D,20201126,000000,6.93,7.00,6.68,6.75,4174274,0
WISH.US,D,20201127,000000,6.77,6.99,6.74,6.86,3657055,0
WISH.US,D,20201130,000000,6.83,6.85,6.61,6.68,8965215,0
WISH.US,D,20201130,000000,6.77,6.98,6.77,6.85,4678092,0
WISH.US,D,20201130,000000,6.97,7.06,6.82,6.82,4241603,0
WISH.US,D,20201201,000000,6.77,7.13,6.75,6.98,6274186,0
WISH.US,D,20201202,000000,7.00,7.06,6.82,6.86,3460136,0
WISH.US,D,20201203,000000,6.74,6.77,6.44,6.53,3901300,0
WISH.US,D,20201204,000000,6.36,6.46,6.34,6.43,5466461,0
WISH.US,D,20201207,000000,6.50,6.57,6.16,6.21,3203157,0
WISH.US,D,20201207,000000,6.22,6.36,6.16,6.33,8563135,0
WISH.US,D,20201207,000000,6.32,6.34,6.05,6.14,5059199,0
WISH.US,D,20201208,000000,6.32,6.32,6.28,6.31,4874545,0
WISH.US,D,20201209,000000,6.42,6.93,6.39,6.77,7143514,0
WISH.US,D,20201210,000000,6.72,7.45,6.55,7.34,3522550,0
WISH.US,D,20201211,000000,7.22,7.32,6.89,6.95,4467401,0
WISH.US,D,20201214,000000,7.06,7.24,6.01,6.55,3254576,0
WISH.US,D,20201214,000000,6.35,6.84,6.33,6.84,3062406,0
WISH.US,D,20201214,000000,6.84,7.52,6.71,7.33,8367624,0
WISH.US,D,20201215,000000,7.22,7.66,7.16,7.62,3288600,0
WISH.US,D,20201216,000000,7.67,7.67,6.99,7.09,8288157,0
WISH.US,D,20201217,000000,7.20,7.44,7.18,7.42,8010131,0
WISH.US,D,20201218,000000,7.38,7.73,7.34,7.59,6461103,0
WISH.US,D,20201221,000000,7.63,7.82,7.62,7.77,7607450,0
WISH.US,D,20201221,000000,7.84,7.98,7.17,7.30,7065419,0
WISH.US,D,20201221,000000,7.58,7.61,7.43,7.48,6357489,0
WISH.US,D,20201222,000000,7.60,7.74,7.20,7.21,7682872,0
WISH.US,D,20201223,000000,7.25,7.37,7.10,7.15,8647410,0
WISH.US,D,20201224,000000,7.20,7.29,7.18,7.28,4997917,0
WISH.US,D,20201225,000000,7.25,7.26,7.12,7.13,3607926,0
WISH.US,D,20201228,000000,7.12,7.53,7.05,7.52,6805585,0
WISH.US,D,20201228,000000,7.41,7.46,7.29,7.46,5516075,0
WISH.US,D,20201228,000000,7.54,7.74,7.48,7.63,6621694,0
WISH.US,D,20201229,000000,7.62,8.05,7.52,7.95,4145138,0
WISH.US,D,20201230,000000,7.62,7.71,7.22,7.30,4964570,0
WISH.US,D,20201231,000000,7.08,7.13,7.04,7.12,4457598,0
WISH.US,D,20210101,000000,7.09,7.45,6.97,7.31,8193317,0
WISH.US,D,20210104,000000,7.52,7.74,7.08,7.37,4255490,0
WISH.US,D,20210104,000000,7.24,7.32,7.21,7.32,3759000,0
WISH.US,D,20210104,000000,7.51,7.54,6.26,6.64,5234881,0
WISH.US,D,20210105,000000,6.74,6.75,6.43,6.54,8366622,0
WISH.US,D,20210106,000000,6.46,7.10,6.36,6.84,7066954,0
WISH.US,D,20210107,000000,6.99,7.27,6.98,7.23,3622055,0
WISH.US,D,20210108,000000,7.33,7.63,7.33,7.55,6548101,0
WISH.US,D,20210111,000000,7.62,7.67,6.74,6.94,3910881,0
WISH.US,D,20210111,000000,6.98,7.03,6.85,6.85,7630028,0
WISH.US,D,20210111,000000,6.89,6.89,6.60,6.63,5799080,0
WISH.US,D,20210112,000000,6.49,7.35,6.43,7.02,7317121,0
WISH.US,D,20210113,000000,6.97,7.29,6.90,7.29,5012141,0
WISH.US,D,20210114,000000,7.18,7.26,6.64,6.73,4483885,0
WISH.US,D,20210115,000000,6.61,6.62,6.54,6.55,3360450,0
WISH.US,D,20210118,000000,6.51,6.99,6.47,6.96,3477070,0
WISH.US,D,20210118,000000,6.96,7.12,6.90,7.04,5236119,0
WISH.US,D,20210118,000000,7.05,7.83,6.91,7.61,7270239,0
WISH.US,D,20210119,000000,7.73,7.79,7.19,7.36,4698617,0
WISH.US,D,20210120,000000,7.39,7.45,7.36,7.45,8685996,0
WISH.US,D,20210121,000000,7.48,7.83,7.47,7.74,7685232,0
WISH.US,D,20210122,000000,7.77,8.28,7.73,8.14,3504796,0
WISH.US,D,20210125,000000,8.03,8.61,8.02,8.46,4582411,0
WISH.US,D,20210125,000000,8.63,8.66,8.44,8.45,7933750,0
WISH.US,D,20210125,000000,8.40,9.37,8.16,9.01,3178138,0
WISH.US,D,20210126,000000,9.08,9.82,8.99,9.78,8544082,0
WISH.US,D,20210127,000000,9.65,9.79,9.62,9.66,8881662,0
WISH.US,D,20210128,000000,9.62,9.73,9.53,9.53,8686958,0
WISH.US,D,20210129,000000,9.70,10.10,8.02,8.71,4401956,0
WISH.US,D,20210201,000000,8.72,9.67,8.63,9.21,4061360,0
WISH.US,D,20210201,000000,9.63,9.66,8.76,8.88,6106177,0
WISH.US,D,20210201,000000,8.89,8.93,8.48,8.54,5815393,0
WISH.US,D,20210202,000000,8.71,8.72,8.44,8.44,6123034,0
WISH.US,D,20210203,000000,8.69,8.74,8.28,8.46,8586997,0
WISH.US,D,20210204,000000,8.49,8.65,8.18,8.19,7049163,0
WISH.US,D,20210205,000000,8.36,8.59,7.81,7.88,5610276,0
WISH.US,D,20210208,000000,7.94,8.15,6.73,7.29,8790525,0
WISH.US,D,20210208,000000,7.21,7.25,7.00,7.16,4367619,0
WISH.US,D,20210208,000000,7.27,7.33,7.02,7.04,7127770,0
WISH.US,D,20210209,000000,7.16,7.21,7.09,7.12,8156072,0
WISH.US,D,20210210,000000,7.23,7.23,6.92,6.94,7624148,0
WISH.US,D,20210211,000000,6.97,7.21,6.93,7.20,7811593,0
WISH.US,D,20210212,000000,7.25,7.26,6.80,6.91,5728668,0
WISH.US,D,20210215,000000,6.86,6.95,6.57,6.66,7754549,0
WISH.US,D,20210215,000000,6.61,6.85,6.59,6.82,6667720,0
WISH.US,D,20210215,000000,6.85,6.90,6.59,6.65,5484583,0
WISH.US,D,20210216,000000,6.70,6.70,6.29,6.32,4811653,0
WISH.US,D,20210217,000000,6.33,6.46,6.28,6.42,8775345,0
WISH.US,D,20210218,000000,6.39,6.53,6.34,6.49,5663737,0
WISH.US,D,20210219,000000,6.53,6.57,6.40,6.45,3588118,0
WISH.US,D,20210222,000000,6.25,6.70,6.04,6.58,8670016,0
WISH.US,D,20210222,000000,6.46,7.10,6.30,6.65,3496316,0
WISH.US,D,20210222,000000,6.75,6.83,6.57,6.67,8915398,0
WISH.US,D,20210223,000000,6.63,6.64,6.59,6.60,4812868,0
WISH.US,D,20210224,000000,6.62,6.75,6.06,6.07,6437659,0
WISH.US,D,20210225,000000,5.97,6.07,5.75,5.78,8253314,0
WISH.US,D,20210226,000000,5.78,5.81,5.78,5.79,7044717,0
WISH.US,D,20210301,000000,5.83,6.06,5.79,5.96,7536843,0
WISH.US,D,20210301,000000,5.85,5.96,5.03,5.15,6236492,0
WISH.US,D,20210301,000000,5.13,5.29,4.65,4.84,4422976,0
WISH.US,D,20210302,000000,4.83,5.02,4.11,4.27,3500354,0
WISH.US,D,20210303,000000,4.33,4.43,4.05,4.17,4643818,0
WISH.US,D,20210304,000000,4.30,4.32,4.15,4.18,4318180,0
WISH.US,D,20210305,000000,4.15,4.20,4.11,4.13,3113739,0
WISH.US,D,20210308,000000,4.18,4.18,4.02,4.08,7623619,0
WISH.US,D,20210308,000000,4.11,4.35,4.07,4.27,5570549,0
WISH.US,D,20210308,000000,4.36,4.44,3.98,4.11,4824307,0
WISH.US,D,20210309,000000,4.21,4.32,3.81,3.96,6442247,0
WISH.US,D,20210310,000000,4.09,4.10,3.82,3.88,7201713,0
WISH.US,D,20210311,000000,3.82,4.10,3.73,4.10,4206963,0
WISH.US,D,20210312,000000,4.20,4.22,4.02,4.08,4799469,0
WISH.US,D,20210315,000000,4.13,4.14,3.83,3.97,7909515,0
WISH.US,D,20210315,000000,3.88,3.96,3.87,3.95,7769237,0
WISH.US,D,20210315,000000,4.10,4.11,4.03,4.07,8929975,0
WISH.US,D,20210316,000000,4.10,4.21,3.45,3.58,6205374,0
WISH.US,D,20210317,000000,3.53,3.55,3.52,3.55,7614039,0
WISH.US,D,20210318,000000,3.54,3.77,3.49,3.74,7590523,0
WISH.US,D,20210319,000000,3.61,3.91,3.61,3.87,7501274,0
WISH.US,D,20210322,000000,3.83,4.17,3.76,4.02,7001079,0
WISH.US,D,20210322,000000,4.09,4.11,4.09,4.10,5510104,0
WISH.US,D,20210322,000000,4.10,4.12,3.97,4.04,7455370,0
WISH.US,D,20210323,000000,4.11,4.13,3.94,4.01,8585003,0
WISH.US,D,20210324,000000,4.01,4.27,3.94,4.16,4066463,0
WISH.US,D,20210325,000000,4.16,4.37,4.13,4.29,4409772,0
WISH.US,D,20210326,000000,4.29,4.56,4.27,4.55,6442216,0
WISH.US,D,20210329,000000,4.58,5.38,4.42,4.97,6972299,0
WISH.US,D,20210329,000000,4.87,5.16,4.82,5.15,3959048,0
WISH.US,D,20210329,000000,5.14,5.52,5.07,5.44,3458490,0
WISH.US,D,20210330,000000,5.47,6.04,5.43,5.95,8118663,0
WISH.US,D,20210331,000000,5.97,6.29,5.96,6.19,6406612,0
WISH.US,D,20210401,000000,6.13,6.46,6.13,6.45,6873701,0
WISH.US,D,20210402,000000,6.42,6.53,6.42,6.46,4192280,0
WISH.US,D,20210405,000000,6.62,6.89,6.60,6.76,3584409,0
WISH.US,D,20210405,000000,6.59,7.00,6.53,6.97,4358899,0
WISH.US,D,20210405,000000,6.90,6.94,6.65,6.67,8620167,0
WISH.US,D,20210406,000000,6.71,6.75,6.70,6.73,7562318,0
WISH.US,D,20210407,000000,6.53,6.73,6.44,6.73,8695982,0
WISH.US,D,20210408,000000,6.67,7.43,6.61,7.35,5404421,0
WISH.US,D,20210409,000000,7.43,7.71,7.43,7.56,4373975,0
WISH.US,D,20210412,000000,7.45,7.62,7.40,7.48,4419303,0
WISH.US,D,20210412,000000,7.64,7.91,7.63,7.91,7372611,0
WISH.US,D,20210412,000000,7.87,8.25,7.85,8.17,6900516,0
WISH.US,D,20210413,000000,8.23,8.39,7.65,7.67,6381423,0
WISH.US,D,20210414,000000,7.73,7.74,7.22,7.36,6678121,0
WISH.US,D,20210415,000000,7.46,7.51,7.45,7.51,6698967,0
WISH.US,D,20210416,000000,7.45,7.69,7.40,7.67,6041830,0
WISH.US,D,20210419,000000,7.71,8.06,7.66,8.03,7780617,0
WISH.US,D,20210419,000000,7.94,8.55,7.89,8.38,7922683,0
WISH.US,D,20210419,000000,8.32,8.74,8.19,8.71,4462621,0
WISH.US,D,20210420,000000,8.84,8.96,8.18,8.27,7563535,0
WISH.US,D,20210421,000000,8.19,8.40,7.74,7.96,4046771,0
WISH.US,D,20210422,000000,7.78,8.84,7.66,8.52,4413270,0
WISH.US,D,20210423,000000,8.49,8.64,7.77,7.91,5187540,0
WISH.US,D,20210426,000000,7.98,8.00,7.35,7.39,8251080,0
WISH.US,D,20210426,000000,7.40,7.40,7.34,7.35,3641530,0
WISH.US,D,20210426,000000,7.36,7.75,7.31,7.48,6163144,0
WISH.US,D,20210427,000000,7.48,7.51,7.35,7.41,8542132,0
WISH.US,D,20210428,000000,7.48,7.58,7.48,7.53,3649918,0
WISH.US,D,20210429,000000,7.54,7.76,7.52,7.71,5861424,0
WISH.US,D,20210430,000000,7.72,8.31,7.71,8.22,7077637,0
WISH.US,D,20210503,000000,8.28,8.39,7.74,7.88,4004015,0
WISH.US,D,20210503,000000,7.74,8.01,7.69,7.95,6866437,0
WISH.US,D,20210503,000000,7.90,8.28,7.90,8.23,7385708,0
WISH.US,D,20210504,000000,8.23,8.89,8.20,8.88,4807940,0
WISH.US,D,20210505,000000,8.80,8.85,8.80,8.82,4436404,0
WISH.US,D,20210506,000000,8.80,8.97,8.27,8.30,3507067,0
WISH.US,D,20210507,000000,8.39,8.49,7.27,7.58,4962641,0
WISH.US,D,20210510,000000,7.48,8.35,7.29,8.20,8001968,0
WISH.US,D,20210510,000000,8.17,8.76,8.12,8.65,8518877,0
WISH.US,D,20210510,000000,8.64,8.99,8.57,8.93,3552701,0
WISH.US,D,20210511,000000,8.98,9.04,8.74,8.75,8516225,0
WISH.US,D,20210512,000000,8.69,8.95,8.57,8.89,8541410,0
WISH.US,D,20210513,000000,8.85,9.37,8.71,9.11,8594552,0
WISH.US,D,20210514,000000,9.27,9.57,9.11,9.57,6259461,0
WISH.US,D,20210517,000000,9.63,9.69,9.55,9.67,3093693,0
WISH.US,D,20210517,000000,9.74,9.74,9.71,9.72,5269711,0
WISH.US,D,20210517,000000,9.78,9.83,9.73,9.79,5546718,0
WISH.US,D,20210518,000000,9.75,9.79,9.50,9.55,4133781,0
WISH.US,D,20210519,000000,9.61,9.72,9.60,9.68,5622919,0
WISH.US,D,20210520,000000,9.74,9.75,9.65,9.67,5527336,0
WISH.US,D,20210521,000000,9.62,9.66,9.33,9.36,7067024,0
WISH.US,D,20210524,000000,9.27,9.29,8.82,8.87,5413306,0
WISH.US,D,20210524,000000,8.75,8.84,8.20,8.38,6135312,0
WISH.US,D,20210524,000000,8.31,8.42,8.29,8.40,4740819,0
WISH.US,D,20210525,000000,8.41,8.45,8.39,8.44,8521676,0
WISH.US,D,20210526,000000,8.31,8.39,8.30,8.32,3432782,0
WISH.US,D,20210527,000000,8.39,8.41,8.19,8.25,4584033,0
WISH.US,D,20210528,000000,8.16,8.33,8.14,8.32,4497038,0
WISH.US,D,20210531,000000,8.38,8.39,8.38,8.39,6797027,0
WISH.US,D,20210531,000000,8.35,8.47,7.88,8.01,6939038,0
WISH.US,D,20210531,000000,7.86,8.24,7.72,8.23,3323667,0
WISH.US,D,20210601,000000,8.20,8.52,7.73,8.00,5015741,0
WISH.US,D,20210602,000000,8.01,8.20,7.99,8.16,3768172,0
WISH.US,D,20210603,000000,8.11,8.21,8.10,8.21,3217687,0
WISH.US,D,20210604,000000,8.12,8.84,7.99,8.70,5274064,0
WISH.US,D,20210607,000000,8.72,8.72,8.62,8.66,5556343,0
WISH.US,D,20210607,000000,8.66,8.69,8.52,8.54,3739966,0
WISH.US,D,20210607,000000,8.46,8.54,8.43,8.50,4293264,0
WISH.US,D,20210608,000000,8.52,8.72,8.49,8.69,7713651,0
WISH.US,D,20210609,000000,8.76,8.89,8.69,8.86,6129205,0
WISH.US,D,20210610,000000,8.83,9.13,8.81,9.09,7482702,0
WISH.US,D,20210611,000000,9.11,9.15,9.02,9.07,8073640,0
WISH.US,D,20210614,000000,9.01,9.07,9.00,9.05,3281236,0
WISH.US,D,20210614,000000,9.06,9.07,8.65,8.83,5927046,0
WISH.US,D,20210614,000000,8.71,9.55,8.64,9.40,4356352,0
WISH.US,D,20210615,000000,9.47,9.56,9.43,9.55,7901003,0
WISH.US,D,20210616,000000,9.54,9.62,9.53,9.61,7802772,0
WISH.US,D,20210617,000000,9.55,9.83,9.36,9.74,5556023,0
WISH.US,D,20210618,000000,9.57,10.23,9.43,10.19,6203539,0
WISH.US,D,20210621,000000,10.17,10.35,10.16,10.30,4859300,0
WISH.US,D,20210621,000000,10.41,10.42,10.28,10.29,8933798,0
WISH.US,D,20210621,000000,10.10,10.10,10.10,10.10,3416761,0
WISH.US,D,20210622,000000,10.19,10.48,10.16,10.30,4987486,0
WISH.US,D,20210623,000000,10.23,10.40,10.13,10.35,3677544,0
WISH.US,D,20210624,000000,10.45,11.21,10.31,11.07,7047127,0
WISH.US,D,20210625,000000,10.98,11.69,10.88,11.57,6496994,0
WISH.US,D,20210628,000000,11.51,11.53,11.45,11.49,4962313,0
WISH.US,D,20210628,000000,11.48,11.72,11.46,11.57,8088688,0
WISH.US,D,20210628,000000,11.66,11.77,11.48,11.59,8311497,0
WISH.US,D,20210629,000000,11.60,11.72,11.10,11.19,7178111,0
WISH.US,D,20210630,000000,11.14,11.40,11.06,11.33,8265022,0
WISH.US,D,20210701,000000,11.33,11.49,10.84,10.96,4895735,0
WISH.US,D,20210702,000000,10.98,11.44,10.95,11.22,6465925,0
WISH.US,D,20210705,000000,11.34,11.60,11.32,11.53,6475811,0
WISH.US,D,20210705,000000,11.60,11.61,11.48,11.51,5007485,0
WISH.US,D,20210705,000000,11.46,11.53,11.15,11.33,5789835,0
WISH.US,D,20210706,000000,11.31,11.48,11.25,11.47,5708255,0
WISH.US,D,20210707,000000,11.44,11.73,11.41,11.72,3989144,0
WISH.US,D,20210708,000000,11.72,11.73,11.51,11.54,8601749,0
WISH.US,D,20210709,000000,11.57,12.42,11.40,12.06,6293623,0
WISH.US,D,20210712,000000,11.96,11.96,11.96,11.96,6635301,0
WISH.US,D,20210712,000000,11.88,11.99,11.88,11.93,4653994,0
WISH.US,D,20210712,000000,12.00,12.09,11.93,12.08,5242231,0
WISH.US,D,20210713,000000,12.09,12.50,12.02,12.38,5015818,0
WISH.US,D,20210714,000000,12.43,12.62,12.39,12.55,7388116,0
WISH.US,D,20210715,000000,12.62,12.72,12.38,12.41,8779014,0
WISH.US,D,20210716,000000,12.34,12.37,12.29,12.31,6176801,0
WISH.US,D,20210719,000000,12.41,12.43,11.99,12.09,3394458,0
WISH.US,D,20210719,000000,12.23,12.32,12.20,12.28,7401612,0
WISH.US,D,20210719,000000,12.24,12.44,12.18,12.41,3931254,0
WISH.US,D,20210720,000000,12.42,12.76,12.27,12.71,8404501,0
WISH.US,D,20210721,000000,12.59,12.63,12.30,12.38,7036656,0
WISH.US,D,20210722,000000,12.41,12.41,12.21,12.30,4081679,0
WISH.US,D,20210723,000000,12.31,12.32,12.29,12.29,7065665,0
WISH.US,D,20210726,000000,12.19,12.36,12.17,12.35,7099266,0
WISH.US,D,20210726,000000,12.34,12.34,12.27,12.27,8397113,0
WISH.US,D,20210726,000000,12.15,12.55,12.12,12.42,4887362,0
WISH.US,D,20210727,000000,12.41,12.44,12.28,12.30,4812521,0
WISH.US,D,20210728,000000,12.32,12.40,12.11,12.17,3305563,0
WISH.US,D,20210729,000000,12.28,12.29,12.27,12.28,3383237,0
WISH.US,D,20210730,000000,12.24,12.28,12.04,12.04,4043964,0
WISH.US,D,20210802,000000,11.98,12.32,11.85,12.18,3496294,0
WISH.US,D,20210802,000000,12.29,12.29,12.27,12.27,7960307,0
WISH.US,D,20210802,000000,12.28,12.73,12.21,12.62,6149439,0
WISH.US,D,20210803,000000,12.69,12.77,12.59,12.60,8839025,0
WISH.US,D,20210804,000000,12.74,12.80,12.59,12.63,6497734,0
WISH.US,D,20210805,000000,12.67,12.68,12.64,12.67,3569914,0
WISH.US,D,20210806,000000,12.73,12.85,12.71,12.81,7855498,0
WISH.US,D,20210809,000000,12.86,13.04,12.86,13.03,3268277,0
WISH.US,D,20210809,000000,13.18,13.23,12.62,12.71,4431544,0
WISH.US,D,20210809,000000,12.68,12.81,12.62,12.79,5835569,0
WISH.US,D,20210810,000000,12.80,12.96,12.72,12.95,5108741,0
WISH.US,D,20210811,000000,12.93,13.03,12.29,12.55,7248104,0
WISH.US,D,20210812,000000,12.54,12.59,11.90,11.94,8203664,0
WISH.US,D,20210813,000000,11.92,11.96,11.59,11.65,7714488,0
WISH.US,D,20210816,000000,11.67,11.74,11.62,11.72,7823414,0
WISH.US,D,20210816,000000,11.74,11.86,11.69,11.84,6486368,0
WISH.US,D,20210816,000000,11.83,12.30,11.81,12.25,6557394,0
WISH.US,D,20210817,000000,12.30,12.32,12.19,12.22,4150353,0
WISH.US,D,20210818,000000,12.18,12.46,12.11,12.41,4620690,0
WISH.US,D,20210819,000000,12.37,12.38,12.25,12.30,8036376,0
WISH.US,D,20210820,000000,12.26,12.27,12.07,12.11,4994680,0
WISH.US,D,20210823,000000,12.27,12.64,12.20,12.62,5704335,0
WISH.US,D,20210823,000000,12.65,12.96,12.62,12.90,8878331,0
WISH.US,D,20210823,000000,12.89,13.12,12.88,13.05,4911245,0
WISH.US,D,20210824,000000,12.98,13.19,12.85,13.15,6773165,0
WISH.US,D,20210825,000000,13.16,13.56,13.09,13.46,5726086,0
WISH.US,D,20210826,000000,13.45,14.05,13.39,13.87,7628093,0
WISH.US,D,20210827,000000,13.95,14.17,13.26,13.33,6329258,0
WISH.US,D,20210830,000000,13.19,13.64,13.15,13.46,8685264,0
WISH.US,D,20210830,000000,13.48,13.54,13.47,13.51,8238525,0
WISH.US,D,20210830,000000,13.53,14.08,13.51,13.94,8685620,0
WISH.US,D,20210831,000000,14.03,14.90,13.67,14.73,5266194,0
WISH.US,D,20210901,000000,14.70,14.74,14.44,14.52,3723016,0
WISH.US,D,20210902,000000,14.54,14.66,13.96,14.16,5584735,0
WISH.US,D,20210903,000000,13.98,13.99,13.93,13.94,7361442,0
WISH.US,D,20210906,000000,14.15,14.24,14.07,14.20,5387357,0
WISH.US,D,20210906,000000,14.09,14.80,14.07,14.71,7333149,0
WISH.US,D,20210906,000000,14.84,15.05,14.00,14.06,6033029,0
WISH.US,D,20210907,000000,14.07,14.22,13.99,14.17,4158855,0
WISH.US,D,20210908,000000,14.18,14.24,14.08,14.09,7562220,0
WISH.US,D,20210909,000000,14.30,14.30,14.22,14.23,4340168,0
WISH.US,D,20210910,000000,14.12,14.95,13.99,14.66,8920195,0
WISH.US,D,20210913,000000,14.56,15.05,13.52,13.62,5206448,0
