<TICKER>,<PER>,<DATE>,<TIME>,<OPEN>,<HIGH>,<LOW>,<CLOSE>,<VOL>,<OPENINT>
WKHS.US,D,20180102,000000,3.99,4.00,3.99,3.99,6005373,0
WKHS.US,D,20180103,000000,4.03,4.05,3.93,3.94,5984941,0
WKHS.US,D,20180104,000000,3.96,4.02,3.96,3.99,5789950,0
WKHS.US,D,20180105,000000,4.01,4.04,3.99,4.02,5393252,0
WKHS.US,D,20180108,000000,4.01,4.04,4.01,4.03,5414155,0
WKHS.US,D,20180108,000000,4.04,4.17,4.02,4.12,6441032,0
WKHS.US,D,20180108,000000,4.09,4.10,4.05,4.07,4090551,0
WKHS.US,D,20180109,000000,4.05,4.07,3.89,3.94,6788066,0
WKHS.US,D,20180110,000000,3.95,4.01,3.93,4.01,4342017,0
WKHS.US,D,20180111,000000,4.01,4.30,4.01,4.17,5620558,0
WKHS.US,D,20180112,000000,4.14,4.20,4.10,4.16,5617769,0
WKHS.US,D,20180115,000000,4.19,4.35,4.17,4.33,5220649,0
WKHS.US,D,20180115,000000,4.32,4.37,4.31,4.35,5663704,0
WKHS.US,D,20180115,000000,4.32,4.52,4.24,4.44,3298427,0
WKHS.US,D,20180116,000000,4.44,4.53,4.42,4.53,5659870,0
WKHS.US,D,20180117,000000,4.47,4.61,4.43,4.57,6109820,0
WKHS.US,D,20180118,000000,4.53,4.58,4.24,4.32,3401437,0
WKHS.US,D,20180119,000000,4.34,4.54,4.28,4.48,4730083,0
WKHS.US,D,20180122,000000,4.47,4.48,4.28,4.31,5974195,0
WKHS.US,D,20180122,000000,4.28,4.48,4.26,4.43,7123662,0
WKHS.US,D,20180122,000000,4.46,4.53,4.19,4.26,4399377,0
WKHS.US,D,20180123,000000,4.29,4.31,4.22,4.22,3150302,0
WKHS.US,D,20180124,000000,4.26,4.27,4.26,4.26,3720537,0
WKHS.US,D,20180125,000000,4.34,4.37,4.29,4.29,6324171,0
WKHS.US,D,20180126,000000,4.36,4.37,4.23,4.25,5918666,0
WKHS.US,D,20180129,000000,4.22,4.55,4.16,4.44,5714367,0
WKHS.US,D,20180129,000000,4.40,4.52,4.37,4.47,3041816,0
WKHS.US,D,20180129,000000,4.53,4.53,4.43,4.46,5292495,0
WKHS.US,D,20180130,000000,4.49,4.82,4.46,4.79,4693141,0
WKHS.US,D,20180131,000000,4.75,4.86,4.70,4.82,3255843,0
WKHS.US,D,20180201,000000,4.89,4.96,4.69,4.73,6744480,0
WKHS.US,D,20180202,000000,4.78,4.80,4.34,4.44,4165765,0
WKHS.US,D,20180205,000000,4.43,4.67,4.43,4.66,6130488,0
WKHS.US,D,20180205,000000,4.65,4.76,4.65,4.73,5618513,0
WKHS.US,D,20180205,000000,4.75,4.93,4.72,4.89,6476350,0
WKHS.US,D,20180206,000000,4.98,4.99,4.76,4.80,3598527,0
WKHS.US,D,20180207,000000,4.71,4.76,4.71,4.76,6127577,0
WKHS.US,D,20180208,000000,4.88,4.91,4.78,4.79,7120533,0
WKHS.US,D,20180209,000000,4.77,4.80,4.62,4.69,3048666,0
WKHS.US,D,20180212,000000,4.69,4.70,4.48,4.54,6796998,0
WKHS.US,D,20180212,000000,4.56,4.71,4.52,4.69,3693949,0
WKHS.US,D,20180212,000000,4.69,4.82,4.68,4.79,5604407,0
WKHS.US,D,20180213,000000,4.93,4.94,4.60,4.67,7231814,0
WKHS.US,D,20180214,000000,4.72,4.80,4.72,4.77,5707036,0
WKHS.US,D,20180215,000000,4.69,5.27,4.63,5.27,2995147,0
WKHS.US,D,20180216,000000,5.29,5.33,5.06,5.14,6567818,0
WKHS.US,D,20180219,000000,5.11,5.18,5.10,5.16,4507754,0
WKHS.US,D,20180219,000000,5.15,5.38,5.01,5.31,4184826,0
WKHS.US,D,20180219,000000,5.37,5.56,5.16,5.55,3866496,0
WKHS.US,D,20180220,000000,5.55,5.61,5.53,5.59,7383197,0
WKHS.US,D,20180221,000000,5.60,5.62,5.20,5.24,4326544,0
WKHS.US,D,20180222,000000,5.27,5.40,4.88,4.89,5202065,0
WKHS.US,D,20180223,000000,4.98,5.09,4.50,4.59,6160724,0
WKHS.US,D,20180226,000000,4.60,4.65,4.58,4.64,3371764,0
WKHS.US,D,20180226,000000,4.70,4.84,4.68,4.81,3572949,0
WKHS.US,D,20180226,000000,4.76,5.42,4.60,5.33,4350621,0
WKHS.US,D,20180227,000000,5.39,5.61,5.32,5.56,5185583,0
WKHS.US,D,20180228,000000,5.54,6.03,5.50,5.86,3918453,0
WKHS.US,D,20180301,000000,5.88,5.94,5.68,5.80,2550629,0
WKHS.US,D,20180302,000000,5.77,6.12,5.75,6.08,3663268,0
WKHS.US,D,20180305,000000,6.19,6.25,5.69,5.83,6219190,0
WKHS.US,D,20180305,000000,5.94,5.96,5.48,5.75,4627978,0
WKHS.US,D,20180305,000000,5.82,5.90,5.73,5.80,5314393,0
WKHS.US,D,20180306,000000,5.86,5.92,5.71,5.75,4546805,0
WKHS.US,D,20180307,000000,5.63,6.02,5.52,5.99,3526074,0
WKHS.US,D,20180308,000000,5.99,6.03,5.27,5.50,6921976,0
WKHS.US,D,20180309,000000,5.56,5.75,5.51,5.74,3287959,0
WKHS.US,D,20180312,000000,5.78,6.15,5.74,6.05,2827713,0
WKHS.US,D,20180312,000000,6.07,6.44,6.07,6.30,6227900,0
WKHS.US,D,20180312,000000,6.40,6.86,6.37,6.70,5436804,0
WKHS.US,D,20180313,000000,6.60,6.74,6.53,6.63,3041998,0
WKHS.US,D,20180314,000000,6.74,6.78,6.45,6.46,2684889,0
WKHS.US,D,20180315,000000,6.53,6.58,6.20,6.27,2815289,0
WKHS.US,D,20180316,000000,6.21,6.84,6.18,6.56,7211781,0
WKHS.US,D,20180319,000000,6.60,6.72,6.12,6.31,3704814,0
WKHS.US,D,20180319,000000,6.20,6.27,6.18,6.27,6605521,0
WKHS.US,D,20180319,000000,6.39,6.56,6.34,6.53,4542517,0
WKHS.US,D,20180320,000000,6.45,6.70,5.77,6.03,5366541,0
WKHS.US,D,20180321,000000,6.07,6.11,5.70,5.82,3916668,0
WKHS.US,D,20180322,000000,5.80,5.82,5.75,5.77,4584489,0
WKHS.US,D,20180323,000000,5.72,5.91,5.67,5.84,3765108,0
WKHS.US,D,20180326,000000,5.87,5.88,5.53,5.61,7180321,0
WKHS.US,D,20180326,000000,5.69,5.82,5.32,5.38,6003441,0
WKHS.US,D,20180326,000000,5.45,5.61,5.33,5.57,3096714,0
WKHS.US,D,20180327,000000,5.51,5.60,5.21,5.31,3914129,0
WKHS.US,D,20180328,000000,5.24,5.25,5.21,5.22,5559007,0
WKHS.US,D,20180329,000000,5.22,5.22,5.20,5.22,2742275,0
WKHS.US,D,20180330,000000,5.26,5.29,4.92,5.06,4987753,0
WKHS.US,D,20180402,000000,5.08,5.17,5.08,5.16,7119686,0
WKHS.US,D,20180402,000000,5.06,5.37,4.99,5.25,4034312,0
WKHS.US,D,20180402,000000,5.32,5.41,4.77,4.83,6481072,0
WKHS.US,D,20180403,000000,4.88,4.90,4.75,4.80,5049210,0
WKHS.US,D,20180404,000000,4.92,4.94,4.92,4.94,4483435,0
WKHS.US,D,20180405,000000,5.00,5.01,4.54,4.63,4150756,0
WKHS.US,D,20180406,000000,4.54,4.68,4.52,4.63,6894351,0
WKHS.US,D,20180409,000000,4.65,4.69,4.40,4.48,4093609,0
WKHS.US,D,20180409,000000,4.47,4.53,4.46,4.50,6986852,0
WKHS.US,D,20180409,000000,4.57,4.59,4.29,4.30,7018558,0
WKHS.US,D,20180410,000000,4.34,4.41,4.15,4.15,6225392,0
WKHS.US,D,20180411,000000,4.19,4.23,3.98,4.04,5677929,0
WKHS.US,D,20180412,000000,4.08,4.37,4.02,4.28,2995479,0
WKHS.US,D,20180413,000000,4.26,4.38,4.24,4.35,2581302,0
WKHS.US,D,20180416,000000,4.38,4.44,4.27,4.29,6340982,0
WKHS.US,D,20180416,000000,4.30,4.43,4.29,4.40,5644458,0
WKHS.US,D,20180416,000000,4.45,4.55,4.44,4.53,6068935,0
WKHS.US,D,20180417,000000,4.55,4.57,4.50,4.54,3135883,0
WKHS.US,D,20180418,000000,4.50,4.51,4.47,4.49,5332881,0
WKHS.US,D,20180419,000000,4.52,4.53,4.44,4.48,2941306,0
WKHS.US,D,20180420,000000,4.45,4.62,4.31,4.62,5107837,0
WKHS.US,D,20180423,000000,4.70,4.77,4.66,4.66,4595511,0
WKHS.US,D,20180423,000000,4.62,4.80,4.58,4.74,6784711,0
WKHS.US,D,20180423,000000,4.68,4.99,4.65,4.94,5858271,0
WKHS.US,D,20180424,000000,5.01,5.02,5.00,5.00,7174975,0
WKHS.US,D,20180425,000000,5.00,5.05,4.93,4.96,4919011,0
WKHS.US,D,20180426,000000,4.92,5.13,4.89,5.12,6198122,0
WKHS.US,D,20180427,000000,5.03,5.52,4.96,5.42,4618985,0
WKHS.US,D,20180430,000000,5.34,5.45,4.93,5.03,3809663,0
WKHS.US,D,20180430,000000,5.03,5.03,5.02,5.03,2785706,0
WKHS.US,D,20180430,000000,4.96,5.24,4.94,5.15,6015462,0
WKHS.US,D,20180501,000000,5.04,5.89,4.97,5.64,6523179,0
WKHS.US,D,20180502,000000,5.62,5.63,5.52,5.62,3879845,0
WKHS.US,D,20180503,000000,5.63,5.75,5.56,5.73,4442118,0
WKHS.US,D,20180504,000000,5.61,6.47,5.50,6.18,3157831,0
WKHS.US,D,20180507,000000,6.23,6.33,6.18,6.31,2960104,0
WKHS.US,D,20180507,000000,6.23,6.63,6.18,6.58,5870253,0
WKHS.US,D,20180507,000000,6.70,6.71,6.58,6.61,4075197,0
WKHS.US,D,20180508,000000,6.59,6.84,6.57,6.82,4697582,0
WKHS.US,D,20180509,000000,6.87,7.63,6.43,7.46,7199444,0
WKHS.US,D,20180510,000000,7.49,7.80,7.46,7.69,4166200,0
WKHS.US,D,20180511,000000,7.70,7.93,7.66,7.89,2939275,0
WKHS.US,D,20180514,000000,7.78,8.44,7.75,8.23,5358238,0
WKHS.US,D,20180514,000000,8.16,8.62,8.14,8.53,6776873,0
WKHS.US,D,20180514,000000,8.60,8.61,8.54,8.56,2890315,0
WKHS.US,D,20180515,000000,8.67,8.69,8.54,8.57,6286229,0
WKHS.US,D,20180516,000000,8.77,8.84,8.46,8.50,5329165,0
WKHS.US,D,20180517,000000,8.53,8.56,8.21,8.24,2866947,0
WKHS.US,D,20180518,000000,8.16,8.19,7.86,7.95,3752640,0
WKHS.US,D,20180521,000000,7.96,8.17,7.91,8.17,5057584,0
WKHS.US,D,20180521,000000,8.18,8.48,8.18,8.42,3836623,0
WKHS.US,D,20180521,000000,8.57,8.64,8.57,8.62,3967120,0
WKHS.US,D,20180522,000000,8.64,8.80,8.63,8.75,7140420,0
WKHS.US,D,20180523,000000,8.86,9.33,8.83,9.10,5715326,0
WKHS.US,D,20180524,000000,9.18,9.36,8.08,8.66,5415796,0
WKHS.US,D,20180525,000000,8.54,8.85,8.44,8.76,3442155,0
WKHS.US,D,20180528,000000,8.74,8.74,8.69,8.71,4737539,0
WKHS.US,D,20180528,000000,8.67,8.80,8.66,8.79,4904515,0
WKHS.US,D,20180528,000000,8.83,8.85,8.69,8.74,4879594,0
WKHS.US,D,20180529,000000,8.74,8.82,8.45,8.51,2922370,0
WKHS.US,D,20180530,000000,8.64,8.65,8.49,8.54,3273908,0
WKHS.US,D,20180531,000000,8.60,8.63,8.44,8.48,2668389,0
WKHS.US,D,20180601,000000,8.45,8.46,8.42,8.43,4160102,0
WKHS.US,D,20180604,000000,8.42,8.48,8.35,8.39,5558275,0
WKHS.US,D,20180604,000000,8.40,8.50,8.14,8.23,6383542,0
WKHS.US,D,20180604,000000,8.22,8.29,8.22,8.27,3892728,0
WKHS.US,D,20180605,000000,8.30,8.30,8.24,8.27,2880035,0
WKHS.US,D,20180606,000000,8.19,8.23,8.18,8.22,7034642,0
WKHS.US,D,20180607,000000,8.23,8.36,8.15,8.30,6452338,0
WKHS.US,D,20180608,000000,8.24,8.30,8.03,8.07,4801624,0
WKHS.US,D,20180611,000000,8.04,8.41,7.92,8.34,6674327,0
WKHS.US,D,20180611,000000,8.44,8.50,8.41,8.46,7447149,0
WKHS.US,D,20180611,000000,8.55,8.58,8.28,8.33,7260601,0
WKHS.US,D,20180612,000000,8.39,8.41,8.17,8.30,6673508,0
WKHS.US,D,20180613,000000,8.34,8.36,8.17,8.27,7034997,0
WKHS.US,D,20180614,000000,8.17,8.44,8.12,8.40,6089448,0
WKHS.US,D,20180615,000000,8.31,9.04,8.21,8.69,2695112,0
WKHS.US,D,20180618,000000,8.69,8.72,8.15,8.39,3771227,0
WKHS.US,D,20180618,000000,8.53,8.54,8.30,8.34,7318336,0
WKHS.US,D,20180618,000000,8.30,8.52,8.26,8.37,4954992,0
WKHS.US,D,20180619,000000,8.36,8.37,8.31,8.33,5556434,0
WKHS.US,D,20180620,000000,8.34,8.54,8.34,8.53,6773748,0
WKHS.US,D,20180621,000000,8.52,8.99,8.45,8.84,7400128,0
WKHS.US,D,20180622,000000,8.81,8.98,8.81,8.93,5236977,0
WKHS.US,D,20180625,000000,8.93,8.96,8.86,8.90,2715631,0
WKHS.US,D,20180625,000000,8.85,8.96,8.83,8.95,6983539,0
WKHS.US,D,20180625,000000,8.99,9.07,8.56,8.62,6195133,0
WKHS.US,D,20180626,000000,8.54,8.77,8.50,8.73,5815574,0
WKHS.US,D,20180627,000000,8.63,8.68,8.33,8.36,4276875,0
WKHS.US,D,20180628,000000,8.31,8.34,8.26,8.28,3626410,0
WKHS.US,D,20180629,000000,8.23,8.30,7.73,7.92,6741648,0
WKHS.US,D,20180702,000000,7.91,8.31,7.79,8.15,5115118,0
WKHS.US,D,20180702,000000,8.27,8.41,7.98,8.06,5864676,0
WKHS.US,D,20180702,000000,8.02,8.06,7.91,7.97,3770088,0
WKHS.US,D,20180703,000000,8.01,8.03,7.99,8.03,6213271,0
WKHS.US,D,20180704,000000,7.99,8.00,7.81,7.86,6106911,0
WKHS.US,D,20180705,000000,7.84,7.86,7.84,7.85,7473189,0
WKHS.US,D,20180706,000000,7.88,7.95,7.87,7.93,3487878,0
WKHS.US,D,20180709,000000,7.97,8.06,7.72,7.76,2582159,0
WKHS.US,D,20180709,000000,7.69,7.72,7.61,7.65,7034632,0
WKHS.US,D,20180709,000000,7.63,7.64,7.52,7.54,3514383,0
WKHS.US,D,20180710,000000,7.53,7.56,7.47,7.52,5949626,0
WKHS.US,D,20180711,000000,7.49,7.50,7.49,7.49,6748202,0
WKHS.US,D,20180712,000000,7.47,7.71,7.46,7.64,6951648,0
WKHS.US,D,20180713,000000,7.57,7.58,7.56,7.56,7469480,0
WKHS.US,D,20180716,000000,7.57,7.65,7.33,7.40,5507202,0
WKHS.US,D,20180716,000000,7.41,7.42,7.31,7.31,6729571,0
WKHS.US,D,20180716,000000,7.33,7.45,7.33,7.43,6014403,0
WKHS.US,D,20180717,000000,7.45,7.61,7.42,7.54,6892994,0
WKHS.US,D,20180718,000000,7.52,7.53,7.46,7.50,3783574,0
WKHS.US,D,20180719,000000,7.46,7.54,7.42,7.53,6525369,0
WKHS.US,D,20180720,000000,7.54,7.73,7.51,7.64,6635757,0
WKHS.US,D,20180723,000000,7.57,7.59,7.52,7.54,3384920,0
WKHS.US,D,20180723,000000,7.50,7.66,7.47,7.64,4880884,0
WKHS.US,D,20180723,000000,7.66,7.80,7.63,7.76,6463580,0
WKHS.US,D,20180724,000000,7.71,7.86,7.67,7.79,7165770,0
WKHS.US,D,20180725,000000,7.81,7.91,7.72,7.89,5797100,0
WKHS.US,D,20180726,000000,7.84,8.06,7.80,8.02,8359656,0
WKHS.US,D,20180727,000000,7.95,8.16,7.95,8.09,6107122,0
WKHS.US,D,20180730,000000,8.14,8.38,8.09,8.30,12786873,0
WKHS.US,D,20180730,000000,8.14,8.68,8.12,8.51,9443358,0
WKHS.US,D,20180730,000000,8.54,8.70,8.49,8.70,8125342,0
WKHS.US,D,20180731,000000,8.68,8.96,8.51,8.88,7763916,0
WKHS.US,D,20180801,000000,8.81,9.24,8.77,9.07,7972124,0
WKHS.US,D,20180802,000000,9.21,9.29,9.19,9.26,11309774,0
WKHS.US,D,20180803,000000,9.13,9.56,9.10,9.43,6259405,0
WKHS.US,D,20180806,000000,9.39,9.62,9.24,9.61,17417883,0
WKHS.US,D,20180806,000000,9.37,9.93,9.19,9.83,6209056,0
WKHS.US,D,20180806,000000,9.96,10.12,9.96,10.07,6800976,0
WKHS.US,D,20180807,000000,10.03,10.49,9.90,10.39,13382004,0
WKHS.US,D,20180808,000000,10.42,10.66,10.19,10.64,16550427,0
WKHS.US,D,20180809,000000,10.60,10.98,10.52,10.87,18998658,0
WKHS.US,D,20180810,000000,10.84,11.27,10.81,11.18,21354719,0
WKHS.US,D,20180813,000000,10.83,11.58,10.64,11.55,14608782,0
WKHS.US,D,20180813,000000,11.63,12.16,11.61,11.95,12399068,0
WKHS.US,D,20180813,000000,11.84,12.59,11.83,12.36,16362076,0
WKHS.US,D,20180814,000000,12.56,12.79,12.55,12.78,21437613,0
WKHS.US,D,20180815,000000,12.78,13.38,12.64,13.27,9531251,0
WKHS.US,D,20180816,000000,13.13,13.85,13.01,13.84,18251669,0
WKHS.US,D,20180817,000000,14.03,14.56,13.95,14.26,22757251,0
WKHS.US,D,20180820,000000,13.92,14.34,13.83,14.26,6421057,0
WKHS.US,D,20180820,000000,14.56,14.59,13.87,13.94,6099493,0
WKHS.US,D,20180820,000000,13.85,13.89,13.57,13.57,5121365,0
WKHS.US,D,20180821,000000,13.63,13.72,13.36,13.37,5961672,0
WKHS.US,D,20180822,000000,13.35,15.46,13.27,14.83,2846493,0
WKHS.US,D,20180823,000000,14.61,15.62,14.58,15.29,7021715,0
WKHS.US,D,20180824,000000,15.18,15.52,14.29,14.44,6997620,0
WKHS.US,D,20180827,000000,14.38,14.52,14.33,14.49,7323913,0
WKHS.US,D,20180827,000000,14.21,14.24,13.55,13.73,2534105,0
WKHS.US,D,20180827,000000,13.69,14.49,13.45,14.01,5563626,0
WKHS.US,D,20180828,000000,13.69,13.71,13.58,13.61,5551354,0
WKHS.US,D,20180829,000000,13.79,13.86,13.38,13.52,6501378,0
WKHS.US,D,20180830,000000,13.48,13.69,13.38,13.49,6592338,0
WKHS.US,D,20180831,000000,13.40,14.38,13.31,14.09,6339026,0
WKHS.US,D,20180903,000000,14.20,14.33,13.70,13.79,2758203,0
WKHS.US,D,20180903,000000,13.89,13.97,13.42,13.48,5446829,0
WKHS.US,D,20180903,000000,13.54,13.54,12.98,13.14,5596405,0
WKHS.US,D,20180904,000000,13.08,13.21,12.39,12.41,4162270,0
WKHS.US,D,20180905,000000,12.71,12.79,12.68,12.77,3196689,0
WKHS.US,D,20180906,000000,12.75,13.08,12.71,13.00,2763466,0
WKHS.US,D,20180907,000000,12.71,12.77,11.81,11.96,5559568,0
WKHS.US,D,20180910,000000,11.73,12.16,11.57,12.11,3908765,0
WKHS.US,D,20180910,000000,12.22,12.74,12.19,12.63,4295099,0
WKHS.US,D,20180910,000000,12.62,12.65,12.18,12.27,2506183,0
WKHS.US,D,20180911,000000,12.08,12.51,12.08,12.37,7446734,0
WKHS.US,D,20180912,000000,12.41,12.46,11.74,11.90,3422723,0
WKHS.US,D,20180913,000000,11.81,12.95,11.64,12.53,3718110,0
WKHS.US,D,20180914,000000,12.46,12.54,12.33,12.40,5724636,0
WKHS.US,D,20180917,000000,12.43,13.87,12.04,13.30,7441221,0
WKHS.US,D,20180917,000000,13.15,14.16,13.14,13.91,7153363,0
WKHS.US,D,20180917,000000,13.91,14.06,12.97,13.15,4266909,0
WKHS.US,D,20180918,000000,13.53,13.56,12.88,13.08,5306051,0
WKHS.US,D,20180919,000000,13.30,13.72,12.28,12.48,6990263,0
WKHS.US,D,20180920,000000,12.31,13.15,11.87,13.06,3061226,0
WKHS.US,D,20180921,000000,13.41,13.45,13.17,13.30,4593715,0
WKHS.US,D,20180924,000000,13.28,13.41,13.27,13.37,2593138,0
WKHS.US,D,20180924,000000,13.76,13.80,13.42,13.55,7338024,0
WKHS.US,D,20180924,000000,13.77,14.11,13.49,13.92,6591570,0
WKHS.US,D,20180925,000000,13.93,13.97,13.17,13.57,3440392,0
WKHS.US,D,20180926,000000,13.54,13.75,13.42,13.70,4310333,0
WKHS.US,D,20180927,000000,13.71,14.00,13.67,13.87,6322160,0
WKHS.US,D,20180928,000000,13.96,14.24,12.89,12.95,5529340,0
WKHS.US,D,20181001,000000,12.96,13.66,12.78,13.61,2646891,0
WKHS.US,D,20181001,000000,14.00,14.18,13.46,13.47,2785402,0
WKHS.US,D,20181001,000000,13.52,14.80,13.36,14.68,4270434,0
WKHS.US,D,20181002,000000,14.87,15.04,14.32,14.46,6523633,0
WKHS.US,D,20181003,000000,13.87,16.37,13.76,15.10,6855385,0
WKHS.US,D,20181004,000000,14.90,16.39,14.79,16.25,3604380,0
WKHS.US,D,20181005,000000,15.95,16.48,15.80,16.34,6361147,0
WKHS.US,D,20181008,000000,16.39,16.69,16.29,16.58,5442975,0
WKHS.US,D,20181008,000000,16.55,16.84,15.79,15.90,6817827,0
WKHS.US,D,20181008,000000,16.12,16.18,15.99,16.02,4270695,0
WKHS.US,D,20181009,000000,15.79,17.96,15.23,17.72,6675434,0
WKHS.US,D,20181010,000000,17.97,18.26,15.24,16.05,6739474,0
WKHS.US,D,20181011,000000,16.01,17.14,15.92,16.92,6064659,0
WKHS.US,D,20181012,000000,17.04,17.21,17.03,17.13,3351854,0
WKHS.US,D,20181015,000000,16.92,17.40,16.90,17.26,6393657,0
WKHS.US,D,20181015,000000,17.44,17.94,15.13,16.42,4204310,0
WKHS.US,D,20181015,000000,16.81,17.85,16.61,17.76,7269699,0
WKHS.US,D,20181016,000000,17.52,18.36,17.24,18.34,3472593,0
WKHS.US,D,20181017,000000,18.35,18.39,17.95,18.14,7406994,0
WKHS.US,D,20181018,000000,18.77,19.01,17.64,17.86,5872799,0
WKHS.US,D,20181019,000000,17.73,19.67,17.55,19.38,3316507,0
WKHS.US,D,20181022,000000,18.88,19.62,18.85,19.57,2990600,0
WKHS.US,D,20181022,000000,19.46,19.92,16.24,17.43,4869691,0
WKHS.US,D,20181022,000000,17.51,17.85,17.46,17.60,8172005,0
WKHS.US,D,20181023,000000,17.55,18.15,17.37,17.80,4175208,0
WKHS.US,D,20181024,000000,18.20,18.36,17.99,18.16,8300537,0
WKHS.US,D,20181025,000000,18.13,18.42,18.09,18.40,10019370,0
WKHS.US,D,20181026,000000,18.76,18.89,18.63,18.85,11390291,0
WKHS.US,D,20181029,000000,18.95,19.18,18.94,19.07,7391450,0
WKHS.US,D,20181029,000000,18.63,19.46,18.38,19.40,7840668,0
WKHS.US,D,20181029,000000,20.28,20.40,19.39,19.74,11796397,0
WKHS.US,D,20181030,000000,19.97,20.23,19.93,20.13,8432542,0
WKHS.US,D,20181031,000000,20.27,20.79,20.02,20.60,11214609,0
WKHS.US,D,20181101,000000,20.68,20.96,20.64,20.96,13602259,0
WKHS.US,D,20181102,000000,20.96,21.64,20.94,21.40,14324966,0
WKHS.US,D,20181105,000000,21.57,22.11,21.37,21.97,11380878,0
WKHS.US,D,20181105,000000,21.51,22.95,21.34,22.44,11008923,0
WKHS.US,D,20181105,000000,22.51,23.37,22.47,23.01,15983572,0
WKHS.US,D,20181106,000000,22.13,24.17,21.64,23.80,15882938,0
WKHS.US,D,20181107,000000,24.31,24.56,24.26,24.43,6721314,0
WKHS.US,D,20181108,000000,24.68,25.14,24.54,24.94,17739687,0
WKHS.US,D,20181109,000000,24.63,25.90,24.61,25.42,18564090,0
WKHS.US,D,20181112,000000,25.32,26.12,25.10,26.06,13533513,0
WKHS.US,D,20181112,000000,25.77,27.13,25.36,26.77,10767218,0
WKHS.US,D,20181112,000000,26.46,27.90,26.15,27.46,7471935,0
WKHS.US,D,20181113,000000,27.65,28.53,27.49,28.40,10716981,0
WKHS.US,D,20181114,000000,29.25,29.32,28.93,29.15,19800192,0
WKHS.US,D,20181115,000000,30.17,30.20,29.74,30.08,12889610,0
WKHS.US,D,20181116,000000,30.46,31.06,30.22,31.02,14536066,0
WKHS.US,D,20181119,000000,31.34,33.06,31.27,31.85,9699013,0
WKHS.US,D,20181119,000000,31.26,33.12,31.19,32.84,11612396,0
WKHS.US,D,20181119,000000,31.68,36.06,31.19,34.28,23173592,0
WKHS.US,D,20181120,000000,34.82,35.68,34.03,35.58,20898712,0
WKHS.US,D,20181121,000000,35.28,36.93,34.77,36.84,11892969,0
WKHS.US,D,20181122,000000,36.86,38.35,36.71,38.21,18201610,0
WKHS.US,D,20181123,000000,36.79,41.72,36.64,39.68,25760337,0
WKHS.US,D,20181126,000000,39.56,40.26,36.18,37.35,6349242,0
WKHS.US,D,20181126,000000,37.26,37.49,35.82,36.08,4639377,0
WKHS.US,D,20181126,000000,36.56,36.76,34.62,34.88,5104829,0
WKHS.US,D,20181127,000000,34.49,37.41,34.31,36.86,7362273,0
WKHS.US,D,20181128,000000,36.69,37.13,34.56,34.77,7218968,0
WKHS.US,D,20181129,000000,34.20,36.82,33.97,36.24,6825724,0
WKHS.US,D,20181130,000000,35.94,40.82,35.72,39.03,2582035,0
WKHS.US,D,20181203,000000,38.29,38.70,35.54,37.52,5624058,0
WKHS.US,D,20181203,000000,37.22,37.53,34.00,34.51,5827202,0
WKHS.US,D,20181203,000000,34.39,34.76,34.23,34.35,3339109,0
WKHS.US,D,20181204,000000,34.22,34.66,32.33,32.63,6783218,0
WKHS.US,D,20181205,000000,32.16,32.93,31.89,32.59,4144745,0
WKHS.US,D,20181206,000000,31.98,32.14,30.77,30.96,3182841,0
WKHS.US,D,20181207,000000,31.55,31.61,31.15,31.27,5501615,0
WKHS.US,D,20181210,000000,31.26,31.86,28.53,29.48,3212702,0
WKHS.US,D,20181210,000000,29.65,29.79,28.47,29.13,4879584,0
WKHS.US,D,20181210,000000,28.35,30.19,28.31,29.79,3448397,0
WKHS.US,D,20181211,000000,29.92,32.63,29.67,32.08,3185769,0
WKHS.US,D,20181212,000000,31.87,32.52,30.76,31.10,6422768,0
WKHS.US,D,20181213,000000,30.52,30.55,30.09,30.30,3873531,0
WKHS.US,D,20181214,000000,30.69,32.23,30.63,31.78,4439735,0
WKHS.US,D,20181217,000000,33.14,33.16,30.58,31.34,3955701,0
WKHS.US,D,20181217,000000,31.45,33.38,31.35,32.70,6892429,0
WKHS.US,D,20181217,000000,32.68,32.74,30.24,30.58,5011652,0
WKHS.US,D,20181218,000000,30.59,32.90,30.48,32.52,4408273,0
WKHS.US,D,20181219,000000,32.85,32.96,32.03,32.12,6631674,0
WKHS.US,D,20181220,000000,32.96,33.31,32.29,32.43,4245911,0
WKHS.US,D,20181221,000000,32.36,32.67,31.32,31.49,5353501,0
WKHS.US,D,20181224,000000,31.32,31.62,28.73,29.47,4213959,0
WKHS.US,D,20181224,000000,29.87,30.17,27.40,28.55,3594374,0
WKHS.US,D,20181224,000000,28.43,28.72,28.31,28.60,6276741,0
WKHS.US,D,20181225,000000,28.70,29.20,25.69,26.34,6418727,0
WKHS.US,D,20181226,000000,26.42,26.68,25.08,25.74,5353613,0
WKHS.US,D,20181227,000000,26.21,26.23,24.39,24.76,5057639,0
WKHS.US,D,20181228,000000,24.49,24.74,24.38,24.73,5747040,0
WKHS.US,D,20181231,000000,24.66,24.67,23.85,24.01,3531669,0
WKHS.US,D,20181231,000000,24.44,24.95,22.50,23.07,4513516,0
WKHS.US,D,20181231,000000,23.28,23.39,21.61,21.87,5440693,0
WKHS.US,D,20190101,000000,21.74,23.03,21.33,22.78,3577097,0
WKHS.US,D,20190102,000000,23.00,23.22,22.91,23.16,4906677,0
WKHS.US,D,20190103,000000,23.08,23.37,20.93,21.28,3325086,0
WKHS.US,D,20190104,000000,21.35,22.39,21.03,22.19,5625682,0
WKHS.US,D,20190107,000000,22.08,22.13,19.25,19.89,4079814,0
WKHS.US,D,20190107,000000,20.07,20.19,19.79,20.19,6915677,0
WKHS.US,D,20190107,000000,19.73,22.54,18.83,21.60,5108796,0
WKHS.US,D,20190108,000000,21.69,21.74,20.72,20.73,3842858,0
WKHS.US,D,20190109,000000,20.46,20.75,20.38,20.59,7221565,0
WKHS.US,D,20190110,000000,20.33,20.59,20.08,20.22,4630091,0
WKHS.US,D,20190111,000000,20.10,20.57,19.01,19.36,3014969,0
WKHS.US,D,20190114,000000,19.71,19.73,19.39,19.41,6888608,0
WKHS.US,D,20190114,000000,19.48,20.06,19.24,20.06,6255412,0
WKHS.US,D,20190114,000000,20.47,22.98,20.24,22.43,4786104,0
WKHS.US,D,20190115,000000,22.56,23.18,22.50,23.16,4367242,0
WKHS.US,D,20190116,000000,23.98,24.30,22.98,23.11,4960633,0
WKHS.US,D,20190117,000000,22.84,24.40,19.07,19.41,3180340,0
WKHS.US,D,20190118,000000,19.37,19.73,17.06,17.35,7240996,0
WKHS.US,D,20190121,000000,17.67,17.92,17.08,17.32,4860874,0
WKHS.US,D,20190121,000000,17.15,18.46,17.03,18.27,4914747,0
WKHS.US,D,20190121,000000,18.77,19.20,17.36,17.69,5043251,0
WKHS.US,D,20190122,000000,17.20,17.23,16.50,16.61,5638578,0
WKHS.US,D,20190123,000000,17.01,17.17,16.18,16.24,2837058,0
WKHS.US,D,20190124,000000,16.36,16.73,14.66,14.77,3337768,0
WKHS.US,D,20190125,000000,14.70,14.73,14.51,14.53,6093351,0
WKHS.US,D,20190128,000000,14.39,14.45,14.08,14.24,6110100,0
WKHS.US,D,20190128,000000,14.15,14.72,14.12,14.43,5585652,0
WKHS.US,D,20190128,000000,14.51,16.31,14.18,15.98,3182546,0
WKHS.US,D,20190129,000000,15.74,17.31,15.44,16.94,5846845,0
WKHS.US,D,20190130,000000,17.40,17.63,15.68,16.00,3574932,0
WKHS.US,D,20190131,000000,16.08,17.20,16.03,17.17,3760980,0
WKHS.US,D,20190201,000000,17.36,17.53,16.22,16.64,4912547,0
WKHS.US,D,20190204,000000,16.45,19.36,16.28,18.21,4684494,0
WKHS.US,D,20190204,000000,17.96,19.15,17.67,18.86,3489136,0
WKHS.US,D,20190204,000000,19.15,19.21,18.51,18.75,6290602,0
WKHS.US,D,20190205,000000,18.42,18.59,18.06,18.07,6986280,0
WKHS.US,D,20190206,000000,18.34,19.86,17.23,19.84,4759301,0
WKHS.US,D,20190207,000000,19.72,19.87,18.34,18.39,4532630,0
WKHS.US,D,20190208,000000,18.88,19.20,15.98,16.66,3227858,0
WKHS.US,D,20190211,000000,16.69,16.98,15.57,15.76,2662461,0
WKHS.US,D,20190211,000000,15.64,16.94,15.47,16.88,4102236,0
WKHS.US,D,20190211,000000,16.75,18.12,14.30,15.15,4654204,0
WKHS.US,D,20190212,000000,15.24,15.38,15.14,15.24,6990625,0
WKHS.US,D,20190213,000000,15.14,15.18,14.52,14.63,6804097,0
WKHS.US,D,20190214,000000,14.34,14.72,13.10,13.47,2599687,0
WKHS.US,D,20190215,000000,13.41,14.44,12.96,14.11,4173771,0
WKHS.US,D,20190218,000000,13.78,14.09,11.77,12.44,6521169,0
WKHS.US,D,20190218,000000,12.31,13.23,12.19,12.73,4081834,0
WKHS.US,D,20190218,000000,12.36,15.21,12.21,14.14,3180039,0
WKHS.US,D,20190219,000000,14.51,14.97,11.50,12.73,5931081,0
WKHS.US,D,20190220,000000,12.70,12.73,12.50,12.57,4976896,0
WKHS.US,D,20190221,000000,12.23,12.41,10.96,11.80,3533633,0
WKHS.US,D,20190222,000000,11.94,12.51,11.76,12.24,6970794,0
WKHS.US,D,20190225,000000,12.30,16.28,12.30,14.24,3850471,0
WKHS.US,D,20190225,000000,14.43,14.50,13.92,14.11,3196276,0
WKHS.US,D,20190225,000000,14.30,14.30,13.69,13.82,6421587,0
WKHS.US,D,20190226,000000,13.54,13.70,13.01,13.14,4361792,0
WKHS.US,D,20190227,000000,13.37,14.02,13.28,13.82,5845696,0
WKHS.US,D,20190228,000000,13.45,13.96,13.39,13.78,5119597,0
WKHS.US,D,20190301,000000,13.26,14.00,13.23,13.80,7306784,0
WKHS.US,D,20190304,000000,14.33,14.94,14.28,14.86,6609082,0
WKHS.US,D,20190304,000000,14.40,15.37,14.04,14.93,3973156,0
WKHS.US,D,20190304,000000,14.99,15.22,14.24,14.41,5339490,0
WKHS.US,D,20190305,000000,14.62,15.83,14.60,15.47,5275839,0
WKHS.US,D,20190306,000000,15.62,15.80,14.62,14.84,2866746,0
WKHS.US,D,20190307,000000,14.43,14.50,13.84,13.96,5637839,0
WKHS.US,D,20190308,000000,14.16,14.20,14.01,14.07,5884473,0
WKHS.US,D,20190311,000000,14.59,14.76,13.18,13.79,7479239,0
WKHS.US,D,20190311,000000,13.80,15.54,13.54,15.16,3609143,0
WKHS.US,D,20190311,000000,15.52,15.52,15.41,15.45,3095372,0
WKHS.US,D,20190312,000000,15.37,15.37,15.34,15.35,4501738,0
WKHS.US,D,20190313,000000,15.69,17.02,15.46,17.01,3499615,0
WKHS.US,D,20190314,000000,17.20,17.65,17.15,17.63,3647530,0
WKHS.US,D,20190315,000000,17.69,17.85,17.39,17.84,3836465,0
WKHS.US,D,20190318,000000,17.91,17.97,17.59,17.70,5433193,0
WKHS.US,D,20190318,000000,17.51,18.53,17.45,18.51,6990430,0
WKHS.US,D,20190318,000000,18.04,19.34,17.73,19.09,7489620,0
WKHS.US,D,20190319,000000,18.79,18.81,18.73,18.78,5644001,0
WKHS.US,D,20190320,000000,18.66,18.82,18.58,18.80,6838180,0
WKHS.US,D,20190321,000000,18.56,19.40,18.55,18.96,4248870,0
WKHS.US,D,20190322,000000,18.83,19.71,18.79,19.52,4324845,0
WKHS.US,D,20190325,000000,19.79,19.81,19.42,19.74,5443251,0
WKHS.US,D,20190325,000000,19.82,20.02,16.68,18.26,6664967,0
WKHS.US,D,20190325,000000,18.28,19.53,18.15,19.04,3057141,0
WKHS.US,D,20190326,000000,18.76,19.15,17.64,18.02,3546275,0
WKHS.US,D,20190327,000000,18.00,20.77,17.94,19.77,3537266,0
WKHS.US,D,20190328,000000,19.83,20.46,19.74,20.36,5390287,0
WKHS.US,D,20190329,000000,20.55,21.06,18.84,19.53,3688677,0
WKHS.US,D,20190401,000000,19.64,19.66,18.99,19.26,4783557,0
WKHS.US,D,20190401,000000,19.29,19.43,18.50,18.76,2653638,0
WKHS.US,D,20190401,000000,18.64,19.28,18.19,18.94,7162341,0
WKHS.US,D,20190402,000000,18.86,18.95,17.00,17.63,2609538,0
WKHS.US,D,20190403,000000,17.81,18.74,17.35,18.68,5013806,0
WKHS.US,D,20190404,000000,18.87,19.05,17.91,17.99,2778238,0
WKHS.US,D,20190405,000000,18.11,19.09,17.77,18.83,7029209,0
WKHS.US,D,20190408,000000,19.04,19.06,18.70,18.80,2832893,0
WKHS.US,D,20190408,000000,19.02,19.08,18.27,18.38,3896112,0
WKHS.US,D,20190408,000000,18.05,18.14,17.27,17.33,6547522,0
WKHS.US,D,20190409,000000,17.12,17.24,16.51,16.61,3907295,0
WKHS.US,D,20190410,000000,17.12,17.47,16.93,17.39,2973699,0
WKHS.US,D,20190411,000000,17.57,17.97,16.14,16.25,5592423,0
WKHS.US,D,20190412,000000,16.01,18.09,15.31,17.75,3346381,0
WKHS.US,D,20190415,000000,17.63,18.71,17.22,18.68,5285330,0
WKHS.US,D,20190415,000000,19.00,19.39,17.22,17.48,5907352,0
WKHS.US,D,20190415,000000,17.36,17.55,17.30,17.51,6548194,0
WKHS.US,D,20190416,000000,17.62,17.80,17.61,17.68,2630009,0
WKHS.US,D,20190417,000000,17.24,18.65,16.99,18.19,3103612,0
WKHS.US,D,20190418,000000,17.68,17.83,16.26,16.86,2597779,0
WKHS.US,D,20190419,000000,17.01,20.59,16.66,19.67,4520187,0
WKHS.US,D,20190422,000000,19.65,19.68,18.97,19.03,7342147,0
WKHS.US,D,20190422,000000,19.46,19.51,18.24,18.70,5306414,0
WKHS.US,D,20190422,000000,18.09,20.60,17.36,20.32,4962363,0
WKHS.US,D,20190423,000000,20.14,21.21,19.57,20.67,4718466,0
WKHS.US,D,20190424,000000,20.98,22.25,20.98,22.20,3001871,0
WKHS.US,D,20190425,000000,22.17,22.30,21.05,21.13,5396699,0
WKHS.US,D,20190426,000000,21.59,21.89,21.44,21.78,7053986,0
WKHS.US,D,20190429,000000,21.87,22.31,21.79,22.05,5222885,0
WKHS.US,D,20190429,000000,22.01,22.17,20.34,20.58,7453099,0
WKHS.US,D,20190429,000000,20.14,20.21,19.11,19.59,7428841,0
WKHS.US,D,20190430,000000,19.21,23.11,18.70,22.39,3824641,0
WKHS.US,D,20190501,000000,22.30,23.44,22.19,23.22,5653355,0
WKHS.US,D,20190502,000000,22.95,23.72,19.35,20.58,4156633,0
WKHS.US,D,20190503,000000,20.74,21.91,20.69,21.27,7203809,0
WKHS.US,D,20190506,000000,21.52,21.86,20.92,21.14,4711773,0
WKHS.US,D,20190506,000000,20.77,22.33,20.55,22.21,3870396,0
WKHS.US,D,20190506,000000,22.35,23.00,17.88,19.84,6221244,0
WKHS.US,D,20190507,000000,19.86,20.89,19.57,20.84,4945896,0
WKHS.US,D,20190508,000000,21.08,24.26,21.03,23.40,3618885,0
WKHS.US,D,20190509,000000,23.59,27.86,23.35,26.11,6832646,0
WKHS.US,D,20190510,000000,25.68,26.47,25.47,26.33,5188171,0
WKHS.US,D,20190513,000000,26.44,26.95,26.37,26.80,4056874,0
WKHS.US,D,20190513,000000,26.42,26.51,26.16,26.46,5210676,0
WKHS.US,D,20190513,000000,26.54,27.23,26.27,26.82,3891249,0
WKHS.US,D,20190514,000000,26.45,26.70,26.24,26.53,6172412,0
WKHS.US,D,20190515,000000,26.75,27.29,26.70,27.20,7440308,0
WKHS.US,D,20190516,000000,27.30,27.92,24.78,25.13,5295932,0
WKHS.US,D,20190517,000000,25.40,26.77,25.06,26.71,3392444,0
WKHS.US,D,20190520,000000,26.44,29.71,26.00,28.75,4087473,0
WKHS.US,D,20190520,000000,29.05,29.60,26.90,27.43,5861528,0
WKHS.US,D,20190520,000000,26.36,28.66,26.12,28.27,3646757,0
WKHS.US,D,20190521,000000,28.59,28.76,27.56,27.65,3846127,0
WKHS.US,D,20190522,000000,27.30,28.00,26.97,27.74,4427986,0
WKHS.US,D,20190523,000000,28.07,29.89,27.62,29.63,5373258,0
WKHS.US,D,20190524,000000,29.62,29.81,29.51,29.76,4438316,0
WKHS.US,D,20190527,000000,30.47,31.09,28.72,28.87,2888591,0
WKHS.US,D,20190527,000000,29.68,29.91,27.34,27.43,3865272,0
WKHS.US,D,20190527,000000,27.05,27.62,26.95,27.23,6956885,0
WKHS.US,D,20190528,000000,27.63,27.81,27.54,27.78,5085597,0
WKHS.US,D,20190529,000000,27.93,28.09,27.21,27.54,5415790,0
WKHS.US,D,20190530,000000,27.00,27.44,26.01,26.24,6659361,0
WKHS.US,D,20190531,000000,26.12,27.79,25.84,27.12,6104058,0
WKHS.US,D,20190603,000000,27.43,28.08,25.86,26.20,5017328,0
WKHS.US,D,20190603,000000,26.00,28.34,25.99,27.25,5247548,0
WKHS.US,D,20190603,000000,26.75,27.54,26.72,27.44,5757081,0
WKHS.US,D,20190604,000000,26.97,28.49,26.48,28.22,2585640,0
WKHS.US,D,20190605,000000,27.85,28.42,27.83,28.24,4994781,0
WKHS.US,D,20190606,000000,28.33,28.38,28.17,28.31,4390600,0
WKHS.US,D,20190607,000000,28.44,28.89,28.01,28.79,4251159,0
WKHS.US,D,20190610,000000,28.60,28.79,28.53,28.74,6786947,0
WKHS.US,D,20190610,000000,29.32,29.41,29.08,29.26,6024274,0
WKHS.US,D,20190610,000000,29.58,31.12,28.55,31.10,4982703,0
WKHS.US,D,20190611,000000,31.50,33.19,31.49,32.86,5885546,0
WKHS.US,D,20190612,000000,33.09,33.20,32.43,32.73,5233837,0
WKHS.US,D,20190613,000000,32.98,33.68,32.92,33.42,6289255,0
WKHS.US,D,20190614,000000,32.76,33.09,31.74,32.00,3031670,0
WKHS.US,D,20190617,000000,32.68,33.66,32.63,33.54,3319237,0
WKHS.US,D,20190617,000000,34.23,34.87,34.02,34.25,2839787,0
WKHS.US,D,20190617,000000,34.14,34.32,33.67,33.77,4602861,0
WKHS.US,D,20190618,000000,34.53,35.16,32.06,32.49,6248740,0
WKHS.US,D,20190619,000000,32.56,32.64,32.12,32.18,3366531,0
WKHS.US,D,20190620,000000,32.23,34.19,31.92,33.60,6515574,0
WKHS.US,D,20190621,000000,33.99,34.22,32.39,32.82,10299976,0
WKHS.US,D,20190624,000000,32.89,33.15,31.45,31.45,17689789,0
WKHS.US,D,20190624,000000,31.74,31.92,29.78,30.04,15542851,0
WKHS.US,D,20190624,000000,30.23,31.01,29.04,29.11,25410409,0
WKHS.US,D,20190625,000000,29.47,29.97,27.20,27.71,24475287,0
WKHS.US,D,20190626,000000,27.80,27.98,25.68,25.96,31162885,0
WKHS.US,D,20190627,000000,25.79,26.09,23.26,23.94,23684176,0
WKHS.US,D,20190628,000000,24.06,24.07,23.36,23.46,2879432,0
WKHS.US,D,20190701,000000,23.63,24.02,22.53,22.84,5583088,0
WKHS.US,D,20190701,000000,22.84,24.16,22.54,24.03,2973357,0
WKHS.US,D,20190701,000000,23.87,25.20,23.66,24.77,3846997,0
WKHS.US,D,20190702,000000,25.21,25.97,21.45,22.24,6949037,0
WKHS.US,D,20190703,000000,22.02,23.17,21.85,22.79,5389763,0
WKHS.US,D,20190704,000000,22.58,22.61,22.52,22.52,5358060,0
WKHS.US,D,20190705,000000,22.43,22.58,22.42,22.56,5028423,0
WKHS.US,D,20190708,000000,22.80,24.49,22.63,24.22,4249541,0
WKHS.US,D,20190708,000000,24.54,24.58,23.35,23.86,4462764,0
WKHS.US,D,20190708,000000,23.62,25.05,23.40,24.75,4759681,0
WKHS.US,D,20190709,000000,24.70,26.24,24.38,25.52,7153818,0
WKHS.US,D,20190710,000000,25.08,25.15,24.69,24.73,6285530,0
WKHS.US,D,20190711,000000,24.85,25.09,23.81,24.19,5760854,0
WKHS.US,D,20190712,000000,23.59,25.34,23.54,25.08,5141718,0
WKHS.US,D,20190715,000000,24.89,26.82,24.77,25.89,6607696,0
WKHS.US,D,20190715,000000,25.52,25.61,24.59,24.83,2778166,0
WKHS.US,D,20190715,000000,25.11,25.12,23.95,24.24,6351545,0
WKHS.US,D,20190716,000000,24.17,25.11,24.16,25.00,3810465,0
WKHS.US,D,20190717,000000,25.17,25.19,23.19,23.93,5630420,0
WKHS.US,D,20190718,000000,23.87,23.95,23.75,23.86,3006311,0
WKHS.US,D,20190719,000000,23.40,24.75,23.36,24.26,5233700,0
WKHS.US,D,20190722,000000,24.60,24.62,24.54,24.56,3051524,0
WKHS.US,D,20190722,000000,24.44,24.47,23.97,24.03,2770464,0
WKHS.US,D,20190722,000000,24.17,24.37,24.01,24.31,2799825,0
WKHS.US,D,20190723,000000,24.14,24.37,24.05,24.36,4431823,0
WKHS.US,D,20190724,000000,24.50,24.75,24.31,24.62,7489997,0
WKHS.US,D,20190725,000000,23.99,25.32,23.80,25.18,5374698,0
WKHS.US,D,20190726,000000,25.27,27.19,25.05,26.64,2576117,0
WKHS.US,D,20190729,000000,26.81,28.10,26.51,28.02,7014278,0
WKHS.US,D,20190729,000000,28.26,28.99,28.10,28.70,6285932,0
WKHS.US,D,20190729,000000,29.48,29.97,29.43,29.67,4285553,0
WKHS.US,D,20190730,000000,29.60,30.27,29.38,29.75,6853635,0
WKHS.US,D,20190731,000000,29.46,29.96,28.25,28.52,5198247,0
WKHS.US,D,20190801,000000,28.76,29.12,26.08,27.00,4246448,0
WKHS.US,D,20190802,000000,27.49,29.04,23.69,24.52,4292319,0
WKHS.US,D,20190805,000000,25.10,25.64,21.63,23.08,3404797,0
WKHS.US,D,20190805,000000,23.02,24.19,22.69,24.10,6280727,0
WKHS.US,D,20190805,000000,24.49,25.21,24.03,24.75,4754870,0
WKHS.US,D,20190806,000000,25.06,25.75,24.94,25.42,7298202,0
WKHS.US,D,20190807,000000,25.53,25.60,25.51,25.58,6117278,0
WKHS.US,D,20190808,000000,25.92,27.84,25.70,26.94,4712049,0
WKHS.US,D,20190809,000000,27.49,28.95,26.79,28.76,5019911,0
WKHS.US,D,20190812,000000,29.02,30.87,28.56,30.17,2775719,0
WKHS.US,D,20190812,000000,30.63,30.66,27.47,29.11,5890099,0
WKHS.US,D,20190812,000000,28.36,30.72,26.91,30.62,4648587,0
WKHS.US,D,20190813,000000,30.44,32.32,30.27,31.97,4460517,0
WKHS.US,D,20190814,000000,32.05,32.99,28.71,29.44,6615481,0
WKHS.US,D,20190815,000000,29.53,33.20,29.25,32.44,5692353,0
WKHS.US,D,20190816,000000,32.16,32.81,29.44,30.34,3407734,0
WKHS.US,D,20190819,000000,30.00,30.39,28.90,29.21,2744605,0
WKHS.US,D,20190819,000000,28.92,29.63,24.31,26.01,4630250,0
WKHS.US,D,20190819,000000,25.81,26.03,23.64,24.38,2539527,0
WKHS.US,D,20190820,000000,24.31,24.54,24.22,24.47,5590982,0
WKHS.US,D,20190821,000000,23.65,27.77,23.35,27.10,2928567,0
WKHS.US,D,20190822,000000,27.12,29.13,27.03,29.10,4960508,0
WKHS.US,D,20190823,000000,29.08,31.27,28.67,30.81,6956802,0
WKHS.US,D,20190826,000000,30.81,32.62,30.74,31.72,3344424,0
WKHS.US,D,20190826,000000,31.06,31.36,30.94,31.30,5498737,0
WKHS.US,D,20190826,000000,30.41,30.61,29.78,29.90,3191666,0
WKHS.US,D,20190827,000000,29.86,30.02,27.49,28.68,4585902,0
WKHS.US,D,20190828,000000,28.41,31.69,27.70,30.73,6125515,0
WKHS.US,D,20190829,000000,30.54,30.58,30.21,30.30,6881701,0
WKHS.US,D,20190830,000000,29.41,30.05,29.37,29.93,3718194,0
WKHS.US,D,20190902,000000,28.83,35.63,28.60,32.40,6634808,0
WKHS.US,D,20190902,000000,31.85,33.80,31.80,33.52,3367017,0
WKHS.US,D,20190902,000000,33.75,34.96,33.01,34.72,5650205,0
WKHS.US,D,20190903,000000,34.37,35.33,34.30,34.87,6486990,0
WKHS.US,D,20190904,000000,35.32,35.42,34.19,34.65,2717220,0
WKHS.US,D,20190905,000000,34.77,34.98,34.52,34.89,2511186,0
WKHS.US,D,20190906,000000,35.08,35.08,34.74,34.99,5995776,0
WKHS.US,D,20190909,000000,35.15,35.22,34.59,34.62,5374579,0
WKHS.US,D,20190909,000000,33.98,35.98,33.13,35.74,3711233,0
WKHS.US,D,20190909,000000,35.51,35.64,33.99,34.25,5143471,0
WKHS.US,D,20190910,000000,34.46,34.67,33.62,33.78,6087979,0
WKHS.US,D,20190911,000000,33.83,36.11,33.16,35.57,6202058,0
WKHS.US,D,20190912,000000,35.41,35.65,34.89,34.90,7062398,0
WKHS.US,D,20190913,000000,34.93,35.83,30.92,32.01,2592420,0
WKHS.US,D,20190916,000000,31.90,32.65,29.00,29.34,7289088,0
WKHS.US,D,20190916,000000,29.29,29.45,28.78,28.81,2905692,0
WKHS.US,D,20190916,000000,28.46,28.59,27.98,28.14,3848160,0
WKHS.US,D,20190917,000000,28.07,29.41,25.92,26.13,7458884,0
WKHS.US,D,20190918,000000,26.26,27.46,25.54,27.38,5339795,0
WKHS.US,D,20190919,000000,27.34,27.37,26.15,26.56,6403287,0
WKHS.US,D,20190920,000000,26.39,27.80,26.09,27.46,4887338,0
WKHS.US,D,20190923,000000,26.91,27.89,26.66,27.56,2696333,0
WKHS.US,D,20190923,000000,27.32,28.06,27.23,27.96,2776608,0
WKHS.US,D,20190923,000000,27.35,27.45,26.54,26.99,5896672,0
WKHS.US,D,20190924,000000,27.32,28.86,27.04,28.34,6506999,0
WKHS.US,D,20190925,000000,28.13,28.38,28.02,28.33,4643499,0
WKHS.US,D,20190926,000000,27.91,30.71,27.87,29.39,2815540,0
WKHS.US,D,20190927,000000,29.29,29.33,28.37,28.75,6056283,0
WKHS.US,D,20190930,000000,28.64,28.81,27.43,27.65,5955525,0
WKHS.US,D,20190930,000000,27.85,27.89,27.27,27.60,4969233,0
WKHS.US,D,20190930,000000,27.45,27.47,26.91,27.10,2646715,0
WKHS.US,D,20191001,000000,27.17,27.46,27.08,27.42,3074737,0
WKHS.US,D,20191002,000000,26.82,27.82,26.71,27.71,5260265,0
WKHS.US,D,20191003,000000,27.87,27.97,27.02,27.31,5972345,0
WKHS.US,D,20191004,000000,27.51,27.57,27.32,27.37,4783037,0
WKHS.US,D,20191007,000000,27.05,27.18,26.32,26.49,3869621,0
WKHS.US,D,20191007,000000,26.35,26.95,26.19,26.66,7289763,0
WKHS.US,D,20191007,000000,26.68,26.83,26.05,26.24,3989234,0
WKHS.US,D,20191008,000000,26.36,27.71,26.33,27.32,3681475,0
WKHS.US,D,20191009,000000,27.38,27.54,27.38,27.52,5349986,0
WKHS.US,D,20191010,000000,27.30,27.84,27.28,27.80,6454825,0
WKHS.US,D,20191011,000000,27.56,27.57,27.55,27.56,6481627,0
WKHS.US,D,20191014,000000,27.49,28.01,27.36,27.80,3748769,0
WKHS.US,D,20191014,000000,27.74,28.25,27.55,27.82,3818940,0
WKHS.US,D,20191014,000000,27.94,28.13,27.17,27.31,4636485,0
WKHS.US,D,20191015,000000,27.62,27.63,25.51,26.19,4438283,0
WKHS.US,D,20191016,000000,26.10,26.17,25.98,26.02,6876684,0
WKHS.US,D,20191017,000000,26.06,26.93,25.92,26.61,2760713,0
WKHS.US,D,20191018,000000,26.53,26.63,25.53,25.56,3129762,0
WKHS.US,D,20191021,000000,25.61,26.54,25.52,26.36,6328699,0
WKHS.US,D,20191021,000000,26.39,26.59,26.38,26.47,6355570,0
WKHS.US,D,20191021,000000,26.39,27.29,26.38,27.03,5401824,0
WKHS.US,D,20191022,000000,26.89,26.91,26.14,26.53,5997109,0
WKHS.US,D,20191023,000000,26.72,26.74,26.63,26.65,6121283,0
WKHS.US,D,20191024,000000,26.58,27.79,26.16,27.63,6575677,0
WKHS.US,D,20191025,000000,27.84,28.09,26.51,26.97,7253801,0
WKHS.US,D,20191028,000000,27.19,27.33,26.41,26.53,6734353,0
WKHS.US,D,20191028,000000,26.49,26.52,26.09,26.24,4587472,0
WKHS.US,D,20191028,000000,26.45,26.51,26.06,26.29,5013270,0
WKHS.US,D,20191029,000000,26.38,26.81,26.27,26.80,4248194,0
WKHS.US,D,20191030,000000,27.12,27.45,26.21,26.43,4426458,0
WKHS.US,D,20191031,000000,26.38,26.39,26.36,26.38,6921641,0
WKHS.US,D,20191101,000000,26.19,26.44,26.17,26.37,7399431,0
WKHS.US,D,20191104,000000,26.32,26.36,25.86,26.04,5044203,0
WKHS.US,D,20191104,000000,26.12,26.85,26.09,26.70,5082049,0
WKHS.US,D,20191104,000000,26.75,26.81,26.52,26.66,4540532,0
WKHS.US,D,20191105,000000,26.42,26.60,26.39,26.44,7456471,0
WKHS.US,D,20191106,000000,26.43,26.56,26.18,26.26,5862855,0
WKHS.US,D,20191107,000000,26.27,26.55,25.47,25.73,4665744,0
WKHS.US,D,20191108,000000,25.70,26.76,25.59,26.40,3715754,0
WKHS.US,D,20191111,000000,26.25,26.29,26.04,26.10,7056496,0
WKHS.US,D,20191111,000000,26.45,26.56,26.32,26.35,2697892,0
WKHS.US,D,20191111,000000,26.30,26.32,25.98,26.09,2506890,0
WKHS.US,D,20191112,000000,25.71,25.75,25.64,25.70,6583733,0
WKHS.US,D,20191113,000000,25.69,26.16,25.45,26.02,6782960,0
WKHS.US,D,20191114,000000,26.00,26.16,25.98,26.13,6377161,0
WKHS.US,D,20191115,000000,26.03,26.06,25.69,25.85,6875381,0
WKHS.US,D,20191118,000000,25.67,25.76,25.39,25.43,6906452,0
WKHS.US,D,20191118,000000,25.50,25.55,24.82,24.99,3505436,0
WKHS.US,D,20191118,000000,24.97,25.64,24.85,25.56,5471964,0
WKHS.US,D,20191119,000000,25.43,25.53,24.43,24.81,6722017,0
WKHS.US,D,20191120,000000,24.90,24.91,24.83,24.85,5867414,0
WKHS.US,D,20191121,000000,24.62,24.68,24.29,24.46,2957400,0
WKHS.US,D,20191122,000000,24.38,24.74,24.30,24.71,3495960,0
WKHS.US,D,20191125,000000,24.93,25.01,23.69,24.02,5666715,0
WKHS.US,D,20191125,000000,24.08,24.44,24.05,24.26,4931925,0
WKHS.US,D,20191125,000000,24.12,24.45,24.06,24.31,4565942,0
WKHS.US,D,20191126,000000,24.27,24.78,24.20,24.62,3168474,0
WKHS.US,D,20191127,000000,24.60,24.60,24.60,24.60,7112635,0
WKHS.US,D,20191128,000000,24.60,24.80,24.01,24.02,7170771,0
WKHS.US,D,20191129,000000,24.15,24.18,24.05,24.12,4461083,0
WKHS.US,D,20191202,000000,24.23,24.34,24.20,24.32,6872343,0
WKHS.US,D,20191202,000000,24.00,24.61,23.89,24.46,7491859,0
WKHS.US,D,20191202,000000,24.46,25.01,24.36,24.75,6034101,0
WKHS.US,D,20191203,000000,25.18,25.20,25.09,25.14,7228202,0
WKHS.US,D,20191204,000000,24.94,24.98,24.92,24.97,2923873,0
WKHS.US,D,20191205,000000,24.92,25.81,24.90,25.68,7186629,0
WKHS.US,D,20191206,000000,25.60,25.99,25.53,25.93,3566652,0
WKHS.US,D,20191209,000000,25.88,25.94,25.86,25.93,4588226,0
WKHS.US,D,20191209,000000,26.03,26.26,26.00,26.13,7310995,0
WKHS.US,D,20191209,000000,26.03,26.16,25.97,26.12,5063944,0
WKHS.US,D,20191210,000000,26.08,26.74,25.93,26.57,5883891,0
WKHS.US,D,20191211,000000,26.55,26.61,26.30,26.37,7317130,0
WKHS.US,D,20191212,000000,26.36,26.45,25.79,25.95,3342439,0
WKHS.US,D,20191213,000000,25.97,25.98,25.93,25.95,4636996,0
WKHS.US,D,20191216,000000,26.14,26.22,25.89,25.93,3233653,0
WKHS.US,D,20191216,000000,26.07,27.22,25.99,27.02,6587192,0
WKHS.US,D,20191216,000000,27.19,27.27,26.96,27.00,7266220,0
WKHS.US,D,20191217,000000,26.60,26.62,26.52,26.52,6506856,0
WKHS.US,D,20191218,000000,26.40,26.40,24.51,25.40,3571375,0
WKHS.US,D,20191219,000000,25.03,25.31,24.47,24.54,7033869,0
WKHS.US,D,20191220,000000,24.75,24.93,23.92,24.08,7036829,0
WKHS.US,D,20191223,000000,23.97,23.98,23.76,23.79,2572602,0
WKHS.US,D,20191223,000000,23.75,23.93,23.41,23.50,6521095,0
WKHS.US,D,20191223,000000,23.48,23.57,23.19,23.42,4489746,0
WKHS.US,D,20191224,000000,23.35,23.66,21.95,22.03,7143068,0
WKHS.US,D,20191225,000000,21.82,22.05,21.23,21.29,4876734,0
WKHS.US,D,20191226,000000,21.44,21.52,21.20,21.35,3264488,0
WKHS.US,D,20191227,000000,21.38,22.30,21.20,22.22,6183543,0
WKHS.US,D,20191230,000000,22.74,23.45,21.11,21.25,3662323,0
WKHS.US,D,20191230,000000,21.24,21.40,20.25,20.48,3037800,0
WKHS.US,D,20191230,000000,20.43,20.46,20.26,20.27,6784362,0
WKHS.US,D,20191231,000000,20.01,20.93,19.81,20.69,4770932,0
WKHS.US,D,20200101,000000,20.66,22.10,20.15,21.78,7054883,0
WKHS.US,D,20200102,000000,22.06,22.41,21.49,21.52,4343841,0
WKHS.US,D,20200103,000000,21.57,21.73,19.88,20.47,5143099,0
WKHS.US,D,20200106,000000,20.83,21.36,20.77,21.33,4713123,0
WKHS.US,D,20200106,000000,21.22,21.35,19.84,20.12,3502344,0
WKHS.US,D,20200106,000000,20.09,20.11,20.08,20.09,4296367,0
WKHS.US,D,20200107,000000,20.31,20.51,19.28,19.51,5546667,0
WKHS.US,D,20200108,000000,19.42,19.60,19.31,19.55,7294973,0
WKHS.US,D,20200109,000000,19.67,21.19,19.53,20.79,5607365,0
WKHS.US,D,20200110,000000,20.52,21.21,20.30,21.05,3316924,0
WKHS.US,D,20200113,000000,21.29,21.47,20.94,21.25,5704667,0
WKHS.US,D,20200113,000000,21.26,21.39,20.67,20.82,4481279,0
WKHS.US,D,20200113,000000,20.77,20.81,20.54,20.58,6996403,0
WKHS.US,D,20200114,000000,20.80,20.95,20.29,20.34,6870564,0
WKHS.US,D,20200115,000000,20.30,20.66,20.11,20.62,3660910,0
WKHS.US,D,20200116,000000,20.53,20.76,20.51,20.57,5573921,0
WKHS.US,D,20200117,000000,20.59,20.65,20.40,20.44,4889681,0
WKHS.US,D,20200120,000000,20.09,20.10,19.75,19.83,4732131,0
WKHS.US,D,20200120,000000,20.19,20.30,19.81,19.86,6418544,0
WKHS.US,D,20200120,000000,20.01,20.23,19.93,20.20,6827246,0
WKHS.US,D,20200121,000000,19.78,19.85,19.59,19.66,4444176,0
WKHS.US,D,20200122,000000,19.60,20.50,19.59,20.27,7249150,0
WKHS.US,D,20200123,000000,20.40,20.72,20.17,20.62,4407007,0
WKHS.US,D,20200124,000000,20.42,20.80,19.62,19.78,5924390,0
WKHS.US,D,20200127,000000,19.94,20.10,19.90,20.01,6167624,0
WKHS.US,D,20200127,000000,20.23,20.24,19.76,19.95,7385994,0
WKHS.US,D,20200127,000000,19.90,20.38,18.63,18.97,4878331,0
WKHS.US,D,20200128,000000,19.23,20.19,19.04,20.17,4630628,0
WKHS.US,D,20200129,000000,20.12,20.52,20.11,20.43,3876746,0
WKHS.US,D,20200130,000000,20.48,21.40,20.31,21.26,3383315,0
WKHS.US,D,20200131,000000,21.04,23.75,20.34,23.10,6833906,0
WKHS.US,D,20200203,000000,23.07,23.46,23.04,23.31,4761706,0
WKHS.US,D,20200203,000000,23.12,23.28,22.74,22.97,5476297,0
WKHS.US,D,20200203,000000,23.06,23.48,23.06,23.26,3619561,0
WKHS.US,D,20200204,000000,23.60,24.04,23.48,23.98,6680819,0
WKHS.US,D,20200205,000000,24.02,24.40,23.98,24.29,6839234,0
WKHS.US,D,20200206,000000,24.31,24.74,24.20,24.67,3574973,0
WKHS.US,D,20200207,000000,24.60,25.29,24.59,25.06,6058670,0
WKHS.US,D,20200210,000000,25.32,25.44,23.81,24.45,6677038,0
WKHS.US,D,20200210,000000,24.29,25.00,24.23,24.81,2978910,0
WKHS.US,D,20200210,000000,24.62,25.10,24.55,24.92,6302935,0
WKHS.US,D,20200211,000000,25.14,25.18,24.98,24.99,5529683,0
WKHS.US,D,20200212,000000,24.94,25.09,23.96,24.11,3167569,0
WKHS.US,D,20200213,000000,23.73,23.90,22.91,23.36,5689867,0
WKHS.US,D,20200214,000000,23.45,24.84,23.43,24.59,5738419,0
WKHS.US,D,20200217,000000,25.10,25.74,24.93,25.45,3947858,0
WKHS.US,D,20200217,000000,25.86,26.02,24.23,24.88,2776603,0
WKHS.US,D,20200217,000000,25.01,25.62,24.87,25.35,4173871,0
WKHS.US,D,20200218,000000,25.37,25.48,24.70,24.71,6999465,0
WKHS.US,D,20200219,000000,24.88,24.99,22.45,23.35,7296927,0
WKHS.US,D,20200220,000000,23.63,25.57,23.05,24.78,3241104,0
WKHS.US,D,20200221,000000,24.90,25.00,24.90,24.98,6919447,0
WKHS.US,D,20200224,000000,24.21,24.21,24.11,24.14,3262647,0
WKHS.US,D,20200224,000000,24.46,24.55,22.70,23.54,7070453,0
WKHS.US,D,20200224,000000,23.35,23.43,22.47,22.75,5389658,0
WKHS.US,D,20200225,000000,22.26,22.53,21.91,22.13,4324231,0
WKHS.US,D,20200226,000000,22.93,23.05,21.12,21.28,6056277,0
WKHS.US,D,20200227,000000,21.15,21.46,21.05,21.20,4668264,0
WKHS.US,D,20200228,000000,21.38,21.44,19.24,19.86,2959427,0
WKHS.US,D,20200302,000000,19.42,21.09,19.18,20.93,5548106,0
WKHS.US,D,20200302,000000,20.80,21.03,20.37,20.53,2929794,0
WKHS.US,D,20200302,000000,20.48,20.60,19.73,19.93,3730864,0
WKHS.US,D,20200303,000000,19.61,20.83,19.38,20.59,6486657,0
WKHS.US,D,20200304,000000,20.05,21.53,19.65,21.34,6826342,0
WKHS.US,D,20200305,000000,21.20,21.49,21.12,21.18,4270095,0
WKHS.US,D,20200306,000000,21.67,21.99,19.25,19.59,4870929,0
WKHS.US,D,20200309,000000,19.25,20.52,19.18,20.10,2993795,0
WKHS.US,D,20200309,000000,20.57,20.75,19.81,19.98,6612173,0
WKHS.US,D,20200309,000000,19.75,20.00,18.27,18.77,3738599,0
WKHS.US,D,20200310,000000,18.27,18.40,18.05,18.23,4120462,0
WKHS.US,D,20200311,000000,17.93,18.92,17.85,18.65,6316383,0
WKHS.US,D,20200312,000000,18.64,20.17,18.44,19.24,6831033,0
WKHS.US,D,20200313,000000,19.65,19.99,18.95,19.08,7458734,0
WKHS.US,D,20200316,000000,19.45,20.31,19.40,20.27,6722523,0
WKHS.US,D,20200316,000000,19.61,21.47,19.42,21.23,4519331,0
WKHS.US,D,20200316,000000,20.60,22.37,20.46,21.62,6047990,0
WKHS.US,D,20200317,000000,21.57,21.92,20.35,20.51,6170091,0
WKHS.US,D,20200318,000000,20.03,22.18,19.79,21.69,4393233,0
WKHS.US,D,20200319,000000,22.35,22.48,21.37,21.50,6243804,0
WKHS.US,D,20200320,000000,21.76,21.79,20.99,21.33,2814260,0
WKHS.US,D,20200323,000000,21.71,22.42,21.62,22.05,4898024,0
WKHS.US,D,20200323,000000,21.81,24.96,21.62,24.25,5509289,0
WKHS.US,D,20200323,000000,24.07,24.54,23.53,24.43,3440206,0
WKHS.US,D,20200324,000000,25.60,26.56,20.67,21.43,6738240,0
WKHS.US,D,20200325,000000,22.06,24.03,21.97,23.83,6746372,0
WKHS.US,D,20200326,000000,24.34,26.18,24.14,25.43,4816826,0
WKHS.US,D,20200327,000000,26.03,26.65,19.70,22.22,5656272,0
WKHS.US,D,20200330,000000,22.09,22.44,20.17,20.28,4713832,0
WKHS.US,D,20200330,000000,19.96,20.01,18.36,19.46,6099444,0
WKHS.US,D,20200330,000000,19.53,20.57,19.48,20.49,6194603,0
WKHS.US,D,20200331,000000,20.51,20.96,17.73,18.18,5732008,0
WKHS.US,D,20200401,000000,18.42,18.54,18.10,18.13,6617925,0
WKHS.US,D,20200402,000000,18.05,19.33,17.85,18.60,5471072,0
WKHS.US,D,20200403,000000,18.29,24.20,17.45,22.20,6881987,0
WKHS.US,D,20200406,000000,21.73,22.35,19.08,19.12,4151916,0
WKHS.US,D,20200406,000000,19.61,19.63,19.45,19.46,5385704,0
WKHS.US,D,20200406,000000,19.30,21.34,19.04,20.91,4743953,0
WKHS.US,D,20200407,000000,20.10,20.16,19.46,19.64,5765240,0
WKHS.US,D,20200408,000000,19.24,19.72,19.04,19.67,5824535,0
WKHS.US,D,20200409,000000,19.96,20.78,19.90,20.65,4049362,0
WKHS.US,D,20200410,000000,20.67,21.50,20.44,21.41,3008775,0
WKHS.US,D,20200413,000000,21.76,22.16,20.36,20.42,6532825,0
WKHS.US,D,20200413,000000,20.39,20.60,19.72,19.98,5269983,0
WKHS.US,D,20200413,000000,19.90,20.11,19.21,19.70,7262760,0
WKHS.US,D,20200414,000000,20.22,22.08,19.84,22.00,7050731,0
WKHS.US,D,20200415,000000,22.23,22.68,22.13,22.34,6010589,0
WKHS.US,D,20200416,000000,22.76,24.88,22.57,24.32,5510889,0
WKHS.US,D,20200417,000000,23.63,25.55,23.49,25.48,4228849,0
WKHS.US,D,20200420,000000,25.21,26.68,24.83,26.43,6121701,0
WKHS.US,D,20200420,000000,25.69,30.35,25.66,29.99,4176265,0
WKHS.US,D,20200420,000000,30.24,30.59,29.46,29.60,2947646,0
WKHS.US,D,20200421,000000,29.59,32.98,29.12,32.60,4423830,0
WKHS.US,D,20200422,000000,33.49,35.48,33.40,35.16,3308721,0
WKHS.US,D,20200423,000000,34.03,42.00,33.03,40.37,4718410,0
WKHS.US,D,20200424,000000,39.73,39.98,37.15,38.94,6682158,0
WKHS.US,D,20200427,000000,40.34,41.29,39.73,40.23,4713937,0
WKHS.US,D,20200427,000000,41.00,41.85,40.82,41.56,4742054,0
WKHS.US,D,20200427,000000,40.86,41.07,39.82,39.95,4783532,0
WKHS.US,D,20200428,000000,39.64,42.20,38.79,41.61,4216894,0
WKHS.US,D,20200429,000000,40.19,44.00,39.68,43.49,6172952,0
WKHS.US,D,20200430,000000,42.66,44.41,42.41,43.51,6520713,0
WKHS.US,D,20200501,000000,44.53,45.51,41.50,41.71,5587568,0
WKHS.US,D,20200504,000000,42.15,42.27,37.91,39.02,4731514,0
WKHS.US,D,20200504,000000,39.71,40.27,38.92,40.06,2841686,0
WKHS.US,D,20200504,000000,40.44,41.63,39.58,41.48,6046292,0
WKHS.US,D,20200505,000000,41.61,42.65,36.83,37.64,6760969,0
WKHS.US,D,20200506,000000,38.26,39.60,38.17,39.16,4910490,0
WKHS.US,D,20200507,000000,39.42,39.48,38.15,38.35,4768837,0
WKHS.US,D,20200508,000000,38.57,42.05,37.88,40.58,7112233,0
WKHS.US,D,20200511,000000,40.01,40.55,39.66,40.37,3562031,0
WKHS.US,D,20200511,000000,40.58,40.66,40.31,40.37,5032542,0
WKHS.US,D,20200511,000000,40.23,41.20,39.28,39.32,7956750,0
WKHS.US,D,20200512,000000,39.20,39.38,37.70,38.20,7302207,0
WKHS.US,D,20200513,000000,38.54,38.89,36.18,36.76,13396346,0
WKHS.US,D,20200514,000000,36.84,36.85,33.68,35.13,14125231,0
WKHS.US,D,20200515,000000,35.19,35.96,33.06,33.88,11319900,0
WKHS.US,D,20200518,000000,33.73,34.12,32.07,32.36,21606229,0
WKHS.US,D,20200518,000000,32.22,32.46,29.97,30.54,21825816,0
WKHS.US,D,20200518,000000,31.08,31.22,27.64,28.76,12499820,0
WKHS.US,D,20200519,000000,28.73,28.83,27.21,27.68,17276872,0
WKHS.US,D,20200520,000000,27.64,27.82,25.19,25.61,17786497,0
WKHS.US,D,20200521,000000,25.79,26.15,23.69,23.97,31315626,0
WKHS.US,D,20200522,000000,24.20,24.86,20.88,22.39,19423983,0
WKHS.US,D,20200525,000000,22.66,23.37,20.88,21.36,13507363,0
WKHS.US,D,20200525,000000,21.34,21.40,19.55,20.00,23076879,0
WKHS.US,D,20200525,000000,19.90,19.94,19.27,19.40,6208658,0
WKHS.US,D,20200526,000000,19.13,19.24,19.12,19.23,7411001,0
WKHS.US,D,20200527,000000,19.04,19.30,19.04,19.25,3099993,0
WKHS.US,D,20200528,000000,19.23,19.55,19.11,19.39,6128741,0
WKHS.US,D,20200529,000000,19.62,21.06,19.61,21.01,6342899,0
WKHS.US,D,20200601,000000,20.83,22.95,19.87,22.47,2975399,0
WKHS.US,D,20200601,000000,22.12,22.16,21.89,21.91,2774468,0
WKHS.US,D,20200601,000000,21.56,22.47,21.27,21.98,6869197,0
WKHS.US,D,20200602,000000,21.46,23.15,21.14,22.38,4947401,0
WKHS.US,D,20200603,000000,22.46,23.49,22.12,23.36,6932782,0
WKHS.US,D,20200604,000000,23.51,23.53,22.84,22.99,4365640,0
WKHS.US,D,20200605,000000,23.17,25.83,22.44,25.46,6606329,0
WKHS.US,D,20200608,000000,25.87,26.71,25.40,26.48,4172983,0
WKHS.US,D,20200608,000000,25.87,29.72,25.50,28.03,4011915,0
WKHS.US,D,20200608,000000,28.08,28.69,27.95,28.35,4070257,0
WKHS.US,D,20200609,000000,28.42,28.55,27.80,27.83,6596221,0
WKHS.US,D,20200610,000000,28.08,28.41,22.45,25.10,2934098,0
WKHS.US,D,20200611,000000,25.23,25.42,22.34,22.80,7323550,0
WKHS.US,D,20200612,000000,22.52,22.53,21.99,22.05,6898793,0
WKHS.US,D,20200615,000000,22.68,23.15,20.91,21.42,3415933,0
WKHS.US,D,20200615,000000,21.43,21.50,19.96,20.64,3552076,0
WKHS.US,D,20200615,000000,20.65,20.70,20.30,20.35,5648008,0
WKHS.US,D,20200616,000000,20.76,21.07,19.59,19.60,3491910,0
WKHS.US,D,20200617,000000,19.49,20.05,18.51,18.75,5191358,0
WKHS.US,D,20200618,000000,18.68,21.55,18.02,20.32,5385773,0
WKHS.US,D,20200619,000000,20.24,21.48,19.85,21.38,5326761,0
WKHS.US,D,20200622,000000,21.22,21.22,21.04,21.17,3868727,0
WKHS.US,D,20200622,000000,21.14,21.20,19.56,19.70,4638995,0
WKHS.US,D,20200622,000000,19.63,19.80,19.57,19.70,4283968,0
WKHS.US,D,20200623,000000,19.63,20.84,19.56,20.51,4966538,0
WKHS.US,D,20200624,000000,20.69,21.70,20.46,21.49,4290920,0
WKHS.US,D,20200625,000000,21.26,21.90,21.08,21.56,5211424,0
WKHS.US,D,20200626,000000,21.72,22.12,21.67,22.06,7273217,0
WKHS.US,D,20200629,000000,22.53,22.75,20.49,21.28,2788748,0
WKHS.US,D,20200629,000000,21.72,21.74,21.06,21.28,2539701,0
WKHS.US,D,20200629,000000,21.04,21.22,20.88,21.16,6680337,0
WKHS.US,D,20200630,000000,21.03,22.18,20.92,21.97,5518681,0
WKHS.US,D,20200701,000000,21.90,21.97,21.79,21.89,7151831,0
WKHS.US,D,20200702,000000,21.84,22.00,21.47,21.48,4766594,0
WKHS.US,D,20200703,000000,21.47,21.88,21.44,21.86,5841027,0
WKHS.US,D,20200706,000000,21.61,22.41,18.73,19.87,4607593,0
WKHS.US,D,20200706,000000,20.06,20.52,18.65,19.20,2674919,0
WKHS.US,D,20200706,000000,19.62,19.74,19.12,19.22,5121373,0
WKHS.US,D,20200707,000000,18.94,18.97,18.56,18.72,5702289,0
WKHS.US,D,20200708,000000,18.61,18.70,18.06,18.29,5592329,0
WKHS.US,D,20200709,000000,18.45,18.47,18.09,18.27,6912721,0
WKHS.US,D,20200710,000000,18.20,19.28,17.97,18.98,3955298,0
WKHS.US,D,20200713,000000,19.08,19.22,18.01,18.25,2816098,0
WKHS.US,D,20200713,000000,17.87,18.41,17.82,18.32,6520635,0
WKHS.US,D,20200713,000000,18.54,18.56,18.27,18.30,7190852,0
WKHS.US,D,20200714,000000,18.39,18.49,18.00,18.15,3734122,0
WKHS.US,D,20200715,000000,18.11,18.23,18.10,18.20,5727578,0
WKHS.US,D,20200716,000000,18.24,18.99,18.21,18.74,5713561,0
WKHS.US,D,20200717,000000,18.62,18.68,18.43,18.44,5944963,0
WKHS.US,D,20200720,000000,18.56,18.62,17.13,17.51,4950756,0
WKHS.US,D,20200720,000000,17.37,17.86,17.27,17.85,7367423,0
WKHS.US,D,20200720,000000,17.90,17.91,17.83,17.86,6057064,0
WKHS.US,D,20200721,000000,17.87,18.29,17.82,18.19,4817226,0
WKHS.US,D,20200722,000000,18.09,18.23,18.09,18.21,5773307,0
WKHS.US,D,20200723,000000,18.14,18.17,18.06,18.09,7278180,0
WKHS.US,D,20200724,000000,18.04,18.16,17.75,17.85,4091469,0
WKHS.US,D,20200727,000000,17.92,17.96,17.75,17.79,7388960,0
WKHS.US,D,20200727,000000,17.66,17.74,17.64,17.73,6452376,0
WKHS.US,D,20200727,000000,17.90,18.44,17.89,18.32,5636668,0
WKHS.US,D,20200728,000000,18.33,18.40,17.80,17.85,6893840,0
WKHS.US,D,20200729,000000,17.85,17.92,17.82,17.88,6730871,0
WKHS.US,D,20200730,000000,18.09,18.42,17.03,17.42,5789650,0
WKHS.US,D,20200731,000000,17.43,17.78,17.36,17.76,4641176,0
WKHS.US,D,20200803,000000,17.64,17.85,16.46,16.89,4401612,0
WKHS.US,D,20200803,000000,16.93,17.14,16.42,16.55,4578804,0
WKHS.US,D,20200803,000000,16.49,16.95,16.42,16.89,4677809,0
WKHS.US,D,20200804,000000,16.87,16.92,16.74,16.75,6025973,0
WKHS.US,D,20200805,000000,16.84,16.86,15.70,16.06,4729993,0
WKHS.US,D,20200806,000000,16.12,16.12,16.00,16.01,3448951,0
WKHS.US,D,20200807,000000,15.98,16.20,15.97,16.19,5180458,0
WKHS.US,D,20200810,000000,16.16,16.21,16.10,16.19,6391469,0
WKHS.US,D,20200810,000000,16.22,16.35,15.65,15.80,3571738,0
WKHS.US,D,20200810,000000,15.73,16.00,15.60,15.85,6423142,0
WKHS.US,D,20200811,000000,15.83,15.99,15.80,15.98,3853000,0
WKHS.US,D,20200812,000000,15.97,16.01,15.72,15.76,5172529,0
WKHS.US,D,20200813,000000,15.77,15.78,15.56,15.57,4390124,0
WKHS.US,D,20200814,000000,15.45,15.81,15.34,15.75,5917267,0
WKHS.US,D,20200817,000000,15.78,15.78,15.76,15.78,3690920,0
WKHS.US,D,20200817,000000,15.72,15.75,15.51,15.56,2640080,0
WKHS.US,D,20200817,000000,15.55,15.56,15.42,15.45,4222116,0
WKHS.US,D,20200818,000000,15.52,15.60,15.37,15.39,6818131,0
WKHS.US,D,20200819,000000,15.39,15.47,15.38,15.42,5625284,0
WKHS.US,D,20200820,000000,15.41,15.43,15.17,15.25,3279931,0
WKHS.US,D,20200821,000000,15.21,15.22,15.18,15.19,4696524,0
WKHS.US,D,20200824,000000,15.17,15.42,15.06,15.42,3965397,0
WKHS.US,D,20200824,000000,15.37,15.51,15.36,15.44,3485034,0
WKHS.US,D,20200824,000000,15.43,15.55,15.37,15.51,4683800,0
WKHS.US,D,20200825,000000,15.55,15.91,15.47,15.88,6195805,0
WKHS.US,D,20200826,000000,15.94,16.01,15.43,15.63,6526003,0
WKHS.US,D,20200827,000000,15.70,15.72,15.21,15.31,4034346,0
WKHS.US,D,20200828,000000,15.22,15.54,15.19,15.47,7324725,0
WKHS.US,D,20200831,000000,15.61,15.69,14.47,15.07,6112323,0
WKHS.US,D,20200831,000000,15.03,15.31,15.01,15.13,4573354,0
WKHS.US,D,20200831,000000,15.08,15.32,15.07,15.25,5697518,0
WKHS.US,D,20200901,000000,15.28,15.29,14.94,15.06,6868386,0
WKHS.US,D,20200902,000000,15.02,15.86,14.93,15.57,2950516,0
WKHS.US,D,20200903,000000,15.33,15.37,15.22,15.27,5320370,0
WKHS.US,D,20200904,000000,15.10,15.59,15.04,15.53,6659287,0
WKHS.US,D,20200907,000000,15.26,15.36,14.86,15.02,7309524,0
WKHS.US,D,20200907,000000,14.94,15.01,14.16,14.40,5726035,0
WKHS.US,D,20200907,000000,14.46,14.47,14.14,14.20,6636808,0
WKHS.US,D,20200908,000000,14.19,14.20,13.47,13.59,4506294,0
WKHS.US,D,20200909,000000,13.52,13.55,13.30,13.38,7471909,0
WKHS.US,D,20200910,000000,13.48,13.59,13.47,13.52,5755685,0
WKHS.US,D,20200911,000000,13.60,13.63,13.31,13.35,5853112,0
WKHS.US,D,20200914,000000,13.26,13.70,13.12,13.65,7353736,0
WKHS.US,D,20200914,000000,13.70,13.70,13.67,13.67,5407314,0
WKHS.US,D,20200914,000000,13.75,13.77,13.42,13.45,2905836,0
WKHS.US,D,20200915,000000,13.32,13.49,13.28,13.41,5429888,0
WKHS.US,D,20200916,000000,13.29,13.51,13.22,13.46,6568775,0
WKHS.US,D,20200917,000000,13.44,13.63,13.41,13.61,3620422,0
WKHS.US,D,20200918,000000,13.47,13.49,13.19,13.38,2955794,0
WKHS.US,D,20200921,000000,13.42,13.49,12.78,12.98,6071676,0
WKHS.US,D,20200921,000000,12.94,12.98,12.75,12.77,5540440,0
WKHS.US,D,20200921,000000,12.74,12.83,12.49,12.50,6949917,0
WKHS.US,D,20200922,000000,12.30,12.45,11.91,11.95,5684293,0
WKHS.US,D,20200923,000000,11.99,12.16,11.98,12.15,5567608,0
WKHS.US,D,20200924,000000,12.09,12.11,11.94,12.01,5314130,0
WKHS.US,D,20200925,000000,11.97,12.32,11.80,12.21,2537169,0
WKHS.US,D,20200928,000000,12.49,12.59,11.83,11.98,3207534,0
WKHS.US,D,20200928,000000,11.90,11.98,11.56,11.62,2654130,0
WKHS.US,D,20200928,000000,11.62,11.87,11.60,11.80,5284371,0
WKHS.US,D,20200929,000000,11.95,11.98,11.50,11.56,6513256,0
WKHS.US,D,20200930,000000,11.45,12.01,11.32,11.94,2569972,0
